6822.74
3802.30
4181.07
1221.49
1588.67
1740.05
4905.83
5366.49
3535.03
151.44
2216.34
2041.03
3582.15
140.93
1476.72
1154.19
3434.04
7927.45
2650.94
2374.28
5530.72
2791.87
5863.83
2406.88
3418.63
1977.50
2796.09
-114.02
6661.38
8926.09
795.92
9964.61
9288.13
2616.27
2543.87
6872.37
1954.73
5178.28
8353.27
9544.37
8268.07
7590.81
9765.24
2447.70
7467.23
859.38
9514.67
4174.81
5949.87
7532.58
-821.00
4350.15
4925.99
3043.16
5287.73
-57.40
1167.32
4124.45
6648.84
7030.66
351.75
2847.41
4462.17
6676.81
4177.79
1090.19
5816.11
3413.30
322.88
1583.22
9119.81
714.40
3812.44
9690.09
4480.58
8072.95
6207.54
4135.60
7081.28
4078.24
49.33
2096.88
7189.89
3539.84
4023.24
-460.48
2714.18
9223.24
1065.85
3613.00
1746.51
3554.16
2795.88
7279.15
7682.49
-320.27
5130.72
986.65
3633.36
2822.62
5665.91
9047.96
3125.48
2944.86
3201.71
8178.82
3503.51
9475.53
6252.94
8227.15
1711.94
5456.23
4868.46
4258.56
5624.75
-887.13
3937.78
4261.66
2637.26
3471.46
9810.44
3142.99
274.73
6307.79
6109.06
9993.81
5045.82
4094.41
7749.65
6396.97
8866.87
6564.84
3297.68
4060.64
1128.18
6201.56
2563.13
470.11
1087.17
-959.54
7892.13
3048.52
7392.78
3418.25
6530.99
6303.84
5582.53
4675.57
7347.54
2084.77
1737.64
8530.63
9280.44
5417.72
6662.66
8363.80
-498.62
-383.01
6676.74
2986.13
3883.49
4838.54
7426.91
5117.77
3419.59
7012.46
2414.88
5783.09
9480.37
-312.74
-302.68
3762.01
9116.91
6905.80
2867.41
-498.18
6955.64
4556.08
1007.07
5773.79
7152.79
6952.58
8101.68
5002.76
6383.47
1988.31
8545.12
-98.19
8596.86
412.21
6881.80
6513.00
944.87
5333.45
9222.87
5852.29
6474.55
3791.08
2748.18
8566.91
3107.15
2785.57
-990.61
2731.72
6929.24
746.49
4179.42
6503.50
6385.11
7596.87
1718.87
926.96
1396.34
3232.98
5752.11
5700.67
-798.51
8430.75
2662.16
3819.92
3328.82
-601.14
3500.72
6648.39
-481.03
9171.91
7392.80
3817.45
5878.95
3464.51
2949.82
9534.05
-201.24
3689.51
590.26
7402.40
160.99
8708.19
1533.55
-586.78
2921.02
9534.60
9094.50
4302.76
544.88
3720.64
6848.92
3824.87
9635.32
7944.08
7189.16
2217.68
2536.54
4540.44
2141.83
3641.21
2745.56
8640.40
6302.82
-558.34
7978.09
6884.76
1250.24
769.23
1382.45
796.51
8931.26
-284.80
7325.92
1727.38
966.20
909.75
9085.69
-795.73
138.32
1630.27
7981.43
7932.58
887.02
1012.83
3647.76
2819.88
3780.95
8359.06
7861.35
2763.21
8214.04
1372.00
1128.54
1250.68
8092.65
7157.71
1653.89
8829.75
9731.63
9538.05
1115.42
799.77
8690.65
3812.06
3287.75
2256.07
9650.34
7384.42
5962.57
956.83
8324.04
2125.43
3030.68
4535.75
432.35
4498.90
8000.06
2068.31
39.62
3882.09
3201.66
7260.67
5147.89
3637.16
712.72
8638.69
-485.01
8417.08
3854.20
7600.71
127.66
9566.64
8606.09
1562.08
5810.11
1619.75
7032.26
5253.00
-837.99
4900.73
7511.96
4626.72
305.07
-700.44
6592.27
2328.21
1217.34
8703.68
2794.62
8096.08
9953.58
-86.67
4300.10
-202.84
9787.74
6594.16
1093.90
2054.93
6096.62
9867.36
2824.83
9936.97
6695.71
2770.66
1407.76
8183.17
-406.71
4303.68
4863.65
447.98
3058.61
1028.94
-600.63
1109.30
7980.77
7815.08
6091.27
8051.75
1879.66
8369.33
4315.50
5634.93
5311.48
2991.38
4130.88
4767.88
7822.51
-980.85
1787.35
7942.82
7994.64
-951.01
8319.55
3704.68
2513.86
8458.30
3690.84
889.31
6499.13
9957.09
3837.07
5601.73
8306.08
8382.42
4463.20
1999.94
5995.73
8334.10
6236.26
2932.37
2373.63
5595.13
7328.93
8437.26
2043.80
6076.98
9780.42
4529.97
2188.72
-224.07
4909.91
7930.59
453.34
5184.14
7870.52
2937.77
5034.73
4699.10
6695.14
4249.87
2556.95
6553.12
4249.15
1426.60
5794.53
3625.30
-548.32
271.95
3556.76
2448.53
-555.26
4640.57
2084.25
3919.26
1064.77
7472.45
464.28
2112.38
3662.69
885.97
5439.52
-907.12
8896.24
5150.67
6402.48
2561.25
1923.09
1415.38
4260.22
504.07
-163.61
9129.05
2062.45
540.63
9234.81
8506.61
1724.50
7631.19
6447.81
5331.06
2057.47
4899.74
1869.12
7336.39
1786.98
1666.17
6267.01
2647.85
5417.55
3773.48
3873.94
9240.63
7334.28
-676.62
12.91
5892.97
8139.66
5365.73
1888.31
-207.33
264.55
247.71
3142.77
7583.18
2563.89
2190.69
-100.41
4395.28
4425.40
4745.08
9487.31
6338.17
-380.31
8037.76
8746.26
3393.72
1228.47
8779.10
5482.91
2345.69
8959.98
9397.98
901.93
9608.34
5465.28
3028.09
5018.00
9583.62
7909.76
2347.87
1588.64
1161.00
7951.04
3151.12
4846.36
6834.61
5301.98
8398.05
3097.21
717.04
4288.12
7369.48
7894.33
7125.35
7798.77
6961.75
8132.21
1133.54
8305.82
4016.54
8028.85
1860.19
230.20
5860.08
5386.89
5422.53
-556.62
3850.21
6439.78
2487.85
256.56
8875.40
6970.57
2331.09
5643.77
-209.94
530.63
6193.73
2979.03
5555.69
4520.35
5440.38
2549.20
8422.39
5165.07
6279.31
441.26
223.90
9984.37
323.56
1953.48
6059.96
9704.95
1145.20
6391.35
2451.91
1150.02
-627.68
8464.15
3006.21
265.45
4426.50
1185.23
8036.07
2351.69
-120.08
3760.80
-253.11
848.48
2404.30
4081.50
-242.15
9066.57
7961.52
3384.02
3187.58
1560.53
1754.01
8676.27
4145.63
-330.36
648.75
431.50
1235.50
6011.93
5480.71
9347.19
5247.25
1463.76
3388.52
1778.70
5523.45
1603.73
1772.51
565.23
4693.10
4874.21
1840.08
3119.31
9237.15
3815.68
9206.88
1169.09
781.02
1499.44
9100.92
2259.10
5666.11
1353.39
7452.61
8074.66
1791.68
3757.71
2821.06
1533.97
6371.79
3667.67
7583.07
641.15
4776.12
3317.67
9982.76
6367.12
2165.94
1848.28
8927.71
6154.48
3295.25
7256.87
7295.92
3648.02
7310.42
5349.19
9780.38
4006.20
-846.21
9645.33
208.49
4016.00
9828.74
2770.25
5528.21
4705.10
8647.36
2206.06
5273.86
8725.04
9853.01
3686.65
7593.41
9425.21
7601.11
6916.29
3101.77
440.59
-20.24
9775.68
1912.76
3767.59
3902.74
9260.91
7192.13
8131.49
-15.06
8801.11
1321.09
3481.82
7924.41
6548.83
9148.89
5447.16
6387.12
8375.26
4997.89
1585.00
6064.86
4179.40
6250.48
-100.04
-367.58
2018.75
3094.94
6664.80
327.59
3734.68
727.17
9514.85
7192.09
7450.26
1541.24
7647.05
9037.65
5823.17
1059.96
3644.30
-272.65
2450.11
3913.38
1203.93
3438.62
7868.37
-195.35
3718.31
556.56
2044.12
559.20
2370.26
3946.06
433.13
6570.38
8440.75
5743.36
1610.21
730.51
-449.72
7473.00
9815.03
3304.74
1767.13
9055.98
5948.37
4273.68
6674.62
421.64
445.07
9200.69
7001.23
630.74
5712.58
1432.00
8514.85
8207.25
8238.95
2148.75
-947.64
-992.20
8947.11
2185.38
9605.25
8524.48
4950.24
3756.91
313.45
8018.49
3834.56
7359.83
-252.42
1572.92
955.51
8235.31
6843.67
3616.39
3711.87
2418.14
5696.24
1768.63
1271.25
1866.50
7191.30
5263.76
4021.22
9596.18
-855.27
427.44
9887.13
5064.29
6464.32
7842.54
5612.17
7840.10
8662.23
-854.94
5912.49
6225.19
3765.11
6198.73
-968.48
625.20
730.07
3247.00
-723.99
6885.76
6971.68
-906.44
9444.79
6653.17
2837.89
9402.66
2594.78
4495.93
2060.68
3885.95
2216.36
2292.84
810.48
1742.17
7544.71
4940.05
8445.86
3587.98
-876.79
1736.14
5274.65
-28.79
9085.60
8716.89
4776.29
6105.60
6899.81
1117.42
1350.53
3324.65
6444.91
575.85
7200.15
-60.25
8338.09
7292.07
4888.15
5148.64
5195.89
7323.68
8075.45
4163.53
3487.17
9872.76
5637.96
1294.01
-549.09
9320.72
457.26
5160.47
5950.72
-173.70
4481.44
641.55
511.73
7552.73
7835.60
9971.50
4100.70
3473.84
5888.72
2816.89
8481.70
1069.22
5305.37
-559.10
6185.28
4110.10
7413.89
6353.89
-222.94
1927.64
836.58
384.03
6365.46
7282.91
4907.38
9335.12
412.18
6392.98
7925.82
8347.65
2963.51
8646.76
3099.43
5161.91
8258.59
2253.26
6518.02
8334.39
77.80
7575.79
-573.16
822.44
4731.81
6531.19
9690.18
6010.40
1764.41
7379.87
6476.89
-906.82
3030.40
-139.53
6783.08
8258.34
8960.20
2174.33
-142.23
5510.38
2033.69
1211.65
1109.80
5316.61
1318.62
6053.13
4931.32
4665.92
-858.19
6395.10
-591.72
7875.44
8590.76
8043.11
-412.47
6519.76
4670.35
7614.45
29.65
1190.18
3364.03
8178.92
5171.33
1572.80
-986.08
1946.22
5008.53
4315.71
9217.31
366.32
5726.72
7973.07
-619.00
448.80
5845.41
891.93
6645.26
1843.30
2221.92
7814.37
5134.48
9275.15
4559.43
2419.73
-560.82
-794.69
6569.74
8668.13
-708.20
8153.26
2839.12
8020.80
9663.06
1158.96
6607.48
4870.72
9149.98
1746.81
8569.51
2762.04
-429.04
3070.59
4310.17
4089.22
8446.92
-526.72
300.48
-889.65
5533.77
-839.05
8974.71
3943.59
2838.03
689.31
121.89
458.52
4328.38
2022.48
-259.21
8365.40
4393.67
-547.64
702.81
7125.53
-153.29
6564.11
2091.31
1675.51
9309.83
4357.90
3272.37
7650.98
