711.56
121.65
7498.12
2866.83
794.47
7638.57
9561.95
6819.74
8324.07
2753.54
-272.60
3396.49
3857.34
5266.30
2788.52
4681.03
6.34
5494.43
8914.71
7603.40
1428.25
591.98
3332.02
9255.67
7133.70
5182.05
5679.84
1007.18
7618.27
9321.01
5236.89
3471.53
-78.56
8589.70
1228.24
4987.27
-917.75
6345.11
6264.31
1335.30
270.95
8727.01
9904.28
7315.94
9983.38
5744.59
274.58
3792.50
4573.94
4266.13
855.87
5630.28
4113.64
868.90
4572.11
6530.86
4151.93
6478.46
3458.60
2741.87
1536.24
595.61
9331.13
-646.64
8795.16
242.77
8166.59
6853.37
1709.28
4867.52
-611.19
-362.86
4288.50
2764.43
6684.10
5745.33
1738.87
7136.97
5121.28
7383.53
2023.71
9468.34
6463.51
5174.71
3386.64
3306.32
6327.54
8031.44
1530.76
7354.23
4643.14
1182.91
2182.52
5500.11
5327.38
6323.92
2164.48
-551.37
4088.65
9889.89
7470.96
8462.17
2757.45
-588.38
9091.82
3288.42
2514.15
2259.38
-716.10
7462.99
6505.26
2953.35
2912.00
1027.46
7508.92
8403.99
3950.83
3582.37
3930.35
363.75
6428.32
7865.46
5897.83
1842.49
-234.12
1001.39
9280.71
-986.96
9127.27
5073.58
8595.53
162.57
2314.67
4608.90
8732.91
-842.39
7838.30
430.59
7897.78
9963.15
6706.14
2209.81
2186.50
6417.31
9748.93
3328.68
8071.40
2135.60
8959.65
3849.48
5187.02
1215.18
5454.26
4695.12
5902.85
9302.95
9768.73
6160.95
2060.06
4363.17
3714.06
6268.99
2948.61
208.45
3349.92
2042.21
1468.09
-808.56
4483.83
7687.89
2379.91
1134.40
845.84
1944.73
1975.35
-375.76
7457.50
2272.50
-43.08
-92.58
3929.96
4810.22
4419.89
170.46
2788.76
8737.50
-774.22
9533.37
-594.05
1657.46
2945.16
8239.96
8024.55
6696.49
4873.91
7760.33
9860.22
3824.76
7654.31
9967.60
4614.40
2237.64
7960.63
-627.76
7161.52
-274.79
-439.98
6239.89
8873.46
7250.14
4198.72
957.58
9987.71
1526.59
3379.20
-776.08
378.33
9541.19
9858.57
9131.64
1609.39
8893.76
7476.20
8465.15
8893.20
9008.61
1808.23
6868.12
7568.07
1682.83
283.55
554.71
3998.24
8383.51
754.41
5384.59
-160.02
3482.32
5398.77
7139.68
6569.34
1975.41
620.73
2506.38
3720.15
9584.96
8495.92
8908.35
-234.01
2869.97
9585.32
3561.74
9139.52
1915.35
3196.07
1299.92
-339.85
6022.27
3335.29
9196.11
7094.22
1561.80
1162.03
3195.83
8275.80
5481.00
3166.94
6821.01
7667.35
9192.50
1490.35
-746.03
-675.05
4425.42
5067.31
2292.67
8876.10
7621.56
9663.23
3952.84
4361.70
1125.45
4450.03
593.52
7276.72
-109.73
1734.18
5339.43
-215.75
1811.35
4261.68
2975.43
-43.79
-994.79
9497.89
8081.52
7096.32
3812.84
5380.50
8084.92
9305.05
1107.42
9339.57
9217.55
4356.59
3268.01
346.59
4150.76
8824.78
3186.57
6589.50
-178.84
6115.81
2394.92
348.58
4571.78
956.88
9149.98
1834.36
6082.74
7718.77
4489.98
1137.67
806.59
2377.34
1906.52
8762.16
6709.90
-651.91
8244.73
170.27
-267.09
8018.89
-405.91
6837.46
9241.49
-270.59
4092.49
8438.07
4667.12
8247.11
7186.74
5521.36
-544.95
1936.77
238.14
7348.92
3310.49
-565.35
19.31
3419.54
6257.88
3199.03
7095.95
8727.90
2934.06
8747.36
-44.66
6375.23
6542.83
7451.84
6149.01
-573.86
32.24
737.03
-729.74
9108.65
84.72
2881.06
8982.79
7789.14
-921.91
2354.06
6718.78
5562.22
4231.45
1043.72
5718.05
5348.11
2755.46
9931.71
6269.42
-849.44
-614.30
2457.09
232.01
3404.23
1938.05
-307.61
8862.18
4801.30
8492.33
3593.57
5200.96
4582.28
1433.50
709.46
8865.61
7358.53
-98.46
4146.43
2106.67
6693.36
7408.73
7519.14
4286.94
9537.08
6825.37
3969.86
4349.27
1209.32
6044.02
5817.90
527.78
2317.93
4365.28
6187.73
1211.39
7786.69
1999.35
7073.17
-272.14
95.79
1866.42
5824.88
7818.25
4376.80
1952.36
9247.21
7905.17
2273.50
5715.64
8746.23
2940.46
6217.46
5896.87
7760.52
2131.13
-61.29
1809.04
9451.84
4157.00
3726.22
1505.27
8018.81
9225.60
7665.98
8117.27
3001.94
5544.42
2110.59
6633.70
5678.18
6134.40
6860.34
8815.78
5867.61
-38.42
1207.97
5222.83
9177.63
4522.60
-654.50
8730.85
8432.74
3168.41
9398.51
9834.19
6343.64
3597.53
5716.90
7929.90
-202.22
9165.47
9043.55
5973.10
1836.61
-210.40
3653.64
2750.71
7157.21
4333.37
8877.20
4245.00
8695.45
7487.40
9749.37
-275.58
8255.83
-213.85
785.37
8635.18
6582.04
6295.47
7997.81
8174.82
2191.59
3945.64
4293.76
3300.82
1909.35
1378.67
3213.66
0.51
6557.51
1179.85
5727.00
1685.90
7885.50
1572.48
4571.31
3937.58
955.37
5840.97
3225.07
4768.96
3959.71
9871.66
9074.45
8315.09
5830.69
6358.46
-275.73
5706.19
3931.68
705.93
4429.81
1802.50
9647.58
4990.92
5342.82
1725.68
5432.77
6520.97
2912.80
3342.75
2614.79
-303.95
4390.33
9195.77
1295.54
3109.96
6089.13
4974.68
7505.33
3116.50
6058.08
90.45
91.53
7270.82
-334.89
1353.24
4804.57
8395.57
5486.52
7944.22
9559.04
1912.23
5872.94
1469.59
2323.45
9234.50
3231.71
6307.59
2688.88
1928.10
8475.17
1317.56
-795.23
8480.87
8993.23
7252.65
2333.96
9787.56
3652.29
2091.63
7059.15
6181.23
1924.96
-181.63
3242.10
4879.55
3686.07
8825.71
7820.26
5134.35
7077.79
483.89
1647.05
3993.54
6344.66
9712.75
233.51
6518.42
4177.17
1722.88
2443.52
3244.78
6004.52
2003.44
9768.21
8404.90
8161.13
3195.96
-549.73
9676.98
4038.45
2256.36
3651.06
3374.92
4272.43
7669.16
6679.75
9630.24
-482.48
6898.65
3625.93
-932.38
2336.99
5795.15
3164.28
5974.11
7887.60
3907.11
5744.89
5447.12
5826.68
4954.25
5100.77
3649.05
2603.00
-487.92
3385.52
6397.58
8216.79
3660.47
7511.17
2258.40
4899.15
3025.84
339.49
5684.01
5184.70
6183.15
1146.49
6074.42
-132.97
7029.24
9442.55
2086.91
4716.31
-919.65
7307.55
1067.04
1724.68
-390.09
8729.97
4716.68
5297.68
2110.30
1735.44
4517.33
9698.21
8878.22
-616.79
4538.54
3288.76
8184.21
6019.20
6738.93
3227.87
7778.95
3942.58
7889.64
5295.26
5527.61
5582.63
6302.93
1394.44
4366.23
235.53
7420.60
9120.93
8545.90
2039.84
5503.36
4999.31
3354.47
1481.24
103.45
9566.15
276.71
6577.21
2222.65
9126.54
3778.97
8121.84
2894.22
-809.22
4367.53
148.98
4782.05
3998.42
441.44
3199.00
6496.08
2619.52
2297.33
-867.94
7412.12
9591.51
8667.09
3829.03
2438.10
85.05
8364.99
8510.94
8438.40
-774.47
5357.32
3420.64
2724.80
738.57
3035.29
5030.24
6253.81
807.37
4349.73
8947.26
4718.23
9311.17
4830.51
4351.09
9750.71
293.88
9114.68
2501.74
2734.95
6344.18
1733.76
9195.41
6381.24
8450.37
2458.81
7115.14
1164.46
67.95
6959.09
7491.42
269.90
2130.98
8363.66
8114.44
-566.86
7631.94
8116.99
9334.82
6352.14
3477.59
2883.24
1525.96
3764.90
2650.27
2061.45
5683.33
4677.55
7647.09
9618.84
5950.86
2066.79
7461.74
7555.16
4578.24
-506.37
1376.67
2669.01
9097.52
52.43
-902.48
9874.12
6403.62
-326.32
2436.32
3170.47
108.14
400.03
212.16
-330.69
6038.60
2724.98
3694.81
1672.46
2072.99
1709.50
8443.18
2584.23
3063.11
-391.13
2263.25
9443.39
5207.32
1377.52
6003.09
3.43
511.69
6859.28
1929.89
5561.93
-594.23
9632.77
9010.02
3428.67
5673.47
4011.18
5841.33
9239.32
7297.64
-574.39
2152.05
-614.28
2691.42
736.47
738.79
6840.29
1809.01
8938.14
5411.20
7059.68
4086.56
7775.65
3401.49
-201.49
-526.14
-976.25
2106.81
9184.72
2701.29
1605.76
2924.78
6799.00
884.20
8635.49
675.73
2954.90
6898.89
7650.73
4822.08
5685.59
9670.64
7576.55
1144.23
1098.98
-444.73
3393.86
3550.49
6988.55
7537.16
-829.37
6737.18
6836.89
-336.80
2338.92
5274.52
8932.76
3016.38
6265.88
5680.23
7616.48
1228.06
1970.76
-395.89
-858.61
-797.38
5391.74
-949.28
4367.63
1755.33
8781.53
2235.20
-77.63
2141.71
1650.12
479.96
1601.60
-959.94
1194.33
7009.42
6358.04
3635.35
3329.21
6032.18
4799.98
8250.87
4483.42
904.43
7659.72
1999.42
8137.24
8605.53
3195.39
938.35
5858.48
509.23
9562.82
-600.73
-613.45
5751.31
3215.96
5565.58
5794.69
6364.60
3861.36
6935.16
1230.79
3776.53
130.59
3679.65
-155.06
9774.97
990.58
3651.09
3869.25
7462.20
4212.53
1939.39
274.50
2417.65
8330.70
4079.18
4787.20
2409.69
6553.37
8541.16
-592.69
2531.25
3650.90
668.51
2584.52
8059.51
253.59
2990.18
5898.17
7541.05
9454.78
9615.39
2990.73
4092.24
4346.90
5340.67
9609.77
7499.47
3710.14
6292.06
5740.00
138.31
1587.14
9076.68
1791.65
3266.14
1932.59
6963.68
7557.00
2557.49
4756.58
4768.80
1283.26
5710.41
8921.97
8601.63
3623.60
3914.88
4453.46
3229.18
7826.10
4364.06
7772.85
311.00
-50.51
7055.13
4586.33
3383.26
1437.55
2902.95
2811.97
2701.21
178.73
9850.64
7746.97
5453.74
6988.49
6533.53
5027.75
8421.87
7461.27
-341.79
6450.78
367.03
6679.20
403.89
-881.70
7140.81
3699.76
7894.00
1512.46
7790.94
7447.99
7347.90
8191.74
594.50
1652.78
1188.94
4422.45
-951.53
-392.84
6392.00
2357.54
-913.70
8341.71
2114.53
6914.87
1286.76
9605.83
7188.35
-425.09
3363.46
9699.28
4946.21
1915.53
6252.18
6359.27
2226.80
1853.64
81.06
7349.82
7499.36
1766.23
4936.25
-509.92
7618.54
2860.71
7993.98
9849.87
5847.76
7291.30
2942.19
2311.00
8918.99
2583.91
8747.99
-517.65
9776.39
2837.96
-473.85
8844.27
639.93
6287.12
-377.11
6807.55
1547.50
2840.59
-258.77
4709.92
1663.28
1666.07
4663.41
949.68
9153.84
737.40
5465.29
3160.23
4033.56
7979.48
8217.23
122.67
2714.50
3509.35
8581.78
70.93
2135.91
3267.19
8647.42
3247.92
3847.29
1416.75
5275.88
9726.83
5878.21
2098.62
3429.95
5212.43
-710.53
2004.15
-273.96
2544.49
6221.26
3687.37
8651.87
1009.22
8990.07
9189.75
-842.72
2369.01
4878.10
1230.47
9491.46
9977.62
7961.62
4997.35
3387.22
2041.65
2892.21
9314.59
7392.30
6446.83
-178.52
592.60
2829.07
4130.18
3971.65
1543.64
3942.11
45.21
9786.36
5512.73
8427.55
3905.97
8631.35
8123.99
6020.02
9519.36
6019.10
4962.12
5335.36
8458.26
3061.78
-723.49
4210.15
6035.44
4604.83
6319.21
0.97
3273.08
8655.98
4189.04
3249.25
4204.36
7734.64
7129.84
6287.79
-117.31
6354.89
5680.15
6244.03
1498.46
3510.25
1799.67
6013.09
3081.79
5553.75
4976.24
591.31
3139.71
90.22
7341.35
8177.33
507.26
9510.87
6194.65
7503.30
2070.73
7658.97
420.97
182.59
8798.96
9207.16
5827.59
9281.72
4966.58
3336.25
3367.36
9180.50
8814.39
4455.76
9032.89
2913.52
4466.30
-932.96
3698.86
3798.28
2743.63
9088.54
3231.33
-17.10
7582.29
9621.49
6378.67
9261.05
9593.35
6503.35
3765.05
5165.39
702.73
5787.69
9777.19
5390.34
8437.76
-556.05
2426.52
3551.21
8137.66
4723.37
7736.03
8555.12
2935.31
7795.87
2155.06
6019.32
8801.73
774.23
8429.33
816.50
3883.18
-413.03
8124.15
8634.92
2135.92
3335.72
5392.30
8328.12
4787.85
2326.68
8482.51
3649.49
-982.32
-982.05
3600.95
8156.62
4299.22
6936.72
5439.44
8654.56
2276.15
6271.38
-942.80
3196.66
260.71
1696.95
6539.15
448.49
780.05
7267.76
3279.84
1222.21
2676.06
6487.71
5012.07
8810.83
-301.75
8353.00
4991.59
5579.81
2840.36
6975.90
3959.28
2653.53
1877.05
8616.12
5152.42
2659.68
6170.06
1209.37
6865.14
1499.56
126.97
8972.46
-761.70
-52.35
9038.43
7915.06
3419.66
8182.42
8998.82
2222.71
-911.40
3061.58
6906.08
7461.69
6603.43
2925.52
8108.42
8227.37
5509.11
2565.67
-808.13
753.62
3034.69
6074.01
3903.54
808.39
-370.44
8966.63
197.90
2020.15
4548.46
4900.66
6464.77
4344.52
9290.53
-922.69
204.84
8713.24
9459.50
889.11
3218.33
1447.84
-158.39
8925.08
5812.93
4910.48
6407.13
3589.49
2621.71
6006.81
7548.88
9108.61
-468.49
0.97
3264.99
4645.91
3893.14
2005.02
3323.04
1330.85
2485.71
8341.67
1490.21
7882.44
5139.00
8167.50
280.29
762.69
1520.34
8303.09
2113.32
8593.83
4524.45
8476.43
459.22
4967.24
3339.51
3106.00
5570.69
3666.51
-897.04
2351.10
927.39
8627.90
5149.23
4069.82
1422.57
4128.86
3718.92
-112.46
-181.69
2207.81
1634.70
5420.32
6376.18
498.77
9802.04
4943.58
1796.09
909.84
-411.43
2011.11
6761.52
8839.15
2675.73
1008.26
3723.53
367.82
8898.67
2092.61
1534.38
2326.75
9643.87
8541.87
291.44
1111.02
3931.31
5510.28
249.82
5672.05
2233.10
8733.39
7149.43
5466.83
7004.90
7352.14
2432.73
8908.63
4396.25
9782.34
3828.46
3987.39
2023.59
7424.99
5920.09
1959.17
2716.95
772.14
6368.38
1387.83
3136.15
6252.12
5348.40
7543.01
9359.01
5912.72
-932.09
7292.93
8389.50
2411.69
7207.70
5814.72
1965.38
8136.53
7703.84
6444.82
-920.40
5805.81
6314.25
4605.87
1851.63
-729.09
9158.91
8839.32
5436.81
8487.60
1236.36
9465.15
7917.90
7141.87
-501.37
8367.94
2981.48
2718.02
7756.35
9051.75
857.70
3274.30
7086.97
662.67
3366.61
7591.90
6123.69
2873.49
2716.80
9270.88
9680.51
8460.48
7305.88
6039.64
9306.20
9365.93
1268.69
2857.19
3826.52
4329.98
7033.49
3872.86
2168.61
2796.93
2961.79
1820.28
409.72
9103.33
9701.54
9793.29
876.02
3204.67
2930.53
4409.70
4883.17
9412.02
5859.97
3589.16
7929.51
4389.66
8997.60
3739.82
-875.17
7014.12
8292.21
6227.55
-496.49
2449.57
5810.56
9128.69
6910.79
9734.53
3361.88
5164.52
8151.61
8207.39
-373.24
5801.76
4213.74
328.44
7100.18
2757.29
7729.48
8434.13
4566.48
-179.31
9263.27
2875.95
37.80
6172.47
8678.58
9983.09
948.00
2921.13
425.06
2915.69
8012.73
6025.59
4114.07
8221.42
4404.87
728.83
4311.62
6323.48
5760.99
1041.79
6388.82
4000.55
3245.69
-702.43
6102.98
6792.00
4108.68
5653.73
2204.41
-487.86
4488.33
6387.31
562.75
7050.56
4742.59
797.35
956.02
5853.10
8996.02
-740.02
1462.44
3144.14
8473.41
4630.52
9146.01
1083.49
3102.27
8838.33
-184.33
1820.03
7256.21
7209.94
-576.58
9416.38
2106.52
4250.73
6070.44
9831.27
1204.82
7283.99
1006.44
6204.00
-365.45
4763.17
5587.12
4669.01
7119.80
2540.51
5305.86
7651.05
-808.05
2050.48
8372.34
-101.68
5065.00
7470.70
4042.57
5447.72
4796.94
1151.78
6900.08
5728.91
835.29
626.23
7027.54
2884.08
4645.67
-149.21
9079.75
9396.10
2244.46
1543.75
5827.14
1710.71
6861.85
1148.91
2613.29
7539.75
9609.43
1764.25
4635.15
9911.51
7795.47
6511.83
3324.77
8358.51
9617.34
2746.27
9566.20
1189.78
7564.80
1673.17
3002.83
9601.48
214.28
2401.42
-378.16
162.02
4030.37
9435.42
3228.88
2844.51
-411.15
6651.19
2622.28
4611.37
6248.64
1982.44
8808.00
7085.79
2854.29
9987.11
2389.14
2271.45
4183.71
1614.35
4335.18
6338.28
1522.54
1214.81
-664.93
9376.24
9525.19
4982.96
3581.59
1760.90
3333.02
4085.85
6912.53
5869.13
3562.78
4649.03
1305.72
9180.72
1472.96
4030.97
8586.04
5714.73
4568.47
261.00
6504.47
650.89
3396.57
5172.53
-203.01
6996.10
2459.75
942.28
5928.82
5621.33
7782.48
8151.36
3929.06
705.64
-381.24
3367.22
6921.50
2747.22
3535.57
9258.82
4978.11
-913.24
5109.01
-813.01
6683.70
9986.13
8048.90
8889.69
5145.40
5688.31
455.15
2714.86
9702.83
9588.88
8409.91
4421.61
7013.72
1627.04
8569.50
2587.36
779.07
1715.40
8697.88
4257.24
5496.84
5484.48
6718.86
6893.86
123.03
8778.07
-879.29
3628.03
1223.09
6479.07
2743.27
3075.42
8512.55
2568.57
3888.89
7495.94
-686.49
-917.33
2290.69
8526.70
9323.31
-0.28
4273.99
985.87
1436.96
3907.29
8774.31
1962.62
5779.19
9788.66
110.26
3151.94
7585.99
5787.81
759.00
5389.05
8817.44
830.36
5746.38
8396.37
7775.38
9846.97
1171.92
4490.23
5331.37
7409.60
200.00
4369.15
5356.96
8457.18
6876.37
3151.21
6394.26
7378.35
2922.61
3221.15
4801.42
-535.08
2772.31
7233.18
5137.48
4686.31
839.66
8131.81
5458.37
7805.55
-51.99
4120.78
-45.96
6407.46
9177.60
3917.82
9762.91
7329.58
8243.80
6580.13
7327.39
4461.48
6072.64
2967.77
3323.37
6806.86
897.62
3318.35
-516.28
-274.75
254.17
1720.94
2776.30
8306.29
923.32
6104.69
2515.86
9074.92
5215.32
3940.94
2328.09
-862.51
-331.97
6435.85
2282.18
8593.01
1728.52
9240.38
3177.51
8447.18
3891.76
800.31
6673.46
2886.86
7363.56
7448.78
9640.29
3418.04
2985.37
2081.99
9925.39
-886.94
7142.14
3909.79
6879.93
8053.62
233.23
1821.61
798.99
6567.69
7115.80
1240.90
8684.90
6259.04
722.28
4290.76
7717.57
6244.70
1661.15
9936.71
2381.48
5485.71
5263.13
4508.50
4383.03
7584.92
9848.27
1024.85
7669.96
9112.90
5563.66
6470.11
6150.48
2181.16
4739.19
9528.08
9479.72
-201.93
3121.93
9319.39
90.46
341.10
-120.65
5163.22
8247.29
-780.99
5785.07
9692.28
8261.18
1642.14
9333.99
3370.69
-861.72
1977.38
704.54
3069.79
1917.06
9971.58
5415.55
3216.87
9849.67
2415.01
7975.89
2869.40
-57.96
2749.93
5019.36
-679.30
9913.42
6862.64
3448.10
2145.93
6551.65
1605.61
475.44
2601.29
3886.95
8031.55
3308.34
7268.98
1768.76
3470.08
8539.61
6262.18
9476.97
8509.33
3398.55
5376.70
-851.49
8891.65
4968.09
6756.49
1391.69
2157.13
7909.13
2762.06
-55.92
4003.10
2038.31
1775.61
8592.20
-866.47
-894.49
1306.86
6310.63
9710.06
-947.24
5599.71
7279.93
9880.10
7851.87
8385.53
1704.12
6025.80
7698.52
5002.24
8620.01
4654.64
7575.28
1754.99
3007.04
3366.66
8425.51
2608.12
8663.17
3918.30
6907.64
680.33
3323.69
1223.48
1937.72
5250.63
3322.72
6864.72
5469.10
1205.73
689.12
7990.18
1007.21
8125.51
9548.13
5529.03
7503.87
631.63
9772.49
3283.90
3567.30
3640.90
8661.08
1800.96
5749.20
796.96
5414.64
9859.77
7244.87
3517.27
9679.43
1209.74
1971.60
2674.92
9379.16
3610.05
7080.37
-117.85
8176.83
3000.62
5326.64
4902.25
43.27
-827.73
1321.22
5639.66
7865.66
9270.23
9870.01
3366.02
8719.18
-718.38
2183.31
7793.53
6916.67
9454.70
8135.51
1510.37
5681.87
2193.46
2383.75
-382.76
-167.00
7180.82
5134.68
1660.31
6730.48
4145.35
5839.38
9551.27
3205.57
6923.03
6326.64
3906.97
3492.09
4557.88
9345.89
5431.08
117.02
6685.18
1904.31
4661.05
5273.69
5916.87
2910.79
2696.60
-201.77
5745.53
5074.43
884.59
4331.57
776.51
2756.46
4778.76
3643.72
922.72
7118.33
-254.89
3995.46
5692.14
9806.43
1814.88
8724.68
3756.81
9694.26
8428.58
-839.34
4151.34
7599.36
-455.22
2988.95
7271.76
4568.86
6872.54
4734.06
403.76
7937.71
-786.17
6700.49
6252.90
7437.53
7601.41
924.07
7739.35
9306.44
2394.52
4687.45
8918.76
9688.67
2601.61
9179.85
8853.83
7387.29
-774.65
2456.51
1597.16
1390.16
9360.41
7522.57
6902.62
4402.03
7994.38
5533.39
3698.85
3590.72
1229.95
679.80
5371.18
5462.99
8565.71
4951.22
9207.51
641.08
3603.06
-355.24
323.45
133.45
7815.78
6931.67
8598.37
3837.53
2274.17
5877.47
703.54
8405.67
-761.44
4473.83
4629.76
7363.02
9257.20
-205.00
6570.25
6300.38
2525.98
3155.48
1175.13
3300.65
-923.18
2959.31
4024.24
5427.46
5373.42
-966.78
7245.41
1609.84
5571.70
9650.18
4732.42
5725.37
7315.37
433.59
3283.19
2615.59
2232.33
6728.71
7515.30
5638.81
4471.84
4204.86
5119.73
3269.15
8518.33
588.88
6312.61
-856.17
7328.35
9688.59
1207.21
3486.76
2920.40
-930.76
7684.96
8155.16
1799.02
6100.14
3157.68
5093.38
487.99
4545.27
6391.56
5924.17
4599.72
8496.37
5557.63
4117.06
3354.94
9382.06
8342.10
8717.38
2005.99
8562.12
-413.32
3325.24
5214.75
5353.69
8458.37
4907.03
3466.97
299.39
2811.64
8267.46
8202.41
3898.31
922.84
9086.77
6471.89
3068.07
6080.07
6758.15
7334.63
5151.33
6416.07
-70.22
5712.30
7685.67
9160.16
7848.39
4949.15
7392.08
2815.89
2706.20
7081.84
2521.46
4229.13
5922.58
-147.42
6160.82
-12.13
3103.00
-907.09
9473.56
6167.15
7384.68
-653.11
-968.87
5158.72
9553.37
5638.77
3815.06
9685.21
-523.30
2808.73
3224.54
6752.92
7375.47
9495.65
3453.28
1195.46
4096.36
7584.23
9139.51
1812.30
9238.01
7244.63
-386.14
9076.05
2299.68
5759.65
482.50
266.03
3060.67
2623.98
120.44
9160.28
9955.96
6891.66
7104.90
5168.57
-871.67
-179.91
-786.79
7387.59
4331.01
2237.21
818.78
9142.11
1592.02
3051.12
7210.72
1661.92
873.47
4399.14
3415.14
9171.70
3768.93
4349.25
924.19
9859.32
-395.19
-13.83
7541.93
2244.20
8258.27
7812.02
9660.03
5267.76
5325.48
7350.59
9366.29
7335.28
5110.60
3780.81
6062.44
7492.03
-351.77
3708.78
5424.48
-787.81
1149.18
7278.08
665.31
3827.65
1295.63
4555.50
2250.14
9033.29
9643.34
-241.98
1038.75
-721.89
9083.59
7996.27
4377.67
5570.45
-472.09
5525.97
-10.09
4361.68
714.46
4874.62
8735.63
723.70
6151.56
9311.46
9838.45
882.51
2239.89
1798.94
4747.33
3324.85
9691.02
8978.08
5597.22
9420.36
3074.08
8117.95
3395.44
8151.79
248.96
2157.36
698.13
5414.51
7659.91
5208.76
3706.49
-75.60
3396.34
1266.63
1233.06
9047.95
2938.41
4797.11
3967.70
1064.72
6768.23
694.10
3745.48
6323.82
489.95
4491.94
1018.31
7649.02
9060.07
8735.70
2044.32
3837.93
9153.53
6461.71
8026.14
412.99
9107.47
2379.65
7800.36
770.28
8118.63
3915.84
9512.86
6772.01
9234.24
-993.93
1898.87
1240.90
8714.26
4657.29
7997.84
8687.40
4127.48
2560.61
2125.51
4358.27
9422.29
2518.76
2779.43
5839.31
8334.04
5264.91
1382.87
7930.27
6151.30
4988.80
2755.77
4195.34
-859.62
4265.60
2990.58
1595.38
4451.73
7307.91
7082.24
9169.42
9504.04
1507.02
4492.78
4168.07
2708.47
1258.40
5828.22
8898.86
5288.45
937.87
8715.22
9756.04
1781.14
2523.50
5403.69
1907.53
3763.23
7616.33
9677.38
-246.69
9784.75
394.19
1097.81
1841.25
833.94
-74.51
-377.70
7889.20
8840.12
7971.37
3887.69
9322.71
905.40
2070.99
1086.59
293.86
8781.51
1938.10
616.39
6608.07
3832.46
5102.85
5691.92
6179.38
3810.81
4238.56
-518.97
9512.98
8764.31
9756.67
1408.09
2793.75
4534.38
-597.34
1428.88
157.90
739.07
420.46
2616.46
5796.01
6558.70
-832.10
4819.50
6320.04
2968.82
9999.72
5319.80
-123.46
1994.91
9386.50
6060.96
4530.74
4131.33
1183.86
7032.12
2909.46
2223.65
3931.84
3399.16
4739.62
5728.40
3165.59
5983.72
4453.85
9907.18
1074.60
7717.33
2170.92
8611.66
7254.40
9814.80
-516.71
3627.47
2844.87
5720.60
4219.76
2502.09
8523.47
-940.02
6030.94
6088.69
8619.83
1605.85
4503.76
1679.30
7013.55
9758.25
5998.64
2189.70
5197.26
8286.22
4551.25
7912.03
7598.28
3349.04
9233.77
2056.85
5493.60
5937.56
9609.87
9105.31
-971.87
9658.88
7950.01
7918.38
4289.87
3832.17
290.86
2340.58
25.06
1070.45
3966.47
2520.10
3365.93
7187.46
6758.02
5154.49
4458.91
6975.10
1514.43
7939.58
8538.89
5223.69
1577.41
-574.84
5600.22
4943.18
6003.93
3051.17
7976.06
5742.22
4517.93
8795.54
6723.28
4190.53
6261.94
5529.92
319.72
3477.62
3272.97
6713.19
-356.87
6050.89
271.57
8193.93
4358.31
-926.60
541.97
9852.99
3319.74
838.83
5136.50
-834.37
-277.33
857.20
5894.89
7444.10
8001.58
5640.41
9423.19
6624.38
2943.56
3382.45
9743.11
4580.47
3975.69
3414.72
2189.28
9226.63
2971.37
8870.59
3044.19
663.38
4379.10
7522.94
2086.99
6036.07
4297.56
1033.04
2238.79
5263.92
6697.50
-136.39
4673.89
1050.60
373.34
2690.77
700.15
6384.53
8773.22
5618.72
7882.14
209.40
8329.35
3400.39
3345.45
3887.74
-738.55
4073.86
3395.75
2418.01
3527.38
3622.16
1657.55
4365.99
7136.17
2637.17
1876.04
2569.26
4486.85
3528.03
3640.91
8841.01
854.71
8115.55
7163.49
-266.57
5731.47
-199.40
1617.11
6703.80
6799.41
7684.36
9057.31
6272.47
6422.87
4163.37
689.59
4901.17
3981.92
9052.45
1605.29
6045.82
3076.93
894.24
1374.68
2242.48
1362.84
1142.86
-37.03
2544.40
4653.39
8459.19
7726.46
1711.00
663.87
1658.04
1615.23
8042.54
1070.53
5333.24
5753.27
3256.98
2011.91
9097.30
7310.95
3142.51
3193.80
7121.55
9968.15
2807.70
8021.24
6041.59
8960.25
2926.32
-333.85
7847.76
5431.61
9151.65
7803.21
4598.56
34.94
2248.29
-101.77
3463.04
263.92
700.38
-730.48
7736.64
7833.84
2431.68
2267.75
8012.56
3206.75
4754.30
-414.29
9010.91
7354.62
124.60
2122.93
5019.33
9817.41
-755.58
3906.79
492.72
7015.95
6162.21
1354.52
4400.95
766.62
1525.59
8546.95
8719.11
9211.43
574.62
8566.17
1638.98
329.89
9437.41
3582.50
6041.62
9523.62
542.47
7159.65
1318.87
-851.56
7709.72
6262.86
9996.34
3507.42
9181.70
6911.77
4131.16
9473.39
3339.18
8651.85
675.37
7851.11
6577.92
3059.95
1584.19
3517.13
7401.23
2480.37
6551.54
-167.93
2565.73
123.63
7721.91
2115.12
5748.17
5441.46
9556.40
1432.25
1847.77
472.90
4013.48
621.29
978.01
1382.12
6257.99
5058.57
9474.41
9552.46
1205.41
6242.97
5658.01
8176.04
799.57
5277.87
-818.91
6519.74
4362.24
-896.73
7603.71
6593.13
5850.65
974.72
1071.84
5347.76
7793.72
-978.40
9915.23
4412.56
8942.60
3296.90
1995.61
-793.84
9900.89
5378.90
3154.66
9379.88
4639.93
2288.38
2800.47
7460.01
390.18
-383.88
2993.65
9284.10
960.50
4032.79
6148.97
9693.50
6779.88
9522.82
9031.40
-232.44
7315.28
-965.46
7456.64
9852.58
7476.09
6724.59
4152.19
-103.83
1936.19
1500.06
8482.95
54.27
8128.24
392.65
8167.56
1288.49
5592.09
353.55
71.74
4721.61
135.18
3858.96
-491.87
3101.51
7040.78
5460.63
1842.47
-642.45
2280.37
84.25
5859.70
-937.80
-684.05
7136.77
1753.70
3383.29
1876.44
9279.03
3647.22
4883.30
699.87
1643.90
5914.96
3829.33
7572.33
7241.75
6057.25
8253.18
-664.04
2393.02
1472.36
4894.47
1394.37
3102.77
6301.15
4519.81
7478.23
9734.16
8144.63
808.70
4794.87
-540.10
6398.88
8062.06
-935.29
8555.09
2393.98
6590.14
-553.87
6107.00
8357.46
2805.23
-552.68
4101.76
-690.62
6748.74
3052.46
7643.30
924.86
-948.02
3557.92
25.16
2727.25
8858.53
9388.78
305.61
8347.79
5322.98
9264.51
1725.15
7627.73
3327.03
2411.88
-612.21
4432.64
5320.34
8985.98
6482.65
7912.04
7671.46
1227.36
1143.54
435.59
3867.27
7205.95
9477.03
9490.41
3449.52
4037.47
7694.44
2461.47
7815.85
8081.40
5157.14
5037.38
5271.79
7048.48
2902.81
495.03
1859.79
4512.33
2689.64
3735.71
7119.34
5759.17
3386.15
6081.88
4132.88
5355.75
-922.83
8976.82
6535.71
8736.38
2369.55
3041.18
5146.68
5180.26
8717.48
3712.12
6536.86
6035.71
9136.69
9406.97
9018.39
1090.62
2057.58
6724.84
8481.31
5497.53
5997.74
8985.93
5549.26
6452.35
4669.52
4695.32
9257.26
925.11
3232.25
4442.09
-770.92
-853.73
4224.75
9402.10
4105.33
4322.42
874.34
7976.94
9539.29
-63.70
5354.45
-690.44
9690.52
607.81
5327.41
6795.09
1133.94
4155.84
6202.54
8075.89
470.86
2689.21
7449.99
8093.14
4408.24
2264.00
-62.00
866.11
1628.67
3013.81
7046.00
5159.72
4365.91
5799.88
5612.14
7312.11
728.43
8743.20
6998.64
1149.06
5121.52
427.79
4781.12
-748.22
6543.23
3046.34
3889.30
3470.62
6633.39
411.28
2280.65
4902.27
495.16
4032.62
3216.91
-360.36
2313.19
1754.70
9179.11
7335.91
4614.36
1514.74
2209.76
1375.44
4024.79
3613.79
3956.86
5869.83
4176.16
6679.03
8420.00
9021.18
4055.68
5750.46
57.07
133.08
1560.57
2486.04
2800.21
3178.24
9592.43
1966.76
9341.07
1459.59
-734.50
6111.44
5977.83
4347.06
8035.28
70.24
1411.91
950.56
2051.91
-612.15
5599.67
6709.16
8829.21
555.73
-968.58
9989.48
9332.34
8734.65
6398.44
533.14
4501.74
768.77
4718.97
-295.64
1022.64
3468.47
3573.02
738.59
3489.58
6404.23
9875.94
4071.57
8889.56
2871.16
7517.07
2371.39
948.98
8469.62
6895.81
-143.97
9160.13
7309.04
4022.48
8851.30
8942.05
5052.03
9509.51
5441.74
3267.16
8210.77
1491.65
-884.84
9408.58
3126.17
3555.91
-835.01
-121.66
-875.12
7826.38
8941.55
7725.92
3507.45
9697.29
4489.72
7654.18
7885.43
512.02
1464.09
8927.63
4779.79
9945.83
1693.24
-682.44
1148.31
3567.27
3056.44
8550.60
3951.11
8215.99
1272.43
-238.43
5614.88
9306.67
6340.97
2748.66
5658.09
9476.35
9013.83
1568.52
4148.61
5599.64
6117.29
5283.98
2903.23
7615.19
1467.16
5543.88
3985.56
4254.22
9742.44
4351.49
5424.16
4855.83
950.05
4506.78
8432.32
6995.90
-933.58
4314.25
6595.64
3931.74
1694.75
2703.19
512.54
-742.84
9000.29
4960.17
5624.75
-725.71
-95.34
1621.43
2296.24
2795.73
4843.66
5438.20
9859.51
2796.17
1150.04
-275.83
4008.49
4754.67
5799.43
9043.19
-66.63
20.89
8072.76
3008.44
4749.32
3849.78
-749.68
4113.37
7339.87
5232.57
7798.17
7824.38
8471.37
3404.99
3587.00
4670.97
6917.10
5768.57
7303.13
3773.64
6568.55
-298.90
1246.72
7563.80
6772.74
-459.17
2601.03
-512.24
1640.84
9556.73
7029.82
8304.60
5511.44
8760.83
6404.83
8967.25
-367.47
3880.79
3433.96
6527.45
1908.33
6183.03
-722.18
4322.90
9006.66
1971.84
6740.35
5077.83
3061.48
5267.35
9421.91
7183.04
9467.64
5640.41
9458.14
72.15
476.93
5713.93
2081.60
3452.20
5076.95
-775.45
-72.97
3565.10
-308.34
7584.11
7135.42
1062.43
1138.76
8164.00
7440.14
7416.17
631.86
2550.47
7731.14
3390.85
8067.18
8192.99
-344.77
314.52
4088.54
8092.85
-446.72
2901.72
4266.06
-404.83
2997.22
3185.92
6671.05
6294.44
1709.29
5016.97
3234.41
7676.36
6671.41
1487.59
7928.72
2109.32
7339.50
9981.13
1016.83
4739.20
9798.74
4582.59
6652.53
3078.10
9541.53
4574.96
-667.89
3736.71
1950.12
4666.40
7254.85
6280.88
4797.82
4903.05
2559.32
2485.48
4400.99
1372.35
7024.24
2376.48
9404.72
4264.54
7139.80
8631.28
7052.60
6154.51
3928.79
7109.28
1791.16
5917.55
3285.53
8876.36
995.03
1426.17
9518.54
3100.57
2318.16
8251.89
-357.44
7348.02
-805.89
5406.05
8518.85
9366.53
387.37
7537.33
1925.17
3250.95
-336.32
-670.97
6964.73
3273.91
567.72
2526.67
3711.70
-546.88
2473.67
3936.71
8210.12
1465.84
5284.60
2363.86
6444.37
2473.54
1806.41
9281.87
7475.16
2011.95
9785.67
4848.64
1164.23
7224.80
7196.69
7742.35
4663.96
-753.71
2236.26
6808.60
8235.04
2452.57
1235.75
-743.83
3423.22
2113.42
-786.21
6136.61
-44.73
5074.07
5859.41
5044.61
5729.98
7741.84
7191.67
381.41
6295.61
-636.00
652.00
126.67
3933.27
5476.49
4326.42
2143.39
7942.84
8292.52
377.21
1658.12
2928.70
6634.91
4044.93
1208.93
-519.57
-479.65
-631.28
2926.14
7588.85
9847.15
4196.95
4213.03
-610.70
7941.29
4327.07
2035.94
5947.93
7889.81
8164.56
5779.96
850.25
-844.35
7986.25
964.17
-314.32
6124.24
1089.95
1720.73
-812.01
1414.28
7683.53
6147.05
-467.58
4258.62
6682.19
6578.03
5039.68
-143.07
2417.01
8704.00
8149.67
8591.48
9050.00
4469.04
1225.26
9898.09
2266.63
235.98
4111.55
9779.19
5873.60
1689.88
8736.49
4315.88
910.64
2123.04
6964.27
6536.22
6234.24
1968.38
3544.42
4001.27
4313.88
383.04
709.36
7167.57
2393.87
4748.41
-420.78
9795.76
9432.46
8420.61
8314.71
-578.46
-172.38
4680.63
4316.11
4783.92
2305.93
793.84
7945.16
3272.81
4088.65
9972.02
1828.51
6784.42
8831.93
2271.01
7849.52
1974.63
9520.48
2795.86
6951.15
5933.79
1260.67
103.69
2711.73
1053.86
182.75
445.64
7735.59
1146.21
1372.79
3461.56
8421.17
6586.35
1898.41
4517.84
7356.46
9080.94
7506.30
8510.29
8421.37
9980.37
-898.23
4344.29
5407.27
7052.19
-777.11
5066.73
3609.95
5376.91
2761.79
6389.22
-411.15
6808.05
9902.62
1453.24
2514.59
9703.40
8188.01
3953.99
1660.94
6445.68
2504.16
-579.91
8326.64
1821.82
4229.42
-183.62
2773.81
-609.23
-377.89
4792.72
7177.32
1236.86
6880.29
3030.77
6141.25
962.67
7619.09
1029.48
8406.62
4108.14
7567.61
4830.81
9446.07
6113.87
2869.83
7267.86
5038.83
7603.17
8483.43
8022.16
-485.79
6325.88
2069.83
3555.85
9217.39
1677.56
-300.71
3844.36
7082.75
6804.51
5486.45
6793.97
4318.79
5842.42
5604.40
9135.93
7672.87
3040.21
-194.59
5435.53
8939.26
2244.27
9331.55
6509.67
107.11
5170.91
5426.12
4756.53
3923.83
805.96
2781.80
1760.48
7386.84
2695.05
6742.89
3824.30
-7.27
7707.59
3562.27
6984.24
1137.41
7371.57
-930.29
4504.95
-259.99
6302.87
432.22
2189.79
6827.97
3762.84
987.40
5170.82
4045.41
9123.01
-455.90
2666.99
8051.31
5418.75
1869.74
6739.43
629.57
8172.98
4323.22
3310.07
3317.84
1841.65
7542.67
3722.87
237.67
-593.66
8317.73
6129.02
4391.57
8121.42
6746.59
17.31
2916.91
6449.74
4783.31
3047.53
1769.56
6024.69
71.04
3964.98
-562.49
4144.85
8535.65
5747.28
1492.35
-115.04
484.36
9524.03
7436.55
2166.48
-64.92
6876.64
7713.81
9030.92
2657.87
8859.21
9799.67
9189.94
2441.19
7967.22
93.27
3532.57
2960.44
1157.42
2647.37
8238.22
762.63
507.32
-553.58
-172.76
9296.70
3731.54
3056.24
5145.22
2754.88
250.63
8261.63
9212.29
3969.56
-558.55
4440.83
13.74
8823.97
586.40
8639.69
5250.98
9270.16
8586.84
8087.96
5448.58
8299.24
3330.90
1340.14
4716.62
4190.05
9093.29
5936.61
4598.76
3282.17
7460.42
7346.85
1530.63
5185.63
-162.58
4504.18
8817.45
1026.30
9926.44
5731.21
6540.08
5207.53
5034.11
5299.24
6388.42
8274.42
4171.34
2727.17
7465.25
505.59
3423.73
-383.29
1968.31
2274.33
8654.39
-584.62
6263.68
1643.77
3813.94
1852.42
1545.57
3320.58
4028.53
564.83
8973.50
5765.45
9955.72
2913.09
8344.15
-819.39
9499.16
7463.88
-564.99
6068.76
3736.73
2192.12
1946.35
7327.02
9201.61
493.57
-659.94
5225.90
5661.39
9925.15
6011.38
7291.97
3250.12
7684.19
6268.77
-772.98
8490.96
2662.71
2190.13
1524.13
5938.11
7874.97
616.59
-967.69
2903.22
7321.45
3590.90
4164.93
4928.81
6434.27
8766.26
9672.95
2273.61
7503.12
-943.71
9906.80
5697.04
4204.53
-494.03
-207.83
2887.99
4353.05
9766.42
346.99
-210.31
5173.56
6046.85
9488.81
9482.23
8938.55
1213.78
3995.15
409.74
9507.86
-241.72
5276.79
3042.69
8410.40
1711.91
5098.87
4721.52
9563.94
7201.07
4428.04
5042.37
1157.44
2995.43
6118.27
-201.87
4054.63
-796.23
2599.13
511.93
-117.90
7405.29
4742.38
8242.77
254.94
3783.47
6737.76
5568.86
5798.15
9467.38
1375.17
-531.78
3261.23
7493.43
1093.82
828.40
5889.07
8668.08
9552.10
6253.83
1068.91
79.54
3765.92
8888.34
4326.71
7008.59
3488.07
3051.83
8021.16
4681.88
3374.17
2591.28
544.13
2064.55
2776.34
8902.29
7920.49
6716.79
5099.36
1898.36
3614.24
529.60
-87.13
7596.67
9336.12
6269.55
1397.16
6097.01
5498.45
-495.72
4436.34
1486.24
7131.73
5052.35
3910.38
5696.27
2165.93
1787.07
3170.68
3565.25
2192.57
9484.31
-183.86
9712.07
-90.52
5572.00
3547.25
7636.45
6798.34
665.37
4820.01
3892.55
3043.54
710.92
320.70
9011.29
2874.22
4048.26
2024.48
338.73
3909.19
7815.40
483.44
5167.80
8300.91
9385.32
8090.13
8821.37
828.89
3130.82
4692.80
-128.82
-217.14
394.68
9305.72
1228.10
2671.19
1709.99
5795.30
5554.82
928.43
4022.06
1672.61
4432.03
6092.67
9510.61
1824.29
1829.34
9724.73
3545.56
1204.09
6088.56
6379.60
2966.30
525.13
1748.24
-346.02
1442.85
3853.61
8595.41
9035.45
1922.31
-850.41
5130.86
3415.68
7358.97
7268.43
3614.11
9351.60
2393.35
6947.17
5049.56
1007.83
7464.15
4097.81
9915.26
4786.80
6685.01
-923.40
-731.03
9537.14
7872.31
-88.68
3428.83
8296.11
5850.13
3207.22
1733.13
9729.96
3524.78
3991.12
9667.79
3634.20
6064.66
818.97
1344.24
7620.35
190.68
1618.95
4713.27
2929.76
2468.65
7519.72
2899.67
2693.84
8306.75
8535.74
7175.85
9610.96
5546.84
9727.53
6658.95
932.67
9408.45
827.31
9566.78
-53.12
7199.13
4805.93
9287.70
6385.30
-243.96
736.28
8548.89
8273.99
7924.97
4941.43
9542.27
6017.64
2500.75
8057.75
3734.51
8863.89
546.61
-259.43
4758.15
9180.20
3647.70
1811.86
1845.37
4149.18
4183.01
875.80
-510.20
3072.47
3031.87
2552.90
4582.34
2473.63
3344.58
324.15
878.37
9732.92
9260.21
6430.25
7171.97
-740.34
7074.40
9480.03
5011.77
3781.80
672.49
3507.49
-575.58
4139.46
5922.25
5234.59
8784.97
5086.25
1654.75
1385.18
2657.72
6271.43
-38.43
1045.77
7233.71
3012.94
3457.27
2277.27
3020.68
1480.12
3376.01
659.80
-741.37
646.59
8212.63
-208.93
6457.48
2858.85
9658.66
4143.72
435.89
8930.65
551.06
8674.30
4073.02
205.27
4967.45
6914.57
7173.01
5815.06
7670.82
1578.71
-749.46
7766.94
-6.02
6709.52
3980.61
9021.06
1969.37
9196.12
7323.91
932.81
667.03
-340.10
1928.69
7495.20
8832.34
9142.71
658.27
6559.62
3509.32
8085.65
-504.07
7047.72
1059.38
4933.94
4768.22
2547.94
9145.75
7638.82
2740.08
4531.01
8736.54
5043.77
2582.63
9196.03
5719.79
1553.14
9533.37
-647.09
1357.41
8963.49
2426.67
5993.75
8029.04
5099.59
5773.01
4947.78
6345.69
5044.23
-597.72
5993.21
9977.01
8704.59
7123.72
2453.30
2562.30
8535.57
4316.89
6988.50
6678.24
6292.99
-680.11
7360.86
6057.19
7225.10
1269.03
8566.68
-726.27
1524.63
3477.73
5227.90
6274.22
2785.35
6350.04
1134.27
9571.16
7538.90
6333.29
5632.59
9922.08
9536.67
-184.42
308.38
-136.02
-202.43
5609.09
-42.75
5358.64
3630.16
4029.24
1409.78
9206.65
8241.22
7253.59
7078.36
-934.03
7701.82
5524.47
7836.63
5222.83
9190.98
8794.53
652.57
9729.32
3800.89
2493.82
1609.59
1298.54
9544.01
2248.92
-412.05
2534.81
8593.68
2110.92
1195.64
7111.92
2146.31
1915.00
8377.32
6716.72
3970.80
9280.84
1082.39
6639.22
-589.99
3900.97
1549.52
3656.25
2534.74
7316.11
1882.38
-817.15
3064.39
-777.53
9017.42
6814.17
2840.34
6625.51
12.51
-796.74
5110.65
4626.90
3349.65
8472.20
6396.68
4109.28
4664.19
3111.55
-144.00
8653.92
2444.90
4470.24
-639.22
1557.14
-228.13
2663.74
8471.85
375.64
8274.26
1577.28
8264.21
8570.00
2.07
-342.64
3156.48
6936.17
7206.19
2502.09
8585.63
9733.09
1048.42
7688.04
4857.24
2579.71
4132.10
3222.88
985.61
8089.23
4772.14
2394.52
4724.03
7857.92
143.56
1790.97
2866.69
9488.03
7320.87
4917.90
-832.79
4286.44
1262.37
6631.95
9285.56
3527.24
1335.18
9342.78
8156.76
6687.87
3058.89
5717.40
5426.73
4033.61
8928.80
2356.33
781.44
8599.54
1576.95
2674.21
8441.74
389.48
9883.32
7091.62
1899.42
-505.02
2020.34
7769.17
4462.78
5922.56
-494.54
2196.85
4380.62
52.35
8800.39
195.73
9644.33
5376.76
192.69
2531.81
2074.58
6398.44
663.74
-527.18
3554.78
2213.72
1991.24
2794.58
7501.98
1788.55
6157.71
2709.94
3903.40
9376.95
-609.69
2794.37
3985.46
2624.20
3841.16
8408.61
4526.58
292.23
3444.48
7336.38
1562.28
9216.27
4838.21
1802.57
-329.83
9455.24
6223.00
34.62
7734.47
4290.34
668.26
9448.92
-875.42
2800.44
7004.76
5100.11
3565.73
-767.22
6279.44
2542.55
6541.56
7946.11
8380.17
-436.48
9973.97
1619.87
9175.30
9324.76
2278.15
6855.80
9435.21
-312.00
1203.02
-927.07
3572.01
5741.05
6906.69
6852.93
5218.58
3735.11
7978.88
9009.36
3437.90
6737.60
2811.48
5536.17
6355.87
219.34
-552.10
2779.66
9781.29
8155.63
9797.99
2822.67
6599.65
5295.32
6374.05
8657.49
7529.74
6323.51
6208.49
9109.44
2389.94
4697.79
6810.79
945.92
1020.05
3918.78
3918.58
524.14
7086.19
9701.45
8424.89
3151.45
-607.88
248.22
722.08
964.24
896.10
-241.44
-990.92
8550.12
6968.92
7642.03
1603.88
4364.16
9514.53
1861.91
7113.49
6514.14
9140.10
779.55
9793.48
4135.90
1113.42
192.97
7114.55
2289.50
-393.93
-834.21
2394.22
-455.74
5282.83
5583.93
6163.61
2796.59
8197.02
1453.21
2130.29
7671.86
7944.27
-602.09
9658.51
1673.79
2425.33
5447.02
4155.93
7661.85
4743.40
3394.84
9051.45
6761.85
3441.98
9394.42
7057.96
8225.12
638.18
9809.53
9909.95
3675.40
5510.02
6875.84
5227.63
1797.45
1723.62
3794.09
9213.65
4850.92
6475.77
2295.33
9547.02
8905.69
9918.57
5408.72
9429.97
-454.62
2170.05
4965.77
619.96
528.31
182.97
4059.43
2914.66
1636.92
9695.25
3135.13
168.58
4296.76
9644.82
2595.35
2997.09
1014.73
2457.86
2265.96
-10.31
729.97
1576.94
2558.94
7021.66
3078.68
8425.53
2962.98
-150.43
-425.17
2021.92
1412.41
9371.11
320.47
5021.71
5908.26
1168.01
4615.92
5846.24
3836.45
6257.75
1047.64
5673.37
2380.89
6599.29
-638.52
2264.61
-719.31
8420.81
662.85
6418.84
2540.05
8665.71
2673.04
-257.21
9039.79
8798.57
2626.87
4828.38
1660.91
5815.41
2634.54
1767.88
-227.13
8543.41
4227.18
6266.38
3119.30
8971.90
868.51
8986.91
57.47
6766.57
5753.66
9711.83
6854.98
6631.62
3676.46
1183.71
4534.39
-454.86
9074.31
5952.78
1464.72
8448.01
6768.44
4243.25
1290.88
1758.97
3903.67
2975.37
9943.87
1723.85
7705.07
5145.60
9186.92
6661.04
3206.44
-387.33
-5.74
516.02
2729.35
229.24
820.04
8400.08
4137.56
6960.45
8323.10
8433.87
158.50
-155.42
3722.50
5031.34
2808.80
4541.63
115.76
7439.53
8267.70
1318.89
-382.03
1187.78
7048.56
4252.36
345.06
419.13
2306.48
9940.98
8181.96
1304.79
4475.49
-458.81
8786.08
1697.12
9437.28
1417.59
8453.27
7246.21
4118.92
1684.75
-514.38
9807.82
3188.34
3328.97
2051.55
4313.25
783.12
3770.63
-102.33
5076.29
-739.19
4322.68
5226.19
-435.95
7878.70
8342.15
9576.81
3565.11
-150.63
7333.61
-906.12
3779.88
1464.13
9629.52
9483.24
3897.95
5813.02
6481.71
3065.01
9669.58
680.84
890.17
-985.90
4832.81
-909.07
9226.70
4145.47
7906.49
2443.41
1438.87
3054.52
9342.15
8626.22
9963.16
6985.77
4791.90
4453.45
3069.23
3456.79
5302.49
5881.45
1614.20
1861.64
2557.27
949.25
1923.32
5184.14
7887.48
1980.16
3431.46
8593.93
6201.74
5734.43
5502.63
3652.96
2284.46
2906.10
843.53
7200.58
7153.58
9189.70
9408.12
6308.85
1825.45
-677.45
7945.96
5766.39
3756.87
-291.08
776.67
5368.26
306.35
9740.62
6727.44
8135.26
8366.85
6630.69
-932.27
4244.40
9658.73
5270.98
4349.66
7787.63
6764.16
9270.58
4640.46
229.53
5568.08
3693.09
5729.58
1153.29
-711.43
8841.36
6809.90
8060.08
9831.62
7039.91
1781.16
2910.90
4524.21
4370.97
2944.76
1594.59
2157.11
7461.80
8588.24
9566.27
2396.16
-805.91
4944.35
3710.12
5941.76
3240.14
4999.69
9865.88
-52.09
2397.43
9596.15
9626.72
6335.85
4637.67
8388.00
-800.82
2590.88
4870.16
-178.91
5071.02
9626.35
60.49
2613.77
4661.75
5974.45
2566.28
9358.50
8365.78
-272.85
-855.66
4798.59
6827.49
6668.04
-152.26
1852.90
9589.90
3567.66
9714.55
8561.57
1311.25
3184.08
8811.54
691.19
9834.18
6208.39
7493.01
5101.33
1996.97
47.15
9331.77
-934.46
511.93
-84.58
6361.65
9354.24
2716.38
2245.07
892.73
9006.69
2495.96
4562.95
6455.04
5943.51
-376.29
9680.70
666.91
8680.00
762.12
2972.00
8439.26
2752.53
4801.23
7306.70
8670.97
3039.49
9756.49
9459.16
6144.40
9982.61
3784.85
7930.42
8650.24
6609.94
2268.33
6806.51
6120.98
1276.92
9195.39
6062.87
3756.23
-54.49
6145.07
-741.22
3246.17
7278.19
2632.47
-149.30
7693.35
6266.16
-704.74
424.79
9307.63
404.61
190.36
7337.50
9330.77
4301.39
-482.58
5270.43
6109.87
1669.57
8387.59
3300.78
1238.28
8671.02
3835.31
9044.94
7430.74
3524.42
8886.38
4430.75
6615.18
2330.11
185.68
5580.76
7831.76
455.36
6157.17
4625.89
8255.77
9790.68
1099.48
7927.44
2495.81
2032.25
9922.02
8428.95
5351.65
7197.89
5900.25
9521.07
1782.74
7403.39
5883.21
9054.76
7400.82
6676.24
5571.60
7899.03
9020.78
8278.92
2889.70
231.45
4946.29
3335.67
4573.06
478.62
1045.14
7665.47
-460.82
7877.70
2575.43
9174.84
1570.37
2243.05
-164.24
9508.55
310.87
8784.32
5126.04
-626.05
2824.26
381.32
4844.05
918.89
8777.28
7828.05
4060.98
6897.24
1914.41
9425.48
1159.15
9866.41
8863.39
2984.17
3954.99
7511.00
-537.97
9184.37
7733.01
1730.05
1884.55
2629.50
5047.68
2425.43
7110.02
3225.92
7969.95
1933.99
8506.81
5032.08
4131.22
-630.92
9049.81
1147.35
9431.06
6864.82
7143.04
8034.01
577.85
7915.00
2395.02
1992.13
6638.83
3830.14
-863.65
2486.99
7730.83
9135.22
6759.39
6062.19
3249.43
7197.11
3864.06
8315.81
6887.68
6344.90
2815.03
-787.92
-640.28
5688.97
530.81
9309.58
197.86
1413.38
3686.82
-668.75
237.34
4966.13
6822.74
3802.30
4181.07
1221.49
1588.67
1740.05
4905.83
5366.49
3535.03
151.44
2216.34
2041.03
3582.15
140.93
1476.72
1154.19
3434.04
7927.45
2650.94
2374.28
5530.72
2791.87
5863.83
2406.88
3418.63
1977.50
2796.09
-114.02
6661.38
8926.09
795.92
9964.61
9288.13
2616.27
2543.87
6872.37
1954.73
5178.28
8353.27
9544.37
8268.07
7590.81
9765.24
2447.70
7467.23
859.38
9514.67
4174.81
5949.87
7532.58
-821.00
4350.15
4925.99
3043.16
5287.73
-57.40
1167.32
4124.45
6648.84
7030.66
351.75
2847.41
4462.17
6676.81
4177.79
1090.19
5816.11
3413.30
322.88
1583.22
9119.81
714.40
3812.44
9690.09
4480.58
8072.95
6207.54
4135.60
7081.28
4078.24
49.33
2096.88
7189.89
3539.84
4023.24
-460.48
2714.18
9223.24
1065.85
3613.00
1746.51
3554.16
2795.88
7279.15
7682.49
-320.27
5130.72
986.65
3633.36
2822.62
5665.91
9047.96
3125.48
2944.86
3201.71
8178.82
3503.51
9475.53
6252.94
8227.15
1711.94
5456.23
4868.46
4258.56
5624.75
-887.13
3937.78
4261.66
2637.26
3471.46
9810.44
3142.99
274.73
6307.79
6109.06
9993.81
5045.82
4094.41
7749.65
6396.97
8866.87
6564.84
3297.68
4060.64
1128.18
6201.56
2563.13
470.11
1087.17
-959.54
7892.13
3048.52
7392.78
3418.25
6530.99
6303.84
5582.53
4675.57
7347.54
2084.77
1737.64
8530.63
9280.44
5417.72
6662.66
8363.80
-498.62
-383.01
6676.74
2986.13
3883.49
4838.54
7426.91
5117.77
3419.59
7012.46
2414.88
5783.09
9480.37
-312.74
-302.68
3762.01
9116.91
6905.80
2867.41
-498.18
6955.64
4556.08
1007.07
5773.79
7152.79
6952.58
8101.68
5002.76
6383.47
1988.31
8545.12
-98.19
8596.86
412.21
6881.80
6513.00
944.87
5333.45
9222.87
5852.29
6474.55
3791.08
2748.18
8566.91
3107.15
2785.57
-990.61
2731.72
6929.24
746.49
4179.42
6503.50
6385.11
7596.87
1718.87
926.96
1396.34
3232.98
5752.11
5700.67
-798.51
8430.75
2662.16
3819.92
3328.82
-601.14
3500.72
6648.39
-481.03
9171.91
7392.80
3817.45
5878.95
3464.51
2949.82
9534.05
-201.24
3689.51
590.26
7402.40
160.99
8708.19
1533.55
-586.78
2921.02
9534.60
9094.50
4302.76
544.88
3720.64
6848.92
3824.87
9635.32
7944.08
7189.16
2217.68
2536.54
4540.44
2141.83
3641.21
2745.56
8640.40
6302.82
-558.34
7978.09
6884.76
1250.24
769.23
1382.45
796.51
8931.26
-284.80
7325.92
1727.38
966.20
909.75
9085.69
-795.73
138.32
1630.27
7981.43
7932.58
887.02
1012.83
3647.76
2819.88
3780.95
8359.06
7861.35
2763.21
8214.04
1372.00
1128.54
1250.68
8092.65
7157.71
1653.89
8829.75
9731.63
9538.05
1115.42
799.77
8690.65
3812.06
3287.75
2256.07
9650.34
7384.42
5962.57
956.83
8324.04
2125.43
3030.68
4535.75
432.35
4498.90
8000.06
2068.31
39.62
3882.09
3201.66
7260.67
5147.89
3637.16
712.72
8638.69
-485.01
8417.08
3854.20
7600.71
127.66
9566.64
8606.09
1562.08
5810.11
1619.75
7032.26
5253.00
-837.99
4900.73
7511.96
4626.72
305.07
-700.44
6592.27
2328.21
1217.34
8703.68
2794.62
8096.08
9953.58
-86.67
4300.10
-202.84
9787.74
6594.16
1093.90
2054.93
6096.62
9867.36
2824.83
9936.97
6695.71
2770.66
1407.76
8183.17
-406.71
4303.68
4863.65
447.98
3058.61
1028.94
-600.63
1109.30
7980.77
7815.08
6091.27
8051.75
1879.66
8369.33
4315.50
5634.93
5311.48
2991.38
4130.88
4767.88
7822.51
-980.85
1787.35
7942.82
7994.64
-951.01
8319.55
3704.68
2513.86
8458.30
3690.84
889.31
6499.13
9957.09
3837.07
5601.73
8306.08
8382.42
4463.20
1999.94
5995.73
8334.10
6236.26
2932.37
2373.63
5595.13
7328.93
8437.26
2043.80
6076.98
9780.42
4529.97
2188.72
-224.07
4909.91
7930.59
453.34
5184.14
7870.52
2937.77
5034.73
4699.10
6695.14
4249.87
2556.95
6553.12
4249.15
1426.60
5794.53
3625.30
-548.32
271.95
3556.76
2448.53
-555.26
4640.57
2084.25
3919.26
1064.77
7472.45
464.28
2112.38
3662.69
885.97
5439.52
-907.12
8896.24
5150.67
6402.48
2561.25
1923.09
1415.38
4260.22
504.07
-163.61
9129.05
2062.45
540.63
9234.81
8506.61
1724.50
7631.19
6447.81
5331.06
2057.47
4899.74
1869.12
7336.39
1786.98
1666.17
6267.01
2647.85
5417.55
3773.48
3873.94
9240.63
7334.28
-676.62
12.91
5892.97
8139.66
5365.73
1888.31
-207.33
264.55
247.71
3142.77
7583.18
2563.89
2190.69
-100.41
4395.28
4425.40
4745.08
9487.31
6338.17
-380.31
8037.76
8746.26
3393.72
1228.47
8779.10
5482.91
2345.69
8959.98
9397.98
901.93
9608.34
5465.28
3028.09
5018.00
9583.62
7909.76
2347.87
1588.64
1161.00
7951.04
3151.12
4846.36
6834.61
5301.98
8398.05
3097.21
717.04
4288.12
7369.48
7894.33
7125.35
7798.77
6961.75
8132.21
1133.54
8305.82
4016.54
8028.85
1860.19
230.20
5860.08
5386.89
5422.53
-556.62
3850.21
6439.78
2487.85
256.56
8875.40
6970.57
2331.09
5643.77
-209.94
530.63
6193.73
2979.03
5555.69
4520.35
5440.38
2549.20
8422.39
5165.07
6279.31
441.26
223.90
9984.37
323.56
1953.48
6059.96
9704.95
1145.20
6391.35
2451.91
1150.02
-627.68
8464.15
3006.21
265.45
4426.50
1185.23
8036.07
2351.69
-120.08
3760.80
-253.11
848.48
2404.30
4081.50
-242.15
9066.57
7961.52
3384.02
3187.58
1560.53
1754.01
8676.27
4145.63
-330.36
648.75
431.50
1235.50
6011.93
5480.71
9347.19
5247.25
1463.76
3388.52
1778.70
5523.45
1603.73
1772.51
565.23
4693.10
4874.21
1840.08
3119.31
9237.15
3815.68
9206.88
1169.09
781.02
1499.44
9100.92
2259.10
5666.11
1353.39
7452.61
8074.66
1791.68
3757.71
2821.06
1533.97
6371.79
3667.67
7583.07
641.15
4776.12
3317.67
9982.76
6367.12
2165.94
1848.28
8927.71
6154.48
3295.25
7256.87
7295.92
3648.02
7310.42
5349.19
9780.38
4006.20
-846.21
9645.33
208.49
4016.00
9828.74
2770.25
5528.21
4705.10
8647.36
2206.06
5273.86
8725.04
9853.01
3686.65
7593.41
9425.21
7601.11
6916.29
3101.77
440.59
-20.24
9775.68
1912.76
3767.59
3902.74
9260.91
7192.13
8131.49
-15.06
8801.11
1321.09
3481.82
7924.41
6548.83
9148.89
5447.16
6387.12
8375.26
4997.89
1585.00
6064.86
4179.40
6250.48
-100.04
-367.58
2018.75
3094.94
6664.80
327.59
3734.68
727.17
9514.85
7192.09
7450.26
1541.24
7647.05
9037.65
5823.17
1059.96
3644.30
-272.65
2450.11
3913.38
1203.93
3438.62
7868.37
-195.35
3718.31
556.56
2044.12
559.20
2370.26
3946.06
433.13
6570.38
8440.75
5743.36
1610.21
730.51
-449.72
7473.00
9815.03
3304.74
1767.13
9055.98
5948.37
4273.68
6674.62
421.64
445.07
9200.69
7001.23
630.74
5712.58
1432.00
8514.85
8207.25
8238.95
2148.75
-947.64
-992.20
8947.11
2185.38
9605.25
8524.48
4950.24
3756.91
313.45
8018.49
3834.56
7359.83
-252.42
1572.92
955.51
8235.31
6843.67
3616.39
3711.87
2418.14
5696.24
1768.63
1271.25
1866.50
7191.30
5263.76
4021.22
9596.18
-855.27
427.44
9887.13
5064.29
6464.32
7842.54
5612.17
7840.10
8662.23
-854.94
5912.49
6225.19
3765.11
6198.73
-968.48
625.20
730.07
3247.00
-723.99
6885.76
6971.68
-906.44
9444.79
6653.17
2837.89
9402.66
2594.78
4495.93
2060.68
3885.95
2216.36
2292.84
810.48
1742.17
7544.71
4940.05
8445.86
3587.98
-876.79
1736.14
5274.65
-28.79
9085.60
8716.89
4776.29
6105.60
6899.81
1117.42
1350.53
3324.65
6444.91
575.85
7200.15
-60.25
8338.09
7292.07
4888.15
5148.64
5195.89
7323.68
8075.45
4163.53
3487.17
9872.76
5637.96
1294.01
-549.09
9320.72
457.26
5160.47
5950.72
-173.70
4481.44
641.55
511.73
7552.73
7835.60
9971.50
4100.70
3473.84
5888.72
2816.89
8481.70
1069.22
5305.37
-559.10
6185.28
4110.10
7413.89
6353.89
-222.94
1927.64
836.58
384.03
6365.46
7282.91
4907.38
9335.12
412.18
6392.98
7925.82
8347.65
2963.51
8646.76
3099.43
5161.91
8258.59
2253.26
6518.02
8334.39
77.80
7575.79
-573.16
822.44
4731.81
6531.19
9690.18
6010.40
1764.41
7379.87
6476.89
-906.82
3030.40
-139.53
6783.08
8258.34
8960.20
2174.33
-142.23
5510.38
2033.69
1211.65
1109.80
5316.61
1318.62
6053.13
4931.32
4665.92
-858.19
6395.10
-591.72
7875.44
8590.76
8043.11
-412.47
6519.76
4670.35
7614.45
29.65
1190.18
3364.03
8178.92
5171.33
1572.80
-986.08
1946.22
5008.53
4315.71
9217.31
366.32
5726.72
7973.07
-619.00
448.80
5845.41
891.93
6645.26
1843.30
2221.92
7814.37
5134.48
9275.15
4559.43
2419.73
-560.82
-794.69
6569.74
8668.13
-708.20
8153.26
2839.12
8020.80
9663.06
1158.96
6607.48
4870.72
9149.98
1746.81
8569.51
2762.04
-429.04
3070.59
4310.17
4089.22
8446.92
-526.72
300.48
-889.65
5533.77
-839.05
8974.71
3943.59
2838.03
689.31
121.89
458.52
4328.38
2022.48
-259.21
8365.40
4393.67
-547.64
702.81
7125.53
-153.29
6564.11
2091.31
1675.51
9309.83
4357.90
3272.37
7650.98
9139.66
4400.25
-30.04
-987.86
4911.63
3751.22
3752.79
8049.94
4357.29
3887.84
895.26
7639.44
2051.61
5302.25
1950.33
8103.98
-402.46
9806.55
3695.26
9256.73
3002.73
7892.25
5150.58
4732.68
-815.07
4993.97
1657.83
9173.51
1247.91
5585.25
6268.52
6098.48
8203.11
4765.57
1907.14
8282.11
1463.98
7087.20
4616.61
6309.48
1445.52
4839.54
2143.97
6649.41
5587.35
8566.39
5439.08
2634.46
357.21
6612.70
4706.51
-624.49
7102.91
4601.79
-631.98
2218.75
9526.94
1401.74
6051.11
4030.26
7532.06
1370.35
6385.75
7335.40
7191.82
2967.12
3407.75
6028.37
6775.83
7430.40
8764.04
5312.01
1045.91
9486.43
2455.27
2626.39
7755.29
2143.99
7035.43
3557.21
-956.69
898.19
1845.68
9300.11
6041.35
5029.81
9991.42
8895.30
458.27
61.15
2753.48
9761.72
9343.42
7983.44
8802.47
2237.40
3963.90
3312.28
7413.61
1569.09
2651.06
4257.41
8364.07
4010.86
506.68
-337.05
9064.29
2570.78
8151.07
-888.62
857.85
5894.96
8646.86
4860.40
821.94
7234.12
9826.19
3810.27
6246.11
3351.67
9531.41
-485.36
2397.49
-383.24
2811.99
3047.89
7908.12
7899.60
7571.87
-555.94
4223.57
468.90
2698.12
3214.77
7552.48
3649.73
3037.82
3638.97
9119.98
3593.93
247.76
4045.08
3706.32
8057.08
3423.05
-832.84
3418.83
5246.25
6737.15
6249.24
1016.84
4957.70
8070.72
1571.98
7246.91
4873.83
6444.10
8966.55
9877.27
4333.77
4706.39
8277.40
-678.87
6171.41
1982.00
1444.98
6729.32
6633.98
-681.05
2570.49
3125.83
8749.91
9725.31
2314.46
1065.86
3918.54
-149.78
-369.66
38.38
4979.33
8630.17
-745.50
8330.40
-960.96
6109.32
3360.22
-838.33
-895.88
-213.89
33.63
2167.56
7179.63
7033.00
6639.12
8707.05
4462.11
5631.85
8515.39
6178.78
4767.80
6397.29
3330.24
1280.15
8460.54
8416.88
486.36
-740.28
8045.41
5241.88
-791.51
5045.01
1570.87
-445.21
6202.90
3206.02
3548.03
9647.49
3504.23
-443.88
6694.27
712.36
2589.32
644.72
9794.49
-847.96
2230.09
2062.51
1524.63
3480.92
3763.78
5805.58
2455.95
3186.31
2250.65
6718.32
8836.84
7806.93
1052.60
1007.44
939.14
8018.46
3379.23
-377.14
6385.54
3766.89
3090.40
7408.81
8834.94
8946.03
5926.27
6920.15
1928.88
-356.48
1538.38
3495.68
9846.83
9836.21
7221.20
1723.42
405.59
5612.90
8970.62
1314.66
5392.22
6977.71
1468.66
8650.75
4236.85
3793.75
3485.91
-342.40
7209.51
3278.98
8778.79
187.26
-777.89
2907.96
9996.76
-319.90
407.63
7055.03
2969.47
9860.06
1178.44
3913.54
3895.62
-296.05
5184.42
1509.92
9223.20
313.68
910.80
4785.81
1065.94
5134.99
6768.63
7365.56
8028.38
4991.04
7456.50
7399.19
1273.35
4079.40
8426.13
2088.12
3048.38
5047.86
5329.24
4575.56
9468.61
-71.60
4562.08
2933.72
2996.03
5307.12
6714.53
154.99
6923.15
8487.59
937.20
8433.20
-95.54
9240.58
6470.97
9653.04
8701.02
2114.22
1651.24
8415.80
4490.78
3583.47
436.62
-856.26
5795.61
-197.98
3438.49
5610.32
9653.55
6226.35
1279.15
2573.55
-326.28
3104.63
4576.81
8513.41
5910.74
9804.85
8251.10
8319.51
3019.75
7852.79
1902.93
3465.89
4231.75
6066.98
6800.46
3312.51
297.48
3722.61
6814.61
-780.01
236.71
5382.91
4585.65
2994.15
6622.87
-340.83
591.04
9563.67
2734.72
2443.10
7197.10
3700.15
3388.38
-510.18
3376.54
9538.01
330.88
4057.27
-453.65
7346.88
2101.57
9130.34
1756.89
1948.61
1252.97
2536.86
9925.28
8270.04
7571.48
3923.68
9277.66
2762.42
5972.35
379.03
-695.45
2415.67
8155.12
1103.67
1362.29
2891.62
-594.88
9717.24
9678.44
6618.54
3830.68
8151.95
2836.65
-451.44
530.65
6576.83
6753.76
-563.78
4444.30
3396.66
6601.37
1256.36
4592.96
4838.38
4658.51
6650.59
3415.78
9077.24
258.29
5006.99
529.42
7907.55
9217.56
4648.01
6077.54
8310.76
9988.42
2412.87
5131.87
9295.79
-651.11
-282.52
1684.90
2048.44
7040.39
9951.53
9442.52
1478.34
6469.44
5966.09
5131.95
-380.57
3677.31
4467.60
9888.45
5307.46
1512.79
2372.25
4437.76
3482.98
5405.47
9754.94
5425.87
633.59
9685.49
4166.62
433.66
4447.04
5468.53
2544.19
1131.19
1798.41
6840.45
4429.67
-501.95
9608.94
4515.01
3728.77
478.16
4338.27
3327.81
4554.64
9874.64
4160.96
4276.33
7278.40
6111.54
7606.73
2438.45
5926.60
1380.84
6789.80
144.97
3494.92
8180.23
5239.92
-723.71
500.11
-795.34
6679.86
517.43
4355.91
2765.60
4390.89
7764.33
184.55
8710.50
7492.32
4395.75
1320.29
1146.56
7134.11
952.00
4234.26
4211.77
238.09
6571.18
-125.66
8911.35
6121.09
3208.09
5407.70
3187.34
8593.58
326.88
2762.22
2611.92
6472.78
7024.93
2973.93
7755.32
2722.00
8627.24
5032.68
3190.15
889.74
2857.43
7733.20
4916.15
2786.57
4800.56
7057.74
4435.01
1175.83
4042.13
9117.32
2821.51
9050.06
5344.32
5016.87
1530.52
3321.43
7325.51
5850.07
2107.94
6066.94
6162.01
8985.90
5037.71
-120.55
6794.45
1405.40
1525.10
314.77
8302.04
6486.47
6057.40
-250.80
6761.96
5309.19
8548.38
-379.87
4514.95
2712.91
9873.25
2767.45
2540.69
8367.22
1972.26
2769.78
8636.08
-395.07
1973.65
4037.08
1193.35
1624.68
1920.90
8469.57
6059.87
8304.87
9955.66
1888.45
2153.86
7820.61
106.60
7511.62
9860.40
6893.52
5410.27
2348.08
5083.03
2468.03
8171.34
9848.52
5090.20
1921.72
252.68
9705.48
-850.55
2748.15
8130.69
8585.44
6611.72
-773.01
7884.20
1801.07
7620.71
6296.69
6559.73
5407.17
5341.58
3008.53
6411.46
-549.38
4441.83
5852.43
8847.45
-872.31
-7.37
6076.36
-595.84
4678.15
6607.71
8761.81
844.42
89.69
9324.80
2911.60
5261.30
6618.78
7912.37
2317.68
191.55
5269.15
6693.51
9799.19
1026.55
3109.73
2257.43
-347.93
2206.85
7515.71
1611.85
6300.33
1611.97
8251.81
9296.36
8927.69
5789.45
6372.81
9824.64
-146.22
4384.07
3053.98
188.29
5529.99
1621.83
9077.11
9108.44
7628.89
792.26
3385.51
6319.59
6311.20
8297.83
1603.96
5700.11
751.90
7179.20
-226.28
816.03
7035.29
1201.45
5642.93
7673.78
7321.37
2230.59
-549.56
1412.15
4996.19
5959.97
1157.82
9401.81
-652.17
3868.69
8999.87
8817.45
925.49
9588.19
7779.06
5667.73
6632.75
620.84
4317.54
6932.01
3257.42
9392.14
1836.91
4862.96
-159.03
9100.37
3977.38
9900.11
3199.11
8494.05
-361.61
3268.82
3006.93
1494.63
5244.28
6593.08
4844.87
3658.95
3965.07
843.36
4277.74
8919.68
3070.48
2471.21
6523.60
3108.77
7993.12
6449.93
8051.37
6413.26
7639.55
4018.93
4219.13
2971.38
8904.94
8363.54
6015.13
4394.53
2838.35
6098.86
3514.90
2834.80
1464.96
1605.91
5454.54
9415.95
5970.51
2410.88
4693.71
4227.49
365.42
1487.49
6195.82
5143.81
964.67
8127.58
227.89
15.13
-773.12
6035.85
521.65
9311.76
3895.04
921.28
4816.14
4814.57
528.35
979.30
1029.38
6756.19
7287.84
-238.33
7232.34
1958.28
9781.70
4054.12
1597.51
7333.47
7630.58
7181.83
-21.79
5711.06
8724.64
3026.77
4849.38
2564.13
6276.35
5623.43
-913.53
222.98
5488.16
2503.03
2415.53
5798.75
8574.87
4956.27
6051.25
6312.50
8266.46
2438.35
4350.72
3589.51
2880.15
4647.66
147.84
7653.27
3571.22
3471.22
5772.30
4116.60
6619.05
1433.83
6328.64
4498.28
8623.37
5981.91
6900.32
9642.22
2833.96
9377.01
431.91
8027.05
4742.19
4911.60
3300.02
-532.24
6647.51
6718.53
1323.84
5679.21
1470.27
2821.81
3185.16
4970.18
8825.71
7724.27
8823.38
1578.52
7140.01
1256.89
2459.12
1342.45
-563.00
6663.09
4510.06
8524.19
81.08
7653.55
8217.84
-702.43
6230.56
6121.02
1986.65
2568.18
8375.91
4984.79
1409.67
7239.92
8452.75
9414.14
8593.46
9323.04
6353.09
8447.64
527.61
-567.46
8539.69
7639.96
-84.65
5292.68
6002.37
9852.24
1599.50
7814.06
28.31
812.97
-532.13
8396.86
5044.93
225.45
3156.70
-396.82
5579.14
2597.78
-188.30
1158.35
7280.37
6207.74
7526.00
9514.17
6815.03
6203.78
6929.65
7747.33
361.67
4576.31
101.13
3546.09
-909.78
8277.05
4462.87
7453.93
8241.38
9979.02
9534.63
9552.15
7106.46
9321.69
5745.76
8945.89
3682.25
-383.69
6237.26
8725.78
319.47
-795.98
6932.21
6671.40
1279.94
4968.13
7388.91
4434.20
9600.79
-408.30
-448.55
5160.08
-509.64
1380.62
3000.98
386.35
1402.40
6064.87
4292.61
5944.59
6730.94
1006.58
8496.83
2339.57
5165.17
8105.71
6757.19
2059.91
1872.41
7549.91
4363.99
6626.82
-30.39
4150.95
999.02
2414.22
5751.69
9600.30
2384.73
5080.67
6751.07
9202.51
4672.45
9829.41
2990.45
-505.65
2474.82
1281.15
3161.07
7140.70
1815.68
144.58
7865.21
1651.44
727.09
8208.18
1906.06
1096.88
8232.51
3894.63
5049.82
5348.14
3164.56
-325.02
2270.82
4710.25
7194.73
7891.67
6348.19
3020.71
2119.77
6959.44
2282.79
7733.90
5712.90
6746.93
5747.55
6070.79
4754.10
7109.05
8768.51
3335.98
9728.39
-870.34
93.74
469.82
7244.43
7140.21
4475.71
3189.09
4943.75
4604.61
2639.72
825.25
7986.90
882.97
-999.95
-222.60
7648.49
276.66
5717.60
8769.69
1215.98
7941.73
632.33
-488.00
2045.36
-738.64
2628.24
5787.83
1047.74
7344.21
1120.21
4268.32
4660.84
1676.59
5439.45
8881.84
5133.52
4049.94
8257.02
8757.23
835.48
3872.60
8770.52
4216.12
7261.74
1168.10
6131.28
9455.86
5650.15
8013.59
9505.68
6988.95
3253.57
-256.49
-909.83
7372.50
3719.93
5857.61
7835.09
1340.03
2888.75
6276.55
8959.08
5281.00
7744.92
3926.29
9096.21
134.50
3496.45
790.40
5160.22
1771.66
8198.94
640.74
8854.65
-808.33
8259.13
280.75
8542.04
3160.99
5704.12
2133.90
2498.45
2422.95
9495.64
3235.73
7839.56
-464.77
7486.51
5808.61
9403.79
-461.18
1842.10
4211.66
9417.62
1092.44
-457.24
2138.77
7265.06
1987.60
7547.70
181.01
4173.81
151.12
7877.98
7247.27
-52.51
6344.59
8476.84
7312.15
1348.37
-17.06
8251.81
9284.65
-852.83
8403.89
2232.22
4804.86
2290.83
5.33
-527.64
6960.86
4229.42
-97.27
2030.23
8984.28
-90.98
8813.64
2954.03
3280.11
5794.71
6708.01
607.97
8141.09
7339.92
6070.14
4840.72
-49.63
-250.15
6621.96
6380.16
1338.75
3340.24
4390.62
3202.17
4782.47
-10.72
4781.47
5119.41
8974.52
757.74
6276.76
1453.22
2247.28
5030.25
6488.23
2758.73
9995.94
7894.67
1695.30
795.68
5957.90
-614.04
6715.96
2150.19
1152.41
6580.33
-360.03
7882.61
8070.10
2305.31
1318.74
8034.14
2907.79
7240.68
-878.14
971.00
4576.48
2855.75
1506.77
228.66
1988.04
3949.12
7861.86
393.83
5956.83
3452.71
2606.66
6182.17
6743.92
-874.26
187.93
-586.44
8604.25
3672.53
1233.30
1975.81
7465.83
-781.81
3002.66
6622.00
6909.87
5210.86
5975.26
5207.50
4487.09
7597.08
5110.04
5382.10
1938.05
-206.20
8328.84
5935.07
680.74
-808.56
4474.10
9186.42
9162.49
3032.29
9616.15
4778.46
9498.88
2795.39
-907.92
6449.23
7263.83
3272.87
5040.03
5837.09
3967.08
1753.11
4550.08
-831.34
6640.12
3448.47
8470.87
5998.98
7847.19
6707.40
1239.11
724.02
561.55
8939.06
9773.02
1244.85
9125.51
8555.44
8385.33
9239.24
6010.85
9377.09
1791.79
5506.97
-299.45
3123.93
9804.12
6940.14
7931.84
-463.72
3150.13
-821.96
-742.75
-467.04
2399.84
6081.82
3105.57
9311.06
3055.76
8184.56
909.83
-503.29
9152.09
4221.85
4662.56
8586.66
5084.28
1560.87
7532.63
-3.23
9602.09
-629.50
-63.21
2603.61
9769.01
-187.77
-980.14
2650.99
3156.67
-899.67
2144.72
8200.22
82.07
2330.57
7933.69
8544.10
4789.08
1040.81
861.78
5811.80
7908.33
392.88
1069.00
1612.80
334.00
1527.01
-525.94
2438.08
-217.73
1562.59
3407.85
7640.75
2059.41
4483.28
9405.57
7485.50
-201.48
-428.78
7485.37
8592.62
6251.02
8858.49
8676.99
5206.85
4554.95
4010.78
-850.19
8825.07
8013.98
4938.76
8762.35
9938.28
6685.69
-559.86
4349.69
8218.34
7683.25
1498.28
533.17
5008.90
-451.02
7699.45
9691.54
6872.39
2242.71
5111.19
2851.11
575.98
9438.57
1194.08
2771.90
274.96
-821.50
6884.48
7473.62
9100.21
1319.79
3613.39
8299.85
2668.76
4867.57
297.92
66.61
6402.72
6563.75
6926.40
8044.41
-558.51
5062.48
9191.78
310.33
-374.97
9874.12
6398.11
6071.07
9490.17
-719.22
-960.00
252.76
92.75
5748.54
813.93
4701.18
8709.34
-996.66
73.39
-629.27
3806.19
3675.29
3573.94
5189.35
7338.63
6386.46
8297.19
1889.53
9363.53
4976.13
9810.19
9901.42
3186.60
7202.98
3542.22
-5.40
6144.16
5841.25
7906.56
3596.16
4639.68
9162.42
1920.09
5912.62
8461.72
6187.29
4776.05
2021.06
8985.86
4477.79
5139.93
1767.29
740.36
225.87
-901.25
8542.02
2789.17
4475.34
8080.65
3489.33
2184.27
1963.66
1193.06
7655.73
842.28
8161.72
2008.42
5451.37
206.19
9355.70
5302.84
891.15
4456.35
7809.63
2444.62
-342.79
646.44
5662.91
2489.68
9066.37
4608.32
-981.31
5087.28
7911.50
9631.14
3612.89
-120.18
2081.70
5103.66
8260.23
7770.39
3067.32
4378.17
2926.44
1609.71
3415.92
434.91
3490.81
5087.88
7047.06
906.76
2796.61
8650.46
-641.95
-364.16
4484.55
8879.70
2236.29
7282.44
8058.89
821.19
5749.34
3115.79
5088.20
1382.66
4399.21
4458.20
6001.95
2823.85
4404.24
1010.53
8863.83
-476.92
1360.18
449.72
-625.40
2881.16
-451.57
9397.50
3900.37
2478.35
5673.56
5471.61
-681.25
-785.13
2246.86
8923.17
6812.05
