9
3
16
13
16
2
13
5
6
18
7
8
20
3
1
10
21
15
16
11
20
19
5
9
20
23
2
22
4
22
9
24
1
23
13
0
20
24
14
20
16
8
24
19
4
3
10
24
22
15
20
1
23
9
23
13
10
5
1
3
3
6
2
17
19
11
5
10
1
9
16
12
1
23
17
22
3
7
21
1
17
16
12
16
6
22
24
1
15
0
2
15
11
3
11
6
0
11
22
1
5
18
4
13
18
18
15
8
11
11
1
12
7
22
12
15
16
10
13
16
20
21
7
24
7
0
22
21
22
13
13
2
14
11
13
12
11
1
7
11
4
13
1
18
3
3
21
7
24
3
21
0
7
11
5
7
14
17
24
20
1
4
6
13
9
8
23
5
0
23
21
19
24
24
1
17
21
20
22
11
6
14
15
23
7
8
3
0
9
9
19
21
5
20
0
10
0
13
4
17
22
15
4
14
1
13
19
18
6
13
1
13
7
7
16
4
17
20
10
17
0
24
11
18
17
1
9
16
23
18
15
14
18
6
16
4
20
21
17
17
2
6
16
1
15
4
3
3
24
19
18
16
19
7
12
13
3
16
8
18
0
16
0
9
23
9
5
23
11
21
6
13
17
21
1
17
22
6
15
4
11
9
21
16
11
9
21
6
5
11
23
7
4
8
10
12
12
5
22
18
6
22
0
15
17
17
22
19
12
8
4
0
4
21
9
3
24
7
20
3
15
21
12
11
9
13
21
3
13
7
0
18
4
21
2
15
19
3
23
4
15
16
22
22
20
10
19
8
16
7
24
18
9
24
0
7
14
16
5
2
0
23
23
2
6
4
21
6
20
4
18
7
24
2
7
2
14
4
22
8
13
16
17
12
2
11
20
19
1
2
3
5
17
19
22
13
23
19
2
16
23
18
10
16
2
22
2
7
3
12
2
22
0
21
10
6
18
12
18
16
3
16
16
5
20
19
4
0
5
3
11
0
24
23
10
15
17
0
5
9
10
1
2
10
10
24
15
7
21
15
5
24
9
13
15
24
0
1
18
23
23
8
22
18
10
16
6
1
23
11
4
5
5
16
24
22
7
22
23
6
22
5
5
6
17
15
18
0
14
13
10
2
11
8
4
2
10
12
22
0
18
12
8
13
4
21
3
16
19
5
11
23
7
23
8
8
5
0
2
5
20
3
23
12
19
15
14
11
15
6
21
18
6
14
17
13
9
24
24
10
16
3
8
9
0
7
10
14
21
15
4
22
14
12
11
22
19
21
23
20
11
4
16
8
18
1
21
4
3
13
17
2
3
14
4
16
0
16
18
7
24
1
11
2
23
1
19
12
3
24
2
1
17
8
2
6
14
5
12
15
16
7
20
10
11
12
21
13
15
4
18
4
11
11
13
17
4
22
14
8
18
24
9
15
17
18
1
6
16
9
18
1
7
22
11
19
0
2
13
8
14
5
6
2
0
9
9
18
10
17
18
24
18
15
18
4
3
3
16
2
21
23
24
9
10
12
14
21
13
15
21
20
2
2
3
10
7
3
2
10
13
22
17
17
2
24
3
8
8
11
10
14
5
23
8
21
8
7
4
24
4
15
5
13
20
15
24
22
13
9
0
15
16
19
6
20
10
0
19
15
13
20
0
23
10
3
6
6
11
14
12
4
16
4
17
23
0
10
22
3
15
6
5
0
2
5
14
22
8
23
16
19
22
23
12
9
7
3
14
21
8
3
0
6
18
4
16
17
12
15
20
5
15
20
11
15
11
6
0
15
0
17
22
11
12
5
22
5
21
12
3
5
16
17
5
6
2
11
19
5
16
14
11
20
22
18
3
1
23
18
22
14
6
20
19
6
16
7
4
5
6
17
10
4
14
19
15
20
9
23
16
1
5
24
7
13
22
18
16
23
18
11
2
1
7
0
16
9
19
1
14
11
2
12
18
20
12
5
19
16
10
20
12
14
9
0
22
12
13
18
23
21
8
14
6
17
23
3
11
18
9
7
15
5
11
12
6
10
15
17
1
3
13
4
19
24
20
6
17
6
0
4
3
6
16
14
12
7
18
12
5
21
20
2
23
9
3
5
4
3
9
12
14
8
12
16
22
19
1
7
14
2
23
19
6
17
15
24
15
22
6
5
18
17
1
7
5
8
19
22
2
18
7
5
10
8
5
18
23
19
1
1
6
7
6
4
7
15
5
11
16
7
15
21
16
1
11
5
23
10
5
22
14
5
14
8
1
4
23
10
13
13
22
7
14
4
15
1
16
7
