8
19
24
5
19
21
20
14
9
19
21
14
20
21
2
10
6
3
5
23
2
1
6
20
1
2
21
3
9
4
22
23
7
8
13
18
12
18
21
24
9
12
13
6
6
6
17
4
17
7
3
13
3
24
14
15
1
0
6
13
0
9
12
16
1
20
5
20
8
13
9
14
22
24
15
9
17
4
22
17
14
16
7
6
7
23
5
15
20
16
24
22
22
5
22
23
22
20
10
16
21
19
14
15
11
21
20
19
20
22
10
23
0
2
19
3
3
23
24
2
15
18
0
12
23
19
12
6
22
13
19
17
16
15
10
0
12
14
11
18
12
14
17
5
4
12
20
4
14
13
11
11
9
17
15
17
21
11
18
16
19
20
15
11
3
3
11
11
12
10
8
23
21
18
21
10
10
17
18
22
14
20
17
3
10
18
21
20
4
16
10
5
1
19
23
1
14
11
24
21
23
16
11
6
2
19
14
16
9
7
15
22
4
17
3
8
22
22
5
4
4
7
4
24
6
23
14
7
8
15
14
23
1
7
0
5
17
12
9
23
3
23
5
8
19
11
2
20
22
18
12
23
16
17
14
8
12
15
7
0
9
4
18
6
13
11
12
9
8
20
10
11
9
6
2
20
11
9
6
23
4
1
12
20
19
8
6
2
4
0
8
11
18
12
15
20
0
16
12
21
17
21
7
23
11
4
24
14
5
2
10
3
16
4
12
19
24
23
7
4
17
13
9
15
24
24
7
17
18
6
19
16
16
12
13
18
4
7
12
1
23
8
4
22
5
24
4
2
18
14
12
9
23
13
17
6
17
13
22
15
16
12
15
3
0
7
24
4
19
8
23
22
16
0
7
18
5
20
17
19
5
20
0
12
21
20
20
17
24
22
22
5
18
14
9
0
21
11
6
23
19
18
12
23
3
14
14
16
18
15
6
23
19
2
5
15
4
3
2
9
16
23
13
18
16
10
15
5
23
19
0
16
0
17
1
9
24
10
3
3
12
1
17
18
17
8
12
16
0
10
21
10
22
5
5
0
22
2
19
14
15
0
23
24
0
7
18
20
15
14
6
2
17
24
22
11
7
8
6
15
12
6
21
8
9
15
8
21
17
2
2
12
14
14
12
19
6
9
6
0
17
7
0
21
0
7
10
20
4
19
8
21
3
19
22
4
5
1
5
7
22
0
8
8
21
15
14
17
20
5
3
18
19
23
15
9
2
11
11
23
12
17
0
24
2
4
23
8
1
0
24
11
1
9
14
11
19
2
2
15
15
2
7
21
8
9
2
11
17
7
7
11
22
17
23
12
21
5
20
2
0
15
18
7
21
4
8
14
8
21
5
24
12
20
21
4
8
12
2
21
12
22
12
1
7
21
6
13
8
8
10
21
17
14
6
2
11
13
23
19
17
0
7
15
2
20
17
10
5
7
16
5
11
13
5
0
7
6
1
3
9
21
5
18
2
0
13
13
20
10
4
12
1
23
8
1
9
16
20
19
0
0
11
19
21
1
19
18
6
17
21
4
6
20
2
21
21
7
1
6
15
21
4
8
21
8
14
8
4
5
11
8
9
11
16
15
6
15
22
24
13
2
8
11
23
16
11
12
16
1
21
19
7
17
17
1
11
19
3
12
14
0
4
5
4
20
12
13
12
9
13
14
13
8
16
24
12
17
14
13
8
3
19
12
1
19
11
5
8
4
16
21
11
5
16
15
21
22
14
16
2
14
3
6
0
23
21
15
17
9
7
9
5
23
12
15
0
24
23
9
8
4
24
4
14
15
4
18
7
9
1
2
11
1
10
13
4
24
8
6
6
13
24
12
12
17
23
1
22
0
10
19
5
10
9
12
11
24
19
12
7
22
1
18
13
23
20
18
17
3
19
12
21
19
0
21
1
23
23
1
8
18
8
11
9
1
21
10
4
5
4
17
14
14
12
7
3
3
7
21
5
17
5
8
14
15
15
0
0
1
5
18
4
11
5
19
18
3
15
20
24
0
14
3
12
1
10
16
9
18
12
0
9
24
7
12
11
5
15
8
4
17
5
12
18
18
14
6
17
18
10
2
0
1
3
1
15
8
12
19
12
23
15
7
8
23
15
4
18
5
6
20
22
2
12
12
21
17
6
0
10
1
23
24
3
15
0
12
11
10
19
18
0
23
12
21
2
6
10
2
15
4
12
21
11
11
24
22
11
20
0
18
13
11
23
15
1
16
9
5
1
13
17
10
21
23
2
3
13
9
13
23
7
3
11
11
20
11
18
16
