7244.43
7140.21
4475.71
3189.09
4943.75
4604.61
2639.72
825.25
7986.90
882.97
-999.95
-222.60
7648.49
276.66
5717.60
8769.69
1215.98
7941.73
632.33
-488.00
2045.36
-738.64
2628.24
5787.83
1047.74
7344.21
1120.21
4268.32
4660.84
1676.59
5439.45
8881.84
5133.52
4049.94
8257.02
8757.23
835.48
3872.60
8770.52
4216.12
7261.74
1168.10
6131.28
9455.86
5650.15
8013.59
9505.68
6988.95
3253.57
-256.49
-909.83
7372.50
3719.93
5857.61
7835.09
1340.03
2888.75
6276.55
8959.08
5281.00
7744.92
3926.29
9096.21
134.50
3496.45
790.40
5160.22
1771.66
8198.94
640.74
8854.65
-808.33
8259.13
280.75
8542.04
3160.99
5704.12
2133.90
2498.45
2422.95
9495.64
3235.73
7839.56
-464.77
7486.51
5808.61
9403.79
-461.18
1842.10
4211.66
9417.62
1092.44
-457.24
2138.77
7265.06
1987.60
7547.70
181.01
4173.81
151.12
7877.98
7247.27
-52.51
6344.59
8476.84
7312.15
1348.37
-17.06
8251.81
9284.65
-852.83
8403.89
2232.22
4804.86
2290.83
5.33
-527.64
6960.86
4229.42
-97.27
2030.23
8984.28
-90.98
8813.64
2954.03
3280.11
5794.71
6708.01
607.97
8141.09
7339.92
6070.14
4840.72
-49.63
-250.15
6621.96
6380.16
1338.75
3340.24
4390.62
3202.17
4782.47
-10.72
4781.47
5119.41
8974.52
757.74
6276.76
1453.22
2247.28
5030.25
6488.23
2758.73
9995.94
7894.67
1695.30
795.68
5957.90
-614.04
6715.96
2150.19
1152.41
6580.33
-360.03
7882.61
8070.10
2305.31
1318.74
8034.14
2907.79
7240.68
-878.14
971.00
4576.48
2855.75
1506.77
228.66
1988.04
3949.12
7861.86
393.83
5956.83
3452.71
2606.66
6182.17
6743.92
-874.26
187.93
-586.44
8604.25
3672.53
1233.30
1975.81
7465.83
-781.81
3002.66
6622.00
6909.87
5210.86
5975.26
5207.50
4487.09
7597.08
5110.04
5382.10
1938.05
-206.20
8328.84
5935.07
680.74
-808.56
4474.10
9186.42
9162.49
3032.29
9616.15
4778.46
9498.88
2795.39
-907.92
6449.23
7263.83
3272.87
5040.03
5837.09
3967.08
1753.11
4550.08
-831.34
6640.12
3448.47
8470.87
5998.98
7847.19
6707.40
1239.11
724.02
561.55
8939.06
9773.02
1244.85
9125.51
8555.44
8385.33
9239.24
6010.85
9377.09
1791.79
5506.97
-299.45
3123.93
9804.12
6940.14
7931.84
-463.72
3150.13
-821.96
-742.75
-467.04
2399.84
6081.82
3105.57
9311.06
3055.76
8184.56
909.83
-503.29
9152.09
4221.85
4662.56
8586.66
5084.28
1560.87
7532.63
-3.23
9602.09
-629.50
-63.21
2603.61
9769.01
-187.77
-980.14
2650.99
3156.67
-899.67
2144.72
8200.22
82.07
2330.57
7933.69
8544.10
4789.08
1040.81
861.78
5811.80
7908.33
392.88
1069.00
1612.80
334.00
1527.01
-525.94
2438.08
-217.73
1562.59
3407.85
7640.75
2059.41
4483.28
9405.57
7485.50
-201.48
-428.78
7485.37
8592.62
6251.02
8858.49
8676.99
5206.85
4554.95
4010.78
-850.19
8825.07
8013.98
4938.76
8762.35
9938.28
6685.69
-559.86
4349.69
8218.34
7683.25
1498.28
533.17
5008.90
-451.02
7699.45
9691.54
6872.39
2242.71
5111.19
2851.11
575.98
9438.57
1194.08
2771.90
274.96
-821.50
6884.48
7473.62
9100.21
1319.79
3613.39
8299.85
2668.76
4867.57
297.92
66.61
6402.72
6563.75
6926.40
8044.41
-558.51
5062.48
9191.78
310.33
-374.97
9874.12
6398.11
6071.07
9490.17
-719.22
-960.00
252.76
92.75
5748.54
813.93
4701.18
8709.34
-996.66
73.39
-629.27
3806.19
3675.29
3573.94
5189.35
7338.63
6386.46
8297.19
1889.53
9363.53
4976.13
9810.19
9901.42
3186.60
7202.98
3542.22
-5.40
6144.16
5841.25
7906.56
3596.16
4639.68
9162.42
1920.09
5912.62
8461.72
6187.29
4776.05
2021.06
8985.86
4477.79
5139.93
1767.29
740.36
225.87
-901.25
8542.02
2789.17
4475.34
8080.65
3489.33
2184.27
1963.66
1193.06
7655.73
842.28
8161.72
2008.42
5451.37
206.19
9355.70
5302.84
891.15
4456.35
7809.63
2444.62
-342.79
646.44
5662.91
2489.68
9066.37
4608.32
-981.31
5087.28
7911.50
9631.14
3612.89
-120.18
2081.70
5103.66
8260.23
7770.39
3067.32
4378.17
2926.44
1609.71
3415.92
434.91
3490.81
5087.88
7047.06
906.76
2796.61
8650.46
-641.95
-364.16
4484.55
8879.70
2236.29
7282.44
8058.89
821.19
5749.34
3115.79
5088.20
1382.66
4399.21
4458.20
6001.95
2823.85
4404.24
1010.53
8863.83
-476.92
1360.18
449.72
-625.40
2881.16
-451.57
9397.50
3900.37
2478.35
5673.56
5471.61
-681.25
-785.13
2246.86
8923.17
6812.05
