11222.20
13244.10
44351.97
15536.40
50132.39
2734.90
40643.21
37825.59
9688.26
31650.56
43531.80
15700.80
76860.96
3285.54
11739.60
68096.16
12541.56
62183.28
70640.10
39366.05
58067.55
31141.22
24002.16
4066.32
34140.12
39834.00
9153.92
26685.31
42384.95
13664.84
44003.19
3209.40
87900.61
47421.66
39249.60
23225.00
24371.76
47259.24
54648.66
20569.56
33796.48
70754.10
75231.20
2408.58
6542.92
15086.17
41045.42
60376.26
9344.80
69112.40
47474.92
45303.65
12645.36
48832.65
19299.54
64057.95
32434.75
29556.75
44604.88
47805.66
36760.40
31134.18
21804.92
63282.24
23411.57
16379.19
33404.28
40818.46
8156.82
32374.72
54733.50
15841.28
20982.40
36609.60
41122.46
12839.86
4316.68
49191.90
31181.54
46257.02
20205.24
7122.60
38744.18
26894.50
44853.22
88460.64
45310.82
66285.11
1166.26
62856.30
19533.06
27617.45
46850.40
18339.30
29713.32
17099.91
37780.80
2646.84
36102.64
29920.96
21341.18
60621.37
32915.70
45588.96
21506.31
41770.64
26360.88
46834.74
1106.20
16332.55
25767.40
18187.20
37990.92
57842.10
19052.16
14134.88
26292.88
13917.12
41096.88
10798.48
43236.20
29842.73
18740.34
2104.30
21547.95
27885.28
37840.50
56452.04
48021.66
28149.03
64100.64
16257.60
6779.12
33218.64
17028.34
26532.90
26685.75
17043.30
48995.52
19956.30
23658.83
93097.50
48740.02
26235.90
72391.50
20101.60
1620.71
68153.82
31053.00
26571.31
26448.00
6547.08
4036.32
6012.54
11254.21
11682.60
39178.24
55102.08
51417.99
32029.02
10258.80
63863.65
85840.50
16025.16
26151.93
31302.18
35756.72
24206.00
26157.45
32338.56
25975.62
20679.67
7603.96
20660.27
33124.67
42453.72
26968.20
31865.81
49972.80
33012.98
74429.00
7600.40
904.00
3435.62
34812.75
68472.96
41137.47
22515.14
44792.88
44110.44
42010.15
22163.16
15844.34
73435.83
45128.30
28427.31
10469.04
6478.84
26884.44
24176.50
19221.41
1899.99
33050.96
49202.32
44168.54
73277.20
37624.68
36960.40
65745.03
50818.02
51715.35
68227.24
3306.57
80078.13
55197.90
36447.41
34762.00
11155.76
83191.71
54645.29
50936.34
38323.32
49758.20
46851.50
18864.02
41876.24
33271.84
10497.13
12058.09
37840.08
13075.65
69194.58
14055.00
9190.08
53555.96
44521.73
21562.56
27002.43
55074.88
6151.60
1783.87
70960.98
44039.58
77125.40
31459.25
1230.33
49696.36
4396.76
64418.40
14766.73
30071.86
64319.00
10691.36
13670.40
80824.92
19572.28
83731.56
86100.24
52134.60
22307.94
5558.82
21337.80
39354.90
53500.11
3349.52
67368.68
44599.05
35345.70
6997.56
60319.35
53578.08
3804.16
17028.72
11291.82
12989.76
7067.44
18601.23
9451.26
23623.38
27773.76
40852.68
50565.20
18297.50
35894.34
58126.25
9289.17
82787.50
55619.20
23455.30
26622.29
41485.20
87341.50
25121.40
73171.28
24472.01
57089.70
11265.32
5290.75
22272.48
25603.83
17947.08
33749.46
26128.50
46348.50
31408.02
45064.28
47203.88
65240.07
38866.25
58581.94
11381.94
3696.04
1543.63
8874.30
31065.12
35848.95
58310.07
67187.93
25377.75
13434.41
90767.04
66462.52
46837.56
34943.51
43538.77
14302.96
12701.44
74683.69
36887.48
36262.59
77661.90
91726.04
8423.03
64389.12
6274.64
9300.20
31801.88
5621.96
40374.40
45288.80
8243.70
92265.53
29179.08
66447.81
50444.46
43770.92
8138.60
49933.60
2877.06
65169.30
33190.92
40994.10
13104.28
1049.14
8084.64
13929.96
8451.03
59829.42
46251.00
18257.25
62778.30
49148.36
37128.00
21889.01
38401.65
20343.96
10787.34
2847.12
65159.46
48732.40
37624.23
46974.25
42318.39
30836.30
5442.00
64568.37
55165.50
17170.56
11980.98
54010.08
22577.94
56648.63
7296.00
17758.60
47364.84
89064.06
14319.04
3027.20
47138.91
74579.00
24722.04
9766.53
35719.43
46173.25
39077.18
42893.76
21160.36
6747.08
39523.26
9225.92
26314.60
13178.28
21042.80
28256.14
49556.70
23710.20
34162.10
53617.20
55438.20
28255.50
29907.90
62994.50
44262.36
51625.80
15268.44
28044.03
23881.20
10683.44
38170.80
26933.04
61670.70
29920.64
8739.20
90745.06
44071.50
42870.00
14309.54
56886.68
30852.60
65211.56
10491.40
28282.80
32754.60
76431.00
7105.77
34938.75
1128.22
24762.24
36669.96
10979.76
6310.68
42604.33
23545.40
10438.98
54625.48
13006.28
37187.00
53731.81
60964.05
13361.22
43170.50
18433.47
62184.36
24028.83
60089.68
50237.38
30753.92
12164.74
73382.40
40048.05
38344.11
42831.87
37759.40
32733.39
59115.00
13598.32
16797.70
40373.66
9593.22
75632.16
1543.63
25210.56
87740.16
51655.60
2700.88
69733.80
16111.29
65389.46
55521.83
3528.81
29326.88
17134.15
2454.64
13917.12
1613.71
18319.65
48394.08
59431.14
26325.90
22487.52
37208.99
31630.44
6386.85
9562.14
48255.48
30030.00
2943.12
74148.30
57546.72
17035.20
27807.24
36867.42
21850.92
51751.08
49761.32
11236.00
51500.23
53065.80
21569.22
52915.80
46849.14
46071.72
2850.12
5545.92
77832.50
17757.04
70527.73
46551.96
10181.78
4548.92
5521.00
35498.88
51501.45
1877.97
10730.52
21456.82
12937.77
27179.50
53266.44
7981.61
40764.40
1073.17
46797.14
8955.59
19152.00
38680.94
16407.38
10823.34
29208.78
48976.20
12571.16
8547.12
20614.66
6947.40
39241.50
47173.84
59020.73
53198.10
27046.69
12709.44
71619.68
21719.88
7952.46
83888.50
15832.92
11196.24
31483.75
56649.10
42111.95
22843.51
24489.01
49761.75
57516.84
59206.21
42886.20
72148.12
70145.72
59349.14
10896.55
26097.45
60765.00
9374.85
60365.00
16924.93
45828.44
7826.34
46501.00
39371.63
35353.80
13053.30
42190.46
63793.94
31533.20
57019.84
17933.11
32345.10
36487.44
24566.40
35975.04
52724.49
23577.76
14331.36
11135.88
31314.34
76330.50
39336.55
21840.00
29751.60
23242.89
74411.31
32722.80
63910.47
15386.30
37813.23
36380.88
16866.00
71702.44
34633.51
41350.84
30791.28
33178.42
22440.72
32308.02
79126.74
3191.38
54237.00
78383.00
22178.40
43223.04
17630.90
5628.18
11171.97
23791.33
46967.31
46160.96
27930.25
41474.40
72618.82
24848.88
36221.01
23425.68
10602.27
46813.14
51084.25
15460.64
16594.60
1841.93
37944.90
68692.85
15697.12
13670.40
54489.60
37679.41
23259.60
43739.52
39658.56
45809.72
48920.44
81541.92
53096.55
11343.15
53866.56
23731.38
63277.51
60123.03
4090.35
36800.40
12168.09
69857.92
13523.31
71282.82
83688.50
40472.64
18329.20
9121.84
45781.21
29451.20
27192.21
9817.50
28124.55
26236.32
46186.92
24610.95
32349.50
31422.16
72500.12
48452.36
29185.77
17431.37
44491.97
39269.16
39787.20
24406.40
41114.40
81013.44
34542.00
5145.60
27058.56
1888.98
85640.00
20902.24
52111.44
15696.94
28510.40
18804.89
14704.16
43948.44
50101.04
22103.80
35917.95
26593.56
50009.82
20616.90
19869.00
25208.82
42324.80
36159.55
32874.60
53720.64
10651.27
71941.05
48133.17
57404.16
46849.25
32726.76
68784.66
9676.26
54496.48
70676.21
82982.68
68658.66
52336.00
48268.92
48050.70
16097.00
57912.50
5220.65
55773.27
5549.88
49921.52
45897.67
34547.74
56827.84
28366.59
72124.80
29730.55
48415.64
59902.72
28610.40
14316.12
19380.80
19545.57
11279.82
2808.98
53742.78
65381.88
49006.89
15586.95
13244.20
46447.50
1236.32
38321.10
72849.28
5192.46
30945.12
8654.10
8703.54
10714.66
40924.10
55701.34
43488.90
72442.44
29211.00
13782.48
48191.04
11842.80
15799.03
79553.70
28343.36
30082.92
4550.05
49559.39
68800.60
50378.74
72572.82
44795.88
24199.45
33055.00
28145.70
48495.48
39855.29
43040.25
73562.85
54931.11
56935.20
19792.25
39745.29
9249.78
30869.68
31747.41
37095.36
64502.55
31058.50
18154.37
36410.59
43413.76
38729.08
24836.25
47057.92
4552.92
63271.62
51966.13
65057.08
18081.14
70500.52
40723.50
51963.10
17778.70
52175.60
8149.82
53186.10
64740.37
29929.90
21935.04
71134.48
20582.40
19300.80
22097.27
75724.65
48932.40
7352.80
43411.55
85253.30
13544.52
29191.59
73823.40
60783.69
17478.40
9762.48
28149.03
47336.69
1184.27
9740.36
50837.76
18741.69
52743.87
7813.30
29280.78
27178.50
28419.92
25965.54
77176.96
13622.76
22143.38
13911.00
22155.98
10715.44
39144.56
59422.40
54169.76
17852.38
43936.50
17779.20
37885.60
63047.21
77782.70
48997.36
14856.66
38972.16
76279.60
41669.00
20730.97
5081.44
30942.78
24831.30
45354.20
38612.00
31586.68
15520.96
993.08
60183.60
18849.52
29093.02
66929.30
46245.87
40793.00
27407.97
58502.00
32380.02
48730.06
4582.86
11148.76
74009.49
11353.43
17586.72
60944.80
50534.00
1774.86
82564.94
43606.80
26331.84
12373.44
53016.00
52781.24
37281.20
51399.60
60057.03
35221.20
5603.88
38698.18
9387.96
21082.23
28212.14
12164.81
36673.26
8589.18
52659.58
5132.40
9309.75
68123.00
11793.69
51056.46
2844.12
79723.60
13314.56
42717.08
9880.80
18355.44
12289.14
43872.00
3167.34
27360.00
5309.64
66430.00
48711.30
36480.00
16593.19
77436.45
10294.80
62534.34
25178.56
46023.25
34706.16
66126.38
39161.28
54574.38
32280.27
61839.75
4705.08
20769.98
12863.70
18499.40
19637.80
28706.00
43886.72
24956.25
37792.59
11976.96
40591.40
20812.66
52254.90
78213.13
46642.60
83653.89
2520.70
13313.93
25098.56
30967.89
66358.56
56297.67
7560.24
28913.43
76016.64
35986.06
42986.74
57355.55
58878.00
77959.88
71907.85
43907.26
31431.98
8280.09
71047.24
40679.72
3647.82
6546.88
10032.11
46838.40
13188.42
16198.27
21671.04
50791.20
37482.48
55823.04
41360.22
72904.86
32177.31
54512.14
21537.75
34764.96
15066.00
77443.78
49717.80
5349.68
38442.00
52855.68
29027.02
42525.30
44698.26
46693.14
