11508.24
21187.10
29304.94
6142.48
21590.52
55205.22
38243.48
11532.60
94499.00
39873.05
29353.86
13622.98
20932.44
24295.65
54521.28
3033.20
23580.83
35651.07
21252.46
66705.84
48858.33
21456.82
18149.46
18518.76
38806.74
58813.88
22123.63
62818.23
21286.32
20784.12
23398.57
11162.83
52410.50
21112.80
33589.25
1309.40
12754.00
54498.40
1411.50
8784.20
7142.60
22886.08
5291.58
22607.76
35662.43
38418.12
2829.12
64094.94
66381.84
22023.98
66121.00
35998.57
39603.60
52863.44
81061.44
36363.75
24821.60
26974.62
51397.04
51426.93
27389.07
61708.68
36039.04
1583.67
55210.68
5746.20
10360.86
48859.36
57222.90
58863.21
32539.70
3561.74
42495.30
52696.00
67369.06
14407.12
5445.90
28470.72
23660.00
13246.00
44208.48
66950.40
28525.92
18093.46
60694.86
28480.75
21262.32
34875.75
26252.16
26532.90
60882.69
15053.06
24287.62
22464.72
3459.72
7523.92
50559.21
35715.24
9063.60
8048.58
43192.24
66806.52
21417.18
71707.68
37389.75
55920.27
39511.05
16887.80
62558.86
24335.84
8589.00
3612.87
18697.69
58806.69
56204.28
38961.44
70348.21
53028.10
5174.46
37917.14
59066.04
24025.35
21472.95
14244.03
15556.50
16163.29
44035.86
6334.68
68376.96
20614.08
58274.16
52499.16
5934.48
3808.08
71971.68
24062.35
71555.20
29623.32
55535.80
13644.50
50552.32
53368.32
54400.04
33983.64
51254.80
12823.44
11541.11
65467.16
1383.48
13027.17
60982.02
10836.00
42931.80
38760.54
22653.51
38961.72
26218.62
45122.05
17854.98
47265.17
8107.75
39390.48
21647.29
49342.08
70594.40
18109.00
44328.15
16277.70
56865.20
45287.52
32369.36
9780.70
13790.48
67282.56
22446.97
9234.99
45159.18
46771.14
58471.38
22662.57
41601.56
45892.21
45781.43
21622.68
60264.50
75326.43
80648.92
30191.67
7175.77
24858.24
33764.58
63562.50
48052.50
25340.00
37966.44
60753.92
42453.72
23947.56
41427.08
7415.76
49114.17
57876.84
13033.65
10253.07
1656.75
74286.72
51558.23
91746.50
36872.85
28230.90
46040.21
60299.64
6995.36
49373.54
5576.85
985.08
20313.36
65135.88
36536.43
1247.34
24908.84
24686.28
80788.26
25767.72
21758.92
15325.11
52640.28
45618.36
43567.20
12113.09
9081.84
5279.55
49892.36
21683.37
49895.43
70982.25
21299.04
34453.80
37972.60
49750.80
2754.00
26215.14
65469.20
44322.88
23925.80
38606.48
66670.40
69257.32
23785.92
88217.12
43141.80
66122.56
15910.74
72476.00
63375.62
18544.95
54804.75
44623.98
44445.98
25932.30
1686.78
28544.85
1727.82
11891.53
17433.75
21119.78
16707.60
42701.44
11762.70
65511.03
34984.95
9207.78
56969.70
38542.48
41824.51
61220.25
71327.67
81226.14
43695.52
32805.67
44175.04
62803.65
44561.98
31406.94
70634.97
26148.00
10851.60
28454.09
64706.46
8280.09
10420.98
50029.38
87511.65
23049.45
27101.28
31353.00
58815.32
17073.45
46634.04
43830.28
43322.19
27551.16
46859.60
9920.90
69810.06
75935.64
62614.12
57120.12
24727.35
25780.08
81670.95
30380.04
52862.16
35412.75
82454.24
45113.02
21523.20
3195.45
3753.94
39060.84
71605.90
9033.76
10979.68
1404.49
46995.84
22788.08
34329.34
90394.50
24878.60
64592.02
5706.24
58800.78
1901.99
50454.00
4416.80
59870.72
7823.30
41204.94
47099.50
22264.00
39477.57
18938.52
15216.10
28205.36
42184.52
50251.58
18090.72
24176.04
23659.38
81720.24
72841.95
7107.55
7567.92
44496.96
2102.28
17516.72
39397.26
36677.64
65010.78
41949.37
20781.84
18680.10
57183.06
16385.92
58342.51
48915.84
20762.60
33306.00
5661.10
30547.13
31535.00
87747.12
73877.60
47282.84
33347.52
70213.92
54507.42
25156.46
18291.68
55632.83
37128.00
1578.66
37929.07
12073.00
19028.04
6853.49
20415.96
10987.62
15944.94
20213.60
60966.38
45661.14
13234.20
30545.55
8306.88
51713.66
21524.75
42796.80
5085.48
67932.00
57078.45
5811.25
30945.92
32419.52
86683.20
47900.46
57217.16
13820.95
1942.12
25459.28
55514.56
44976.24
4471.74
12852.00
8072.68
39790.94
2736.00
22304.00
25553.00
3051.24
57980.23
18103.03
35695.59
46678.50
18604.95
42688.92
36225.59
82841.85
14283.36
40842.96
48607.65
9784.38
25768.08
42783.90
57811.25
57912.50
4825.30
16099.51
26542.26
49921.38
49779.00
89111.06
28608.58
30704.22
17542.72
30926.68
31893.02
38783.91
4615.89
21188.99
40437.70
39299.55
9670.60
63735.76
9754.48
51490.35
29372.77
57282.39
51182.04
40718.00
40727.12
32899.86
54200.42
53696.40
92547.00
38354.25
27641.90
49309.58
57461.50
2230.40
44698.26
41969.25
63571.62
3153.42
45048.24
70074.50
66299.56
25707.20
3940.20
34436.20
5926.28
88587.10
57364.80
10356.99
16734.06
38995.95
49331.32
17205.70
50255.00
3717.90
42567.98
75326.43
20064.59
43480.74
54111.09
56621.40
75632.16
5636.91
49640.08
3535.72
5618.88
51088.72
64192.08
9329.80
42413.44
25801.16
1886.98
12541.56
11232.10
40120.92
56397.50
63124.83
50029.38
22856.32
28458.31
11450.11
54228.72
65964.03
6042.40
55128.71
71265.60
46765.64
16451.49
55002.22
8689.44
51638.25
17138.10
3960.32
48702.15
35648.40
81625.50
2402.58
36739.00
22058.40
46610.88
51054.06
17373.75
55218.45
74758.40
74853.38
41748.20
43922.48
71154.80
10262.07
7119.77
17614.21
16241.42
2310.48
52651.80
19941.60
33035.20
47797.20
24128.52
31497.12
3707.88
37241.16
21218.54
20279.56
89662.08
87115.63
29903.36
68072.50
20599.42
5000.28
14788.84
76982.64
16451.19
21078.56
37676.34
31920.00
34056.12
56130.30
82137.00
10865.40
11100.24
33035.70
23151.31
20922.80
17809.20
60514.35
6835.38
54798.10
46667.43
16264.27
33705.25
33759.18
43783.96
43726.48
3597.78
5480.76
33059.04
21732.29
67932.00
3649.84
43377.31
1351.45
26419.29
21920.15
2947.12
29670.19
61565.19
35003.15
9586.44
55614.90
51397.47
6699.35
35348.10
32619.39
10514.34
46381.92
48743.10
39299.85
7623.96
31725.44
57481.65
65470.00
1531.62
15444.66
66472.56
63607.50
20271.96
64619.00
73828.50
26082.45
6717.15
22123.80
6505.08
29951.45
53992.05
49380.84
18488.16
42801.85
23965.35
47707.06
34398.34
86432.62
11532.60
65823.03
39246.48
38121.30
55058.96
25578.03
89710.08
57162.00
8013.50
48905.22
68645.85
43276.20
13013.90
5295.75
72889.44
18836.32
52472.64
10399.06
53026.34
38490.75
42285.12
68292.45
45556.36
2664.84
69194.58
64889.47
42778.85
49553.24
17218.10
47074.83
36872.64
10691.60
41646.33
46708.43
45545.72
41131.84
40838.46
35988.25
77121.00
28726.26
29804.54
46264.92
23605.40
52003.13
34616.92
37839.69
44688.60
7271.64
49733.05
31031.00
8614.10
58372.07
30089.92
17499.19
23068.36
44590.80
15196.65
22116.15
29852.48
80814.60
48299.80
42030.90
10631.50
16541.64
26757.12
5591.85
16557.50
15584.94
33695.64
49103.50
49092.40
38449.32
88734.59
19833.06
24647.87
15262.28
62632.86
5468.73
23367.30
16938.00
13534.24
27420.00
27079.50
14931.84
68542.16
34289.82
3405.69
45484.84
31133.00
63114.23
82383.48
54490.13
56572.52
10784.41
35523.62
36334.74
69529.92
68378.52
36759.60
73409.28
54267.72
59063.50
31784.00
35212.17
27034.98
52136.64
39245.58
54517.75
74958.75
12361.44
30954.99
36807.68
19124.64
49856.43
26091.52
60005.96
16063.83
31533.40
3808.16
41173.80
37231.26
35738.43
13558.24
8184.82
70938.82
77201.77
34084.40
1874.96
32410.20
75934.04
40746.96
22157.80
6342.84
27636.26
40134.38
46884.30
63206.15
42555.30
42203.16
61119.66
27930.25
1956.14
86394.72
17771.04
27144.58
9280.08
3585.87
58054.04
24114.35
1538.63
67280.38
73872.40
33513.15
23061.99
67299.67
18211.68
6356.00
9802.56
38556.42
49249.90
41658.24
43720.40
9810.70
23558.92
48800.33
40482.72
2374.56
6895.24
36815.87
22109.76
4172.52
44314.76
26940.48
22891.05
56318.26
45772.44
25227.20
37395.38
38003.42
53817.05
48701.80
56248.28
7922.46
39643.20
44068.69
948.03
22263.15
12333.31
63764.16
37168.56
49347.48
1630.72
10883.46
37083.06
40083.60
4973.36
28665.82
48880.26
32099.20
47868.03
26950.98
5898.42
3379.56
2889.08
37391.56
54693.42
71787.84
51702.40
17594.72
1442.54
41715.90
67103.54
11973.13
41064.10
19821.60
32066.10
62738.13
35863.00
34925.52
4736.01
31158.50
59518.92
53157.50
1431.52
56256.06
17682.38
71179.24
16061.36
8649.54
60370.40
13205.92
24051.50
13775.58
37840.50
23124.99
26457.75
50580.60
59447.90
33094.77
48381.00
50061.58
18037.03
20352.23
43536.00
42780.85
63812.16
34792.80
22617.14
10871.80
1725.82
47024.25
61092.60
43195.50
3534.81
24130.22
4977.32
36488.75
19161.00
54803.66
36041.94
35494.40
1521.61
9411.08
54705.96
10911.80
53969.96
27190.80
41315.12
7279.64
51510.35
55361.97
13775.74
47273.16
1217.31
38831.40
5605.96
13378.56
36520.40
21221.78
60633.01
14055.12
40476.08
34030.11
15584.96
27261.44
83237.50
50803.36
40624.20
61776.98
5264.55
42057.01
10741.60
11219.76
92314.53
35589.62
65628.03
7948.40
76620.41
20524.32
7117.68
59238.45
37929.44
9634.40
63907.26
22213.52
19877.28
12063.00
49380.91
38197.11
21634.68
27427.26
66730.84
44917.95
5290.75
49929.28
16022.40
3249.44
19257.21
44966.74
80666.28
45233.30
38843.47
42469.75
73962.02
26992.98
64667.66
25425.03
24776.84
18652.23
37575.60
44101.86
45545.28
55948.80
42796.36
22423.84
63066.78
58327.35
17074.56
84823.65
32686.38
12829.59
70575.20
58025.92
38496.48
13984.90
68756.60
1111.20
2022.20
88293.00
15626.94
54698.00
67047.30
12494.16
67691.40
77782.00
72326.50
71620.03
26083.35
26758.44
39399.36
42320.72
26957.04
55853.16
71115.36
