50014.80
37043.73
21360.18
11436.04
41274.45
28930.60
5033.31
20282.00
22367.40
9180.10
6241.70
63686.08
24803.87
22223.70
47818.40
56460.25
57939.92
64660.64
9831.50
61613.78
61429.78
17538.40
15514.29
21693.88
2751.03
29407.68
26885.04
45137.52
67992.48
11592.72
38890.74
29149.28
60368.35
36596.88
32694.73
42605.44
34400.30
42945.90
1046.13
71626.50
18361.98
7608.32
10331.04
44672.60
38092.60
12653.36
48667.15
21506.31
48473.07
4396.76
57912.50
30032.73
61697.76
25646.88
53657.20
14829.57
42461.82
32671.73
20511.90
25143.09
65830.08
23710.96
34315.12
39473.76
38522.00
21476.95
90545.00
19673.25
49519.47
28229.70
44396.50
34312.30
22748.51
50525.53
37633.07
16457.02
38584.48
34453.44
25396.00
24502.00
77746.08
38034.04
38039.80
50357.12
43634.92
38649.80
33371.52
50180.13
8679.10
61629.75
25468.17
27221.26
15088.64
44315.12
50391.52
11684.40
16385.38
74148.30
2212.38
5561.92
57705.90
18741.69
49168.58
14505.40
7729.33
31337.80
14460.30
39794.79
53897.60
25542.30
72746.54
30356.76
53592.64
69049.44
8780.38
51855.56
10956.99
73733.88
15161.38
44777.95
31451.58
32924.98
47525.92
92952.51
65120.40
5290.75
11124.24
67369.30
7798.25
2724.00
13541.40
64749.08
9089.84
31282.10
5696.15
70634.34
17045.91
54279.96
17238.48
28718.80
36154.06
37242.66
44156.58
37480.32
82118.40
27867.24
33304.15
20416.44
52498.88
5836.25
39883.80
21334.44
44736.72
50633.40
73445.02
4292.68
19325.24
22706.86
37479.78
22704.00
56654.50
9469.26
36595.90
19740.63
48467.52
26235.58
73877.20
57055.64
1283.37
6462.84
7748.28
32285.10
34502.29
12501.16
62082.72
61974.00
21083.00
43302.15
7211.56
50707.02
4955.22
3007.18
40247.70
21099.10
11694.76
76302.50
82995.42
68069.82
2907.08
50135.78
67944.48
24270.35
48255.48
31173.87
39675.57
72225.66
15713.12
5411.67
65101.08
11804.76
38699.82
54258.00
38197.48
17061.20
16218.85
79184.00
19497.06
13307.13
28260.90
63517.68
6613.14
19460.64
29662.50
40628.08
21264.99
48321.00
14043.12
44021.25
67791.20
15108.93
18703.23
16145.60
47791.10
83599.56
61727.36
17971.38
15713.61
19121.00
34045.72
49509.24
28695.66
40975.20
71283.44
54369.35
37488.96
23776.00
63678.60
20182.00
39550.29
34176.00
1018.11
40265.52
11947.13
41324.16
49624.70
25531.04
22129.38
30478.76
14128.07
33516.72
18557.76
41464.84
40054.56
49672.50
62673.42
59892.27
35490.00
55675.27
34853.76
16627.19
55861.74
13685.49
56046.20
40819.10
51897.78
14211.47
47174.88
34980.96
13274.43
21936.46
48292.80
46030.53
46100.72
60530.68
39348.40
12866.14
45094.05
42194.50
62015.52
20466.90
37139.48
70632.63
22444.20
22674.00
44898.36
27965.44
36271.17
81637.92
45679.95
10851.52
75415.12
52591.44
15109.25
18345.36
36578.40
4033.29
1835.93
6602.96
63374.64
62821.15
10523.10
20145.24
13885.96
65715.30
51189.60
17373.59
19140.64
40061.18
50377.88
12445.56
52516.10
76534.41
53936.40
9234.99
13264.10
11523.33
50118.01
74482.32
54541.11
45318.00
35777.60
21208.68
79524.00
27862.52
39173.00
51765.78
46666.88
67710.81
27677.16
14941.35
13189.92
36991.68
59679.00
13791.12
62670.74
33407.10
57285.55
31032.80
59514.50
42554.98
57859.18
6771.16
29659.32
66430.14
19400.52
26685.31
43272.63
4757.01
45153.05
46993.60
929.02
53546.40
59660.70
56256.06
39570.12
66743.04
21970.46
66857.97
23265.20
13558.24
6679.20
72421.05
10162.88
9099.66
40588.46
1504.59
56091.20
6973.50
84712.18
56533.50
37928.96
48470.46
61081.93
61567.78
58812.98
23297.82
28259.55
44066.81
37681.60
48703.00
49729.20
57844.76
75275.20
22139.16
74726.69
24686.60
7576.32
27465.07
20614.08
14919.60
10514.25
33758.14
55634.85
6335.00
29006.25
23566.41
78337.35
50004.00
33467.76
10616.20
6196.65
54968.52
48059.34
14935.90
16265.28
37323.78
29893.50
71223.24
42087.78
27557.76
21017.61
22103.16
43805.58
38804.70
8288.75
7512.19
49882.50
14694.48
50336.65
42452.64
61555.36
9393.96
61340.36
46975.41
43243.53
29851.71
18541.74
77683.42
21831.36
40265.92
2804.98
31780.06
71134.48
23528.96
17563.04
77529.06
39786.00
32299.83
68112.00
80950.05
21062.40
54298.00
71125.95
30599.06
18107.76
50132.39
22344.20
47874.40
33445.88
16299.50
30257.86
46145.98
43167.08
60882.69
38119.80
49035.22
1068.16
51097.48
31789.32
68321.76
69780.89
12233.10
84869.10
54403.13
2276.46
28981.80
33123.20
32378.84
16299.64
31313.35
21022.00
12262.05
17388.30
71074.80
79384.00
14335.12
69463.35
30216.12
37784.32
27638.45
40839.40
1401.49
56193.50
51264.00
32847.10
1273.37
76331.00
18415.60
47488.25
59294.08
13654.40
27077.68
41020.79
31440.06
41196.15
32769.10
34787.48
16307.70
35814.62
28630.40
7555.92
68547.82
43906.92
28630.75
51181.48
36245.61
36278.06
2070.26
27725.12
41755.78
7700.28
58225.42
42355.95
18807.80
34547.45
27834.52
15654.94
34245.12
19860.42
15708.17
11639.65
31706.44
36200.01
10476.06
7514.04
3663.93
64319.00
27560.67
62859.21
34148.66
5946.28
26628.40
45264.60
39216.50
28374.48
6635.00
70382.34
30512.20
967.06
3656.00
4800.25
39522.00
27329.50
2851.04
77632.00
69625.60
1341.43
49172.16
46786.14
45463.36
28550.82
70881.62
62306.00
22787.05
50114.13
43221.64
4258.53
58266.25
35738.40
35059.44
36864.00
43616.94
40811.40
9618.32
30019.62
49642.39
47824.60
39722.56
27392.40
75785.36
10846.88
22259.80
21511.12
86806.18
33862.14
30145.28
15346.20
44558.73
28781.00
27974.52
28435.59
28381.20
3892.28
6867.49
35858.88
41026.02
23034.30
31305.60
12740.75
6402.90
42919.24
39978.05
5297.58
57709.92
39892.25
27054.50
62777.88
54553.50
26172.60
7519.88
30376.96
22566.14
11820.60
16406.19
43866.90
15108.17
39992.25
33370.92
49973.43
60053.00
76808.96
12157.20
14944.32
35758.59
30096.00
54672.75
11576.18
23521.68
5561.82
51183.60
74368.20
45208.80
12845.04
1607.70
35225.48
30072.00
40498.90
47402.00
46298.50
50894.40
33886.25
26476.12
59147.40
46385.28
7753.20
26122.71
38393.48
46000.96
19347.35
51956.50
11011.76
32931.84
62820.80
46100.72
49252.80
45072.00
8907.42
23465.40
27226.80
33879.54
29662.50
21863.94
14856.66
10733.28
30121.62
46179.35
58897.32
23842.00
7327.75
56068.80
22370.53
39269.16
50694.40
29764.28
43712.56
11642.50
8038.50
23000.32
44947.25
1850.94
3282.57
93848.00
34644.54
46909.50
52442.88
11903.98
17651.20
70113.60
25347.60
46064.96
43917.97
20934.40
27480.30
22821.31
63941.15
15669.61
59177.30
48368.64
22747.92
1455.55
25632.88
27669.40
66171.56
72940.56
11332.20
6930.56
70975.50
28368.92
47434.94
19611.80
31646.16
57342.74
39941.79
55675.27
44204.97
21877.10
14072.94
75680.16
22055.63
6566.96
28891.20
52261.11
27226.80
88508.64
82887.36
56632.94
5552.82
13586.40
71526.00
61301.10
83938.50
39201.14
51039.90
14150.18
14640.16
28110.24
43262.62
57820.80
55407.90
41373.10
62673.42
37597.23
10739.28
1511.60
59294.08
40346.46
33604.48
12586.53
20636.66
14181.03
42970.25
22542.30
28777.43
34791.75
9300.20
23528.96
3600.87
29560.11
68967.50
5658.00
57485.05
56369.10
36971.48
48967.24
67803.75
8819.30
47818.43
58439.54
41537.32
32291.20
55197.90
31704.15
53330.55
67787.06
25130.56
47816.66
25143.14
21123.00
18772.16
44300.98
5145.60
50409.45
9694.53
58306.38
3153.34
72786.08
69173.67
29705.13
34837.20
87652.65
43055.04
1235.33
66760.20
70364.25
44427.60
58241.35
32851.28
17137.53
26626.60
71002.80
18003.52
22201.40
52507.00
28830.96
74077.60
93148.51
32296.01
77959.88
10601.50
13117.86
40794.96
24245.22
914.00
75142.76
55614.04
24974.18
5165.43
28632.45
10111.71
16946.40
51260.37
18884.91
77914.25
30160.76
48965.48
55521.83
17965.62
27789.28
38053.14
37584.04
1705.79
15917.25
16693.71
50774.79
4610.05
5561.00
50200.64
1067.15
45601.92
35711.61
49377.68
34045.72
26677.77
47790.53
26333.58
38688.18
9802.48
46691.04
29452.29
27434.97
28302.48
28813.20
60311.58
2696.88
25185.09
5961.45
64596.08
6081.50
69001.67
62863.96
52987.77
1868.96
50004.50
22200.15
56987.84
3067.24
29494.50
10799.34
39241.92
52240.30
13181.04
18158.72
10242.96
13034.16
21162.40
48292.20
48292.80
27128.80
23875.20
13144.00
65527.92
33572.48
52256.25
4976.25
28469.85
38191.30
79944.04
61724.52
53087.10
74379.00
45694.43
14100.60
44747.00
12753.60
52790.87
26507.84
38892.42
54491.04
10961.90
18510.58
25595.03
54136.96
48921.30
18678.33
5990.36
2208.40
31992.51
36487.36
27803.52
6426.90
11120.69
11496.43
35814.43
35315.28
19908.84
57937.62
57884.10
50917.02
61598.79
18835.92
89093.50
26713.05
40314.48
58670.16
37948.30
66950.80
72544.56
35977.80
30011.80
49090.91
1271.36
43109.64
1908.08
45217.44
14943.68
48891.81
33240.96
28570.05
70314.00
12844.44
56023.16
20184.45
18339.30
3984.32
24626.64
32698.80
43519.52
45500.00
8784.25
13278.93
3492.75
50732.19
15487.00
40963.80
64569.00
55672.28
20321.56
48781.17
62965.96
5500.95
10356.99
18883.15
93498.00
85770.77
8865.72
5117.48
2901.18
40901.71
53675.38
49044.16
14182.88
41160.84
72402.54
26517.90
30920.78
34035.80
24977.25
25018.40
68313.24
68490.24
8556.24
19347.35
19943.14
36999.93
42509.44
50761.48
37889.42
20962.35
41354.20
51784.95
42640.85
1145.23
14711.44
31234.24
5820.36
43822.72
23712.00
54266.52
12563.50
6643.28
31603.66
85145.76
44070.30
14533.68
54182.73
59330.37
10481.04
35978.70
9626.40
6535.08
