25064.64
46681.30
52857.50
50106.18
30303.00
5501.88
69752.48
30144.96
66770.84
19303.35
52343.86
46030.16
40231.18
57821.18
62625.62
28253.76
62529.74
48931.22
8324.96
40474.84
23032.48
27553.96
3920.28
54531.75
15980.51
29423.94
26590.31
16112.55
32372.01
10622.43
52107.88
59746.19
13414.40
46879.50
36838.60
73392.40
33076.40
28732.05
36263.22
50974.34
8138.70
6221.70
82101.48
66850.56
15967.05
4528.80
29975.73
2796.98
34792.80
21338.31
71704.86
58484.01
65061.12
19077.57
26180.84
8253.09
46146.36
2078.26
18866.52
76016.16
20541.90
22039.52
55348.90
1575.67
25877.72
54697.11
71643.60
53221.11
16099.05
13024.00
44396.75
20886.40
8584.05
86847.08
9049.76
5598.12
27137.43
73586.02
53208.00
29567.04
38541.65
33988.80
8667.54
73240.83
44357.10
10643.36
6302.64
82687.00
37739.60
48403.20
25262.82
7981.61
36551.36
36088.25
55634.85
7392.16
22498.14
24371.62
51756.35
8337.12
10643.16
16000.83
58405.38
81349.92
40434.93
53005.80
36185.06
72967.44
27925.92
24896.25
23205.00
57215.20
54016.42
19512.57
24029.67
23908.65
12180.96
42517.02
55002.75
10728.41
38053.14
67919.72
41887.78
40798.69
34364.96
46449.28
55107.90
12589.68
54338.04
51932.32
56579.76
12982.97
33533.10
56723.76
31229.22
57768.84
70183.72
24554.64
26609.31
31905.51
10859.40
59843.00
5501.84
12773.44
45407.88
41830.88
7207.56
30132.48
1521.61
62365.45
68432.00
24624.00
31859.02
12586.53
54809.50
32402.72
34925.24
20613.56
26408.20
51006.12
42820.00
51209.48
41779.92
17955.57
48248.75
62345.88
1334.43
73557.88
10300.86
40039.20
51173.70
13764.70
86288.71
26965.40
35337.75
5255.70
32059.02
54219.22
82057.80
14480.51
12483.30
40294.92
55036.80
35569.59
31305.36
90545.00
58127.72
87606.12
1409.50
35638.00
32315.01
38466.18
57562.10
17178.15
68382.68
40151.66
59108.70
17403.75
59000.98
51849.35
51892.13
46473.75
37588.04
10908.00
47521.70
18884.52
9363.90
70474.36
43384.19
29347.29
13262.04
20602.40
15383.39
18840.80
20675.42
21979.98
18922.02
83511.84
32572.54
28170.90
40585.21
23524.41
5441.73
56376.04
11288.90
18079.08
51656.16
20541.60
78117.90
36966.93
40472.64
44056.80
24218.48
17763.20
28695.45
40469.87
92952.51
5181.52
48154.68
77223.42
34224.68
44957.40
44960.85
67662.00
37402.95
71535.60
21176.40
13550.32
74209.83
40895.68
66037.16
40602.72
40108.38
71676.50
7593.05
1670.76
58112.10
1840.93
23725.05
48749.22
28170.90
45183.88
36027.57
54367.05
41646.33
38427.48
30800.88
28520.58
77078.77
50974.40
40380.93
7105.68
28813.32
22071.52
38488.56
46865.28
27004.32
49553.68
18720.60
5405.76
7093.62
64067.60
62138.01
36351.44
62666.67
25370.88
6642.10
20405.76
38008.08
42833.98
29871.36
39332.16
48050.88
22001.98
55989.15
10811.70
67597.06
5866.24
33028.74
37299.70
74950.43
56231.21
28555.75
12045.67
7267.80
60415.96
50310.72
43726.50
48531.20
23382.82
29011.28
19262.88
10167.78
31462.02
29060.90
71111.25
13624.50
68738.20
20426.45
10937.79
31353.20
60243.24
49516.92
58972.78
57790.04
935.03
28507.08
94399.00
11324.08
28170.90
77403.06
31060.12
56687.18
61745.20
42749.90
6151.60
36113.44
75530.00
50860.34
32581.20
45894.33
53811.31
36867.42
33029.37
59431.14
60094.35
53504.44
50110.65
32416.02
49571.34
6677.10
53262.61
22924.80
76832.77
44034.76
42189.12
42477.44
5231.49
37483.60
48033.15
26124.56
64222.86
31780.65
38117.60
27351.07
38552.58
30512.88
43320.50
62994.24
67348.54
67977.45
57256.65
28743.26
9920.90
9955.00
7372.85
32894.80
33356.12
56507.52
35408.07
17716.21
32002.08
21821.10
15361.20
45499.50
18920.80
52527.16
6060.60
6056.50
21873.56
56819.73
15907.22
48553.00
2492.66
7718.28
66094.14
21863.73
53066.11
73079.28
27623.16
16740.36
42994.08
75272.72
39540.05
20622.60
21418.44
33570.34
35581.68
5508.06
31704.81
67753.81
1462.55
14982.75
1697.78
54966.46
55814.85
29454.88
40183.20
7563.00
26157.45
72720.56
76731.00
62034.24
47551.92
36401.41
65084.88
5507.76
69574.00
5048.31
48569.68
51762.56
30993.60
27824.24
31867.56
24414.78
25741.83
28737.62
45601.92
79169.30
22521.80
28489.05
63409.16
14214.96
29543.11
54681.60
3856.14
72895.28
47902.50
52473.33
28366.80
8721.44
29947.68
58577.51
79065.26
11148.76
41748.20
11612.32
34136.00
50414.00
39071.70
28214.55
3471.75
38024.96
30185.43
31623.41
32578.80
17191.33
79417.99
14847.96
85696.16
42710.85
36739.17
23839.56
21082.50
9504.95
36684.90
50129.28
49668.36
63102.30
1926.10
32641.70
47726.17
11588.32
19028.04
3341.52
50175.58
8188.65
29931.48
59833.64
13875.26
16201.50
38988.47
26868.82
45547.84
19230.74
11182.10
70834.40
1036.13
34518.12
27959.40
45649.67
31405.44
74277.60
36929.68
29307.46
33088.86
41161.34
12693.60
11268.00
57821.18
28650.40
54280.38
1692.79
29785.35
18792.52
34957.20
60387.36
65429.20
5399.67
52947.44
90156.57
8143.60
52391.25
18019.52
37482.48
33267.30
14198.34
32326.50
67102.68
35926.80
57139.32
44324.80
30734.76
70184.21
14865.84
27429.75
58718.01
49604.00
47566.60
13730.88
8176.88
48660.92
76057.80
16766.55
17376.04
26047.80
30940.00
38892.18
26288.20
18471.74
43459.11
50235.18
16235.01
55175.97
13904.90
48514.70
11226.06
4773.16
2604.78
14640.86
80680.05
50520.21
13731.74
37240.30
30380.94
55194.24
29992.76
35074.38
55282.68
20830.44
58430.88
34236.50
76256.64
54994.32
59647.08
40398.75
27959.82
63866.11
21030.40
44602.95
36662.64
37241.16
65004.30
43220.15
42494.75
93448.00
37948.50
61469.36
4528.88
28529.85
54309.60
21459.69
42134.39
34757.76
8093.55
23905.60
61069.05
33516.72
52003.38
31382.35
38342.26
25391.98
67697.37
68976.60
48553.00
16433.28
12685.80
31533.39
17136.72
9738.48
1783.88
31437.10
10968.12
61559.12
6354.72
32033.80
37319.04
1810.90
33437.15
37160.80
64798.58
26754.75
17086.53
38104.56
8238.65
78707.04
58973.76
12513.50
12663.50
29577.11
21831.36
12009.87
51633.78
19172.44
89469.59
9540.50
11400.48
39414.50
5508.06
56771.84
39555.63
17366.19
70113.60
13142.16
12861.60
33006.00
84728.78
48812.90
40678.20
73240.83
44704.98
40100.87
41669.94
49435.08
59304.70
84283.20
19303.24
6817.32
53369.82
28741.61
40434.46
93948.50
55099.71
44353.98
33821.46
40693.00
5159.43
22506.12
12122.74
46330.00
8192.96
24146.40
43309.76
46445.40
10253.07
45359.52
1153.25
74080.83
26375.58
87491.54
1300.39
17398.37
41294.10
66760.65
81349.44
22799.88
17503.72
20613.84
61206.60
23377.68
26157.60
33748.12
13496.84
4829.10
2991.18
43218.87
45171.85
23450.75
34882.03
2224.40
18632.16
23619.83
18180.25
32129.66
5723.97
24886.80
5678.04
49262.91
39462.48
49201.89
17587.04
37480.32
52429.86
19461.06
48238.96
50201.76
46599.78
26686.26
30723.60
82242.48
4579.86
50645.76
2348.54
73392.40
9145.84
83379.56
82436.40
40374.40
50033.20
17009.82
57480.48
25695.83
43275.90
8884.35
66356.38
76314.37
33730.65
19363.09
63104.65
4284.64
14965.80
58766.88
39662.70
51174.80
56076.00
48114.43
15595.38
88783.10
87123.08
4032.40
71513.90
32053.80
36140.06
5048.34
33267.96
15745.28
38665.60
63678.96
32851.56
31494.06
44106.30
4817.20
65814.75
31302.18
42765.60
1688.78
28013.44
39329.52
58429.44
15434.64
59023.69
55860.45
43305.30
49031.77
75054.76
40395.20
39388.43
20197.32
9439.08
17139.33
38486.58
31551.12
3528.81
82236.50
10098.11
34119.12
60141.84
35743.62
23951.25
13072.86
5978.32
43845.84
10779.52
6713.35
52759.68
31585.15
38972.16
38345.80
28596.03
70554.00
13533.52
19676.80
8553.12
15929.03
32340.80
1447.54
24026.25
26773.05
12743.70
27407.70
30260.92
32878.86
41594.00
1717.81
13442.22
15121.50
54740.14
5035.50
27148.50
67831.72
12523.40
34116.90
79767.60
64832.46
3679.86
79900.04
25547.40
47570.40
1832.02
23333.44
24864.84
38621.40
16649.92
20153.42
39540.05
19055.40
22134.20
23544.96
20166.59
41098.01
9614.22
28799.62
11832.96
57596.45
21461.22
36608.15
72161.62
73185.42
12975.17
30351.17
35894.88
43856.28
58988.58
42892.25
26098.16
28470.06
45835.67
11343.15
12244.05
25887.15
38053.14
47929.06
49999.04
20308.05
47300.40
44248.00
17082.12
20826.12
55432.41
41053.80
62262.60
55738.88
49135.36
40924.10
35845.92
31397.98
68184.16
2232.42
8865.60
18379.44
26923.35
46186.92
5466.06
40781.03
42689.36
27686.61
28435.59
30722.22
10347.04
12399.31
34867.80
20085.12
27853.28
67551.20
9754.48
23706.16
13390.08
43375.53
47301.30
2038.22
49227.50
15135.93
5490.95
31333.00
31278.81
94199.00
32488.83
39542.85
47759.22
25066.80
43290.88
4417.71
46148.25
6390.90
10681.60
47615.98
40877.86
2000.18
43540.53
13124.72
16424.19
79891.85
31393.20
2744.92
27665.96
1179.27
17444.04
3061.24
23012.36
26004.93
4468.84
1894.08
58456.35
63484.97
47438.49
40894.46
41596.24
47024.25
48020.70
37053.68
58472.55
1664.76
964.06
37949.40
31083.12
48425.68
3799.98
9000.81
52576.40
27806.52
41449.32
23710.05
21406.44
55146.96
26188.56
25082.82
47446.66
36019.20
12012.26
29002.59
7728.15
75589.65
25932.30
31833.60
60435.72
30583.02
46889.31
36930.12
22055.63
8991.81
75478.13
34140.68
51064.86
67611.72
59020.73
62481.60
33783.86
27340.80
9726.36
28850.60
41480.64
33734.25
9209.70
14084.07
56159.50
9840.80
53816.64
9685.53
57348.90
57276.16
10971.68
13379.41
4132.41
3375.63
16926.00
38971.82
31644.22
65481.46
16840.07
40092.90
