42571.62
24271.92
936.02
60664.40
35435.40
51506.00
54668.48
12998.65
34687.00
17282.46
1136.23
15626.94
27511.90
51666.78
64569.00
51849.35
7858.30
27319.16
28434.06
7165.68
58542.35
65833.95
48398.90
87342.00
48955.41
70730.98
10228.80
45952.14
84124.36
76275.85
25551.18
15040.20
84544.32
1167.25
60400.32
18596.00
6491.95
78075.90
59747.64
4585.83
28682.94
66709.65
16417.76
18920.40
29401.46
21607.04
52659.58
7115.48
36003.24
58569.32
85770.77
47425.84
38961.44
30188.13
55573.04
49247.80
48562.50
42615.30
57820.23
49157.15
44392.60
32482.84
59052.22
59855.27
19101.00
6767.20
56189.10
69417.48
1603.70
44735.04
24015.22
65239.58
11085.69
67187.93
54742.38
17548.40
57512.50
42516.54
34854.08
60784.86
48292.32
41229.32
27199.64
69097.44
28948.32
77632.00
55819.16
86591.50
78190.34
56255.40
32088.10
4369.62
43846.08
44898.02
77481.27
39908.05
44625.43
42255.00
33025.86
38813.04
62025.60
41956.95
11195.92
36632.96
32410.70
15150.38
83653.89
42651.09
52030.30
62604.78
71552.86
36964.12
9072.90
14607.72
18541.88
48788.10
69725.48
47474.56
14940.12
15444.80
17742.84
34447.20
59299.53
13334.40
45445.14
40030.38
12031.67
43876.50
14127.24
3931.20
69153.48
92363.53
25547.20
7079.44
18871.92
1227.32
57285.55
50843.40
40744.40
29491.40
11835.46
21720.00
33135.50
45718.14
33124.67
55115.52
42143.01
65923.54
1366.45
51666.74
6972.40
72250.36
36007.84
69457.50
73770.20
61180.35
28045.44
31493.80
7551.92
43247.20
23853.06
1952.12
31154.87
16167.85
10811.61
23048.48
33012.98
19442.54
18349.30
60865.35
21280.86
43342.08
84869.10
7883.54
31154.76
32987.04
43009.08
35453.24
31382.93
76100.22
18580.40
48659.24
40043.60
49761.04
39275.60
72756.82
1503.59
5290.75
28613.31
26894.43
40147.56
46385.28
23205.00
57097.74
43677.84
38840.18
12001.20
66149.60
5105.48
2973.24
37407.60
54106.56
14640.86
4012.29
33589.34
2256.44
17733.21
1014.11
20848.50
6066.40
4292.64
64613.25
18349.30
48760.48
72316.11
13944.90
15766.70
1508.60
80285.00
49494.24
46080.44
9506.24
41052.01
9426.08
56819.40
29651.60
59066.04
42644.75
39656.34
45732.96
42152.92
37922.61
56336.67
31141.60
69814.39
3643.82
21297.32
24468.62
20632.14
34717.74
34253.82
47678.22
22736.31
25419.37
10630.27
57472.14
47874.40
4580.96
7266.91
30547.13
73922.85
15232.64
44207.60
32374.20
52905.60
31353.75
41405.20
34936.80
72886.95
25967.80
14645.82
40588.68
4793.12
83240.71
24778.24
51735.20
22055.63
67139.30
44567.60
13318.08
21854.56
37505.78
74056.49
45383.52
60016.32
66069.60
33608.34
11244.36
58310.07
30326.12
49903.49
28815.36
60949.78
51300.60
87499.68
45800.44
28023.03
57942.72
36578.40
66373.56
85281.70
44820.36
3823.11
54106.56
27504.75
14469.30
58800.35
29807.00
37270.20
1376.46
50649.20
49788.20
83838.50
57212.80
49420.47
60255.03
22358.70
50505.00
59609.08
6547.08
45459.02
49704.30
59903.24
41175.68
18631.69
47145.70
36647.00
23697.74
12532.78
5882.24
39803.05
22905.08
23345.00
22685.14
3429.62
3689.86
31434.75
18181.80
53644.40
17166.24
78666.72
5282.58
16596.18
21147.36
37459.20
57486.52
39850.88
37040.40
38105.73
80278.85
33389.10
32602.38
47242.32
10117.98
15772.80
4489.74
4976.25
9622.44
59727.84
18506.16
33110.25
17451.59
39914.56
35579.96
77391.45
34099.11
21895.36
40542.75
27645.12
64778.85
34540.29
27419.48
18419.84
51570.72
55109.50
34292.20
49377.24
31813.60
38519.48
23738.00
44862.72
6102.44
12816.44
79239.16
3171.36
31840.32
49640.08
41318.50
28487.92
55871.76
34411.40
59829.42
55679.04
16562.08
22031.24
26830.44
3369.63
75797.37
31057.60
14941.20
57555.18
40368.64
6554.92
73913.70
41694.80
67925.81
86340.50
68615.64
67108.38
25305.28
3301.48
30218.67
24267.84
75932.36
32776.38
55576.78
35863.25
77991.90
25353.30
71535.60
9656.29
27049.68
19724.76
56040.30
16887.80
57935.56
18424.80
16529.52
11765.00
2356.54
60678.17
9670.20
32819.04
5201.56
17252.48
6707.08
51399.60
21936.46
60327.36
50716.36
45079.58
49762.20
38915.54
60685.58
54873.60
43847.20
34854.75
52976.00
50699.00
46562.88
24479.22
47474.75
3157.34
33342.15
32597.10
2144.34
27741.28
16107.00
13094.16
49693.20
6663.04
37336.70
2522.70
37792.59
60818.01
45839.40
11496.33
15111.84
36598.40
1808.90
17178.24
17468.40
59290.22
1663.76
57307.57
18295.32
31280.34
32510.73
26463.05
22361.97
16457.85
52039.48
52945.80
18243.72
15405.39
38515.77
38289.48
15568.38
45248.80
39892.29
16910.73
33496.75
89064.53
19808.88
59989.46
41987.95
18213.14
21334.88
6818.42
1062.16
43811.46
9053.66
3375.56
14198.34
40654.90
2276.46
16972.34
12656.00
49612.08
83037.50
15112.20
1432.52
13971.00
40559.12
47380.70
48997.26
24253.92
39670.63
23634.90
51770.32
19640.76
1823.92
18175.72
79547.42
42500.85
45624.96
18485.74
1850.02
16527.40
5838.36
23881.28
74138.20
31142.64
30206.79
29936.16
12025.08
10853.40
5021.31
39353.85
22552.64
63188.60
33570.18
27769.45
36313.50
49640.36
37132.26
3397.58
7360.08
75048.96
3630.90
55703.28
35968.80
28190.14
2781.03
51897.40
55002.14
58814.28
42356.40
55163.52
22177.94
71288.88
22936.32
54222.08
36631.64
58068.56
24281.60
45994.95
19604.64
57478.80
27120.00
24974.84
42285.60
80984.26
79463.16
21873.56
86379.65
64553.40
24074.16
3389.56
23626.00
35618.72
26003.54
24971.40
11009.79
16343.10
13257.86
54027.73
81441.36
5030.50
31441.80
20363.56
44262.73
71395.20
26748.16
25561.03
63986.98
27193.50
9104.55
10925.46
23144.80
58796.40
31359.35
8310.89
6987.45
52555.16
26981.04
67040.30
13790.98
11267.82
34561.75
13214.19
28266.68
37480.95
7252.84
31295.93
34354.20
56908.72
53697.60
32616.54
50893.63
50134.00
49524.48
44566.56
14099.40
3888.24
30852.60
27330.44
65086.40
20277.76
18896.02
39522.70
2206.40
41793.78
15829.65
15708.34
75872.64
55708.80
49154.00
38239.32
2564.74
8785.44
22187.28
17064.72
32804.64
10153.98
35228.42
71756.68
78927.26
9570.50
46580.40
66489.84
62489.88
17633.85
73821.02
12589.68
60160.32
4460.84
44793.32
55393.28
60114.50
68652.90
31866.04
62975.65
15400.56
36789.90
77706.90
46909.50
27274.88
62842.12
40094.78
3269.44
40636.72
48561.30
68520.96
28608.80
74438.32
85145.28
26332.32
19621.00
83087.50
17431.48
32563.44
20565.92
7688.40
34981.20
62036.52
71757.27
68322.50
18289.65
50562.74
11332.08
38057.25
24426.20
77938.08
7611.96
31462.02
34654.48
12843.70
42034.46
3766.05
30272.00
7874.40
24201.50
52111.08
40729.78
63812.16
28128.03
85490.00
27388.80
51268.04
64478.02
30145.86
59343.36
25618.88
65228.80
30318.11
53005.50
11203.92
56336.67
60415.00
9044.50
34226.40
1115.20
9991.80
6735.12
35315.28
86591.00
32539.70
69773.39
61785.20
46953.40
9242.87
34837.00
9802.62
11153.97
45728.14
37561.20
30565.30
60836.33
40707.03
64818.08
56075.04
60522.01
30849.92
2042.22
31603.66
63781.65
17811.20
55793.22
18379.80
46699.20
3689.88
27729.40
18414.50
15856.94
52590.65
22872.32
27581.76
34385.20
20566.08
42976.80
55995.66
15298.11
2744.92
15211.50
52972.80
12515.16
24176.22
30145.86
2178.36
17375.87
4976.25
14415.12
37151.33
14455.20
53500.42
86723.14
34261.50
23881.06
59219.02
25672.83
6290.64
43193.64
5610.12
59354.64
36638.64
39702.30
45729.20
25262.82
52313.10
52042.90
68474.68
18397.06
27277.64
47045.91
22439.84
19108.48
14302.60
24284.52
67800.48
26517.75
12017.60
49202.32
41131.20
49948.36
13178.16
64821.12
19131.21
49108.92
13126.86
15136.38
44159.81
14341.47
44429.97
1466.56
63879.51
33822.88
10881.80
46181.78
32867.84
48848.80
51800.35
53266.10
40458.72
19876.47
33908.54
13664.50
52214.90
13226.28
68946.54
55289.22
64003.34
25855.94
16253.28
31885.00
1194.29
42915.60
42892.25
57999.76
4922.19
32159.50
28205.60
11225.83
18319.20
32337.34
48965.76
64422.54
82603.22
13430.56
12090.87
27054.25
7518.00
44759.25
40236.24
68360.16
35572.72
5186.46
69174.10
14055.30
50564.92
59324.22
50061.58
14649.39
39091.14
43894.08
72057.44
33531.63
57882.72
7563.05
31778.72
26461.12
71433.18
65337.58
27461.16
28696.58
60908.78
45313.58
54083.55
11276.00
47017.06
24179.35
78996.19
70411.72
45211.88
13105.30
38694.70
11016.12
16649.60
30303.00
15016.35
32834.67
27926.41
43694.72
48015.66
28230.00
55813.80
7960.61
14777.84
35876.06
12339.95
32605.44
7261.80
10670.66
16523.37
15144.93
39141.17
21929.58
15584.80
75295.68
48011.60
65389.20
89394.00
23559.90
12641.64
34369.10
56829.85
24794.28
44286.76
68192.00
31157.79
73450.86
32118.32
56820.72
35148.86
70574.73
8406.27
73397.55
6574.92
20501.92
13635.00
19004.30
39598.34
50901.20
60754.68
45543.06
34423.29
39912.90
4633.92
59771.80
31072.80
51156.40
54561.60
58381.56
11640.72
1303.39
49752.08
26965.38
78466.56
2582.76
17464.48
25899.36
65542.08
49140.16
72028.32
11093.64
58504.71
17718.84
58806.69
30686.35
26496.86
38030.60
2332.52
32248.23
53523.00
16827.70
58337.55
12963.58
61168.66
49453.20
67452.38
72596.93
48876.77
27739.24
63521.50
44793.06
35408.10
48827.22
4702.98
59875.46
43697.70
13631.49
14480.00
7062.50
3665.84
36618.40
66161.70
48792.48
38082.25
75553.38
69586.79
60062.72
15436.80
36933.93
70922.88
13995.30
68786.67
23509.27
32864.65
65239.58
66040.19
1598.69
36514.50
55059.40
54016.42
29489.98
48867.30
12301.32
967.05
69527.39
12403.30
