28484.85
80313.60
46334.40
5360.80
29702.40
30568.56
22925.25
41504.10
34230.20
24566.40
38364.26
10901.88
40592.75
45501.28
66669.84
45589.50
8458.10
71225.50
3741.99
31208.93
52410.87
59759.70
46332.29
65444.76
38706.12
33586.00
45649.36
40164.00
11838.69
72875.97
38808.12
55946.67
49041.90
48743.24
83142.22
52405.20
54430.42
1403.49
66371.00
59199.36
56192.40
11683.65
72402.54
83889.36
48543.03
64440.02
25595.20
57709.92
54007.31
18373.74
30105.77
41372.94
54968.14
28720.40
76016.16
23676.00
23208.84
55699.20
42763.57
55610.00
44063.88
15700.80
1144.24
67796.55
54453.96
51631.44
91007.04
8589.00
11036.79
42932.88
6489.14
46206.16
48255.03
38495.48
51190.06
46732.41
54287.46
51579.44
34410.74
5936.40
59500.70
27949.44
70592.34
48713.33
36369.55
34316.00
6907.35
10461.55
48351.00
59102.73
60648.70
13982.72
44596.10
74878.80
38980.92
20930.00
44687.88
88170.59
33134.97
60092.07
9490.40
19989.00
62700.30
26188.00
15126.93
26655.86
51731.56
46669.00
48919.26
46249.17
15317.28
7608.32
45277.05
50859.90
52256.50
75273.13
60506.39
8096.88
54418.00
23623.20
17099.91
37768.08
65917.03
13487.31
65644.66
66490.65
10280.07
49624.70
62717.50
41751.78
62540.80
79812.48
42019.25
10379.16
78182.28
4789.12
27479.16
1683.77
67661.55
26764.80
71087.03
32907.56
39198.05
44122.73
42444.44
14605.50
43124.08
2776.96
1712.80
29662.50
50803.36
47318.40
16398.00
70378.96
85499.55
50730.53
3949.20
47030.85
10372.92
54389.46
52001.48
21217.65
57664.23
11022.62
12717.44
27307.44
49543.90
61296.93
30635.02
50197.12
2937.12
16914.00
7568.19
75919.60
18214.65
37188.06
14435.30
65949.75
24362.78
73557.20
61077.38
22384.20
9780.70
67733.40
40544.68
43975.26
42263.60
64519.00
22435.66
26596.80
2440.62
54778.95
26657.40
47734.40
42815.85
45297.50
56299.66
73828.00
41264.28
16433.19
72876.40
13878.56
48763.26
19421.20
75716.08
13678.98
32349.50
40488.93
59037.30
60300.24
3755.94
30203.92
32335.36
35490.00
27560.26
26095.74
15640.68
24005.96
55227.91
41063.68
45059.74
54150.72
9290.20
8685.45
14511.20
54423.46
39788.84
3113.30
40587.52
3937.20
15072.64
60724.80
62201.22
10202.96
85139.10
55819.16
40760.07
39311.36
32921.37
8489.20
52695.16
27111.26
15039.76
24408.00
31348.68
17939.36
42960.87
41833.37
40390.24
30686.35
22087.52
16418.38
31681.81
12712.50
8188.65
8040.72
39220.56
26786.16
2808.09
91529.55
67516.91
51886.87
43979.88
63271.16
24574.18
17859.20
73179.67
74019.40
7277.75
47307.48
28498.36
1342.43
11952.80
51017.94
73115.55
85145.28
26866.44
1882.08
20617.05
66079.92
60578.70
24242.40
43175.87
67282.56
25143.56
19353.06
8884.30
24426.61
16097.40
25350.37
16572.60
15796.70
50353.65
53326.70
26578.05
58382.00
47000.59
40742.52
53713.38
7550.10
16957.90
82308.73
64505.62
34161.12
59422.80
7575.19
66069.60
10285.33
48050.88
19396.80
53252.43
3097.26
23365.99
70826.80
29005.02
10258.80
3691.88
41245.20
45258.18
20998.56
60243.24
80560.48
35568.00
58201.51
33924.00
58949.88
29641.32
9646.20
59033.04
80236.28
37747.82
43201.55
24460.22
43347.87
29086.56
49789.39
43589.15
57148.16
38393.48
58621.44
5101.48
40480.44
71251.03
2182.36
8060.64
47580.75
40867.40
5766.30
24698.08
28057.92
6482.14
44077.36
5579.85
30783.89
78446.72
2324.50
38681.40
48690.46
72484.44
30470.04
42466.62
9556.08
48904.20
34725.76
46276.62
13575.00
52437.84
12101.74
13995.45
57724.80
43167.19
3381.56
66558.93
23439.53
3175.34
46257.02
21745.88
35301.05
12963.58
50840.19
32561.10
36061.81
9842.64
38155.80
50705.19
53576.40
72772.05
60183.90
43110.82
1517.61
20409.48
39775.68
25816.56
40418.84
61489.12
38336.23
42941.64
36305.22
5790.16
48326.76
19985.28
29024.78
83800.32
1380.47
3468.75
73447.28
28902.96
57543.04
41975.55
53965.73
72158.36
67744.04
12003.67
41725.60
52548.76
43571.16
2919.18
41625.00
1193.29
56151.57
33739.86
76060.98
19911.42
5457.84
13352.22
4624.96
15112.20
59489.21
3057.24
66838.20
55372.80
11452.40
32458.44
10101.00
13287.43
49590.70
19130.55
55751.28
26012.56
38409.28
18887.71
2891.08
22103.52
86490.72
30506.22
49289.24
38146.60
46250.16
26627.12
20665.84
27179.25
10216.85
55047.60
24819.12
19701.00
29662.28
23695.05
19496.64
34377.74
26767.58
29614.35
11919.53
57060.80
50297.52
26758.82
65693.95
41212.02
35053.20
50328.18
12515.16
19252.80
39312.24
60374.96
61774.60
3811.98
5561.92
57248.52
23352.80
55459.20
19468.67
51336.45
4500.84
17475.37
24506.40
48452.04
3219.40
49704.30
21302.99
60718.70
7182.84
35036.82
27602.40
45618.30
38562.00
14487.20
26473.72
42841.80
37713.69
43179.15
49011.84
16994.40
89566.08
80052.48
27217.68
70825.50
54626.14
11365.97
77391.45
49786.71
19776.79
45091.05
53980.05
35996.48
32101.02
64647.09
46774.00
1474.57
73861.74
16145.28
47707.06
87141.50
30843.60
15343.20
49908.80
52809.12
77151.06
71499.84
30983.25
15681.12
39846.78
40924.10
69217.10
36003.24
17165.33
76626.95
56023.16
61938.24
30813.48
51084.90
44506.80
32266.32
2524.72
27317.52
5461.80
3369.56
2570.76
52731.76
79905.28
39248.16
9808.32
15436.00
49776.39
47372.49
29311.44
27313.07
8216.96
5000.45
19832.88
50922.36
13702.40
36188.70
31953.82
1448.54
40004.00
7405.98
45648.00
55055.91
36814.00
6842.30
14791.20
3649.84
5213.56
1486.58
12148.88
36775.20
25322.86
61892.12
35757.60
36747.48
18533.06
2869.06
23209.30
35485.80
41312.84
34217.10
38083.50
7312.80
14589.82
67581.38
55174.32
15677.10
13846.56
39457.86
6301.75
25787.02
72174.61
30436.34
45819.84
27101.28
12649.91
47581.94
2949.21
8270.82
45263.28
12506.65
77458.08
51806.00
62387.91
6797.42
56355.75
20980.89
15555.17
69069.32
63286.08
3025.22
65203.60
61818.12
27798.16
59038.08
40716.69
63067.50
52936.80
14623.36
1154.24
6721.26
64479.06
47735.82
47930.70
62106.27
16242.27
11321.88
14766.73
24524.10
19130.28
39040.18
19929.60
13739.58
9705.36
33205.96
17409.37
7015.56
36011.10
38024.25
11613.42
55512.48
24754.62
18564.33
66449.11
24270.03
58238.88
51483.66
65823.03
41707.14
68106.22
39772.46
10963.68
27329.96
47668.32
37239.00
28703.36
65048.85
44795.85
69963.26
14614.86
55546.56
49347.74
36639.30
23166.89
46173.50
40134.64
28750.60
59282.64
10210.74
26685.98
44541.00
42801.85
79525.72
48706.02
6298.68
43911.81
15356.30
47681.92
6557.00
8879.35
64580.46
45555.51
58412.50
53484.98
55319.40
26133.06
57596.48
13066.17
3395.58
13320.93
70142.80
83255.40
18692.16
34953.70
65399.56
44021.50
60293.84
14145.45
73733.88
33955.80
32132.10
15797.10
24794.88
22472.00
30103.17
37739.60
20601.90
51294.00
28574.08
47434.95
33911.46
16416.00
78496.32
17404.19
20657.67
13613.40
17362.72
46570.40
49909.20
80199.28
29280.32
42356.40
54763.80
45904.64
14081.85
34413.33
12903.80
82656.94
29811.60
81551.56
52857.76
28473.02
68269.81
18654.02
36309.78
45996.44
27522.26
23737.12
70635.21
62467.00
27568.95
1896.08
6691.20
35215.18
66009.30
51990.72
80248.77
30032.73
41652.24
28638.08
19247.91
8240.96
28625.40
11353.43
31218.75
11244.36
71096.76
3077.26
21062.56
956.05
51041.76
27678.00
24848.88
34277.12
31179.93
1658.75
25877.94
33471.88
21130.32
33443.52
39594.56
3343.52
56904.12
65098.25
30194.12
19017.02
37990.04
14117.94
65761.52
5501.88
17250.36
43193.31
64883.00
21605.22
63800.15
5009.28
24276.50
35710.08
26470.08
34137.72
39823.20
42620.00
14108.94
7123.62
16551.78
14381.40
37456.99
32095.66
23860.83
41231.96
26620.16
15685.47
28586.58
8847.63
41411.15
50873.79
7764.40
41707.14
30007.25
23187.99
9369.90
21643.40
17578.50
6136.55
58877.76
23250.75
69855.80
56028.48
73650.40
27413.19
10262.07
56068.80
13306.93
44204.97
30244.76
73015.67
50363.82
57097.25
7161.77
37447.70
2498.68
72676.56
48452.00
82165.95
84989.50
29659.32
64788.09
63768.11
38611.80
21821.10
26068.32
38727.47
36213.50
40780.46
88604.64
2010.20
10030.90
43746.00
35597.40
60972.66
20613.67
35941.84
49289.24
16442.28
25867.55
34582.80
49373.08
2668.86
30392.20
44356.40
3486.75
30239.68
46718.88
45587.36
18211.68
12010.67
32643.52
34664.74
6266.64
30794.58
26835.12
37579.40
67435.28
47639.17
45798.00
42272.82
74929.50
20041.19
61320.60
53538.78
17729.04
49948.38
26788.05
10306.86
80580.28
13496.70
67110.40
9060.00
73205.00
9900.80
40591.40
13012.65
15476.40
59419.36
1876.96
12333.31
60554.86
43417.92
5293.64
1435.53
38728.80
7813.25
70034.96
85398.67
65504.78
72556.00
22729.51
54643.50
42913.64
44040.56
16784.64
32242.98
48415.64
5461.84
40576.90
41274.33
60707.01
53538.78
10343.16
27086.87
48566.46
34136.00
43276.20
7678.10
33118.74
12886.58
83895.84
81355.50
59294.40
40993.80
31089.36
67987.38
36977.85
19028.02
18667.88
33496.12
27542.97
45562.14
1826.00
27680.00
51666.74
28881.00
29111.00
55983.86
12100.80
10362.33
3624.90
5387.67
46645.83
51139.00
18754.23
21238.32
28062.58
54657.60
75702.90
14099.85
38859.08
41026.02
58483.98
27318.87
50676.63
32122.02
32765.40
42736.98
68814.20
37139.25
5841.30
38529.82
74814.72
25354.17
51015.37
60964.68
57657.60
59006.08
41627.70
43447.62
35678.61
5440.90
54202.40
23502.78
32306.03
3828.20
54129.60
56620.40
38975.58
54286.84
69219.93
27841.41
21092.40
4220.60
1271.36
57342.74
25102.50
5253.60
58663.50
18024.11
