25488.60
5878.24
11028.12
73773.91
34467.57
14627.86
41414.45
19520.64
34695.51
28274.55
34924.41
7550.04
16594.60
12998.16
21664.12
51797.35
13274.43
44972.25
18275.46
13757.58
75981.85
3037.22
56168.90
2566.76
13964.76
35142.08
60904.74
64896.02
59381.08
27021.68
82101.48
70154.40
32705.64
55750.82
29698.24
27754.16
5495.95
48624.03
44884.84
77521.40
18079.32
63863.65
24283.48
72399.85
31704.32
55049.22
69650.96
6406.76
1934.10
65669.29
47402.00
8823.36
1005.09
43846.00
1743.83
84664.80
74370.31
16308.00
43102.44
4063.35
60279.96
29488.20
20565.60
42398.92
2448.62
24746.24
60929.28
4015.29
19917.00
3952.32
46096.14
14436.40
61211.36
49114.65
31617.84
3401.58
29312.10
20161.85
89470.08
14380.60
15451.80
18770.10
10487.04
10521.50
24726.40
39081.51
31594.50
36159.20
47151.50
76400.64
47121.30
36578.40
21238.78
27938.82
20316.23
55615.34
41463.24
77825.70
48075.12
60678.17
8682.31
36939.25
27238.50
85497.16
27966.24
1583.67
66381.48
47324.91
16487.28
47506.56
60522.50
2022.20
78419.04
16264.27
5090.37
56339.10
47728.94
38442.00
16877.88
23407.02
6667.04
5447.73
29533.14
39275.60
34464.10
12910.77
7558.00
44886.88
25436.85
48246.10
59514.00
52819.04
31669.66
1693.78
14325.20
70994.40
13484.40
62077.49
35187.50
34034.91
20162.00
29509.11
3061.24
24049.34
17761.70
57616.65
3089.26
37105.00
4605.10
23450.57
24489.92
39137.28
7257.70
12311.39
35870.16
6231.65
52415.65
7273.80
27398.90
30977.92
12727.91
8729.44
1785.88
45623.76
38120.60
39883.80
55450.04
52132.40
23577.76
29305.08
33386.25
62151.49
18709.70
49865.76
15433.20
9381.96
21298.86
70381.92
5612.88
72526.36
49484.54
19641.00
41331.68
22824.96
76898.64
72276.00
51895.60
4459.74
78666.72
39223.14
51223.68
38705.64
41617.94
43810.48
71781.24
38216.96
16997.90
17464.48
53081.35
29244.78
54587.75
52082.58
48851.84
21176.40
37653.31
58484.16
23927.65
70684.46
58779.54
7224.91
3441.72
57466.06
37721.20
13414.16
10901.70
22173.38
26923.20
50454.40
33564.63
70224.50
35738.43
44271.98
23774.33
59934.72
21913.76
3709.88
27840.60
2234.42
51580.80
50931.20
65040.45
4913.16
37439.75
8163.60
21498.82
31954.72
28366.36
1984.16
51386.94
2216.40
38122.04
57613.60
37098.80
61559.75
83697.75
62016.50
26044.08
48752.77
43921.25
44394.00
44576.76
22651.14
22873.20
67152.54
84148.20
72808.56
48825.81
43097.04
16187.55
16176.27
33218.64
47090.40
13152.79
8162.70
81254.54
37095.12
84038.32
22389.15
10859.60
13964.21
3103.28
30218.67
62767.00
16108.92
40921.47
39689.43
23577.12
30770.00
25899.16
35989.80
49052.40
10829.70
71657.14
28113.13
6098.48
19083.13
47076.91
43026.20
51358.86
42336.51
3199.38
4393.65
22495.38
41601.08
61484.75
15916.16
6691.26
27189.00
39565.26
19049.90
1186.27
3015.20
8625.12
16361.10
52723.80
5373.72
39660.47
47290.88
47622.12
16891.82
33835.60
24795.35
44077.25
83117.40
53371.50
38362.00
22536.36
30084.12
36849.60
44964.26
12113.00
39691.26
43179.50
2620.80
3109.28
6562.92
37919.80
33749.46
83512.42
16748.94
22127.16
25956.56
38542.00
47752.66
63040.23
56231.21
21957.98
29159.24
5300.75
18699.60
43245.63
21754.80
39733.68
31361.44
12352.14
10342.86
6446.80
48363.84
68476.52
4850.13
39272.85
31316.94
39510.90
38326.23
18792.02
38079.42
20346.75
41931.63
76490.55
50521.65
32619.39
40534.56
27364.90
66184.30
35302.40
31624.50
5120.55
9818.48
54606.42
76486.50
32002.29
9880.70
44611.06
45859.95
55659.20
3183.36
68889.14
45432.36
61604.60
4375.65
43035.90
34122.34
72876.40
1120.21
51638.56
5858.24
46188.14
14337.68
32474.40
62829.96
56510.21
23261.89
1268.36
23551.20
28683.32
29704.50
40904.50
44592.96
48228.70
34821.44
1637.72
79033.50
55379.20
53341.20
40855.40
60103.46
50380.65
17280.48
49773.68
4081.35
48969.77
76640.64
9230.10
78851.04
42156.80
13149.84
12271.05
49477.74
35085.96
9930.64
83071.40
60719.92
7452.90
8184.88
35906.64
36871.68
42242.46
29252.97
5588.85
38515.75
55706.83
59313.50
25131.36
84728.78
40028.10
59419.08
79663.72
49120.56
13006.28
4897.28
59263.20
34082.54
24401.75
18229.10
26264.84
16257.50
38110.77
24491.61
74081.70
25564.28
35149.18
11496.33
6270.60
58806.38
38373.81
41559.14
54114.35
21204.78
14423.20
2622.82
47759.53
12829.92
38843.47
46162.16
25028.64
63346.50
37464.75
34466.52
42045.15
36807.68
37552.79
27609.16
3273.57
53377.20
29181.50
54898.80
61751.78
53652.60
2570.76
26622.29
37419.27
64740.37
37623.96
44859.36
22444.13
5495.95
45302.28
47945.17
44697.38
15616.77
29991.80
39068.56
8879.35
46759.50
30380.94
27620.07
66839.04
47480.66
10938.62
27510.30
976.07
68410.78
1071.16
61754.00
44376.80
2738.92
24557.01
3769.02
12429.12
4556.92
8240.89
37448.32
26860.32
10547.10
17928.80
52376.00
6715.26
47780.70
34444.57
6501.95
51382.40
45308.05
26728.60
51023.20
24182.67
54033.72
40422.90
44835.00
1180.27
40980.20
35293.44
59492.65
69959.25
72382.05
1332.42
39289.14
67030.80
66429.30
17879.76
3916.28
42773.36
25436.85
94349.00
15199.02
18509.40
34510.52
26989.69
45354.20
50243.10
35245.53
58198.35
3569.76
13258.56
70826.80
74157.60
50148.28
42130.20
5641.10
34158.08
22998.22
53155.80
59317.21
50871.21
47568.70
16046.90
74570.32
47246.40
8961.68
19803.84
11989.60
1101.19
46843.83
67842.00
34200.66
33763.54
8439.00
45776.96
49584.20
31906.88
36410.96
23954.16
9793.53
32010.44
57517.32
39861.86
58523.01
34642.74
17499.19
74362.40
6962.45
11412.30
24133.34
68477.01
8931.42
44077.25
49781.28
34537.20
4838.10
6475.07
83116.94
42229.01
64668.02
8959.40
23281.57
63370.83
11268.00
38094.00
25191.54
39246.48
14876.84
48055.92
37719.84
49342.08
22728.72
64307.60
10144.68
4189.47
3066.33
66669.84
44300.98
1841.93
14090.94
81742.57
6671.04
4081.35
20614.08
44528.40
48808.02
55113.66
42007.66
34186.25
15555.17
12226.05
1818.00
32802.65
44933.49
45805.32
60485.01
39846.78
45556.36
17978.90
38248.32
36579.60
42413.12
44835.49
44527.36
44545.88
38956.94
40238.10
14015.40
44621.60
25997.30
66484.93
11639.65
11122.10
79688.70
70634.40
45031.14
8969.40
39774.28
1489.58
54441.42
73962.02
53221.35
37566.31
46519.20
43768.77
49311.90
72358.44
1818.00
21531.37
28866.60
42957.12
13964.08
22617.14
45723.61
4572.92
7033.62
68790.15
26037.45
32672.64
11658.51
24438.01
54679.66
68652.90
30783.00
37395.04
36438.60
16719.92
30300.43
62222.01
60696.68
34751.74
59383.20
49321.74
7688.22
5109.48
50974.72
9314.00
50411.46
2905.10
2042.24
3193.38
32130.88
32885.58
42886.80
42806.40
26637.90
50814.99
35077.80
43823.16
25286.55
47201.70
80164.04
46598.75
55499.64
46529.70
41630.00
51447.76
51058.53
68071.60
14464.00
68034.38
42670.08
11092.69
13862.88
50626.52
32506.80
32924.96
1349.44
36238.50
21873.92
19256.28
90194.50
24682.24
31142.81
6613.20
16589.76
27204.50
52745.16
49170.89
94549.00
63501.62
72727.50
49452.82
41373.77
59447.90
30810.78
62274.72
16916.53
27695.34
28136.13
22418.70
29841.90
23937.20
54588.22
38989.34
75847.54
5898.24
47740.92
56904.12
31383.75
47939.66
52558.44
60014.50
47923.92
39678.12
7514.10
52543.04
7808.56
27859.92
9826.56
28024.00
67444.68
8123.55
61953.15
76352.64
8036.58
55411.40
45192.18
14255.20
1828.92
20808.97
1241.33
25035.36
42632.98
24826.24
67925.81
50250.52
19136.16
5185.60
44102.19
59463.20
1340.43
24963.12
17490.88
16478.28
56819.73
44474.98
5510.95
9354.94
41327.22
48411.46
46164.72
55499.85
25741.83
40701.21
44252.16
82687.00
37356.27
75147.38
63498.60
60923.32
3077.26
33004.86
37110.69
37769.82
54736.50
3095.28
12683.37
15436.44
40682.07
47891.98
19662.86
16308.27
37720.82
59941.92
58372.07
26080.60
40658.52
28364.03
57818.05
60459.39
60678.17
32716.84
17857.44
30624.21
37881.69
48857.41
30917.60
11253.83
9345.90
23547.27
42369.50
26970.69
5029.40
42763.57
24383.68
34876.60
38729.04
19989.19
65893.96
39157.72
38020.50
16761.94
46859.60
52134.60
27122.88
9487.35
57195.74
24130.50
2228.40
25827.60
5045.40
1314.41
78256.13
52732.33
47121.30
36113.10
57821.20
59463.36
66109.60
16220.16
50983.20
9070.00
61400.70
4729.12
33531.63
49492.48
37829.61
961.05
14640.39
8637.18
55278.96
14491.40
8453.90
64176.20
16423.02
26728.05
42670.08
59403.48
85818.24
36063.25
36056.57
65730.66
45558.30
32574.40
65257.23
84058.20
65420.88
49685.76
7452.95
42123.66
38921.31
54167.40
46398.75
75067.72
1399.49
16528.49
39081.92
13862.56
1844.04
50309.64
40544.46
10315.04
4510.77
46768.59
5397.76
20626.27
83388.00
46426.60
36191.61
57372.16
43872.92
77613.48
69793.92
46957.23
80004.48
25646.03
34061.25
63517.68
27073.50
53463.96
5300.55
28871.64
46169.60
60859.05
3761.94
3485.68
39282.48
66760.05
41239.15
12740.75
2787.06
28320.59
17202.56
20862.80
74911.20
1348.43
33713.28
28461.78
8408.85
60549.58
35966.16
33435.75
23086.31
33876.00
40567.56
37713.79
25011.36
51218.46
31469.93
29880.24
30132.25
18189.10
12503.40
48907.77
56927.27
17596.59
56845.27
89944.50
12802.59
46218.60
53219.10
49824.00
31876.51
35838.25
36214.64
36389.22
24911.25
18380.20
20469.60
21225.49
42686.85
60712.26
43732.17
26688.60
68428.68
1608.70
33546.65
30593.60
7027.45
15054.84
20015.19
18387.60
68973.50
13658.76
19887.63
60508.70
2971.16
