29437.90
38093.40
30103.92
76973.31
53253.20
18175.72
53334.44
60760.08
15187.25
1122.22
61015.02
46417.28
38003.07
40721.46
56715.75
6391.85
48562.50
35534.88
28245.51
69337.92
19820.88
34578.29
87511.65
43317.60
90671.04
90431.04
25986.54
64606.54
24322.48
8127.00
2989.16
38869.74
63179.16
12469.32
38574.23
33705.54
19700.76
30887.47
27240.00
27529.40
43382.70
10435.12
8051.68
9044.50
41570.01
55051.97
71989.85
55354.68
53253.20
2234.42
30057.25
37100.12
77529.48
38046.92
54896.42
27324.80
11596.32
37732.23
26956.62
54978.80
33445.88
45520.16
34256.00
25707.20
25898.34
34840.26
44532.84
34447.74
32457.09
43100.74
51202.34
81552.02
45618.36
26137.62
42686.00
73769.74
20392.26
21502.68
43837.77
25317.00
68665.16
31624.50
10222.74
48261.00
9165.72
7367.76
11027.58
10168.74
4916.16
18192.89
18373.60
17811.20
77823.90
71210.03
58900.71
18589.95
68712.40
66586.84
44564.52
19115.40
37688.04
65019.50
6156.72
9129.66
19169.28
11237.82
8769.30
49754.50
47931.30
12853.60
55873.77
38296.56
80785.50
27929.25
54321.46
6892.30
73493.28
13466.64
8048.58
53330.94
19400.70
18429.60
78041.32
38183.73
70621.73
21254.10
27705.00
24251.03
51405.76
48098.68
6336.90
22403.38
31054.32
24413.61
7407.85
19809.79
57054.90
45215.28
51095.00
27467.07
57985.20
63669.97
10208.11
54136.96
19000.80
57461.20
7512.24
32309.31
35319.70
43101.50
4528.92
10266.96
37480.20
57517.44
56632.94
47360.10
14211.34
31029.48
44370.76
2660.84
41023.80
71314.80
16836.82
18202.25
7575.92
68808.96
22305.40
35892.22
6582.05
3612.00
39161.70
23655.16
22214.40
11281.97
84641.83
20741.98
56720.73
12830.51
23533.20
48051.60
50353.65
21732.88
1662.76
44396.75
32654.60
21983.40
36111.60
32602.09
20127.78
53368.44
74468.69
21370.44
17523.90
13038.08
66971.50
39443.16
18935.40
50838.90
46659.36
31133.50
82661.85
18682.02
16484.49
58714.35
20436.90
2176.36
10162.98
72891.42
2937.21
16081.92
67710.38
47425.84
31116.87
24913.14
6595.14
51161.66
69239.98
50137.58
4715.01
45558.84
29280.96
38452.48
13820.67
42548.64
14580.90
44204.97
12711.30
3225.48
44594.43
14847.66
35038.15
19188.64
31218.18
23229.60
35377.20
16209.16
45457.45
76545.36
44439.43
40759.92
22175.28
23605.60
38390.50
12866.04
22923.48
71596.32
15030.95
50837.76
3723.90
11652.40
11672.65
39380.50
18928.91
47779.30
1893.99
32977.36
24621.87
28435.02
38041.42
24812.46
55499.64
63066.80
89806.56
46257.78
33915.60
64573.86
74080.83
65542.08
12662.30
11712.84
14001.26
63570.96
46815.76
15181.02
27609.40
75243.12
69453.93
68966.20
19806.93
20161.26
44943.38
32067.63
58682.69
32269.23
18451.56
56952.06
26153.50
24270.40
76730.22
20346.75
49271.04
73337.44
21302.72
82524.95
17017.90
45887.61
31437.10
48894.30
24266.40
41722.20
4749.12
42219.50
41407.74
52876.24
39033.64
50363.10
15626.94
68829.67
39410.55
19521.40
27989.80
33227.28
21464.52
43111.20
14960.32
32227.02
57180.90
15018.25
84778.65
6074.40
6050.40
16157.00
16644.19
41107.79
36172.57
65012.04
37245.52
65585.52
42781.25
21947.58
47748.09
74698.31
4508.88
71053.44
32960.25
36855.12
64668.00
44544.96
21807.10
28695.45
19338.41
8068.55
7045.62
84923.83
71971.62
34985.28
42678.09
54626.22
12986.04
37151.70
26347.68
64196.64
36111.24
39557.70
47394.17
63383.32
7129.68
36941.00
11321.82
14289.12
41388.54
84734.10
16199.01
39402.00
28230.90
56594.72
44855.10
69650.39
6622.96
967.06
24582.74
41455.51
15453.00
5420.70
14505.30
30926.49
69612.96
29875.50
42947.08
16067.40
15444.66
17897.18
9029.50
41803.92
48371.20
71326.00
18519.40
6712.20
38189.25
49900.70
42692.88
27642.16
9824.43
34505.24
28524.06
43484.62
21498.62
37429.26
33205.96
46336.58
19743.79
20805.84
12757.92
22465.66
26922.56
8737.52
18127.20
37259.20
47173.56
26472.60
31229.22
59892.27
48366.92
57250.55
17529.72
29342.72
48038.84
25196.55
12964.14
2989.16
15424.80
21800.29
19781.47
1563.65
20517.60
43434.30
42920.85
32993.96
15271.92
63066.24
13344.20
2186.36
74039.70
1848.94
24586.08
7239.60
2570.76
23905.20
61910.94
57048.12
23741.74
32482.56
23961.96
32971.40
27677.16
23725.20
20047.85
80869.44
51973.08
28560.06
13954.80
42770.00
49584.20
17971.55
16892.07
62670.74
80814.60
4663.95
43653.84
1244.33
37550.30
49612.20
35557.68
9051.60
32710.65
38892.00
72253.44
9682.26
22900.70
73276.80
17156.15
20419.70
39015.34
42702.44
37264.26
44191.71
71433.18
21923.04
29262.96
3732.08
68114.41
8984.45
75634.65
18226.72
26142.16
3375.54
34102.91
80335.00
42957.76
32019.66
59102.80
26383.35
45744.64
47149.80
25327.37
13300.56
19325.54
19362.21
43322.19
61510.98
49795.04
44220.54
41024.15
21383.20
36650.68
57351.84
39642.57
15775.56
2460.64
42442.95
52888.77
2748.92
15857.25
14425.30
5369.72
8825.52
51799.86
44056.71
12267.20
37865.00
44047.96
35733.72
9526.08
32689.65
46447.50
11782.76
36943.48
17347.59
21275.31
12802.68
49047.48
80340.04
13889.12
52343.36
25459.50
43258.80
44400.48
20542.40
20325.36
56490.75
68536.60
33767.28
1658.75
22899.30
79508.25
37627.59
28044.03
24982.52
69114.50
36141.27
46123.25
88092.50
14705.60
18763.80
32948.37
46690.40
36978.80
31684.00
29010.78
25765.37
12927.97
63618.00
51126.34
37132.26
30713.02
66575.50
27111.04
39892.29
25498.88
32894.37
20632.32
6446.80
45438.00
36327.60
80436.48
45455.76
20587.05
75180.00
36407.61
35364.42
45097.94
54097.05
32416.23
41274.45
45808.36
39774.90
32735.40
25911.54
66935.52
22008.24
10032.00
77986.56
41805.00
18429.74
27769.60
31993.49
65687.66
61464.80
30376.96
33056.64
54049.12
50003.28
79709.72
10934.88
5200.65
22864.07
34371.33
28125.60
1553.65
37756.32
51638.40
8528.10
45348.00
38220.25
3321.60
62765.67
54670.09
43519.12
10691.60
45283.14
7152.60
14319.36
17955.36
29906.24
10174.78
36188.59
2754.03
42760.62
43785.12
25677.36
55078.80
50454.00
9719.36
1958.14
25274.72
30576.66
41729.80
2646.82
34757.76
12091.09
33656.49
17532.76
30218.67
45686.82
25310.46
34093.44
24971.40
51518.04
64428.00
49388.04
31586.22
49253.50
45559.20
14603.82
42418.64
60103.46
41343.68
37825.92
1830.92
57085.44
31097.87
5726.08
51961.76
29405.16
69114.52
67281.44
7978.45
51645.23
85239.50
30199.86
41504.10
35663.00
30105.90
1008.10
39693.86
42948.36
23991.99
1826.02
31984.25
25102.25
20749.68
3545.72
34921.26
71067.36
31406.10
32394.20
60904.80
20887.10
7638.10
10919.46
58585.78
20409.48
12675.78
50708.61
17608.50
63632.97
25248.30
55390.68
62114.49
31397.98
14919.96
69922.32
39374.37
54587.04
7563.05
31060.12
28732.32
23569.92
26956.62
44842.43
36056.18
35711.61
19957.28
11972.90
41120.94
3723.99
84761.28
12301.04
40205.86
66105.03
1210.31
58897.73
31057.47
27045.04
26001.72
35388.50
23593.83
32177.31
52143.08
51925.48
14260.29
9289.08
37839.69
20979.61
60964.05
2886.18
30536.64
42768.33
14153.94
49962.70
29951.90
59101.78
16990.93
4489.77
49232.04
1860.04
18343.98
59062.80
29711.20
63714.96
12433.56
55787.04
13762.98
31212.34
48566.46
45472.50
76324.85
87542.00
6692.28
72895.28
57022.42
19656.00
57564.48
27223.50
40826.94
34536.75
40567.56
44819.32
20882.12
92265.53
23262.84
72351.93
25030.79
13412.41
24175.34
21778.96
34146.90
59241.00
21803.76
2744.94
42187.98
33663.63
36147.44
73196.80
3751.92
59212.30
28370.68
31394.24
53742.60
28462.05
22558.32
38641.00
52042.90
5385.85
25703.00
18739.80
44258.76
27196.64
34316.20
1840.93
64808.25
16387.30
46318.31
19152.00
49396.90
56088.06
81637.92
23450.57
14253.54
39250.05
34896.80
49245.84
50434.56
62817.00
55606.68
67390.92
70809.73
26538.60
68829.67
56262.21
19572.80
38659.53
62489.62
1281.37
38921.70
15568.68
11772.39
12289.14
69850.48
54237.96
3459.64
15207.92
68659.14
47889.66
78243.90
29494.50
26044.32
44103.15
11844.96
1089.18
64553.09
6937.40
44142.54
74607.89
5930.28
40809.86
53473.64
3303.48
45552.60
87547.68
88364.64
21512.37
36681.37
66736.52
25418.88
81085.50
60141.46
29431.92
51048.63
5120.55
21264.49
7548.00
53936.70
44928.84
48020.44
75427.58
48688.50
28254.48
20626.84
11408.43
47900.70
51094.80
80516.48
11387.94
47390.76
8393.85
7069.62
25248.30
44902.79
40407.55
13300.43
32891.04
25120.14
46667.14
61400.26
11964.64
40182.90
81475.24
59354.64
14197.54
87370.65
12013.98
79159.99
69650.39
2869.06
35567.62
53444.97
72597.61
52896.80
67892.37
56072.28
26754.75
20257.04
26277.60
44759.04
44927.85
60522.50
26386.52
35687.72
24413.61
17082.72
27508.80
4940.22
21694.80
39374.37
39770.12
9790.32
55861.74
76381.00
39979.68
52357.00
12883.68
26409.52
42341.39
17168.48
11977.08
11844.56
12813.70
9818.56
48923.10
74614.76
30632.64
37855.07
71538.03
8354.88
44003.36
31996.03
71135.24
10307.33
17468.40
28111.83
36019.20
7497.95
37623.84
23395.08
82661.40
38381.48
59390.64
37020.94
41033.85
16397.30
64748.46
3775.96
9976.50
13873.08
88293.10
2923.10
66874.30
65480.76
72967.83
30195.86
39595.92
13625.82
46478.01
35944.22
64102.95
55819.20
69570.93
67447.67
34924.41
9883.71
55393.28
6733.26
9520.02
22956.18
49480.92
21815.20
23375.75
969.06
14559.39
79663.72
22409.66
32132.10
53035.80
47174.32
38726.71
7738.20
48965.48
49249.90
23659.38
6174.56
27551.16
28995.20
32963.28
11617.65
47180.10
10798.41
35072.67
18163.68
34192.29
