24578.64
41405.20
36734.88
57486.52
56479.85
74852.89
3377.56
5125.48
16593.19
25835.20
14235.60
43633.12
59627.37
8132.64
33937.54
59422.65
8191.82
49976.64
10955.68
23951.25
64889.88
25277.98
26522.86
14731.99
49084.20
57377.64
20379.58
4636.89
18625.88
47249.50
15662.10
27839.34
32847.58
30224.40
3811.98
6062.40
45679.53
73968.30
57515.64
67753.38
8904.35
33804.40
10523.20
22944.80
70682.88
5291.58
33411.00
34644.72
7736.48
24365.25
16262.10
8529.28
15806.70
38841.94
8529.06
22331.40
20778.78
4309.56
1559.65
32164.83
4633.00
15325.11
2278.46
52741.17
48373.80
41397.47
32137.56
44946.72
16297.27
46874.00
53860.31
41497.58
34309.80
59683.36
12201.20
21130.20
59882.55
60613.70
44623.68
22775.00
13189.92
39336.92
51055.50
85679.55
43621.90
27355.64
36738.60
59643.45
45632.84
3477.66
27563.90
28480.75
56715.75
3033.22
30087.62
27330.44
26812.44
15761.12
3982.26
55546.56
54424.11
21260.54
7922.46
37481.34
85790.50
47977.20
42198.20
27399.44
17894.11
28096.58
48202.20
32374.00
11628.32
46302.62
47265.40
12709.80
22200.15
33168.30
90495.00
74869.20
50444.46
24441.92
21226.99
71194.80
23737.92
72069.66
51698.47
23528.70
1002.09
32235.35
16697.76
63894.96
29176.78
45302.28
54902.75
20257.04
26251.68
5237.60
20541.10
41834.70
11268.00
40238.64
36935.85
28614.72
15295.28
41004.80
60519.69
39354.90
79984.13
29304.77
42757.98
68952.66
56766.45
30002.62
52887.15
59850.57
19366.91
24553.92
37269.90
22800.05
41835.78
44651.04
54384.42
47659.48
56579.76
70809.73
35185.70
24636.91
12962.04
32760.00
39474.43
78005.88
25391.85
27478.80
52632.87
46930.40
18735.52
28846.24
61450.74
23719.74
12194.39
34649.74
43846.08
46493.64
23899.99
25794.34
36434.88
55679.85
56369.10
82322.24
16770.71
12245.20
3013.20
18664.69
60438.70
68428.01
4411.68
37401.20
33995.54
16787.94
59507.36
13577.40
82036.50
43739.96
37767.84
3133.32
7520.24
20614.08
8542.17
60831.68
85229.10
79848.85
10811.70
52357.00
34850.16
7548.00
26759.16
16054.83
62466.72
7187.52
12845.60
70242.48
3017.20
3395.58
21212.10
39016.25
33547.58
21596.82
35737.60
44162.30
7256.00
26768.60
24618.08
69351.79
33715.40
22900.51
48659.24
44077.25
28718.80
13510.24
55781.20
51318.40
22813.05
68788.57
65859.75
82014.73
44784.96
22325.94
69012.90
22164.00
23255.30
25016.88
5942.28
41580.48
13770.15
23545.40
35867.34
4234.53
49253.20
81286.00
47322.92
58758.92
8815.45
6258.60
977.06
55368.04
29802.24
39071.70
55499.20
65589.20
6951.28
14027.85
1557.65
2856.15
25087.79
20421.75
20027.28
14729.96
42921.36
10191.10
3109.30
60957.92
17993.76
7007.40
34283.34
7531.88
25395.60
4729.08
28317.24
74382.26
9910.71
25037.88
22702.61
23531.53
22956.05
52966.61
60544.26
10627.36
21732.88
44945.22
17724.98
18070.14
57581.20
58315.56
55989.15
14965.90
15041.95
13854.80
46192.72
49567.20
42502.98
50414.00
3006.27
27123.21
27884.25
64818.08
3605.78
64388.64
72342.36
50988.60
53097.12
40149.92
17538.40
60191.04
36198.00
35493.85
19366.91
28921.50
2414.60
51050.34
15053.06
4030.32
79418.70
43077.62
33715.60
58105.74
43595.12
5249.52
76791.77
29652.35
24574.41
49092.80
46085.30
3645.90
45166.28
63714.96
41949.93
13928.76
15148.32
12478.32
30541.06
68973.50
20104.85
5306.58
23068.36
27192.44
27636.26
45623.00
66950.30
57521.68
39421.36
46667.43
23320.64
45535.56
55892.20
16523.28
39867.32
64328.40
3499.68
23565.52
7297.75
8622.45
44267.52
1162.26
29655.74
30382.50
52645.76
2989.18
49416.89
64930.47
70165.92
32740.65
41320.54
49262.50
36542.88
59664.00
65428.80
5750.12
13815.00
14870.10
49830.24
7279.80
95199.50
4087.38
58274.48
52824.00
59854.90
11148.76
25947.54
31820.04
18259.32
83423.12
56669.40
23323.30
69373.48
17328.00
39018.84
18510.47
15388.66
18139.50
33056.37
44366.19
30527.30
57951.25
14583.72
34444.30
37429.26
48974.62
46778.60
49404.00
47162.70
12307.14
29172.28
19621.00
25098.56
48382.65
69472.80
62534.70
27553.80
5285.75
13397.22
14370.21
50496.60
33845.88
76835.84
12585.23
28232.75
10461.40
36759.60
12793.92
44302.32
38421.80
6959.32
51621.10
26067.80
37627.59
27617.48
82334.48
66264.38
10405.99
65728.95
53912.64
55884.15
51735.10
26740.80
45127.60
38665.82
7266.91
55009.50
23826.25
33136.92
6961.50
22326.15
38261.30
28013.44
65552.76
49729.68
57986.25
1874.06
33110.64
14645.50
30883.25
40042.25
47876.43
20790.24
8312.88
948.04
21142.50
47816.66
35272.99
37245.25
6412.07
15265.38
40704.08
49577.85
50002.80
74438.32
77571.45
44271.36
31076.34
3209.40
8188.65
35316.13
25482.88
35678.34
56955.84
57976.23
4937.32
21892.56
55989.16
34856.60
31082.58
6538.92
41336.77
2012.20
31354.20
10613.43
51732.78
7792.48
76717.34
25902.83
4545.00
53164.44
28319.70
11081.88
7280.98
25672.83
67021.95
51099.94
10811.40
46971.06
32714.40
27977.58
43636.20
82366.24
39946.88
50103.20
78973.26
8120.64
17373.46
76491.41
6262.60
14185.34
23229.60
66569.92
49976.75
10294.80
1685.77
64292.55
43835.56
14490.90
19589.57
21785.40
37192.32
28866.60
43042.88
13173.92
20262.00
50843.40
69727.34
48394.04
48678.03
62138.01
10221.10
65940.42
42211.35
20235.96
7183.68
41799.80
13165.84
36313.50
15424.29
63779.76
21947.24
27788.45
29731.32
21130.20
35127.18
61777.36
34524.72
22975.25
32014.32
73277.28
3366.66
7743.40
8353.12
10216.85
81636.00
16439.64
10415.25
59426.56
79013.25
9928.50
4753.12
54923.04
56192.07
26361.72
41354.01
63449.51
45083.22
25900.56
31764.60
21298.23
4937.19
61568.13
21232.65
50034.88
38575.53
58003.42
53936.70
24114.67
35828.40
34597.44
20657.67
58381.56
5185.65
47155.06
51879.76
36695.44
24794.24
47969.68
22475.52
88217.59
40207.63
4360.72
22568.85
41305.24
17191.33
20854.40
38272.56
988.08
39882.00
62212.24
33327.96
33386.25
68743.67
85039.50
48384.70
40084.00
38359.48
38664.23
35391.40
48294.87
17168.34
38381.10
52399.80
11122.10
68809.44
84859.67
25262.82
80538.64
17488.40
12370.14
59330.92
24586.40
71806.05
5532.06
29540.51
44446.75
32682.76
47931.10
50004.36
11252.20
38945.04
59396.37
44949.32
10521.40
20767.05
38300.73
35396.05
12473.40
22767.51
28815.59
71348.76
65264.76
36422.64
8048.80
51292.40
41107.50
56852.73
4714.98
26428.20
48412.00
66976.98
2216.40
49077.17
11961.60
14359.40
4348.62
50106.78
29207.64
30945.12
19354.58
26124.84
57658.04
37544.32
47534.76
54453.60
11203.92
19860.42
18583.88
16218.85
8505.36
56760.75
80690.07
60251.96
71134.86
74086.32
7292.75
20902.40
8668.31
66037.16
13852.85
17073.45
22668.14
28507.08
28974.40
7603.26
25953.25
56489.40
37032.00
9530.50
36521.15
43438.40
25136.55
24834.04
1287.37
55051.66
39720.84
3131.32
37455.60
68360.16
21728.10
2022.20
50716.36
32206.72
32533.50
38449.32
56579.76
21959.04
25976.34
34974.82
29262.96
32812.04
38991.25
29021.46
39171.34
74929.50
18760.60
32760.00
14759.44
38969.28
21275.23
17622.72
88843.50
28777.40
18129.10
6671.28
27698.67
41756.88
76791.36
26888.60
10186.74
28582.31
6016.45
2672.86
18492.63
61745.76
51530.74
4447.71
5686.15
14095.07
19776.15
4396.65
67267.59
35798.70
28488.78
13643.63
44894.85
27141.88
15008.48
30002.70
39823.18
7993.45
17378.88
55580.82
38381.25
69373.50
24107.22
62435.45
34387.20
30033.00
2831.00
29321.90
62423.74
21790.80
32197.66
26577.90
36423.36
82118.40
6919.50
35709.96
44483.04
21590.52
66814.20
56963.18
42294.72
7362.85
81529.80
62309.91
36598.40
12025.26
37198.26
23265.20
5225.70
20328.22
48025.00
59718.55
49373.54
37781.44
31273.00
40488.93
2778.06
64135.64
74086.32
62226.00
54309.42
19857.47
71132.49
22487.52
70003.26
61081.93
33125.70
81636.50
2554.74
72106.44
34276.20
13995.12
4837.20
5904.42
62680.80
28644.31
71875.60
16814.36
81044.92
4725.12
57294.49
44326.56
32514.20
24057.44
42797.76
10856.70
41078.79
58068.92
69633.79
8032.80
62270.34
4404.76
28526.94
33966.83
23923.83
12487.16
57985.90
14571.60
29509.11
56797.44
20097.24
9193.92
65253.60
26647.31
33780.00
27225.38
3267.46
2769.03
22395.66
45928.67
46624.14
6882.35
4621.00
55892.20
57472.14
31506.16
16133.28
40453.55
23359.57
36940.32
49293.91
22595.64
33826.58
66695.04
28556.09
15767.10
47132.54
73998.12
45166.28
15953.04
26794.44
57877.20
68202.45
32242.56
36544.17
83896.32
53073.34
57654.10
20741.98
59970.90
26406.38
32194.80
17508.48
37840.95
46749.43
11556.24
44899.22
6846.49
1049.14
46814.04
21423.20
44246.50
79418.42
11740.48
31208.64
43968.00
51222.08
38681.40
41742.51
11476.16
31873.60
64913.85
17920.11
78558.80
55889.90
4032.40
10931.60
14847.60
1762.85
19325.09
4585.86
24393.76
3648.00
23090.70
5455.95
29679.04
30553.32
46100.50
9454.90
31294.20
63578.64
58429.94
12509.53
74657.31
60048.40
46655.31
25407.20
28652.58
91726.53
13564.40
13034.28
40096.68
6294.84
45455.76
31212.00
24746.10
57146.25
18279.25
35966.22
43585.92
38427.48
24102.52
19226.88
50278.18
17523.04
26046.93
30300.43
32698.80
56592.48
36363.75
55424.28
21122.80
42520.00
36938.28
52800.24
24226.18
23224.64
36615.36
47755.46
32096.27
30693.04
12613.23
1018.11
31245.48
14986.95
7784.48
33547.27
52695.68
55317.90
64622.46
960.06
23851.00
51214.80
65997.70
10535.10
87370.65
49492.20
53976.96
56882.52
8799.25
63916.08
9930.64
26202.60
45720.51
