59875.08
17809.20
3375.66
7091.44
38541.16
68069.82
40236.24
63942.20
51209.76
18115.52
42887.57
66220.14
46834.74
38989.44
74614.32
51137.73
5534.82
4784.07
31005.64
60514.35
17746.38
35928.62
32925.10
16820.64
27445.44
68623.00
35527.70
16987.90
46721.76
63571.20
26638.05
12036.80
44496.75
2796.98
57512.00
8390.94
64629.12
35678.34
61259.10
20808.61
21821.58
35606.88
38669.81
19820.79
52836.00
31421.88
40427.52
22339.52
47799.98
76946.96
62120.70
22173.38
6923.56
9045.54
52780.84
21943.80
14647.36
31833.84
31002.68
63278.11
64469.00
59864.50
64087.76
15589.17
48399.84
15066.24
12982.77
47407.68
13734.70
26972.32
36278.40
2472.64
30413.30
56251.20
34654.62
6775.32
24426.50
3119.30
72441.26
13552.84
37597.41
49965.04
52273.87
57040.72
11243.76
25408.03
41355.45
8184.82
17862.84
77301.45
60565.50
27388.80
53482.08
75750.04
28256.36
32920.56
21624.96
33850.54
42456.62
51271.44
48851.84
65098.25
51113.37
56886.68
83271.36
18139.50
69303.10
28320.36
48268.08
25584.51
47437.60
67250.54
8233.89
35387.75
65217.88
38298.48
43702.58
58266.25
31365.39
20482.44
12483.40
43176.74
24930.84
40874.90
43367.20
66558.93
53599.00
30348.50
1877.97
73381.42
19540.96
51156.40
23600.78
54201.60
29093.24
9922.64
12751.75
11784.96
44532.60
32830.38
24846.80
73162.83
10649.22
32484.75
38894.31
1749.84
79332.42
60364.35
30145.28
85959.24
7792.56
63714.96
36108.27
38208.56
60502.26
36489.15
22380.61
50214.12
7568.24
30737.89
68829.67
35377.05
87403.68
40937.72
10162.88
9439.08
80319.60
4862.13
23127.65
19569.24
43431.08
38171.23
39281.28
63626.85
17152.33
77382.00
28651.50
42391.80
87115.20
52558.44
66724.56
55049.22
4763.01
41725.20
38197.11
24371.62
32459.00
1857.95
56681.27
69223.50
49854.50
5035.50
34796.74
48660.81
16327.30
72060.12
40039.20
68035.52
66695.52
40223.87
22474.66
9484.02
19656.25
78835.26
36578.40
3119.30
1738.83
53508.00
13280.30
44062.08
11008.62
29252.97
58848.32
49985.20
20001.12
48436.80
52195.11
31497.58
43563.73
31334.94
33640.27
7007.63
49262.54
7918.35
24445.80
19284.80
17849.81
14920.95
50523.55
30816.79
40715.52
63382.05
2757.03
10939.60
24154.52
10154.88
16153.92
31001.60
28169.02
53481.12
70518.36
31747.72
6523.02
18766.02
42519.75
79139.52
88170.59
24289.03
40959.10
29757.48
31549.65
24727.35
6731.08
4856.13
42210.95
3593.76
8247.82
37595.95
77842.56
60832.08
10978.99
55630.41
30858.25
27172.80
6771.12
28093.44
26007.30
6161.60
51005.50
10000.90
55018.40
28806.96
9946.50
57404.16
13053.17
1420.51
2857.04
53012.52
23085.00
31858.44
60210.96
70034.96
77986.08
19925.44
39813.39
70508.39
51390.72
47738.60
55308.48
57622.52
9314.00
47750.70
34026.91
28681.00
40098.24
60753.58
58389.98
49804.92
34513.57
56434.86
15865.08
1838.92
19208.28
81425.75
45360.00
24992.64
45648.64
31687.44
29327.24
13577.31
36334.55
48968.10
42795.00
72274.02
17268.10
73662.24
38561.76
39614.12
9429.90
36350.40
64847.09
41850.90
31251.10
22656.96
9590.50
42817.00
46609.20
57979.74
46275.31
6026.36
19412.52
45793.92
52063.11
13313.93
23212.82
41535.70
30188.13
17299.08
26998.35
50905.50
4060.40
64422.54
17269.46
83238.00
11692.60
43545.75
87041.50
45500.45
50874.60
32164.56
6186.72
49542.84
31083.60
1926.12
70154.40
6917.40
5051.34
75179.50
76184.22
27468.67
15023.76
22979.07
59742.72
36579.20
23577.12
21911.36
50561.64
8036.58
43055.04
7417.85
79071.30
31083.48
18223.20
19298.74
47192.70
11100.10
15910.74
6420.96
43721.00
74737.12
41683.68
60584.00
19861.60
39802.28
48745.11
43054.08
45395.20
42165.90
10090.98
3828.20
15056.00
49566.82
1555.64
63374.50
62417.52
15878.34
48427.65
17100.72
26219.68
62065.60
15737.10
17939.36
60036.39
45680.67
24469.76
10921.90
4400.76
50286.18
6759.12
54361.28
45768.60
29599.04
51006.65
87507.63
3276.54
29782.00
1942.12
5228.49
29359.72
65757.92
5444.70
13404.69
8408.94
82288.48
34140.68
18840.60
42685.24
57250.55
47378.56
4838.13
9954.72
6887.24
88076.64
46694.31
50383.55
54207.00
39026.17
72236.12
27638.16
51415.68
23064.64
1309.40
41967.22
43778.40
29728.48
21100.86
21991.36
8208.96
26411.84
47270.10
24029.50
61684.79
27515.16
13622.84
21183.46
1826.02
15213.38
23761.92
7544.10
23650.75
13469.31
74526.96
60040.68
9730.53
48514.48
9306.08
30537.48
52164.90
90334.56
38724.42
82737.00
15216.20
8775.54
15005.90
16577.85
7694.33
24626.88
4684.95
43666.50
77735.59
6790.49
3709.90
18309.20
26071.71
35281.18
13730.76
14145.45
35302.76
25547.04
26309.88
53402.81
59095.45
19160.24
25646.03
49685.68
8028.50
45325.28
17099.91
19789.00
32921.37
35034.86
9988.00
41239.15
58054.04
11642.60
59263.50
15812.25
3225.40
7019.40
9874.71
2694.88
29908.97
14175.24
69198.98
31743.60
44842.74
84889.50
39082.80
49840.38
42256.35
15119.84
16280.55
44546.97
42180.39
10675.36
73703.28
63299.60
16891.82
28759.05
52273.40
47424.50
81033.26
33244.92
59420.79
9075.60
10162.88
1127.21
41786.28
19556.64
30223.79
10921.90
27436.96
68657.67
92020.53
25162.56
29803.50
20737.05
25752.72
71483.88
19172.88
13613.49
28330.75
55079.22
84280.80
1072.16
50885.20
31759.00
1891.98
9442.16
32334.20
6228.78
9330.20
52449.76
26067.80
52697.34
52190.88
38200.32
19241.00
34596.72
51762.56
45983.30
59013.50
85679.55
7948.40
29191.80
11260.00
3267.54
34116.24
50658.36
37525.95
17554.05
22760.16
72346.50
11261.76
27007.56
45137.52
67146.93
58546.60
21190.40
37022.68
89325.60
40070.10
36413.50
912.01
12004.72
1463.55
40590.00
41833.37
1408.49
28484.85
28850.05
6731.08
40916.46
16493.52
59035.48
52599.68
9530.50
47569.52
31468.10
74313.89
31006.64
52932.34
5994.36
7159.68
84265.36
33497.28
50515.92
28606.21
24430.80
33937.54
32521.44
47921.22
40571.52
16883.73
58012.80
1173.27
59660.70
50743.00
81536.50
7478.04
47247.52
8252.76
41305.68
61130.25
3481.66
26846.82
47089.92
44610.80
42353.08
18829.70
57826.86
75300.96
28397.88
66349.60
30244.50
17560.76
26823.75
60373.64
46417.28
55769.85
40602.90
44007.25
57121.20
26343.90
73513.44
82599.36
87163.68
13244.10
18989.90
16033.36
53151.35
71040.15
12636.78
64820.40
3162.42
21386.68
67853.37
64469.00
50815.46
20073.78
57011.50
71171.49
13214.19
1770.86
43081.64
12150.81
90647.06
17571.04
27429.40
51245.73
3611.80
54448.80
41153.15
32098.32
23860.20
43695.52
4650.10
43193.08
46034.40
6440.07
24966.80
20974.68
44039.16
79834.00
11552.50
28906.25
57943.05
42915.60
49251.90
26854.58
10483.44
54826.80
37881.60
38813.31
47352.00
48997.65
61708.15
18959.90
66569.65
69724.50
22904.05
68966.15
35984.20
2376.56
62417.00
47125.05
3129.39
23480.80
12988.17
52358.58
1637.73
7968.72
34444.52
59843.00
9351.90
42284.64
11540.32
2975.16
2200.38
13950.30
4663.95
3934.20
84222.32
45391.58
82706.85
65847.54
55954.15
8428.85
7953.61
25723.20
23919.09
44377.12
73528.00
22106.63
3952.32
22409.66
49193.55
61099.74
1944.12
63410.60
31806.32
33320.07
12164.81
41931.63
63706.97
9424.26
24778.35
8168.70
5834.20
62706.40
8064.80
7107.60
51539.60
61245.78
29049.60
11092.69
43610.19
43922.48
11397.24
39159.90
39113.28
64438.06
5330.58
61469.36
3872.24
33034.98
4993.36
46823.14
10034.72
8478.90
52661.10
23641.92
25641.36
18794.02
25386.88
18323.50
54363.96
39279.40
46269.98
33629.42
30553.32
69485.98
79617.72
15759.90
24613.68
20307.56
65277.08
38263.92
15025.90
51050.34
8298.75
23586.92
4500.88
72304.05
26556.00
1771.86
45369.20
79193.25
18323.84
15239.51
95049.50
68272.16
67922.50
52003.50
34136.89
83255.40
58736.58
43543.76
40122.90
8583.12
69962.40
8905.60
52801.00
55823.04
42394.50
81914.57
44446.56
77867.25
49492.20
23656.92
1926.10
7531.88
48022.20
39223.14
30303.00
20268.93
74129.88
56940.12
52941.00
24358.40
72531.54
12333.04
56028.00
35381.28
57089.70
50092.80
8208.96
37439.20
48496.36
33035.97
33551.34
14141.40
44728.40
7526.10
71487.24
24206.52
7883.35
11829.69
34235.82
32334.20
57841.20
30199.68
46398.75
44736.27
18380.20
34654.29
19869.00
52429.86
10882.55
49595.91
26348.84
81019.07
6221.65
79688.70
29872.71
20180.85
58863.36
48528.87
32050.27
55299.46
51535.44
74369.90
70664.10
18283.44
24113.04
35161.13
36302.40
29247.24
9532.08
28264.02
79148.25
50312.64
45313.44
80838.71
67452.38
21588.37
45122.35
28181.75
4845.20
4721.08
15992.40
70904.20
33935.06
31382.93
31790.68
51354.94
57842.10
55948.50
32197.83
19072.13
28489.05
34704.99
71635.20
17843.36
33423.27
36596.28
41156.28
15460.64
42042.16
60832.08
30492.33
46192.72
41084.28
42408.80
50855.39
50453.44
44346.76
51206.00
64553.09
11171.70
18844.02
11091.84
42886.80
42493.08
35334.00
39037.95
54618.52
44652.30
42675.85
33866.72
49526.20
69773.80
33961.11
11280.36
22056.24
72147.66
46533.31
35529.24
19875.42
10896.48
24445.80
61412.13
47469.24
6518.88
29533.46
42318.21
20600.71
27053.98
82651.73
3696.96
46735.04
43486.20
23983.56
21802.92
35005.82
46292.40
57377.64
17533.08
30484.66
20098.59
30192.50
5816.30
16457.40
7063.40
11232.10
77382.00
2981.16
28884.87
43361.64
40133.32
19897.90
26950.77
83089.42
57018.06
55403.52
46732.14
64027.86
66990.40
18246.25
32074.80
7448.24
44245.97
26777.75
51999.90
74318.00
52166.76
25857.72
16627.50
24370.01
67393.34
