61733.16
8519.00
62706.60
21891.76
48607.65
43651.52
44231.88
21590.52
19761.00
27147.38
40716.28
79160.42
40171.20
29746.71
60543.72
19341.20
54007.31
46809.56
90286.56
9384.85
83292.75
61085.25
62212.24
30272.76
25787.20
23065.20
54384.42
25106.40
33985.08
56999.70
49129.89
16506.18
28535.08
20582.40
85818.24
70970.76
54463.11
12829.92
14105.00
36245.88
57784.23
33455.20
8781.36
38963.08
21163.00
46208.96
25151.06
27408.07
12916.86
47051.50
42488.82
80409.15
31809.25
60984.40
64796.04
93050.51
12861.86
14503.20
58716.21
25151.55
60271.86
46392.76
5916.35
13550.64
65869.20
38672.70
16858.82
44968.80
1300.39
77954.70
26506.29
62596.23
17343.75
39808.86
25752.72
7427.90
75937.90
31425.12
58126.60
7610.26
32828.58
21106.40
8208.96
14535.60
24722.28
7672.40
50014.80
22824.96
3781.05
35319.70
59066.04
44010.69
44299.71
62211.15
38969.28
55259.52
14985.90
43391.04
6550.88
34701.24
36640.40
38121.30
23830.99
45030.72
6655.00
50694.00
27805.28
15784.56
68526.01
38027.34
56164.15
57751.76
28730.60
56703.84
18869.80
34453.44
51350.08
42681.98
27600.30
16006.90
35842.80
31566.58
7043.40
88029.12
85889.16
18655.80
20195.12
57009.18
26639.52
5289.68
82837.00
50670.00
19247.74
63747.20
29605.14
22188.40
24205.35
25016.32
20184.23
24166.22
84839.50
49773.20
37338.46
34140.72
42751.41
51938.32
8208.88
18739.80
14983.68
21169.99
38936.92
79418.42
41467.44
51294.00
29880.73
61934.60
85153.67
20658.66
49280.08
40507.72
30881.92
75830.50
65553.95
39102.48
23025.07
36159.00
16352.10
35366.08
16382.85
82148.48
12156.88
23398.57
75776.16
39540.05
16144.92
92246.50
4765.20
40096.68
30362.04
42353.82
47318.70
40083.39
22449.61
19872.06
52693.49
2284.46
47611.20
43387.76
37639.40
16193.60
44303.36
21545.12
21682.80
14828.10
41757.76
10279.92
12442.23
51326.40
49693.20
67482.68
75501.55
2012.18
11011.76
47307.48
43472.25
17747.20
2618.80
23208.50
89252.53
69422.96
21131.80
64930.47
15775.56
52625.65
75980.04
59498.64
20723.78
47135.40
65823.03
75580.00
21915.01
53253.20
1806.00
26228.50
33895.60
23411.70
18260.20
15200.80
16355.64
32137.56
41618.75
36580.50
23605.05
11284.00
34007.72
44949.06
13502.64
61744.12
61866.50
20991.23
24596.10
1743.84
28998.60
9193.80
17516.72
22045.38
23090.89
43219.74
14836.20
52156.50
41712.58
20476.47
53054.10
48170.70
39617.76
37245.78
3543.84
43104.88
2931.21
19341.00
72144.11
38595.81
41906.51
21891.10
29355.94
21068.00
35857.80
15009.75
14343.48
40380.93
34012.89
33271.84
75198.80
11218.83
17214.24
26867.43
51190.08
45026.56
46232.31
66550.56
27628.96
16242.27
37276.33
15757.83
24637.90
34509.20
45361.92
26172.60
74253.26
24203.48
62066.50
64429.66
4016.40
26164.16
64600.09
43663.94
34077.37
68471.64
20366.58
18939.91
36347.22
24199.92
11821.46
50203.38
30702.00
40034.29
37434.69
55135.08
24953.06
47600.40
13694.40
6416.85
53186.35
69833.20
28535.08
3736.02
19803.42
88311.59
15334.20
32416.02
49421.68
43065.90
3714.96
51910.32
48812.40
58542.00
48618.96
5868.42
1784.87
20171.32
5495.95
1462.56
6377.00
8793.54
28706.31
43469.54
42417.72
25241.55
49101.90
62105.01
14239.54
90431.04
50083.38
53156.52
10736.77
41201.68
57656.52
47902.50
21905.73
71355.20
45325.28
25312.00
44448.96
39822.38
45623.76
38390.75
45477.20
36388.75
46332.29
59495.70
42766.40
43747.12
43396.20
22653.32
18009.18
48501.30
28050.00
14658.48
34981.18
51855.13
11532.42
41449.80
22471.84
13280.30
70547.10
41645.60
25727.60
4637.00
41082.20
5384.64
76331.00
40203.60
34254.91
5441.73
1666.76
8056.80
48281.45
23830.99
45654.84
48436.70
7415.76
38218.77
49403.34
36215.90
47293.52
11036.79
69823.80
35975.94
4943.22
40299.66
14555.50
30217.86
7528.00
16944.07
31307.06
65067.46
25450.74
52706.70
37324.56
27370.98
33055.00
24931.52
4672.95
36418.20
25559.82
52121.25
56729.40
7638.10
29600.64
37841.40
36405.15
2895.15
20702.66
18049.35
33046.74
47802.50
13670.76
50767.99
22843.51
37175.16
32227.02
57012.48
21641.75
20433.48
52901.55
8023.61
28130.83
29311.00
14722.73
54660.88
40330.68
45451.68
52887.15
23348.50
49934.43
45008.00
43077.62
12108.74
69373.89
18114.14
74046.20
87508.12
29642.40
8191.82
12133.10
55201.08
51850.40
17388.30
2736.00
18554.58
12063.00
59066.92
59714.50
11220.24
2066.24
21055.10
2214.40
31333.20
72605.28
44204.97
21615.75
7052.50
7946.46
69993.60
6595.14
30164.40
41841.58
36710.88
22608.96
13135.95
34929.18
16401.92
74068.40
46371.78
44668.76
62455.62
74966.76
32479.44
36620.64
66453.84
51139.44
66580.65
2336.52
3778.05
24626.75
8300.88
8685.24
45769.20
85676.77
43420.75
50723.40
50670.00
18800.60
45759.33
15438.50
25030.32
15088.20
18812.52
36334.55
12571.78
57660.48
44435.88
42644.36
21176.40
61266.66
69609.39
41514.08
22795.07
8619.12
43559.46
45682.14
56632.94
24413.48
75384.96
87442.00
45940.44
50919.00
34056.90
48842.15
9130.00
33857.58
58813.50
8270.82
4128.48
37345.33
31272.75
59410.90
28388.36
34356.48
8503.95
81132.92
1063.15
20884.50
47091.45
16722.94
1002.09
2158.34
55323.45
30482.75
67523.40
69232.80
43966.50
19380.80
7432.90
74608.38
28264.02
7666.33
17205.70
22133.98
43219.74
39119.34
57861.60
61297.36
56188.57
58502.40
55162.24
33948.24
22259.40
5140.60
46814.04
17298.72
23474.78
36113.10
30200.40
63716.16
56323.90
32063.36
64057.95
74296.26
64744.54
37505.38
19656.25
70554.00
51029.76
54398.14
1574.67
27381.90
18578.16
912.00
1313.41
12865.51
35766.57
77217.60
48829.33
39257.28
58336.79
89894.50
37712.80
60014.50
61244.40
18620.58
48840.30
72296.82
27569.34
2907.08
55579.20
46257.47
29665.68
11541.33
78005.88
63964.60
47678.22
32399.03
36914.85
8306.82
63268.00
59834.90
51575.66
12685.68
15829.65
13754.76
69732.39
70676.34
34596.72
67691.40
10979.68
31681.65
16235.01
19686.00
91343.52
54364.38
54272.40
35870.16
65343.23
1239.33
63376.68
45548.16
57645.72
65583.07
42921.20
7502.95
19364.40
49201.24
56172.48
31233.00
6687.15
8937.68
18371.84
9300.20
3932.28
73677.20
18905.25
55210.32
21766.29
50893.63
32227.20
40979.40
13757.58
48045.46
9454.02
26992.62
19358.35
4231.50
53617.60
60833.28
33254.38
15916.80
44000.58
35683.96
38597.76
4880.35
23294.57
17616.90
21036.26
16874.20
9139.60
11021.58
35275.17
46570.00
27903.92
21850.92
25407.00
41354.10
10739.44
79734.50
22547.64
10289.07
75980.50
48807.15
59048.45
18906.71
36557.90
47218.24
12108.88
9309.84
32033.80
1862.95
17274.36
22082.75
25100.46
34950.96
2781.03
63977.20
27744.67
12542.53
50973.12
20856.88
18710.02
52483.42
70954.40
57040.31
21254.72
30052.00
2264.44
30849.12
18319.44
63817.11
9446.08
39739.86
33722.53
29563.74
28647.08
17571.04
90895.50
45401.36
62766.44
6362.72
21793.10
46323.64
69194.58
1675.77
42969.36
19641.24
33906.60
43327.20
41315.34
5517.88
56620.00
2754.94
82839.36
52156.50
19237.24
60351.36
11139.84
1063.15
62256.60
20934.40
3193.38
38312.48
57229.44
3660.04
63272.30
73590.08
12649.68
77020.31
51554.86
38825.04
52520.65
62350.24
15748.80
40783.50
17917.57
22292.13
85676.77
48801.60
45599.76
41123.42
17635.04
60274.35
22488.12
2859.04
30410.96
74217.88
25660.88
7873.35
8661.31
62149.64
52990.19
45264.00
37660.68
40223.40
66551.04
43056.63
72220.32
19446.42
43053.12
42190.46
29984.50
35472.24
30839.76
19857.00
53059.44
15991.83
62040.12
38390.50
28501.20
54662.52
51684.30
45922.29
38729.08
24764.87
52667.16
17328.30
70718.76
70354.00
59627.37
47481.84
38512.88
38750.91
86947.18
42936.53
1801.89
7387.92
5336.61
17118.72
37481.20
26572.00
31908.49
60448.80
1005.10
18544.95
35882.57
48755.84
28232.75
36538.40
46501.98
39627.70
84463.20
4135.41
25142.46
50129.82
35802.72
33944.68
1450.54
12373.44
86923.20
29411.72
47818.43
10351.30
15811.65
15834.83
81207.07
17838.70
14343.12
29880.24
48938.77
30199.86
20531.84
37489.75
37461.96
28044.03
18792.52
51350.08
50447.65
29411.72
33407.64
27638.16
12036.87
1802.89
31615.65
56731.84
32334.50
25935.54
26813.04
35711.61
85594.67
1291.38
5101.44
4483.74
26022.30
40943.00
6348.90
27488.97
28548.45
29786.40
62667.50
37948.23
31635.58
46417.00
12172.96
12960.97
18622.76
44996.28
14425.40
10161.10
3635.82
56071.66
21706.80
19533.24
30336.92
50082.12
20713.42
16735.81
39083.58
21413.46
58237.56
15086.06
66669.97
37990.25
45017.70
3473.66
83638.00
44392.60
41203.44
8198.65
3264.54
37690.00
13973.26
76478.22
33300.30
1592.68
27921.24
91284.55
4651.92
26628.40
40172.44
1071.16
7015.40
38387.25
2626.80
72927.00
6661.20
14715.96
52461.87
15472.56
42180.16
10553.04
26529.72
31702.06
30374.92
37948.30
49975.38
38951.64
34056.12
30758.40
56980.80
37619.60
37733.04
17538.60
24206.78
21863.01
63613.20
34161.50
30641.30
39362.05
6562.05
37960.08
88096.12
46935.98
14688.16
41553.00
18294.89
69410.52
64807.47
6514.88
20707.20
28830.96
32674.80
26275.71
42405.00
24335.48
67848.00
52226.40
49061.76
18557.76
13444.40
61447.80
19364.80
23502.57
45171.85
7664.40
39276.90
49153.65
35563.28
62106.74
34035.12
50200.64
11502.40
43796.00
32507.31
65448.60
85770.24
16734.06
54661.80
61424.80
40242.50
63066.40
43341.55
61842.94
28781.00
45083.22
9922.64
72359.26
1470.56
48983.22
47387.22
75763.80
1126.22
74658.32
21979.98
