42003.14
11562.54
43384.19
24992.60
57898.62
44167.60
48792.11
20866.50
5137.48
49364.48
51434.04
25765.37
33969.06
57982.92
51940.80
31754.32
34408.92
67021.95
44532.40
17503.59
17516.72
48178.88
25261.28
20202.00
28848.60
37003.33
9568.14
27803.34
41696.64
34291.29
37736.64
22471.84
951.04
76134.95
59066.28
31978.98
43032.08
21106.89
36143.86
56886.06
37462.26
11732.48
46289.64
56870.04
39448.50
10694.52
13588.63
9817.43
14585.50
22310.42
6547.08
9818.56
94599.00
84368.69
3126.39
64397.06
55096.69
15015.90
56625.75
16467.64
12685.36
38562.00
50611.72
21386.54
47159.84
54865.66
52192.84
45313.84
24954.60
5063.34
23976.25
13021.68
16112.40
47751.12
64725.12
15143.84
54511.76
56549.10
44792.88
45477.20
43605.84
14757.57
6156.66
26803.39
46629.98
41757.76
14285.20
14424.30
32602.80
16583.49
29379.51
45618.36
28758.96
35985.62
11424.24
77024.64
56027.07
5095.55
44426.76
47447.66
74430.72
34789.76
47942.44
45809.72
39714.34
65632.82
48981.90
4162.44
12950.04
1592.68
69633.20
45647.76
22311.84
32435.10
33799.06
11331.32
17618.59
39598.05
5551.00
55661.16
32441.50
63779.76
67127.52
25087.00
31383.44
43607.77
1228.32
11008.69
65970.50
39941.79
67066.20
1670.76
26869.98
40633.03
72961.97
47098.23
8874.72
71326.00
17448.75
79679.60
85202.67
17659.85
15024.48
50180.13
43097.04
16739.55
39691.47
31774.50
51406.00
41083.47
36971.76
35037.52
10461.44
57788.80
11387.94
49618.47
968.06
36329.52
77031.00
37461.48
11001.62
79231.66
42225.51
58405.32
34455.33
51153.76
14550.30
35808.85
14118.80
54463.50
30734.55
85253.30
7911.54
34168.34
39582.30
54177.09
31554.39
5096.37
66678.84
45722.75
16661.76
57256.09
61064.40
61535.70
52162.11
50194.74
28343.36
76478.22
38381.10
38953.92
39750.84
30993.90
50589.90
14027.85
29815.28
42157.16
62672.70
49425.74
42995.25
57625.09
66417.05
60036.39
82886.85
8709.15
33252.16
35837.60
22624.40
46697.28
46407.87
16973.82
69385.44
30056.40
51815.20
14000.85
45183.58
42874.87
65337.58
16781.88
53775.54
41078.79
8163.82
40250.09
40576.90
38210.04
25406.70
50993.70
41877.00
45193.28
74838.54
45553.92
62867.50
29937.73
6793.32
50738.63
37560.60
33353.64
34217.82
25515.18
7934.46
17640.59
43285.31
36438.20
19441.20
45299.84
45550.00
32137.80
34656.40
41894.64
24938.40
68946.15
17729.04
65084.80
58362.04
65743.82
83486.20
58662.40
14305.20
18221.95
34356.30
54207.00
23042.65
72617.54
55614.90
4462.74
22123.63
19153.90
44981.35
8881.60
30902.76
24973.60
25920.72
17938.80
29423.94
3033.30
18830.89
12245.31
75007.68
74853.38
65751.29
87746.65
20085.12
1823.91
34176.00
27056.43
81536.50
42488.00
12453.20
10198.74
19921.80
2034.20
30502.34
11852.80
39137.00
8624.10
30257.79
6436.90
32810.00
36668.72
5510.79
15436.80
56363.76
18175.72
12649.50
8336.88
50887.20
71394.80
9634.32
66670.65
2937.12
27749.10
7431.76
44881.56
48687.24
9982.50
84376.80
61048.68
42149.60
18316.95
17985.24
23400.75
23692.76
10593.66
29898.00
26303.00
72436.00
64328.46
27798.16
41543.01
56091.16
32159.50
32614.40
44068.69
7377.85
9300.20
52752.15
62746.40
5069.34
19831.90
32695.39
68378.52
6623.00
9338.08
12469.56
55322.96
46164.72
13313.30
53307.50
65805.12
30722.78
66958.20
16355.64
3198.45
40543.20
68615.64
45721.72
36263.50
46949.56
26236.56
16974.72
41420.16
59971.24
10301.20
36538.40
23256.80
50302.80
43166.88
1247.34
40334.84
13117.72
8985.76
57147.64
6354.90
3952.32
74278.50
66416.56
32544.00
27289.20
8313.04
30505.02
19059.90
40930.89
29600.64
9498.24
70870.80
36172.86
11133.21
73337.40
17001.53
27390.00
26018.06
49833.20
13912.08
37482.48
8240.89
59038.70
28985.93
64103.40
26869.98
10230.85
73787.28
30560.22
18259.10
48042.68
43859.16
46602.60
30965.00
70003.26
45958.14
18115.52
39080.91
29206.50
11499.11
27677.76
37792.04
30870.47
35843.75
21531.18
34036.00
31810.56
16126.92
16187.50
38261.73
15146.10
49516.11
28454.58
63699.24
65308.60
24896.25
47652.25
10685.22
47732.22
63627.20
74205.90
56269.50
32638.39
31388.94
60127.04
1755.85
34477.20
43937.46
22073.38
83829.20
63884.98
69003.15
41984.70
62444.13
28548.45
39971.80
8777.44
7452.90
21112.80
18279.14
29681.75
58489.56
50509.72
47161.40
9129.60
9829.62
46629.64
67328.44
14407.12
83938.50
34146.90
59186.40
38890.95
52624.44
11100.10
24280.65
29582.40
65937.96
1445.53
15760.80
34173.06
30290.04
22564.61
40793.25
40716.69
6846.49
38291.89
47322.54
57250.20
19479.06
2416.60
23264.50
48020.18
14017.96
30607.75
9354.08
30342.79
55113.97
5265.70
1087.18
7042.63
5639.91
38345.28
51931.88
12928.58
60255.36
25455.82
38584.70
13886.56
61313.12
33488.49
85184.10
37198.26
37594.59
2678.86
17958.80
32975.70
57508.23
64438.06
3613.80
18019.80
54868.80
12605.28
54706.88
8473.90
38249.28
22001.58
67882.81
25626.51
26262.86
29478.96
1812.00
56382.06
76728.52
34148.40
61128.26
34199.82
1751.84
28675.62
46362.01
42872.36
10186.88
40811.40
54178.08
41740.80
45329.20
40567.75
30753.92
47424.75
34597.20
55692.00
30152.00
7499.88
32374.00
66126.38
37070.25
58922.28
52893.39
54717.60
9890.64
10010.11
56452.04
53096.80
16423.02
62669.88
14745.70
16187.10
16231.27
13172.04
35919.84
11340.08
44651.88
8283.75
58125.56
50614.40
48933.11
79414.79
9955.80
53972.81
38762.40
10860.00
24348.48
26319.58
6664.28
44013.50
68419.16
6116.55
39830.28
77302.31
9802.48
52748.39
58813.88
39776.00
11562.18
85347.30
9409.90
41731.92
25334.98
61721.52
2488.68
4810.30
17879.57
6541.08
50485.52
74761.96
22859.88
8377.04
15206.10
50985.48
81705.80
90245.00
21889.14
68556.15
9739.53
19807.06
60615.72
60855.92
24601.75
2774.96
9810.70
45689.20
12143.81
35366.08
28720.40
8829.72
84238.50
21540.82
3952.32
36921.42
44147.16
5533.88
39432.00
19193.13
67925.81
29132.10
26078.25
25551.18
2188.36
36114.59
46669.00
82076.40
23754.92
77653.40
14520.90
76709.36
27434.70
28688.59
48856.92
70678.10
15667.47
5549.92
13342.70
6282.84
39689.43
38176.32
51700.56
50129.64
16997.90
54827.52
8617.36
63251.32
5561.92
27198.88
65988.38
38474.48
26416.08
6595.14
30968.12
2346.52
38440.75
4192.47
48280.70
19236.64
45648.00
13782.56
31945.98
4570.00
13586.40
29504.32
52413.17
6664.35
52459.44
75275.20
15009.84
44324.80
2917.10
56039.85
42126.63
69398.79
45267.88
66387.50
26467.35
73022.40
76422.85
46595.64
33456.15
19280.40
71169.03
31181.54
24958.91
7243.60
9916.44
34382.66
20562.40
6622.10
48821.28
16697.76
35167.86
14547.82
68399.64
24217.48
34729.24
26228.50
60929.28
2576.76
36299.59
64150.65
69608.98
60826.35
10131.00
21082.80
39382.70
5836.30
37661.42
18560.16
14133.34
33496.12
56227.16
46210.00
53221.35
12205.20
1559.65
24776.84
45300.00
6863.20
37462.59
53733.24
19633.68
15186.10
18995.02
47818.06
43895.16
41654.40
35504.99
24526.20
28589.92
30776.40
35528.50
12701.91
25167.00
7587.96
58494.48
24673.87
58906.98
18271.80
66093.48
34489.62
22403.40
77490.78
4625.10
38222.73
46275.01
3651.82
7319.68
14067.12
936.02
46050.50
37407.69
40026.56
33092.16
31159.64
11618.25
63947.60
50631.96
11316.08
5282.55
10685.52
23969.22
1061.15
27389.16
56865.20
35258.10
3435.72
45307.02
1595.69
56970.20
11820.56
37598.34
83511.56
29569.86
17724.98
26957.04
13768.95
7378.98
17108.10
12861.86
58671.35
86538.72
72195.60
38416.82
19441.20
59230.78
18725.10
36580.72
67390.80
22389.36
10812.41
47599.75
15412.44
34937.25
27236.88
65620.00
22872.96
32368.34
34466.52
22217.94
22072.63
52259.18
52977.33
33593.49
43022.24
68048.76
43804.94
80274.15
43361.76
1170.26
72796.40
37300.32
26599.05
64110.06
33182.96
19101.00
86058.72
47335.75
73196.80
1210.30
81229.56
75995.10
52196.81
16825.82
17761.81
20617.05
41949.93
21737.76
11742.70
40204.00
9108.90
26089.14
41141.32
36200.01
34512.45
43166.20
31230.87
2778.96
33074.80
18653.88
53479.99
42820.53
15346.30
6446.90
43006.80
31978.10
39784.29
31644.51
55715.04
38485.16
51959.04
48774.96
57821.56
24001.74
78226.28
49892.85
14545.50
32612.84
4440.80
19765.12
10758.77
8669.10
3450.72
55892.20
61119.66
68566.68
28141.60
24624.00
92413.02
7873.35
6108.66
52590.65
12852.14
1827.92
13514.40
44039.16
10296.33
14505.30
18919.80
36008.06
43726.02
43270.50
3996.36
21154.86
9562.32
92952.51
36419.78
46725.00
61023.86
13820.67
54778.95
47265.17
49193.04
60271.39
9346.00
18253.80
60094.35
17875.44
46610.88
33005.07
37179.90
30394.11
6030.40
19950.84
17883.18
40912.20
39929.29
66818.30
41558.55
14983.68
10034.71
23672.33
17869.18
18596.76
35533.68
46586.40
28597.05
34567.20
39753.78
15199.02
56431.50
56976.18
29002.61
61244.60
5705.97
49066.92
29179.92
16748.82
61337.32
30057.25
4838.10
35096.80
36139.52
7131.48
8275.89
52891.76
28812.42
33888.14
56968.68
15460.50
40574.10
28001.52
20142.85
5069.34
48070.68
43606.80
30569.94
52346.28
62294.74
23929.28
26837.69
48526.80
24313.76
41626.58
29534.88
55354.68
27141.88
7672.40
54218.81
42165.36
31351.32
53732.28
38730.51
59929.27
52256.25
2002.18
13342.56
80532.96
71562.27
81131.26
4735.20
40799.07
39075.05
37644.04
47074.83
17165.33
32866.38
33585.64
89440.53
43709.12
8120.80
28807.20
1680.77
53572.78
56946.42
51894.60
93898.50
68183.28
27010.62
9742.32
29159.02
32505.36
