40768.00
53376.11
38215.50
54287.12
12277.32
30944.76
23845.60
59983.60
6952.40
45075.35
53660.88
13704.60
10775.61
8493.06
47697.53
19016.04
1852.04
24098.16
37735.95
60015.00
27077.28
45071.28
5966.32
36113.50
31444.20
6639.00
41805.36
53075.33
40795.92
40522.03
34057.44
39624.12
16244.10
74518.40
83878.69
10384.99
69393.20
12943.90
26268.00
52205.65
40633.56
9093.66
9922.64
24127.74
6731.08
17814.96
10108.89
15604.68
85153.67
16457.02
4132.52
44016.48
36938.80
53713.38
27196.64
19580.64
22376.42
16930.40
47230.40
39068.92
23425.02
54853.50
43423.54
70430.10
45348.00
20353.45
19965.00
60781.01
23259.60
34092.96
54203.80
48473.48
6466.80
43349.04
45404.14
73085.28
51963.78
43063.80
59508.90
14135.00
48616.06
58597.92
65601.66
32678.10
32282.83
9298.00
1250.34
26228.00
32652.00
9656.29
14094.88
57037.83
14535.62
7598.05
46354.62
22507.66
85240.00
55920.27
35833.43
65238.78
21407.49
40032.78
50434.56
1078.17
30975.48
52256.50
58613.00
20570.44
36680.40
6474.80
71053.44
69280.98
2504.68
19259.35
38560.80
64008.08
70870.80
15226.50
1089.18
40511.28
84148.20
19040.16
34330.66
2570.74
12188.88
77477.40
21187.50
35130.13
44176.80
2274.46
16758.36
52484.87
58622.88
22056.24
52495.17
51012.34
45808.64
59771.94
2162.36
69743.89
1400.49
14285.20
20626.27
25242.56
64468.54
58087.56
11323.97
53011.00
15707.90
68890.20
40723.50
13433.22
42056.55
12613.50
27277.64
24088.22
26052.45
56225.40
37259.00
7535.92
6959.32
55719.80
27279.73
76057.80
66630.40
38699.82
52855.50
23525.40
21785.01
38640.42
16320.85
21851.15
40238.10
7793.25
14006.72
16271.01
13833.12
27749.34
35056.53
26366.86
28412.59
68872.40
83794.89
4877.16
27805.12
12685.50
24446.40
20041.28
32354.20
6853.38
59583.20
33454.27
51182.04
13082.16
57526.65
10186.22
37712.80
46040.58
39039.85
9081.90
69457.99
47790.12
29854.24
66290.09
40875.84
2634.82
25950.34
62886.24
48353.76
80354.64
54521.60
21004.10
23004.80
22463.32
58541.54
49705.11
10000.90
17262.36
8457.20
35766.36
6298.64
77051.27
29575.92
61706.60
52188.50
34447.74
7715.33
31359.35
25624.08
64988.80
44408.12
26593.52
73918.49
19439.09
49590.39
30369.43
38717.00
18775.80
22103.52
81336.00
11499.11
45589.68
21623.40
36317.44
58057.20
70558.63
32119.27
22871.88
15291.38
8605.24
24916.60
35695.59
24462.00
69021.04
62071.79
36705.15
23566.27
21344.46
4751.01
48391.07
54681.60
44010.69
44937.36
53308.00
29432.40
19018.30
949.04
38113.11
46016.29
48244.80
67150.95
8348.88
40188.09
9219.78
24678.00
66044.30
31370.94
34203.12
41346.24
53479.99
42242.20
43854.72
26553.75
1029.12
65920.50
31138.24
74628.54
39353.52
7127.48
4814.07
3613.78
51805.66
48382.20
44537.40
29181.50
72526.44
5742.30
61766.50
24569.74
36147.44
31592.41
81229.26
29459.92
41049.79
28368.92
2200.38
66958.20
51203.94
64908.40
28436.92
55049.40
50517.44
14543.28
22235.76
11450.11
41324.80
3213.51
30909.48
50840.79
11988.72
5469.80
38625.08
77349.31
9151.80
38520.82
22215.94
16121.05
55020.97
13739.58
25002.32
56615.76
57942.72
42486.00
47346.24
8927.59
44527.68
56129.15
28682.94
49585.47
16088.05
20174.22
39465.36
23566.41
68477.01
16237.20
5378.64
65408.76
3273.46
25701.72
6802.25
58991.79
40758.90
33818.37
38262.42
38204.88
23765.60
3549.74
31302.18
65595.82
36037.80
35269.44
1156.25
54103.50
40042.88
48853.50
43475.46
72786.08
5609.96
21624.00
41078.94
31083.12
38144.73
24806.60
26902.44
34749.75
20757.84
39975.63
15216.64
63787.95
12363.52
3660.93
34955.74
1904.10
12869.60
43481.55
68410.78
38057.25
3463.66
10043.00
55426.68
25461.18
46921.14
7728.20
65573.46
31593.84
34137.20
18704.34
1071.16
991.08
8697.24
50706.60
69040.52
72941.28
41426.22
29118.61
35773.92
35602.76
22295.84
50813.40
17238.60
7526.10
38681.16
42788.88
65999.54
41525.55
57420.09
51827.90
4088.48
57234.84
27986.74
52450.58
9898.44
43138.44
48098.68
52472.64
14215.10
72976.95
48263.34
34056.40
12946.77
33668.80
11051.76
59595.36
23026.36
30968.12
40700.44
34437.44
49373.74
19172.16
27754.45
3031.22
15726.70
50137.58
32814.60
27981.44
38925.51
26506.00
28813.20
14739.84
37299.33
36025.52
21891.24
10234.96
41052.24
1361.45
10973.79
35334.08
31041.12
50086.70
46234.14
32515.83
22162.27
46004.00
11568.60
62563.20
24358.40
77571.18
60162.96
39144.56
30850.49
53517.60
39382.70
55499.40
42237.36
10795.52
17352.90
25155.36
60703.37
62956.50
49373.08
31934.63
26109.30
42525.30
72660.54
15707.77
50015.52
59018.22
46999.25
45107.79
37843.82
3603.78
23565.74
57433.32
25120.14
7934.52
38400.88
42253.12
12984.65
84789.00
40281.09
65148.40
11668.40
7312.00
66218.38
16697.88
23272.20
47571.84
13646.40
12950.04
949.04
44135.96
48595.52
49311.08
18992.04
65084.04
24975.27
80322.28
34939.48
11712.72
43400.54
11351.94
22668.31
11568.60
9027.60
42044.25
14153.94
36359.36
20848.50
38841.94
54713.60
32934.80
35241.44
70471.21
28947.87
7527.88
60781.38
38981.91
1021.11
59266.73
16937.73
27623.61
59391.84
31163.00
48488.70
33708.00
41212.02
44155.98
12613.28
49373.08
32299.83
20391.75
6537.00
4772.04
33862.40
12910.04
67481.55
66580.65
9700.26
12865.51
46029.40
39393.90
2841.02
37310.00
13304.20
14561.82
3323.50
6111.55
27689.40
38390.82
41399.96
30239.68
47615.75
80252.04
53887.05
29931.97
69417.04
37576.80
8954.40
24441.92
28850.60
22208.80
31955.88
44615.38
49289.24
29038.56
44274.30
12861.52
80031.13
15757.56
48488.76
37245.25
18177.46
48876.77
35840.76
75300.96
7067.50
39936.87
59228.70
72940.82
28718.80
70634.00
34356.30
36077.22
4210.47
30280.06
3952.32
62786.40
11463.54
19179.74
10397.25
15581.50
16696.81
73196.80
7946.61
42171.78
25144.79
16436.55
25208.82
40809.86
15963.51
48787.52
10811.34
44679.32
40979.40
16800.94
36939.90
49678.11
55321.89
54138.00
15640.80
20966.40
15929.04
3816.20
2330.52
22305.36
26828.60
16277.20
23762.96
48470.46
77067.31
3641.82
10494.44
27173.87
85097.24
5021.28
54108.28
35645.61
49974.24
9519.95
47533.43
85817.76
19412.96
9634.20
28470.48
24666.62
23110.65
26514.05
75380.00
47140.32
27704.10
44311.96
62057.94
83878.20
17533.26
18531.76
48825.81
83794.89
6046.40
35003.11
48060.48
33996.90
39269.16
35975.34
84039.00
2802.98
52632.10
64069.06
38767.82
45192.18
25947.54
80494.28
50135.38
36542.88
69961.92
16831.36
24710.62
58358.16
28191.03
41516.64
46814.04
80795.71
34987.25
64467.55
4925.28
50909.25
49273.36
18459.40
15886.80
95099.50
84500.83
10461.40
34237.20
72211.50
53674.08
82550.88
74967.12
51735.20
52088.16
78008.25
54672.42
64565.66
54625.75
64630.02
3217.40
20376.75
55258.20
35677.84
76728.96
28656.00
39665.76
43663.50
21420.62
31893.80
26409.52
61040.38
15208.02
36840.44
1890.98
74358.00
12884.04
24322.48
74463.30
21302.68
36008.06
71283.44
15933.94
7123.62
45272.50
60639.68
33677.70
53677.05
15584.96
38762.40
67186.98
37407.60
28230.90
6851.20
25525.50
44143.04
27974.52
7808.56
76688.64
20261.23
12135.20
24268.45
36651.15
2058.24
17498.40
46023.25
54430.42
32847.10
26939.12
40196.10
58406.48
12402.65
47050.80
13274.20
64783.80
7538.10
12933.90
48452.04
43918.08
21930.75
17118.00
58662.40
21911.56
88557.12
37264.50
51240.72
57584.09
11702.60
35763.39
36198.00
35855.22
9890.56
75094.20
7163.52
33094.80
29203.24
7478.04
9520.08
65297.46
57852.48
35315.28
12583.50
37640.00
44418.60
66760.20
35737.40
50381.64
72121.50
65504.78
40542.93
31382.68
11078.69
17947.44
14736.16
87041.50
40244.00
89628.53
47326.68
52940.52
55614.45
44443.00
36036.78
77109.34
47006.82
29855.20
60521.84
18469.33
38959.47
49003.50
47245.68
55366.96
52757.00
57381.39
57423.06
16308.27
66770.84
21575.04
73650.40
34353.72
30591.66
11468.16
56039.04
56098.80
52789.77
71314.80
32162.82
43180.80
17839.44
64018.50
2518.70
33509.49
15721.56
85626.24
14515.40
14865.66
48584.36
11991.87
62085.10
30649.30
57742.62
47929.75
21849.10
19376.52
64330.08
81736.00
41805.60
41932.80
35940.95
23842.33
6957.40
9123.73
51855.20
82101.48
18829.70
13029.76
24295.65
12432.42
73908.83
43636.50
9834.56
1349.44
75129.50
29011.05
29216.00
10325.16
27906.13
73795.49
36921.15
1086.18
33993.96
10126.98
5736.24
43822.72
2868.12
47450.10
56460.48
51256.00
77093.84
10892.70
73201.95
28806.00
4188.56
57000.84
8829.36
37980.60
20377.70
39861.80
43174.44
20865.61
43174.44
40813.50
29540.74
48268.08
12604.41
22493.85
47796.75
6636.21
39462.84
22653.32
3439.62
22058.15
54970.50
54561.60
2863.04
40742.68
42086.00
49503.32
21482.46
50294.00
69359.50
25899.16
1860.06
13694.76
31190.76
60128.55
31032.80
1168.25
8334.09
58403.07
30166.50
45969.29
49115.89
13174.42
69049.44
20245.60
27946.52
50418.55
21255.78
26467.35
62028.79
58225.42
45588.84
28638.08
31449.60
44812.26
13084.00
39173.43
52926.10
36775.20
49838.39
9021.60
10461.40
14502.51
9509.15
32885.70
22043.80
31474.20
39616.75
80885.50
4826.10
70602.10
31064.76
52219.86
28218.51
36439.55
39081.51
39763.20
26908.77
13758.48
60688.08
6582.92
19861.28
46799.64
5169.52
67521.67
18011.24
3946.20
34764.96
27969.92
43632.99
42415.60
46698.96
54046.08
6643.00
54286.84
43517.76
20861.10
39943.68
7196.84
45184.50
17388.30
67597.06
44135.19
41986.35
37242.66
1446.54
53028.99
