33133.36
21721.56
16579.68
65859.66
66695.52
57342.74
21302.72
30102.86
44868.24
42272.39
51397.47
11105.64
65989.60
39899.79
37414.33
29342.10
66854.93
86641.00
13766.88
20392.26
3065.26
25101.69
57029.70
11964.78
24468.62
41168.10
91726.04
56832.12
56740.00
16748.55
58643.88
16833.15
69408.99
53858.50
34048.08
34687.00
64319.00
5832.36
62995.16
15512.64
11078.10
51265.76
6328.00
76310.22
52336.50
4096.44
56571.45
11028.12
1344.44
13054.86
36438.60
32554.40
1166.25
34774.74
66862.84
32334.20
62826.40
78006.28
11952.90
24062.22
37130.73
38814.12
46730.40
38008.60
32975.70
18919.80
82702.94
4929.28
61555.36
54567.30
4426.71
30700.30
43813.17
8393.85
18866.52
58736.16
23082.99
59157.00
82196.48
47246.54
46828.16
58277.56
75630.50
46599.70
13538.64
28942.05
73562.40
31702.22
44068.69
3620.00
3558.84
36710.28
8759.20
69539.79
1065.15
69193.92
44003.36
47200.84
20197.60
20865.61
1832.93
9270.94
22656.92
10959.55
47106.32
7580.10
35412.50
36551.68
24596.28
39994.02
79103.25
54561.96
30427.96
32487.50
45328.45
51378.04
36878.60
64336.34
33585.75
76220.37
77031.00
25883.36
29593.72
41455.10
29269.24
11008.69
63337.50
62633.67
61586.98
40732.20
27497.40
16478.28
33059.84
58702.00
33110.25
28469.70
12244.96
32723.04
1086.18
39970.56
75451.20
10194.88
50328.88
5505.84
22307.94
30212.00
47859.12
62468.34
22423.84
27629.75
50975.46
87802.12
35282.28
19284.80
13274.43
26723.31
29132.10
58952.40
10747.77
70554.00
16607.85
33435.75
41228.22
37524.27
53229.12
32332.23
53382.15
32311.80
50155.71
75888.04
39270.00
33840.18
55743.80
8088.50
41114.40
61841.52
37671.69
53536.70
53810.78
12196.88
25677.00
46527.64
21967.14
68712.96
17992.92
49250.36
20173.12
55348.20
60753.92
20236.32
65749.20
41274.84
15055.90
3619.80
17711.85
17190.24
39146.24
16677.60
67966.41
50454.00
23096.36
27160.73
1857.94
72974.67
14842.10
59814.00
56603.52
48137.49
48972.40
8901.42
3558.81
70544.70
20002.19
29960.77
43705.86
4813.20
79807.28
55390.68
14145.60
14595.72
5950.32
2084.26
15159.92
48856.92
9021.54
63945.65
41193.50
25972.32
34299.74
43221.36
16709.94
49972.80
40718.00
23124.99
80967.71
43502.40
8881.60
39402.00
54281.05
24140.35
7976.64
73392.40
27821.28
39942.56
21898.92
34720.62
62267.94
26059.52
31119.22
28610.40
36438.20
70981.82
60027.46
32563.44
35570.08
26912.58
9165.80
48292.00
55773.27
49461.84
5666.94
42134.39
11408.43
6944.63
23125.50
18037.32
34164.24
28359.24
7840.56
1120.21
30812.49
72460.80
81044.92
1503.60
23604.90
14719.44
41948.55
24452.61
10146.80
25713.36
2374.56
38015.92
1435.53
11213.70
5690.94
11548.18
40125.78
48444.44
75238.80
39492.00
6321.80
14166.88
14235.60
29151.46
76520.22
40670.03
44078.58
38119.80
67301.55
36360.28
55299.20
28839.20
28102.14
47048.82
10875.60
2068.24
47529.25
25602.00
8794.25
64447.71
12733.60
51944.16
67228.93
41572.08
33235.50
36433.37
7892.40
3179.36
39772.46
14135.94
31763.44
54025.55
59286.92
47427.24
12052.90
83511.84
70621.73
31910.06
41452.16
7604.10
10221.10
48831.60
28334.75
38056.96
19094.74
37319.04
6959.32
50477.46
26425.35
40362.48
57009.18
46673.60
12025.13
38554.53
1222.32
32962.86
82841.40
27581.76
5856.42
48171.60
54559.46
18811.92
44219.52
52885.50
38052.30
27580.16
32563.44
22310.20
63487.20
66289.30
64769.25
4900.40
28170.24
2568.76
4180.47
5597.96
19845.00
20835.10
44647.00
54517.75
32275.34
25605.51
32146.32
65210.88
37416.32
66037.16
46838.40
73821.88
23073.18
35137.44
47265.17
45759.06
39584.84
65710.29
33735.60
9291.94
18219.10
13874.76
53546.10
1352.44
34564.92
32705.10
60274.35
12052.90
56312.27
36242.22
25915.36
16460.28
43480.74
22887.07
46108.53
3379.56
27651.24
17974.76
62891.15
31298.94
35926.80
12533.40
29628.20
35739.20
26360.88
23411.52
56886.06
62194.00
48910.02
38002.50
31287.87
1873.96
5586.12
47602.24
41876.16
73477.97
34953.41
65141.58
26251.68
28092.64
12830.44
45095.28
4886.16
54276.04
48509.64
47787.12
53121.20
33592.65
50152.80
6451.90
14910.75
61015.32
19268.64
90863.04
70724.70
59451.42
8738.31
47983.98
40388.28
18763.80
47636.49
1209.30
23125.18
52247.36
29932.25
66289.96
41151.40
17106.56
54202.75
48100.08
14211.24
4004.36
32353.83
36230.40
21842.73
18759.70
29861.54
60445.84
71435.20
78620.19
37699.60
63640.88
75279.43
56874.18
69574.96
23929.28
57844.05
24560.10
50621.20
40149.63
58651.95
43966.80
48179.20
36822.94
44859.36
14340.75
58525.44
61489.40
21178.32
31518.68
3325.50
1449.54
21987.75
62074.24
38664.23
3093.39
12355.31
25203.86
23923.83
12047.09
21420.62
33456.15
10006.64
53334.62
47380.70
5096.37
17532.76
31553.20
3521.70
1539.63
33624.18
74959.20
50993.70
34596.99
37944.90
37187.00
23512.96
20636.66
41898.88
52050.32
43035.08
2644.82
2056.22
15720.90
28632.24
79673.58
24465.61
11892.96
63017.50
43382.70
58273.74
53516.88
65823.03
48906.41
36526.37
27581.76
27238.21
14992.12
49182.36
37012.56
4111.38
9691.29
83042.42
59848.39
54014.28
54384.88
26913.38
68743.67
40040.29
46077.58
27122.69
45732.96
37539.40
30955.47
36958.80
42634.08
46765.98
48411.87
47857.66
50867.46
39348.40
79328.25
11622.50
41368.50
22043.16
71451.36
47480.17
48415.64
1137.23
36353.88
30972.60
36513.75
42760.62
22599.00
42382.20
22178.20
7922.46
84508.65
40524.00
18149.00
8904.35
53852.05
35261.80
28140.90
33076.05
31272.75
34895.70
68173.00
35833.62
44247.26
3600.87
17113.20
25899.94
35618.72
37870.80
2805.09
22140.80
1364.46
46372.60
3577.76
13190.04
89960.57
32587.10
49895.43
10288.80
31281.60
60159.04
60292.26
6371.80
16117.50
38761.60
59471.92
51815.20
16559.02
12824.14
35964.18
25747.60
49460.32
41764.24
54058.05
33037.67
48321.17
30172.79
21143.10
25534.60
47952.50
39067.60
14169.40
32142.27
4929.32
43794.56
23692.76
49973.12
56859.84
14163.03
33886.00
35700.43
40139.20
25066.56
79150.72
16613.46
31583.75
50135.78
23512.96
47931.60
57136.42
74691.12
49204.16
29888.96
38514.42
51967.86
29525.19
39259.00
44532.40
3483.68
52370.81
56199.15
53021.10
29143.20
26207.58
22224.00
88364.64
75280.00
47552.17
46796.82
81013.44
53851.55
3075.36
41501.85
20104.85
78713.72
58667.21
7578.05
73478.00
20008.01
64191.32
7736.48
37129.95
37440.48
36280.00
17018.82
66499.65
67711.06
16396.38
11117.97
55029.34
1659.75
33919.58
7242.70
77361.60
53120.34
23140.30
14016.21
21664.29
41134.10
54177.60
29866.45
53077.61
19455.67
16087.00
16321.76
24963.12
41398.08
24060.84
30603.30
54183.04
51558.76
62576.74
58568.58
8425.12
28741.32
69304.32
17648.60
17659.05
73742.85
59824.32
38500.23
27249.00
19964.01
44148.15
23625.12
10065.00
5541.00
6218.60
26984.98
18766.16
46418.40
27837.28
49652.70
38428.32
69077.52
25415.28
47326.68
16840.07
2622.80
30114.50
20073.12
67859.82
41708.24
51700.56
49032.62
33155.19
28464.24
4892.19
40092.25
32624.10
29326.86
38377.23
38670.18
80965.44
20902.20
72880.08
39662.28
74463.30
47651.20
63706.15
65229.30
28604.94
14535.60
9314.00
22343.84
13378.56
47222.17
63697.95
86382.71
74758.40
45624.96
51434.60
18260.89
43575.11
30717.30
14631.72
25900.28
19292.35
66265.92
31713.60
55204.04
33299.42
24003.65
29595.35
50963.00
13334.93
46466.88
27029.43
42466.20
7392.08
26392.86
75199.68
18499.74
65553.60
7632.32
62785.80
9922.57
54838.52
30348.76
51964.38
30164.86
41611.68
19328.40
68126.76
12514.32
43225.62
16046.16
44300.19
28317.24
36960.68
16005.22
57009.68
73004.54
33730.65
5766.30
35855.22
57740.90
32990.98
13824.70
60003.27
27560.67
74123.83
25707.84
34862.25
58021.25
27729.60
18511.56
6360.90
67201.54
30650.55
18359.30
56263.76
57340.16
65388.80
10838.70
31553.20
74586.54
7659.33
55270.91
62892.23
18961.91
56760.90
7009.56
60522.22
80964.96
33876.00
35612.75
28212.36
68966.20
34165.44
38461.82
64330.54
5093.37
22998.36
49529.74
42686.85
73539.74
58802.92
18681.88
39732.43
71991.66
87276.65
9922.64
36714.00
78478.72
69272.80
27900.60
20722.32
19252.64
44129.12
43643.46
29191.44
77697.48
22238.55
4739.01
27553.95
50673.99
27164.70
9099.90
60995.25
14019.12
42228.46
8892.72
68122.50
47735.82
2610.80
35934.36
33780.00
7460.04
4296.64
85094.10
7163.52
32828.58
42325.50
49588.56
42554.98
44039.69
32326.50
52171.90
12533.40
18680.40
26866.44
1837.93
54458.00
54688.95
55282.89
8487.27
20642.40
14503.20
39970.09
3672.96
22848.48
63480.69
28902.60
7407.05
15039.76
1603.70
53012.16
30396.06
38738.70
54111.09
3772.12
72481.85
74294.61
47571.48
47474.92
11552.40
40434.46
38822.00
30479.13
30048.76
1818.91
21382.65
63594.08
54225.35
7382.85
41972.16
3675.86
29951.45
37041.06
51490.35
24591.18
5666.04
13907.96
53851.55
20834.88
30011.80
31597.80
18999.90
40916.46
45632.16
20077.05
13511.52
45047.25
27140.19
34740.96
81830.40
89133.60
32506.20
47402.00
5627.91
63102.30
29211.00
50363.10
21359.99
38344.88
81091.10
22923.48
11207.97
43794.56
53624.88
4753.12
71566.95
7463.12
63983.26
1232.33
7344.00
50774.36
51190.08
30036.45
30786.21
34048.08
28806.96
13680.00
16235.01
60140.40
20181.36
1169.26
30552.40
29385.72
42239.95
53549.62
9350.20
38703.71
36218.88
16834.24
43214.36
2991.16
49994.01
27905.25
2874.12
24091.74
37818.44
5245.70
38536.56
30833.25
16902.93
58240.38
