46309.32
27084.88
16854.00
13766.88
17433.90
23785.96
50592.92
41830.88
11506.18
15196.10
7467.90
22484.20
16133.28
4180.44
47523.17
44574.38
40591.40
54425.28
6751.32
30108.73
6050.40
20694.08
49413.20
30530.13
34633.80
7628.16
11527.18
59377.92
18257.25
51006.12
23224.64
12597.28
26219.68
31428.35
40170.90
75007.68
42409.56
12757.59
30598.13
57020.40
58713.69
88293.00
8121.75
17731.20
56220.00
70145.72
50923.61
4508.88
51852.12
32063.02
10472.55
81301.54
26740.44
56790.10
67714.92
45888.60
30157.25
12883.86
64364.02
31193.00
9690.40
53606.70
5063.34
12253.04
72646.26
38237.40
22945.20
39914.88
25240.46
31932.81
50056.28
49822.85
43120.25
1714.80
39729.80
56528.04
1789.88
12683.50
56456.40
37589.75
48602.96
9139.60
17068.00
25181.55
1386.48
38123.25
13368.41
30160.76
27969.92
69410.89
9235.87
27790.90
21928.14
20271.60
10655.22
52550.16
54111.96
59553.90
5642.91
48321.00
8388.03
4459.74
54262.72
30015.52
31126.79
49817.43
41714.40
24343.62
54017.60
35083.95
69776.53
48177.48
13082.08
48490.26
82502.88
19550.86
5566.00
25842.15
43758.72
18909.80
50862.63
26548.86
5313.68
20294.34
18799.70
16788.15
44220.54
11653.25
25704.28
74333.61
49965.04
46899.25
82407.22
14094.80
53205.19
62075.91
26893.20
18211.52
72021.60
43996.80
41265.45
34329.33
24109.74
31723.02
29747.28
81177.36
52473.33
59325.00
21823.60
11288.90
16232.55
3519.78
3896.24
33597.63
6321.75
46470.16
15921.08
15748.80
16542.02
5601.96
2388.56
44987.70
49805.28
15658.47
2976.27
41589.00
37012.32
5561.82
1671.77
17222.70
13236.30
40250.09
22858.08
51326.73
85814.55
27284.21
5264.52
33366.30
19044.48
22776.48
7673.10
68270.24
14919.75
23905.20
47609.60
32795.04
22632.16
45948.96
33260.50
78433.00
56989.44
21759.01
14605.50
41949.00
54546.80
2680.86
93050.02
7105.68
1446.54
81686.40
22584.00
48294.96
11401.04
36042.81
29572.20
9520.08
4681.95
54464.81
50160.18
48307.04
25107.12
46004.14
50243.76
48169.03
54700.38
19341.20
17079.15
43694.72
5440.85
64257.20
22449.61
53174.94
12094.74
48046.44
35417.20
25731.72
16001.16
16831.36
68575.01
63442.64
10162.98
27420.96
43958.56
7217.91
14051.07
39882.88
17217.33
46391.64
19604.76
45299.79
40353.93
31965.03
78783.50
56227.50
39975.63
50803.36
67607.40
15087.76
67772.50
89960.57
17171.70
12965.68
79802.18
33887.70
63326.62
33561.00
39807.57
4124.48
54868.10
36443.90
44299.73
61555.36
5801.25
38522.40
46050.96
23927.50
60984.40
41096.88
24890.67
3802.08
70499.70
4033.32
48715.24
65299.82
46278.90
21591.04
45107.79
8794.25
11122.00
29149.05
2614.78
29278.72
83731.20
32569.83
52603.10
15525.77
58199.91
57783.18
46579.83
9667.53
71006.98
35475.99
28590.08
1109.20
46353.60
4426.71
71685.18
3103.28
26400.12
68692.85
6278.64
62386.00
6058.40
4645.92
59095.45
40513.20
12872.51
19569.24
67538.81
32994.80
61760.70
20293.56
67398.03
41770.64
51749.95
50600.36
26740.56
9514.26
42502.62
30956.58
45809.72
65420.00
33341.96
56543.76
40404.00
42014.01
27731.45
53732.28
11582.50
92167.53
57915.90
25530.88
52520.65
2172.36
41365.20
54417.00
65923.54
40614.55
26979.25
3027.30
12793.04
5896.35
9712.53
56295.50
23902.83
30160.76
16737.60
23895.96
29515.50
38857.00
71058.48
18700.60
46805.85
6771.16
41371.68
1671.77
58527.38
75427.58
30415.66
43761.90
78583.00
66487.20
48594.48
72538.05
28278.14
51623.44
67215.28
60345.24
31650.56
39908.78
15312.64
35185.70
16322.70
50135.04
40188.40
6111.60
20844.78
23829.96
5390.67
29457.94
26448.40
36491.00
27369.20
39742.00
82526.40
13914.90
61913.16
30479.02
66455.92
27969.80
47136.17
12493.56
41318.75
62973.69
44168.54
70650.80
39601.32
54989.97
23805.60
81177.36
36334.74
24791.10
34203.12
12204.88
55706.83
39505.47
18902.52
15416.66
14447.40
55578.56
41535.47
25481.50
27418.80
24608.01
29567.98
22204.20
69303.10
80736.92
12193.10
31348.68
1453.54
39483.20
51799.86
36254.40
23082.84
18261.46
53271.12
7249.80
79283.25
9225.99
24216.67
37662.04
5621.96
63067.05
72316.11
69193.44
27957.45
26368.20
62493.13
43438.40
51654.30
88439.61
46493.64
36666.15
52868.16
19076.48
47110.41
40913.78
3788.16
13454.40
18073.62
29782.00
65589.20
30128.12
16593.00
34542.00
10006.64
22881.51
51644.60
31299.75
41260.16
28366.59
16983.07
36523.20
57661.65
24218.40
4651.92
64964.25
68270.24
55548.59
83183.42
11392.30
1540.63
75519.20
68336.75
16661.19
21596.29
14641.05
68322.24
25788.28
45950.50
37095.36
47666.53
11372.08
51390.72
40265.28
42308.40
23242.89
11646.32
44155.69
75330.00
59903.60
78983.50
30902.40
40515.93
47076.30
50328.39
50211.01
46673.60
10615.55
27983.52
21799.36
64519.50
40901.71
3373.54
12532.32
74368.66
54897.60
9920.80
25393.50
2955.21
57462.00
50678.19
38418.12
57852.80
56231.21
6759.12
34547.12
71811.95
16947.80
30176.96
82762.68
7648.32
52700.58
23785.60
6745.32
28915.61
72166.05
41243.02
6348.90
21731.22
62707.05
23801.25
62039.01
42851.20
44035.81
5896.35
51245.73
29278.72
59964.50
24517.41
29728.64
4925.40
34336.50
48472.65
67064.93
70256.34
38269.80
39081.51
2961.21
26780.32
38428.32
66575.97
28396.68
8385.12
37892.07
40593.72
48931.22
68279.82
32632.20
20183.76
17607.59
2400.58
69141.93
48141.45
64463.40
18177.46
29960.16
8093.75
25001.25
8937.81
60904.08
64299.71
39905.80
53252.10
15055.76
37984.08
32675.84
30252.00
12669.30
45360.32
29479.68
37490.95
4555.83
50021.28
20560.47
7320.00
23853.96
22891.18
50101.04
11071.76
64004.64
59895.36
55137.90
2296.48
13391.56
39823.20
34590.92
21624.82
74679.00
36933.52
62201.52
5766.25
50955.50
25212.14
22296.48
22079.16
58669.92
61225.56
22157.52
45547.88
48705.03
51956.90
21412.80
66273.48
23665.92
74670.54
53997.04
50033.04
20856.88
32350.83
33961.00
60959.68
8529.06
15793.34
44957.70
64643.47
11203.92
29977.97
75750.04
38670.12
31091.97
63136.30
28930.43
24045.80
64651.09
19134.90
42681.54
49466.04
43077.62
46927.40
31677.30
8168.88
41282.15
16856.64
22838.86
65521.82
33393.88
24051.25
41811.93
23530.78
26620.00
62072.01
36493.41
77477.40
67538.38
27434.97
41052.01
12454.42
13226.28
63572.16
29335.46
5053.40
74544.12
19671.00
14415.30
16537.78
53279.50
82166.40
39281.52
33298.92
38300.73
71526.00
56927.68
42452.64
38440.75
69726.96
14607.72
27903.92
53858.50
19298.74
13101.84
36579.60
45371.02
50714.06
33074.80
7297.75
17974.35
14944.48
14337.54
17955.76
22675.00
28207.02
37560.95
65133.25
75055.68
39738.00
44937.36
46145.88
55765.80
40267.20
21807.10
7267.86
9568.14
86635.20
17211.15
59863.60
3600.87
40687.92
52683.33
13560.69
36588.37
38765.16
50479.96
27929.52
19364.54
26854.39
52267.86
23965.56
68712.96
8939.35
22957.51
10671.60
52809.12
71715.60
61763.52
69555.99
56310.50
27379.75
32683.28
56141.67
4901.24
27020.48
82334.48
9782.36
49998.20
16257.50
47083.40
14463.68
8751.30
9153.92
89299.53
29371.14
62467.00
31573.25
76380.95
12133.32
60003.00
84176.32
27210.00
82587.00
18963.52
4476.84
40672.21
9796.32
48219.75
69422.96
24988.32
10721.41
19124.16
70766.82
20182.05
43078.20
18526.33
2987.16
24621.74
14945.80
22482.13
6832.30
49386.36
10156.68
36519.36
82994.95
7503.84
9134.55
1830.92
19391.46
30977.92
46164.72
31324.93
1041.13
5276.55
14643.84
1371.47
4733.08
25778.00
22634.14
6923.56
43846.50
56976.12
39399.58
24006.18
43678.80
14235.60
22949.08
26095.74
39972.90
74291.49
26922.56
89950.56
55719.80
24233.84
51496.74
10162.68
20415.45
48879.22
80346.77
45268.64
62267.94
56357.07
4354.62
38471.10
14479.20
15196.17
55001.80
40157.09
47438.49
55630.74
6162.66
28573.59
66085.20
26668.16
10514.34
6699.35
3597.87
26802.82
77571.48
78051.88
925.02
36650.88
31302.39
29899.54
63617.24
36219.60
27404.80
73421.76
43477.30
5333.72
8561.28
84810.18
47827.43
28954.93
50814.00
59844.19
15486.64
34504.96
58013.12
7439.80
35975.94
32150.72
21386.68
16830.54
37870.50
77726.25
41336.64
26208.20
65784.42
59966.27
60123.84
16777.60
61613.78
34447.74
37559.34
36650.68
75439.68
79504.42
29977.71
14954.10
32410.70
31246.34
25839.36
64266.94
46470.60
70525.72
26296.38
90745.50
19796.88
46623.30
4537.83
58382.55
5305.68
65257.23
35414.61
60982.35
53938.55
38849.04
3784.05
55738.50
58662.00
65472.23
26037.54
53040.24
49061.48
19681.40
59772.65
58850.28
31809.00
60784.02
1900.08
51530.74
10132.68
39142.95
32014.80
91530.04
1811.90
38802.40
30413.11
38257.14
36385.44
20727.98
20361.75
49004.41
10631.22
56489.40
53781.64
59966.27
70852.82
45626.10
24105.34
14577.39
45597.75
59061.73
17568.72
7273.80
15248.64
26578.08
62761.62
20421.75
53624.88
49434.84
8637.18
65541.60
10811.60
6699.28
27586.07
47668.17
38842.40
81926.40
48256.15
6942.40
67932.00
8865.42
58610.58
32579.52
49297.50
67174.56
87792.50
5429.70
26011.30
45129.68
64411.62
36834.60
21802.92
50279.46
35529.24
69963.26
30438.43
17507.04
70154.40
49542.24
6482.84
67023.93
52405.20
8991.81
55081.04
28300.36
50262.65
55709.64
36623.78
50577.72
24446.40
48337.20
79986.18
44558.80
79679.60
25299.56
8731.38
13117.84
54763.80
28454.58
11464.11
46921.60
28317.24
26348.20
33245.64
13599.82
30152.00
3731.90
16902.00
27164.43
25491.60
47140.45
26820.39
62880.50
3339.52
69463.80
72008.44
83337.30
23976.25
46744.50
