22087.52
3739.92
35287.50
18729.70
36900.66
34029.45
45897.43
25347.60
6739.32
52690.77
35402.08
68084.52
11142.00
64193.40
48958.26
77109.06
33247.42
33134.80
36148.18
44623.98
23125.00
77192.64
47542.53
18055.80
54430.88
5976.54
17929.62
24876.18
48473.07
38442.82
35186.86
43903.86
934.03
15471.50
15226.10
53009.68
76011.95
51734.72
58802.92
47187.66
48365.04
22423.66
56970.48
60168.24
5313.68
9046.66
52043.76
2724.90
32627.28
46460.40
38442.82
45584.00
39619.58
28398.72
61945.10
20637.42
22464.20
29900.45
3303.57
36807.68
16848.54
20031.30
49743.91
25611.60
37207.33
75673.55
17551.08
36063.52
27144.87
76040.10
21446.88
1217.30
52941.35
50650.92
3934.20
27262.98
1211.30
33636.48
29281.46
51374.80
20451.96
31953.80
22655.76
19573.12
54994.80
15760.92
46790.43
56336.28
67678.92
48226.08
23569.68
40846.50
32083.56
53102.70
73117.44
3760.12
37014.25
56131.16
34812.00
39553.58
48730.06
19321.00
80100.48
18964.48
10667.36
20125.42
18289.65
39877.47
50613.76
55710.00
19926.30
46731.98
34007.11
59299.53
13370.13
41028.90
31647.66
20954.89
12229.32
33120.36
42582.87
21667.75
90745.06
44553.60
65276.40
33981.89
47077.84
29767.50
44672.00
17868.70
36298.00
22975.25
7261.80
60715.50
24693.35
36982.00
30434.04
39762.86
42221.12
16661.76
11219.92
36929.33
3558.84
51126.34
22149.27
22435.66
35330.42
70224.50
44620.27
70210.36
12337.44
13467.41
12543.16
32451.52
60608.50
53274.99
20049.12
22575.00
74719.20
37740.00
18312.36
29908.97
4342.62
57061.50
45218.52
45288.75
25010.64
21082.50
54383.22
15440.80
1854.94
50114.71
42391.26
33385.50
71715.60
12157.20
65387.07
7379.72
39191.70
37889.42
38727.47
31644.51
73724.91
25120.37
73493.28
73240.83
24930.84
16387.30
12267.31
10920.00
28365.76
34488.99
10781.28
16712.55
1866.04
1647.74
73114.86
28129.80
37279.00
56688.06
2730.92
20226.45
24705.68
43844.58
28278.48
35674.59
36038.00
37945.95
37515.41
1236.32
15707.90
37215.60
21875.40
2931.12
17939.52
12769.92
6627.10
36699.60
20002.19
16685.88
30048.96
4222.50
18789.70
58201.54
34981.52
68357.82
4024.29
9171.72
12208.05
37960.80
39954.24
12907.51
67485.04
90495.00
29807.00
3189.38
70634.88
60624.00
18948.32
3624.00
71959.44
80248.77
48011.60
6051.50
7344.08
9074.73
56820.40
35378.76
51017.94
27097.98
20030.59
61400.78
32836.65
22082.94
57166.57
53216.10
3684.93
29492.40
27798.00
949.04
72676.00
10491.20
5125.48
19981.80
47974.43
47678.22
12543.50
16289.76
53647.96
10258.96
1610.70
1766.85
28986.59
48574.96
10461.44
74796.54
52904.19
11171.84
21975.36
34950.96
37359.20
38730.51
50934.40
23971.09
3402.66
24706.40
59723.08
41932.80
24148.67
65624.76
43793.84
38496.12
41852.16
71619.24
15484.56
72147.66
4772.07
86591.00
14775.52
91196.00
27918.00
61396.98
73385.08
66994.84
35613.00
12493.28
34019.64
15328.44
49933.60
12641.64
68517.90
43771.25
48141.45
43899.50
12741.44
5033.31
69392.80
39115.64
48052.80
37819.60
19080.80
66798.30
31295.44
34181.12
32683.28
932.02
62863.96
4508.88
65117.56
28374.48
3249.51
25953.25
55098.40
58757.01
33365.42
31126.79
15262.11
16674.08
62661.30
54738.00
71675.20
64653.00
25595.04
27155.04
67966.41
50450.61
27541.26
18969.80
23905.60
70754.10
71548.32
55881.28
36116.01
23281.44
18962.30
33448.00
52346.28
27769.40
83819.56
58911.36
1886.06
56732.72
35503.49
76040.10
41821.78
2845.02
7442.90
11382.30
25887.80
46833.06
20275.45
37168.12
33722.34
22508.42
47474.70
66922.20
37839.60
45744.64
27340.64
10973.55
28180.50
41619.24
49157.50
8294.82
21902.46
9060.00
9568.35
16301.40
49102.41
52786.49
58003.42
47665.30
15117.93
3375.56
2400.58
53247.76
44997.56
47794.88
3708.08
21165.10
5220.70
7785.47
40409.07
31113.60
6949.50
66634.52
72186.66
15334.11
70536.97
26803.39
66227.54
54508.50
35504.99
11804.00
35410.48
25467.20
56410.94
47755.75
47411.06
69587.26
42165.90
22956.05
68510.20
17571.04
33587.76
16891.82
53228.52
33322.96
60184.35
17488.40
73114.86
2526.72
41619.10
14768.16
76463.36
39114.24
4078.35
27836.90
84270.69
48388.80
67901.44
49812.80
64568.80
10274.33
64352.20
45378.30
51534.78
31281.60
7037.50
5585.96
10943.52
8895.42
12726.00
32434.83
21905.73
9073.76
7998.45
48814.89
36038.00
38741.40
30714.66
31573.25
22950.25
59855.27
1497.59
9264.70
32248.83
31533.12
19976.19
27857.52
12399.31
1787.88
3922.20
75439.20
33835.80
69751.50
21574.68
32678.34
59154.22
12649.91
58772.32
3880.24
6702.15
21538.68
54833.10
49878.24
35738.36
26890.82
63379.68
50631.96
38705.64
62949.16
49590.70
46947.36
40760.07
17678.50
34894.53
70057.26
60111.36
40742.52
37560.04
12460.23
80234.50
43919.04
5355.85
40335.29
6922.35
4889.16
20755.98
28780.82
42744.25
21758.52
57844.05
56844.90
12745.92
52932.15
1346.44
36046.64
50262.72
51402.12
32349.27
17234.72
4967.25
52588.77
50502.72
56688.12
6687.08
1750.84
4890.35
48857.41
61953.64
42616.35
8985.76
72364.80
27024.56
27209.20
1731.82
47812.32
25443.60
56109.66
11568.60
26489.12
20632.32
19492.96
10363.99
57312.84
16061.16
20844.78
48939.52
20268.76
3766.05
4991.28
43754.20
11237.76
39402.80
59111.36
1713.80
13445.41
41729.80
18048.90
1517.60
55364.85
30912.60
18774.80
13294.00
21173.36
74382.72
16532.37
13634.76
31334.94
17028.72
70886.76
55161.92
62217.28
35629.68
49243.74
52636.76
31173.90
6582.05
30692.40
29543.11
56794.42
16777.70
22381.66
27728.61
16226.01
25452.00
5357.72
74322.20
85184.55
5898.48
26735.22
55673.80
36299.96
37948.50
53816.70
54301.22
1696.79
37670.07
39102.00
10968.00
63922.94
971.06
8385.12
4147.41
24386.25
1658.75
39558.92
58845.76
2967.24
61115.50
1928.10
31002.68
29147.90
50654.40
54816.14
8148.60
62967.50
35843.94
66408.81
53678.62
5978.36
14169.40
38430.48
22135.68
9255.78
3119.30
34218.72
11780.48
31057.64
33448.00
39395.05
59198.37
74944.72
15756.70
6306.84
65188.80
71179.24
42471.95
12989.68
56338.80
31208.94
3459.64
52723.77
2614.78
49137.57
51105.12
33611.76
12605.28
61144.80
16477.40
6503.14
14370.12
19390.54
32765.40
35878.85
42439.02
80492.64
14043.12
70178.52
70763.20
5333.61
42971.24
43607.96
45263.52
85818.24
14195.10
9628.22
29911.50
23250.50
11295.90
33035.50
954.05
41801.33
23028.66
70073.60
72853.00
44559.36
31007.97
48997.36
22617.14
3582.84
42424.20
20309.76
35058.42
1719.81
16797.19
3119.30
13023.90
43546.20
56703.84
28019.52
13804.70
32710.00
43656.90
19242.58
6602.96
5994.36
40742.68
2979.16
28032.42
50135.78
60040.68
22178.55
35765.62
63222.88
9334.01
58060.04
56512.28
54008.50
65253.30
28350.20
38764.18
72148.12
76257.95
6234.60
35768.70
33227.96
3353.54
63787.95
4486.77
57006.83
43241.38
21834.46
58333.12
1502.60
47004.32
17226.90
34489.12
45225.18
87794.12
18335.95
12688.91
54745.60
30160.76
82237.00
76057.80
3513.70
41895.90
19190.88
22071.52
14084.07
60387.36
16337.70
42439.02
57559.32
35082.96
45500.00
52823.68
54896.42
44267.19
4345.62
46971.06
67624.38
45898.16
2821.00
48887.33
35928.62
85440.00
14937.75
17993.76
3051.33
8553.12
5465.73
51852.12
53382.60
50741.44
27197.28
33059.28
62718.70
38901.47
48378.68
22933.07
3771.94
20030.59
8841.36
61774.94
1182.27
18674.89
25001.40
12066.67
23195.65
9277.87
26892.98
32935.25
57156.48
59643.45
54693.42
31669.66
78815.56
59633.94
11162.97
25799.37
51380.73
26616.22
54688.50
18631.58
24001.25
32668.65
8128.80
14425.40
65988.66
2855.04
14425.30
15812.03
43395.75
88876.06
77940.59
26007.80
1282.37
11000.99
4997.25
21094.56
14631.36
21065.10
37338.46
14955.96
48559.17
24070.35
52832.16
15346.20
39823.20
13937.76
80985.50
25011.12
37167.76
46204.29
37725.60
43922.48
39882.88
34560.96
67817.82
66010.14
19866.84
25536.00
67967.34
1752.84
37638.41
1318.40
36956.85
76688.64
56355.21
70010.40
49583.04
87077.54
66613.11
25753.55
67301.10
73736.83
50105.00
13859.95
33597.63
3089.28
18609.50
11281.97
35738.00
6625.20
34781.11
45808.96
1219.31
1501.59
63207.32
6811.32
25299.60
47532.94
63510.30
19932.00
49780.91
19280.88
12402.65
35494.40
24105.60
55424.90
1035.13
26268.20
21967.14
31934.63
66565.20
25898.34
16632.18
30861.32
51606.72
56460.00
21358.68
43469.54
26363.29
64225.34
2262.46
19616.64
45918.60
1781.87
37715.34
26068.32
61212.33
3459.64
12789.52
7758.20
14253.54
37965.69
50453.64
29759.13
17978.90
58391.94
19479.46
20469.60
65124.78
67103.54
11219.92
28422.68
7255.80
79373.70
41751.78
31193.00
1220.32
29932.24
29871.20
33720.40
45122.25
43600.58
13861.12
31778.56
31082.58
38379.12
70928.76
24343.92
51632.76
44993.85
30009.86
69270.58
57256.09
79090.66
51209.76
1449.54
37571.60
40018.68
37721.60
38121.14
6146.52
26780.16
41998.46
57096.90
31040.64
33206.27
17090.40
44417.60
67943.82
76545.36
35056.53
1574.66
74103.49
26761.77
36618.40
38030.89
53985.54
38041.80
66388.14
31569.84
42571.62
53176.80
19556.64
43144.20
32218.83
31453.20
5117.40
36666.44
34291.29
37032.00
66166.56
21800.73
35825.95
64796.04
35717.40
44648.40
23697.52
8184.82
52892.24
29312.10
30002.62
37761.20
30433.28
71483.88
38522.00
26001.54
8037.68
43725.50
19025.40
71559.18
60769.80
1726.82
37364.50
77631.78
35485.68
27807.41
6839.20
10925.46
15456.40
44564.85
10275.04
57569.60
3351.52
