60753.92
33587.76
43290.74
73728.50
47741.30
7291.64
60965.50
19853.79
13901.76
7643.10
26854.25
72892.67
12173.00
65687.66
42205.22
16457.52
60735.36
61548.98
66394.30
21254.72
5050.50
30451.11
1872.96
17918.80
45543.06
13159.19
24840.27
72616.05
7119.77
1186.27
23944.83
83599.56
60652.68
1604.70
33572.48
31687.32
46418.88
30632.22
49588.92
34309.80
81656.57
66201.96
64107.60
27853.28
32650.38
10959.55
45132.75
27029.50
16000.05
32942.58
4291.56
15616.80
60895.68
19479.46
37039.00
59022.92
44417.60
55174.68
17651.70
65620.50
4152.52
18660.40
24680.04
35509.68
23653.74
10871.40
72880.08
47066.40
61259.10
17386.59
67618.98
1878.97
84339.00
25262.82
24407.25
45846.96
9379.85
27905.90
19533.67
49705.11
22630.79
38381.76
11792.70
86340.62
6426.07
70245.26
34950.96
33893.46
77235.06
55259.52
69257.32
45748.00
4781.04
25612.20
38290.50
7377.80
52645.76
55040.46
42577.08
79900.04
34486.66
32195.80
21166.32
43607.20
1125.21
4000.36
37064.50
1271.36
51469.60
28711.20
54695.80
20115.59
25562.74
30850.49
28317.24
22311.38
59533.08
59424.92
18607.68
19286.41
31253.88
57855.05
67622.00
35500.42
46892.32
43907.73
32409.50
24426.40
24506.10
2110.30
21759.56
48685.89
65717.96
52039.44
54202.28
15183.84
64959.30
56883.45
28555.75
14367.47
76709.36
10601.60
37264.26
9397.08
3539.72
16397.64
39767.00
74918.40
6426.07
51296.94
39287.85
38771.70
21245.80
43605.84
51815.20
55390.68
24470.46
37297.59
8865.42
84808.80
9794.56
45497.75
9190.10
39927.80
43653.77
3675.86
40004.38
43840.44
38591.00
32132.10
47619.84
13020.28
76716.85
61373.75
39256.85
56950.74
3791.96
17210.48
61729.80
1763.86
24543.00
71575.68
60881.28
39867.32
37960.64
22884.30
58702.71
18805.02
49177.91
92168.02
55162.80
49107.52
33444.72
42487.44
39920.79
34417.44
26164.62
25277.98
60607.68
40293.40
48755.84
21058.08
18600.40
44262.36
15472.66
2817.09
62484.86
61049.12
73305.97
3920.28
33167.20
27347.90
75842.04
21385.54
59808.00
38313.28
9221.87
30751.30
43390.44
77309.27
30705.21
24666.40
46632.95
82665.95
11556.32
57408.84
40085.09
32458.44
19121.00
34814.16
23620.05
13446.24
57775.90
54617.35
78798.72
18289.20
3015.27
1980.16
42488.82
71487.24
47512.92
13854.56
61716.15
60521.84
19124.16
27660.30
81493.44
28740.42
65828.07
16353.76
22884.30
40467.75
10721.28
19841.60
16770.24
50579.18
33380.15
44519.60
22838.86
57643.32
47385.94
6859.24
70117.71
40105.23
35651.07
58846.48
7764.40
2078.26
10218.96
19446.21
44242.98
89694.50
73479.91
28272.00
14270.96
50488.90
66646.30
39874.12
42801.85
43361.76
35485.38
76577.41
19280.88
46899.36
58160.10
35949.52
24874.24
24866.91
24831.04
58054.04
14848.99
77457.60
22006.14
59246.28
21641.22
76578.50
26828.32
20524.14
48535.68
5450.70
73196.80
58651.32
1705.80
44893.94
12517.56
37167.06
25807.60
49974.24
35110.53
31169.60
26668.26
12133.20
58781.16
14919.96
27329.68
36543.60
4210.47
55246.68
63191.08
15271.11
8093.68
30632.40
58252.10
60457.37
47908.32
83747.89
10867.52
42646.00
48201.00
48307.20
21264.99
18367.44
11129.64
15879.22
1225.31
14478.30
2182.38
23352.80
40995.02
5926.28
10293.92
12509.53
67863.44
45277.05
27671.07
46704.60
21264.36
6767.12
48490.26
8448.90
40777.71
4755.20
61278.19
84139.00
32626.80
48016.08
18751.80
59823.90
55403.52
29496.19
12645.36
4892.16
30314.34
59069.79
24634.87
32500.44
43606.73
2120.30
21473.32
41467.44
45867.33
12196.96
54447.30
13346.52
2004.18
12431.02
55996.26
8931.48
25885.16
73997.60
49295.74
49896.70
54250.56
21843.80
74328.30
36954.94
6792.25
77114.31
46189.31
8042.58
31407.18
75049.87
11113.69
22140.80
40292.07
38602.40
36985.52
43785.12
71541.68
62855.23
18785.10
5774.16
2672.86
63276.78
47602.56
63146.80
31450.65
73337.00
11496.60
63655.62
31089.12
31290.35
59543.20
29952.12
49221.90
17453.48
34620.72
49959.00
47056.54
28526.94
55472.69
11518.54
31413.20
34109.82
66686.84
78947.04
65094.88
60255.84
57735.23
49161.90
10194.88
6955.32
30116.20
57461.20
45545.28
19112.16
31774.50
38997.35
22325.94
912.00
54797.80
37527.60
47907.84
9986.72
18635.23
24063.50
11953.08
26299.62
61647.60
62534.34
68814.20
34012.58
15368.00
25491.84
80821.44
6246.78
68808.96
58913.40
3739.92
25950.08
1631.72
47974.43
19021.00
25281.00
27105.68
72749.28
25450.88
1612.70
41175.45
58867.71
35870.16
29797.68
19181.00
42093.36
26488.20
41515.68
21533.04
12762.75
79954.28
14716.05
7432.16
30758.00
25226.72
52153.48
53240.00
28611.45
38346.42
17047.90
58603.71
39441.75
74643.75
67943.82
45913.56
47447.25
1733.82
20952.26
7237.70
17538.90
51567.93
57784.23
12350.65
71896.05
38980.92
4352.72
65268.80
16121.16
42624.09
38345.80
53028.24
53825.64
33913.08
7508.04
1794.88
48435.84
58295.51
18514.95
47217.24
17971.36
13146.42
17043.45
33549.88
16215.42
4012.29
4687.95
46615.92
23285.20
30163.77
21847.98
50966.39
7062.50
36598.40
65629.20
19171.13
68228.16
16529.64
48161.00
49163.52
5856.30
16436.55
50985.48
55120.52
63001.42
2112.28
57300.48
51053.04
3575.76
43996.25
18595.68
38961.44
26258.71
14391.48
30603.30
5510.76
16775.64
62105.01
20197.60
40699.40
7472.04
52768.76
55659.20
12276.95
70554.00
43860.77
54033.33
3838.11
7347.72
42268.46
35859.24
43870.86
9770.56
16433.92
54913.95
73661.70
30282.50
30332.50
23336.80
16033.05
29891.80
43023.50
18571.68
1111.20
44993.85
21178.20
62591.62
37448.32
42957.76
9922.00
66324.30
44396.75
47499.92
43434.90
20833.78
44656.38
36291.90
37444.68
48510.33
9790.70
37509.04
19551.24
33497.88
6138.66
50278.55
72664.82
48801.48
76946.96
42166.35
13286.56
52628.16
23868.26
75000.38
7105.77
22276.80
34126.29
9750.70
50935.53
61336.75
53486.10
39861.86
22283.52
82564.48
6198.56
26455.52
72047.62
3033.33
50869.76
80999.56
54994.32
20119.32
47931.10
39686.84
30553.04
28831.00
27245.70
26543.72
11947.87
3968.32
55644.00
67750.92
1033.12
14198.34
13664.98
21991.52
50326.92
21022.08
1043.13
6913.44
15707.90
51181.76
59532.64
32399.09
52724.76
50633.40
11000.79
5095.55
2000.18
41868.80
72974.67
70880.46
28560.06
19259.24
6426.76
76128.36
45104.00
29080.05
39431.86
24820.91
12285.52
47735.82
12304.95
63408.30
52536.00
67351.20
29690.54
82308.73
79709.72
33936.00
36007.84
33734.25
36464.37
7279.80
4761.12
56893.44
16457.85
17727.38
53018.70
3880.14
28206.24
49573.20
73757.20
35486.08
6733.26
19604.64
40704.08
7771.40
41491.33
18149.46
28277.03
7813.47
29149.28
7122.55
51579.44
21443.04
72069.66
70422.39
72318.26
31543.58
71563.14
37508.31
61120.44
82571.85
37242.66
74099.61
58261.60
13358.08
13261.43
64436.64
44322.25
91039.55
75905.10
5505.95
29770.74
54968.14
10667.36
55002.22
94849.50
48924.81
35725.92
51414.08
10082.80
32975.37
44014.08
68890.20
62634.44
42297.95
57977.10
66561.84
71762.95
63032.62
9850.38
38716.00
11492.24
6010.40
72351.93
9908.57
15252.38
71175.15
28479.08
49621.70
36714.00
49288.32
20286.60
5225.49
16409.40
67216.68
6386.85
24075.22
37542.80
32942.58
10871.80
38008.32
12773.44
67277.30
5165.43
47232.88
64940.40
38726.18
15223.92
16189.42
20713.98
4507.77
56667.52
5150.60
37623.96
70184.25
19355.70
32285.10
4436.80
924.02
34636.40
18274.65
17839.44
27750.45
56796.96
32671.73
40280.10
48268.92
12669.30
18187.32
46724.00
34687.80
41898.88
30634.00
44369.38
41667.56
45423.18
86294.16
47427.70
50053.60
84312.36
10270.80
62700.30
82894.68
1116.21
44194.54
38427.48
78299.13
13762.98
11541.42
7758.20
21653.10
11062.00
50019.78
14439.60
16717.60
81736.02
22217.76
30175.52
30488.64
10307.33
60784.40
28130.00
37419.20
60631.35
32795.70
48596.80
38140.50
20119.05
1614.71
15889.44
7724.28
12802.59
13729.95
23349.75
19043.57
50062.80
2794.96
54023.05
64502.55
22706.64
61510.35
47616.66
56927.68
53674.78
58439.54
48021.87
29335.44
22234.94
78384.81
48958.44
70830.10
18488.47
59114.70
18373.60
19701.60
10700.34
21298.44
2392.58
9117.66
40098.24
6877.35
11694.65
51793.56
30734.76
79799.58
54296.28
23741.74
8348.80
2976.24
60969.32
46110.47
14959.68
42515.26
6512.00
37275.73
64135.64
5205.56
1950.12
81254.54
8689.15
45746.40
23475.75
3438.72
42554.72
38765.16
47802.50
42633.25
61358.98
11952.80
51963.10
39535.86
16587.50
15229.17
15406.30
60370.40
3084.36
76684.52
78931.16
12936.14
42301.60
8336.88
80454.60
12373.44
78427.35
3045.22
17448.75
73397.55
60250.26
60016.32
5645.91
1902.99
30752.88
23947.56
65470.00
11213.76
27273.96
73156.86
33102.30
59449.48
36221.01
52414.18
27189.68
16604.46
28240.68
35077.48
10604.43
44596.59
63217.50
20265.36
6394.76
69681.48
19895.66
90107.57
38961.44
7918.40
36712.72
76504.36
2490.68
15856.74
53916.72
14946.75
73917.60
21207.99
85373.24
66069.60
33458.38
34752.74
12661.36
32326.27
20098.59
57805.92
53253.20
1036.12
24071.96
42688.92
29356.51
26380.89
80313.60
18940.80
55331.78
42044.25
31225.88
61705.20
21502.95
28570.20
1780.87
53516.88
23605.20
14655.72
41733.00
46586.40
68583.16
18355.44
54957.96
26038.74
26993.68
35215.70
48726.48
34854.75
47945.17
9057.84
11703.51
29134.60
40018.68
45027.02
60552.96
32057.72
31920.35
49151.54
64373.71
36128.70
25125.79
40236.92
47553.09
47145.70
13456.52
13001.30
76931.00
63534.60
7459.98
27549.20
