36466.17
78006.34
76080.50
41447.56
28686.96
50116.64
8469.36
28365.00
24922.40
39886.28
10054.89
3579.87
18339.68
20556.90
56588.40
38640.18
6162.56
18206.37
24650.08
43309.20
75888.95
74379.00
30164.67
62859.21
10567.20
36446.64
47075.85
71781.24
50859.96
30483.00
66356.84
46333.01
37940.25
13742.74
58262.00
19857.60
10521.40
71134.48
31365.88
46361.31
48969.77
69632.89
33003.36
17923.08
35345.70
5533.88
13188.42
19089.90
80409.60
3033.30
46890.60
21671.20
48495.48
58370.35
73742.85
42315.00
8198.65
34774.74
42816.20
6997.45
27749.60
1251.34
25787.20
30226.86
26325.90
31727.81
6076.55
54793.63
47098.23
84905.28
59457.65
44274.30
57048.25
7379.76
45498.30
67922.50
83485.40
20183.76
84820.78
59066.04
48452.04
41660.88
39526.46
71751.14
6855.24
29214.72
7272.00
46850.85
67859.82
31493.44
37630.95
19194.00
27262.73
42296.80
5345.72
49003.50
94899.00
4605.10
3748.02
67452.38
13755.95
34309.44
19383.91
5746.12
4294.56
51996.78
59036.95
5235.70
25530.88
68672.00
44840.52
33035.25
15696.60
47902.40
31763.44
44961.94
25601.17
6612.05
2865.15
61244.98
24646.40
29959.92
25932.30
10351.33
47580.75
6516.95
90990.55
21296.10
19179.74
43757.94
55802.56
13165.92
15706.95
26701.22
58279.07
34796.60
13328.56
39914.88
53571.70
3201.48
3297.46
51944.40
30308.04
3215.40
60559.84
76478.22
20181.04
39603.86
4709.08
35259.18
30977.92
8717.31
54597.60
47861.10
41317.32
9423.96
29803.32
7648.40
44951.28
47003.32
79856.28
20218.22
36768.60
69769.92
35762.22
74985.72
52473.33
15295.28
17148.45
44559.06
8226.09
42301.35
55424.28
73728.00
41673.70
5325.68
6010.36
67355.40
4705.08
15520.96
20866.50
15677.10
13037.76
44300.52
24175.65
17084.48
34706.16
58679.01
47552.00
12259.39
15784.56
67146.93
65433.03
40284.00
37038.80
5778.30
44238.15
23460.78
80831.07
31635.81
4164.52
54970.96
59868.90
44013.50
1324.41
13040.30
43978.48
30382.50
10341.20
20917.35
39270.00
29975.54
48923.10
4141.41
51293.76
58430.88
40218.48
18180.37
52075.08
14884.24
38981.91
43566.40
15793.34
61468.60
7154.77
40724.28
65301.60
10251.92
39667.00
19466.72
47732.22
15244.32
29647.04
69415.50
45720.51
14715.84
21695.22
38808.51
59199.36
48677.28
15262.66
26092.32
21318.72
75920.64
34102.91
25058.32
64693.62
43937.50
59948.00
5675.97
54137.22
1038.13
35677.68
55003.95
42712.02
7368.08
8430.03
35210.52
36158.64
45959.67
63000.21
36019.20
94148.50
58702.40
20565.92
22231.68
53187.50
22767.51
60387.36
58742.40
3411.60
32083.29
40840.47
58207.05
82948.42
37855.44
56893.44
43571.00
59859.00
22662.86
34165.44
60940.08
5201.56
35725.92
26333.58
58315.56
25672.83
20319.93
46100.50
20745.78
21825.98
25396.00
9954.72
25492.74
76394.50
21737.73
21030.23
3864.24
47759.22
46609.50
5762.12
27485.48
48572.00
81524.24
52393.44
6048.60
36964.25
20102.00
16289.40
4901.16
14828.10
38756.18
3955.23
2634.82
56260.00
23958.22
69021.04
45451.82
48792.11
68672.00
10069.71
9880.50
63678.96
62200.27
28658.26
14480.51
65454.30
18191.46
2188.36
35493.85
75980.50
18487.68
31682.56
53697.20
6901.50
36230.48
34696.60
11153.70
17959.11
81736.50
34884.38
51115.66
5420.70
10875.60
60127.04
8479.10
9258.00
60222.36
20582.40
66400.20
14871.52
12010.60
40994.10
27307.44
46893.28
32704.38
90911.04
39716.63
66149.30
64708.40
10891.60
33533.10
2855.04
56310.30
41627.70
14887.99
37992.96
2829.02
2460.64
8823.36
63119.32
31869.60
48646.26
22584.72
25010.64
41279.42
2821.02
14768.16
33736.00
31780.98
20382.20
16163.01
56461.10
7598.05
23910.50
51576.56
84663.18
33860.80
21680.96
68202.00
46301.29
33289.88
70299.63
26107.68
67895.28
6307.00
3649.84
60738.86
31587.12
24952.25
10911.80
42452.64
27629.67
39047.14
13934.80
12943.90
68091.82
54498.29
54345.60
5645.91
40122.90
31060.12
28230.50
30290.04
10875.55
19515.24
10971.76
70903.73
62956.50
12469.56
27974.52
49892.28
22824.96
23669.76
51017.63
92805.02
3147.34
6434.80
7505.19
58247.55
8463.90
13504.40
20711.27
8721.24
6451.95
66269.56
5690.04
5880.42
46257.47
41078.94
61804.75
74597.69
91045.50
15150.38
54491.04
50077.28
48814.46
31516.98
19404.21
23680.05
58068.92
38450.23
14419.60
1865.95
37167.36
62743.86
65724.75
49759.11
1717.81
9137.84
46641.14
41068.25
38849.04
2228.42
21407.32
31948.29
39277.35
12171.81
36032.95
41075.01
64976.40
40962.79
70454.70
30427.96
15366.30
26389.72
52279.36
39854.86
47308.17
22283.40
83559.89
20776.32
7459.80
10651.60
70500.52
15031.76
14911.60
41175.68
28113.13
46924.00
29813.40
40764.68
55614.82
13081.86
22464.20
1585.68
39365.76
54861.22
32154.32
70606.36
19175.55
5133.48
34461.75
5766.30
54158.50
2744.92
33952.10
58846.92
34060.29
30736.49
73408.86
38140.80
34461.99
8408.90
55225.46
31013.89
36840.42
12813.60
40651.92
28366.36
63325.08
12973.86
5836.25
64039.32
51435.45
58929.16
11482.40
31155.18
51311.47
37263.16
60018.00
42642.92
75950.10
16857.80
47511.66
36544.17
24539.76
22805.51
61738.98
23236.50
11829.60
26705.12
63642.96
44207.04
24076.26
25373.60
6699.35
31521.60
10889.55
31218.75
22560.30
27806.24
43052.47
7591.96
52667.16
21683.37
51359.25
45197.50
70820.10
26722.26
33732.18
3668.00
25306.72
21563.75
17731.04
49918.28
8184.96
4820.30
1894.98
12301.44
23515.02
64912.80
7880.64
56185.66
44077.36
51214.80
48040.43
31227.81
6451.02
61585.20
62100.64
17658.84
2128.30
40238.64
49150.92
50519.82
74037.83
59492.65
33596.91
40400.08
37311.36
35543.07
3277.46
45291.51
93197.51
56283.20
17662.70
20202.00
51483.25
18769.70
7199.56
31721.15
42087.63
3656.00
15018.84
66670.40
9116.73
11265.32
24660.87
22003.24
1700.79
55859.85
36154.06
51296.94
58076.80
76093.95
18611.88
25429.82
1826.02
33965.64
40299.18
5577.92
85912.24
34136.08
41111.46
28750.60
33531.25
33515.10
13720.74
41300.64
23433.27
28981.80
35824.57
76946.96
18725.10
35177.80
5413.76
50859.90
61454.75
1153.25
47735.82
24466.20
24465.61
8457.00
10751.70
16243.50
57976.05
21703.60
42243.63
46840.14
51836.74
65277.52
80739.26
32289.84
1499.59
79762.85
7079.44
31982.72
19928.42
35598.08
66877.20
24438.01
43081.64
45258.00
36313.75
45700.50
66273.84
24986.80
44972.84
61744.12
3741.92
1800.89
17082.12
26837.39
38232.60
8361.18
29425.51
9129.55
62810.70
20518.08
25212.46
18154.37
69609.39
31060.12
1121.21
3623.80
63167.50
75980.50
12991.58
27515.97
42794.57
38056.50
51651.99
62659.96
49206.91
72940.56
41733.00
60471.72
32735.00
17288.20
16832.06
25135.69
55632.83
78431.72
46735.29
61040.25
76896.00
12012.80
38741.00
24073.74
56089.20
16371.55
11988.72
58537.38
45660.16
42381.12
12109.20
13856.67
40764.40
19641.24
8414.94
76030.50
54152.05
29359.68
45809.60
44765.56
66318.56
46373.50
21709.10
69262.52
23656.92
26934.82
17923.08
12173.10
27600.30
46970.40
30705.21
41107.20
68243.76
48211.20
78714.19
64261.86
47527.48
65730.07
3840.24
26632.26
43851.94
42308.40
26059.52
47861.10
27084.88
43390.80
17090.15
15555.17
15785.90
37314.50
13805.12
43676.77
67436.55
36327.36
81805.95
38226.30
67516.91
28062.24
58405.32
12183.10
67859.28
21550.37
30668.89
33975.45
29215.44
78755.04
60776.17
10441.30
53193.60
43486.20
47290.80
25393.28
17418.90
48427.65
31497.12
42274.46
16632.18
49262.58
925.02
70874.40
3354.63
56688.45
54832.75
72596.40
59955.84
21357.95
1323.41
14705.60
47307.04
34404.48
55830.77
45959.67
50564.92
19537.08
53157.50
17430.60
13526.32
60124.24
4080.44
36678.15
35485.68
7007.36
1805.90
85454.55
25086.32
59618.64
57853.49
46612.83
33353.91
31564.20
4755.25
83203.56
11868.96
13766.58
18411.36
42733.76
1253.35
6589.14
54237.40
66417.05
74918.40
33094.77
44884.49
20361.36
54747.60
19292.40
5015.28
1578.67
32994.80
25327.20
31814.44
62065.60
32434.80
12196.88
45139.50
15121.50
28872.59
31103.28
58585.35
30680.88
43671.00
38953.60
19391.46
40294.92
51811.10
44840.84
85465.70
5556.12
41299.40
10651.60
47514.66
62958.24
61852.19
1452.54
8468.90
27228.80
31847.51
44501.12
31611.25
73033.28
1086.18
41756.55
50517.96
7916.46
49466.04
73913.70
25696.36
19401.08
4935.40
21623.22
53192.99
75658.04
31129.54
28062.75
67787.28
55531.41
49854.50
58847.88
1440.53
8921.68
92952.51
25299.54
46157.29
38078.56
30546.56
15108.93
2462.64
10692.66
1875.97
17628.50
42136.00
24606.40
12207.39
9994.56
49252.80
24257.35
45624.06
8775.63
41535.45
7103.48
40513.70
11602.50
20901.96
60511.68
43836.40
61986.24
79252.74
32506.32
40868.52
72342.66
57916.25
63337.50
38437.18
31126.79
55197.90
74853.38
44346.75
46612.50
20782.20
41468.50
37063.68
7182.60
27379.50
11357.88
55836.00
29006.40
21223.00
49121.58
23110.65
25807.60
62562.36
90286.56
41084.84
15742.34
40412.46
41841.00
4448.84
1669.76
22564.40
53708.00
14070.80
50867.19
58905.00
8595.45
16616.60
39262.55
46529.70
21106.89
63318.60
58363.91
27688.24
77481.27
31689.84
53769.24
10192.74
31731.30
24079.65
1662.76
54669.96
88143.00
55603.80
71513.90
11592.50
3179.36
26571.86
82504.73
21262.44
36056.34
27068.80
25647.40
55484.83
27154.25
36167.04
5631.10
60636.22
54635.04
64580.04
65792.29
11225.76
43380.63
76256.50
48703.00
2348.52
27076.98
17126.48
30838.00
13894.80
12563.50
18211.32
37419.20
20791.68
10561.50
6378.96
30587.55
