12845.60
22368.36
16863.30
59390.64
3407.58
54517.75
11727.76
76431.00
48701.80
14351.54
56060.07
16670.94
49058.10
18221.95
78667.19
62071.79
10709.28
88412.64
33635.75
45122.05
19208.28
27260.64
53901.96
15559.38
39316.75
41444.64
15400.56
35985.81
45168.32
23983.74
20229.36
27331.48
44369.88
43823.50
53807.62
44245.71
12950.14
46744.83
6580.21
49505.04
31702.22
54116.70
30109.68
17035.04
40333.20
19130.28
18005.55
44242.98
16412.85
21540.82
54913.95
35245.44
39516.12
15548.61
56634.52
39380.85
30145.86
86641.00
14975.90
48491.80
37979.80
62846.65
58962.32
3353.52
52075.08
35318.50
4255.53
39722.78
20854.24
52367.87
12941.68
11276.32
45913.98
18453.63
21674.52
10630.27
52174.58
36519.30
32740.38
69118.58
6006.50
4838.10
11120.69
36272.28
31333.50
41835.78
10381.30
42579.56
77243.18
14927.68
3648.93
7533.19
3711.99
16848.53
934.02
31337.80
14311.04
60499.80
59138.28
17010.12
33732.48
33333.30
18419.84
40423.20
36818.60
73787.70
53485.00
47453.84
25403.82
2981.16
14549.73
27100.80
32494.20
31449.60
23881.20
36199.04
51153.76
21532.95
1287.38
25195.56
34127.45
4210.50
17198.10
19153.90
41149.42
4900.35
65558.82
20643.84
44885.28
48633.17
43515.54
85557.70
63676.08
57587.74
45421.02
8724.31
7495.84
19237.24
27730.00
49249.08
11176.83
29880.24
81850.50
15262.02
51917.56
50773.76
50191.65
2786.96
35814.72
64896.40
15406.30
13404.30
58114.56
20314.04
32847.36
40004.79
26596.80
45849.60
58078.72
19851.15
5201.46
55990.16
30560.64
13766.88
19064.70
75719.20
1191.29
84809.28
15332.66
30822.99
51666.45
45267.88
28334.75
27629.60
6084.66
49158.89
61085.25
40798.28
60750.69
22631.76
33186.38
54459.00
74767.20
18532.58
83562.30
36363.50
56759.40
6178.52
32710.65
39569.05
34293.10
40815.00
85441.77
16794.54
27283.65
11451.24
65198.64
11059.76
8489.20
25613.72
20083.42
22480.97
84280.32
48741.30
17881.11
69362.98
43118.08
14722.73
17802.96
64144.86
35016.80
90545.00
11460.60
9915.57
13757.58
40242.90
17515.08
36999.12
47845.98
11953.08
39924.09
92707.02
62190.45
12829.92
20994.26
9399.85
60864.22
37588.68
21232.50
32409.75
45963.47
75872.16
22215.68
21515.04
58132.62
39591.75
26948.80
5291.58
37540.20
70379.39
31483.32
60831.68
22073.40
38296.65
41400.45
5966.45
57525.16
33047.56
28951.20
53016.80
54837.60
8048.58
65673.96
19104.28
20470.56
32795.10
32199.36
11260.90
12565.28
31975.29
38141.10
32760.70
21646.80
60544.68
57678.72
49036.65
78686.56
36975.42
67452.38
17854.98
38640.42
17382.48
70859.49
60584.00
59255.70
17841.57
74698.31
61094.26
59964.55
81175.50
10691.22
28913.43
16082.55
73915.02
16758.36
90598.06
37608.48
43502.40
34273.91
45678.06
28480.03
29576.35
42817.90
67422.00
6056.50
31517.15
68196.24
10952.62
11401.04
88693.00
28731.00
5341.72
51690.99
30560.22
3177.36
35683.96
29641.50
26692.60
47720.40
66763.97
6909.56
11201.76
44363.88
10334.16
12517.20
47668.46
69174.00
9810.70
40434.72
42579.56
12245.20
62610.80
16127.01
49298.90
36011.10
16931.07
40663.20
76578.96
31083.12
65589.75
61151.75
16892.07
60629.17
17767.38
53075.33
51456.00
15151.50
40775.78
46834.74
53913.09
30451.11
25898.08
74754.54
15867.94
28240.42
37522.07
37023.00
20073.60
59085.88
88989.12
2536.72
2703.00
60600.86
55678.50
59989.46
71651.90
63222.50
72316.02
63877.95
19070.40
58406.60
53958.08
24051.25
12533.28
62459.22
51530.40
1319.41
62586.40
2330.50
5150.60
11676.84
44527.36
9180.10
21275.46
15434.64
3647.84
48659.52
42765.44
33624.18
12042.90
38886.51
31208.76
20497.47
19248.24
55342.48
1631.72
67616.55
26861.12
25419.60
36148.41
3684.04
62336.01
72733.44
38222.25
38766.84
37288.32
32870.97
55121.63
44146.80
38953.74
60003.27
73908.83
83992.32
6402.76
24218.40
74292.12
4120.48
40676.68
42008.46
21971.04
3375.56
49949.28
31218.75
40781.03
35853.84
3644.00
7367.85
51444.30
23137.44
41490.45
60479.50
15538.77
11343.15
41294.22
74506.66
4342.62
40250.09
11252.00
12262.95
77031.50
10208.07
22619.94
46899.36
70857.20
64454.60
19136.28
18184.50
21106.40
57678.39
68645.85
50993.70
16257.20
42156.80
33509.49
63697.20
15564.64
69336.93
17729.04
60277.58
43896.25
46600.96
33086.19
37204.66
27894.00
49607.74
71324.48
27429.40
55781.20
28280.50
10097.71
77661.45
38321.25
10151.10
7808.25
19400.70
14975.95
16252.85
23737.92
70905.15
18531.63
32253.80
46133.61
11541.33
11933.53
47499.92
55498.80
46614.88
75759.98
45703.14
9364.80
6419.07
39912.60
48792.11
48947.15
69553.35
36110.61
59422.30
40959.10
49293.91
15676.68
45753.84
80248.77
40963.89
53624.88
78826.30
7816.56
77868.34
17771.04
27730.00
40059.87
56556.96
48861.60
64869.80
23908.65
63988.15
19954.00
46563.14
67225.30
6120.66
2664.86
65316.03
47720.75
13160.42
2056.24
40333.52
53156.52
83115.12
23439.75
22515.14
91334.04
22739.88
35237.00
20041.28
11252.20
4717.98
37149.90
30933.00
10074.80
21487.95
47851.20
13558.24
53685.28
21723.40
48273.68
68668.60
3141.39
6510.14
60607.68
64352.64
17154.90
7062.50
65717.96
1710.80
41814.00
5926.32
62667.00
66514.56
82630.24
8072.58
29071.20
60183.36
40346.87
35570.08
35898.06
38128.25
53588.88
55443.80
22439.84
15556.95
28170.24
42936.53
39840.90
54410.48
21680.75
4225.50
54719.75
7027.40
1158.25
69673.92
47542.53
32880.04
4039.32
39259.00
8625.36
40924.10
70928.76
70425.00
44697.79
87842.00
82652.22
65133.25
74790.76
9481.08
15669.72
47474.56
72877.50
5350.80
27837.92
27849.60
53647.96
12886.51
47816.66
20226.60
61588.80
1053.15
40933.80
41409.94
27023.04
53456.10
51659.10
38752.80
37922.30
25920.93
56781.31
2426.60
69192.80
40033.86
55360.00
76361.37
53464.32
60784.40
27465.07
1048.14
20421.75
20921.89
56411.52
42605.85
31814.44
37704.64
7332.75
60615.72
52134.90
34559.29
51369.45
13983.12
33011.04
69961.71
68363.64
26406.38
40436.09
23671.83
65264.40
48177.48
13502.24
78622.32
7587.92
26228.93
26506.00
89594.00
3940.23
8393.85
31653.15
59955.84
74382.72
3275.46
43006.80
39162.80
54265.28
76275.98
25407.86
15962.25
1898.08
36215.90
43294.24
19380.80
2426.60
44677.98
63108.50
8068.55
84123.20
56635.52
39077.18
15108.93
63918.98
45029.05
72786.08
1762.85
60219.36
57060.42
38260.88
27375.48
53233.50
1898.99
29406.88
38034.04
29839.36
49318.36
67882.81
22263.68
37868.32
36003.59
18279.25
29335.44
39698.05
46697.98
27469.20
63755.26
6481.02
66678.84
55577.27
61953.15
61426.36
24114.35
54016.42
2973.16
29504.32
15248.52
30530.43
63912.20
1181.28
44928.28
21427.80
33675.60
60274.35
30768.30
27353.44
8451.27
3477.75
35926.80
54923.52
61598.36
59935.04
6466.90
2863.04
53289.60
7498.12
39210.17
6803.20
30444.17
1974.16
16361.52
62185.60
8318.80
8451.10
43709.12
45122.35
35301.05
36725.00
81045.10
1030.12
54309.42
6977.40
12970.58
45159.18
51206.00
10379.25
44504.27
58406.48
1330.42
38041.42
56859.84
10153.98
23625.12
3783.98
84030.36
19933.66
65784.42
15722.10
47222.17
70000.32
52040.13
1410.50
46681.30
57769.74
9487.35
17420.76
35423.50
42268.95
38681.40
65673.52
54104.96
4969.32
22964.80
3525.81
39312.84
13774.48
31977.88
6636.28
34309.44
43662.40
61312.35
63276.78
32063.02
13534.24
36935.85
29888.96
50790.60
32398.02
42563.33
67250.54
43138.15
57114.31
52166.25
57706.65
62611.20
43996.25
32430.03
36933.93
80184.15
16792.82
26245.00
72126.50
67892.37
66799.20
60709.35
7799.47
9262.08
29811.60
62567.34
21187.78
29083.59
54644.80
43872.48
40846.21
63559.08
35717.60
14941.35
31793.60
14118.88
48654.06
16748.94
20732.42
41670.90
2346.52
22584.00
7248.00
54014.28
8192.96
65108.80
53967.28
19110.00
19299.21
4621.00
39921.39
27010.62
15190.02
22944.30
76314.84
26127.90
51393.10
75180.00
78233.00
12845.52
10296.22
64522.08
12116.26
40963.89
44429.97
11028.12
28084.42
23945.09
32614.40
54178.00
75118.40
43701.84
75511.38
85153.67
11312.20
7112.77
4284.64
46588.88
25741.83
46092.61
30137.67
60923.66
19733.28
7308.98
26920.44
9369.96
18244.65
92046.50
34855.11
13907.96
38049.90
59532.64
6901.44
32734.60
29641.71
9856.62
81229.10
44902.38
10164.11
1054.15
8336.88
25521.51
24595.76
66120.50
65558.82
68907.54
33456.00
73382.40
29807.00
44717.40
1779.87
21936.00
66318.56
40798.28
7983.45
46790.43
35381.28
11036.88
64697.37
8883.72
40543.92
22199.28
35737.59
31158.50
40962.69
12181.32
7336.98
23920.52
10030.56
32942.58
56803.25
25419.60
39341.50
19644.57
63715.08
53165.20
58126.25
52162.60
12469.32
18050.24
57976.62
1639.73
5862.42
25030.79
58174.05
24575.46
20976.00
37014.73
21160.46
46581.23
42872.36
35359.99
5634.00
47550.92
29679.20
61595.52
7435.98
3277.46
40752.78
45414.45
32835.52
72538.05
2456.64
64062.60
25893.54
11562.18
49004.00
75637.38
37740.30
5465.90
76265.10
38416.56
14935.80
12988.17
39773.79
4579.83
5373.76
35272.80
53967.55
71329.44
51265.76
15262.28
3724.12
74379.00
82630.68
16517.60
7279.80
44444.40
18892.16
68598.85
70410.63
15919.74
29776.24
26116.32
41502.84
4705.98
51769.38
43343.52
35711.61
56379.20
32487.00
28675.08
40062.09
4641.04
25082.40
19842.79
4582.83
6751.12
87115.63
57625.50
35354.52
35708.40
46779.04
77565.40
37980.60
64691.25
51490.04
22848.48
49417.32
38459.80
11991.78
95049.50
26037.45
45232.00
41294.22
16950.53
2915.10
