49540.30
58788.00
22968.32
7171.56
57744.72
45287.58
41769.22
8802.63
79631.16
60175.24
44888.40
19292.35
41732.28
33260.50
50817.20
62466.72
1125.22
43517.46
39252.00
78777.30
58405.20
73427.40
8535.17
59274.21
30352.00
31953.63
5089.44
43990.32
31905.51
28766.24
75048.96
42570.00
39716.63
62258.24
21781.76
37330.59
49871.20
55960.20
42057.36
10012.56
37968.04
23152.36
30261.33
17811.36
17028.45
59102.40
81183.10
38826.92
85159.30
37431.60
51309.37
62057.60
991.08
36068.70
86772.14
9817.50
12108.87
73392.40
42817.90
13343.13
30813.60
66806.10
39302.00
66934.56
26571.31
30001.20
7472.04
13026.65
28488.24
49729.68
61929.12
29816.97
15626.50
25427.50
51462.74
74174.32
16506.00
21663.60
20261.23
32830.38
59373.53
41924.70
16449.92
7808.25
37988.73
49053.50
13284.10
33839.46
41813.28
6847.30
40677.93
27341.52
49272.57
53028.62
36405.27
18992.52
70262.63
7599.96
80580.48
13924.90
67166.10
51181.48
56499.84
2905.08
10742.41
5622.18
37314.50
48886.11
11898.53
39355.26
77565.40
47030.04
26470.86
60447.64
48110.70
39603.86
4096.48
15234.52
1351.44
48808.41
36803.00
60178.07
46192.72
72687.26
2324.52
29031.00
40855.03
16098.16
58450.04
60124.24
17000.82
29431.20
24022.65
57166.20
17724.85
23304.60
26803.22
44387.98
18003.36
1847.94
52713.12
5618.88
38964.51
27955.25
58938.73
50355.00
58846.92
58698.00
11181.06
19364.54
45915.02
23100.25
43328.74
28245.02
22547.64
6042.54
60318.86
35345.80
30553.66
3179.36
33385.75
12515.09
51311.47
3393.58
23175.50
17514.60
53909.55
14926.24
44091.96
59213.50
9426.16
48752.46
9730.48
10883.40
13664.98
35381.28
75759.64
20041.19
51954.60
47750.76
28232.75
37330.20
37307.16
3546.81
14549.73
31749.48
26971.77
34643.18
10139.71
19444.80
16067.40
20618.23
30692.55
33713.28
29342.88
19793.93
1822.91
69751.50
62348.12
70592.34
14559.72
7047.50
45215.05
48023.43
74620.96
50180.13
22031.04
36814.00
28259.55
46153.30
6847.20
14813.96
66113.54
2692.88
40122.90
70694.80
31281.88
10693.34
60596.01
30492.33
56879.40
2462.66
16777.70
13229.86
52228.11
23689.12
65618.78
48372.87
22800.05
54406.38
41050.90
18569.50
3463.64
58473.54
36289.15
71487.68
41299.74
33877.08
19881.30
47118.84
34884.96
68399.24
65420.88
14733.73
16451.28
66204.09
8424.27
19208.28
49498.05
28840.32
65205.46
49414.82
8223.65
79802.18
27589.40
12363.52
59941.92
64485.08
2462.64
54929.46
37160.02
51954.90
56424.28
34786.26
64327.55
12683.30
78178.56
26531.22
25206.09
34683.74
13454.40
49541.76
52196.32
19314.35
2152.34
2608.80
10175.22
92597.00
30382.50
9381.90
36809.64
68428.68
35875.10
51007.00
46333.98
88029.12
26153.50
2895.06
33875.60
8283.75
80004.15
34637.00
78402.28
53151.35
58045.12
3449.64
67642.92
28651.50
1787.87
29207.92
70040.26
34692.29
77894.32
4742.01
14355.75
65428.78
57804.84
38813.04
70508.10
5105.37
44888.26
13487.31
41595.96
19160.24
15484.56
62767.00
35489.07
30332.75
69905.96
22523.85
50299.65
39187.40
52043.33
4990.45
25723.20
23533.20
35653.59
31730.16
29248.32
67522.04
9154.60
15392.96
37440.48
45017.70
14383.04
50114.65
18277.89
56909.70
15239.92
24440.78
61777.36
61312.02
12012.90
19215.21
7315.98
22310.94
43743.99
57600.90
32596.20
78482.81
46108.92
11568.42
16475.55
54742.38
39818.29
81685.92
19856.88
57234.84
59508.45
53174.55
76816.52
88641.06
47890.88
43516.55
25187.00
64047.20
47077.32
19429.67
49264.56
65190.58
24642.18
58062.07
5517.88
14359.12
3009.27
8699.15
20064.22
22088.40
31441.22
40108.38
17750.81
61609.68
34402.12
46790.16
59066.04
37980.60
54540.42
22045.98
68225.78
69919.50
28630.75
42045.78
28219.03
40367.50
18709.60
47119.80
29006.40
39354.00
7704.40
6462.80
36935.85
31382.68
65300.29
59007.36
2232.40
68040.41
61904.15
15955.94
37766.30
36989.25
31034.64
23646.76
4777.12
35738.76
23868.26
52723.16
9389.85
89614.08
1008.10
73263.40
50213.60
72877.00
6667.00
54890.29
6496.95
81254.54
26677.56
43629.60
11653.32
21358.44
39498.24
5185.65
40131.32
7252.70
46678.14
64965.12
4865.30
78183.00
8473.95
25561.20
42491.98
12325.14
35542.08
47427.84
34596.11
7399.92
55625.22
1805.89
24777.00
32244.03
1988.18
48023.43
21547.95
50070.72
55708.16
58772.32
14367.60
26011.30
26203.50
42326.55
78202.35
14254.96
51222.94
40700.52
61038.93
27407.70
45500.45
2859.04
54886.32
18008.90
63383.32
76668.34
15424.20
53016.80
38471.65
36030.06
12410.31
40337.03
34819.95
28102.14
72538.05
48853.50
35212.50
12289.31
47631.48
4099.38
32014.32
43726.90
32146.66
17027.82
37913.40
4724.01
44604.88
60049.35
39666.00
17438.40
45152.74
55360.00
9270.20
53164.44
35622.40
1783.87
4033.29
66874.30
57825.04
75716.55
56789.70
46909.83
47259.24
26158.00
65469.20
17262.24
2662.84
42833.98
9109.55
39252.00
62706.60
43515.54
49367.50
10891.60
83467.56
36579.30
86477.65
69915.79
14211.36
49571.76
72604.80
80725.05
17841.98
53972.81
15721.47
53112.15
24846.60
50929.48
29801.98
48947.15
3066.33
9424.26
45296.32
32606.31
62895.69
77613.06
47890.08
29466.90
30277.43
28245.02
11916.64
51925.48
56147.86
44904.72
48842.15
22073.40
23178.82
31582.65
15152.64
74166.12
3720.08
33892.11
27052.48
30465.28
6791.16
28182.36
19404.42
44448.96
6162.52
46603.06
7147.77
55996.26
37159.00
47195.40
2688.86
68927.85
76731.00
65446.56
36866.72
39612.60
14896.35
31554.56
28160.74
34297.20
16660.71
51211.86
19893.28
22242.15
14796.86
56411.52
28970.80
46561.64
19256.40
59661.64
17210.48
62760.65
62818.23
1615.71
28270.00
83037.50
41164.47
61586.98
10967.46
7382.80
9677.36
1649.74
35567.24
11102.00
18513.74
55533.45
56028.48
49435.08
46928.31
49929.28
30964.68
28380.06
28709.20
36907.26
45914.47
43883.58
68743.78
40188.40
15009.06
49438.91
3261.54
18583.76
30802.64
74967.12
11914.87
54952.80
4993.36
7544.10
22524.30
38081.60
17412.59
25287.00
37965.42
74164.90
47435.70
10903.55
36599.64
26719.56
1160.25
20702.40
51799.44
36624.72
86058.24
48462.48
17646.85
55035.75
39039.85
48744.17
61558.75
30111.80
25352.60
67259.28
15130.17
26845.77
31483.15
13190.28
12563.50
9442.16
40299.52
7453.98
9165.72
23073.18
50454.00
43807.20
10054.89
60229.35
29244.96
48775.22
9129.66
48011.92
8261.89
62996.15
62842.50
70782.80
57423.49
38597.16
27434.40
46352.96
84176.32
73136.42
915.01
43220.15
80950.05
54150.72
70124.50
33476.16
44759.04
79956.00
6982.45
61973.01
70058.40
20284.22
38495.82
42028.80
36272.88
24874.24
33972.40
8699.15
61646.13
64818.08
1628.72
58834.71
57565.90
34029.45
20165.76
26553.75
70500.98
81226.14
40619.52
41050.90
60929.38
29431.68
35977.10
65386.23
34476.33
4964.22
5556.00
51490.04
57552.84
19520.08
44812.95
29866.45
36351.44
14585.50
14735.60
75843.90
23416.80
13920.30
74529.00
12017.67
69625.50
46999.80
29472.32
33698.49
46595.95
59630.56
10649.16
39198.90
3276.57
39371.40
38457.16
26165.44
55472.69
25261.28
43507.53
35795.43
12150.74
24429.68
37999.80
10280.07
24309.48
4480.84
39784.29
59265.48
3119.30
16235.85
44392.60
16956.54
48540.36
22984.80
52817.76
12909.60
26459.84
63235.20
18295.44
56329.50
41814.24
31150.64
49592.90
2800.98
21666.96
15646.50
2236.42
46051.00
3041.22
66341.92
38200.80
25902.83
29695.04
22882.86
14174.88
56265.30
1852.04
39276.90
34115.80
43147.08
19371.06
13584.50
56759.76
35567.24
46838.40
9991.80
67967.75
13980.45
5396.67
69709.50
52430.28
11772.84
42918.88
29857.50
39855.29
17602.90
24812.46
69262.52
30463.84
21383.20
62194.00
5502.06
41114.77
19413.35
35137.50
29071.00
1484.58
53447.98
43437.60
43946.25
35150.28
57724.49
26152.56
62854.88
1562.65
24406.45
20732.42
59955.94
9370.26
39624.63
55418.24
6983.32
48869.28
28716.45
38197.25
62244.22
42156.80
10992.12
36410.59
41067.84
64904.04
26165.44
43025.36
1489.58
21299.04
8438.90
72977.40
11260.90
52194.90
56870.42
21680.75
6431.85
13298.13
74598.40
28272.78
7543.92
8216.76
52953.60
16567.50
17423.19
13586.76
62690.12
46734.60
74046.20
14757.86
62580.70
16293.55
42795.30
49745.71
51535.20
76302.50
92297.00
62149.28
81960.01
39524.94
24974.84
47406.88
68568.96
29935.36
43694.50
19616.76
32105.10
22439.52
22150.15
26957.04
76562.22
18668.02
61566.50
36967.68
1912.10
16475.55
42957.12
20361.96
44368.97
24422.03
15877.03
36238.50
39186.84
65470.00
76267.80
12889.92
13354.30
65170.80
26922.39
20999.00
40654.90
18999.90
53358.00
27392.19
10805.34
18889.80
32079.80
20977.35
62534.34
59800.14
35430.40
34111.83
43101.50
61785.60
63276.78
57346.20
5818.20
14139.24
26592.90
38381.48
18008.90
25226.72
60416.40
16000.05
37032.00
47379.84
32004.04
3826.08
43003.62
3183.36
36326.40
2644.82
72703.54
39402.00
48016.46
26593.29
78515.04
17477.72
7423.80
59318.64
50004.00
23801.28
48141.45
56088.26
23190.84
9721.53
47317.66
79371.60
64268.00
72572.82
70638.52
2796.98
31097.22
16685.76
63070.50
46191.60
46414.17
25718.83
39056.58
55174.32
19320.21
5616.18
58972.78
30899.00
35678.07
3844.11
11730.60
22171.38
34140.83
56018.27
37177.99
25551.18
42796.80
36221.01
40331.20
10325.07
19572.63
38080.80
70959.24
21947.24
31920.00
46974.25
24617.67
12693.60
42004.20
29920.64
9747.43
28230.00
59418.70
20433.48
59931.36
16856.64
8273.04
44530.76
26741.04
17497.48
1322.42
43606.73
20285.93
