1429.52
67967.76
21414.88
2270.46
38130.82
18434.16
10821.70
71499.84
53021.10
72427.00
28019.40
38703.08
57180.90
999.09
43726.02
50608.74
79111.26
63318.60
64469.00
11063.58
21510.95
1588.68
3101.30
66453.84
34522.29
38680.74
2744.92
46699.50
54853.50
42029.55
1217.31
24864.84
24746.40
10218.96
27365.76
7392.85
40362.90
49950.71
20106.45
28380.24
22566.14
41043.25
4495.74
29010.87
65238.78
16857.80
22007.04
78097.88
77080.96
22449.61
68738.20
76072.04
41696.64
47510.40
48133.17
37100.12
6318.84
52372.32
39346.16
16693.71
42711.24
4805.25
29766.54
35020.26
57425.55
26428.20
10811.80
26173.71
87135.65
34951.03
27974.40
28474.94
10444.98
39646.86
31141.22
34309.40
6196.65
52745.16
70373.72
22007.04
47602.24
1053.14
50244.18
1420.51
85189.24
36262.59
8570.24
47218.41
2390.58
13566.84
70679.70
32224.80
26307.90
49588.48
14865.84
51545.10
49816.80
10349.99
32655.00
1473.57
31962.32
67977.44
44768.59
53966.35
55259.34
45072.72
49778.43
15273.28
36646.72
58777.92
39114.55
54219.46
14847.60
40746.40
7623.10
49812.80
75702.90
49641.68
11123.84
3847.14
81636.00
49288.32
4510.77
21307.65
9346.08
16733.92
83301.40
66999.44
21443.12
65905.20
48322.68
73316.80
23927.33
20025.12
31029.60
4935.40
29043.78
8523.36
53887.05
23945.99
43258.80
32735.40
11176.76
14809.99
20790.24
26145.90
69363.39
48604.11
44707.27
48595.80
50305.38
23698.92
61852.98
5690.94
27215.44
79459.60
20558.10
40946.20
22320.48
20197.45
22035.15
42689.36
13300.56
64507.68
50244.18
2982.27
39873.90
20745.27
62567.34
4805.25
42353.82
15108.38
47968.18
60403.35
49191.80
83669.86
14283.36
78034.56
17378.72
53635.62
11027.76
30047.36
9075.66
65253.60
7215.56
41110.47
3055.24
40281.09
35213.50
40002.24
55087.89
16568.37
65205.60
24992.60
994.08
43276.20
13183.30
2168.36
84774.78
43632.19
24820.18
8983.59
54465.22
3979.26
53186.10
2168.34
21203.00
2897.08
13814.70
49894.11
41978.20
54804.75
28002.51
34816.60
84038.32
39393.90
9087.60
12493.65
69003.52
39908.00
34581.54
23199.60
45498.82
25931.36
66951.97
12977.58
19701.60
44972.25
23187.99
12936.14
16369.64
23585.40
24505.92
63101.15
70184.25
44975.28
16696.94
69753.60
24409.92
19634.86
64435.68
23609.12
19947.60
38130.82
16825.82
15235.02
90995.50
6221.70
16891.93
44218.71
43697.70
6907.44
52960.10
81637.92
29702.40
50093.28
76549.84
63831.26
42768.74
31483.75
34076.91
28319.55
52087.04
61978.94
3091.26
32983.86
19567.57
48916.62
19605.24
34994.96
1128.22
39522.70
26912.58
75151.68
23169.60
68929.52
31309.88
45672.45
6014.36
10377.99
24232.03
8820.63
9025.76
62889.65
15226.02
33156.00
51849.10
23461.02
85454.55
27180.64
50019.75
68243.76
79799.58
1163.25
41340.08
70525.00
2782.98
33695.28
31314.34
27500.80
29281.50
3898.17
15949.22
31722.60
8675.31
2790.06
54814.50
37228.68
16217.70
33972.24
90892.55
50706.60
14245.20
19100.88
15438.39
41467.68
2895.06
46193.28
47577.92
28233.24
9955.71
45866.14
43353.19
37143.36
70730.88
42072.52
36672.28
50817.20
41484.80
26428.56
54112.55
19622.08
59188.53
83807.86
36057.80
55859.85
5856.36
30723.48
45660.16
33671.27
69109.04
21069.23
55259.80
26938.44
30721.04
73381.91
21264.36
1656.74
32209.50
57670.05
40918.25
9117.66
72192.12
14463.82
18799.70
45823.00
36595.90
91296.00
49094.08
52772.58
34369.10
55795.74
13778.88
7364.98
15521.17
1534.62
22357.53
53962.08
1712.81
50193.78
17499.19
50409.45
54138.00
28278.48
35563.85
2859.04
56819.40
10643.36
51407.86
43046.80
60640.80
56603.52
85373.70
62225.60
45043.60
62388.74
25867.55
60964.68
58279.07
5662.04
32963.28
63707.34
63868.50
45670.21
76159.60
32710.00
7012.50
36596.88
58835.40
56651.76
55109.50
66908.84
14695.44
11321.88
55330.97
48938.77
32771.04
1510.60
76462.95
9343.17
74838.40
34068.24
18355.84
30657.66
62766.88
59948.00
20657.67
23389.30
45780.82
35750.72
30529.60
39081.24
3035.20
1488.58
73904.22
31158.10
54688.50
12476.42
51318.40
7682.22
3940.28
39772.34
22145.76
56147.86
50332.28
57937.74
3757.94
10199.07
78697.80
17849.81
35174.52
1230.32
1599.69
37439.75
20158.45
41228.64
43153.50
7308.98
43193.31
4991.25
32234.00
38313.28
30686.22
69649.98
54890.29
52414.87
1120.21
48903.00
63947.60
12443.40
60508.70
24361.61
8829.42
55376.48
10421.30
50374.02
7117.55
10514.34
86291.00
40644.10
2326.50
78967.80
42069.25
57929.42
34402.12
46084.95
25689.51
15910.65
44541.00
4649.00
89470.08
66941.52
38826.92
9304.75
4429.71
17651.20
57581.20
8154.00
37302.30
49597.68
47674.75
31569.84
14560.00
5850.20
35579.28
2348.54
64418.85
23499.75
57211.84
1757.85
58413.00
3985.26
6120.66
32196.58
58529.02
8589.12
52147.44
16217.55
69751.50
24677.00
54111.96
8745.38
37951.14
43694.40
44328.15
65336.40
39567.05
40200.32
23246.82
35557.40
13903.26
10901.90
19149.13
22696.16
50559.02
9920.80
33208.74
22173.15
74959.20
17587.26
30560.88
23775.65
57193.14
91846.50
31978.98
41203.44
47534.76
22103.55
2901.08
10874.70
7285.86
16523.78
14995.90
41765.60
44786.25
71806.05
68255.16
22536.72
24122.40
68994.66
43776.00
5856.30
78292.35
17133.45
31260.18
54854.52
37959.80
33004.86
11892.80
59048.45
18739.89
28381.76
76791.77
46513.50
16540.68
13950.64
8135.82
919.01
80821.44
19169.28
21833.25
61824.27
28247.74
20601.72
83559.89
34283.34
70754.40
16905.07
14375.20
70132.52
33385.42
1540.64
15072.93
44854.59
61669.75
54766.75
53941.38
22200.20
12732.37
73177.40
33969.72
36008.94
65365.52
24218.40
23541.70
69961.32
44253.12
51012.72
42450.21
47447.92
77124.96
57767.49
35809.84
46754.40
43426.20
8088.55
12046.98
54054.55
47238.94
12989.68
73736.83
29206.50
64396.37
60379.58
48539.33
43613.92
51848.52
22949.08
48103.75
77796.90
53171.44
66790.40
62201.22
67345.98
1124.22
18984.02
60712.22
48532.00
19629.28
38801.82
30272.76
34869.52
22234.94
54669.72
21935.98
12726.00
18680.10
29695.32
24621.87
12922.28
19971.66
62652.12
12873.80
25371.28
57516.84
57767.49
6370.00
1277.37
30661.48
29151.77
5538.06
21204.54
77213.40
25620.36
11584.65
75519.20
34756.60
19659.24
57173.16
44533.27
23280.84
72302.93
31203.90
80106.85
4444.80
43796.90
32975.64
13541.31
46939.80
8843.52
49546.32
5189.46
92296.50
1594.69
17165.33
79884.50
4761.12
18696.02
30877.00
14343.21
22268.70
14370.40
44283.60
25972.06
25941.72
19873.14
21442.95
39281.52
4856.10
6118.48
5838.20
38056.04
52731.00
44678.25
55142.34
6030.54
22475.52
19501.46
44688.24
10525.13
6322.72
35137.53
10627.36
43337.25
26961.98
52156.50
25407.81
23152.50
25185.09
25850.54
22200.20
5646.10
59154.22
36061.81
55051.97
10771.52
33944.40
66877.20
62715.80
37410.70
46513.60
59164.00
49354.47
11804.48
23485.76
27497.96
16253.40
4093.35
34140.24
52977.15
28511.21
55734.59
43252.74
45120.24
12970.65
67774.98
66073.56
42080.95
16854.00
52414.87
48646.26
6612.05
29482.24
32963.84
22776.16
34987.25
8757.54
12589.36
63476.64
50628.90
58982.80
53221.35
45535.02
38910.94
36579.60
30652.40
25366.74
36088.25
56453.67
44553.59
11221.21
56164.50
27468.44
53976.64
22600.14
15379.20
68712.60
90696.06
33759.18
54307.11
40513.20
26461.89
25899.16
64708.00
22055.16
49447.91
18175.72
62238.00
18726.89
26027.80
30192.00
45105.58
38519.71
6659.00
45265.44
52960.10
19641.00
32375.35
29280.32
33395.52
19635.42
38313.28
10595.10
16484.49
3868.14
57223.83
53049.50
11960.13
48616.06
13001.17
6518.88
39500.37
73029.00
35852.62
34536.40
21306.78
32119.27
41956.46
61621.56
1101.19
61958.52
1101.19
7243.80
1714.80
33365.20
41885.60
914.01
14435.68
63928.97
33084.38
17074.56
37408.68
28215.75
47892.06
43721.00
7151.52
22591.79
33633.00
26908.32
5579.85
6677.10
45769.50
2815.00
6787.32
73477.97
42320.72
10441.30
28261.20
62717.74
25254.86
28110.51
65114.45
46333.01
10883.60
30432.20
10355.12
21605.54
68868.54
72420.66
13094.16
32196.58
47801.82
5876.30
7147.77
31334.94
16913.93
30175.68
62867.50
72853.00
19060.44
74041.90
6679.04
29526.11
39524.94
9309.75
23151.31
26020.08
16437.30
20602.40
25975.35
65527.92
50698.90
79553.70
34711.29
40651.92
37798.61
58230.04
13710.15
35243.86
41950.16
36999.60
11612.50
17002.04
16879.07
64088.98
66695.04
62482.74
59189.45
28543.05
10144.98
15753.08
3351.54
81536.50
25098.56
35611.62
13048.42
60783.69
64269.00
3387.58
48132.00
17799.04
12541.32
45544.50
22104.24
8108.55
63024.78
51030.36
19545.57
54867.60
51808.38
50669.96
47152.00
53097.60
54457.46
10686.34
17526.60
32771.65
29248.32
915.01
32815.86
39039.85
41789.88
84339.00
13313.30
17749.05
15542.80
35966.62
55568.45
58881.88
1219.31
40394.90
29645.98
48231.48
6414.96
22451.80
9480.40
28614.96
27420.96
1015.11
41535.47
40587.20
57727.74
18741.69
2096.28
32055.66
45409.14
82750.22
51731.56
55868.28
50377.88
21277.65
65939.30
15997.51
41835.78
37930.50
65192.40
34396.20
75584.16
29519.16
17563.04
7213.74
39895.46
10054.62
63272.30
55002.14
71789.90
10491.20
51715.86
24761.10
1076.17
50733.90
23230.20
49696.92
23370.53
10024.56
50716.36
6526.92
66120.70
7392.08
53997.04
24746.24
18277.72
30511.84
44881.56
43125.36
49947.20
33981.89
11448.48
3191.38
61529.13
33996.00
1733.83
62466.72
43865.69
52906.35
34164.24
39592.00
18934.30
6096.55
16866.40
