27805.25
49932.49
66096.42
42975.90
34308.48
60784.86
46985.05
94549.00
24710.62
3571.74
45495.84
16578.08
7272.75
9712.36
82518.94
38684.58
24435.00
25778.00
12784.59
41169.45
51225.76
30583.00
50817.20
2392.58
1060.15
67888.03
72351.93
10013.64
10146.88
49750.80
58484.01
54144.09
16539.49
52256.00
24490.62
10444.98
3660.93
20049.12
32056.56
23851.74
64602.09
3197.38
43567.20
75974.98
49013.10
52132.40
69670.26
32194.80
64712.90
36478.20
1848.02
35688.00
44527.36
2118.30
51447.76
21605.54
41300.64
45840.64
48306.90
35348.28
35632.59
52082.12
39443.16
26340.86
35528.40
76060.98
6643.00
30774.49
93998.50
90815.04
17954.55
32500.44
19733.00
62260.45
50328.88
21275.10
13987.26
25947.36
3735.92
59646.40
61949.16
41860.00
58800.78
77782.50
70925.50
86490.72
37353.96
50149.18
56724.12
44796.40
24792.04
44002.44
53157.15
25871.16
54626.14
20734.67
9602.32
24049.20
83025.40
23475.75
69058.35
66750.40
49217.74
37681.20
75150.13
21751.20
41150.85
21188.80
57288.42
68814.20
19466.86
85987.65
27553.96
56571.52
25166.14
5276.55
29999.36
33002.97
42307.22
16453.78
1069.16
44461.98
46751.50
45449.20
31889.88
53202.15
82136.50
31624.06
17538.90
40369.23
13084.00
11261.82
36360.74
32290.56
55282.68
68460.16
20737.05
26809.12
66995.28
8500.10
40421.29
25477.75
45091.05
36746.64
60027.46
17682.21
1162.25
71267.24
47709.48
55157.71
38969.04
17568.72
55128.71
17266.26
8192.88
63966.34
35545.62
62309.52
13678.98
87115.68
69873.60
62591.62
63744.34
49697.34
46623.30
22305.15
23245.00
60904.08
41625.36
32170.32
3039.22
30289.17
21383.20
13029.68
66706.93
9757.53
43406.08
57844.45
50517.44
11836.56
59733.45
38491.32
76964.84
45119.28
8532.36
82887.36
1904.99
16241.42
43920.48
36578.43
62099.52
53408.94
11982.90
50109.05
43669.99
62669.88
20272.23
44501.12
67823.28
36471.27
37329.38
5225.49
67831.60
25366.60
7227.60
69312.80
70316.52
16493.64
16007.29
58382.00
15191.92
63647.76
15880.92
56820.52
3581.76
19800.47
41367.33
2094.28
11723.39
28302.48
24325.65
29118.56
39216.50
27981.44
19094.74
53125.68
67594.03
51558.23
29506.75
27177.26
69609.39
27809.10
64769.50
23230.20
27459.90
85840.50
75679.38
62557.62
18779.70
54574.38
14583.72
27155.04
40039.09
40786.20
70870.80
4189.47
76267.37
13638.82
6430.80
26881.68
60694.86
6734.35
6895.56
34662.00
42410.88
6823.20
6006.50
60796.68
21160.36
28905.87
43515.90
46797.30
58489.56
12723.60
27284.44
21743.60
57525.16
59746.19
72550.61
40543.56
40819.20
17226.90
25195.06
48947.84
59598.90
44663.06
16833.30
46759.14
11388.16
4296.64
45001.32
64468.00
44147.52
65040.45
56263.76
50015.52
83703.84
6842.30
90094.56
48148.32
29699.19
8661.18
36686.88
48612.00
69688.80
1186.27
68270.24
7551.92
9530.24
30359.96
42298.20
20229.36
53396.70
43621.00
53048.16
12543.16
16215.50
29759.40
28770.60
71153.82
37082.85
1053.15
39751.58
59077.53
15136.20
41673.70
23048.48
32099.20
41644.00
4480.84
29053.08
63559.08
60265.00
51670.40
52255.44
16920.54
52824.10
26386.29
66955.20
16560.18
55218.80
27523.95
36859.48
28930.43
11131.92
71034.40
10385.06
35528.50
23892.96
28983.36
84643.65
54287.46
61824.27
4710.15
79547.58
22288.42
13690.82
13954.90
29049.43
55300.28
61512.36
30287.84
89694.00
1897.99
30751.30
8324.96
62616.60
2868.15
31152.35
47186.24
21270.72
5410.85
75003.75
9399.96
43559.04
30356.11
44966.74
30327.33
55751.64
43566.40
34611.75
55957.28
18695.10
43941.26
996.08
37660.68
30382.17
24740.28
92947.50
29929.50
24246.00
44777.95
24489.18
80076.04
30333.00
72687.26
22520.13
48921.30
35243.99
36662.64
19116.30
26577.90
21926.94
21503.20
21371.04
90500.06
20327.34
12179.20
63836.85
69481.44
38496.48
5910.28
35738.00
15946.51
1366.46
58013.12
3660.04
42732.36
42594.64
27161.68
31701.60
56906.63
47282.84
8496.36
16018.83
4931.19
28470.06
15166.00
21358.44
14625.90
32674.60
46930.40
37019.85
10398.99
35299.48
10835.52
73090.97
51012.34
10859.40
33526.72
29389.29
13165.92
19265.70
27686.40
53655.42
30016.96
22234.94
25396.00
63922.95
27348.16
46787.06
36786.28
25962.93
30715.35
12675.91
42213.78
23842.33
61060.35
28188.68
10201.10
51253.66
59583.84
41869.00
57156.45
21398.18
44056.80
16660.60
58068.10
29406.88
62488.70
68911.57
11830.13
1693.79
22448.66
19962.59
6408.96
30897.12
4364.76
27479.75
44296.75
8149.75
27824.16
24280.65
37775.04
15226.10
2316.50
20402.20
63639.62
49752.85
2012.20
73539.74
5365.80
36759.78
59402.70
10282.86
18905.25
27193.50
11166.21
91199.52
11628.72
34994.96
47201.70
72161.62
56579.76
22389.36
32434.75
66291.81
18127.80
11083.76
60416.40
39494.00
28488.09
50023.58
12179.20
62546.44
67435.72
3744.12
12220.88
21771.88
59238.45
23801.96
3153.34
26824.82
43685.46
28084.42
42733.24
27786.24
18154.50
18811.92
3711.96
29696.32
53674.08
16217.10
47867.60
10791.88
58283.92
52940.16
60917.12
50374.00
57701.60
76749.41
2558.74
14259.36
4036.29
50873.48
42355.95
56316.96
52819.04
8640.31
38922.12
24830.46
17431.48
7427.80
21212.49
49331.80
47091.45
9508.02
32345.10
20646.56
88685.10
65669.20
76362.41
3033.22
14835.99
9786.56
934.02
56554.63
33426.75
39963.60
17587.26
38345.76
22703.94
28366.80
95199.50
10901.46
67991.60
40327.56
62810.70
38623.23
70430.10
48659.46
1286.37
19468.67
51815.60
7399.92
92197.00
11830.00
76833.12
26488.35
58679.40
85640.50
38104.32
4447.71
52143.84
55188.46
51162.86
88586.61
7212.65
25515.60
43647.20
26825.40
29665.68
17972.11
66073.56
19039.02
25254.86
78727.81
24490.40
55245.04
51960.30
7505.12
14222.96
39888.63
31208.93
70527.73
39497.76
25648.28
59422.80
53120.76
66906.84
62977.05
59553.90
46332.72
74573.96
31669.66
27178.50
37815.84
11722.70
47317.66
44781.36
3423.69
9273.84
5369.72
59148.45
24175.48
33392.27
25875.84
31927.02
26116.32
27190.80
61490.70
13018.86
44689.94
50517.44
11337.97
60754.05
22521.80
49975.38
57213.57
45522.75
9140.00
48007.30
22295.84
44861.79
6781.32
54679.66
11172.10
7312.75
39161.52
63564.68
7555.92
60785.37
15018.25
41906.00
42360.50
34174.66
58057.20
50791.20
45392.32
4452.80
46699.20
14544.00
14835.96
17598.90
23166.50
67545.03
55041.42
38291.48
71237.44
38691.12
66575.50
54741.96
47474.56
39939.90
2979.24
38914.92
43026.20
9960.90
26068.00
3483.75
46895.45
39562.94
50894.46
46275.01
45105.58
78139.81
46084.17
49982.13
83486.20
68700.66
37141.52
37902.69
36098.70
20650.14
15036.84
31253.00
38408.26
52685.86
46921.28
55519.69
68598.85
5354.64
49187.08
16758.00
45093.30
69553.80
41443.75
3331.50
10819.60
3351.63
46760.85
59290.56
16566.81
5862.24
25731.36
32894.60
24890.18
22089.63
17729.04
27191.43
62268.36
25034.40
76992.96
17538.90
42193.92
56904.12
18895.91
66289.96
23665.92
40543.56
53069.99
71314.80
78783.00
58186.07
60090.03
18884.32
9960.80
3257.44
36570.60
15031.06
62106.44
33422.96
13594.50
43575.11
44627.40
3419.60
29278.72
24726.41
2016.20
48604.50
47948.49
75295.68
10156.68
20542.14
16017.44
43193.31
43712.56
43570.50
60476.68
22084.27
36889.25
14776.20
45351.88
18922.02
58528.32
24284.78
38588.71
55008.10
82195.48
80917.44
53941.38
57250.42
10414.98
21960.00
19460.96
36723.87
20493.60
48003.43
15784.92
75385.38
48626.33
10739.28
6734.35
49359.80
19616.64
22578.12
19633.68
49119.91
58765.98
30596.94
62580.70
42464.80
35237.50
24932.88
29011.05
28596.82
17532.76
12714.91
70198.26
36521.78
66022.56
7463.80
16126.92
82054.48
68075.28
46632.95
11267.90
55793.64
4650.15
28002.03
9570.32
68751.14
20541.90
8654.24
37948.50
65378.60
56832.04
6114.66
46823.14
46453.47
1045.13
61685.13
21484.68
13108.95
13820.95
2554.72
27609.40
41345.85
11232.83
60035.80
14063.85
60735.68
8613.12
32572.54
20199.85
45732.06
33570.18
1746.84
30744.35
55802.16
10694.52
45769.60
42970.62
10781.60
32399.09
24580.95
39347.70
2636.82
2468.66
2981.16
58713.38
25322.88
49876.80
45676.62
63891.97
73955.70
10121.10
60969.32
64211.64
19236.21
76781.00
22614.00
44002.44
38505.60
9177.92
84590.78
52616.70
57264.90
44757.60
41988.21
55558.83
31804.80
51551.35
31754.06
61670.70
45490.85
1109.20
53592.62
29937.73
25195.56
46130.01
18691.80
47384.82
46251.00
40095.32
42887.04
20418.71
50761.48
58077.42
34489.12
37420.20
42975.60
42341.62
35526.40
1276.36
39867.32
12533.50
47650.66
13974.90
66408.11
30545.34
56992.63
40442.75
21583.40
8604.05
3366.66
38465.75
52550.16
12108.88
21892.75
56999.70
21682.80
24649.04
19775.00
39101.70
56771.84
80502.07
45311.52
29355.77
42571.80
20791.68
25497.18
19196.28
14161.18
46659.36
23605.40
16129.60
52436.70
4327.62
15640.47
14067.12
41539.68
64704.64
30665.04
39118.17
20526.66
42851.90
36859.48
62640.13
9004.45
45268.62
6847.38
10042.56
42086.46
42093.36
42330.20
43191.63
29309.97
10707.44
10560.55
1944.12
44576.84
67187.44
29081.25
34164.48
75630.12
55920.59
43642.20
44483.04
28642.59
73282.86
40352.92
23370.53
13412.41
47603.92
7588.05
75151.12
18520.40
46570.40
38122.26
15665.12
89469.60
58845.76
79043.19
27008.80
68632.00
46223.25
17546.76
82982.68
16613.46
29551.68
75519.58
57661.60
54022.62
33210.50
41443.47
20415.45
28188.02
21055.61
64082.62
66613.05
56355.21
3263.44
36128.70
8072.68
49027.11
42309.72
62330.22
59283.00
18692.16
