5233.60
5459.73
43011.38
14458.40
13105.30
35228.42
85184.10
45544.50
2638.82
1336.43
51454.80
68183.64
56220.30
59446.64
3219.40
29871.36
47858.88
27448.80
55178.80
57833.23
12453.20
16354.85
44279.88
46969.98
76026.04
12784.75
7069.62
56763.27
45368.80
60188.64
36929.33
60364.35
46913.59
65169.30
11415.24
35288.10
42629.00
3615.80
30444.17
58979.32
4595.05
15001.35
30031.80
54238.48
63850.98
57943.05
90959.04
13784.58
54338.04
1901.99
3179.36
49029.30
32602.09
4032.40
14435.30
27352.98
38859.08
11668.40
3645.82
48900.89
34453.80
39438.00
43447.62
38568.88
33257.07
49349.04
20812.12
5381.67
75384.96
49693.20
13010.16
61804.80
62590.44
22718.08
38521.81
54687.60
55546.24
42105.00
55866.56
29587.14
29235.92
12817.75
5906.24
16812.54
26038.74
64410.71
89394.00
9225.78
46537.92
63947.60
50633.40
20481.75
16962.12
13790.48
13354.30
34225.74
25258.98
29871.60
48563.52
19842.79
58336.42
22651.14
3151.34
23533.20
15570.80
54431.04
33888.58
59007.36
13142.16
30751.30
28566.72
22938.70
2452.62
29119.97
86202.16
42044.52
8631.18
44576.76
3627.80
18224.14
12599.23
3103.28
19141.00
20371.26
11632.25
59148.45
18076.24
35533.68
1196.29
69833.60
46690.40
12031.67
86805.71
7147.74
5455.90
34316.20
53285.10
24571.04
59607.00
27541.26
27199.04
84472.80
10356.99
35597.40
43167.52
22578.30
16347.30
3994.26
43937.25
20277.76
48340.32
51007.00
77481.70
25977.30
17886.96
83335.56
43753.56
45804.67
7552.32
70362.52
11262.06
13846.56
37399.20
24314.45
6374.76
58333.12
44066.81
68292.00
43672.53
50708.79
16888.20
9509.95
81636.00
27004.25
54969.91
56852.25
42872.92
48666.80
38716.70
70594.21
59818.27
46513.28
3255.44
66791.04
66448.84
63908.16
13208.79
3397.58
27925.92
44862.72
4973.36
917.01
29611.60
5261.60
17362.88
71541.25
72598.08
42377.60
46786.41
6752.20
35453.24
1113.20
46850.88
33316.42
79847.72
20337.36
35966.22
9760.70
29431.92
25647.40
6715.08
13547.69
46145.88
6026.50
13244.56
27115.58
15156.00
2382.56
29511.20
30972.80
3343.52
9330.20
47595.24
65620.00
80549.07
32634.60
30226.86
61060.74
45197.50
30291.79
12754.00
22058.27
16462.55
32901.05
49002.30
14205.10
7953.40
53979.09
22957.70
63383.32
25424.00
42090.46
61355.70
44888.40
10379.12
19213.74
27103.88
24575.46
54496.48
71895.24
1830.92
48415.92
29489.98
36404.55
49729.68
26846.98
75627.64
23265.00
23177.44
22650.30
37715.00
28451.03
42298.26
21607.37
33215.07
58968.00
11784.96
86576.14
43604.11
35534.76
32235.00
5806.16
10202.85
18800.60
54973.10
16838.73
51877.23
61567.78
6881.56
68551.85
17123.15
26878.20
60285.68
60727.17
67538.38
18233.60
71704.86
17418.30
46250.00
1723.81
59759.70
35237.40
33966.54
31858.08
19659.24
39458.37
28130.83
30508.11
12307.14
36579.44
51834.30
23544.78
51975.60
3760.02
40658.52
4633.00
43245.50
27294.07
13946.76
36037.80
68559.15
35595.44
20305.34
35371.70
73181.28
20151.12
57810.90
28674.66
46766.60
6860.49
37585.04
52247.36
10271.20
19785.42
42663.85
47272.68
55790.28
52557.00
1325.42
25613.72
35938.25
68214.16
25924.08
9817.43
7543.00
1802.90
51707.13
3483.78
16685.55
23619.83
17651.70
4580.05
61938.24
81850.95
8481.00
27641.34
65048.40
54435.76
38975.31
71559.18
71836.32
68471.64
45671.76
34642.92
20352.04
20517.60
47510.75
16445.52
20142.85
33836.25
6899.24
20203.05
49445.76
13061.84
23338.08
42647.56
35949.20
11054.88
75630.00
28029.51
22435.66
50062.80
53934.73
55234.96
83927.20
47651.20
48978.02
45919.17
54377.75
40809.86
49961.49
84682.78
11460.24
23673.12
1445.54
14571.72
12878.04
9179.87
25187.00
14719.44
54885.96
39511.29
8654.31
23476.70
46951.50
50229.12
43226.24
53531.42
24506.10
22325.66
9209.92
42958.44
37041.06
53057.55
50173.55
38688.18
14250.75
25753.00
24253.74
40921.69
63639.62
46673.60
59247.30
38927.35
12208.05
73787.85
29366.97
56771.84
945.04
53901.96
72571.95
70782.80
34246.30
69393.20
21010.68
35412.75
4669.95
28334.92
66514.56
39161.28
24597.04
29599.04
39488.85
58628.78
20166.76
21778.96
57777.72
31982.44
17568.90
16737.71
70339.92
44090.28
66471.00
85206.77
28951.80
63472.50
68015.44
51350.08
65623.60
45812.96
4977.36
19101.00
32248.83
51181.94
39877.47
13588.52
25167.00
66408.81
45310.35
64317.62
60776.17
52983.68
78664.32
3651.93
16502.85
41611.68
7031.40
46533.31
59844.68
18259.65
2008.20
47531.20
31316.94
20182.00
6326.68
27693.12
19445.85
52487.10
56832.12
58483.51
5816.30
25603.00
30134.77
46769.23
30088.50
18259.50
949.04
7039.40
5914.28
81725.01
46257.47
62057.94
61021.66
49125.08
48597.03
58114.10
58581.60
3605.78
18439.56
33677.70
30419.34
16172.40
31113.60
20779.44
2350.54
47802.50
17286.36
27581.40
36309.18
21322.65
19325.54
55633.20
17915.92
82214.40
17594.38
43375.53
1036.13
35966.16
33306.00
64818.08
52216.00
18639.60
52903.76
38885.34
5618.88
23213.30
68664.96
70822.98
48526.80
20256.85
7960.72
14442.30
56989.44
12113.09
20379.58
92997.50
63067.50
58899.69
10156.74
41696.20
45597.06
18024.11
18301.25
16385.40
53516.43
45724.50
8985.54
46971.52
60651.50
72190.02
7477.98
41487.94
3777.96
47006.70
64027.86
66417.84
28005.25
20422.20
30708.00
29389.14
24730.24
29985.45
63473.62
66715.65
3664.04
4441.71
19077.57
39006.16
47630.94
23817.28
18979.80
40873.50
50289.96
30744.78
45767.76
24570.27
7518.00
9228.87
37991.25
1495.58
20553.60
24063.34
75118.80
47050.80
51426.46
71092.20
76731.50
36809.85
12494.09
17795.20
41733.00
27565.12
9649.44
12466.09
63986.65
54697.50
46407.87
32431.00
39993.18
15167.92
4543.83
8983.59
36046.64
36570.60
27245.52
3147.42
53202.15
10481.04
59377.92
42466.20
79184.66
11204.00
32027.49
69484.89
51469.35
23876.76
3555.84
25002.25
13521.69
27914.25
21671.76
29406.75
24939.12
11613.42
66093.48
57775.90
18820.60
41768.00
17010.54
54357.00
82161.24
8705.44
2776.96
71003.24
43753.56
18191.46
49488.70
56655.76
43341.55
12361.14
6414.80
1099.19
945.04
44105.88
41564.40
4231.50
38090.25
21206.56
39597.12
29211.00
3063.33
36895.56
43604.11
80725.44
58640.40
27538.95
16593.00
42867.36
65771.16
31673.22
16978.40
7758.25
20069.44
56592.06
17783.70
12663.64
30894.21
15451.80
3629.80
11172.10
67351.93
53225.61
41456.54
39510.90
35020.03
13902.64
24075.22
3792.16
9712.53
22227.52
7568.16
84857.28
3499.68
34369.10
30749.32
67986.52
43773.84
4766.01
12718.75
34168.20
41644.00
32813.37
38057.40
9593.22
35045.76
31295.22
61672.60
32970.96
49504.00
19028.02
26110.06
61353.33
23439.53
21558.88
51993.52
17474.88
42509.44
2903.08
43748.30
39754.56
10419.20
60552.36
55403.52
3555.74
31413.20
59728.32
59551.80
9910.80
59222.80
46797.30
64237.95
11804.76
17776.98
39691.26
58912.21
23885.80
58757.35
13365.56
79374.99
57612.72
16487.28
55336.46
45494.05
57133.92
4905.35
56220.30
40406.10
3579.76
37966.82
50892.39
10861.80
25731.36
81265.50
54709.50
6967.56
1560.65
8316.18
37949.73
60679.80
41483.96
37506.79
51088.72
45028.74
53675.00
60432.68
51169.02
1877.96
22001.58
66299.56
40303.23
12963.58
20256.60
65063.25
21963.80
24705.00
59612.92
57391.65
18560.34
26130.93
45084.24
27948.24
59262.80
18531.76
20743.97
20652.84
33826.58
51633.35
12623.50
70224.52
53467.82
68872.67
86250.72
20886.97
15500.80
20649.72
43290.88
6038.40
38616.00
32014.80
38726.94
21622.68
45804.36
19012.48
35655.62
17170.72
23138.36
6036.54
79633.42
1152.25
69472.80
34329.34
8829.45
57853.74
30419.34
11083.76
45650.50
78600.13
40680.90
56304.50
22339.66
81524.24
22021.63
13524.50
26912.58
4645.92
25207.00
15122.38
20013.12
57373.68
19287.09
91546.00
43883.77
33285.15
39102.16
40818.00
73871.28
16576.19
52175.60
10499.04
23169.08
43040.62
48433.34
57060.80
28951.20
23200.50
66950.30
35218.53
12259.39
31927.02
18099.00
17828.80
4628.96
29005.59
27043.38
45447.75
59891.70
45952.53
7439.80
43322.19
15962.25
26323.93
7057.50
14842.10
33034.80
35432.76
29830.71
42929.25
68713.44
9775.53
11219.76
46588.88
44188.36
9110.00
19731.42
4621.89
10856.70
77832.00
12729.75
7153.74
8243.70
6086.48
49661.43
8774.20
12950.14
21718.80
9502.08
18431.14
47066.40
10274.96
12943.90
44747.40
957.04
51144.46
40658.52
19885.06
14896.48
19380.80
43595.12
7768.25
21639.04
55674.78
13438.16
11036.69
46840.41
43150.08
58968.45
92246.50
3333.60
88547.06
18471.74
24754.84
67190.80
32810.25
22284.15
40050.24
4633.89
82336.95
41169.45
7187.65
1081.17
7392.16
1932.12
5651.15
33179.28
24476.75
53656.32
41072.46
56556.72
39486.40
20658.66
25618.88
1471.56
20662.08
3775.05
17358.20
29611.40
51913.47
45791.76
1496.58
56795.52
38204.88
2684.86
21850.01
73116.80
32740.34
36347.15
25595.03
44597.40
75544.20
81965.73
4453.74
27479.75
54988.29
26869.04
33855.60
7153.68
74418.75
39939.78
40979.40
33937.86
44576.40
22541.61
56557.76
71670.68
1916.10
61070.66
16800.94
45215.05
25536.28
11674.32
5310.75
43835.56
4881.24
9544.08
15676.95
31786.29
36817.17
64694.09
35558.85
1712.81
17024.04
26922.39
24344.25
62810.88
23755.83
66486.81
21574.69
32759.37
28566.72
15119.06
46466.88
44396.50
66575.97
22378.97
12061.08
44304.48
37119.36
8282.89
10571.10
1789.88
10648.66
13164.00
51686.04
34623.54
24887.06
8402.94
33779.53
37128.66
41014.20
15857.25
