29930.12
39465.58
20592.66
18737.88
82161.24
65665.92
6859.38
39689.43
27605.76
35002.53
5373.76
15736.80
36635.20
31461.75
13566.24
30076.77
59679.94
24314.40
49554.50
32416.02
37236.46
64284.54
67678.92
31253.00
15291.38
5293.64
27516.96
15015.90
24778.04
57559.32
16385.76
38980.17
14115.45
28147.58
34158.08
77683.88
14113.40
14919.96
19182.41
19616.64
41100.16
26236.56
74398.00
38991.25
62386.01
15556.80
43596.02
51122.65
17967.32
33929.37
47230.40
12212.20
10883.40
57151.68
5710.08
48705.30
23440.41
38261.65
60263.35
4724.01
71115.84
37263.36
74966.76
67046.44
72400.02
3812.16
6972.56
34927.80
34392.68
48226.08
71795.20
10567.20
46134.02
49373.91
11291.82
44656.43
31185.22
3785.96
40069.68
42616.80
1455.55
24660.87
34173.06
56508.48
83027.12
41894.40
21970.46
1581.67
56610.06
3683.86
8210.76
63986.65
58186.04
27104.50
50948.36
76663.84
14928.48
32029.56
23576.96
15577.38
41921.28
67667.38
1113.20
43986.28
50203.38
64417.86
19950.06
6408.96
47925.43
25067.69
36869.44
70454.70
90696.06
32065.88
13442.52
26221.44
53369.94
73837.60
9982.56
71715.60
80292.96
7496.04
6606.96
51799.88
35256.00
18628.16
2784.06
21827.92
19124.48
2668.84
41173.80
32408.31
88989.12
61489.56
46533.31
45178.98
5093.48
1002.10
32170.58
38148.60
22224.48
18818.02
43584.00
77682.50
37336.70
46790.84
46524.16
5876.35
17939.52
41978.20
50004.80
1035.13
1012.10
7435.05
28334.31
3561.74
24904.18
29203.24
39523.68
11253.06
66551.04
40502.84
71907.85
43722.77
67896.48
58585.35
51959.95
25465.60
63484.60
50689.53
15136.32
45218.52
28674.80
3384.66
36907.26
38344.56
22004.63
32868.36
25787.16
42244.50
17255.26
23723.33
28896.43
915.01
36056.61
30488.04
54541.11
3507.68
36189.00
40786.90
19153.90
40317.50
41578.51
41670.90
61266.66
24670.95
26452.08
10117.98
11153.97
37980.32
1722.81
54324.05
53130.10
25867.35
52246.60
59513.14
59577.18
46085.40
87794.12
1092.19
34651.80
51939.08
77160.77
21370.44
68474.68
30181.86
57260.80
51175.68
16253.28
48218.49
59188.53
3035.22
63150.78
37945.82
29440.64
46729.50
59072.58
4895.19
5549.82
2821.00
3111.28
9952.50
11658.42
71892.14
82012.48
43096.55
1730.82
31382.58
22521.80
39172.35
70469.10
30737.66
63667.68
3474.72
24911.25
36083.61
35674.59
50068.80
10920.00
35777.94
27343.65
48978.02
25467.60
20637.42
31358.75
38049.90
42596.88
13027.77
31449.88
27419.48
14641.05
31603.66
26888.80
28556.09
64782.02
58989.00
37046.10
65264.40
34673.29
47802.50
17904.92
73125.28
29804.54
8877.42
44567.95
37304.73
69991.96
9063.90
25084.69
24284.78
6026.45
37621.79
52336.50
1672.76
8914.35
1130.22
56460.00
18648.89
26736.82
12675.91
4537.80
89273.59
58581.94
51751.08
2050.24
19741.93
36022.48
85741.70
8694.54
60228.35
77609.40
8346.03
10523.34
2763.03
34547.80
28910.59
41864.70
24041.84
29291.24
24233.60
43705.53
12505.68
31344.39
42634.62
75888.04
47427.36
40171.23
16565.64
22830.48
29443.16
3916.28
58093.20
39213.24
65830.08
37714.04
20008.01
2843.02
27553.95
991.08
12136.81
40970.46
46245.60
18378.36
26794.44
22817.84
19688.68
12684.00
25627.40
29935.36
27930.60
27704.10
34145.82
45877.02
24751.87
23825.20
48186.07
34212.48
8764.20
60520.24
55463.80
31210.81
31596.60
18257.25
34145.82
10853.40
32253.80
22052.94
12965.76
37965.69
32774.60
60077.27
6524.14
56644.72
14054.72
49526.20
45443.84
25713.36
53371.00
23971.22
1698.79
75973.80
37792.30
47331.36
43446.50
22046.20
56260.00
35858.88
6261.70
38698.54
15994.29
21863.60
47379.84
46449.28
8104.88
46275.01
6136.60
47859.12
6818.42
24476.75
39223.14
17727.38
34256.83
40270.23
39102.84
29406.72
29906.24
18987.15
35624.24
21046.08
57393.60
11902.80
64225.32
72066.36
21588.18
3161.34
66262.56
47482.12
59324.22
4292.68
83697.75
22752.96
56795.52
23895.06
56299.57
76011.95
47420.10
10899.68
29506.75
19572.42
13951.96
17172.90
47957.34
34661.76
31311.54
60949.78
15232.64
17307.70
17678.60
9757.62
6627.05
22089.63
16113.60
9321.84
20025.12
27179.50
60816.69
5708.97
36755.25
38726.71
40434.48
35996.22
31483.75
32274.00
31749.48
56996.72
26156.71
44853.22
51259.60
49357.05
76208.16
32831.05
4871.13
6466.90
14159.34
65084.88
73577.91
68165.76
67751.91
68296.16
47813.46
68485.24
66321.00
51297.25
37884.00
55185.34
34422.30
75026.72
38248.32
11625.25
16667.50
11542.40
51158.08
44820.36
81091.56
69153.04
67831.20
51607.56
1290.38
6687.15
55770.56
17434.62
35618.40
1807.89
15248.64
73998.24
46796.82
3828.20
64904.04
74518.40
15646.50
32083.56
21370.44
25499.04
73234.91
15424.44
49438.91
32349.50
58749.76
26044.32
50033.20
43783.52
27549.40
47851.17
56060.07
63473.62
73517.40
37195.48
21147.36
24722.28
2721.00
48519.24
51799.44
2670.86
9193.80
66289.30
1996.18
24842.88
78706.32
35949.52
13016.08
50093.28
916.01
35347.40
49397.76
32704.20
41694.88
30686.40
51380.73
20932.20
13048.28
42069.25
38260.56
14626.05
50774.36
54258.50
16453.64
41881.16
43334.47
45578.14
9634.32
54093.76
33551.49
36495.06
5470.90
39029.31
66556.56
55393.28
37797.69
1183.27
59174.28
61696.80
25812.30
48159.68
51209.76
77992.81
4895.19
30382.48
7092.55
2618.80
13021.68
3880.24
8254.89
49934.43
15317.51
36686.88
67318.56
53637.00
69593.92
39714.34
43837.86
42140.40
20240.22
55787.77
39299.85
11357.88
24062.22
61332.26
20756.67
38410.44
11309.90
52135.30
31785.60
39813.39
42479.62
56786.73
4363.62
61625.70
23774.16
71755.20
39034.05
2923.10
16481.52
12763.70
28001.70
33776.88
32074.80
11986.13
26869.75
9121.84
25131.36
32271.84
21798.01
21742.92
46237.32
17628.90
58093.62
45885.84
36206.94
33732.48
36702.60
38465.89
21803.58
6418.76
13291.30
93248.00
40236.92
62546.88
10992.12
1870.96
42465.30
46326.60
35626.08
20592.66
6306.75
12220.39
42975.36
3303.60
58141.60
27149.00
11748.51
52732.33
14859.96
3644.00
65469.20
5210.46
8909.35
50708.46
17347.46
8934.59
25731.84
75535.68
6825.42
44463.88
20900.10
15478.29
7397.85
34071.40
12185.81
27245.73
44368.97
7456.16
43861.12
12267.20
14847.66
39402.56
6697.15
45237.28
38082.00
43252.74
79842.66
5000.28
48411.87
59426.56
23600.78
66069.60
47526.30
11996.72
38705.76
38808.84
55115.52
55989.15
41259.68
11968.60
6182.56
25162.56
71272.46
17495.04
43077.25
16145.36
45263.28
21277.49
44599.05
8487.27
52780.87
47454.12
61636.27
7027.40
50194.28
74261.88
14175.10
40196.10
25218.54
20728.68
48516.03
16066.05
63676.47
9742.32
3968.32
71628.86
16866.54
52074.60
30599.48
53115.44
34854.08
82346.40
91922.04
80472.48
19844.00
3811.08
39497.76
9484.90
46348.50
10334.16
19006.02
66009.30
34055.91
34350.10
16157.28
38822.85
50868.37
10581.20
23054.36
27990.60
35066.16
27522.16
12964.77
13542.32
41118.50
7232.65
31988.32
32464.50
5991.45
11796.96
15276.52
12373.12
41212.02
23490.27
11112.00
22044.00
42857.36
65638.08
45236.84
49589.32
23398.41
11067.76
1269.36
54384.88
16986.00
63547.62
59773.00
3311.50
52175.60
17409.48
45559.20
45239.28
20992.50
78213.13
9775.43
41201.42
49909.71
27600.30
16506.18
42579.56
74174.32
60447.58
22825.20
66462.52
40722.72
32704.38
7568.32
76490.55
15612.94
49068.80
45892.21
31262.76
54532.38
35475.70
13925.08
84319.69
20980.26
1778.86
1754.84
47571.20
15328.80
25531.04
45745.92
3431.60
6486.95
49236.16
51083.70
10867.60
59919.64
51304.94
15556.68
78446.72
48232.36
60740.68
24806.60
83703.84
17946.11
78022.35
91481.04
48423.04
27629.75
21306.78
15086.00
49758.49
43381.47
35629.92
37434.69
13261.43
5766.36
69297.93
84222.32
64592.02
61383.78
79591.60
58640.01
55597.41
23242.89
53708.78
31113.00
38766.00
51960.30
66950.84
25190.82
37120.40
3733.90
24475.45
37489.75
58188.42
33900.72
22549.14
6631.20
23632.70
24864.84
46551.96
27194.73
67246.56
57381.39
56907.84
43649.19
5861.30
22493.85
25142.88
55207.28
32825.70
62542.13
45746.40
23554.76
22461.66
26109.93
34813.26
16462.68
18401.50
44903.32
27883.64
52006.50
60615.00
21389.04
53028.58
35468.40
7408.16
28264.02
29967.36
10475.04
14395.30
25091.40
11749.76
63138.60
52219.80
11652.72
51606.72
32435.83
34537.20
71085.15
10230.22
52934.70
36964.25
47006.70
17280.48
57223.32
71370.95
37707.07
56829.85
11900.56
56794.04
14379.68
85229.55
65601.23
35412.75
10525.20
22728.32
7723.15
54841.92
16697.76
16107.00
42465.30
28501.50
56789.70
2891.06
59661.42
9810.43
42994.53
14520.90
29047.46
10505.04
56003.40
71283.44
85104.67
58530.51
62085.10
10749.41
31832.06
60694.86
41119.68
6657.28
8682.31
18879.80
43855.36
34588.62
57586.23
63487.20
53336.61
17223.60
33516.72
10602.20
49299.84
11279.82
35410.85
61378.35
42763.57
76520.85
3793.98
54382.81
60984.40
62926.15
32812.04
8352.96
4708.98
86058.24
27429.75
36562.64
2937.12
12593.50
46150.50
19460.85
25452.00
11582.50
27217.96
6647.04
1643.73
36608.64
34162.45
71702.44
39563.37
1337.43
40920.88
60832.08
15072.84
29011.05
60553.86
15844.34
19606.86
10553.10
48703.50
46655.31
17988.38
30635.02
46089.60
28488.09
9992.64
3507.68
60300.24
22995.70
44873.43
19214.58
58670.48
1369.46
28831.00
61664.75
28188.02
18722.34
79572.00
28378.02
56640.27
25603.83
24896.25
31008.25
12721.80
3816.20
14588.86
57381.39
28212.03
29569.14
88593.00
45122.35
67060.98
74334.24
67373.67
