43851.94
73381.91
1413.51
19992.84
14631.36
62418.72
46406.88
59744.27
75703.58
34721.41
76118.04
40633.50
31309.88
22038.63
71629.24
39498.24
41834.40
3233.42
80580.28
35264.76
36831.96
39481.26
32572.54
18485.74
1456.55
36461.88
7515.84
11165.70
19025.40
69733.80
25511.85
57496.04
38300.73
59283.45
11996.72
71426.00
49789.39
1689.78
12201.20
1872.96
46786.14
26003.54
51703.23
19677.42
47199.50
21422.31
12685.44
81850.95
25567.40
5137.52
13910.64
51211.37
26657.40
15793.12
28580.75
23514.75
35269.44
51558.76
79560.66
89344.00
24705.00
29555.46
38667.54
60287.04
48273.68
34501.44
24727.18
11472.48
62353.28
41191.74
76220.37
38155.14
23945.99
16262.70
34308.33
3779.96
30789.99
4501.77
32109.25
29081.78
51935.52
55610.00
61738.98
5405.76
94299.00
26032.16
60277.58
4925.40
40732.20
40490.52
27208.50
18741.80
16257.76
54453.60
47265.17
37860.61
4576.83
83388.20
88292.50
38722.40
53003.44
17665.21
32940.00
60179.84
20350.26
42745.85
9550.50
31735.66
13398.70
45525.36
32704.38
65053.88
21953.40
58467.94
22680.96
5303.58
30833.32
31978.08
58763.50
5145.52
3145.32
40085.09
8593.28
66715.65
33623.10
89565.60
19911.30
36831.12
50335.01
69022.32
6763.32
24197.25
48165.15
30483.00
26572.56
54108.28
9009.45
75759.20
52039.44
49590.39
22750.00
42765.60
51539.95
2582.78
40653.40
16657.81
54228.72
76079.36
53624.88
16983.20
44146.76
44445.98
50370.18
8829.45
88941.60
60785.12
51897.40
10456.98
12749.44
14802.57
15208.02
35389.44
79940.18
15451.80
44488.84
16229.40
50886.00
33341.96
45949.32
1069.16
66810.97
14295.20
20811.89
12267.31
2716.88
68111.28
9820.70
40765.72
66954.84
27029.25
74718.00
73928.50
41414.10
51802.74
61337.32
53355.12
66887.52
30426.76
23512.96
18956.70
29335.46
52044.90
22839.05
33661.08
53561.99
35523.40
51039.12
71210.86
52607.50
68977.04
31977.88
4236.60
36651.60
21264.49
6450.80
38582.18
11388.48
25812.15
41310.79
52367.87
30634.56
68552.00
34136.89
67030.56
55087.50
7850.40
3678.96
2811.00
16352.19
10890.88
60552.69
69398.79
5951.40
1497.59
29823.86
42595.02
39752.94
65003.64
24618.08
63787.60
12276.96
67523.72
22624.40
33315.62
11404.16
37189.50
42795.98
11225.83
87041.18
73590.49
28631.00
44393.88
4444.74
26193.93
59077.53
50791.20
58589.76
30110.67
62652.12
34981.76
61663.36
63247.08
4853.13
14463.68
19845.93
47775.66
13054.00
11835.46
23059.08
75630.00
7700.22
40299.66
71251.03
22058.27
52690.10
58473.54
65635.03
55498.68
64428.00
18202.95
39116.05
35678.61
70874.80
6010.36
60365.00
62983.62
54245.76
46453.68
23306.64
7287.75
4184.52
16992.72
41894.25
6416.90
72412.80
52871.00
73479.91
43832.25
47477.98
35557.20
59426.64
63246.24
22158.15
32573.09
50077.65
36294.28
31023.60
47341.84
18356.36
3631.82
3271.44
51811.10
5498.76
10903.55
28248.03
58010.04
46225.53
44567.40
55014.96
40498.40
36817.56
59246.64
80935.26
36989.25
1152.24
2704.90
3555.81
61156.44
49056.57
17170.56
56114.57
70375.00
12523.32
34105.40
19803.14
37623.84
22488.12
16367.70
54771.75
2568.74
71743.24
16888.20
29195.28
12038.67
74382.72
29411.20
28379.70
45632.16
70039.71
24670.95
40299.20
6310.68
66096.81
45575.76
11394.04
55929.20
34029.45
65580.78
1834.02
30704.40
44446.50
13983.12
55098.40
51382.40
66761.10
15108.93
49719.20
3354.63
67021.50
11924.64
58132.62
76772.52
50237.64
82603.22
19264.91
17824.20
29271.97
85890.00
3349.52
65770.50
58062.50
33143.96
22248.48
15186.10
36327.36
23082.66
52983.68
57841.65
19332.91
20445.48
42913.36
69016.50
65770.50
36410.96
81445.92
33828.63
36830.88
51521.76
45828.60
77894.32
47465.17
12278.20
48180.17
75736.36
56802.48
8254.89
36743.96
7257.70
40361.70
19068.00
47241.09
44188.36
20920.50
70262.63
40435.92
54195.05
56649.45
56514.50
11207.76
48247.65
27041.73
28094.40
32374.32
70184.25
38428.32
46892.32
60352.80
34118.91
3537.72
43759.17
23785.56
11817.00
14607.60
4600.89
40831.89
50649.20
12185.81
70003.80
8068.50
58575.88
33272.64
12584.78
49779.82
11908.64
44086.32
22753.31
49590.39
19424.58
26860.32
46274.88
47720.75
13110.72
31497.25
29247.24
34309.40
25657.50
48856.92
46628.40
33683.76
35262.42
19621.12
1946.12
13944.90
6512.00
57411.05
60633.01
1286.38
53208.00
31449.88
37894.23
12858.51
24707.90
24153.35
10131.11
20466.04
88316.64
25872.28
30599.35
37910.34
68492.60
989.08
46521.95
44898.36
45178.49
47581.17
21137.23
37948.23
86893.08
78188.81
26912.82
27298.65
16657.50
71324.86
19598.80
15955.03
8268.75
33035.70
63066.80
76728.52
65541.60
31984.25
8310.96
10728.34
35895.24
2945.12
78006.28
17568.50
70766.82
41361.32
32814.98
36764.00
46645.83
30657.06
51144.60
71272.95
2200.40
57777.72
49304.00
25247.00
46599.78
16589.76
55432.41
13951.96
47004.32
6631.14
22904.05
36023.81
16225.76
43813.44
13018.86
31421.88
78383.00
66079.30
26347.84
54266.52
3922.20
65300.23
23623.76
25282.60
20558.56
9550.50
43669.99
37319.20
48255.48
22684.40
71795.60
13460.31
51514.25
10461.40
7027.50
41624.24
25755.84
56759.85
68222.85
61015.50
37230.06
46069.53
47057.92
25705.08
85879.70
54892.14
45414.45
18345.60
11832.70
24370.65
78706.74
15436.56
14920.95
32248.83
47902.50
79843.13
30570.21
47090.82
67121.10
32770.76
3940.32
34524.72
12793.70
66836.30
75451.20
75775.68
21863.14
20197.76
70408.52
3979.26
39067.35
54547.22
59199.36
55429.78
55823.04
20431.58
33919.89
15907.22
34590.92
14185.34
39904.86
30199.86
2410.60
77093.84
73619.70
32924.96
44297.10
35622.72
62270.91
72396.00
48678.03
54153.96
48436.70
35890.62
11980.98
40108.09
37551.60
48219.75
53576.10
18199.65
57101.64
48646.26
51587.23
31057.60
12558.65
26803.39
12950.04
63486.50
4276.64
37870.30
14676.48
36759.60
1120.21
66678.84
13526.24
40039.09
33271.84
45025.44
25576.88
10651.44
51015.37
16313.40
50081.13
31618.16
48759.84
43165.64
11183.70
5654.04
51535.35
29225.24
31060.12
24441.92
81772.01
30599.48
54910.80
6777.20
75286.12
9069.55
12276.95
38605.23
45715.88
8682.31
21551.04
10701.60
39667.00
5285.58
7722.40
11793.60
56604.96
64188.00
40891.20
53408.52
20436.75
42057.00
24325.65
24846.60
40633.50
46744.32
34188.24
29056.59
38808.42
56026.74
9502.08
1565.66
35714.88
77080.96
10162.98
10819.41
28574.08
3643.82
22007.52
34261.75
76792.84
41250.10
1765.86
43353.63
52773.04
23881.62
10314.99
62632.01
34662.00
18019.35
40794.96
69193.35
54315.84
33084.36
20037.12
42450.98
45550.50
64267.37
14641.05
7862.40
14823.52
56555.10
46326.60
1530.62
70184.25
59410.90
24073.44
16303.85
33224.42
12629.36
1341.43
22952.32
65340.88
41834.70
1829.92
51714.60
85049.28
13910.76
53780.76
17981.18
14968.24
23200.50
4582.86
12748.59
48423.04
14102.80
11898.53
16998.12
65989.60
2913.18
8000.58
44182.25
42424.62
23695.38
88412.64
5600.88
1176.26
6318.68
50361.12
25542.81
59174.64
11991.78
48719.48
8445.00
32805.38
65997.70
59020.73
1512.60
39269.72
36086.16
71052.98
42433.62
11652.32
32795.04
43966.80
60435.72
18873.91
22661.94
14214.96
10607.16
36340.37
38962.35
12283.20
28682.40
51297.25
38964.51
36921.42
13819.85
15499.64
48492.00
27110.43
45640.14
42704.53
48607.65
69650.96
21143.10
51359.25
31974.81
24786.60
68272.00
22664.16
28274.36
30668.40
20866.89
34837.50
26548.40
3263.44
35587.75
3336.60
49006.48
4621.00
45078.64
38699.82
83142.22
36997.78
23416.99
58044.80
20327.45
29631.40
39072.17
82887.30
48243.20
17920.11
48464.92
78815.56
27228.80
8757.30
52082.12
7357.98
4781.12
7539.88
78600.56
8577.12
41589.80
53844.78
6529.08
15516.40
39113.14
15847.65
38320.48
26636.00
51013.48
45326.79
39188.55
70224.80
25927.16
30668.89
45887.61
36516.64
35137.50
24806.67
7435.80
62949.16
29027.02
47630.40
39274.24
8334.18
32578.20
8676.45
25651.35
45649.67
37063.26
1359.45
50363.82
50933.76
76455.84
62139.60
16953.30
32885.25
37461.48
13755.95
46323.64
72523.26
77938.08
55331.22
88893.12
44195.58
11730.32
52591.77
28712.32
22656.79
5772.30
34943.51
41497.58
44444.40
40085.09
5135.60
2536.72
34356.30
20539.47
55769.85
41251.44
17568.90
48126.03
10097.71
68892.15
47531.20
41020.79
65776.03
6170.52
23818.83
16429.38
5666.04
29696.64
51285.46
47855.06
37018.80
25097.14
36438.74
37890.25
41485.20
19241.00
57472.14
38392.56
41852.20
15025.90
24138.18
39983.79
5952.48
69854.89
56508.10
6190.56
56820.52
17538.50
7217.84
40468.23
61336.75
12641.30
26929.25
2034.22
62273.52
65732.76
56380.28
45900.00
16137.00
65757.92
72746.54
68743.67
14595.72
85972.16
29474.94
17035.53
86232.65
8523.36
42715.90
20829.84
49110.57
17218.72
64741.09
68634.15
65472.23
58620.38
36600.00
49235.84
62995.20
11796.56
35359.99
43517.84
44783.04
29519.16
20896.89
29251.80
60040.27
81140.14
40602.90
81278.75
1617.71
23582.00
56689.85
7856.56
24745.41
11339.88
34840.26
3793.05
2898.18
2678.86
39006.16
27408.26
25983.72
55660.50
17017.90
22222.20
16161.60
67434.34
11364.43
32660.00
57744.05
7968.45
27068.48
5285.64
45897.67
19809.42
48358.70
59048.45
21719.20
40042.88
18720.23
27229.50
45472.75
51374.80
43876.56
39683.20
63907.26
45098.28
54435.76
34241.40
38647.00
39245.58
40186.64
49990.49
25602.75
53095.80
65159.46
1587.67
15172.02
36360.74
21561.54
64528.20
52363.44
2042.24
13316.13
9169.92
33122.98
