24710.62
60929.28
4985.32
50056.01
14425.30
28674.80
25186.69
89229.60
11107.84
21746.01
12363.30
61256.13
6178.52
4054.35
63283.20
48632.80
54706.52
77443.31
25875.54
35059.44
14211.24
44194.54
45008.80
80078.13
60902.22
41293.34
52118.72
41388.16
32154.00
60651.36
43021.76
17295.46
52495.20
1093.18
48510.04
45950.50
45056.25
84735.83
41553.00
62394.36
37624.31
39350.16
33485.75
3089.26
17698.60
15712.56
29936.48
32362.02
30813.21
66373.93
81013.44
32794.80
50707.63
68231.52
36699.30
63999.76
79233.50
7419.80
5606.88
16369.76
73821.02
5996.45
22843.70
21274.44
12844.51
44451.38
60543.70
27485.90
81185.50
78629.81
85097.24
52559.33
1609.70
13777.12
16150.68
36174.27
7355.68
32004.27
38957.17
38336.81
10589.16
24786.27
18687.76
66430.00
3087.36
47406.88
50580.18
75103.68
9189.65
62370.44
61705.78
33635.60
67216.68
62036.52
12802.59
39626.56
4256.64
44424.16
36040.00
56805.45
55510.00
55818.20
21698.29
65484.58
13253.04
33609.27
17898.80
75980.50
50363.10
35515.80
5940.48
24201.50
57534.45
63129.69
60709.35
25815.72
30524.56
14015.26
54619.11
37066.12
38937.08
49622.30
29513.55
60684.36
87841.12
43228.88
34092.24
37805.79
1428.52
76690.84
43647.60
17165.33
9616.14
43745.77
45501.72
31373.20
42186.21
26528.40
30308.79
23041.20
38315.50
4721.08
67310.80
54410.72
54777.60
30036.45
18776.52
34084.68
18514.95
28247.74
16133.68
23657.12
31702.22
29975.73
1130.22
9079.50
6326.68
81205.44
47442.24
58403.07
38415.75
36040.00
57552.49
32097.36
4950.40
11924.64
50741.79
27379.75
33615.65
12402.52
85481.76
33796.80
74278.00
26506.00
2851.04
7331.72
47574.75
20549.92
41150.85
5646.00
57861.60
44559.06
2574.74
25497.18
19208.41
50364.18
20469.60
30030.00
22328.70
38994.12
30303.68
28232.92
49402.20
56175.20
23209.20
67066.20
49031.77
46067.78
37360.80
39517.43
75380.00
4900.35
1756.85
9264.75
67875.76
37455.60
41537.10
14126.94
38120.60
22760.16
29423.94
37011.26
11568.60
49745.70
14543.28
71175.60
42947.08
10945.88
49686.05
53368.32
29832.00
45454.50
38299.77
37474.80
58009.05
67722.00
40757.69
9220.10
31534.20
9104.55
64766.47
46454.04
43246.80
11830.00
13020.28
47077.84
58966.16
19221.41
56776.72
64361.66
36824.90
31978.98
32754.40
19205.55
6895.44
36608.64
27199.04
25547.20
39784.78
33068.07
44656.43
42476.72
36219.00
72516.00
19996.59
21223.00
75880.50
69722.40
61558.75
68273.00
26616.52
55855.20
14595.39
34260.34
75679.68
2230.40
5721.15
65084.80
29740.20
59282.65
86134.65
12903.80
39977.46
62722.44
37681.20
2510.70
52483.42
15111.84
27991.92
63529.20
43141.80
80296.04
8379.18
55566.69
35875.84
8931.48
59631.84
56882.83
12908.14
42226.16
8233.89
37101.73
46280.60
47864.44
34061.50
14678.73
30070.62
71979.60
35570.88
21998.25
31759.29
58248.07
5222.49
30062.24
80821.44
3421.60
53549.62
18625.88
22178.20
55036.80
60111.36
58483.98
34423.62
50377.88
71661.44
66373.93
21187.78
32638.84
9667.53
9760.32
65633.19
54477.30
40699.40
35620.99
13706.98
3961.23
43655.84
35800.80
35548.24
20133.12
19611.80
7571.92
49342.08
11716.48
27450.30
12517.20
76814.64
15446.40
60565.00
78274.56
39750.84
76532.50
6050.44
50679.72
31489.02
9682.20
39083.58
35237.50
44567.10
56519.63
52331.17
69633.20
46485.78
36295.36
15768.83
39669.92
13154.28
53371.00
20184.32
28124.55
12301.04
65855.19
20938.89
32544.09
11947.60
27597.12
19767.42
37020.06
41689.56
54283.76
37419.27
53872.73
26470.08
60188.64
51756.35
60188.64
50407.18
72351.62
40660.55
57579.72
9159.72
53816.70
22812.92
59283.45
53005.50
9730.53
2010.18
29151.60
16977.80
47094.54
40952.94
54281.05
16958.20
41305.68
2132.32
3183.48
24642.18
3901.17
31353.00
61785.20
39795.80
53018.55
1458.55
60433.17
18932.04
51204.45
85695.70
17425.08
18119.00
36558.40
38922.48
50709.44
24750.04
48543.84
45635.68
56435.27
33155.70
54243.09
50094.00
36855.26
28857.61
1711.80
47477.98
44869.05
27690.60
3431.60
18463.56
11144.21
39481.26
23509.27
25478.74
55190.22
57845.90
76643.84
49333.24
32515.83
37865.00
25091.30
18484.95
35412.75
1216.30
63562.95
26604.16
75078.40
33855.80
38574.54
15356.30
51625.80
36074.22
31673.22
26390.00
14944.32
80235.00
6146.60
8033.50
3594.87
9274.70
37891.92
91391.52
50441.72
17352.90
90545.00
43492.77
37241.16
1384.47
42153.21
54463.50
39578.00
50203.38
36800.40
28405.50
35892.22
38340.75
18625.88
49492.48
71939.14
12344.31
81310.50
66808.56
86523.71
40386.72
24021.34
39081.92
3681.86
69392.80
83653.89
8396.94
57173.16
30665.32
28720.40
31453.20
35570.07
55978.80
36963.78
12054.87
72106.02
51638.72
50596.92
19052.04
71926.50
46692.88
1769.86
1223.32
32306.03
28651.20
33082.56
51564.30
38936.92
44087.41
23425.02
47670.06
46779.04
46109.35
29255.72
47751.75
51270.45
49817.68
46147.92
64522.08
45258.85
37792.30
55331.22
67829.76
26384.38
38826.92
61065.50
75680.00
49985.28
18754.52
63752.68
24590.68
6822.30
26956.56
16150.29
10286.92
6687.04
27353.70
17538.90
37946.30
11632.25
48099.15
46068.90
62345.60
4855.30
16019.22
44738.38
5436.00
38850.12
20163.78
31535.25
43973.81
16983.30
42886.80
51895.60
56479.21
89614.08
4480.74
10150.68
73652.85
47738.60
53848.96
10032.00
43840.17
13582.24
46999.04
26434.89
45322.50
33588.72
49934.18
33961.11
49411.36
15655.77
30039.90
32334.20
64284.54
33981.89
7339.68
50687.07
23541.70
64122.98
10274.22
52680.58
51174.36
41535.45
59231.04
36839.25
11176.83
45154.64
31110.75
8317.96
34791.75
43807.40
6126.52
57732.84
17106.56
53198.10
26318.38
41263.80
40157.09
23600.76
30337.11
45618.36
49192.65
1524.61
53517.31
16352.70
49845.49
37835.82
7611.96
11189.76
77529.48
11057.58
54883.91
35037.52
4615.05
59514.00
17308.20
52543.04
19705.47
24543.74
60964.68
39882.56
35056.53
56374.50
52240.32
44567.60
62591.62
62887.05
31847.22
18829.80
49813.38
53216.10
32200.35
36898.44
82718.68
19893.00
50138.20
26543.86
29024.78
45781.43
30736.49
8051.68
55751.28
19325.41
15716.60
43883.58
5121.48
43531.80
20558.56
10299.04
24403.84
6061.55
5522.79
71663.68
88970.06
4765.25
53913.24
51115.20
34036.25
10274.96
60600.86
68231.60
41827.92
26940.32
48637.48
66417.92
32066.32
46810.83
37115.52
17868.11
15004.20
61003.01
55114.46
39291.50
75139.20
34070.40
4754.04
25146.72
12901.60
9439.08
62274.72
63130.62
54276.04
36053.01
26833.20
52002.35
18154.37
28269.60
8370.18
45272.20
44245.71
48188.43
16770.71
4492.84
15016.35
48707.17
17281.08
81786.50
17009.82
7395.76
42796.80
68929.52
34114.37
5185.65
18175.72
19595.85
59706.92
56700.40
53300.44
36471.60
39355.36
84123.69
12601.80
58671.36
29934.45
68002.92
56579.40
40299.20
14768.16
49425.74
14227.18
58456.35
76805.55
36228.06
1071.16
4949.22
4123.41
81699.57
43854.99
68132.16
34984.95
39993.09
13822.56
9158.80
58069.35
43816.50
18361.98
72194.85
42727.33
28050.90
86036.65
31983.66
13670.76
3599.78
66569.65
34161.12
25476.03
6793.32
33530.49
8547.12
6823.16
61724.52
53543.81
32530.80
36086.16
47603.82
72035.60
67511.20
23353.44
31581.66
31353.20
19152.00
23054.36
65041.80
41029.24
44377.12
51966.13
66421.00
8585.28
64520.47
39600.94
1216.31
60003.90
10202.85
6667.10
20037.60
64677.90
12545.78
5261.55
14107.34
27043.35
29911.92
43794.56
21363.32
58694.58
9775.43
66320.50
45403.85
17298.90
7778.40
34696.60
82759.95
22310.80
16613.64
34164.72
1160.25
69819.96
47600.40
10595.43
82014.73
27529.48
6852.30
8112.80
8681.36
6932.35
57223.32
44357.60
49276.92
79757.58
30223.68
50475.38
44298.54
5173.52
27841.41
73539.74
16085.29
41539.94
18375.50
89133.12
2374.54
4800.25
21854.56
78826.30
42297.95
27284.44
52994.10
13766.88
3243.51
58706.28
46846.45
74821.72
9049.50
24245.22
24846.35
16840.07
44166.16
39914.88
39905.70
14015.26
31964.72
55707.69
5215.70
12704.30
17983.08
42645.30
34990.08
26228.50
15766.60
16198.27
12253.32
18543.58
12051.26
11036.69
69727.32
56579.40
29747.35
41775.24
5730.08
78433.81
44271.75
28058.42
978.07
48331.34
32574.40
42269.50
49714.70
56088.26
90695.50
64255.32
44762.52
40390.84
36774.68
30172.00
58309.56
35713.00
38357.23
33895.80
25962.93
28853.59
38276.26
45077.70
26786.22
13292.93
20418.58
46603.06
53144.70
2821.00
44532.60
79848.85
33950.72
42997.24
21289.78
92947.50
1712.80
33908.54
43921.25
63087.16
45640.29
63793.51
66379.92
19663.93
41877.78
20860.97
57784.23
35977.10
20457.58
9379.17
10467.20
21158.56
69625.50
29106.50
50869.76
57078.18
53858.50
58031.20
40910.52
2811.00
54807.60
51384.30
15901.74
48045.68
66715.65
28044.74
40223.40
70031.34
12901.60
34476.33
63822.96
44819.32
39906.90
22163.28
23199.45
68707.15
6943.50
42736.98
74338.49
35281.40
10799.34
10563.28
7708.20
22712.16
72301.05
76017.98
16052.40
1603.70
56571.52
58667.21
7427.90
24376.50
4020.40
42329.26
35927.01
41921.28
32337.03
61545.20
47523.60
37875.95
31714.20
12949.04
58862.30
7442.12
39923.60
39033.64
7312.75
3816.16
57495.57
38730.12
64628.40
3537.72
30679.49
26068.32
38877.44
27253.65
27580.96
40247.70
58961.21
32710.65
5113.48
18520.40
46493.30
33037.67
41627.70
1316.41
14903.60
16257.76
34953.52
87583.54
21911.75
21961.24
38471.40
56299.57
4710.15
67365.95
45632.84
9299.75
15427.50
33992.14
6270.84
42885.85
72653.28
