57792.86
21045.23
43687.20
3552.84
11451.24
54778.50
20854.40
75888.54
34026.72
47852.50
44137.44
28218.78
29991.80
51345.20
40057.70
43542.90
43990.08
54250.56
36178.48
55896.16
50988.60
5110.55
77453.88
24024.52
79133.50
29242.08
54417.00
13133.84
47003.69
32675.70
46588.88
29056.59
43261.15
27008.80
60072.90
44273.88
43193.47
8989.45
3113.30
43023.24
18609.58
43013.04
5691.15
38707.18
77166.00
72112.85
48264.48
49387.47
31513.40
28005.25
77653.84
44128.00
5922.28
10736.77
21646.68
4105.38
54155.75
85300.77
15055.76
27756.24
47707.06
72316.80
20362.20
5549.82
39162.80
9171.99
41891.37
11826.87
26716.16
12172.96
1442.53
27809.10
18700.89
36029.75
68994.66
16914.24
2438.62
32585.70
13830.85
2758.94
18191.46
50905.50
44128.00
40427.20
77696.70
1956.14
45274.50
50156.12
4099.38
27509.52
68202.45
35142.08
5113.44
54531.75
34897.52
38108.92
10587.36
66157.96
46961.92
76318.98
14744.84
21583.40
42837.12
6335.00
32710.00
34620.72
58186.04
29137.08
34224.68
79218.30
13368.30
32405.10
90500.06
38887.94
37314.06
44462.60
12445.56
41537.10
75601.13
35569.38
22647.94
49189.14
80051.58
20444.58
57521.68
12093.00
4513.77
20277.76
38901.47
35838.00
47480.10
36407.88
69922.32
32704.76
25280.82
61480.80
7477.98
3243.42
20952.26
76900.96
31461.12
58417.92
45171.75
4249.53
1906.99
44807.40
62856.30
49973.43
66986.10
52801.00
24070.50
49954.50
16157.55
2478.66
27693.26
17262.36
31806.32
58339.38
58013.51
18427.50
46498.75
58692.32
44904.72
26303.50
51218.73
53141.50
6829.38
17378.88
55660.69
29487.92
63267.50
45447.75
21169.99
51282.72
37781.07
57260.80
24358.40
52206.50
16503.00
60255.03
41228.85
13496.31
32632.38
18295.32
21797.56
54958.66
52744.24
21321.99
43101.08
31801.44
16505.37
4856.10
60255.03
15917.25
30363.00
79860.00
44217.60
37441.20
35648.40
41988.51
60018.00
2757.03
32091.84
71973.90
51421.44
7766.28
10339.04
40005.90
46850.04
35879.20
34111.83
31723.02
25006.80
61776.98
50328.88
16306.55
20338.34
21454.56
4970.40
52526.88
44867.25
12493.20
48553.00
26140.32
48882.44
89224.59
11099.97
3852.20
34407.10
21785.01
5085.44
969.06
56175.30
7538.10
33175.00
52219.86
12640.41
25451.85
78170.13
79418.25
44498.52
7408.16
20509.71
31405.22
53877.24
34422.52
14095.00
51732.23
23984.18
32586.84
48566.46
25677.36
34537.00
73198.86
14497.73
43557.60
36699.00
35514.08
38665.60
21891.24
15136.50
33524.12
39164.17
22242.38
46487.29
22389.36
5500.95
26236.32
62781.23
39246.48
5195.65
29907.90
16994.56
29136.60
42670.26
37402.95
15124.20
30272.20
40786.90
11518.54
46562.16
29620.50
35966.22
41099.45
1796.89
46480.17
57349.16
12466.09
53096.68
31326.75
28650.60
45781.21
48373.43
2494.68
84565.18
45048.24
30383.84
46576.74
17084.34
3471.75
63991.62
78650.80
8505.06
45787.56
40675.28
37564.75
51174.00
29041.80
79553.70
68823.50
56655.76
19803.42
35254.13
17409.37
48581.28
48114.88
40524.44
46513.50
67105.93
45137.52
3361.54
19917.00
53758.50
31073.92
38411.10
1588.68
23497.02
21191.10
68039.28
26221.44
42424.20
5147.40
43309.53
67710.81
11051.58
58318.48
28734.08
20756.78
19237.24
33347.52
55428.45
41860.46
18159.00
7998.45
22804.60
43725.50
41339.79
55595.83
3708.04
34862.74
21487.80
25481.82
52190.60
43966.36
18924.40
1043.13
40843.84
9414.85
17205.87
46639.20
38584.80
46725.28
20857.20
8281.04
3423.60
39641.58
62854.88
44248.00
7742.28
36702.60
35373.80
68202.45
13643.63
88793.00
14992.48
27388.80
44705.25
10763.28
38793.44
64896.40
51474.30
57706.65
8879.30
6594.21
11370.24
15748.56
32362.56
83559.84
77481.70
72655.05
3313.50
72596.93
44576.76
10937.52
8622.45
31962.32
47318.40
84515.69
23484.99
48007.68
13190.28
28784.80
42502.72
76896.00
18620.40
35894.34
63686.08
9748.53
40733.16
43426.80
37239.50
21733.01
48555.07
5261.55
38175.89
2318.50
21537.62
11765.00
48029.98
7487.90
1610.70
45191.79
5200.65
16172.55
90595.00
36778.60
20615.84
58595.79
43698.20
26003.54
44312.40
51824.56
12674.64
47810.40
11072.00
1825.92
27028.62
14447.40
1057.15
22539.66
1464.55
20745.84
55896.16
25491.60
67001.30
87169.54
41725.20
18584.06
94849.50
63041.16
47481.30
19866.84
28656.00
13467.41
30159.52
43726.72
5441.73
22770.31
7910.46
6354.72
61071.33
41535.70
16262.10
51948.87
2814.06
28734.08
77776.34
34273.44
48316.45
23432.96
11184.24
34615.74
4675.10
60796.08
45121.44
1503.59
5228.52
72596.93
25570.08
36045.10
27177.04
59989.08
50294.00
52174.12
86741.00
34837.00
25131.36
28250.20
12817.86
13204.10
65669.29
18755.10
47865.48
40218.66
45414.45
50542.92
22208.55
35076.80
30140.50
35978.70
60219.72
47436.17
52947.19
33083.28
17784.38
39617.00
71691.84
35697.60
12350.52
73823.40
44507.88
10204.80
58849.92
52211.08
4685.10
4177.47
30160.76
1220.31
11828.56
59063.50
23993.20
15346.20
22872.78
47135.40
54521.72
22838.48
8240.96
87606.12
5414.70
44959.05
5295.75
19232.28
14631.36
4969.36
30112.00
44564.85
44283.15
66291.81
40556.21
45105.32
52941.35
26709.29
12852.14
52471.77
37188.70
66955.59
11784.84
11232.21
21667.95
52585.50
17218.10
55538.90
62153.27
15336.20
26288.20
17944.35
72236.12
56128.80
32506.54
25782.37
11868.56
6126.48
81867.73
37504.04
21118.20
37095.36
38491.32
41683.92
57612.72
36348.78
23208.84
50228.64
35233.17
1894.08
63868.50
60354.36
62591.13
76580.55
52972.80
44742.36
30921.28
33237.27
82995.42
21827.92
43459.11
10328.99
14645.73
28058.52
3543.72
76544.64
10125.71
28951.80
6913.44
19791.15
41084.64
12234.31
12675.91
17386.46
57084.06
14583.72
23274.60
12893.51
65635.03
31685.41
63051.69
62120.24
32963.04
51259.25
30208.20
14577.39
18840.60
11386.43
25620.36
47735.82
19845.00
24826.24
31175.35
31506.16
78427.35
19043.57
76854.96
54069.96
61659.15
21715.29
15511.95
75049.20
19262.88
37364.50
41627.70
52156.50
71651.44
34273.91
27722.52
29071.20
5466.00
35003.48
53021.10
5399.67
4501.77
26714.60
23484.99
30853.30
16507.40
8640.24
28198.75
28663.40
18243.72
10462.06
34483.10
49836.36
17708.60
1275.37
26132.60
13959.00
22199.68
34071.06
76134.95
35919.84
37032.00
14718.86
33295.20
18489.40
5345.72
26627.12
11584.65
18990.30
28038.24
21975.24
37131.16
48444.90
69527.39
54228.72
11113.69
80785.50
28678.05
31063.64
31649.25
46389.35
4793.16
17373.46
61253.93
45868.43
35852.43
21162.40
65063.25
77938.08
27404.75
7563.00
78622.32
21575.04
53496.32
53112.15
17971.03
52284.90
61167.93
42220.50
82308.73
7271.64
45401.36
32349.27
52543.04
25296.98
47282.84
13258.30
26477.29
13101.84
82454.88
25949.06
40698.68
40468.92
10538.55
50774.79
40770.00
30899.00
31654.41
48786.03
43170.31
42580.98
2787.06
42845.25
36488.88
62859.21
24166.00
36272.28
1764.85
36075.39
54417.30
43221.36
1419.51
10329.33
52471.80
66417.05
59521.53
48749.22
5165.60
33551.28
48255.48
24235.50
44567.40
14491.40
36488.88
37715.00
13982.85
26971.98
1608.70
39532.63
11052.00
17789.98
48883.48
7321.86
87792.50
68952.40
3681.86
11396.16
31388.94
50138.55
4925.35
2903.10
46609.60
21498.68
11999.13
82661.85
80788.26
78525.72
68910.66
40209.70
11054.88
25579.04
52328.64
30989.47
24245.45
36481.90
73435.40
32488.83
64823.85
38963.34
30213.00
32851.28
12169.32
56448.21
37952.60
61259.10
4862.13
41819.00
75103.20
88123.12
43026.20
39817.80
13085.84
51979.87
58525.92
28702.08
4702.98
34332.48
80313.60
57234.84
33109.19
23294.44
22500.66
19915.14
35056.80
23985.80
52107.88
23997.22
44656.43
24520.95
3791.96
8348.88
52495.86
48705.68
20262.45
22439.52
35763.39
7405.92
17068.04
15104.64
37027.48
31266.93
44148.15
38666.00
58521.79
6783.16
30092.70
25277.50
48467.52
24470.10
23469.90
49778.43
37813.42
33426.30
75229.20
54265.28
6510.14
46755.36
8499.06
20884.61
9922.44
32326.27
9320.30
21627.54
1844.93
10861.70
65337.58
5120.40
5497.84
31207.22
5117.48
40171.70
62270.91
48940.92
42670.25
41443.47
9990.90
19721.60
39521.37
76898.64
25627.75
9025.76
40392.44
14525.50
41913.36
49786.30
63184.50
32920.86
19957.14
1306.40
42450.54
87041.18
57703.23
42040.51
61463.15
49529.74
18334.25
65364.30
46136.72
30671.55
21334.44
28092.83
71517.95
48152.50
8604.36
20701.67
73693.83
1588.68
35998.75
22753.31
65505.29
5926.32
18905.40
41383.68
57616.65
48371.20
29172.28
47534.76
32616.34
26908.20
60543.36
13918.64
9694.26
24511.76
8661.24
67591.20
33003.36
50614.00
5249.64
65021.46
16774.94
12739.37
30736.49
15676.68
53981.12
62012.27
15016.08
79561.79
29291.24
11221.21
35345.80
6503.14
85274.10
23545.41
45551.76
66126.38
36447.96
45951.84
15304.51
41399.96
23008.18
28608.58
32920.86
70144.97
79598.70
9658.40
35272.70
8253.09
26277.75
30843.60
11202.10
70525.00
48429.15
56159.40
26722.44
33761.86
35572.72
71835.90
73908.83
25029.54
2472.66
13170.30
39202.80
34982.70
27841.41
51299.66
15799.03
37879.60
47552.00
29353.86
30956.58
14316.21
21149.10
65262.45
44021.88
11808.96
38886.12
31336.35
44311.96
47155.52
64925.25
27890.52
22349.13
38281.28
13664.50
1478.57
39246.48
6181.60
44590.00
23993.44
54027.05
13141.84
78538.32
43353.19
53300.52
85241.76
31001.60
24745.60
14842.10
7522.95
64399.68
47349.50
21759.56
39786.56
4805.16
72531.11
14975.80
14455.20
86821.14
50424.74
12397.12
50144.64
8598.24
47826.56
