11996.60
35878.85
18279.14
33185.70
26577.90
79334.00
49497.58
51309.37
57912.50
60880.68
17998.24
86846.62
28624.09
73787.85
36215.10
3453.72
3365.54
35654.08
9720.60
55556.28
35110.53
28828.43
68399.76
16121.16
7102.55
25748.20
12084.88
36489.00
12765.52
14788.73
47668.46
5333.72
4989.36
39786.39
15812.25
41130.45
19220.64
39522.30
66310.38
31233.54
48626.04
18609.58
52166.25
53408.94
52514.28
70766.39
28275.03
61094.26
52667.16
50193.78
61156.44
56460.63
4635.05
59868.90
44668.76
10050.90
55815.30
69395.14
7037.45
34694.92
63860.16
56059.50
38296.65
35942.06
55206.48
22734.79
54763.80
24812.46
21095.36
14235.20
41064.10
76177.36
33179.28
24289.92
47900.46
5085.55
28441.20
61629.75
34818.11
14653.86
13076.28
50814.90
11572.32
21478.56
9049.76
30489.30
6643.28
47048.82
86394.72
62171.34
29973.90
35598.36
52791.68
61662.98
62543.91
39558.92
8534.00
57151.68
49519.47
25915.36
15577.77
66900.52
5000.45
62940.78
19581.40
47569.95
7648.10
18011.11
42802.62
29568.32
34246.30
13181.92
35581.92
78514.13
51272.73
13508.69
36819.60
33443.52
36143.86
26180.56
16698.00
36363.50
41167.24
26719.56
49148.10
41826.20
68140.16
22617.31
36520.00
8135.75
56337.06
46459.35
50573.88
61544.80
18500.00
27004.32
14190.60
37140.25
76549.84
28658.09
55834.56
5566.00
31984.25
6161.60
3483.75
35287.75
33362.28
23467.99
36242.22
43376.55
51530.40
43307.04
41589.00
34522.62
45519.88
7783.20
18868.52
31405.35
38667.23
28561.50
2038.22
23359.44
49177.62
32685.00
24519.04
5982.36
69373.35
19081.00
14849.12
36079.10
66218.38
25352.60
77976.90
68428.68
78040.70
50280.78
32867.52
15424.56
18334.25
38948.58
31842.88
21076.88
65190.58
3401.58
58859.98
61228.44
37966.44
53521.98
15520.68
56093.07
54112.55
63318.60
37615.00
43621.90
63547.62
3880.17
81045.10
78032.50
55048.95
34686.75
21187.10
11958.98
38921.31
6799.38
52723.44
48384.70
75796.04
23071.89
20813.27
77302.31
39526.46
76532.96
47145.59
83277.42
10991.52
38257.48
5005.36
46603.06
49012.02
4180.52
32319.00
60479.50
82887.50
1508.60
44598.60
1525.62
74328.90
41119.40
38265.50
40587.52
10517.04
7035.63
16837.80
31225.60
5521.88
53067.68
13731.74
51854.95
42765.76
45116.26
36614.55
13482.69
18334.65
12397.23
16001.44
65397.60
67346.10
14807.52
38420.25
57999.76
62557.62
54909.50
70430.36
23370.53
69508.80
54040.35
21949.56
16301.40
11722.70
17995.18
43313.82
4291.56
25087.00
30723.48
3832.11
29263.64
45374.85
18550.06
34581.74
25403.82
8500.17
58484.79
72756.82
41676.48
52330.88
53916.33
28981.43
46490.00
57149.70
73904.61
41865.78
52219.44
41667.36
80150.28
17743.04
1236.33
14343.12
39197.60
9447.96
19844.00
25745.72
54531.75
18500.40
14727.84
28710.96
13462.16
38087.14
70139.25
26284.32
1544.63
33665.34
29775.68
14559.72
29307.72
53827.38
2442.64
15436.30
57421.92
10757.28
52755.49
58526.58
20067.32
44039.58
78333.00
43822.72
11568.72
51715.35
49773.68
1749.84
45543.68
3240.51
7551.92
79193.25
73837.20
2022.20
24203.48
33048.36
20769.98
28943.20
8579.00
38703.08
49154.04
36438.75
10414.92
47083.68
20523.23
41460.33
47290.88
65601.66
60128.55
38957.17
3127.32
25316.70
17808.70
58274.04
3760.05
11155.92
29431.44
5922.28
59761.08
13442.22
21754.80
24205.50
66070.50
31630.44
41384.85
33156.36
85791.16
59895.39
8318.88
37699.04
44897.70
29645.28
17108.91
32616.00
8415.18
35875.10
63091.68
7132.60
24055.74
69821.79
17101.04
8609.05
27202.87
52732.33
54657.75
71666.86
52280.64
55603.80
65048.04
65253.60
43927.60
43101.50
13201.86
1478.57
18752.80
23628.78
21062.80
48572.00
44948.52
9847.62
18549.40
36921.42
38281.11
2000.18
40490.10
9852.50
51282.72
23913.44
83788.00
24571.04
47002.41
22199.38
37540.50
29461.14
26109.72
34176.90
21275.10
36921.15
19832.93
43293.60
28787.20
19620.86
40471.56
20325.92
59597.65
67375.44
41658.24
29024.00
34605.41
64152.20
923.02
83988.50
42920.25
23621.16
59714.50
51805.66
52416.32
26348.84
59225.53
26097.45
10091.00
59814.00
53943.54
3613.80
53227.72
52320.87
77039.42
22500.79
21693.88
13244.20
15178.52
28489.31
23208.50
26757.12
44254.30
2857.04
72617.54
65779.56
5826.16
70674.00
65151.45
20366.45
18335.95
31753.40
61259.33
23147.08
38781.34
47263.22
37791.82
87307.68
39348.40
41643.94
39822.12
84314.78
21004.10
3429.60
36240.41
32163.20
54577.13
46673.29
48216.48
16307.70
3381.56
74019.40
47130.40
73821.02
14847.66
6727.26
46609.50
34309.80
51394.40
25203.60
46425.29
7967.61
46711.83
58196.25
19554.08
22171.52
13310.08
60476.68
14805.70
30132.76
46146.62
61400.26
10141.00
59007.36
18708.69
7032.50
5796.25
34428.48
36739.56
4739.01
4396.68
15296.80
37870.50
33456.30
73815.74
18329.30
24218.35
7307.75
36489.15
40183.28
9100.00
69948.06
79811.60
42766.40
17404.00
44640.96
14343.48
3361.54
54693.42
50839.20
54007.31
59677.55
21001.89
1567.66
28034.40
82938.68
57564.16
19981.80
19124.64
69481.44
31323.39
6643.28
42521.88
17328.75
35296.26
35412.00
9670.20
35083.18
12623.60
22259.80
82674.68
73748.22
29176.90
87355.68
45040.00
74911.68
25143.09
13194.86
17266.26
5021.28
82022.40
63766.85
9830.70
16241.42
26443.84
8774.20
61444.80
18031.76
25465.60
44559.10
43732.17
16361.40
23068.36
48122.44
41340.08
57526.20
10435.20
78446.72
26723.31
11357.88
11628.32
36294.28
58522.16
41885.60
37333.73
52947.44
8649.45
44416.88
25437.50
57320.55
21689.92
65870.50
43188.62
6461.90
59454.40
41388.54
38669.76
23533.20
14520.90
2904.18
27479.75
33609.58
10777.41
14175.36
26472.60
28244.70
45484.84
8676.45
19716.00
22691.88
76577.41
32743.10
5039.31
9901.57
56260.77
13947.00
8825.52
45489.20
62426.91
49963.20
35281.40
28179.00
14045.00
6194.56
48940.92
55765.80
91696.00
38105.02
35626.44
6877.35
55310.52
19381.20
40764.40
36985.26
53186.10
48471.30
34421.57
26993.40
74529.00
17018.82
44373.60
43651.17
33272.91
20921.89
23071.30
28065.03
5502.06
68243.76
53508.00
67311.20
8168.70
29695.32
10439.44
23710.96
38326.77
14095.00
42639.57
56572.52
61559.75
4543.83
24637.90
40472.90
55939.84
73234.42
17827.36
59508.90
31564.20
31619.15
16735.94
32209.98
67328.91
48771.33
16297.20
62803.65
61978.94
24130.22
88316.64
7619.96
38772.71
22095.15
21099.10
34390.29
46748.74
48531.20
50122.80
69198.98
18949.90
24386.20
34661.75
8054.58
5117.48
32759.10
25553.00
8924.35
56852.73
17188.00
19898.06
60799.68
59632.65
10221.10
9059.50
51181.94
4868.13
41543.75
14715.96
7840.56
46039.35
23815.20
6214.56
8805.36
41168.50
41365.20
53028.99
45037.22
12213.10
19824.84
8489.20
44997.25
27983.52
38197.11
35225.48
55390.68
9502.02
2727.00
14281.54
12325.04
49936.39
28230.24
8228.76
48514.07
68363.64
25732.08
4519.80
28782.96
8697.44
10198.98
22296.48
38927.00
40408.68
67697.37
7792.56
50326.65
32368.34
9316.08
9256.87
71134.80
55354.68
34522.62
43102.44
61945.10
17148.45
25452.75
47707.92
28435.02
29265.24
1659.75
50789.20
67526.55
69586.79
84689.00
72381.66
15298.11
45461.79
5231.49
27192.21
12622.41
22383.53
31864.50
28570.05
35766.36
67631.60
46322.88
78482.81
59451.70
23725.40
5854.20
27598.26
7668.15
61642.68
58476.60
16487.28
38826.92
84823.65
93295.51
12352.23
41130.00
4456.74
82790.88
15251.17
59429.37
32235.35
40005.90
3395.58
52255.60
47160.40
68321.76
70107.34
79767.60
32678.10
32550.54
17959.11
1298.39
52081.38
33845.70
16919.73
58301.12
36739.00
28950.96
63423.68
85904.55
18050.24
30335.13
5790.16
14217.03
2072.26
10991.79
24408.00
23535.99
34620.72
29880.48
48011.60
18533.06
44911.68
62072.01
56304.20
5089.44
51574.60
9982.50
18879.80
36921.42
3757.02
18920.16
12553.50
6071.50
72728.26
49733.82
31281.88
2893.08
23245.02
25013.30
68379.01
26142.16
15911.94
87259.68
38056.96
50741.44
24506.01
31008.00
29551.40
16429.49
61373.13
21052.35
10034.80
59342.79
10931.55
22052.94
47900.70
48212.03
87740.16
74334.72
41455.10
65428.78
76445.55
52609.86
51190.40
21275.10
1501.59
25632.88
38260.88
8328.80
55135.08
1259.35
73902.24
47439.48
4069.32
29432.40
49581.30
59595.80
38253.82
10048.56
26551.35
69414.93
32063.02
88701.12
50055.70
32752.65
36678.15
26878.20
15476.40
10371.30
13667.49
41203.68
15586.95
22362.12
41538.00
26667.22
67031.52
54121.04
26320.35
40292.32
15451.80
56592.48
48464.06
52732.33
6154.52
2436.62
37032.00
8805.36
54710.35
29996.12
57140.80
16577.92
37161.33
11183.83
31250.06
22264.00
44035.86
43561.77
83944.32
31702.06
21123.00
39746.28
41274.45
31196.97
9628.29
55450.45
20615.98
68223.00
10565.10
66079.30
64363.64
49322.91
40948.47
5762.12
24449.46
37353.69
31437.41
57119.57
29544.55
4965.32
7824.56
24659.46
24725.87
69023.50
59030.79
23769.12
13862.56
40120.29
15040.08
31317.22
65276.78
35569.59
23125.50
7722.33
35533.44
40950.00
10199.07
38104.56
16577.46
29434.86
27030.00
30001.20
13951.21
25676.28
19983.60
29723.98
55102.96
6776.42
44183.16
13118.16
22116.15
2632.82
57121.20
20662.05
57859.62
32867.04
48349.15
2134.32
57156.48
56533.84
31164.75
37720.41
2028.22
25547.50
29177.46
47670.06
14605.50
41007.68
25672.83
41144.24
15406.20
52081.77
9572.22
68167.44
19621.40
28929.59
33300.30
65308.60
22614.00
39417.63
68114.78
14400.75
49788.20
24201.25
37587.48
13451.22
1583.68
