13132.42
40154.10
89902.08
24884.64
37608.32
27636.45
38144.26
52743.87
5417.76
80722.64
61016.22
39434.24
5466.00
47306.49
57783.18
54473.76
43546.20
44922.25
77866.78
23577.76
73277.50
22283.52
64749.08
42229.01
5025.40
1675.77
54061.96
1079.17
59231.21
41331.68
11155.92
31384.20
35116.80
41811.93
61919.52
76627.36
13532.40
70469.10
40501.56
43118.08
35287.75
4765.20
56369.10
53786.40
18429.30
7189.84
15206.10
54816.14
39706.92
21251.36
22201.40
50005.12
59742.72
26133.74
59236.45
62435.74
17813.04
12140.88
27065.69
50862.46
2346.52
61555.36
12677.44
32109.84
26415.90
8203.65
29271.20
57596.48
51253.02
3552.84
32122.72
26187.45
64249.64
15024.24
40468.75
48227.64
83175.84
31213.00
62387.62
39689.58
54618.40
1461.55
33156.00
46137.60
35643.24
43165.64
17088.00
60977.28
51268.04
61294.74
8401.12
1966.14
12603.50
35797.14
27236.88
36985.26
16297.27
56510.21
49526.20
1022.11
52660.65
62453.88
1266.36
65274.30
34086.25
26217.60
19028.02
19341.20
58713.69
2833.00
33585.75
82308.73
44855.10
1546.64
36635.20
43110.82
39754.84
6006.45
5910.42
20632.05
41357.68
44103.15
57012.48
24655.95
34122.11
82148.48
35112.03
56272.63
51608.16
28330.50
20562.40
10228.74
27989.80
3048.30
11126.97
24302.25
44168.19
62367.00
73084.44
2700.88
18388.63
31474.20
11213.76
931.03
40039.23
17288.26
41083.47
83607.84
34564.92
71052.98
46466.88
76716.85
67345.98
4360.65
25082.56
31927.02
33755.60
3360.63
69058.35
2258.44
41867.28
42488.00
3011.18
26596.80
71280.67
1899.99
16613.37
3013.20
47864.18
35975.94
72412.80
55184.78
34466.30
26347.58
52984.00
30182.50
40687.92
34345.44
39587.86
50211.01
42115.50
58973.76
48628.90
60781.01
18163.80
53207.50
74197.49
43672.53
7531.92
43566.40
52206.50
54008.50
71375.44
71799.68
66075.54
7342.80
55443.34
59800.92
2973.16
37479.20
6531.14
16025.16
44914.05
62373.22
61301.10
23998.26
39159.90
52591.44
39715.32
32410.56
44647.00
78916.74
44620.27
76750.36
2234.42
63234.08
20483.58
12550.41
3541.72
27254.50
32609.75
3063.33
53368.32
75936.08
28606.40
5135.40
56588.73
25580.60
34151.37
56165.76
54373.72
34092.45
18697.69
38019.14
14359.12
43079.08
73067.40
61217.66
49865.34
14595.90
86541.00
19545.57
24906.24
34136.25
21863.36
43699.77
43701.84
15548.50
66604.20
23544.92
86591.00
26547.90
47057.40
44768.40
18038.90
68054.81
9231.78
20924.26
27122.88
17073.45
13703.58
15174.38
13109.84
52865.04
50948.19
91487.52
79764.00
56261.16
53663.82
75026.72
26972.48
1881.98
49678.11
23815.05
39379.86
19578.57
35293.68
34855.11
44174.76
24105.60
70770.15
55113.45
44162.30
54425.28
18844.02
43430.11
14519.82
56114.57
41454.15
41491.33
1441.53
38624.82
3705.90
61419.75
965.05
91677.04
6643.00
13470.24
19401.20
1642.73
36272.88
42965.38
36455.36
85419.70
60222.03
8308.75
84641.83
25748.37
7189.84
66742.20
81644.02
11169.83
3285.46
15064.06
25828.08
49445.34
21466.56
67599.76
41228.16
26096.56
63850.98
42164.55
1986.16
12697.80
61944.94
55003.95
65484.58
9144.55
3600.87
85914.24
45296.32
73821.49
69541.50
71535.60
31611.25
3984.36
53016.80
11492.11
14205.60
54705.75
64904.04
57767.92
46673.60
71995.60
45781.21
1108.19
40537.52
45915.40
29118.61
41384.10
46581.23
23226.84
38281.60
25551.18
39280.05
7363.92
44287.60
4829.20
34885.76
4994.28
63238.30
29807.00
4618.89
35053.67
36746.64
8423.85
5168.46
42929.25
40994.71
58734.32
12081.87
36270.78
21781.76
20001.45
46673.29
16560.18
51574.04
35537.75
30502.56
32146.66
28524.06
44407.71
14535.60
32509.75
24915.12
24451.75
89224.59
70732.97
60950.25
2186.36
53315.99
52415.42
48730.06
4328.68
18219.10
18619.95
44036.19
15176.10
65923.16
45472.62
32430.03
23604.16
74039.70
65903.95
47610.17
9873.50
47293.52
25533.82
18158.14
46449.28
23832.46
11152.10
1273.37
67422.44
45027.02
70982.48
48713.33
37398.27
86841.50
22764.00
3011.18
28757.82
47840.22
60753.70
10397.25
2628.82
37481.20
23257.30
48146.88
27722.24
42596.64
33646.34
12813.70
55560.00
71663.68
29911.92
41998.46
16781.71
3127.32
22956.07
23367.30
14551.20
6763.12
74166.40
48147.48
50839.20
14055.45
41336.77
44315.12
25947.54
7928.46
47545.75
49732.11
57912.50
3123.39
30427.96
53095.04
43651.17
33285.50
87942.50
12892.77
27097.98
55896.16
46673.29
29256.50
80965.44
54873.92
80972.07
29611.40
84868.65
8150.70
51097.76
37329.38
10714.66
15523.38
67643.03
77277.06
48384.70
1968.16
40555.52
75703.58
59533.08
49217.77
14447.12
47851.17
63426.60
68337.45
4745.01
35112.25
23785.20
24199.67
7187.56
1678.77
6042.40
27581.61
23749.96
4630.05
7217.65
68922.90
48322.96
27569.40
10541.10
67704.91
17938.80
49904.50
20623.47
7357.80
34405.44
15779.83
42857.36
55376.48
35053.86
48642.46
47756.10
60866.50
75679.20
32573.09
9149.60
47890.56
1445.54
23501.99
5006.28
56399.40
84136.32
42813.87
3784.05
4140.52
54097.05
59364.00
77066.64
59033.04
20322.20
81597.56
20707.05
4892.16
3778.05
53481.60
87077.08
19796.88
33120.36
57555.18
10527.55
62233.74
41801.64
1711.80
60319.35
33360.75
80860.05
31934.82
30848.40
44373.73
68923.50
51122.06
44117.58
42301.98
14255.04
15088.48
21928.01
26716.16
16044.05
5465.73
63077.60
17965.62
3552.81
15981.16
4651.92
35085.44
85926.16
23280.89
23474.78
1687.77
60288.03
43630.15
80049.15
32743.10
27149.00
43158.24
63908.04
22433.70
41757.76
5381.76
2522.72
68707.15
10226.07
15496.80
54108.50
48070.68
42360.26
38849.44
47570.76
4781.04
16746.36
53912.76
4296.68
33017.19
42941.36
41668.75
18202.25
1854.94
37819.60
59264.37
12773.60
16727.70
7168.84
16913.93
45059.85
63047.21
43320.50
45054.36
54108.42
53739.96
54346.56
58266.25
74780.31
23503.41
69114.52
41365.20
7729.33
29830.71
49515.84
16605.60
66151.54
20307.56
4913.19
60984.80
54508.50
39401.52
17688.60
11590.25
3108.39
16397.70
25601.17
13973.26
29245.59
10651.60
2958.24
21527.04
85454.55
42829.36
77452.83
36920.40
19911.06
15829.65
46822.60
62353.62
6927.40
43584.54
4004.36
9369.90
24806.18
11309.90
18320.20
23713.38
91333.55
72941.28
65188.45
41982.20
28158.24
37556.41
33444.72
36422.64
30524.04
55428.80
43219.30
10980.12
38911.74
48883.48
931.02
16505.64
10871.80
3781.05
35617.40
89394.00
51564.00
64607.90
33524.12
11340.08
7189.74
1167.25
19472.52
26719.56
59134.08
19484.64
52520.64
28722.24
36954.94
46650.45
15962.25
65343.46
45648.30
62804.12
56042.26
60256.80
52320.87
86156.16
56397.50
23240.64
13404.69
14991.84
70682.88
68542.16
25068.79
8421.00
18578.16
38450.23
62999.96
28102.74
43632.50
79365.79
24869.67
37259.20
11112.00
76926.31
15724.94
3976.26
14883.66
39521.76
39823.29
28759.32
36938.66
17072.91
7848.56
55920.82
73672.49
46151.58
61180.35
82101.01
49497.39
48853.22
19172.64
48773.28
21307.65
20646.08
26068.56
1531.63
8414.94
23306.64
7045.56
32353.01
63847.15
32823.56
71288.88
91396.00
13190.28
74092.20
74644.66
17048.20
31581.66
30894.21
1421.52
62741.88
41519.80
54069.54
10711.70
44287.60
32626.80
4603.86
11256.36
34356.30
33110.37
43589.15
57976.10
62932.65
54707.09
9054.50
29487.04
39252.00
48294.87
14343.12
61366.60
17479.08
4585.83
56178.63
21613.12
67822.50
77565.40
29929.50
4575.05
50631.96
67271.50
7238.84
54574.52
36191.61
57215.55
5510.76
3279.57
28782.24
51567.45
33892.37
44003.96
26742.31
13434.40
31010.76
22089.63
17277.26
15109.25
18126.95
59498.64
26624.16
13685.49
63124.83
55348.90
1021.11
57613.60
81474.75
18557.63
14385.75
47250.80
19990.66
50077.28
22248.48
21183.23
43696.50
46004.00
3633.82
26736.82
10378.92
3692.04
32711.00
40304.00
32290.72
44734.05
24517.22
21891.76
84472.80
51106.00
9649.44
21637.95
16635.78
46893.28
48723.84
7023.36
1309.40
54892.46
30346.43
45047.28
93748.00
51714.32
25815.72
53222.82
49950.12
8909.35
33255.20
23489.70
35989.80
73447.74
46993.92
19713.24
64957.90
10829.40
16154.16
20438.44
58913.00
37380.96
61768.80
29281.50
42307.56
1676.77
41625.36
39584.84
27610.24
74329.00
14126.94
49255.47
45230.64
55288.80
61939.68
47377.88
59246.64
10525.20
27864.64
41568.24
58077.42
29234.90
26656.56
43566.58
45991.53
30175.68
2018.20
65480.76
77632.00
64778.85
51483.47
65782.08
74608.38
73795.49
30869.28
63929.34
50373.38
34749.48
44507.88
5988.54
27813.90
69463.80
63471.76
32441.31
54447.75
41345.85
29527.68
68378.52
31125.81
31408.50
21418.44
25085.28
45801.88
18183.76
66321.00
73557.88
38064.60
71974.36
42515.26
40910.94
44928.84
5790.36
35058.08
30127.52
9270.87
26500.80
7628.22
29544.20
18304.80
41123.42
53272.32
53860.31
59967.36
68319.82
3736.08
48157.65
7217.65
37855.07
20965.23
76348.50
55167.90
3165.36
45712.32
22127.16
24530.88
5846.30
16009.74
64940.40
62488.70
38701.53
75243.58
4673.04
34421.57
12542.53
40114.29
4240.50
7435.05
4570.05
30860.64
13901.76
49319.34
73742.85
51576.56
52111.44
29776.24
22311.68
22521.66
60112.80
23004.45
50271.38
47319.88
53831.96
12280.14
65570.50
22021.63
43782.48
19686.47
9105.84
72556.80
61710.00
22178.55
32921.37
5420.67
29887.92
48322.96
38407.32
35738.00
6482.14
32235.35
4212.56
50254.00
16761.92
35502.13
3402.69
10857.88
77395.27
67431.20
49299.84
79673.58
25765.20
11148.24
42970.25
48939.52
11902.80
52435.80
41300.28
79484.00
49373.39
