16271.50
85740.00
40933.50
1787.88
48427.03
57300.80
40651.20
30009.86
37159.00
30881.92
34386.90
1553.65
8679.24
69637.92
45119.28
9321.90
904.00
56540.00
18996.32
35197.00
79034.00
51784.95
49661.04
61904.15
30394.11
41113.80
23125.31
45938.40
41325.15
31675.80
30257.79
36068.70
5413.80
31882.08
17047.90
67093.44
2768.96
22175.40
5918.28
14945.80
72516.40
47610.46
81327.75
72661.95
27260.87
15768.72
19028.02
47666.56
28730.60
34093.44
21995.04
49123.14
16449.68
83337.75
21010.68
26800.98
15681.90
31723.02
43305.30
11370.24
5465.73
26940.48
20872.20
21034.61
18379.98
55307.52
49497.39
29526.11
38417.82
67622.00
23769.06
46921.60
67512.00
59199.84
19354.58
42995.25
53153.10
5087.37
35009.52
51944.64
64832.04
57224.14
61315.50
59059.21
60930.33
81960.01
14567.28
87992.50
6547.00
54823.95
13748.58
1635.73
11429.94
14735.44
17027.82
49364.16
47453.84
6334.68
42745.00
28110.68
37058.80
12773.86
33636.30
35905.80
42384.54
47102.00
3976.36
7039.62
42686.00
21731.40
59902.90
22794.84
72019.90
76534.41
32430.58
32224.80
29731.68
41504.40
35408.07
16587.50
45274.50
28023.03
7538.04
59609.08
4000.29
12303.20
33764.72
29823.20
40316.64
29379.46
77202.18
7302.75
64348.00
49373.39
32487.00
53648.26
38848.74
50328.39
19861.28
51925.10
56262.21
83175.84
33456.15
42479.62
24251.03
59697.19
34686.74
22917.05
67522.00
25373.60
5666.00
22823.88
53717.42
8773.45
39073.44
38440.75
54668.48
18088.95
81019.54
53434.08
26307.90
31728.32
29570.13
44638.80
85790.00
45912.44
55848.80
71892.14
24612.22
12289.32
38806.74
26668.05
71415.03
50918.06
73922.85
66309.48
68243.44
30492.33
45438.00
36999.12
68723.64
22633.84
45733.82
30940.00
9842.56
38121.30
47702.00
68574.24
71892.14
18145.80
8208.65
30774.49
27729.60
50173.20
56484.94
50426.88
59616.18
40264.64
34445.10
10571.10
39482.50
11417.94
13027.30
25632.00
13446.16
78996.19
81275.10
73177.50
56013.90
2760.94
2384.56
46705.05
26378.50
21322.44
69492.79
30002.40
54387.00
59751.00
35364.42
49541.76
5405.76
42786.36
23233.44
35160.08
60264.50
43852.41
7511.88
68797.14
75655.90
6594.21
3429.62
32414.20
88292.61
47262.69
20271.60
33004.86
37612.61
57994.91
71845.14
40353.93
7806.40
14282.18
47121.30
44808.40
25128.46
61806.64
31649.25
87041.50
46450.00
23222.50
38628.48
44008.92
44012.54
5150.60
69774.79
32092.32
43973.81
71885.68
76766.34
18708.16
9088.66
50218.65
53855.35
52936.40
13238.00
15027.84
21583.40
67922.50
11246.83
10781.28
32267.36
24866.10
3234.51
63067.05
68225.41
8465.10
11590.25
31458.75
29408.32
39979.68
47139.36
49048.20
32112.66
20162.00
74291.49
75931.80
54307.40
42019.16
10658.52
53529.60
11756.48
44820.36
75999.60
35423.50
38764.18
9474.95
3027.20
3300.57
24430.80
5525.79
15537.50
72358.44
50537.20
38015.25
44903.60
19111.74
17314.88
50637.21
37207.33
10871.80
83697.75
49686.05
72436.00
10781.28
34855.48
67481.40
28711.82
24794.24
69123.50
50831.00
5926.28
35148.86
6517.14
18050.24
60445.84
43967.16
21706.80
49931.70
27503.26
6542.00
56705.25
20591.56
34116.90
45391.58
36738.40
33367.88
6925.44
52315.77
60311.24
2853.12
12100.88
32726.76
68052.16
1173.26
45444.60
51299.76
40929.40
70868.10
29785.54
38910.64
71576.00
5180.60
49253.76
80148.48
58391.56
64034.04
21382.44
30368.64
32974.56
91530.04
68568.96
42813.87
6238.60
70375.00
3485.66
42054.21
9509.15
30175.52
21298.32
55715.04
22744.16
5015.50
28964.43
30530.43
14385.75
45757.14
36679.68
5738.12
53536.80
45982.96
75070.69
27977.58
49813.38
15628.68
1816.91
70471.21
7575.92
9540.50
84239.00
42789.24
7111.62
19472.52
7163.52
49982.13
31083.75
49114.54
30812.68
44765.27
18259.68
68053.44
90451.06
50214.00
39808.86
12406.23
54104.96
63081.62
60715.00
23585.27
30273.00
24478.61
77991.48
13005.65
21070.20
12828.86
28280.75
10903.55
52876.24
51602.04
3952.32
1702.79
71376.00
34073.64
71644.32
20675.42
47802.50
12741.52
72315.60
14624.16
61516.50
17205.70
47707.92
50480.82
6782.25
43945.94
3009.27
5592.12
33937.54
43936.80
38761.60
27813.24
65751.70
66265.54
59863.60
4606.89
8948.59
41405.76
7323.68
37066.12
49361.34
57101.64
69336.89
33611.00
13033.72
12080.09
6060.60
27926.41
20265.36
48183.48
23660.00
3579.84
10586.34
22610.61
66400.65
35037.52
44496.75
14475.60
50633.40
75094.20
37759.60
5303.58
24538.08
15724.80
6619.14
33362.42
24842.84
8857.52
26502.90
13820.67
15586.50
26308.20
41355.45
3285.54
3600.87
7814.34
51564.74
51849.10
36679.68
43491.76
17881.11
55121.22
7776.48
67293.06
18631.58
9144.99
29824.96
82946.22
68151.41
69721.92
78483.00
26228.50
10523.34
51083.70
20415.96
39942.60
21849.24
3117.39
7603.05
45369.20
35037.52
59396.37
10665.27
27413.40
20613.84
15694.47
38981.91
64458.62
76244.08
34356.00
50745.36
15120.48
62509.01
58826.95
50243.76
14099.40
8289.09
3673.84
12093.00
45175.68
54013.81
49605.20
26040.56
23617.68
37139.76
23751.00
14225.10
44116.30
67751.91
50485.99
89085.60
32369.80
39892.00
27089.00
24715.95
40421.29
16193.28
29571.40
45570.06
42484.26
5956.40
4291.56
45318.00
27655.45
46777.83
70034.96
73229.76
20560.47
75245.38
17280.90
42651.09
15721.56
46510.60
3159.42
30083.13
40851.72
30508.30
6574.92
68205.44
3039.22
46084.95
51328.25
31702.06
56375.67
8919.72
48981.60
17255.26
16846.06
26728.60
57825.04
63787.95
74670.54
23769.28
79984.50
10868.88
1635.72
56900.80
36482.28
61372.74
30337.28
23345.52
69453.93
32717.10
17290.00
53653.05
14495.20
19962.42
12256.31
55765.80
11652.72
49822.50
47352.00
51967.08
11862.80
21358.44
4340.68
21506.52
57165.06
5832.36
45498.00
17749.20
48532.00
52143.35
35685.00
78420.34
13522.52
50517.44
33685.75
57079.06
24161.34
18291.68
37429.59
32084.50
47480.53
35967.24
25242.72
18719.80
62426.91
85251.67
32815.65
8337.12
51452.25
25857.72
74418.12
12410.31
3341.52
77208.78
24827.88
12253.05
7776.56
19731.42
1413.50
38623.64
32058.03
18050.76
14187.24
47210.40
21851.29
54338.42
37600.50
1266.36
20898.44
73162.55
29839.92
971.06
13971.00
21863.73
1391.48
19652.76
27433.80
5724.24
12900.51
40921.28
29355.94
62690.12
28759.36
16326.00
45950.50
5966.40
62435.74
66188.56
42686.62
45597.75
21064.40
4869.24
33299.84
22019.16
4522.80
58562.55
45973.25
41380.74
16683.00
1781.87
9179.60
19791.15
74037.83
61727.36
85319.55
89950.56
28359.02
32554.40
52430.33
40921.69
27155.04
4036.29
39606.00
65336.82
28741.50
28255.75
1998.18
34316.20
48219.48
45624.60
60781.01
88452.59
71976.50
15982.83
11135.97
79959.15
48720.90
27839.25
76408.84
5414.70
69272.80
53851.05
75343.68
37561.20
46220.72
12613.60
26028.34
52167.17
45559.20
20391.75
24578.10
65063.25
31402.06
21030.23
9474.15
34716.60
54245.04
7083.44
42605.08
63117.50
58206.56
39417.63
44399.52
17933.11
18291.84
12619.53
91333.55
59367.00
4820.25
4775.04
32675.04
79812.00
47319.88
19461.06
84406.83
39895.20
12361.02
36382.92
46050.96
16604.37
13947.00
46633.68
34789.76
20896.68
10507.20
5126.40
5180.65
26322.75
71469.14
18609.58
20307.96
74913.75
3934.23
51369.45
44812.26
61138.74
29028.60
50706.60
61945.10
53371.50
10538.55
12707.64
48072.43
8780.45
8473.95
61721.52
20199.85
18214.65
30737.66
56019.60
42381.44
44725.59
17170.56
7139.48
55113.66
58837.69
9820.62
39198.05
27905.25
4474.74
31064.79
16657.50
51768.74
16572.60
30683.13
30020.48
42726.64
49480.92
46445.00
43529.92
60229.35
40838.46
44747.40
29263.90
38223.14
2120.30
14626.05
28090.13
45423.98
20162.12
42045.60
18271.98
15346.66
65446.56
32785.00
48978.02
13456.56
23300.50
12676.30
38793.44
35645.61
39702.30
42613.90
32430.34
38345.76
18275.84
7131.52
20707.47
23232.30
37453.78
55185.34
80861.10
32044.80
9892.44
10150.68
66165.48
2943.12
12053.00
61457.76
32110.56
35029.53
2845.04
31473.40
29191.00
29245.86
18604.95
20098.05
19472.64
2516.70
49484.91
1786.88
83687.56
86741.00
21510.95
41954.88
70586.10
54077.35
36339.27
6054.60
28931.25
77453.42
9631.44
26848.60
70536.97
83223.84
12301.32
31154.76
53966.70
8809.52
14887.60
35029.53
55194.24
12038.67
53979.76
71876.50
18839.40
56966.31
10955.68
1336.43
62526.60
4877.24
54496.48
60628.68
71705.24
25931.36
10882.48
86478.62
55082.97
39642.30
62231.52
30714.66
11260.90
44820.38
29109.93
44564.52
49170.89
55768.50
17081.91
16956.54
10881.80
6171.60
34825.48
56661.50
22950.25
16208.01
36839.25
61763.13
39842.00
25376.85
74714.96
32019.48
50894.19
25603.00
54276.42
65117.56
19992.84
9800.70
82104.48
7633.10
40912.20
54511.76
17960.03
24472.01
2618.80
31327.02
49597.68
42815.24
51126.34
5027.31
72236.56
51224.40
31825.02
14739.57
55768.50
20712.67
48394.50
24482.64
59562.65
18642.69
16678.06
52520.64
48880.65
44296.50
63106.80
5081.37
8496.36
28326.48
55962.06
27316.98
31383.75
12833.70
86616.62
52128.90
77499.88
3079.26
40410.66
26236.32
15592.61
21824.01
18956.04
47195.40
47077.84
55309.50
46625.40
61480.80
72772.05
48007.30
45696.96
35607.39
64109.65
25449.17
65949.60
12942.58
37542.46
33795.63
42356.40
38220.00
15296.80
40476.55
83439.86
69384.96
30752.40
19546.80
60580.37
38323.11
23300.50
18669.60
12083.00
30299.94
58685.44
50213.60
17420.76
27629.76
40522.55
27774.00
25604.88
23545.20
77894.32
81837.80
