3916.28
54359.00
68022.00
79043.52
6723.08
39617.76
24982.14
16863.30
60208.80
3309.57
31382.93
15280.32
1031.13
39796.12
38408.18
2976.24
32164.02
21463.40
58202.10
13885.85
24362.10
31934.25
48164.76
4865.13
4725.15
56844.96
2907.08
37734.69
67111.59
57436.48
25877.72
6010.36
59472.14
63124.83
4294.56
50258.12
53732.28
13152.72
52134.60
83704.32
21407.49
84406.83
69069.32
25056.54
52759.68
6420.96
32987.28
13931.26
10208.07
64356.60
24235.50
25591.50
23881.44
31651.02
26732.16
38752.80
53841.73
8247.89
45548.65
8705.44
25402.75
1288.38
35763.00
25002.40
17451.59
62195.74
4272.64
9845.50
44571.75
40706.78
17678.60
7653.10
38447.81
50647.20
52111.08
92707.02
14611.05
53165.20
46262.58
5537.88
87215.54
46939.80
45222.50
58489.92
30398.04
53110.58
54090.08
29056.50
20878.88
63578.64
6797.49
52303.86
28923.93
18387.84
24668.28
16767.60
26328.20
12919.77
70077.63
26428.88
27669.60
51434.60
51849.93
24634.87
88145.61
7497.95
38633.60
13271.86
64607.00
36413.50
57735.23
59679.84
52241.84
27772.16
46130.40
62652.12
25851.20
24560.28
57461.09
63003.23
70799.21
36551.20
60677.68
36462.86
71434.80
56151.57
12193.20
64847.58
85319.10
6118.48
27435.16
19328.40
33695.64
27551.16
44324.54
12361.02
67214.84
45711.67
52631.68
32647.65
18860.60
61085.25
85490.00
22103.16
14555.50
2889.08
23325.20
9088.73
47209.80
68055.24
24155.04
24302.25
29907.90
32634.60
25626.83
22825.92
69868.80
87259.68
32941.86
44929.44
20107.12
35909.10
26054.71
81229.10
50832.60
24160.18
41824.51
73033.28
46939.80
8458.90
1854.04
38059.80
28439.70
9474.08
15466.40
17224.48
22914.99
75185.43
37839.60
10673.22
17370.48
12457.56
46947.36
81637.92
46339.02
8163.60
18635.23
44392.60
1896.98
4340.68
41078.79
25731.36
29494.50
15183.92
61451.13
11342.30
53035.80
3904.17
68072.50
69647.53
4835.13
7502.04
3932.28
7619.96
2552.74
5415.85
16018.83
50129.28
13547.82
17028.34
6222.78
19117.28
17332.37
56634.48
63697.62
2991.27
29021.20
12838.14
67107.95
13244.10
18175.32
41661.00
20872.35
57297.09
15905.28
30754.79
57433.32
53384.43
51708.93
57740.90
58142.48
22244.20
59677.55
57751.65
24370.65
38080.08
30254.43
14337.29
42692.88
50082.12
38553.18
16722.94
39753.32
66149.30
24595.90
42479.62
29190.96
24199.22
34764.96
31954.80
24163.92
2696.88
7224.91
29027.02
6819.20
37389.50
35921.34
3397.58
39689.58
22599.57
14141.54
41807.22
48951.60
1828.00
11492.11
21082.68
24736.04
41940.15
32660.09
3335.52
41932.80
10281.20
28389.36
12886.51
22271.76
23570.16
48807.15
34837.41
77653.40
17222.87
42143.01
61454.40
24805.30
5258.55
51574.60
19971.30
15980.51
24119.34
32027.03
60596.01
57174.80
61910.94
49591.58
52456.00
79890.13
23961.96
40490.52
16273.76
26217.90
33955.80
45291.18
67150.80
31586.22
29582.40
59342.79
21502.95
34413.33
53978.76
11067.10
14751.52
18427.63
51426.93
5600.85
48211.45
6927.35
38540.75
12894.14
56489.40
26091.72
19009.90
28148.00
16532.37
44417.60
52920.00
70292.96
33216.40
27533.16
47611.25
43459.11
58029.23
45938.40
79337.16
26939.56
27357.96
45043.60
60481.58
55102.08
12792.91
12874.68
7527.95
51939.08
11334.15
45872.96
2754.94
61586.98
81535.50
13093.08
27427.07
12269.95
37814.80
78433.81
67892.37
68139.72
53144.32
33546.65
2874.15
23124.99
34533.44
45347.75
34011.25
33120.36
39830.28
59902.90
58589.44
80999.10
25677.00
28831.25
24145.74
11204.83
41643.94
48186.07
6074.44
18289.65
64062.60
29781.28
51316.72
45159.18
20013.28
26145.72
4231.50
45447.84
4913.19
1054.14
7027.40
28704.42
94749.50
13170.19
33143.96
27901.28
55707.20
25327.28
21222.72
33559.00
80585.00
49003.54
5631.05
54626.14
46708.43
46498.92
82886.85
43104.88
37692.48
30909.79
5616.05
58206.10
4967.25
48435.52
41518.75
81355.50
64923.25
42751.02
44431.36
57612.00
32345.10
27194.73
53698.05
27141.88
7970.46
11892.87
36410.59
55558.83
25680.20
73305.97
52327.44
36976.66
35863.00
24526.20
19349.91
28264.02
10661.60
52192.84
31025.54
74021.61
47787.12
12066.67
53516.40
49156.56
47251.50
74322.66
52407.36
24638.46
13209.30
51994.60
50597.82
59838.72
32572.54
19312.58
17208.72
33839.46
3247.44
23813.46
45991.53
79337.16
55175.97
62949.16
21863.10
31877.63
25393.28
28843.36
37681.82
7613.10
61151.75
49733.60
24776.28
20977.35
5778.36
41190.24
49403.34
8729.44
22324.20
67538.38
18354.95
66177.72
36519.68
18349.50
69598.80
4040.40
82076.40
65429.20
6997.45
49982.13
21232.54
11357.94
23244.60
84739.50
8906.52
41084.46
22794.48
7453.98
78006.28
44797.25
29486.88
5573.96
32834.38
55719.84
35743.84
70024.50
37892.07
64699.00
40904.50
20601.84
34901.67
41468.50
14090.94
36218.61
43309.50
20085.44
54459.00
58186.04
40962.69
68568.96
32665.10
56566.04
60629.17
63544.64
1815.90
82656.94
27005.28
46326.60
25928.28
49150.92
31554.24
48023.43
58061.76
54731.04
71986.61
18794.52
36038.25
55321.89
60307.07
19439.09
31934.63
9229.70
25346.70
78578.72
22788.78
3049.24
48065.82
12519.65
44664.84
77161.31
42034.46
2886.18
36073.80
14953.95
58154.51
28397.92
25122.09
71535.60
31499.98
56354.90
23004.80
52125.76
40492.75
10065.11
68801.04
63817.11
31810.88
42544.75
39908.00
31533.40
70104.73
3988.32
9435.96
49681.20
50503.20
8775.63
5702.97
6036.54
8280.09
28110.60
37105.25
6927.28
24205.48
27270.00
22103.80
51461.73
6762.35
5261.52
13054.65
10168.74
45859.95
65336.76
25061.40
37960.80
59190.32
5594.88
21512.68
60496.80
79764.00
16829.64
24345.76
38032.32
33702.27
50407.61
76581.00
48631.24
28269.60
42825.57
28184.40
75139.20
46613.00
15941.04
51808.38
72155.60
39350.16
48246.45
16017.00
93050.51
10756.41
50569.92
53711.70
48943.89
52104.18
34582.57
972.06
36164.61
14879.60
60565.50
27688.24
9190.08
38339.73
18934.16
3323.50
42195.00
37023.12
35823.24
27720.30
14631.72
37299.70
3415.60
90745.06
13105.30
49181.36
1956.14
68471.82
55579.59
47427.84
50934.40
58519.72
12052.72
80051.58
50919.00
33759.18
3029.22
13703.82
49364.48
57980.80
35374.08
32375.64
5365.72
9850.56
60256.24
32375.00
50818.39
28030.80
19364.80
30964.68
29621.68
50693.40
17898.96
7007.63
61184.80
23474.78
64209.60
13401.41
28619.08
43563.84
20496.58
9562.14
65472.66
40593.28
4745.20
26678.16
58930.69
17491.04
11009.79
13314.20
64669.50
61225.75
66816.84
48591.30
29906.24
40775.78
46562.16
23893.56
82542.68
29246.72
28480.75
48821.28
53096.10
76208.16
1052.14
59951.46
48568.04
70077.96
46526.04
59697.19
52445.18
44504.27
15724.92
46969.80
49068.80
8334.18
84953.28
36718.60
16621.92
34252.66
88693.00
12192.88
25371.00
36578.64
39144.56
54148.05
61893.60
43517.46
15825.28
58802.04
61048.02
38656.80
30116.20
74165.70
35814.43
23163.30
37356.66
53708.78
16385.52
6707.15
17893.92
13731.63
68471.82
45184.05
50090.43
28296.24
14403.40
56374.50
28709.20
66625.65
43699.77
46447.95
61552.80
43491.76
13322.40
37519.30
11780.48
21878.25
18835.92
30723.48
29840.13
13370.70
43023.53
83992.32
51841.44
18679.80
6703.26
51567.45
61805.16
24596.28
6102.44
2790.06
58327.35
28280.75
3189.36
55215.71
20730.84
40593.72
6342.90
33508.48
50693.40
19688.76
21497.04
61373.75
46920.74
50655.00
21429.32
17568.40
9604.44
82406.73
31839.48
25955.16
80752.71
33048.36
67281.44
50609.20
50908.90
45191.52
24346.20
46201.68
72811.44
15776.34
53852.05
72618.82
26236.56
77223.42
15076.20
2730.00
59471.92
91146.00
39017.28
24712.87
9992.64
63001.83
2810.98
1250.34
20237.56
9768.43
61516.00
36218.00
41164.80
20101.80
30802.47
18499.56
34376.20
42704.24
5169.56
5714.08
62151.49
23499.30
45232.32
31891.49
53955.33
30753.60
37810.50
4910.35
16891.82
3225.48
71980.02
30326.34
32979.67
18126.76
28511.21
60863.68
21207.99
15496.56
29947.50
17172.90
54507.30
9209.92
20830.32
46371.78
17583.90
40293.40
69211.60
53142.62
24505.80
70938.82
4351.62
55410.83
50339.38
8528.17
63191.08
47498.76
16299.50
39269.16
989.08
7512.12
46210.00
66988.30
57625.50
11358.97
27330.00
27349.20
73709.22
55019.52
49849.80
12023.00
3796.05
14205.29
42545.00
53480.88
58736.58
16373.40
3582.84
20277.36
15376.80
5520.95
76982.64
13490.52
41725.60
28380.06
57192.83
19028.48
36999.68
1450.54
71756.68
5537.79
40600.56
40430.55
42143.01
1130.23
4605.10
92396.50
61427.52
44196.50
50770.37
6496.95
31516.98
65669.29
48607.65
20101.80
54740.14
59704.64
59297.37
18127.80
54548.13
80795.71
47447.69
17701.04
38921.31
44689.06
54437.75
69709.50
41456.08
36747.48
20778.78
7237.70
39380.58
68053.82
45295.88
18245.37
26340.60
79856.04
38113.11
52290.17
4766.04
2781.06
63467.20
76581.00
46585.00
53351.43
20236.45
6111.55
50832.36
16215.42
25544.17
3271.44
3886.14
69112.80
38015.25
69373.08
7981.61
52256.50
75599.20
68226.81
51155.50
985.07
15289.11
16807.70
40890.78
10097.71
2829.09
46819.50
34356.30
55378.69
85281.24
50278.55
32761.05
34116.00
64955.80
27203.19
21036.80
10613.43
16189.42
88782.06
61266.00
32584.75
77960.34
57340.16
50755.50
10841.40
38535.12
24902.00
53396.10
34436.20
21980.14
41294.10
71085.15
35277.00
21134.36
50061.58
58273.56
29423.97
21857.40
47864.18
16786.24
53922.05
54664.42
19721.60
42642.92
17546.04
26326.62
59612.45
24050.04
34308.12
26543.72
31493.40
7031.40
81699.57
33586.00
63017.50
