27095.38
4949.32
36023.81
4733.01
12893.51
13755.82
6804.42
85740.00
73305.97
70634.88
28915.32
34114.37
3264.54
30992.80
16232.55
54069.96
60187.68
7263.64
83927.69
24848.67
73797.60
39437.37
4678.95
58863.36
62015.94
27139.98
28158.24
14945.80
29056.32
89111.53
41877.36
29731.32
35716.59
8989.45
12817.86
2985.16
64468.54
17318.20
17874.96
79294.74
60373.64
24848.46
40033.63
26653.75
11532.24
24145.74
14635.50
50699.00
67350.80
49083.30
12432.42
49262.50
1019.11
62455.62
6154.52
39936.87
41950.16
46257.28
35715.24
28582.31
74823.75
64267.37
55407.90
40362.48
44664.84
88979.59
62391.15
42126.63
2600.78
69993.60
17178.45
25984.56
13638.82
76220.55
53506.62
9354.08
28520.31
15472.56
33719.70
66521.93
42651.09
9362.08
1150.24
43101.08
17718.72
39992.25
7538.04
38322.00
12774.37
41150.46
34781.11
41804.37
70594.21
40182.90
33195.00
24913.14
12816.44
52042.90
15226.38
28790.60
27637.24
42979.20
80868.96
24795.35
58316.16
49114.02
4885.35
34180.30
13299.93
18439.40
35390.88
12363.52
73397.20
23502.78
64151.34
48540.06
52520.64
17555.04
34996.80
21715.29
32350.83
23209.44
40390.84
22968.32
54585.60
77537.78
19256.28
22227.52
5489.76
49581.30
26470.86
25536.28
52483.42
37481.20
38082.00
44252.60
87399.54
6524.14
30255.84
44206.80
53449.81
64869.80
9532.08
37003.33
40394.64
53176.00
53337.20
6839.49
45472.28
74526.49
54219.12
33678.18
78883.50
42069.22
66310.00
30759.21
26650.26
38390.75
16858.82
4524.88
62506.00
13352.56
64352.64
22440.72
22830.57
77443.78
63918.98
40056.38
33776.40
45372.60
4629.00
41922.21
38625.08
41909.78
7619.96
79211.16
49444.56
77741.84
3940.28
12301.04
24329.62
34026.90
27389.07
39486.40
21442.80
4375.65
6892.35
57953.50
54387.00
29839.36
38239.11
26524.52
22860.86
25353.30
41712.58
59138.64
32705.10
37714.95
77858.59
69153.48
71526.00
71789.90
60435.72
6837.30
56459.10
6907.44
2708.88
21823.60
70292.26
39817.68
55018.80
14165.10
26009.94
39162.76
17678.60
56265.30
81226.14
22574.42
37115.99
1002.09
8310.96
34074.89
12845.04
3102.39
7538.00
43480.74
11420.16
36868.32
75049.20
88170.12
67102.30
18499.40
61060.26
27909.41
60880.68
9049.76
27375.26
18792.02
20524.10
15001.35
36521.44
37630.50
83697.75
17238.24
57051.06
62973.69
10216.98
27432.90
18294.89
32995.84
13862.64
30451.11
17190.72
32029.29
50280.78
48628.46
12631.50
51294.80
54900.14
44043.26
14954.10
16121.16
69793.50
6991.56
10779.52
65253.60
33996.00
8568.36
49216.36
55163.52
30434.94
31337.80
10546.20
58994.28
43793.84
44399.52
75495.64
40108.38
44707.32
34276.20
13414.16
11008.62
11071.69
41940.90
22183.68
24371.62
6246.78
56619.50
30393.79
39618.84
50840.79
29911.68
11702.60
17708.60
50002.38
11295.90
79479.72
61175.25
31866.04
4292.64
56941.84
47151.32
43272.63
10230.85
34420.96
28695.66
21615.88
42987.90
59134.08
14055.12
44501.43
15708.34
3213.40
79157.26
14942.95
28921.32
37737.42
15460.29
35648.40
45515.79
61949.52
61852.60
90445.00
34197.91
9116.73
25737.15
66850.98
39754.84
44657.40
5851.30
46602.60
22151.16
30172.12
33764.72
10130.88
2034.22
22324.20
41195.84
12810.14
44627.40
46071.72
44888.64
45829.00
35362.75
58530.51
47265.66
4573.86
28058.52
80049.15
40265.92
3473.66
23614.92
13874.67
2372.54
42987.90
10882.48
1399.49
11387.04
12523.50
8850.52
49934.43
57976.05
5165.60
61147.35
47757.17
64376.54
10055.71
46445.40
76873.77
59212.30
13335.30
3632.00
48467.34
39486.94
46373.75
68069.82
57277.92
4588.86
49817.43
27103.69
66447.56
977.07
27677.34
35261.80
33764.72
17568.72
17493.90
93344.51
90794.55
52994.10
70447.63
26386.52
8777.44
5615.91
29614.35
8775.54
21968.94
6270.78
53400.32
8913.59
25419.60
22488.00
13640.40
22610.84
3245.44
44590.80
34694.38
20918.40
26362.08
59955.94
56160.50
28926.87
43283.76
60093.90
46030.53
44302.56
6354.90
68232.01
3055.24
90254.57
13397.22
30228.00
26367.60
80170.18
25987.94
25185.09
2198.38
1378.47
41265.45
36439.20
19039.02
21010.68
54040.96
29998.92
72250.82
38959.47
56063.67
12244.96
33501.96
51271.68
35072.86
11988.72
35579.96
46850.31
60508.86
15016.20
44134.32
72941.00
39716.86
24315.62
2810.98
10280.07
63336.60
32145.84
73833.30
5760.30
57229.44
42090.00
13784.70
37690.79
40940.90
43309.53
81066.07
41892.63
92266.02
7147.68
22620.57
25646.20
74184.66
6168.72
43563.30
10481.04
4696.95
38461.48
91396.00
5811.25
75108.72
24154.52
42235.95
17673.70
22043.80
45328.45
3465.64
69753.60
5195.49
25247.82
53656.64
24842.84
80150.28
73229.76
74429.00
37896.30
62706.24
18001.62
64613.25
8337.04
46142.14
75105.58
1225.31
55078.10
67839.03
38989.44
74746.76
65559.19
14503.20
67102.98
65421.30
2300.48
80199.77
28505.09
54346.11
25941.72
40095.18
45139.05
48351.00
32125.01
14245.20
65409.52
16874.20
19653.12
31509.00
34807.50
45570.98
7928.40
6218.56
27890.24
35651.07
58777.92
61246.02
33233.20
11363.94
70270.52
46529.00
47786.22
77739.48
42825.08
75879.60
54238.05
48004.32
40968.25
34542.00
11556.60
3817.08
40488.93
51956.50
7477.95
40591.40
8107.75
39266.50
47481.84
12795.44
17516.72
45986.40
29287.44
85385.76
34003.86
2082.26
63918.50
24145.50
25085.06
53849.81
22878.05
6795.12
77166.45
6330.68
27103.69
27123.21
17842.11
10315.04
13188.56
58947.00
55376.14
64307.60
26380.62
60279.96
79655.13
2889.15
17343.37
51414.30
11544.72
42829.36
9374.80
15232.32
1724.81
16215.50
29587.32
29679.20
50485.44
35721.14
51964.38
43952.40
31143.90
8799.25
32878.96
16317.20
13313.30
73994.83
30503.34
48100.08
9628.14
43651.96
20539.47
3083.28
79984.13
54827.04
34275.06
63191.08
56514.85
17256.87
8838.63
40810.20
21949.56
32403.00
72194.85
18879.80
19743.47
43334.47
12819.04
31839.30
19588.96
1733.82
11808.96
77345.40
55630.41
89273.59
53032.76
94849.50
15376.65
48212.03
41973.16
8874.63
3457.64
5018.31
53526.33
45624.60
67704.91
33326.64
15424.20
43536.00
80689.60
68484.78
16343.10
32395.27
39686.84
9736.32
13074.00
36083.34
27975.13
42042.16
37504.04
30532.75
75981.36
12454.65
75090.96
57096.90
2004.18
75149.72
63146.50
21226.32
1743.84
10274.22
23951.20
50406.72
33399.30
50225.28
36238.00
17790.84
57692.80
35174.08
22584.72
60357.96
57872.04
37047.36
5701.15
30969.12
51751.35
47109.40
33911.25
58541.54
30630.48
15090.84
59914.50
11901.69
42745.85
51559.68
10090.89
32019.66
62263.01
34877.18
44898.75
39545.76
53357.50
32600.20
63647.76
92847.50
40760.46
75830.00
7483.84
79159.99
24512.62
9970.90
51691.38
52521.00
52109.08
15937.74
9722.48
62567.67
58669.71
43650.90
62899.20
16397.19
19937.19
18189.10
52134.60
33804.00
23757.33
39145.34
83788.50
3754.05
33871.86
34434.33
10054.11
3265.46
47208.54
9334.01
40427.20
69579.60
1544.64
29351.20
14968.24
40026.24
14163.24
49484.91
10769.34
38450.23
12396.09
69610.32
42917.87
61510.98
18209.20
46786.60
45228.00
28619.82
43219.30
38807.34
77526.45
49075.84
31634.00
18069.95
40059.46
35177.80
11532.50
49495.39
73038.91
85679.55
45948.33
20602.56
43702.58
18609.50
32456.84
17488.40
1950.14
88170.12
18291.84
8123.55
37615.60
49985.58
3263.46
65833.95
21873.92
20910.26
16820.64
25915.36
18772.32
16231.27
62722.88
1850.94
41326.74
52014.60
24859.60
28658.26
14495.40
45128.30
46731.64
11239.83
72362.61
24714.24
60249.84
33549.88
2815.00
37396.59
67021.95
71139.20
17178.10
44208.00
20272.23
56393.86
44394.00
88364.64
20658.66
18710.10
23881.06
5130.55
7322.80
61065.50
46423.75
62746.40
40571.52
41492.55
35548.59
35430.40
34581.54
24424.40
26651.16
18415.60
41324.80
60324.40
3766.02
24346.03
46209.60
77389.40
12325.95
8083.50
62301.60
5250.70
9081.60
38240.50
51931.11
84735.83
76973.31
7638.10
51414.80
30329.04
47238.94
15206.10
48082.88
32144.58
29852.40
44467.59
46529.70
5174.43
27381.90
41978.66
55331.78
47852.00
10802.77
34407.10
63289.24
30592.40
34478.51
70716.10
83027.12
27810.60
74508.30
48878.10
25828.00
58581.94
18083.68
11877.53
16804.06
34064.91
7112.77
70250.40
42874.87
84074.69
33805.08
55196.52
26989.69
42374.20
19551.06
29983.36
19956.30
54649.60
65695.16
54952.80
33769.08
26088.54
4504.80
53619.26
1213.30
29767.71
36623.78
24595.95
20229.60
54750.52
67611.28
9870.70
2336.52
77177.42
45392.00
30765.28
31237.93
39552.30
39017.92
28710.72
69375.93
33966.54
12410.31
14185.34
17478.90
22176.48
14944.08
12805.52
9102.73
25571.85
66040.56
10587.36
33501.96
50786.56
26055.72
26840.16
70430.21
31893.48
72362.61
18145.80
20421.48
47397.84
48975.30
14304.29
58108.80
2010.18
28366.59
33341.62
34044.24
12707.64
19040.16
82542.24
35882.57
1555.64
48021.48
43334.47
63670.34
4660.92
36896.12
1487.57
13614.60
46016.88
42366.00
49427.04
7603.26
44296.50
8673.36
46145.67
36389.43
25220.79
9314.75
71197.25
24582.74
7862.54
40831.92
58541.54
75013.12
47984.44
21889.01
4781.04
45545.82
43255.52
21941.14
37676.34
54250.56
15376.80
38171.82
35117.28
18599.50
26262.60
13541.31
51326.40
57461.20
35663.00
62813.88
47552.17
6106.44
69961.92
17644.05
18719.60
7075.44
61343.10
64468.54
82749.73
12084.80
58436.56
1704.79
76355.55
32083.56
25207.20
68521.78
27609.96
45025.44
70959.24
52485.65
49812.48
18789.70
46333.01
89911.57
28596.82
16297.27
4845.20
29971.80
61899.79
82762.68
