67262.67
19457.46
66572.11
23634.00
20782.97
11327.88
30392.20
7511.88
26604.60
54593.80
80999.10
57633.05
4363.62
62183.28
31137.75
36186.64
40404.00
10505.55
15944.94
68039.28
12513.40
81207.54
8849.30
29984.16
2630.80
34670.11
35422.38
6366.85
27553.96
34430.83
23263.02
57975.72
37319.00
80722.64
46502.96
38737.16
41843.78
26637.90
21751.20
11027.76
50949.60
66721.20
14608.16
32143.02
8815.45
81769.24
50390.56
42262.51
30671.55
20601.60
37699.40
32543.20
10202.85
43629.84
43653.84
19481.67
65789.20
16958.20
27148.64
17064.72
76232.98
66470.40
25695.83
8381.03
12564.23
8048.80
30380.04
43791.77
52808.70
24651.00
27294.07
42214.20
17058.12
40204.00
32487.00
69506.99
6158.52
34306.34
12076.80
46051.61
54568.88
73493.28
7571.92
22439.84
39350.16
42242.46
67622.50
63558.97
2284.46
52858.10
22998.36
40715.40
46833.98
9334.75
42080.64
40056.39
55348.20
1365.46
23229.82
54517.75
9144.80
47763.66
37948.50
29100.78
20331.75
38802.56
14875.12
1379.47
35226.76
50532.99
1699.79
87115.63
70831.46
17988.55
52675.20
54112.55
22816.86
1958.14
60217.46
1420.51
28015.74
22917.05
61489.56
34084.80
61760.70
49552.47
36743.68
11255.76
17307.87
40363.52
58968.00
31173.00
60324.40
12781.52
54635.13
33146.40
64307.60
7464.16
21097.50
79463.79
7981.61
26055.72
12653.36
12334.14
6186.72
70944.48
7548.00
8857.52
60412.86
19534.57
6583.08
5300.75
33010.25
23807.74
8639.10
2833.02
11597.18
41344.45
46826.59
30974.58
60865.00
35645.61
16007.16
75373.90
56634.48
40962.79
12325.95
57437.60
71484.27
37059.90
65847.16
27587.16
7715.40
41155.20
72442.44
21137.23
43846.00
30623.94
2628.82
3213.40
54257.84
30392.40
19941.28
10240.74
54713.60
44165.50
13318.00
4573.86
44162.30
37798.61
981.08
42134.16
2314.50
5455.90
48267.66
32394.20
75198.80
26470.08
54577.13
72186.66
44047.96
38082.25
2706.90
61601.76
25030.32
75099.20
65176.88
76750.36
31070.97
40216.44
10043.11
65300.23
20808.61
39511.34
5489.84
63403.20
38440.75
21207.80
69297.93
33523.88
22313.70
1604.70
38289.25
55615.34
16285.50
24890.67
47213.66
53571.70
33362.07
82477.95
24072.18
6481.02
17743.04
65841.72
65068.40
11496.60
61594.75
86617.71
42870.00
54169.38
36558.96
47976.53
21485.31
26178.50
16487.28
45769.95
28083.78
41185.32
7634.22
26253.50
57515.64
19521.40
68447.78
16382.70
8591.24
73447.74
50032.80
7287.70
22643.79
48011.60
48184.08
36471.96
46695.06
9712.26
3852.20
52972.80
19821.15
80078.13
19186.44
35780.85
11534.18
35258.10
26830.44
22037.58
52928.33
37307.16
17239.87
21303.20
40673.86
19260.54
27058.56
58371.60
30656.56
49282.20
3648.90
28591.50
22683.57
59305.19
52723.44
30888.99
40163.29
13959.00
53463.50
15135.92
30114.50
12113.20
81769.24
3738.99
68474.68
52946.58
6348.90
14205.60
56479.21
65238.25
72504.08
11267.90
67581.38
21783.46
32362.02
43285.31
56193.50
35717.60
13103.72
24732.27
77735.18
45451.68
5500.95
27352.98
64088.98
54598.50
14055.21
11099.84
3135.30
7213.80
45242.02
49311.08
39186.84
14519.82
59331.36
6899.28
38354.25
31554.25
3171.45
36339.00
73727.02
35781.44
34296.90
42509.44
33243.84
31056.48
43581.60
52258.33
25373.60
27024.56
85206.30
19911.06
54111.33
48772.40
3553.72
15521.17
49639.05
57040.20
4208.56
38613.12
13710.15
75048.96
42445.44
22872.48
26569.89
9036.90
6234.60
61244.40
50998.08
79547.60
17854.20
56758.52
94649.00
31520.81
51991.40
30976.64
29093.02
3745.02
76230.50
77085.42
52600.49
28251.36
16722.81
67642.92
14898.95
12933.80
26299.62
24534.40
33102.30
6475.02
87370.65
4865.35
38436.65
7948.40
49248.77
984.08
20052.01
26902.62
36964.25
28848.60
25533.82
18719.69
59199.00
1627.72
36602.50
43804.58
58132.62
20922.61
20091.45
44468.97
2304.50
2334.52
3157.34
28988.05
54814.22
5265.70
78787.80
4994.28
35569.14
27694.24
12349.44
6036.60
27372.80
4488.84
34990.08
59402.70
37263.36
59997.84
4708.98
13054.72
14559.28
62943.32
3402.69
13702.40
27807.24
32248.66
42851.90
42413.95
34744.11
15613.47
12541.32
16217.01
8694.45
44038.32
41124.40
19505.85
34958.67
55331.28
12858.04
18900.60
47399.75
19941.90
14955.90
23118.84
1196.28
46904.54
47110.68
13846.56
21483.20
35788.00
38276.26
1655.75
47652.60
59414.00
54425.60
10301.20
37852.02
39316.50
67657.98
54015.96
22424.20
28396.68
21919.10
8288.82
16638.00
51624.30
64904.40
44643.60
39380.85
80543.26
44196.50
45624.96
31705.02
41921.88
61707.12
68084.52
1503.60
27445.67
40129.18
36633.90
14870.10
48844.06
18050.24
44621.88
49650.84
2182.36
18557.76
36194.55
31673.40
18175.72
36536.43
36580.50
29815.48
1152.25
53407.42
45210.75
30734.13
17700.90
31380.98
33781.00
80032.04
16627.50
1049.14
43778.40
33347.52
26779.00
1346.44
59781.27
22930.05
70830.10
34237.44
39877.78
51337.02
16568.37
6721.26
25403.82
48231.15
48100.32
9073.76
46003.58
31704.58
19572.28
58316.16
69424.00
14475.48
48513.92
11268.00
34241.40
57613.92
45636.14
13677.82
16916.36
13454.64
89854.08
3504.78
48604.50
92560.02
64733.85
53299.61
69774.00
44101.86
66643.20
15550.38
23725.20
43859.16
58559.16
5534.82
88593.00
38001.89
16994.40
40430.55
17884.20
23274.60
46708.43
15968.16
62986.80
25248.09
15045.84
69021.04
23661.27
69691.39
23233.44
11613.42
46670.85
43055.74
47595.69
30024.20
41669.76
53135.55
7159.74
47149.50
47887.20
39990.86
46128.60
46725.28
37621.56
42218.82
30407.50
36099.81
4132.48
32979.67
43299.63
30070.62
58035.50
85454.55
13344.30
14535.51
29823.20
62947.20
66290.40
67111.59
13575.00
61505.76
14549.73
57813.76
7252.84
61165.50
28730.60
53516.40
5397.76
30104.62
22448.70
7322.80
79940.18
66070.50
2886.15
33118.38
45619.56
1425.51
1217.31
58173.12
61973.01
18169.10
31704.32
2328.50
30412.20
9964.50
49364.16
48562.08
1836.02
69389.53
7056.70
34018.40
2326.50
6132.72
7027.36
76057.80
59120.22
51267.94
28055.70
35423.70
28813.32
92118.53
60262.64
18727.02
79374.99
35215.18
64348.00
26007.30
71959.44
13446.16
43366.20
70718.34
28529.85
36410.43
22722.30
79757.58
16415.19
71664.95
32714.58
67277.30
33003.36
60670.01
62105.01
14704.16
7371.76
76448.64
16502.85
8983.59
3649.82
35756.95
66799.59
68868.54
37061.85
47058.88
21694.80
1720.82
60004.90
51358.86
30832.78
13117.95
67570.92
12244.05
23876.99
3781.05
9802.62
39807.90
17546.90
34114.08
84103.20
8961.68
39975.39
80308.64
4102.38
6214.60
38870.70
46979.40
3144.42
7853.30
86202.16
26908.20
13181.84
7312.80
61466.00
19321.20
69375.93
45245.79
54078.09
43871.25
67565.40
39272.58
8539.00
31590.16
59841.55
2899.08
41218.20
80094.15
66199.50
82387.00
56795.84
30231.20
7816.56
38651.40
35043.03
19943.14
7983.45
29821.50
62262.49
10144.98
8465.20
59326.08
67510.80
34837.41
14282.29
2250.42
27280.80
35948.70
61958.52
44742.95
11778.00
14030.80
52555.20
47790.40
19380.35
59454.40
31344.10
41193.25
64643.85
37124.85
79372.19
19553.28
62201.22
17343.60
26110.29
22227.40
53967.84
22779.15
59498.64
1377.46
12893.58
74306.32
29863.90
36705.15
32833.65
20797.98
9649.44
5039.31
53407.11
32948.04
47330.10
40768.00
21064.68
5418.00
51505.02
74804.38
66245.96
31193.00
40430.32
6995.36
19244.88
51151.39
34283.34
9059.50
5027.31
18035.36
22429.97
46645.83
42332.64
57146.18
76200.08
50015.52
59948.35
26939.12
35738.43
52346.70
15280.11
5926.40
27415.90
13404.30
42094.66
41669.76
22840.84
11779.46
52761.12
30536.88
94749.50
12978.28
66715.65
37439.20
61856.36
25450.74
3063.24
26954.25
7528.00
44416.98
7219.60
40110.66
50774.40
15366.20
29557.29
5229.60
35396.05
37012.32
18740.16
11499.18
83291.56
39667.29
25749.54
26472.38
36538.40
45354.20
18652.23
5606.05
52373.50
44039.16
91343.52
35777.40
1621.72
45897.67
27929.52
45423.51
5537.82
64286.04
21666.69
29176.90
54706.88
9351.84
19425.42
31782.44
21243.20
12839.86
9928.71
16082.40
59219.48
8577.24
78808.19
43853.88
8283.75
62222.01
53156.52
25281.00
24595.90
44295.16
4078.35
35859.24
6931.28
12648.30
40732.20
67464.00
79283.25
27028.62
47378.56
14393.68
8183.65
18499.06
55361.97
45574.10
50532.52
61054.60
51894.60
4988.28
57966.51
43003.87
38390.56
44346.30
38828.64
2216.40
14596.05
40940.28
2909.10
57541.20
45405.22
28301.76
43517.84
41286.54
46181.78
84688.65
32290.72
50168.82
42435.30
14081.85
28494.08
66085.20
14406.30
63094.21
21289.95
39282.84
74746.76
48433.34
56420.00
59583.20
9940.50
61724.52
42893.76
7993.45
28131.02
72645.08
67114.30
1864.96
69561.53
1454.54
58353.94
10504.13
52600.18
83044.22
50861.65
56654.73
45521.98
15162.93
32857.65
29709.35
11739.00
27029.04
56688.28
59364.00
42701.57
53228.52
42296.80
6888.49
989.08
33531.63
41558.77
34052.80
32607.70
34191.72
19937.06
78858.99
83026.68
79868.70
44957.70
13214.10
47540.40
20453.92
57174.42
33969.72
75103.68
22307.40
72440.85
26210.60
42893.76
21835.10
43538.77
21064.26
31749.48
12823.44
8799.25
35466.76
35397.20
19896.15
39066.25
43865.40
29992.48
1164.26
45522.75
47603.49
28656.00
51211.02
18545.33
33762.63
28704.42
24710.18
68552.40
13324.30
10838.70
18700.40
86432.62
7848.30
45839.43
45575.76
66188.56
40188.66
76947.42
5177.46
41286.54
24204.18
8779.25
49192.20
54489.28
39666.12
46425.30
46898.88
14447.51
69793.92
39662.28
37323.52
35435.07
