57248.52
12153.00
30938.58
21873.56
60286.17
46052.67
26395.05
11071.90
47017.06
4276.64
20884.61
76983.06
75888.55
57340.80
49418.55
84989.50
60039.84
61138.35
46514.88
31207.22
27149.00
40342.75
74099.61
68855.15
3495.68
71233.67
8640.45
8443.90
28840.32
45142.56
57462.00
7219.74
31129.54
29671.40
26488.08
5541.92
57273.84
1454.55
65542.08
3439.62
57778.04
2898.18
12385.56
79137.66
6602.05
61153.32
4982.25
25816.28
3081.36
67901.82
22683.57
72499.05
2092.28
19824.84
42548.64
42256.20
92297.00
35377.20
74798.40
24446.40
12172.05
60165.84
36999.16
35455.14
10050.80
40687.92
75721.38
13022.04
25613.50
31278.81
2943.21
40723.92
41379.80
17205.70
46814.04
46963.74
61425.20
1376.46
6156.60
43709.12
60376.26
9370.17
32063.02
18759.70
1936.12
53779.73
9940.80
71354.80
30822.66
22214.40
17869.18
25500.30
47610.17
27667.16
16743.15
9670.50
26508.40
15236.20
24498.22
78580.81
33203.28
41264.64
9171.72
4176.56
21082.23
3742.02
74712.54
17955.52
47488.25
77739.70
37189.50
10967.52
77445.06
24834.04
39192.00
20882.60
59876.64
26818.69
63179.62
29482.24
6651.00
21879.36
32899.36
44209.16
72550.61
6643.20
76569.85
76373.85
39905.32
13716.95
37279.76
19754.79
52346.25
38260.11
21319.32
54639.75
20592.44
42594.62
22305.53
92658.02
3756.12
69902.06
79784.00
11162.76
25955.16
19781.60
50959.02
27813.24
47319.88
37610.04
2082.26
48235.68
16604.37
64908.80
60559.84
3956.32
68281.82
19551.63
27418.80
23734.62
18240.20
70454.52
20789.61
17948.80
7261.80
40026.56
13574.50
41584.33
85535.77
33947.64
26577.90
11021.58
3437.62
37217.73
7784.28
88193.00
79030.99
1013.10
3451.62
44444.40
77232.00
18232.50
35016.80
20001.00
81625.50
65734.08
41203.68
39179.36
1914.10
89344.00
37461.38
34901.48
69690.53
1635.73
33124.16
59410.53
3023.20
32137.51
47352.00
47265.40
39089.28
68792.40
81621.75
47045.91
36404.50
29964.48
34975.26
56999.70
3595.78
19699.68
12780.04
2781.06
34098.12
63877.95
28810.60
54292.42
44207.10
16347.20
49480.92
22474.53
8305.04
48143.92
49494.90
12403.02
9509.95
78139.81
19831.90
38640.42
38392.56
27969.92
54453.96
942.03
60483.84
10721.28
60365.00
47975.49
5664.24
2588.78
46600.96
43973.81
7277.70
27192.21
2742.00
68087.76
55769.85
70723.82
24315.62
11874.69
73577.91
19173.21
4585.86
52888.77
31533.39
34421.57
7876.54
27010.80
31803.48
25403.82
20749.68
42412.46
26262.60
59263.20
15108.84
6818.49
26406.38
78710.28
70925.50
15707.10
10026.80
58269.12
8601.12
74599.12
89813.57
26080.34
58863.70
68634.15
34260.34
52632.87
38887.94
93348.00
13094.16
16616.60
53157.15
14586.39
45805.61
65623.95
11506.11
48099.66
66633.84
46855.59
21443.31
5545.92
39448.94
41565.20
46017.30
994.08
78283.00
42225.00
20561.71
51709.40
77161.18
18635.23
39101.85
46565.30
49522.36
10715.44
15206.38
30956.58
90094.56
78008.25
83682.20
62767.50
53306.10
36053.01
47057.40
78226.56
52901.16
51181.94
24482.64
36705.15
43934.28
23084.80
11708.40
10109.11
10928.79
22727.88
5108.40
30608.55
46458.88
13863.85
40054.56
5597.88
13966.72
9363.90
49068.80
26110.62
52344.33
17027.82
52631.68
88076.59
8523.36
39297.72
60383.36
44118.48
15472.80
41814.00
27654.24
24357.62
23655.33
52741.17
23625.40
78006.28
39753.32
7533.12
9508.08
64574.25
31975.29
1485.58
32137.56
63691.32
10462.13
31441.80
29679.20
29609.51
74984.69
46319.35
20398.14
29043.78
31926.44
4072.35
8976.59
66613.05
37151.70
44236.80
22139.16
20833.78
46067.40
31408.75
56870.72
24961.30
19887.14
2602.78
56141.67
77124.96
17727.38
34844.48
74526.72
42966.25
43249.92
7285.80
63859.32
75158.80
39763.60
72264.66
47125.40
92217.02
17803.57
51456.86
7323.68
45360.32
3179.36
34114.74
83606.89
93148.51
15512.77
33035.97
44940.24
36464.74
8857.60
17704.05
7515.88
23050.25
85634.55
55644.00
41272.74
13784.70
21868.46
24746.88
38680.80
37259.00
75363.20
23145.00
15419.00
39952.38
24429.68
46068.36
75519.54
40299.93
84088.50
62345.01
51819.95
33611.00
45601.14
10944.00
1148.24
9414.85
22019.16
82087.00
31382.58
35388.49
34181.82
64719.50
51819.95
21670.80
52196.87
55823.04
15472.56
57635.90
15556.50
46705.74
40010.88
52352.18
47603.49
75174.96
21623.20
10971.68
29871.60
33390.38
19772.88
44056.44
46704.60
19707.25
52551.76
38705.23
70938.82
41581.47
44335.04
31433.50
39786.00
38003.44
39101.44
3699.96
4556.92
5156.43
33735.40
8514.36
55411.40
19213.74
17839.20
11668.40
17238.24
23147.89
19596.00
23352.80
24101.22
47446.66
14103.24
41978.37
25273.56
37544.32
2829.00
9811.62
53677.05
30444.96
25828.08
11881.87
43101.08
66630.40
5952.48
82571.48
45407.52
23923.83
996.08
27160.88
19580.64
81678.01
64869.37
62247.64
1500.60
65190.58
82886.85
42483.54
71739.84
39132.85
70382.34
25582.36
17580.04
35738.43
47283.84
13622.84
14896.32
64148.16
18109.00
21334.88
50720.99
35909.62
30112.96
44300.52
24362.52
5069.44
80824.92
42201.72
70389.21
22760.92
52197.18
31673.40
16157.10
12712.50
25962.74
19492.96
30808.25
22884.48
45128.30
17238.20
45431.76
3997.26
23801.00
30497.04
20536.45
21646.68
23015.08
60753.70
26560.38
10763.34
26390.00
71234.80
71074.80
53102.70
81936.50
50998.08
6580.21
56753.73
48787.84
11830.00
15514.80
63292.05
42318.54
4364.72
7195.74
56363.76
38410.44
33961.25
79590.42
68585.82
65710.29
25643.04
56966.31
61890.24
17328.75
61269.12
27068.80
29978.86
48235.68
71538.03
36075.27
61905.60
60319.35
31561.41
46120.36
87949.61
9541.35
13694.76
45370.05
36620.43
68915.67
44422.56
7362.80
2504.68
24338.64
28424.85
75043.96
57781.05
28731.00
36551.20
6608.28
18343.98
19813.28
16683.81
20416.44
70469.10
9198.99
24516.00
1387.48
41519.45
54093.76
11333.88
11942.80
52299.87
23497.20
31515.44
17716.21
19724.47
46939.50
22925.25
71455.25
50332.74
6859.38
44387.98
71857.24
37360.80
26427.84
3924.28
54616.38
38563.82
47921.49
82518.94
45587.36
46274.72
25046.40
5345.64
11433.24
20251.76
7482.95
47055.40
20455.93
35030.16
41368.50
61177.74
26797.40
10587.36
46611.29
32556.73
6391.07
18689.60
35112.03
56870.04
53246.10
16537.40
14370.12
37239.00
42045.15
38974.74
85840.65
26825.40
60407.84
3067.24
63529.62
28873.05
33569.65
82853.95
84598.65
50325.44
14911.60
78384.81
5639.91
20618.42
62388.74
44933.00
49454.70
46042.72
82014.24
8430.03
21915.14
15542.80
68399.76
2829.00
10481.04
43557.92
20504.66
57616.65
13346.52
37503.48
61958.52
17748.60
66677.52
1661.75
12132.88
3747.94
28226.02
52639.16
16737.70
32088.72
22662.64
35205.86
21069.23
37373.38
20206.23
57112.18
24218.25
13730.49
11091.84
11332.30
25819.36
46927.40
46850.04
38915.00
25283.28
60991.68
83512.89
14911.60
57036.06
67447.67
41095.89
13398.08
68571.24
69841.34
18716.52
52171.90
57208.06
82840.94
69901.92
44861.85
29600.32
62341.74
6566.96
39421.36
40752.78
29918.54
58077.42
12986.04
52619.76
22127.76
38897.04
12824.14
44677.98
66219.30
36759.15
62826.40
4268.60
20200.04
56732.72
8946.72
41317.32
43846.00
7333.92
10532.20
13685.49
78944.99
42515.26
32678.34
13994.90
18989.90
29149.05
69905.96
49322.91
44021.50
83888.89
25867.55
14562.73
13089.72
60081.84
57228.48
66309.60
51856.50
36413.75
15166.50
13599.63
37818.69
64262.71
63191.08
13178.28
54662.52
36668.72
47207.16
15256.32
29445.46
35389.44
25301.70
24786.60
90156.57
8493.10
47249.50
44207.04
13352.56
44639.49
36929.33
23645.83
17750.38
39803.05
33357.25
23222.50
4537.80
12031.67
57195.74
54066.05
3243.42
59868.90
2434.62
37661.04
15063.84
69801.48
11452.40
64432.55
48510.11
2883.15
10643.36
54531.75
60865.35
17914.20
21664.37
50152.80
9754.26
37202.12
59723.08
6931.50
45492.16
28709.26
64730.25
16836.82
53271.12
56649.10
59114.70
27541.26
12038.67
48364.75
22140.63
5489.88
30755.55
34096.00
13104.00
1988.16
29030.80
25403.82
976.07
10438.98
10979.52
54934.14
87643.68
19689.80
34218.45
44112.25
11664.72
12044.72
1016.10
32080.02
77632.00
1142.23
53720.64
33892.80
11588.32
61119.66
76992.96
22704.96
61751.78
30032.73
15208.32
35962.64
66490.11
82436.40
5204.49
39492.30
40135.68
59391.36
34116.24
19604.64
25041.06
28706.62
36965.25
21638.96
24890.14
29031.50
55589.85
52550.16
64317.62
50004.80
78290.72
1535.62
27399.67
50905.50
17875.62
14225.10
89854.08
57534.45
6550.92
75314.13
21919.24
26670.60
28030.25
44417.26
44484.73
53241.97
13958.64
41624.80
79977.85
53517.31
30299.67
40706.78
41337.34
5770.12
11604.60
55491.04
56548.72
43983.04
56670.75
68280.96
68823.50
26628.60
59304.70
65628.29
22418.85
3069.33
18724.02
31804.50
39291.50
54267.72
15178.38
44163.56
42103.22
5080.55
47986.88
52980.39
44733.60
77820.25
7266.91
15568.68
8253.70
1849.94
54706.88
28154.55
73090.97
27375.26
20854.68
56063.67
38885.08
54193.05
40530.48
3189.36
30622.30
16992.54
28351.20
46216.17
6300.84
36718.40
36566.88
45407.88
11408.43
2056.24
18463.56
35339.05
15496.68
85290.00
20926.08
37351.00
39642.30
40003.20
42689.36
43445.92
18809.70
30917.60
63202.05
20642.40
31193.00
49552.20
30122.70
41694.80
8219.89
31623.41
38273.76
42855.25
2554.74
92805.02
32902.56
82391.40
48007.84
57657.60
13117.84
1880.97
31549.65
47219.48
9120.10
1857.94
48387.68
28828.61
44013.50
12433.40
75048.96
37128.00
32655.28
74780.72
33996.24
