9808.38
8964.40
27954.16
15976.90
74733.75
1902.99
43934.28
28737.66
34198.89
80297.77
21418.44
57861.60
51329.25
59742.40
20639.84
74554.69
56907.84
19366.91
11232.21
28770.60
61115.50
27028.35
69417.04
50169.38
32554.34
35409.13
42045.15
50679.90
18792.52
49589.76
1293.39
11043.69
25902.83
5110.60
73283.91
54150.72
6717.15
66854.93
26235.58
66817.93
4895.19
1795.88
13071.08
5581.05
73205.44
11361.15
20830.50
73292.40
16110.05
32265.83
72236.12
48501.00
22531.97
42911.00
6625.14
45913.98
28630.58
76017.98
6282.84
28518.72
30854.78
47823.12
32975.64
20866.89
15216.64
20980.26
57448.57
19809.79
13034.16
33050.04
41558.47
37125.06
11793.46
55993.74
49975.38
49164.57
79663.72
45769.20
58874.40
36010.18
40715.71
10643.16
20959.68
25597.08
1383.48
75765.54
59114.53
69899.48
46714.16
51906.52
46970.80
1297.39
23817.28
52380.65
5834.20
14925.80
16150.42
42094.25
24736.04
36003.22
16635.92
9141.66
60046.96
35438.10
34518.12
49373.08
18409.80
42778.08
19775.25
31842.56
9694.44
40759.16
22872.96
31302.18
17803.38
21232.40
65463.88
71522.88
38110.50
78247.35
38410.81
72833.08
4916.19
26080.34
54778.14
52707.24
8423.90
7447.80
42239.95
38537.60
32154.10
15174.17
33185.50
28168.83
25788.28
37032.00
2829.09
23505.40
37990.25
5826.42
31249.87
35533.68
27465.26
27260.64
46193.28
9306.08
28092.83
1562.65
35112.50
72112.36
30188.76
12272.52
35396.05
48628.90
22253.40
40826.52
87700.12
25287.20
50655.50
51305.50
31113.00
13940.96
57183.39
5591.85
3925.20
12998.04
62949.16
36764.00
2982.27
49087.22
80820.96
41701.51
42087.63
53666.40
76275.36
8793.63
33124.67
88392.50
50654.74
26704.50
59222.80
60712.22
2390.58
61533.56
59373.45
19572.67
11612.32
42093.12
44759.25
14619.72
58473.54
62918.12
14271.12
45926.43
27238.65
67775.37
56533.84
12663.60
63661.85
28318.68
14206.88
7863.30
66358.56
65093.85
18713.89
29526.11
55672.89
61649.76
23209.20
77998.13
76160.64
38541.00
19111.74
47090.40
65162.40
23818.62
69441.60
5480.95
44569.98
50113.80
30009.86
29728.64
56261.16
52174.58
61225.12
35768.40
80885.50
48840.30
11586.42
66988.30
20723.78
45950.50
43434.30
18164.95
17569.05
11727.65
48771.33
10286.92
75196.87
53674.08
48969.77
27329.64
38890.74
14524.62
8639.10
29245.59
1560.65
2975.16
14496.00
27899.74
24999.52
60634.80
73742.40
9049.76
13885.96
30783.60
13060.08
10516.55
56390.20
42704.24
54093.24
66093.72
75000.38
37483.56
26992.62
7466.04
44063.88
61953.64
57812.50
34145.82
48759.81
15376.80
11332.08
71132.49
54778.95
3563.74
23375.75
40602.90
35937.80
25872.08
53264.52
34426.10
79193.25
17922.96
71976.50
40461.93
48180.64
40744.88
73247.40
84539.00
31693.60
1683.77
41624.40
63337.50
65995.20
12541.28
22425.13
43876.50
20713.98
68427.45
83922.75
18440.20
19893.60
25713.36
57084.72
63066.15
20093.19
62739.30
5651.10
73821.02
48056.36
36438.75
35487.75
54750.96
18564.33
44898.36
17706.70
44496.75
31361.22
34633.80
3643.82
37018.80
2428.62
22523.85
25603.83
81044.92
1334.42
36798.60
84733.65
20391.75
93248.00
19905.00
17683.20
22763.76
22353.52
2116.30
54596.29
9883.71
59199.84
21209.10
32885.58
53470.44
73951.83
18560.40
36463.15
39487.70
54343.28
7517.95
8213.65
29047.46
48426.06
34844.67
13036.86
15590.77
69123.50
44114.73
72161.62
4584.96
69262.52
57044.18
1854.95
41305.02
4032.40
44484.30
8593.36
85959.24
10801.70
38765.16
20878.88
56499.50
78916.74
74767.20
15076.35
31618.56
74021.61
51511.68
62738.13
13105.30
65920.00
47343.24
10667.22
45169.92
32482.56
7415.80
28480.03
20677.27
42795.98
38596.53
84568.80
8294.82
18059.00
88593.50
32165.27
15436.56
2026.20
31428.35
63836.94
63067.05
12421.42
49857.85
71697.90
24212.84
54373.50
26796.32
19634.86
14551.20
45209.58
18884.80
40576.90
44207.60
55465.74
23791.33
77025.60
26428.38
46248.50
88390.61
36892.33
65734.08
11361.24
27029.50
42745.85
34034.91
14718.86
63923.40
43853.88
19025.25
6071.55
14484.60
26501.72
7272.75
29353.86
3940.20
31551.12
57075.20
45801.40
32992.74
28814.24
34444.52
4003.26
19641.40
18759.60
12946.77
19326.58
21204.78
30825.12
7872.56
76737.84
43366.20
4657.92
16157.28
11102.00
26975.43
16506.00
53858.50
32044.66
12883.86
48646.50
13650.00
81916.24
26299.14
17908.80
56297.67
33208.96
52521.12
59829.84
36578.43
64269.00
88734.59
29215.44
42820.24
51830.72
51066.36
8449.20
10388.16
69774.00
28093.60
48886.11
50135.78
43606.53
21214.32
56594.72
14495.28
18323.25
16217.55
23082.66
47192.23
12079.98
15504.96
17983.08
58306.38
29185.77
59493.42
26804.00
66291.81
7272.00
72155.60
28397.21
17989.35
23040.99
10871.40
9229.65
23909.06
7496.04
43967.16
41909.78
60508.35
55547.52
52076.25
16587.50
40722.96
13811.67
55819.45
38364.26
42465.85
54923.52
75098.87
34851.18
46975.41
72316.02
19604.64
25496.85
26219.68
48509.64
53908.50
32323.20
53417.20
38223.14
2012.20
1650.74
47661.75
33995.80
46418.40
64796.04
3569.74
89710.08
38364.56
36434.88
61188.38
54854.52
58772.32
18235.98
33776.88
9929.57
51119.25
59422.80
23059.08
58713.69
7547.88
73837.60
71853.60
44620.27
29099.46
12028.80
58022.10
59157.00
26626.60
29796.20
22650.00
69751.99
15427.50
56484.94
58923.00
36253.52
46301.00
46201.32
56131.16
33179.28
17644.90
43269.36
38291.10
9865.71
48732.40
83687.56
33611.00
65757.30
71292.03
22269.52
45157.58
2857.04
50754.60
9024.50
57762.00
1972.16
10811.52
1049.14
35348.28
66402.38
35281.18
24027.96
8649.44
1282.37
12623.60
1186.28
27610.24
24987.56
7491.84
8709.15
59163.50
63001.83
32510.73
37560.32
85742.16
2925.10
40742.94
80297.77
3153.45
9442.02
40932.71
26443.84
29010.60
30061.92
42394.00
8883.42
40843.50
35607.14
53880.55
13740.00
38176.11
42829.44
21246.54
15893.04
14183.18
70139.25
19731.42
26500.56
13636.98
22158.94
82799.22
70339.26
74834.76
25251.36
24806.10
30968.12
78664.32
32612.84
17586.72
26328.50
30108.92
21217.65
4270.53
21779.10
72391.50
1437.53
6932.35
22091.58
29134.56
47210.80
63716.88
21209.32
38012.04
44977.44
40995.45
18740.60
74758.40
13650.84
2784.98
11364.32
16127.00
34825.18
44296.50
19671.15
23977.44
70868.10
40294.92
63564.88
69947.99
45721.72
43492.02
37521.20
27949.80
9300.20
41480.64
45918.60
22429.97
24806.10
30016.96
40235.20
43950.48
16955.73
10417.44
22379.94
45240.72
2911.08
29695.32
34522.11
1996.18
43921.25
13352.43
7303.86
46714.16
51013.48
2786.96
85676.77
30860.35
43655.84
2516.70
66634.20
57481.65
45031.49
1646.74
51258.40
33016.04
5155.60
15217.11
72568.44
20379.58
15394.39
36600.40
12757.80
59771.94
10992.12
24802.00
5216.49
40421.29
35004.96
5571.00
27041.56
33605.28
20444.58
50218.65
70430.10
16358.55
24656.10
39492.30
10087.00
23398.20
1112.20
17714.90
79203.26
1858.95
8192.76
25544.17
71394.80
52495.58
6909.49
64222.20
40912.20
31226.76
57119.57
5940.48
30296.76
19220.70
38056.04
36347.22
46586.40
70868.48
10655.22
5641.10
32760.70
14775.84
14424.21
41204.80
31272.75
36305.22
1888.98
43179.50
3433.62
20704.32
40019.32
30938.47
34694.92
36608.44
46549.60
14973.75
35462.75
41078.79
73652.85
39185.72
62994.50
47902.50
8233.70
47787.12
29216.00
35894.34
35126.42
7407.80
34377.40
37755.69
69996.99
35062.25
5490.95
21840.00
32691.05
6091.55
58721.60
54134.52
21713.10
55673.80
46787.06
1192.29
37361.20
88700.64
30734.13
16307.70
37339.50
63718.50
55451.52
29621.68
6617.10
48299.80
61610.15
27928.45
68111.82
38808.12
93198.00
65634.75
15994.16
8774.20
38335.48
18307.44
42115.15
20723.78
48691.52
41489.70
17988.90
30753.60
39116.25
20139.42
46983.91
38569.16
59495.08
54267.00
33944.40
3267.44
33832.40
56648.63
35378.76
60780.93
6606.96
15581.50
10751.70
17530.48
7122.55
27279.90
21082.68
92447.00
15878.34
46724.00
31076.00
50002.80
46790.43
6214.56
73090.97
49908.80
69424.00
19091.28
32585.40
33050.04
58283.92
17728.70
7912.64
935.03
17057.90
48857.89
39491.75
7553.00
50201.64
58155.35
60003.36
36427.17
34486.75
29095.64
51575.20
26145.72
3389.58
10104.71
32921.67
34188.74
29647.92
45370.62
15729.12
11524.32
29664.64
54061.28
55410.00
17070.34
1514.60
1475.57
41388.54
30472.20
8809.60
8023.68
61598.36
64067.60
6829.32
24385.62
5831.30
48099.92
52380.65
40573.20
61558.75
18667.68
60543.70
22728.16
85914.24
88587.10
60832.08
80835.50
58172.80
33372.72
51222.08
72035.60
1597.68
37653.02
6951.56
55822.27
73954.20
12853.92
7706.22
16579.81
12085.20
44438.76
68868.66
63750.51
54442.52
38174.25
25659.84
46223.50
19754.68
46600.16
19856.88
43694.40
60640.80
39545.76
10546.20
9018.66
50478.12
39466.24
65784.42
17341.87
27364.90
34012.89
43474.53
41150.85
62670.74
64225.32
4897.28
22305.53
72477.00
1475.57
1778.87
46930.80
2940.21
58190.88
40651.92
82537.00
31938.88
49013.28
35503.72
15785.90
29803.50
73822.91
36805.37
46257.28
22296.48
43211.08
43305.92
14896.20
5460.00
33803.46
43426.80
39926.38
5600.88
38961.44
35138.52
38791.54
86617.71
16325.10
17268.60
40538.75
36839.10
57214.18
45107.79
38392.56
38975.31
57975.72
14295.36
12036.87
22123.40
42873.38
41903.93
63627.20
67786.92
45513.65
18151.20
21274.32
16786.24
15905.28
48423.04
9508.02
27749.70
39210.17
61266.66
21588.18
26667.05
26057.93
47293.52
36989.25
21119.78
30680.88
