80472.48
44253.12
15592.68
27489.20
20680.66
30705.21
24827.25
66114.56
22327.80
42154.20
54501.72
18331.32
19629.47
43968.15
47398.92
3668.04
36579.15
35618.40
17214.36
45163.30
56699.52
78562.35
40119.86
36338.20
40178.63
3671.84
27674.45
13905.30
19533.67
31253.00
55514.56
28975.32
19300.80
43299.99
80148.48
33089.07
41469.56
79373.25
59718.55
20846.61
16931.07
31133.25
35911.57
21457.80
63753.15
8881.60
23169.45
37551.60
3711.99
54490.56
37215.36
43621.90
28451.08
36295.36
38364.48
30749.32
58404.91
3333.52
64373.71
29271.00
1441.53
8833.60
68607.45
60474.96
16698.15
29781.28
16717.70
4268.60
32372.01
60558.64
46432.88
36930.25
37581.61
1465.56
24806.04
26382.75
37508.66
16931.20
26019.74
34077.37
72158.36
35529.24
11472.40
5410.85
30143.68
57962.86
19699.68
20222.00
50966.37
16559.37
22378.97
22816.08
15276.52
13368.41
42895.25
6732.15
9712.26
47821.53
18640.40
23983.96
27048.80
6121.55
25525.50
93297.50
50144.64
79562.28
39927.80
88797.12
25676.00
41340.08
37960.96
3742.02
75627.64
26022.30
47850.70
23609.12
40681.16
26128.00
49348.65
22380.12
42381.12
10955.52
2380.56
59694.18
45288.00
18870.02
46778.60
13094.00
40522.55
19634.86
46234.60
48555.07
64435.68
7335.68
2660.86
52380.65
6396.90
16014.51
31793.60
80340.48
34434.66
25707.40
53332.62
43860.77
70635.21
10483.55
20599.23
48380.76
15521.17
58108.05
76689.12
46872.43
43178.74
19019.90
38280.96
28370.68
57420.80
45497.75
8120.88
49760.70
43895.16
61093.12
48535.46
21371.04
7490.04
29164.59
33372.72
23649.90
20657.98
79734.50
29782.00
78987.56
27581.40
68558.78
12749.52
50055.70
39432.90
39642.00
33782.70
42646.53
52436.25
61015.50
33046.86
40151.29
66633.84
59667.65
36095.01
17678.60
51735.20
37610.80
36101.52
42381.72
17542.72
74279.00
36940.32
24380.40
47344.32
35597.40
16832.06
17992.92
46444.72
68323.00
42997.24
53739.96
53937.60
50454.00
18279.14
11793.46
68797.14
29952.96
1128.22
20560.14
18547.68
47923.92
60821.92
61485.12
87066.63
64362.55
25037.88
83742.75
2961.14
8631.18
21868.29
11366.04
26390.00
62028.24
4363.62
6667.20
36206.28
12103.00
21082.08
30599.35
4832.10
62755.20
29234.24
5313.68
83027.12
76265.10
51003.46
57685.74
36895.17
67743.72
52919.44
9460.02
14579.51
10066.62
44003.96
42034.46
33276.00
17493.75
30223.79
12169.32
45669.84
4378.65
67985.82
70262.63
9180.10
32654.60
48412.00
65238.78
22507.80
60849.69
61753.56
23047.31
44686.80
47473.92
45624.06
61890.24
18544.63
23553.16
3411.58
23000.25
90046.56
25370.88
5705.97
24472.01
21527.31
12894.14
38144.73
58439.54
53685.40
24478.61
51607.56
43211.08
52656.00
15207.92
63697.20
18963.00
9073.76
13445.41
5395.85
78788.25
33587.10
23857.92
48958.44
24429.45
26496.88
30292.20
8469.27
43035.90
18055.80
52757.50
49817.43
59998.72
57833.60
26228.00
12877.60
57211.20
23661.46
60210.96
23504.00
74705.89
38785.74
16487.28
24651.90
47802.00
45616.32
19965.00
28654.08
29120.00
62140.01
37363.95
12873.70
22064.00
11424.24
23738.76
35272.53
25324.60
35490.00
75355.13
7790.34
33037.67
53472.60
42255.00
47668.17
53565.33
79415.16
26578.26
41427.08
40654.68
37719.40
24185.60
28034.40
25376.70
56829.85
56500.40
24751.87
50205.00
82366.24
72746.54
13734.98
1686.78
9045.90
13612.82
64847.58
21878.25
38257.48
2989.18
56189.27
66220.14
11980.98
20202.00
49808.36
20106.32
49696.08
23825.60
33110.07
43601.46
47571.12
46484.95
67733.40
40678.75
7163.52
10026.72
32404.58
48853.50
32354.20
66642.81
31619.15
32579.52
88123.12
21420.49
3595.78
36022.48
30235.86
68153.82
12564.23
13790.88
36526.37
56852.73
22821.48
33615.65
15161.38
1300.39
40532.10
48655.33
43376.19
30721.32
1626.72
17461.19
30810.78
43824.48
28274.55
56634.48
36583.68
66390.00
51935.60
45668.98
5381.76
16704.36
70635.21
48944.02
50934.40
35163.44
44831.88
38778.12
72124.80
1255.35
79805.85
12235.05
74964.96
57502.09
25956.56
8737.44
43231.50
52901.55
70298.36
29353.86
43022.24
8681.36
28107.03
42194.50
28810.60
35798.70
28245.78
53561.26
91628.04
55802.16
58273.38
2772.06
44759.04
24051.25
34044.40
54693.42
51161.20
63228.62
50193.78
45451.82
32534.40
14757.86
63884.98
50890.36
5505.95
10739.28
70994.80
88547.06
7477.12
63658.68
1508.59
41447.77
43936.90
36557.43
8709.24
90395.00
27236.88
14125.00
48211.45
51137.46
29278.72
24497.76
1134.22
10833.48
43333.38
54648.66
4456.84
21082.50
20434.47
9910.80
29809.71
12193.32
41565.20
62765.21
50677.92
4735.20
56605.63
18631.68
22255.52
16866.36
69899.48
8784.54
25587.60
58190.88
39562.94
3269.44
20104.85
30426.33
24314.64
44934.35
12103.26
9826.56
33255.00
74678.40
50579.18
39319.16
43994.16
29203.24
40839.28
35076.80
25247.56
17771.04
75048.96
29218.28
41008.46
31293.00
64107.60
7387.76
29575.24
63517.50
57645.72
31819.81
7698.15
23124.36
19040.16
10627.36
58931.95
76502.37
43413.76
50015.05
48294.96
25639.36
50803.36
16762.06
31778.41
6631.14
7922.46
34726.51
33861.00
22199.52
4781.04
42111.16
57751.65
31290.35
21514.68
66502.56
57821.18
16946.40
77697.48
5705.97
89299.53
61264.26
19611.00
31269.06
15964.74
34341.12
26179.29
32151.03
2955.21
52301.25
14976.48
48341.03
13144.95
7056.70
4438.71
55126.50
4580.05
14715.96
70069.72
3451.62
47005.40
49084.20
51859.08
4156.41
42430.50
24918.18
37779.40
88979.59
59283.42
44812.95
52415.65
37164.42
42613.90
38613.12
43425.15
9480.30
36002.61
53590.81
34073.82
1902.08
69721.92
45028.74
34687.80
51539.60
60255.36
49620.80
46357.30
81137.10
11877.53
30128.12
71875.60
18430.89
36401.64
47006.70
57985.20
20912.97
49690.90
68504.85
44220.54
70694.80
44868.24
2973.14
31388.94
53747.05
5195.65
65308.60
2502.68
62514.72
5687.97
58905.00
19046.30
43753.56
2654.84
43464.58
67186.98
7292.75
59703.42
50378.46
32579.50
29470.88
39353.86
58735.71
22418.70
74178.50
6755.12
39431.43
48478.50
19220.64
3180.45
39279.40
29954.97
37479.84
71210.88
11852.56
20658.66
27069.38
30461.94
40430.55
45700.50
29709.68
52634.58
87841.12
46165.98
15739.56
39444.24
53233.99
29049.02
14612.62
67140.44
36118.81
38933.94
35894.34
16298.10
61313.56
13148.08
49918.28
32080.02
69163.50
63114.60
22493.66
41275.44
11562.50
69929.26
9802.56
48100.32
42272.44
3021.20
8617.36
22193.55
42380.80
33236.96
61113.78
38263.92
43434.30
48687.84
11122.00
55462.68
33435.75
40082.56
15856.70
34275.40
7916.46
33226.92
71895.60
55610.24
42268.46
22558.32
3078.36
5297.68
39966.29
52884.87
45469.58
12988.17
12773.52
44723.94
36839.10
16252.68
13482.69
47351.17
83117.40
19280.70
31424.94
86968.63
33370.92
54069.54
15192.52
47715.84
44507.88
44036.73
26742.31
34225.37
10331.04
75759.20
66310.00
5722.08
10622.43
32484.54
27712.45
43089.87
46510.60
81349.44
57855.05
46425.29
20093.32
45570.06
53739.96
34452.72
8640.45
57035.63
44786.25
19064.04
28102.14
54905.92
72388.82
16407.30
29391.20
54412.40
49035.48
62121.15
26800.98
78833.00
86891.00
44795.88
13194.10
28137.78
4352.72
31244.35
51598.74
48857.89
44735.32
37805.04
39353.85
7222.70
33764.58
9207.78
57707.18
52358.88
9838.50
46510.60
44400.40
74918.80
28020.60
25767.40
40039.09
80499.60
11682.60
86538.72
58162.50
6258.84
27606.67
25182.98
60352.32
45990.67
10282.86
46298.02
37671.69
50610.56
27773.28
61210.93
67775.37
64808.64
51006.12
21244.86
33560.75
42320.72
41906.00
62842.05
11822.70
24627.00
54489.28
39817.92
7424.16
1403.49
43029.12
24914.52
57746.10
11279.82
9090.99
40867.20
20793.96
1848.02
26403.75
16021.94
46797.14
45525.36
49277.34
10758.77
16962.00
48933.11
8793.30
56970.90
3695.88
42189.12
36615.96
22112.20
21262.86
20283.23
42815.24
7460.04
3767.96
18883.02
19264.74
26802.82
32257.27
26732.16
42529.98
34788.82
18800.10
7015.56
29504.32
28786.32
22373.70
16257.10
3171.45
36354.92
25653.00
53747.05
19571.08
86441.00
30163.77
32717.10
29999.52
3091.26
13299.93
69879.34
38961.72
11748.84
39116.50
48365.68
6066.55
23037.08
40615.12
37841.60
70178.06
52178.28
20371.45
39318.84
14262.12
72744.42
1580.67
27668.16
33615.65
17623.26
34496.40
76478.22
1310.40
15668.94
46391.01
26856.50
28766.24
51183.60
78650.80
47911.03
32899.36
45497.68
23477.52
37900.50
18576.58
12729.75
46008.60
37637.60
51702.72
25844.28
9228.87
46899.00
51906.50
11772.70
61118.33
3495.78
13224.10
14415.21
52043.76
51935.52
15124.20
18089.37
48429.48
18180.37
45729.20
54875.52
8839.30
36651.96
36063.25
2020.20
36849.60
40074.24
14071.40
75657.58
40343.09
47827.43
18206.37
15921.44
59302.80
20314.58
19341.21
8665.44
36688.75
45307.02
63426.60
37828.79
23394.75
46323.50
63336.50
31550.98
69529.92
9505.35
47874.40
56382.06
76128.36
50579.99
55029.34
40186.38
51359.44
52107.00
69058.35
35282.28
45918.84
37131.16
13694.76
7009.56
49761.75
8493.95
26508.20
14183.54
12301.32
18836.32
26127.80
85202.67
4240.60
45001.32
22056.24
46004.00
66535.65
84688.83
44999.28
32771.39
46818.32
70010.40
42813.36
93648.00
55843.28
2861.04
21575.04
54898.40
9538.08
4328.68
36398.20
25066.56
45272.79
19009.40
42855.60
73116.80
1898.99
56966.31
61675.68
59787.42
28590.72
51084.25
7984.64
34518.33
60923.17
21288.54
28947.43
55210.32
27525.96
3345.54
38828.64
53007.50
7528.00
72796.95
4045.32
38916.56
35822.36
