34922.38
1095.19
7694.28
8598.24
27036.48
49822.85
38563.82
23585.27
59023.69
32831.05
37792.04
9139.60
36907.87
23240.80
4222.50
6158.52
51569.47
1433.52
34616.29
22268.70
48591.30
26476.00
57565.45
29552.40
76130.10
40265.92
1826.92
11954.60
32542.20
18199.20
6947.32
30415.84
59070.08
6835.20
11682.60
10883.40
6897.35
65003.25
44656.43
20307.56
29551.20
60520.24
14927.12
40651.52
16968.30
8849.30
17420.37
1273.36
16846.06
32234.27
56090.88
11592.50
51462.40
27177.73
7752.48
6252.78
48110.49
7187.52
58442.16
27101.28
26299.62
6607.05
3345.54
59020.73
21323.78
37589.75
55834.88
41193.50
18752.02
42751.80
62386.00
6226.60
48388.06
73678.00
73219.97
45706.84
3253.44
1722.82
32340.35
910.00
10342.86
41028.90
36960.80
38364.26
35781.75
11661.65
29832.00
46849.14
72484.02
77277.06
32282.83
34329.33
38910.64
64436.64
31879.98
38450.48
26909.04
13388.13
75680.16
77332.00
53578.08
24621.74
50818.02
29451.20
11067.10
48650.64
21275.46
28891.59
34428.00
30888.49
45026.56
17475.48
50020.18
23593.68
3483.68
9978.57
56003.40
68184.16
63962.08
3664.00
11189.70
61217.66
25010.64
20517.70
14511.60
61934.60
43475.52
56126.07
35380.80
78075.90
49696.92
32873.10
19451.91
35215.44
51954.60
29006.25
7487.95
31744.44
23329.68
38989.44
32122.32
66647.04
21358.54
35156.70
58042.05
25875.36
44155.98
11008.69
75049.87
70442.88
17017.90
57425.55
46711.50
50004.80
43570.75
4045.32
25791.55
22327.80
53355.54
58277.94
16647.60
75759.64
36800.94
32112.66
18343.44
53712.82
53408.94
52063.11
67558.68
11982.78
39509.86
6447.14
78633.00
35709.96
56192.40
77582.00
39939.78
82014.24
91726.04
37464.75
24778.04
22343.84
59870.72
36879.12
6762.42
6992.45
41281.79
25466.88
19559.67
70466.34
60486.69
1343.44
3732.99
33081.36
87547.68
60995.25
40499.55
931.02
15842.10
18003.52
32975.70
19244.28
72156.00
34818.96
48003.43
3534.81
64284.54
28695.66
45040.26
22329.94
77024.64
23817.28
8437.10
1491.58
5958.32
20973.96
46234.14
2738.92
4189.44
15656.50
24650.64
71761.05
9544.08
76717.34
8112.88
3283.46
33387.20
11162.10
53486.94
44303.36
3213.48
21002.80
43670.20
41449.76
64328.40
55012.91
3600.90
77213.40
52907.50
12432.42
34611.75
5417.80
92647.50
38183.73
14040.45
42441.00
52088.16
42384.95
39858.28
19020.80
81572.75
8811.63
82976.85
55048.50
51326.40
58060.04
1764.85
59228.70
52976.80
59035.02
51238.46
51940.80
69472.80
18031.08
59038.70
16712.55
67501.98
50771.53
13104.08
46406.88
28531.50
20601.72
14768.32
46289.30
61128.26
33187.84
7449.05
16996.20
45432.36
14519.82
69726.96
58231.25
40235.20
67744.04
24842.84
24694.04
5971.45
10188.78
46507.30
58318.48
61073.76
57532.48
46429.20
15753.08
1220.31
15040.48
59738.00
35898.06
22587.61
55556.28
30016.96
19281.91
33755.60
47139.84
48966.54
54929.46
37439.38
23911.56
24834.18
87067.20
46909.83
4156.52
18519.40
7075.44
23998.26
35773.92
14576.00
19213.74
34330.66
60415.04
65989.09
47982.48
29831.80
27921.64
17701.04
39731.46
72071.44
52598.70
56950.06
46217.01
2943.21
50242.80
59664.50
87135.18
42571.35
52393.44
35341.68
30628.35
82542.24
10913.40
15478.29
35181.26
20405.92
6026.40
50202.18
32163.66
54743.29
49541.76
2464.64
45969.29
69157.98
50977.65
61705.20
43502.40
4660.15
23379.60
22164.00
15694.56
4993.36
1488.58
16241.76
4500.88
43967.16
14800.16
77256.83
29781.28
40910.94
43474.53
43026.20
67966.41
32386.56
9350.30
54955.22
1332.42
14791.05
8550.36
34357.20
60396.96
17928.80
28926.66
42087.78
3577.76
38767.82
26025.93
39393.90
20662.24
31449.60
36515.43
4805.16
47299.80
13361.13
34236.50
48759.81
64740.80
1019.11
21674.52
22208.80
14896.08
10591.50
81886.00
10010.72
81782.02
27942.24
16017.00
81301.54
9417.96
20158.32
2943.12
9577.35
81699.57
24166.00
20476.26
60208.80
27854.10
25402.72
35779.59
54954.71
40651.92
27564.16
37246.56
77931.90
33465.30
14731.05
30222.06
1148.24
57790.04
17574.48
24812.35
73677.20
14816.32
8838.63
5255.52
72441.26
19673.08
41220.45
25283.28
4568.92
19200.44
83584.20
46282.17
14687.36
46529.70
14127.24
22725.84
5220.65
66771.50
30578.04
24890.67
38261.73
5982.54
5460.90
21068.23
49087.48
7417.85
34785.24
19049.90
28803.82
6769.32
5066.34
26705.12
19287.09
9074.50
28487.92
1647.73
75335.58
22984.48
42837.12
51939.08
5417.76
23979.20
82550.88
69336.89
17610.60
45071.04
28509.03
46073.50
77796.32
15601.95
56667.52
49739.34
30836.30
9291.94
30104.13
71656.67
26152.56
5826.30
53173.33
66247.09
44376.80
22357.61
49724.36
8153.65
71743.24
19412.52
12285.52
20691.97
16703.55
41731.92
27140.19
60908.78
11415.24
10431.30
22101.38
16033.36
40361.70
35432.42
61700.98
19077.74
25753.00
22633.94
11748.84
23376.08
13302.00
38089.82
13202.42
11532.33
19501.40
25935.54
6867.30
15955.74
5480.90
55211.52
3666.93
48114.43
17993.76
6832.30
71704.86
18884.32
71115.36
70574.73
23895.74
21968.73
2826.12
13124.72
49959.00
36678.40
12313.44
1347.44
57039.84
61071.33
37490.60
49871.58
55397.80
27118.50
58973.21
73806.24
14480.00
34098.12
34002.45
42157.12
5249.52
4605.05
46380.88
72009.62
4207.50
50730.53
90598.06
58899.69
34657.50
33700.48
28410.36
19340.58
20031.45
55708.16
71625.60
47330.10
4069.35
56125.16
3201.48
39441.75
36338.28
56579.76
58362.48
55423.97
69057.90
71851.05
77817.59
6421.90
46867.98
49122.15
24708.04
4108.38
40732.56
35636.42
20285.93
51574.40
42456.62
64225.34
52134.60
43915.96
24726.60
37398.27
22998.99
54202.40
24625.18
18640.40
54431.35
38064.60
46484.88
39185.52
4564.92
21903.80
12820.68
68722.01
19534.57
81699.57
28663.40
32367.83
11273.82
14519.82
25647.40
32380.83
28642.82
46123.98
10188.78
4090.38
63787.20
18120.00
7419.76
41723.88
36398.64
44614.80
76244.08
29100.60
9229.65
53739.96
50303.10
6835.20
62550.42
77081.50
68213.75
81310.50
39008.85
5305.68
6557.05
43127.50
46732.14
23393.30
22893.78
63714.98
83142.22
53466.70
74228.50
49592.90
58202.55
12277.04
64339.86
36663.20
21495.04
50103.55
19244.88
51632.74
40860.00
69351.79
59614.72
6957.40
58741.92
34236.50
26278.50
53142.62
77609.40
41239.15
60126.72
38146.60
1768.86
41354.10
23226.84
66220.56
83643.56
32975.37
3414.69
87980.16
42845.25
27841.45
7548.00
35014.08
42892.25
2482.66
28325.88
2862.12
57350.52
58791.95
23319.60
10523.28
74046.20
29179.64
18200.00
72845.28
53332.62
29811.60
29281.72
41151.40
14535.50
18661.76
33479.10
6511.95
52905.12
27726.00
27830.00
56771.84
19349.91
1452.55
62322.72
49641.82
20027.42
20938.50
29815.92
37696.68
6254.64
22149.40
13278.93
33025.86
26825.58
18909.80
14634.62
52240.32
21888.00
15316.44
41336.64
89644.00
20782.84
15626.94
35929.22
18659.52
19522.86
9642.29
13094.00
11262.20
28499.85
53130.10
28055.25
13190.04
7904.64
15391.80
18823.92
22006.14
52695.36
57306.90
59823.90
63363.62
22508.42
9280.08
48904.20
19950.84
20962.80
11334.15
73829.70
6010.40
11291.82
38156.25
66135.42
33445.88
19689.80
31295.93
78201.90
38857.00
11091.84
56397.50
61553.52
31759.29
25226.46
8640.45
51023.70
41004.40
43950.72
36113.10
70634.88
11532.32
37588.68
81019.07
9109.55
30452.20
28111.83
46911.04
20896.89
35150.76
30825.12
67922.50
7147.68
79547.16
28590.40
9177.84
34888.08
22661.94
62632.86
56261.16
57020.40
3199.38
38190.50
35348.10
9614.22
25226.82
12773.70
47263.22
37689.75
65601.23
80878.07
68700.66
52977.33
42182.00
27899.25
43968.15
56093.07
33633.00
7212.70
5297.64
35334.40
53300.52
48732.03
34372.45
73590.08
8682.38
51122.65
51966.60
6516.95
27677.76
65472.66
73171.74
40218.66
68623.00
34122.40
13580.98
50862.94
57699.64
44208.48
26473.72
25742.08
7603.10
10714.34
23305.00
89994.50
76491.41
6577.14
25885.16
25646.88
88092.50
46642.60
23425.02
89373.60
49624.92
79799.58
63476.30
46980.54
33008.67
15469.29
2757.03
32995.84
57701.60
49228.56
2763.03
26173.71
51896.25
14375.12
14395.30
34708.74
43024.41
46760.85
68027.82
73787.70
46423.75
51339.99
3828.16
10211.10
78538.32
15708.17
20353.93
29326.29
41469.34
55929.20
4660.10
34966.48
34373.44
68712.00
21883.80
10469.13
28124.14
34598.52
41717.37
54668.91
76738.31
60083.39
14784.57
21643.40
7217.84
41011.20
76351.80
13013.76
45618.36
52196.81
51530.40
36410.92
1054.15
52516.10
21754.80
37208.99
29437.72
36712.68
48187.92
44847.68
12487.16
76706.41
8324.88
18650.10
52645.20
11227.92
47930.68
7499.88
25129.06
47974.08
65238.03
39373.55
42193.92
70153.60
7908.35
31089.36
63678.88
20505.60
36903.12
70474.36
40367.50
26404.35
67967.75
11380.08
54861.22
84074.20
40718.00
14115.45
25352.60
3960.32
56984.42
18180.00
50389.44
9399.96
53371.50
28251.36
2903.08
37532.32
84013.20
53681.43
25302.50
62633.67
9250.10
19688.76
24280.65
35870.16
52225.50
28762.80
16685.76
37880.04
65447.82
41540.85
28086.24
60483.84
6094.44
59077.16
65012.40
2262.44
28214.55
33936.25
40018.87
64317.62
2925.21
81091.10
23473.68
65949.75
2114.28
24370.80
24322.48
70094.25
60321.03
29637.24
1067.16
32113.80
41516.48
4093.35
46599.70
18334.36
54151.72
68995.08
36103.04
68048.37
91432.04
3207.38
42400.02
43141.80
995.08
32151.03
22433.70
58620.56
20122.00
32523.34
33585.64
7820.47
31915.63
60760.08
16167.68
14739.48
45523.14
44484.76
40693.50
