33054.80
40513.20
55163.04
51066.60
1294.38
47209.80
46698.75
29672.40
31110.75
28741.50
57480.84
25271.86
34917.76
63247.83
17431.48
73349.40
38140.50
47525.92
13418.52
51053.70
31722.68
44242.98
21847.36
7464.24
11267.82
85972.16
68928.20
4832.10
51222.08
18896.02
40316.64
51353.73
14866.20
33454.42
80585.50
10505.34
58651.32
51939.08
18941.57
17915.92
26340.29
45313.58
32349.50
60923.92
25166.14
38338.56
77698.32
16289.40
35814.62
55397.80
17298.72
33845.91
31515.12
78466.80
46098.50
68722.01
10279.92
34850.51
52765.50
17353.08
74779.50
54540.42
52303.86
53880.64
85337.76
27149.28
52516.33
35245.53
16227.10
77181.50
66599.04
24625.18
42447.88
51894.60
31405.58
14691.72
24518.78
47397.09
9105.84
5806.25
55121.34
30758.40
15184.32
84221.20
51299.39
19281.74
55196.52
67762.34
43563.30
19299.41
62231.52
90623.04
65063.25
27360.00
37665.00
2835.09
13414.16
87017.14
16442.19
18455.47
24065.80
47611.25
27369.20
909.00
4620.96
1379.47
43477.30
23983.96
24595.90
27671.24
48513.46
49942.50
63188.68
18597.88
33081.36
31963.51
76220.37
53981.12
47571.20
22942.22
87629.54
69016.01
2452.62
51017.94
54672.42
48723.84
18980.40
43243.20
9676.53
48801.48
21454.56
33201.42
46456.29
58947.00
62416.22
50364.61
10781.70
22900.25
11606.54
23755.05
1336.43
81265.36
25903.00
36878.60
13846.95
65092.58
25920.93
40760.46
33454.27
9000.81
18980.04
79334.00
26626.60
54899.80
7351.92
6314.68
16277.20
28760.26
7042.70
23026.22
55737.45
4570.05
45451.68
64376.54
17698.85
33510.75
13614.32
38884.54
39731.46
21768.00
2985.16
9074.73
44038.28
67171.50
29379.51
47886.75
29942.70
74197.49
11541.33
34966.11
20085.66
7266.91
27535.07
21317.31
42669.72
35710.22
33563.64
23634.90
26578.75
26476.12
42675.85
41071.42
13604.50
42489.09
32796.36
45489.20
69667.08
13510.24
3844.20
23605.38
2772.03
35334.00
10181.10
6859.38
26408.20
72460.80
60991.92
30530.13
70073.60
33485.27
16493.64
32710.65
44850.26
17968.90
9130.10
68364.24
58822.40
59242.92
58686.95
53315.99
38778.12
28019.52
92747.50
29828.24
29272.59
35894.16
52082.12
31218.18
65238.60
10613.16
13964.21
9954.64
66621.00
41834.80
62803.65
23225.20
56686.72
32833.65
47908.32
41617.94
46614.88
33060.50
6171.60
16891.82
30461.96
30679.49
25787.60
22135.68
4264.53
54983.71
27109.56
63472.95
5988.54
34635.29
37891.61
1904.08
33167.20
34140.83
66093.72
67691.40
72426.50
58249.62
10811.34
15640.47
66722.30
29861.73
50242.01
30314.13
61844.24
12757.59
45973.88
3485.66
8629.05
84761.18
4004.36
24761.35
61852.98
9229.65
42243.63
32259.50
79796.13
30881.76
5579.85
12223.10
20481.56
42121.35
7248.00
81321.56
27273.68
64273.65
75797.37
11829.69
21874.92
12388.14
15793.28
46021.67
50246.13
24506.10
55966.20
45514.00
53222.33
39732.60
39970.78
10843.60
20724.88
16289.76
72531.54
52979.34
14220.60
1701.79
42040.51
87794.12
43676.77
37767.84
52645.20
76220.37
1338.43
17478.40
7311.68
55070.71
49976.75
34002.45
24954.40
30736.30
37664.75
44808.40
36702.60
65902.66
20370.76
27484.07
52258.33
40095.18
51027.60
62416.22
50869.76
4300.64
28638.08
17981.92
40939.84
58364.32
1865.95
68598.85
24445.80
31449.18
18924.40
60747.96
1331.43
41589.80
40434.46
17868.11
41490.45
13784.58
54237.00
27118.50
27889.60
2122.30
59295.84
7876.47
37264.32
31380.98
36734.72
51406.04
14403.40
9718.26
40386.48
82586.68
14432.00
47886.75
23825.60
56024.86
77649.32
31734.00
22283.70
52419.86
63670.11
18035.52
1601.69
2916.18
28423.08
35892.22
13299.93
48566.96
19236.21
50002.50
2825.00
46223.50
61162.26
5576.85
40212.90
84829.83
18569.40
14751.84
45405.75
36017.80
28180.50
70312.71
31624.06
55985.67
33777.10
43756.50
42617.62
70471.21
42751.80
26604.60
50480.92
44273.58
46588.88
62600.67
20815.00
45904.96
29538.16
50952.06
43411.55
40134.38
26514.12
21793.10
64440.20
49280.08
54705.75
10937.46
12900.51
5257.60
34618.00
49526.20
41327.22
57312.00
34853.76
36884.87
66743.04
21394.62
57818.05
7282.75
38540.48
23345.30
38828.64
52283.81
34116.00
7868.35
49515.84
3522.78
82807.42
30895.28
41580.24
13053.30
25948.83
57916.80
31361.44
62222.01
43595.76
44553.16
20702.88
38441.28
16686.36
18738.02
48481.04
61745.60
22920.96
46207.98
41900.16
25322.86
25843.16
4264.56
53808.50
36751.00
70715.73
17985.11
27975.51
53313.12
6176.60
9901.80
44286.97
72677.50
74838.96
87259.68
52688.33
9604.44
49823.20
31311.80
31865.81
33485.75
4997.36
12637.36
31285.32
53314.11
4176.52
33733.58
48462.70
51164.73
35867.34
56109.66
60929.05
60608.68
53366.10
13754.88
78384.25
52751.70
3880.24
920.01
29406.88
71355.24
34654.62
26853.40
27190.80
51079.94
21298.44
43748.30
34140.91
59614.40
11512.50
57877.20
63129.69
33744.37
34928.03
25767.15
28205.60
71249.88
10637.66
19362.21
6942.40
72346.50
43035.60
34840.74
59764.00
5413.80
13101.76
29456.75
16397.55
1676.77
5651.94
78496.32
57495.57
22811.88
48316.45
22841.07
50955.99
61217.10
20865.61
10835.34
1374.46
8941.59
69866.40
61297.36
49552.47
58651.95
64027.60
39944.10
66654.52
22320.48
30192.00
14607.36
83024.94
25144.98
19851.30
12558.78
46755.36
19347.35
1334.42
62462.12
53967.55
14887.84
17893.98
38816.58
50790.60
47121.30
71179.24
30593.60
14736.16
43769.88
94599.00
21562.95
12949.68
8879.30
77345.40
86846.62
29463.72
26667.05
30822.66
48562.92
8232.96
31803.30
61217.28
24441.22
60828.68
60411.01
53056.80
37769.31
10448.06
36434.88
70799.21
5000.45
93197.50
39656.34
62013.28
34869.24
7582.26
15662.10
59800.55
32704.38
22644.00
18999.90
28464.24
37739.40
41489.01
23737.46
26291.58
50720.99
8457.20
2456.64
53022.15
52240.65
46634.70
46310.40
2913.21
40811.40
53693.96
76940.64
28378.21
1077.17
13117.95
43709.12
16081.60
8655.18
44087.41
36056.86
9970.72
8156.70
42548.64
68009.37
12347.02
1772.87
9346.08
27623.40
25978.25
18245.50
36539.00
58597.92
66252.81
48618.96
3829.11
38232.60
69505.48
61511.10
18984.00
67925.81
11868.56
59957.70
55036.80
20704.84
38691.00
17959.11
61816.00
54185.46
37069.10
63941.85
4126.38
13764.70
18259.32
45348.00
19677.57
24554.08
12334.14
55163.04
44010.40
47076.91
24327.03
38495.18
22288.38
21172.50
58636.71
40574.52
25101.69
29964.00
14125.00
36767.64
55227.90
14982.24
10843.52
21899.04
30020.76
16706.06
60089.68
34336.00
67737.76
21983.80
35681.43
4364.72
37690.50
61647.19
9417.96
61949.16
66849.84
28289.55
9039.50
65544.75
4147.41
25943.74
14345.30
21383.20
17638.60
45472.62
23365.82
20712.78
41659.80
10377.99
40250.56
64896.58
47438.16
25481.50
29951.36
14271.18
34137.45
35099.13
51708.93
10819.41
31049.97
33353.91
26548.40
31040.64
50383.55
26668.16
21722.96
38316.88
29062.78
26114.93
61228.80
51607.56
11092.00
25827.15
74382.26
30624.33
43004.30
47930.40
10370.99
14355.48
57658.45
16436.68
14823.84
32326.56
28058.42
47133.24
41467.44
21768.00
38400.88
82806.68
2739.03
54309.60
20282.20
61361.76
2524.70
56648.20
49439.20
33664.40
34055.91
58092.76
13414.30
11256.36
14535.40
61291.32
25563.51
48147.48
54132.40
13990.21
54245.76
19998.00
6072.60
13730.49
1281.37
52051.86
6931.32
41468.75
4745.12
27068.80
62588.22
15215.92
55409.40
62299.49
54058.56
3880.28
14975.68
58561.56
23425.68
16776.36
28856.00
10715.28
69593.20
64148.64
52517.42
47318.70
9730.70
34392.96
1019.11
80501.60
31135.68
20752.20
18199.65
50966.39
31112.80
13577.40
1611.71
32616.34
80904.60
85890.00
52363.44
73181.28
23304.60
73332.42
46398.75
13048.97
19761.63
6979.32
919.01
3149.34
36759.78
19315.74
54219.22
27382.07
32253.84
48982.15
40149.92
59431.14
66321.00
42886.80
33008.67
23589.90
77653.40
10475.20
20196.60
38885.34
60496.80
30128.12
13269.30
33610.75
32349.27
12515.16
31906.08
34448.96
59934.72
2977.16
25819.36
42885.36
79824.15
1645.74
62707.20
7561.19
19695.24
50438.52
15746.90
5315.58
55573.45
36746.87
1854.02
53447.98
46964.40
68167.44
2921.10
70640.10
9999.00
38140.50
4781.12
10499.04
7984.64
23641.12
24821.25
40856.46
26973.39
74012.85
53561.20
19512.46
30629.55
14247.36
36019.20
35611.38
16265.40
35238.40
41865.51
20746.66
66417.84
35245.44
50188.65
12978.28
46198.50
2941.12
78580.32
41708.24
35098.82
61015.02
36426.78
36074.64
4815.30
7343.72
45619.14
68442.67
46562.88
54970.08
32647.65
16838.64
4855.30
15030.95
33680.14
31809.72
83606.89
24257.35
32771.34
18516.00
22614.30
27722.24
14730.57
14062.07
6883.44
41116.20
29437.90
35744.22
29935.36
59472.14
30917.32
30070.73
11472.30
40435.52
4288.64
2288.48
10282.80
26025.30
44204.56
1824.02
64858.40
59871.84
15326.30
35003.11
65070.56
29423.94
25952.54
6444.96
37350.25
36137.01
44655.60
42573.76
39417.70
28529.85
32530.56
73328.00
7095.44
5445.80
34692.96
86194.24
35909.94
65657.16
44163.97
4941.28
36273.27
84222.32
38015.95
68776.20
82564.94
33295.20
26988.80
30736.30
25186.69
35160.42
54324.48
10045.89
1718.81
75680.00
19428.80
25367.20
29322.19
33767.46
24003.84
73426.08
33593.49
66821.50
60824.05
3395.56
17850.96
47439.04
28813.20
70742.49
68009.76
33443.52
11022.99
37064.00
74411.31
6503.14
20504.23
42229.01
30553.32
53334.44
48758.92
80244.48
16829.88
62667.00
11837.76
42090.00
66813.84
27445.44
21100.86
43805.41
5550.12
18752.02
1849.94
26092.32
