27997.64
20034.84
62326.44
41657.88
58413.35
47751.12
36473.43
20181.04
13412.70
8457.20
19412.52
38344.11
17605.26
36358.20
43256.11
17875.44
54040.35
28317.03
73723.74
1535.63
26845.56
31585.15
32509.75
84553.20
45586.45
76879.31
58237.12
58874.40
12199.05
15640.17
6797.25
41835.15
21873.56
70594.00
29462.40
35377.20
44448.48
6321.75
71584.25
54447.75
39978.88
12421.42
45371.45
23853.96
7406.98
22185.38
30434.94
74117.60
23775.46
47474.70
38574.54
26651.29
11172.24
73127.50
10511.40
31809.00
23785.60
45553.92
50843.40
30734.30
66079.70
45200.85
21526.82
1003.10
19190.55
83485.40
82983.36
36438.20
19749.12
53157.60
37251.27
69609.39
14761.05
6582.00
66929.30
3359.54
22156.20
4078.35
33956.80
50390.12
45587.36
63336.50
42008.20
19887.14
40434.46
71789.90
30401.28
27892.41
40269.32
15844.92
58558.38
71045.62
63402.69
1155.25
25918.54
17420.37
28218.74
16687.60
1831.92
17090.91
24049.20
32901.96
10648.66
64123.32
31428.58
44424.59
44928.84
11126.88
43961.58
5622.00
81881.80
29591.40
33284.96
44327.97
42358.33
33380.48
41309.45
48503.00
65273.60
41353.80
40280.24
82386.50
25154.82
79463.16
56409.85
72743.93
25728.00
60081.84
5844.42
47580.75
26998.35
13138.79
73493.28
29271.20
3901.17
3175.36
12802.59
36074.64
48132.75
34329.34
46595.64
51093.76
69016.50
25407.00
52903.76
84058.20
37166.66
79855.60
33473.25
36326.40
26627.12
15720.90
48944.02
33443.52
17779.20
32835.84
37505.60
1618.70
45200.85
56789.52
41660.88
53141.04
25110.54
46704.29
31426.24
18925.71
19507.67
12765.44
32988.96
19945.42
13062.28
60670.01
60519.69
49192.65
12223.10
50455.00
76993.42
22779.15
14495.20
14433.30
65454.75
36480.00
62211.15
2973.14
45872.64
9117.90
15965.04
17688.60
43804.94
36775.68
50151.65
74292.12
38894.31
48842.02
4729.08
70898.49
16319.55
2520.70
25605.51
24138.18
7344.08
44996.28
52988.10
27839.10
48760.48
58358.16
44768.40
29462.16
18788.16
21142.72
22850.25
18871.92
9620.50
39142.16
34273.44
43856.28
11422.40
54558.72
27503.26
40382.21
9628.29
67501.98
62760.65
9870.80
31365.88
40565.07
55498.20
51278.72
62025.60
33850.54
20691.84
53337.60
58558.38
13562.64
48161.34
26190.93
85006.67
47437.60
19507.67
69395.60
12981.68
3057.33
54410.72
45401.36
6510.88
32834.38
8469.00
38892.00
47139.36
29535.04
40110.56
51172.94
15532.56
1870.06
48759.30
28402.92
6587.21
6842.30
39565.68
20200.04
38175.89
38092.11
54410.72
34852.95
38985.92
48671.68
40568.44
15266.20
42528.98
45535.56
7652.22
23680.46
33564.63
29893.50
92805.02
43099.00
12366.31
14030.80
34536.57
27659.34
13434.41
36470.50
19601.40
40367.18
72280.56
50693.40
17120.70
20287.26
22902.48
21131.80
67704.00
25662.00
37545.48
64643.40
41929.14
54015.12
3593.76
17238.36
10042.56
34813.26
30191.67
42751.80
30909.79
52051.81
12505.32
29016.93
9270.20
2873.06
45618.36
27540.30
45918.60
66850.65
43341.60
49704.00
58054.62
6917.35
35388.99
32925.19
30216.76
72021.60
46602.60
7808.25
43164.63
28861.62
32182.03
1777.87
63863.65
26679.00
28380.06
38533.53
21638.82
22506.12
1660.75
72221.14
56445.75
9789.43
52211.08
15397.20
34837.25
19789.00
23965.20
51759.66
24827.00
81301.92
49555.20
59661.64
48176.45
28614.72
1005.10
61345.20
16113.60
4168.44
26516.16
15086.00
66724.14
14393.68
71971.68
50873.70
3672.96
44796.84
3814.08
14941.35
32340.35
3204.48
68357.44
41203.68
40264.87
6643.28
34180.08
18992.52
21912.00
14579.62
3509.68
73240.44
70758.62
14675.60
34929.18
57812.50
18343.98
9230.20
47967.92
34851.18
17959.20
22775.00
17256.33
1300.39
74046.24
27303.64
1586.68
48388.06
18830.52
31406.94
42886.62
4420.71
27143.73
28266.68
28828.32
66429.65
35756.95
80395.77
33492.72
1122.21
72008.44
4234.50
36186.64
45800.16
27894.51
3193.38
23684.83
48388.32
53385.64
18355.14
63118.88
13991.85
62482.74
59833.64
34217.10
70039.71
8997.66
43540.53
5135.43
2318.50
61213.35
92497.00
11688.32
51624.30
54645.29
28686.96
46234.60
37499.40
57173.68
21879.36
49553.55
15676.68
25956.56
41004.40
87932.64
66736.52
60407.84
50566.12
57931.23
19304.40
24852.25
27467.07
42796.80
12697.80
15736.70
5574.12
15185.17
74246.90
14503.28
19298.58
52346.25
3675.86
20462.40
30309.06
25029.54
40943.25
37832.34
3791.96
5141.43
5462.73
12405.12
90794.55
27509.52
51870.74
43877.70
2180.36
65985.12
31441.80
24846.60
56126.40
37375.78
29281.50
12740.91
7336.98
47775.25
76256.16
37843.82
23245.00
12466.09
90094.50
43979.88
1749.84
36230.40
70678.10
37239.36
39996.00
74294.61
39569.76
1000.09
40673.86
75364.65
27693.45
1722.82
31934.03
19315.74
28333.76
40923.68
17298.72
15211.50
24329.62
64027.65
38449.32
33155.19
39218.85
35824.57
70094.25
32309.50
41267.85
42240.80
50165.64
32704.20
60243.24
32410.56
30723.60
49027.11
1850.94
29431.20
56272.26
57234.84
19776.79
32217.84
76962.83
38321.10
40363.40
59247.84
48363.15
89666.08
59902.90
42087.63
16625.76
21735.92
13217.04
58958.28
21923.04
44474.98
41895.90
37359.20
52946.58
30079.52
63151.20
81441.36
966.06
6174.52
30181.68
14888.12
18124.72
11419.43
42971.24
52975.80
22557.36
57262.00
3003.18
2072.26
82210.73
42681.54
9307.17
12773.52
26478.75
25927.60
38456.88
29131.00
17318.20
31007.76
19796.88
23834.16
82848.22
46826.59
19261.20
10973.79
46652.30
38850.12
51084.90
54672.75
24512.46
55918.50
44123.16
43697.70
82410.24
4402.68
17286.36
42521.88
35434.80
3552.81
33874.53
20104.85
61048.68
38161.60
27690.30
18038.90
4081.35
34371.33
7443.80
6196.65
2530.70
50773.44
17574.76
57707.05
2518.70
10371.06
42856.57
43056.15
34083.45
49341.90
2949.24
18038.90
17802.98
34720.62
70868.98
16812.54
25692.00
52247.36
11057.58
34580.00
44278.32
13278.00
925.02
27917.82
2726.90
11243.21
66070.50
68704.68
67046.44
51567.45
32309.75
28189.60
78531.81
4006.29
58958.28
13622.84
24610.95
36360.74
13709.74
15234.38
40522.03
60288.36
17188.10
42745.85
48452.04
4718.01
66122.56
65336.76
33855.00
26666.31
3961.23
15434.64
31908.32
36079.10
34624.26
22133.55
17046.04
24986.40
7416.16
39308.05
32660.09
43517.46
47661.75
51818.50
3373.56
34753.62
52719.39
46414.50
3765.94
52280.64
66126.38
45990.36
26991.38
12923.04
38373.81
84859.18
63019.08
67110.80
63544.64
4336.62
3880.14
18289.98
28758.66
36405.15
22536.72
53358.00
41619.24
21970.46
2008.18
63364.08
57462.00
24842.84
84369.18
57500.48
6743.08
61798.00
28110.51
59733.90
15456.40
54350.80
58608.00
1482.57
83988.50
6887.24
56261.66
50903.70
51514.25
55528.27
30668.40
36690.72
50452.92
23229.65
75595.38
60615.72
16769.76
9025.76
46315.17
6887.24
41657.55
8556.17
35059.44
17767.26
72941.28
40126.24
58569.32
30971.79
32194.32
2658.84
42946.41
48488.70
16776.36
20210.32
24469.76
32487.73
31428.39
21250.32
46876.83
19767.93
19448.52
2940.21
62622.30
44765.56
17858.70
71127.62
1056.15
2166.34
81386.00
33983.64
29942.70
41539.96
65067.00
53855.35
63908.16
53808.50
12343.20
27960.90
36458.20
84778.65
36008.94
13538.70
1726.82
22813.05
26582.05
39377.36
46096.96
56003.04
17269.46
47140.94
11227.92
67611.72
67922.22
23450.99
53361.70
5195.65
77349.31
31113.90
27889.60
29827.98
52074.60
75279.20
33228.72
18996.32
61130.60
44228.88
21838.92
48693.48
12259.52
82712.95
53028.10
15838.65
69993.34
47310.32
33475.20
1285.37
59646.40
16769.88
1858.95
54201.60
65717.52
15812.10
52374.90
66390.00
18400.36
79702.13
44035.86
69148.35
28206.48
30111.80
29472.32
49739.34
15284.28
32200.35
17385.19
14816.32
24786.27
34336.37
31815.00
29131.50
21170.10
39257.16
13580.84
52170.30
31705.02
9824.43
13757.58
39145.34
88292.50
6042.40
22604.66
5505.95
24286.00
53712.05
45113.02
34237.34
32542.44
31592.41
20541.60
29100.60
43179.50
7081.62
9319.80
13125.84
21221.78
38233.60
50172.64
1988.18
26271.29
50164.78
28240.68
32338.56
9260.20
15628.68
6895.56
75318.80
21232.50
61607.13
23200.50
18992.04
11123.92
1115.21
56651.76
74208.12
42975.60
2656.84
44990.76
55751.04
24179.35
50164.78
30578.22
51598.40
14785.96
43305.92
29831.80
10379.16
7808.34
41485.08
22906.48
21430.88
37287.36
14325.75
69157.98
39856.84
7550.10
1025.11
57811.74
39998.28
48137.49
56347.20
9074.73
43978.76
59855.27
44725.59
70905.15
1887.98
38573.80
56648.63
36739.00
3035.22
36206.06
68378.16
58406.60
35022.75
41275.44
11712.60
9579.22
47201.25
88693.50
57372.48
12676.30
5449.80
18631.68
77078.77
71376.00
31416.68
27836.90
28084.42
31910.32
85006.18
26303.00
32539.70
32855.40
2700.88
34747.50
22388.70
64274.06
11244.06
1428.52
64664.46
18089.24
43410.99
40896.90
3097.28
12592.23
69775.26
33027.84
25016.69
951.04
52107.88
43220.15
16924.93
35670.22
21905.24
30635.02
12861.60
64455.09
18065.32
14458.40
42345.00
9954.64
19775.00
29335.46
6378.96
75589.65
52907.50
32509.75
46890.60
14370.21
26740.44
37000.00
31040.87
51707.13
48651.30
36056.18
35646.39
35191.53
60640.80
38336.81
4825.25
88390.61
21839.40
28811.43
7402.85
1292.38
1170.26
73517.76
52545.10
19866.15
40668.00
45712.64
27276.64
50892.39
55017.60
18899.80
93198.00
18583.88
54461.13
64558.71
23118.84
53144.32
53481.54
72301.50
56759.76
51353.73
46224.96
14365.30
20064.00
58263.00
79802.18
53686.42
10763.52
22347.36
65903.09
65999.54
5300.75
15356.64
