84553.65
64396.20
34662.00
12361.44
28233.03
29287.77
58837.69
38472.42
21723.60
30079.52
60222.36
38598.42
67616.55
27551.70
33715.60
24902.00
45576.16
26476.00
47241.84
50319.71
72126.50
13625.82
23004.80
15766.60
59000.32
6434.80
54706.96
65012.64
18275.60
28531.20
56091.16
2905.08
35802.95
25924.08
27479.75
91677.04
63518.15
47291.66
10231.20
53468.31
16830.54
27553.96
30062.24
35663.00
1422.51
6202.56
36951.12
8409.20
31308.75
58608.00
70586.10
44537.10
8874.30
6727.26
22512.48
70923.36
59823.90
36326.88
36881.26
21446.62
29696.28
9411.96
73918.90
80052.28
34621.62
56067.27
10787.34
67228.98
9185.92
50414.00
63179.62
3457.64
34273.91
43906.80
44038.08
66531.92
26319.58
45529.20
57068.83
1543.64
66499.65
39341.50
55415.22
1922.10
32434.20
53571.70
69866.40
13658.76
53371.50
63945.65
56369.10
43220.50
42074.70
54177.81
52891.44
36934.56
47835.92
1792.88
36263.50
15941.04
67992.00
81327.75
34352.00
60864.22
56361.76
13560.82
13904.80
23243.08
26776.44
60795.72
8604.05
41384.10
48103.66
45457.28
8453.95
21160.23
54713.60
8904.35
64959.30
16018.83
36386.74
1619.71
25948.08
11597.18
81019.54
62470.80
39543.57
34164.45
17974.35
25102.25
66721.20
72739.08
28471.20
5772.30
1137.22
15667.47
57040.68
28325.88
32718.38
23677.38
37879.82
50671.88
20352.04
26692.82
55768.50
14821.20
28605.75
5013.36
32044.80
13390.41
24602.08
16307.70
63793.26
12789.52
48696.96
66548.52
34245.45
39616.75
70963.62
82502.40
46486.76
47343.66
9213.78
26572.35
37940.25
30824.88
84498.78
55426.68
37912.08
39081.92
9766.62
29385.72
6859.20
59962.64
34796.74
49556.08
60781.01
49841.28
6967.40
26647.31
6416.85
33215.00
42647.56
19561.40
32038.44
30002.45
35422.38
55386.56
26796.58
82762.68
61502.60
39641.58
52080.81
28317.76
34199.82
46198.36
30801.12
44615.88
36792.87
7272.00
41713.76
2724.92
8393.85
25731.36
16307.70
42184.52
40655.16
52640.28
22081.15
61138.74
41056.47
21953.40
53764.62
39522.70
54342.40
22851.78
62986.88
64972.40
3105.39
11636.32
45868.72
57875.76
11842.80
46130.40
13734.48
61162.26
12648.30
9134.60
45271.79
16738.24
26091.72
10318.86
22685.14
42185.88
43866.90
36704.64
41625.90
58902.40
21863.60
49553.68
9604.14
59706.92
58902.40
34513.57
57962.50
22767.57
44884.00
14352.12
48938.77
38519.58
60081.84
83780.20
46250.00
21590.52
3605.80
16044.05
20309.76
83223.36
24138.18
4952.22
44002.44
32022.10
10106.80
79890.13
66525.84
30734.30
62994.24
85511.24
30878.79
25427.75
21818.10
33424.38
13725.15
26076.16
18919.90
15187.38
41805.60
28881.25
31008.00
27694.16
44687.04
15031.25
14276.47
40545.55
59595.90
63494.24
33816.60
91334.04
43975.44
46894.41
58582.48
40720.90
66079.30
29095.20
82637.00
57384.52
41192.28
14608.00
9838.62
42886.08
14937.75
17724.98
45781.21
32074.80
14721.57
24455.76
37843.41
6451.02
4805.07
2931.10
61815.36
4765.12
44574.38
73915.02
24591.18
38056.96
29095.44
35277.00
28182.36
47977.20
6120.66
33497.10
6839.20
14045.85
18199.80
67987.38
76730.64
80216.64
37759.79
54296.75
64477.64
11254.32
24906.80
41985.00
21134.36
38682.40
26274.38
10171.10
14656.16
26701.22
42644.88
20727.98
8892.52
27809.60
7628.16
50181.39
58101.60
19260.41
51337.02
28606.08
14253.12
20121.45
39917.63
9129.84
4414.68
9228.87
29605.14
16899.53
28641.09
20947.20
9810.56
29711.20
28274.36
12963.90
27918.00
91247.52
77207.83
46018.17
32098.88
18540.40
40498.90
45835.14
29975.40
13523.31
34929.11
40219.56
68751.14
25387.20
43632.99
47570.10
26704.26
60765.50
45786.33
6096.55
18401.63
10547.10
72523.26
42491.98
6091.55
46796.96
66515.05
61732.80
32657.39
71220.60
83878.20
3992.36
58176.72
19413.35
13236.19
45436.20
36595.90
3198.48
35822.36
31885.00
34886.16
14405.30
29021.46
37253.33
53472.60
1903.99
23124.50
46486.76
92707.02
38440.80
51299.66
15589.17
41925.95
48126.68
15838.65
18205.46
52010.87
6011.45
60502.26
13334.20
70198.73
69205.08
16983.30
44416.98
46699.50
65257.23
69994.06
6707.15
75803.64
46214.35
74178.50
50061.58
61073.28
40560.40
3252.51
37335.60
6490.84
73774.02
35232.96
27757.28
15612.94
5205.56
56490.75
24927.25
49804.50
38302.32
3780.12
29599.46
64109.65
25827.15
25481.82
19971.66
30987.00
58106.16
45221.68
39198.05
47681.92
48858.81
35169.96
61841.16
29100.97
55861.74
12478.32
16286.85
72568.44
2993.18
27899.74
29102.56
7888.64
35402.08
23899.99
57009.68
62831.67
16740.36
47721.66
54482.40
28578.94
43898.94
49445.90
45360.32
37251.76
16848.36
23433.08
15024.48
6447.14
52215.04
5731.15
12620.30
67322.95
44443.00
54357.30
25789.72
53120.34
54861.22
17475.48
72250.36
61133.10
34536.75
20901.96
37839.69
16416.18
74013.30
20489.84
14495.20
41013.86
41894.25
46224.62
79000.74
31749.30
35809.84
91151.52
33341.07
64667.66
35455.14
35038.15
25646.20
8079.68
22539.66
36488.75
18738.02
1628.72
50333.10
18539.40
26560.60
15298.11
3330.63
19455.54
9384.85
20447.04
85189.24
26307.60
34789.76
33267.30
37643.61
11856.00
11316.06
41236.84
65012.64
36217.41
90156.57
17839.20
82058.24
6074.44
28501.20
46029.33
2985.16
7922.46
18031.20
27364.90
11004.12
10560.20
45949.32
18822.02
59543.20
24688.41
71476.86
33348.16
53976.96
32145.84
13912.08
29880.73
11962.90
34740.96
8172.00
58924.32
5593.96
62148.94
26854.39
3045.33
64094.94
42659.44
39426.84
89710.08
29515.72
37096.00
72891.42
7718.28
65319.30
53151.58
59265.48
39424.05
28170.90
58438.71
77782.70
22794.15
19520.67
20308.26
19076.16
36138.25
34284.48
1091.18
1631.73
10917.55
45940.44
20580.56
29695.92
1454.54
44898.36
52527.16
61524.19
51222.08
71067.82
44398.56
40077.29
40448.52
55951.59
55184.78
28548.45
20877.96
19204.64
14379.48
26713.05
43276.20
35187.50
43598.72
72268.61
26929.77
29080.28
60277.24
73557.44
28134.24
41445.45
77746.08
29159.24
49172.80
63526.88
17078.00
34533.44
61705.78
49745.30
54807.60
15023.76
49887.39
5183.46
28839.20
11880.96
4339.59
12311.95
41814.24
19592.86
39792.00
18823.92
21837.01
5498.79
24206.00
21398.88
76118.50
7043.44
42745.00
51757.44
14645.62
17134.04
47542.95
50116.64
27352.98
47522.06
45313.58
39100.95
42452.64
27465.26
25687.40
59859.00
34627.50
15010.38
44859.36
38356.92
76532.50
15700.80
33775.60
28446.72
26053.30
4784.04
35316.13
25547.50
9706.48
57480.84
22629.00
3375.56
18489.40
22410.15
52259.18
6541.08
61168.60
81535.50
22770.31
58478.88
18719.69
8879.35
64293.32
47763.66
9474.16
68985.54
24659.91
50931.20
42211.35
62817.00
44498.52
7953.54
3179.36
37251.76
61738.98
56571.06
13082.72
65629.52
3749.92
3769.96
68410.38
13142.28
46562.88
47199.25
28271.88
53031.72
32842.80
7544.10
12592.23
44159.81
47155.06
56771.84
58716.21
56652.96
92167.53
56380.00
74739.31
54772.66
4288.56
56116.28
10363.12
12605.28
16557.40
33435.75
29406.50
45724.00
55714.68
10607.16
63087.16
74350.32
16457.52
80279.28
1406.50
1894.08
25521.30
12701.44
38512.56
17448.40
40757.28
46173.25
68096.16
48627.48
23905.20
56324.21
92847.50
27215.44
17431.48
25731.72
33455.20
52607.00
21749.22
56249.10
3844.20
58363.00
31009.00
59048.45
12388.42
7502.10
3760.05
21611.52
5100.55
83136.42
49454.70
10160.78
45558.30
47896.10
34853.76
51299.73
65929.19
69778.80
53449.81
20183.76
16126.92
11042.00
38291.89
32506.54
60369.84
31569.60
60287.04
1886.97
47187.36
42981.36
25389.00
32835.25
35357.20
34122.34
5651.91
22081.15
56339.10
35884.80
50901.76
26427.75
59256.56
50874.56
66887.52
16607.85
33513.15
39813.46
35963.25
32946.98
56555.10
52615.50
25237.86
12960.97
51122.94
11019.76
48411.00
34764.96
10670.66
43240.47
3639.82
59147.79
51886.38
31669.66
21302.54
30661.02
50905.50
44075.52
31285.32
51058.94
22298.70
20213.60
42645.30
33455.20
29056.25
35402.08
80100.48
73832.85
37285.38
9820.70
26109.44
5309.58
14821.84
22655.76
52416.76
27020.48
17058.45
74382.26
30303.84
42110.55
15516.40
9135.90
44929.47
8038.50
25871.16
42893.76
26221.44
46424.70
18375.50
44407.71
46069.53
33488.91
26472.38
43546.11
41427.08
37406.46
18611.88
77131.50
22332.20
40940.90
26735.39
40464.29
9193.92
10956.88
39114.55
2018.20
59630.90
23319.75
15369.64
52344.90
23061.99
46715.85
65730.66
79184.66
15163.17
69905.96
72927.50
59099.04
35700.43
40468.56
21473.32
5880.42
38737.44
30372.20
31650.56
74438.00
48562.65
34232.45
62706.72
70776.98
9910.44
69147.90
45216.35
10406.33
64741.09
13126.19
72220.80
47867.22
13224.10
3129.42
28905.66
31431.98
23194.36
29937.73
4809.20
82308.73
25227.00
11688.84
53361.70
38623.23
30107.25
42743.88
52555.20
65902.66
2909.10
12532.32
41203.68
13038.08
10635.36
28520.58
15808.92
21930.75
38080.80
51877.52
29154.78
52347.42
79944.04
43952.69
20917.89
73325.28
46220.72
67003.30
63768.00
23073.31
31313.10
14766.57
75099.20
27293.52
48147.48
13526.24
17659.85
26193.44
31773.81
54697.11
43647.20
30056.40
20784.12
45723.43
2949.21
12361.02
21793.10
19772.76
34813.26
53571.70
33491.52
70354.00
42921.20
60833.28
47994.44
3621.90
6048.60
33792.25
9441.96
65370.00
41410.77
32710.44
60274.35
35506.38
8833.60
22110.27
45027.32
33035.25
54476.88
60689.28
21472.62
12269.95
68700.20
14555.50
59236.45
16144.92
80308.18
20501.92
12685.36
37128.00
34582.57
71019.36
48083.49
5781.20
56851.20
48007.84
