31337.88
77501.83
42484.88
62263.01
55827.59
34987.50
37988.34
18127.80
45521.84
41231.68
5630.00
67223.52
59742.72
39302.40
6667.00
22307.40
12745.92
37839.60
3113.28
22976.70
54210.09
43135.88
36927.12
27959.64
47200.84
21920.15
40242.24
20581.47
43376.55
49856.43
12926.04
61480.80
63363.62
28631.00
42204.95
40522.55
36580.50
58362.48
61332.26
24175.50
50303.10
39715.20
67707.04
25899.16
42606.98
26053.30
15802.56
31716.41
9724.26
81781.92
10139.78
30172.12
9070.00
57581.20
46323.30
69457.99
3435.72
47140.83
22632.96
48982.15
70000.71
23297.82
52809.60
1940.12
63447.60
18271.98
11804.00
25620.28
15175.92
27674.26
5288.55
60867.37
45233.65
35380.38
66202.40
31889.88
41420.48
5234.52
16769.88
32214.83
20085.12
57901.60
21683.37
8925.42
75805.80
41931.63
52632.87
45651.06
68756.60
16353.76
14634.62
66039.75
19043.57
8847.63
40316.64
38021.40
38954.56
34380.99
23785.74
39220.76
8120.88
87017.14
46129.32
54970.50
32991.56
36358.20
8997.66
65092.58
3766.02
31995.72
26271.29
51079.94
12501.16
39210.40
48415.92
10819.41
9496.35
59818.27
11977.08
39706.92
76762.96
18175.72
23103.99
68272.50
14940.24
19724.47
28569.45
54658.50
24826.24
63283.68
44035.81
53811.31
41644.48
49949.76
35272.99
31185.36
34076.91
25273.56
18950.25
18232.37
11415.04
59967.57
20416.44
54733.50
4495.77
12234.88
46404.31
84712.18
3069.33
48842.15
56435.40
29290.97
37672.64
22771.84
27719.10
38342.26
41236.47
49804.75
11285.82
44543.88
25114.56
32571.00
39299.85
19270.58
16607.78
42509.44
6386.76
85274.10
19445.85
21960.24
39562.94
11520.11
9508.02
31779.66
71047.24
23665.40
30894.21
23945.99
5778.12
32868.00
68472.00
69116.32
36389.22
26951.69
9540.50
29956.71
7319.68
18621.33
34396.20
81527.14
21646.68
53120.10
66935.04
56556.48
40760.28
41426.55
17598.90
8040.72
43886.30
26825.40
80925.07
37520.80
9394.85
41813.28
55121.34
34813.20
1716.80
75834.36
63658.68
25037.88
1670.76
55148.45
3741.92
39164.58
11295.90
49277.34
5161.56
44147.10
44038.32
19715.93
40223.40
27017.38
40043.60
25794.08
32408.31
18164.76
44496.96
59157.00
83439.40
28228.36
4144.52
66367.11
13013.76
59992.24
85094.10
33445.88
40760.46
43125.12
35423.70
32963.84
38094.00
10707.36
1572.67
27876.42
29389.14
54214.04
33178.19
20455.93
23265.20
82553.73
31575.39
44752.84
57393.60
26142.45
30165.17
34863.67
3654.93
21698.29
16460.28
8048.58
8343.18
57643.74
43006.40
36158.00
27914.25
57517.18
8976.66
32813.10
12938.97
31005.64
71600.88
18559.50
18229.10
5545.92
47945.53
77882.50
18244.65
38191.77
31644.51
64823.85
22452.12
79900.04
31469.93
42566.40
26167.80
48597.33
33950.53
25997.30
9604.44
38023.92
4520.88
37457.30
73921.40
18277.72
48227.64
43335.76
17644.90
12704.30
38572.82
35914.20
10865.40
35589.40
16082.51
54498.00
36589.78
11905.53
47119.80
55843.28
36939.60
43975.50
44542.98
4645.00
9482.24
25659.20
63373.60
38176.11
5926.40
4414.68
35664.72
1329.42
12949.97
30254.20
7752.48
47318.70
21797.37
82043.57
4105.38
14592.00
46048.25
29263.44
47374.75
6402.96
35194.42
23184.45
72388.82
49332.80
54763.10
70297.72
54683.04
39509.86
33636.30
41799.01
60787.92
1992.18
25181.55
41414.10
81793.80
21715.76
26514.31
3621.90
65628.42
56219.76
33777.10
1187.28
53816.40
23464.80
65657.16
31074.64
54644.80
45235.58
31227.81
34705.26
47488.25
42605.98
1292.39
27741.12
4761.12
3057.22
30164.86
35283.15
25972.32
30183.00
6426.90
16740.36
51554.86
31809.00
15206.10
15130.06
50370.18
48792.11
23497.68
34510.52
69180.54
11352.15
21613.12
52904.19
30261.33
79476.00
33320.28
24973.60
39067.00
51303.45
28032.42
35410.48
23398.57
43447.20
39744.12
17171.70
36295.36
31474.58
34444.52
29757.48
22472.00
50242.01
26120.16
34787.00
21406.56
35863.25
80395.77
3354.63
70245.73
81386.00
25498.88
36111.60
65169.50
48818.17
40994.46
48018.88
39486.63
49817.91
8493.10
5850.36
41128.89
28737.62
74690.66
25525.50
55674.56
31334.94
47794.56
16933.53
6897.35
65238.60
51375.20
53517.64
50075.76
34464.29
34091.82
30759.21
50994.36
65632.82
6590.92
33461.91
47370.40
43341.36
32461.03
46351.00
11187.92
63260.50
14282.29
11203.92
38756.18
19535.85
52461.87
5436.00
18328.72
8013.50
64819.50
86919.14
48978.02
23128.64
2258.44
54939.29
62059.27
62435.34
1021.12
24675.04
80124.18
28586.58
41843.78
36959.26
66070.50
20352.04
60079.80
64330.54
44485.60
44747.40
45497.68
18109.50
26979.25
66850.65
18011.24
66791.52
44268.40
32760.00
27909.60
27084.48
43788.15
9264.75
57661.20
60081.84
14424.30
13033.65
18229.10
46375.98
53538.78
57724.48
32717.73
83067.30
43894.40
45489.51
70880.46
1622.72
41783.51
20767.78
51110.94
59753.92
43606.80
22448.53
79433.26
55039.63
25564.00
26748.16
73085.28
50313.55
39302.00
7084.70
14703.72
73920.91
48177.48
52860.76
3920.28
13082.16
31005.64
39613.86
67390.56
37940.00
64791.00
41719.70
24284.52
43838.92
2708.88
33010.25
17518.40
62567.34
34881.80
16847.64
25785.36
84568.80
12837.44
11722.60
33647.25
38746.23
37570.20
79590.85
28895.82
32074.32
16097.28
40746.71
18303.46
26394.88
67152.54
60087.96
54958.66
4796.07
9621.29
64691.25
29551.14
19864.79
33408.72
2450.64
60139.35
43756.50
34092.24
37434.96
86939.08
37594.59
20349.48
48072.44
30704.88
15218.17
20481.90
65633.19
90238.56
43870.08
17528.40
40524.44
23103.99
75759.60
4790.25
41845.60
12938.97
72596.00
20842.80
57025.57
31877.63
48628.46
36578.43
10581.27
29172.05
44707.04
84040.32
4889.16
46666.88
51713.66
55168.41
55204.04
22804.31
57558.68
5411.67
55321.89
12553.50
52947.72
56688.72
64250.02
10928.70
7728.15
31227.64
13034.28
7371.76
46854.95
30641.49
63276.50
32399.09
50022.72
43193.92
3880.24
17133.45
19859.06
23983.74
51456.00
8961.54
65077.45
54208.50
44239.04
61665.56
65315.64
3689.86
3982.23
80595.60
20444.58
48016.75
15361.65
7992.72
33155.28
77243.18
25126.80
37678.23
37259.00
36473.43
30692.48
72841.93
58483.51
52525.20
38669.76
18121.32
6503.14
68282.76
14425.30
50109.52
26848.20
12389.12
15416.80
35317.17
23671.62
30889.64
22123.27
24451.75
42144.50
10299.04
70831.46
26623.89
24233.60
25844.28
37587.48
4777.12
4937.28
73833.30
42633.36
73435.40
15117.93
19088.16
76835.41
20577.72
12236.96
7280.91
11982.60
69408.99
51415.68
16067.40
14524.62
32004.04
75229.20
55410.83
48752.46
12087.74
37256.32
46609.60
25031.40
59132.37
1840.02
9229.65
57448.05
20402.20
38921.04
83946.32
27943.41
54854.14
57703.23
1168.26
39770.12
51567.45
16683.15
31876.51
76986.00
2640.82
56922.45
21078.26
47630.94
20391.70
36433.06
36052.06
38941.25
16449.55
54719.75
66830.40
27279.73
18219.10
3141.32
29885.90
3600.87
6842.30
20517.60
55321.89
20277.76
18531.76
7039.40
1556.65
17403.90
60785.28
30938.47
51892.13
1683.77
21298.86
32130.35
1502.59
11772.96
80094.15
1899.99
25481.82
43774.08
43099.00
18199.32
40893.00
35050.95
40993.16
31197.60
7536.32
11448.60
58791.95
31596.60
71799.68
39595.92
73517.40
81805.95
64628.40
70336.39
50901.48
31383.22
47594.12
9598.14
70544.70
10514.34
48266.68
52706.70
2857.04
28510.40
46039.98
42675.24
27169.00
44225.73
51958.72
65389.20
29809.71
3378.63
4267.53
38281.28
32976.36
11320.32
22063.75
62867.50
8624.10
40889.16
45258.00
80950.05
33195.00
32375.00
25377.56
46462.02
67310.93
10742.34
51206.00
74598.66
41701.51
2140.32
46913.43
29526.11
67292.68
54978.40
24226.20
27178.50
19698.63
64438.94
29515.92
28507.08
80485.00
50741.76
18400.20
4595.05
63907.60
62322.72
25349.50
10826.41
13262.04
59375.36
26848.62
14928.48
9604.35
48470.03
26235.68
22367.40
21382.44
5868.42
11548.18
75439.68
42182.46
23825.20
28407.78
3645.82
45700.50
23528.27
26480.05
43014.74
50346.12
43607.20
77982.50
11667.32
54750.96
52347.42
5475.95
69632.89
30690.66
32430.84
7219.74
32098.88
25833.94
7217.65
15556.68
29380.86
25703.00
40444.00
39401.52
21816.37
54003.35
35245.44
21318.88
10681.60
56830.20
29353.14
70298.88
36489.15
44470.56
40963.89
10294.86
6094.44
35297.20
4835.30
33917.10
25773.51
51473.46
41132.16
18422.47
9919.71
49928.20
1257.35
18557.76
62854.88
72187.11
26068.84
70703.49
33996.00
48263.34
33399.30
40856.08
43706.99
65803.92
8838.63
59247.30
53005.50
25027.50
39144.56
19451.91
51125.48
18069.00
1820.00
23100.66
18780.60
22478.85
30755.49
73517.20
22860.86
19860.42
42387.62
47686.10
45633.28
62153.52
2206.38
74667.96
1895.99
3474.75
63363.62
26409.29
53808.81
36788.64
41635.92
16187.55
45866.67
19256.58
1372.46
29310.88
57472.14
1848.94
24292.40
52700.58
5706.24
29695.04
57251.06
46016.88
22674.00
20167.42
88687.59
8198.89
87441.50
31603.66
35378.10
80020.85
6907.44
6663.04
56984.42
5956.45
70830.10
46602.60
44597.00
43024.41
79379.16
18799.92
39744.29
19611.80
29991.80
65833.29
17328.00
23297.82
36306.60
13959.00
20391.70
44780.43
3737.92
62520.36
47664.92
15316.44
52095.60
55151.46
52885.34
39326.00
13959.12
60520.24
8428.90
10072.62
20542.20
21645.37
37139.76
66454.56
3772.16
11267.92
47780.40
28525.92
45654.00
40550.90
50144.64
76455.37
38738.70
19806.15
16565.64
27798.16
18114.14
59513.14
29331.75
42488.00
42813.36
29311.00
6627.10
28590.45
1076.17
48380.15
40720.68
34028.68
56214.06
8190.00
31867.88
10896.55
20447.04
