51054.40
2240.44
28420.09
57825.04
40574.52
87262.63
58526.88
25695.60
29952.96
11246.90
36316.28
42487.44
15841.28
22089.63
47987.46
68952.66
40378.29
54616.38
57020.16
58087.56
49654.00
19664.76
69726.96
77176.96
21911.36
11239.83
14419.60
28334.75
36095.01
77283.77
29211.00
27122.88
58484.58
14631.82
3892.24
81278.75
30965.76
3704.08
65855.19
37242.66
35678.07
26632.26
24840.54
61588.80
55873.77
51211.86
85184.55
51009.61
87980.16
17108.00
67797.00
24046.67
64744.02
62373.22
72317.85
31910.32
63492.51
60631.35
1845.94
14960.48
28750.60
48842.48
64291.32
70270.52
4941.32
30011.80
42530.44
60090.03
35401.80
37115.99
41229.32
30888.99
22472.00
68834.32
26563.05
21443.31
21106.40
74558.00
28452.06
47841.75
9754.43
60776.17
13418.52
4296.64
12973.68
25002.25
59238.45
52415.30
32855.40
17508.90
14319.04
38151.25
20854.89
30926.68
82794.94
27537.67
26208.16
78832.32
45380.79
35083.53
35342.26
30806.89
68490.24
44417.60
82694.88
53356.99
15184.64
18076.24
40701.21
6942.40
28563.08
43193.31
38665.60
61343.10
11225.76
29668.55
50555.50
66813.84
54531.75
34361.75
6709.26
59464.00
58171.62
22055.52
15009.84
18019.52
26203.68
1551.64
29319.64
1604.70
66760.20
28110.51
51064.65
16173.50
50839.20
31773.60
57669.18
70474.36
23550.75
16958.20
62478.36
35557.68
4564.96
45865.47
9850.80
48975.30
22488.12
20123.85
14062.07
43726.02
61512.79
2946.21
16478.28
25920.72
52661.39
82840.94
10913.46
42515.26
42606.00
45926.43
38188.26
70057.26
28278.36
37867.50
16747.92
19761.00
36813.15
53314.11
8674.10
22748.84
74875.12
69593.48
1471.56
38597.04
26308.56
7952.72
33961.11
65544.75
3964.23
35437.20
29181.24
55587.40
4390.65
56661.50
23502.70
41236.47
73205.44
36492.50
15808.92
53135.55
75889.38
7215.56
2528.70
35572.49
34232.45
40875.84
10131.11
25979.36
13786.74
1910.08
46964.82
49243.48
36039.24
26748.16
55190.69
50958.00
50309.64
7427.90
42253.12
30909.79
22760.16
12553.40
4817.07
52321.18
1253.34
64615.68
8524.00
22241.52
7035.63
72577.00
30207.68
50165.12
40025.79
56778.72
18700.60
63764.16
28527.45
38751.65
37740.31
57379.09
67507.76
47506.24
58924.32
22689.94
33892.37
79679.60
33362.28
26803.77
70553.21
56604.04
12493.28
56260.00
20902.20
48892.14
61361.76
70019.39
11340.36
39122.80
45716.44
28570.20
53128.11
44297.10
49303.80
36054.20
83927.69
5225.60
1418.51
16313.40
41455.51
12445.20
4069.32
17294.62
70010.40
44068.69
6016.50
17070.34
49804.50
50654.00
6276.84
62139.60
39536.47
70574.73
47353.68
42639.57
53775.54
75511.38
2850.12
7532.10
51191.46
5497.84
45168.00
48806.80
37927.42
64147.32
14175.60
41107.20
43081.64
40362.48
60717.69
20343.96
6258.64
12461.20
8126.64
40142.50
16352.70
69075.57
70484.63
15568.96
78183.00
46068.36
32199.36
70250.40
53207.50
62036.52
49004.00
55548.59
35281.18
69917.34
1585.68
3771.94
38519.58
37759.79
16523.92
9379.85
55137.90
81183.14
54389.46
49838.70
53619.26
2614.78
37027.48
26562.90
48016.75
28359.21
2895.06
3970.26
19702.80
74418.75
57120.48
29875.50
60184.35
77202.18
33849.86
24902.46
44840.25
59302.80
60415.96
15168.48
59507.36
29522.10
14085.00
40639.86
77961.25
34749.48
45436.20
18820.60
44546.75
13929.96
31518.68
72155.60
47151.50
9189.99
16848.15
28368.92
82603.22
6366.96
60929.05
45172.25
17518.19
23530.78
25872.56
9622.44
43320.50
86571.18
37167.06
38137.50
12263.20
36851.85
34309.44
32785.00
34687.50
12922.28
37639.40
42400.02
45549.14
29767.92
7820.47
49672.50
6912.35
46270.29
4249.53
47089.56
31713.30
56265.30
84913.24
30541.06
34408.66
49920.36
64003.34
17430.48
76060.98
66449.11
64568.37
70386.36
61505.76
11254.32
38188.81
50759.19
45835.67
16097.55
1185.28
32129.66
24805.04
58569.32
54266.52
68787.90
73994.83
25557.00
70336.63
2404.58
73614.24
47211.30
55667.64
45480.60
75763.80
63526.88
50034.39
25752.72
61548.98
36621.00
11452.40
24617.46
30232.00
13614.50
31623.41
77729.88
20661.84
31023.47
34308.48
40453.55
7923.35
83888.50
6475.07
51653.35
31137.92
4666.95
81940.95
8056.80
27301.68
33515.28
21803.58
23199.60
28206.83
5862.24
4339.62
20762.44
70592.34
24820.04
73821.88
62225.49
41484.77
21848.25
13730.76
13045.76
6602.96
22856.32
43428.47
21838.92
68888.60
66634.52
5345.72
56811.50
51855.60
51864.78
53241.97
51326.73
17613.38
15025.90
33424.92
43752.02
82195.48
34163.82
32368.34
78987.56
53922.05
17638.50
44746.35
1525.62
13777.12
63292.05
59818.27
12806.04
36039.24
35626.44
46901.98
23064.45
48651.11
46351.00
8859.42
12541.28
44939.88
11956.64
59402.70
59616.18
56366.63
30375.11
30410.96
41179.20
49998.20
33446.49
22227.52
51700.74
73578.00
82166.40
35267.70
65092.58
21615.88
37392.02
51066.60
85051.24
8673.18
34881.80
63706.97
81180.75
6657.15
25220.69
1020.11
12433.32
33892.80
70904.20
50339.38
21092.40
8378.80
48596.48
73161.44
20789.78
32227.20
43427.25
63947.60
20470.45
21298.44
24270.03
77361.06
43176.74
32486.38
38248.32
64630.02
61332.26
15589.17
72645.93
46274.88
70680.39
30833.32
52043.76
38746.64
45283.14
29047.93
56220.48
49669.91
24289.03
24281.76
26230.16
7864.64
87935.12
53648.26
50706.60
26635.56
8962.59
57731.04
43621.00
39981.70
25947.30
12806.86
17387.37
12036.87
60694.50
31353.75
33056.64
35606.88
58467.94
48226.08
5522.79
54720.22
2274.46
68457.85
52291.44
39001.00
4316.68
20203.05
86587.20
7953.40
76362.41
60365.86
59877.07
5946.48
55087.50
52987.58
8191.89
65419.50
33076.40
31646.16
14968.24
15104.48
18699.60
4009.29
11117.97
70978.46
40167.25
26476.56
8333.75
5105.48
66669.97
24565.95
30657.35
36938.28
9018.81
36836.68
4336.72
69743.89
11924.64
25016.25
85001.28
18284.50
48151.43
82750.22
20013.84
14238.18
7296.00
44941.02
49272.84
34083.45
64191.65
65295.30
10201.20
15015.76
34814.16
57072.57
36039.04
80485.00
42216.46
34766.80
4620.96
8293.75
26588.00
32879.56
56327.76
54155.28
1976.16
42857.36
21622.68
66569.65
47372.16
41801.76
22794.48
23281.08
11760.76
56864.85
13040.17
52864.39
15015.68
46510.88
26428.75
18583.68
45327.75
53386.08
68573.50
74373.75
69717.60
32550.70
5517.88
39775.26
7151.52
80124.18
20343.96
20404.45
14478.30
11468.24
4570.83
14932.08
25624.08
65733.16
58618.21
6231.70
54695.80
62778.30
3180.45
20616.90
12847.68
62661.30
69337.92
13117.84
80031.13
59377.45
49024.92
22504.00
54778.40
18686.34
45250.14
35797.14
43255.82
39108.16
49528.39
28509.92
36614.88
16110.05
75519.13
24973.60
27744.90
74238.30
27349.20
37560.95
67571.55
57707.05
55305.80
64144.47
33419.52
64572.55
60818.01
3389.56
20938.12
11762.70
16217.10
55058.96
21947.58
87403.68
89443.50
26758.26
13131.30
43865.40
64565.66
45491.14
60607.68
18460.40
8253.09
19228.44
41044.69
47291.66
38032.08
13339.43
6334.68
21346.44
62764.70
79848.18
17090.91
25339.86
31759.29
8817.36
6901.50
62296.64
41203.44
31159.81
42417.21
3161.34
64724.04
59282.65
33100.74
63117.50
61217.66
11892.64
41967.22
19316.40
27791.61
28520.36
3195.48
17074.56
50874.60
58363.00
31031.00
39690.88
20325.96
29119.20
49454.36
38582.18
9538.08
38185.28
8373.80
51991.40
34286.50
70171.92
9234.70
44447.10
22695.79
13401.41
16517.49
10971.90
27690.60
54890.29
10098.80
16349.40
66632.84
79372.66
31954.80
48670.17
32164.56
39041.60
3457.64
73928.50
38491.32
5666.15
55548.00
34664.74
58519.72
3455.64
60579.72
78041.81
37805.79
967.06
46889.31
1158.25
48516.03
62857.16
16537.50
50261.12
14568.62
3967.26
1705.80
52617.12
38130.30
5421.80
76267.80
7715.40
27655.45
22862.51
44959.32
39042.40
38560.56
73578.50
15592.61
58496.38
23274.60
44848.40
33050.04
52801.00
66093.48
40995.00
50698.90
34110.45
41926.93
3937.20
22326.15
29263.64
43260.24
92847.50
1185.28
39381.16
32474.64
56020.00
40149.63
40057.70
37601.20
15606.50
16385.76
60833.28
87259.68
24597.00
13203.19
47650.95
11496.33
24988.18
21732.29
80049.15
48659.46
81493.44
18295.32
47883.53
21412.80
31945.98
3922.20
39946.63
20866.89
55094.40
30150.12
16370.19
31359.58
26132.34
54923.52
57348.39
47394.60
44783.68
78370.32
52832.16
7897.54
65378.25
43475.94
11136.24
11940.64
53291.94
9027.54
1006.10
28580.75
19765.28
16027.00
56727.52
16804.06
27371.19
40755.40
55438.89
34364.96
5682.04
35797.60
9558.22
27427.26
21034.08
77243.18
55376.48
57320.20
6336.90
36564.00
28614.24
78170.13
29620.50
26343.90
70834.40
9740.36
13313.43
16387.30
35558.10
55288.45
41143.80
27454.75
70594.21
35373.85
28330.50
20482.66
13574.40
26262.60
31597.02
12781.44
8205.82
44984.79
48983.22
75759.98
7372.80
21317.10
1595.68
43079.08
32543.28
13153.95
8674.15
44686.80
41959.22
12116.39
67512.00
24409.92
33389.10
6311.80
43445.75
53077.61
52858.10
30657.60
55932.48
1069.16
58904.58
31689.02
37990.02
29577.46
65252.88
55160.00
24267.67
61853.36
18349.50
18081.14
55751.64
17687.04
74438.00
44202.76
40890.78
60789.05
52240.32
37690.20
3525.78
50093.28
6251.70
57843.72
24489.00
5378.64
28479.08
1791.88
6887.35
83201.85
54062.42
49591.58
8402.94
24098.16
62183.94
19842.79
39810.00
3970.23
61576.35
26666.31
12012.90
55499.20
3175.36
30938.58
37390.20
54910.80
69914.40
22272.48
17394.88
74755.38
56042.26
78286.32
6391.00
45137.52
21512.18
23086.31
36272.28
1119.21
20727.98
6777.25
