16923.30
30872.00
81786.00
38078.56
48484.80
21174.56
34960.38
26488.84
59553.45
26305.58
68027.82
41004.16
30776.40
45555.51
28891.59
12865.68
47652.00
45601.92
59847.92
1197.29
34540.10
33708.00
51456.99
40436.44
44902.38
67461.30
71845.14
39237.90
29246.72
17343.37
23713.62
27136.80
47660.40
21022.23
61181.12
30576.66
62960.83
21208.86
16576.02
8833.52
34692.29
20884.50
25542.51
62345.52
74252.83
36399.30
29702.40
9321.90
20643.84
39474.43
70411.72
51506.00
35362.50
7742.28
45451.68
34083.45
67986.52
43086.08
33513.34
81336.00
17738.70
31443.12
41083.47
31933.72
8905.68
17406.62
13264.10
43966.36
53897.20
3378.63
11244.24
72316.00
73962.02
42670.25
68915.67
56311.00
9033.60
45928.67
37040.33
49920.36
51567.93
52022.72
6657.35
16129.60
12884.04
6582.92
47351.48
1138.23
80881.71
24377.76
32626.80
21094.56
58897.48
60319.35
46786.60
22964.80
38632.81
5230.70
81836.50
33835.60
16677.92
75968.16
16657.94
52081.38
11937.69
80388.96
2394.58
51238.93
1742.84
48429.48
45678.30
27845.45
23476.70
53292.60
7267.80
1193.28
52050.60
39381.72
43691.40
36039.00
18812.52
38289.48
71692.32
45550.00
59942.19
24613.68
37858.92
39164.17
58624.98
28266.68
44317.88
9977.00
51235.25
43067.25
62750.80
85253.30
56445.75
12697.37
44904.74
45025.79
35065.52
54722.42
48461.76
37759.59
58589.44
7768.20
10546.20
74645.12
3690.96
6506.88
12938.04
39710.58
32492.34
81013.44
50364.18
50013.60
26655.86
27177.04
30143.68
49107.84
83853.86
5630.88
1039.13
65382.29
33035.25
19950.84
21818.10
35779.59
64129.15
15153.93
12917.68
41888.88
83209.40
40435.23
28226.80
38368.56
29422.88
30838.00
36388.75
38666.00
65049.30
953.05
22851.57
43975.44
32994.80
40552.08
44933.00
12303.20
73127.50
47855.00
62153.27
36019.20
39708.57
28784.80
22684.60
60880.68
31624.20
42917.87
27940.64
3141.32
58342.51
15416.39
19656.00
21523.40
3555.84
16326.00
56220.48
6655.00
12971.97
48124.44
66976.98
27276.80
18319.30
14194.18
2030.20
6659.04
11246.83
52768.76
45030.72
75847.80
26954.25
83992.32
27028.80
3567.74
42414.24
43787.50
11219.76
57393.60
15867.83
41347.44
44087.41
42570.00
962.05
16649.92
36904.00
56676.48
17886.96
22914.78
85674.24
3931.20
30496.13
29402.10
24911.25
39912.60
12631.50
57429.84
41789.88
59451.00
66760.65
5497.88
66760.30
24012.67
43586.20
7207.65
39213.24
17995.18
59991.19
40367.50
43410.99
35447.61
36669.60
75441.87
63867.60
40191.66
12641.30
45373.65
39905.32
21263.00
1829.92
4032.40
42608.57
21610.68
59494.70
78933.50
31153.00
23944.83
78133.00
11386.32
18149.46
22840.84
39452.70
22812.92
18391.44
42201.36
41267.85
12501.16
49181.36
73434.97
1902.99
35701.92
25955.16
68751.15
49121.58
65470.00
8426.94
62373.49
50706.00
51415.20
28954.93
22886.22
5565.96
23389.30
26340.38
41895.90
47391.75
47571.75
50166.24
40291.68
15124.20
17438.40
17106.56
30899.12
38786.31
36910.94
27643.95
56026.88
39534.84
47861.10
39162.76
42936.53
50849.72
54213.73
46609.20
21442.68
21288.54
35863.25
71369.25
15055.76
50658.36
35174.52
40110.84
67616.55
24235.65
9757.62
3852.24
60796.08
36388.75
53038.68
40707.16
84889.50
17328.75
37678.80
78256.13
40940.28
45611.02
16670.81
15040.48
45447.84
38612.00
1236.33
7153.74
27079.25
20337.48
64008.08
50313.20
27839.25
47570.10
13874.80
50637.21
41279.68
2064.24
53669.98
7355.72
7802.40
8468.95
11021.58
24063.34
15912.34
41485.20
13973.76
17244.26
59800.55
46704.29
42737.24
82289.48
20769.97
13206.00
20361.60
3273.46
46225.53
45359.52
26711.86
22254.13
38525.76
34572.72
33491.52
25578.20
74834.76
9677.29
53562.60
64959.30
62669.88
53274.99
13523.40
47868.03
59606.64
30614.22
36570.15
57880.90
39857.58
41969.25
68022.00
6570.92
12696.75
54458.00
42710.98
7983.40
61647.19
37922.30
27049.40
54431.84
7331.68
40218.48
68870.57
26828.60
64376.54
6048.60
56476.20
26120.16
44982.49
58911.36
49121.58
57355.55
14271.04
19160.55
13433.22
18847.92
7015.56
83538.00
62416.22
41615.64
68077.41
38703.08
27606.00
41805.20
7042.63
70069.34
31801.44
31313.00
19965.00
8345.96
20307.96
20047.66
78033.90
5480.76
33695.40
38565.71
2344.52
2316.50
55822.27
5862.42
23365.82
17855.11
59102.08
24883.04
30878.48
32418.54
18059.00
37506.56
50409.45
14895.60
58575.02
16878.15
69040.52
17790.84
57751.65
25660.88
19522.72
28555.75
35341.44
84939.50
71845.14
26572.80
4775.20
33519.42
69310.99
50104.50
14323.54
67416.00
36238.00
1230.32
44660.26
25604.88
22463.97
81733.92
35542.08
24836.25
62796.42
29785.32
67558.67
53271.82
69524.00
4264.53
6631.00
46345.29
18079.32
43255.82
42587.95
48309.07
39647.86
56038.80
1796.88
65364.75
86429.14
31958.04
12116.88
33218.64
53207.50
15994.29
12633.50
13734.98
49818.28
50997.76
35249.28
28842.66
29662.50
57976.23
71516.14
1130.22
43837.53
41443.50
57338.09
32963.84
44959.05
49465.68
27667.45
29311.20
12192.81
49503.82
49685.76
12746.37
43439.76
7122.60
37790.25
28146.14
7224.00
17518.40
10258.96
43652.70
34790.03
23405.20
36484.59
93998.50
6741.42
26076.74
13854.56
1686.78
64670.08
28302.48
73675.91
76244.08
63678.88
23528.96
11676.84
14038.80
3585.78
58202.10
37372.68
24490.80
54573.75
48391.07
49077.54
52407.00
63094.21
36135.04
24862.04
64129.62
13651.82
7435.80
35911.14
67312.98
48336.04
24414.78
60221.07
73619.28
69966.26
61400.60
11344.97
31029.48
32387.52
5485.84
45697.92
60039.36
43849.50
49148.44
6597.05
60909.93
48921.30
3447.72
37480.04
45669.84
12977.58
30632.88
32770.76
24091.83
15449.39
9882.56
11804.56
41729.80
79571.72
45302.62
37464.75
59274.21
50489.64
18992.04
45147.50
39187.17
32739.28
58886.28
35558.10
53520.99
5087.34
18274.65
58125.56
32404.84
54477.00
29281.46
1508.60
3173.36
63781.62
40866.96
59256.22
64357.09
42663.62
17298.36
23263.82
28422.45
48055.92
67178.30
11262.20
27834.24
42921.36
64629.12
20560.14
62489.88
24916.79
73426.08
40616.52
92412.53
62934.30
63077.23
30412.20
21637.95
38582.64
57884.10
27719.10
1161.25
56522.73
70430.10
49584.08
1681.77
12688.78
67735.98
45552.96
27480.30
34024.54
15767.25
5077.44
11576.25
86478.62
46799.98
55379.20
34092.24
1703.80
17478.40
39642.57
29333.72
45953.40
53976.64
36025.14
8303.89
4949.32
47454.12
10188.78
50786.19
41944.25
19268.28
43089.87
20881.44
54321.46
11011.76
11916.64
1651.74
60788.86
31821.48
48869.28
5906.35
11584.54
1796.88
34323.20
45958.14
32987.04
71468.67
12389.02
70778.88
44315.60
65077.45
52790.10
19415.85
16657.94
45378.00
22133.55
43475.94
11514.33
42517.02
38665.75
53225.61
24761.35
15256.50
24570.00
76581.00
66448.38
19074.44
10937.52
5821.30
57892.05
36679.68
47651.00
6594.92
32398.80
79891.85
45848.00
3047.24
20226.60
19921.60
41499.36
16568.37
3807.98
25857.36
55201.08
72596.00
14725.70
46434.87
19895.66
8685.24
7592.32
6805.38
20421.48
4889.24
43605.84
2893.08
10802.88
68912.80
52766.00
94999.50
7744.48
6657.28
51855.50
47385.98
53965.73
41410.77
45380.79
52571.70
18948.15
6282.64
40503.86
10283.04
32874.60
40864.56
28524.06
12206.88
19507.67
32915.04
46673.60
58938.73
3591.87
28678.05
17103.53
23980.35
5288.55
67282.56
56691.63
40693.00
35936.75
14475.60
10034.80
7855.47
53272.32
36824.28
48615.84
49950.71
34808.38
54045.09
75657.58
47036.84
39710.58
66429.30
50193.78
73724.91
26395.84
31589.81
63238.30
23920.35
29056.50
22201.40
13807.95
4977.36
28638.08
37539.40
4408.80
21173.36
12373.30
48519.24
55058.96
72388.36
31650.56
29231.00
22683.57
39279.57
22513.66
43407.90
60615.50
52471.16
28290.90
12460.23
72106.93
30132.50
16878.30
62546.00
1702.80
46915.05
53697.60
7337.80
50524.88
9327.84
56456.72
47771.60
43546.11
6857.30
74979.50
16253.40
13599.63
78159.90
34752.74
41388.48
9814.32
59387.65
61844.24
8493.00
38506.65
36435.96
40214.24
4610.05
16330.27
24554.88
26570.75
9032.66
13766.88
69793.50
35262.42
5894.24
28569.45
44853.22
54276.09
5020.45
15586.50
52618.58
58696.32
22809.15
62715.80
1608.70
45264.60
7211.56
56909.70
46164.72
37707.07
50929.20
15811.65
35553.70
32836.86
42478.02
52380.65
20903.61
65308.25
56283.20
28366.36
7539.88
1324.42
47867.60
9538.08
75029.50
11989.08
11658.42
36872.00
18291.68
48211.20
11142.10
6542.92
22794.30
11357.94
69119.14
43804.86
36143.86
54465.22
50705.50
63869.62
939.03
26709.29
37644.46
35653.59
1784.87
61625.70
27392.19
40075.20
60344.24
28759.08
92947.50
4384.76
3561.84
48070.68
36339.00
15368.00
27905.90
52905.12
72488.54
37799.60
3603.80
29011.05
37192.32
29431.68
16683.81
76436.22
45846.61
46961.92
2922.21
61735.10
49300.16
22368.48
20578.14
29359.72
69725.92
20745.78
14055.12
61349.40
40877.86
37319.20
3043.22
31344.10
14118.80
36673.00
68528.24
12341.04
1711.81
4459.71
27369.00
17803.57
22802.08
5222.49
34329.33
38364.82
45072.25
31586.68
60250.26
7127.48
25552.75
33659.76
46160.96
45733.82
29214.56
45469.84
12865.68
24975.06
86335.24
49643.20
11856.96
21681.12
51567.93
18708.69
41487.94
5696.97
26268.20
48150.44
52819.04
35590.59
40331.20
1475.57
14576.16
31955.00
64580.04
28741.61
59486.40
11220.36
18379.89
11936.98
26324.12
17813.18
13374.30
25553.00
50484.53
26501.72
17616.76
44882.95
31358.75
62689.13
4020.36
66778.20
3844.11
8423.03
43979.88
30159.52
