14603.82
38518.48
60256.32
33485.27
19785.42
72124.32
27824.42
9021.54
38057.40
65114.45
15251.28
3680.04
25848.55
2839.02
63739.20
31471.44
4536.92
40559.03
15150.38
12280.05
31137.92
31170.24
72268.80
17461.19
10181.10
17100.20
13178.28
36618.40
15356.51
25812.15
5279.55
57595.49
32428.09
83607.84
43570.75
48280.70
2268.46
58886.32
79384.00
12325.44
45404.28
34862.00
1836.02
6010.40
45888.60
53996.73
18219.10
28564.58
12817.92
34692.48
89017.06
30958.25
51399.60
72931.95
79663.72
30464.64
26347.72
17508.90
45407.88
36977.10
1341.43
35515.80
58406.04
48470.46
14770.99
56832.42
52639.16
29723.98
47291.66
48972.40
46295.78
11099.76
45723.61
44068.69
45640.14
34885.62
30692.48
48539.33
80150.28
69232.96
26404.56
25677.36
2098.28
25768.08
47418.22
52639.16
27746.16
54201.60
41880.93
55744.15
42911.47
18459.40
12589.68
44597.00
40348.00
17648.50
76737.12
38023.92
76929.60
81400.05
68800.60
21422.31
35282.52
30303.84
4028.36
58542.35
63033.96
27265.26
15207.92
15096.25
48186.07
71913.27
29823.54
79843.13
22600.00
42747.87
56304.20
30033.00
52388.84
11321.82
20875.68
13791.12
51296.94
7472.16
52645.76
41841.36
51296.65
52888.00
47024.25
14627.73
75760.08
11632.60
21391.95
33341.28
15747.03
79956.00
46850.85
50860.34
20316.60
20830.50
15586.38
15356.30
51886.56
3796.08
43077.36
39410.94
53373.61
31230.87
58162.50
9565.22
28596.24
85440.00
8528.95
43291.19
41892.63
42100.80
9600.50
54763.80
71476.86
44484.30
31326.06
5507.79
5423.70
68781.15
10755.44
4961.25
15449.50
35110.53
12469.20
25482.88
27705.24
88734.59
49029.89
32395.50
52114.50
76352.22
9379.17
79022.30
75143.20
4841.24
39327.60
27450.07
67970.37
53076.19
20829.84
36624.50
64262.71
62421.28
39731.58
33252.16
8174.76
13444.30
58111.92
3900.24
12712.50
41584.64
16308.38
66149.30
40422.90
5610.00
56292.28
50004.64
26059.52
12532.32
17118.00
39874.38
24778.24
23325.75
17841.57
27435.16
15697.12
16253.28
37032.00
38711.40
36378.20
14370.40
9189.65
40323.92
72751.95
59792.70
31975.29
67920.16
69336.93
23833.92
48531.00
42373.88
3565.74
73951.83
29219.77
58439.54
1890.98
1275.37
25324.60
46929.92
72710.82
36712.72
52109.81
19893.00
14463.60
22719.15
47045.91
62550.42
1364.46
62466.72
54148.50
52765.50
30337.28
53398.40
65770.00
24913.14
14343.12
3498.75
40061.18
74190.72
21802.92
16337.40
5856.30
23813.65
37770.95
7344.08
21296.31
29486.88
5651.10
42837.12
43653.77
3695.88
39643.20
41659.08
32272.56
27980.82
36818.33
44302.56
62105.60
27609.16
1670.76
64602.06
20637.72
61099.74
26998.35
24743.67
10048.56
40811.16
34246.08
38651.04
17743.04
30440.76
77938.56
49396.16
24806.10
54841.92
47741.30
9970.72
12977.65
7195.74
32078.31
20889.96
18974.70
45093.30
27675.67
1373.46
14044.90
40071.90
5253.60
13154.00
17926.92
28389.59
66170.50
4572.92
53031.72
52757.50
11681.25
60006.07
5480.76
29951.80
6016.45
36888.94
19572.28
48968.10
46866.16
57325.44
38226.30
31273.00
32698.80
28905.66
42541.44
3427.60
22171.52
33082.74
41336.33
56794.85
37408.68
28524.24
69586.79
25011.12
2991.27
9113.84
60438.35
36137.61
36110.61
23449.68
32294.20
26068.32
16220.16
41805.90
22185.52
18114.14
13462.16
76689.12
55994.07
10501.40
55135.29
56300.00
18996.48
44736.96
29463.98
54364.38
57792.86
78225.84
54400.35
41988.92
8212.82
11986.13
33003.36
62238.44
42545.56
25653.00
74574.72
38204.88
22682.92
24939.12
1958.14
72605.26
48825.81
49157.24
17747.20
38089.82
27997.44
24960.18
37871.34
11952.96
68744.15
67986.91
32091.66
59325.00
30271.86
56508.96
19578.57
77981.59
43439.76
47317.66
1762.85
25983.72
64107.60
49642.50
58742.55
27696.16
29214.97
5754.30
6735.12
27046.69
30333.00
10300.86
45505.92
30191.68
46432.62
19381.20
52178.28
89224.59
33804.40
8910.72
40880.28
38995.74
50114.71
57981.12
50873.90
69457.99
45856.44
32963.84
39601.32
70635.62
47594.12
19635.00
79278.66
16802.64
23558.78
22148.40
87492.00
49444.56
45210.75
24205.35
58558.38
32162.82
52667.16
28737.45
53536.70
7105.68
31295.22
19591.28
1884.98
56970.20
47659.48
52328.64
54490.56
45745.92
40943.00
77382.00
33661.65
8839.30
24226.50
41023.72
10074.80
38050.80
42763.57
8318.88
25002.32
83209.40
4448.80
40808.72
80724.96
79534.00
33996.24
34981.52
6860.49
78581.30
34256.83
63283.68
14295.75
44564.52
27807.41
33137.64
31208.93
16938.00
77313.60
7583.00
2762.94
41361.32
36148.41
23461.02
22731.94
89205.53
42550.64
3862.14
1110.20
32858.76
45679.14
41594.10
70766.39
40446.90
22852.05
17687.04
28968.87
15264.80
12361.14
6418.76
32391.20
1690.79
10931.90
65343.60
11135.88
48596.48
22045.14
16677.60
17088.45
60046.55
3051.33
23807.99
75180.00
15841.28
33316.16
46410.00
65273.25
68918.01
15576.50
59800.90
73724.91
28049.40
31091.97
49529.34
18642.58
50407.72
44621.60
33707.65
10216.98
6622.96
51630.04
10090.80
27942.00
1597.69
60093.90
71625.60
8784.25
55120.52
47697.46
21655.20
14134.88
68232.00
79019.26
19352.40
65138.85
8329.04
26019.74
17156.15
65715.72
17190.90
41374.47
40384.32
16439.78
38002.50
5035.50
28518.72
6843.20
33776.40
14842.10
61580.70
49365.36
27609.40
78137.84
21382.80
22437.66
55899.60
34350.10
14001.26
16352.70
13014.17
9221.87
42643.98
32634.75
16163.01
30319.68
66201.48
26278.50
45370.36
18639.50
39541.75
21936.63
49948.64
35840.22
15018.84
51731.56
29371.20
41408.64
47652.60
20797.20
48196.32
22865.05
18240.00
34708.74
71795.68
26788.80
70794.40
5245.60
43333.92
60825.17
36607.20
20910.89
22044.75
48410.80
32254.02
63697.62
22145.94
13714.60
19520.80
22587.61
15801.72
35378.13
79103.25
56648.63
39895.20
9027.90
38882.58
91186.55
46381.68
10505.04
55822.27
49985.39
15291.51
29567.04
6022.40
49761.04
68003.41
1170.26
30129.00
27695.34
17321.37
16953.30
37334.02
9514.24
23110.36
32142.27
32437.70
44855.10
27181.98
63945.64
35626.44
31810.08
51041.48
30693.32
17765.57
29536.32
48080.70
34140.24
29060.90
45370.05
74238.72
34022.10
49211.89
60749.84
20854.89
16319.55
21188.80
68363.38
9254.70
50345.13
31867.29
20276.04
13318.08
61215.50
29791.92
21811.01
29489.98
67391.20
29503.68
13164.10
46670.04
23017.20
68255.16
15064.20
14845.70
71976.50
49914.00
19102.44
17530.48
82630.68
21926.94
58013.04
56220.00
43070.25
46969.50
60177.39
35273.26
22023.52
43343.52
51800.16
70814.70
77698.08
33012.00
52225.50
22008.24
36867.93
34168.11
55836.48
64456.86
25155.36
46985.05
27399.44
10857.88
24634.87
83187.50
15408.64
51943.93
51379.46
9202.00
5372.64
18789.70
3408.69
18785.25
23177.31
57181.44
65252.88
44744.10
5750.12
81886.00
27459.90
16577.37
57495.90
23699.46
68928.20
46164.60
13230.56
28647.08
38215.50
25466.88
79937.13
5489.84
41885.20
30322.76
39121.95
31927.02
49680.82
47611.25
43337.70
24586.40
60087.96
5306.58
29757.00
24520.80
19977.12
60915.69
48045.75
62416.22
22208.63
60940.22
31483.32
27529.70
46250.60
53067.68
62171.01
20272.34
23476.57
48341.03
80492.64
50747.20
4757.12
20316.60
27389.07
8018.45
69123.50
78471.13
24326.20
2660.84
22512.72
40699.56
20704.97
10202.88
6391.07
31245.48
40476.55
3474.75
49373.55
40593.72
42525.30
51556.00
23528.70
20822.80
55896.16
40915.16
50800.63
61708.68
8042.58
30802.47
34990.08
31434.75
45264.00
36976.94
28710.96
61642.35
52450.65
2662.86
77821.88
16474.02
20902.68
18725.10
25591.50
68183.64
38605.54
80052.28
44014.08
62348.91
28278.14
31112.80
7763.20
37736.79
37115.99
23515.20
64874.46
21120.40
38176.32
39372.94
72377.00
52856.40
38345.76
36254.40
21733.01
35354.52
4333.62
27652.67
51598.40
21357.95
12543.16
76304.64
79755.72
8072.80
29181.50
12685.75
19749.42
34314.83
15208.02
79383.50
31882.08
10565.10
66273.48
86064.16
12936.04
5430.90
7648.40
55491.04
18163.80
22872.31
40312.09
30243.00
91546.00
43138.62
5766.12
14953.12
73262.08
44494.56
20902.40
24155.84
34292.20
64930.88
69531.93
8073.55
45422.50
18475.56
45405.68
18859.70
5534.79
27875.82
68712.00
17243.46
67234.44
31533.75
49056.81
29002.61
20728.27
62986.40
26427.75
62106.74
23632.70
65734.08
35301.99
54538.56
24627.00
4934.19
20136.60
23671.83
23163.30
86634.72
80967.71
31337.54
13518.24
52830.33
11099.88
33849.86
5288.55
8180.76
85327.70
18217.98
67347.28
45457.44
31144.34
38869.74
43662.40
27105.68
54750.52
66219.65
30427.96
76085.55
20504.44
40839.40
16593.19
27381.90
73136.91
4441.71
32761.05
42620.88
56339.50
9940.50
3241.42
2530.72
52151.50
27509.40
41465.22
47759.53
27309.48
36933.93
19438.72
44004.81
65048.40
4508.88
56648.63
30441.04
36494.22
50705.50
35855.22
31731.48
12533.50
9790.32
21862.92
18679.80
66455.92
3089.26
24226.20
28597.05
35708.40
15421.80
80170.18
18836.16
31272.75
22373.85
14169.40
78707.04
48535.46
79187.52
28539.09
10659.36
23634.90
6421.02
6706.35
7432.16
77776.34
45641.20
27125.28
40890.96
38040.50
28947.60
49205.76
8486.17
47370.80
7668.10
59325.00
10474.98
65665.92
10514.34
51039.12
56649.10
82840.94
56996.72
52343.86
2572.74
30337.28
48456.80
1679.77
33153.67
89960.08
50894.46
74798.40
29233.93
17154.70
26046.93
32346.72
38065.50
3211.40
26891.04
49828.70
66630.40
51400.80
45200.00
39017.92
10492.98
13005.65
1401.49
45287.52
77019.84
3836.20
62459.65
41798.58
53216.80
35919.84
62632.86
