60929.28
85447.67
9405.96
39341.75
34716.96
1485.57
24613.68
60255.84
20758.24
57913.20
51318.08
49556.48
16650.36
57078.84
55055.91
62050.10
17995.18
53758.50
42436.80
5159.43
56409.50
22744.60
50905.00
36431.22
17271.00
43011.38
27028.87
49488.36
39796.12
41855.88
4020.40
66777.84
43425.15
3315.50
45056.52
57810.92
62681.15
69709.50
32572.54
27118.80
1622.71
10266.96
34596.99
22358.70
37690.00
39917.63
50880.61
41168.10
44143.04
14755.70
89205.06
81625.50
48244.80
31636.15
30556.76
44208.30
27268.65
47499.66
52372.17
72811.44
44627.40
32711.28
42400.02
70003.26
1413.50
45545.82
33742.10
1253.35
25248.09
39542.37
9544.15
20899.89
47763.84
74230.66
24007.34
17849.92
27875.41
59518.40
65995.20
52891.44
36466.17
71933.24
10733.22
38052.56
3805.98
46518.29
38083.77
22452.12
12529.56
6076.50
34524.72
55560.00
2152.32
47581.17
40537.52
32650.80
11201.70
16202.42
62715.80
36083.61
28094.40
60830.86
7910.46
6891.24
5190.65
47967.92
6608.28
27773.28
12501.20
2622.80
39545.76
47660.40
4456.74
83742.75
13511.52
33767.46
16748.71
39882.00
47145.70
70830.48
63568.00
43509.60
51545.25
11177.70
52657.77
23356.20
59446.21
34512.80
42093.36
43139.04
20289.96
38040.25
44488.00
9374.85
14007.12
65681.56
61665.60
56283.20
36402.37
35974.72
68269.38
65133.25
21275.10
3111.36
40061.18
22525.00
10555.28
12661.80
4865.13
5130.60
76471.85
40137.39
2964.24
55830.77
45056.52
7658.10
19286.41
21758.10
15171.93
3401.58
48352.08
74369.90
70178.52
51948.56
7197.65
40343.09
62369.34
19605.25
13034.00
6210.56
42550.62
32086.82
79934.50
65542.08
13165.84
7872.64
23895.96
50755.00
52229.48
35099.13
32437.36
15136.00
45250.00
33412.12
32815.65
32137.56
23545.68
44267.19
59036.95
55137.90
76376.08
13307.13
48052.80
19039.71
33423.27
41696.70
45027.58
48490.96
35129.86
67064.30
56068.80
35093.52
64087.76
23225.50
3715.90
73592.22
15525.64
61255.74
76373.85
50745.36
45804.67
41715.45
58410.79
20379.58
34086.90
32974.80
78748.74
33041.40
15453.00
30752.40
6627.10
21190.68
63226.80
5183.46
11220.36
40633.56
7974.61
2314.50
17378.88
2895.15
41420.47
8254.89
53408.52
56291.76
7224.91
71743.24
57507.84
3781.05
2080.26
63918.00
40138.23
51421.02
10727.28
77361.42
39605.37
57613.60
44715.06
18847.92
32774.60
29724.74
40246.32
53299.61
17619.04
6863.24
38681.16
5075.34
8729.20
43811.46
13951.08
45017.70
43736.92
17406.76
8348.88
76400.64
5321.68
23961.50
48040.03
33041.05
18860.25
85938.65
27008.69
57381.39
73161.00
3401.60
36154.06
68373.00
34352.34
57009.18
39946.63
36831.12
59607.00
992.08
5597.96
9866.64
52653.76
3799.08
45493.14
44256.48
73907.74
29672.40
46339.43
20382.20
51319.68
63498.60
13550.31
64100.64
32936.05
63621.11
64336.71
65003.45
25226.56
3120.39
62309.52
19614.63
27478.98
6727.26
46257.78
29181.02
8248.70
54058.50
47077.32
51490.80
25403.56
5351.64
57326.42
23659.20
66724.56
15640.80
36966.93
49733.20
48099.15
49882.80
34669.80
67236.95
39678.84
40781.40
53028.99
55642.56
66966.30
45773.00
21514.68
21670.80
56849.70
48358.70
62322.72
34056.60
47265.66
21498.62
27909.41
81312.14
15444.66
92247.00
13048.28
1606.70
27177.56
52266.12
22563.80
40291.56
34867.50
21626.37
48441.30
36178.48
56795.84
40299.20
7908.35
15570.94
38231.80
31749.30
18619.95
64051.94
38378.89
75231.72
36039.24
28487.92
26348.84
37143.36
15266.20
83788.00
10013.64
79758.28
50929.48
57637.23
8976.59
13412.70
40219.56
59081.02
6036.45
22787.31
11702.60
1100.19
29253.77
18975.57
65809.16
12473.09
82426.48
29759.20
9858.64
41843.78
3639.82
34476.33
33635.49
32863.67
68075.28
17526.60
34512.92
41931.78
32487.50
1117.21
40700.52
60785.28
48411.00
16271.10
35248.15
49488.84
37769.04
18180.14
16481.64
32380.02
69004.20
33434.91
27722.24
62889.65
66633.84
57503.14
46971.06
12661.80
42307.22
30413.48
74856.43
41306.85
27398.90
46275.01
7827.47
42895.25
43447.62
45877.32
14295.75
28732.05
17689.38
19332.64
29960.48
56509.25
33879.54
55267.08
12636.78
36474.90
54814.50
43498.58
13117.95
48169.03
11772.39
40333.52
16947.90
45819.84
30080.96
54508.95
8542.17
35320.05
14645.96
26043.52
4268.60
42137.55
24302.04
14480.51
42915.90
941.04
29880.24
12269.04
51143.70
40054.56
29857.50
47690.40
15456.40
25152.25
49692.70
12550.16
8801.52
34627.50
12545.65
36011.10
79513.66
51576.25
41659.68
61982.24
36788.64
31527.93
77545.42
38350.18
15271.11
70536.97
54245.04
53096.68
16907.80
7384.16
66904.97
36614.64
17154.72
63822.96
42422.26
18069.76
76535.55
24783.60
32296.01
35105.18
3797.98
35526.40
65301.60
47908.32
42813.09
56336.67
75243.12
1763.85
47302.00
11204.83
21607.04
3735.90
28056.51
19895.66
15707.77
48185.66
28004.40
40436.40
38597.76
33891.88
52719.39
44196.50
80031.60
48698.11
38681.40
60217.46
48801.48
19589.57
24399.62
42624.09
59655.18
12280.05
92947.50
44982.49
29517.51
41567.96
33783.86
77819.78
8977.68
11415.11
4372.72
44002.86
2526.72
40870.71
65669.20
44492.38
8331.96
10771.70
37797.69
76749.41
68232.00
40592.75
23212.82
34953.52
66227.54
15471.50
49542.85
22824.51
13173.92
37262.70
47201.84
58538.48
1091.18
69257.14
61841.76
42021.21
42088.16
3547.72
40362.48
5340.80
50593.20
20111.28
20602.40
3309.50
77931.90
33057.20
41429.33
58983.88
39091.25
20541.60
56071.28
46198.62
32748.76
34309.12
17243.46
38570.04
30314.34
44326.56
41645.56
64664.46
7848.30
8208.00
68322.24
5375.64
1984.16
59913.00
49156.14
37379.20
60522.50
2180.38
33155.19
50048.13
42758.36
59487.84
18770.10
1699.79
43032.08
19088.28
24866.91
20085.12
35396.05
8037.68
54395.04
38056.96
39939.78
21403.40
20723.67
4745.08
25143.14
55638.80
13496.84
55930.56
9502.15
65409.08
31108.64
46143.78
56849.70
33841.44
23741.74
56410.94
16472.85
74376.12
26308.00
7953.40
74629.00
33549.88
86064.16
30015.52
72035.60
52579.80
13595.40
46147.53
81309.36
52179.40
41658.24
25326.54
16865.88
12838.14
7976.64
3303.48
70733.46
4117.38
10903.55
68473.00
37929.44
23376.64
8825.60
14575.82
11231.76
1725.82
63124.83
14403.40
2724.00
83992.32
13925.08
12045.78
16539.60
41323.68
20448.45
88047.61
19077.71
82043.57
56027.84
19554.08
49079.52
78370.56
87451.68
68204.76
55079.22
9504.95
48472.65
66850.20
41008.46
17024.04
9090.90
4549.80
18686.69
38764.18
73997.60
22071.27
5946.32
16090.92
14836.20
52410.50
27289.87
13469.69
924.02
25066.80
52752.15
39116.25
7670.22
21055.80
67901.44
41140.88
45043.60
9111.66
38546.82
56961.50
32234.00
47480.22
43952.40
1131.22
19117.28
4114.38
25327.20
51012.72
2416.60
62546.00
54425.28
48452.36
45489.20
46248.72
33715.60
41694.00
19315.91
10514.34
61489.75
11199.21
5525.95
61133.10
20861.10
39431.00
43269.60
4208.56
42395.50
12483.40
23416.80
26360.88
48713.33
30525.04
43375.80
18378.36
17575.38
65340.88
53593.42
22564.61
37911.30
70680.39
39567.46
40901.71
68183.64
80279.28
17366.19
51094.80
47407.17
84889.50
63658.24
4933.28
29632.00
57350.52
22897.20
28190.00
34489.44
66505.52
14831.52
44461.98
48492.00
7563.00
8931.48
56907.06
7071.44
32395.50
21528.69
47474.70
1880.97
31144.00
68935.14
42735.60
51456.00
8559.06
81132.92
46169.60
26508.00
29159.02
29522.40
27693.90
18907.57
35802.95
64479.06
13352.13
35718.40
37461.96
5261.64
74167.26
17852.38
14567.28
47049.25
24926.25
1633.72
38473.60
42829.41
59623.20
49590.39
12460.23
15823.72
11142.00
31058.25
34743.80
27253.50
62818.23
39151.55
32134.00
45492.16
8822.45
6839.49
26307.90
29651.40
9901.71
92947.50
45829.56
32915.28
20813.44
67931.37
66105.50
55543.40
56268.48
80499.60
59157.70
20362.20
58442.16
28319.70
33888.40
54892.11
31383.50
59006.08
27240.00
25373.17
88292.61
63416.85
26123.44
9746.48
3167.36
25638.08
31029.60
50536.61
45002.26
5738.08
2839.02
12565.28
5834.20
15126.93
20646.08
7172.60
14874.75
3201.48
8479.10
23977.44
20373.48
51602.04
35447.28
7187.56
48607.65
12370.23
42634.08
28743.26
49293.89
23208.84
76085.55
15136.20
45720.51
65141.58
25027.50
16025.04
2026.20
15748.56
49024.92
40780.08
53768.88
61934.60
41624.40
49262.58
12949.68
33575.88
41954.70
37758.96
14004.90
13135.95
32774.60
28910.59
1249.34
45303.30
23919.09
7953.61
23860.83
23695.05
27938.82
62690.12
59328.45
31839.63
91285.04
58127.23
67146.52
32659.75
38080.32
64826.37
22055.16
42417.72
69997.48
12741.52
42138.46
16172.40
11534.18
64837.00
34283.34
43921.44
53033.20
4799.07
19088.30
45874.53
11169.76
20767.05
64847.64
58240.91
23452.27
6935.28
46217.01
15304.44
26307.90
10881.80
26856.69
17827.04
58504.71
2642.84
57805.20
47426.12
5340.80
45335.52
4225.50
68022.50
25307.00
47174.50
35607.00
2877.15
32506.02
74166.12
15487.29
9039.60
20609.27
18067.52
32847.58
38767.82
33810.40
30040.92
42290.50
66324.65
35528.10
25771.20
37495.26
2022.20
58774.32
23376.27
3012.30
53865.38
20093.32
18307.98
33589.25
51377.76
39329.52
46250.40
19361.20
49401.90
9439.90
27637.07
48646.26
30917.32
33383.28
84389.00
11062.00
28016.83
35318.52
26902.62
21597.69
13566.63
36198.00
12641.64
50558.82
72304.05
45313.68
9074.50
12938.86
38122.04
18269.20
64293.32
27864.64
80630.64
56431.50
27909.58
22524.12
31678.02
56225.07
29011.36
26452.56
57099.83
17058.12
19622.25
6655.00
