37119.36
33627.34
19765.79
64018.50
34426.29
1698.79
13166.28
18440.20
13829.67
6907.35
43986.28
45336.60
32242.98
44707.27
92747.00
21935.98
30461.43
5480.90
70101.80
44023.84
38677.08
11334.15
17418.60
44064.48
15500.80
18681.88
44737.00
3462.75
26151.44
62183.94
24091.34
26572.56
52514.28
9766.32
1308.39
24636.68
27813.24
66871.50
27489.40
21183.23
40016.09
19158.44
46251.00
27649.40
11436.04
34571.51
7517.95
55066.32
21622.95
41279.68
28365.31
26754.98
83066.85
27713.34
77725.78
66525.84
39524.94
12905.86
1666.76
10619.36
48126.68
43417.92
49332.50
54169.76
14968.08
48569.34
37402.95
2831.00
4853.13
38380.77
57613.92
22620.57
28024.00
74821.31
26738.58
42477.56
1657.75
22656.72
58581.60
58489.56
65497.52
23093.65
27057.87
47439.48
47570.22
16046.16
64117.55
50706.00
18269.20
52276.77
17659.85
20559.84
30063.00
41345.85
56803.25
62546.00
41591.94
24036.22
25660.88
44882.95
72460.05
62200.74
9390.01
24176.04
50083.39
31281.60
78490.28
16014.68
59527.65
58087.56
46000.50
17013.45
55040.46
25408.60
36253.90
47615.52
48111.48
58367.01
14361.21
41595.96
41954.88
40608.75
20163.96
63824.20
54747.60
18319.32
59633.48
51567.45
86847.08
44219.16
65213.80
43218.87
36725.64
38531.40
19140.80
61040.38
17462.76
12363.52
17090.91
25718.83
29353.86
40707.16
8354.88
24166.35
42336.88
31537.44
12344.31
89666.08
44823.56
38816.00
26709.29
33191.64
9424.17
22452.36
36975.42
29356.50
26236.84
10693.34
23876.50
22830.08
6775.12
11204.90
17454.60
49318.36
28150.00
42164.40
65896.38
43343.52
40153.40
6827.16
23178.82
16308.38
57215.09
2995.18
32813.37
45968.96
24649.04
59903.20
77571.18
11183.76
56639.40
21630.12
43986.28
66598.14
46448.75
19698.63
35330.99
33326.91
32500.44
48597.04
14370.40
42286.20
18962.30
77682.50
79802.18
24722.67
35437.75
22495.61
20711.27
17538.50
63336.60
15063.84
22634.31
952.04
53241.97
4727.01
44399.52
18439.80
21321.99
15127.84
37759.60
50484.07
43601.46
17898.76
28155.50
32634.40
65541.52
17048.00
61978.94
39532.63
11091.84
15887.25
27365.52
56141.67
20662.40
63986.98
79157.26
5147.40
41995.93
13951.21
3101.28
17308.20
30692.55
37330.20
24537.92
46385.28
4797.16
14095.18
28364.70
28815.40
4123.41
31077.28
16382.70
52976.00
32834.60
43973.81
47790.40
10991.79
47818.43
9239.70
17688.60
30867.21
19215.21
45985.17
76761.00
28501.20
18452.16
48916.33
76093.95
46834.74
77842.08
5802.30
54154.31
3567.76
42022.20
32044.66
30353.67
15148.38
66771.00
48819.52
21693.88
25547.40
1361.45
47440.40
15633.12
70274.50
41484.24
36141.27
60513.96
45297.50
57797.10
20781.84
24883.30
45215.05
49404.39
13254.20
31581.44
13798.56
85603.70
41193.25
51110.94
38428.88
22295.40
65061.12
8766.54
41426.84
56223.66
7307.75
21719.88
50081.13
36789.90
40592.75
3075.26
31012.80
13985.07
59030.28
37770.95
68382.68
41651.96
45300.24
998.09
5938.28
2970.24
49776.39
5342.61
53313.12
39912.60
20979.80
34787.67
5504.76
43382.70
46705.14
8312.82
21947.24
36786.15
69855.80
57211.20
15604.80
21885.46
52600.18
11832.96
33321.75
5641.10
23567.70
2931.10
93648.00
18975.57
71671.05
22975.25
68915.67
18180.37
49655.34
1397.48
63941.15
59733.57
10072.89
16385.76
38321.10
65681.07
27602.61
13638.32
58129.56
24377.92
50357.44
43101.08
8801.52
35005.82
19396.80
75702.90
28682.94
42770.00
64741.09
34774.74
49113.24
32266.32
18433.47
46068.90
60082.92
61113.78
17493.90
60454.35
13300.56
41409.68
37818.04
10441.06
79842.66
8577.12
94248.50
27899.45
62755.20
46032.64
3636.00
77396.78
13180.95
65276.78
23400.75
21495.04
39605.37
8473.20
64076.04
38841.00
3168.45
87596.16
24666.62
14392.40
5762.12
6797.25
16781.82
32957.96
1694.79
79598.70
50169.38
71971.68
32459.50
8403.85
57622.52
49961.78
45188.47
47787.09
14325.60
11036.62
17035.04
10450.55
45239.60
13066.17
31778.88
56060.07
11548.32
12135.96
45592.82
3385.56
66742.20
33467.52
12445.12
67121.10
37490.60
6715.08
26054.54
32037.81
1822.91
39077.18
9329.75
74719.20
8685.18
11520.18
14161.18
1224.32
86281.65
17118.45
3991.26
27957.45
28863.66
64309.94
55632.83
11844.56
42123.66
50986.06
17719.05
31623.30
58874.40
953.05
11529.54
35228.08
41906.00
48566.96
91096.00
2995.18
50818.88
52693.49
22558.13
22956.18
12793.59
8383.80
51130.35
71468.67
22140.63
64883.46
22157.63
7051.62
27798.16
47450.80
35537.75
52296.00
43366.80
47006.82
41673.70
70959.24
31858.63
1181.27
63320.08
66070.50
11544.72
7262.70
25905.55
31653.40
18059.00
18820.16
12581.28
38613.12
51305.50
18667.68
69415.08
25349.28
43349.46
1876.97
11197.83
13703.49
23625.40
60184.00
32110.10
20371.34
58666.56
30983.25
52022.81
31947.66
15136.48
36367.90
1104.19
36634.28
69989.92
1804.90
79513.66
38232.26
9290.00
22409.66
36215.52
12064.26
10281.20
34336.74
57469.44
4937.19
18239.10
68614.24
54183.04
8463.95
7816.56
60507.72
3198.45
51695.20
7688.48
1445.54
36101.52
40160.38
27944.25
20847.44
26535.00
30557.75
41604.70
57448.57
29181.50
9466.16
63678.88
56864.72
11520.18
40178.63
38262.89
37165.26
23692.62
47971.60
42873.38
34396.20
31497.12
36492.50
43381.47
76792.41
65809.16
67228.93
36426.78
12199.81
42413.95
9484.90
27793.92
35855.22
13026.65
33995.80
15421.80
29965.68
59102.73
45023.04
34285.83
83715.86
29792.64
59902.72
9570.50
30954.99
16487.40
31839.48
31057.60
29931.97
49804.92
37300.32
25662.00
12861.86
12608.53
12608.64
19492.96
42580.98
4718.01
12388.31
52825.50
81019.07
10331.04
27406.98
37335.60
29749.32
56165.76
38365.32
66043.95
17596.59
31344.18
56511.00
20882.12
51190.06
7496.04
4769.12
71559.18
26228.93
20376.75
1114.21
10299.04
31172.76
21943.36
36879.60
87547.68
64357.09
1806.90
8224.96
37914.60
57781.60
41174.10
59706.90
47803.70
18800.25
17508.48
22855.31
16193.60
46250.36
26053.50
68356.24
2963.14
2891.06
42606.00
16622.46
44664.36
27849.60
63318.00
9226.00
44976.00
79716.00
21959.36
10623.20
37828.79
50454.40
73133.76
28049.80
39582.30
58167.20
52663.68
45313.44
37855.07
66118.09
39742.00
52633.84
61524.19
44973.28
62986.40
52807.44
31590.16
10421.40
11357.94
39438.00
21046.08
26457.90
21484.82
18211.68
18609.76
15364.56
46787.06
58061.60
18429.30
57758.86
23244.84
12073.20
4620.96
1697.79
52571.25
44284.12
63146.80
49622.04
35486.08
79562.28
37179.90
6769.32
61299.75
83041.95
49245.32
18037.24
4584.92
53607.60
59746.19
33160.50
24490.80
63535.24
32632.38
30776.88
49838.39
24826.24
31569.84
63547.20
5321.68
50037.12
13370.22
55459.20
5425.85
15436.00
61638.94
45268.64
22320.48
32578.56
64622.46
33937.54
33153.67
50832.36
33110.37
72588.56
67470.80
40576.90
36654.87
73469.76
59283.45
38628.48
6116.55
59955.42
51730.38
61535.70
20182.26
40904.50
46975.41
19439.28
40867.40
36690.72
34188.24
50211.01
48170.92
22653.32
6211.70
14465.40
6518.88
40033.92
34127.45
13166.16
57820.62
35174.08
44689.94
44201.19
26299.62
51259.60
25166.55
37012.32
19469.08
8689.44
29280.96
51595.76
12269.88
64869.80
89252.53
45727.68
46134.02
40639.86
8841.42
24762.24
37596.07
16033.29
39672.60
83512.89
16857.80
29728.64
64630.02
35533.99
65003.25
19338.54
58022.10
8697.44
24601.75
56227.50
82712.95
12344.31
2316.50
37014.50
76024.08
24791.10
30207.52
28711.50
12428.65
36286.41
15044.25
31253.00
39626.56
26719.56
5120.60
44206.80
32648.73
17290.00
88734.10
17946.11
30020.48
32731.65
9634.14
39802.28
32314.80
17371.08
77735.59
62319.62
44728.40
1366.46
47447.92
24744.18
47405.75
3300.60
45288.75
55819.45
62266.00
33454.27
58557.44
73597.20
78213.13
28538.03
1569.66
41424.24
31152.35
47670.09
28249.75
11085.76
37437.33
78696.80
3017.18
45191.52
43177.20
45267.88
6458.84
31644.22
56753.76
43921.17
17776.98
20794.32
26123.68
57662.50
69073.60
45268.64
51632.76
32584.44
13758.48
26933.04
29582.40
36809.85
47857.66
45841.32
39992.84
1349.44
44079.04
49776.70
40435.56
53436.78
10246.80
12850.86
36279.00
4829.20
48272.76
23909.20
21689.92
40811.16
10981.90
25765.37
77820.25
47706.40
10667.44
41489.47
13214.40
7363.92
9109.73
9169.65
37647.84
38146.89
86791.50
1074.17
40400.08
8559.45
24621.74
17378.20
37679.60
46216.72
30833.00
46642.60
55218.80
7168.77
63462.96
45100.00
80769.60
62699.67
40608.75
44583.88
22088.40
10114.68
41393.55
11821.46
51811.10
18532.47
26531.05
51353.73
64422.54
50543.46
58000.07
26938.35
25663.82
24441.62
41361.32
47481.75
35151.48
53114.24
39732.70
5690.04
66670.40
41189.85
11912.53
964.05
27349.20
44765.27
35996.48
6406.76
28147.58
81265.50
30112.96
33208.74
20431.58
33102.30
46629.64
33670.00
56558.94
79848.42
7424.16
54219.12
41259.96
42406.00
1185.27
8252.76
55830.77
15304.52
48940.20
49268.16
30693.30
48842.15
84782.83
31295.93
14194.18
5180.43
22530.42
40839.69
48861.60
59844.19
1674.77
24446.20
8542.17
64482.37
20211.60
80580.96
45233.65
45718.53
42686.62
37792.92
12272.39
44928.40
29263.64
17502.60
20493.48
63559.32
27365.76
38226.30
60544.00
8205.82
47057.40
55583.22
47816.92
29032.08
22889.31
67987.38
28879.43
14845.70
18560.40
7131.52
24100.50
14775.84
35487.75
33833.06
61776.98
70144.97
52580.16
21134.40
69498.96
26132.34
46876.83
22739.76
11506.18
74092.66
43807.69
42276.33
30444.17
46840.41
44934.35
12060.72
19026.28
