70121.92
49079.52
12220.96
53069.99
37726.92
38540.48
1348.44
56667.52
26754.00
49869.70
50919.36
6567.00
37219.52
37913.04
67121.50
6054.60
48291.48
65398.08
68826.24
53028.10
3117.39
55211.52
43634.92
79572.00
67472.00
8955.72
44840.84
69813.48
31874.49
5568.12
13574.64
7019.36
3988.26
1594.69
7352.08
46338.16
39030.56
23437.57
72268.32
39803.60
25135.69
65829.60
21862.92
12817.86
40177.32
36595.90
74037.60
9306.08
38008.08
23024.80
40368.24
81091.10
19058.71
45588.30
13839.00
5049.40
46594.30
60045.57
27610.24
38365.11
8296.96
39434.85
27693.12
64310.37
56160.50
12157.81
38089.82
5577.92
15942.16
49332.50
6582.96
50805.76
79959.15
10701.60
80150.77
3777.96
4054.32
45409.92
3373.54
6775.32
5532.12
22538.85
58225.72
20523.23
8493.17
69257.32
32858.98
38461.48
72756.40
52029.95
14226.03
81570.14
42528.72
34417.20
19501.57
62633.67
27046.88
68329.52
15340.44
14855.60
8247.89
22433.70
53035.80
51254.80
16578.00
40149.92
1631.72
25664.08
59373.45
29651.13
64397.55
9165.80
39848.12
53576.10
1780.87
31713.40
40196.10
6114.66
47099.25
8895.48
24806.04
41068.25
11262.20
34364.96
18379.80
11552.50
72476.40
59800.55
45535.02
61978.94
67526.55
61588.80
43767.60
15504.00
60319.36
59655.18
17418.75
90495.00
36422.64
24465.61
21173.36
61192.44
2338.52
32645.40
35098.82
46401.00
27357.96
76431.00
10000.89
69833.60
52386.88
54425.28
39313.26
40304.44
13302.30
62262.49
18403.84
66862.84
72377.00
74068.40
89844.00
44927.94
1034.13
38561.40
1634.72
39534.84
55852.82
1102.19
10006.56
29123.64
22475.52
76304.64
54574.38
65446.08
13306.93
22298.70
25050.56
77949.48
19328.40
38717.00
36878.80
59390.08
33233.20
11622.42
33836.00
61396.60
71435.20
16055.05
22816.86
41769.22
72889.44
49552.56
37033.26
27858.41
62934.69
7953.61
5774.12
38089.28
51864.78
84665.28
64160.60
82278.24
48701.80
48052.50
84904.80
36800.72
37128.00
19724.76
9930.80
1821.91
7035.63
23917.96
3956.32
17418.30
10521.50
53241.60
35563.00
1486.57
7397.85
60459.86
10641.50
29687.68
55627.80
26668.26
56700.00
23961.44
31959.49
68946.15
17562.60
9523.15
36474.55
52363.80
47604.53
51054.40
34828.15
45199.02
66075.09
65589.20
68040.41
4372.62
11628.32
7002.45
45549.00
45048.00
16893.30
40523.52
84959.24
44126.69
8381.03
24038.22
47744.43
15992.40
42143.01
5009.40
3537.81
13404.30
23954.16
46837.56
49109.76
45595.84
89421.60
7175.84
43011.88
32858.98
35795.62
14222.88
11664.72
4444.84
4687.95
34044.24
28506.24
63510.64
9059.50
34928.03
5415.90
33860.48
45682.61
88390.61
63462.96
3393.58
79709.28
12988.17
42511.56
39046.92
5936.40
15526.61
30272.34
9502.15
57685.32
11478.11
13774.48
1536.63
46323.50
43669.99
57452.52
26463.05
32194.00
32910.25
84912.78
8569.28
73037.28
36405.60
61595.75
18852.32
43831.90
15217.02
34898.15
11003.52
44222.12
59102.73
20767.78
67750.92
61633.12
33531.75
3767.94
1109.20
25778.00
20307.96
27774.00
15825.28
59330.45
28942.40
22835.88
25902.30
5506.00
57372.16
14695.60
31440.93
15856.80
15366.30
34582.57
53590.81
40128.00
55008.10
36089.20
62887.05
79635.60
46204.76
61629.75
1869.96
88358.59
49593.39
9820.32
79018.72
54858.80
74762.43
29047.62
68834.32
20030.01
42187.60
45588.30
37087.16
12207.39
67781.04
20093.32
6511.95
14435.68
46245.87
21017.44
18440.63
47616.10
33189.20
31573.40
59983.00
12522.16
64089.32
8681.36
29233.78
36074.06
26698.05
34777.50
18686.34
70121.92
21050.26
14397.21
4340.68
71739.84
38591.00
94699.00
37960.80
62149.64
3420.69
7568.26
25127.00
27154.80
25332.30
73047.97
51700.74
1487.57
32396.32
45380.79
67875.76
37595.02
30382.17
20442.20
16866.00
29747.28
49231.65
43942.81
2556.72
60776.17
36505.17
9054.90
67507.76
29857.50
6975.32
46600.96
22977.78
59120.22
25924.34
51956.50
13020.28
58742.28
56854.94
38449.32
33891.88
3468.75
66818.52
33927.96
19341.20
5341.72
40955.46
61918.27
43607.96
22320.48
78005.84
16190.01
8457.20
4264.53
34789.80
52801.00
50258.12
28758.42
46670.85
42380.64
11159.70
32785.00
49158.89
23721.28
9754.32
66358.56
60780.50
60088.00
9108.90
16345.42
12370.14
41624.24
61942.79
38722.53
21987.56
20262.44
33578.27
76016.64
36956.85
37588.04
58988.58
22221.15
25027.25
94449.00
2438.62
28948.59
69844.32
48484.80
14887.95
22440.72
31912.04
34617.18
22558.32
35895.18
16685.46
10791.70
8138.60
16513.92
12838.14
13889.12
58523.01
53528.32
52559.76
3667.86
5892.42
64896.58
11811.60
6234.78
13649.49
10715.44
46850.31
38208.56
67818.04
38827.74
15520.96
36785.90
21389.04
90450.57
5886.30
9411.96
22391.52
39040.16
26939.12
27228.80
63652.95
31695.30
18279.14
45261.84
51471.23
43473.92
82346.40
48478.50
11436.16
41327.22
40842.96
57953.50
39690.28
12080.09
16967.90
27331.88
25821.36
33668.80
43531.80
6306.75
27228.73
67031.10
36380.61
49077.54
25467.60
69793.60
39642.00
15955.83
31056.48
15472.56
15126.93
34296.90
81135.50
41540.85
31336.35
17490.72
38254.26
34720.62
24258.52
60889.92
49439.20
52905.58
29954.97
14415.21
41099.10
46417.68
45129.49
55678.68
66521.00
17268.60
31695.30
13045.76
85787.70
19401.20
55443.80
40154.09
26151.93
1860.95
55615.77
64994.09
58240.92
22001.76
43937.12
57526.65
54717.30
78471.13
12768.00
36114.78
51673.44
80630.64
73181.28
10351.30
57012.12
61700.10
2394.58
31965.03
57029.70
7820.34
18073.62
20301.45
10851.60
4575.00
77890.56
48575.24
28136.36
30590.56
51382.08
27351.07
72886.95
45433.14
41988.51
36664.00
14527.28
25051.14
10835.60
77653.18
65157.60
62546.44
38272.32
59116.69
6831.16
39134.92
48724.26
15151.84
31323.18
82334.48
32343.84
27353.70
76691.31
37581.61
40361.70
20580.56
38709.44
58682.38
18091.80
14253.54
20245.05
8696.31
56940.80
49252.89
6831.20
57037.44
20034.84
27463.87
32484.75
66633.84
25419.37
36620.43
54561.96
63754.08
12550.23
22515.14
17738.60
50901.48
62688.36
74463.75
31840.32
16472.85
41085.00
38381.25
41265.45
39643.20
51707.13
17128.10
93648.00
47724.75
36699.30
12627.30
30686.22
11000.79
49103.50
32163.83
60760.08
18531.76
926.02
14205.60
65299.88
59966.72
3631.82
14619.72
77794.08
11958.98
20343.96
37690.50
42997.24
83472.30
84830.30
12245.31
82262.40
64538.46
38512.32
49017.15
51031.68
1072.16
92797.00
41339.79
57897.18
45121.44
35871.62
82762.68
63827.60
5414.67
41169.45
36513.75
59402.70
50203.38
45272.50
42157.12
44463.15
28542.58
5084.34
49492.20
85649.70
38749.94
39307.76
43437.60
6892.35
37363.02
11883.69
2016.20
25166.55
41830.88
10146.78
67829.76
66262.14
37818.69
26392.60
42726.40
20844.78
40980.20
10131.00
17993.03
1853.94
6131.60
46850.40
90295.00
24553.76
30323.43
45535.02
64330.54
11288.97
17000.82
59501.19
29885.90
6102.66
6958.56
83423.12
46056.60
33446.28
63207.32
12919.77
64664.46
22560.72
39405.60
26190.93
14445.90
1369.46
68536.60
84373.65
9027.60
21943.52
9186.87
29126.05
20235.96
81686.00
38954.56
44984.79
71663.68
15031.76
8064.80
4785.25
35909.94
48245.76
12003.60
65133.25
38814.47
39221.05
46000.50
52447.87
51852.12
13706.76
25952.54
20067.19
80274.15
4318.59
61716.00
22773.92
76302.50
84728.78
62973.69
68792.40
16112.55
73717.20
921.01
4629.00
40994.46
5603.88
8584.24
36386.74
25791.55
32615.40
19592.86
41966.88
20745.84
41887.78
24201.76
49838.70
934.02
63832.08
48597.46
24524.10
33471.88
7454.04
14361.21
45618.30
51183.44
37335.60
44735.32
89614.08
43782.48
26007.80
29269.24
37695.84
35884.80
74451.90
29424.96
41007.40
50759.19
45225.18
27351.07
38269.80
5333.68
36216.06
64706.46
48543.84
46332.72
37230.33
25411.17
58610.58
4889.16
50613.44
80340.48
25196.55
62849.88
49212.80
46650.40
43336.62
53737.60
52042.77
34617.80
13368.41
31412.22
54968.14
70782.46
27261.44
24179.35
44951.04
36976.28
45904.64
69506.99
7688.40
62689.13
27713.34
42829.02
63922.95
34982.70
20229.60
40264.87
33852.00
7119.48
25878.25
22398.20
28131.74
30010.50
37737.04
39449.76
77505.60
65341.29
1451.54
62986.88
12018.87
23600.78
44897.70
31283.50
49228.56
51704.16
44855.10
13085.84
38078.04
36253.52
48974.62
31959.25
44040.36
3760.02
78557.13
5445.90
90058.08
4368.76
65860.09
20158.32
7748.20
47239.66
91284.55
1690.78
29709.35
32957.96
19420.28
25127.00
24625.01
36177.52
19061.13
39164.40
66262.14
49998.20
68658.66
50090.43
20271.96
23516.78
43342.53
27355.64
12803.70
52781.24
67318.56
50273.10
12674.75
56291.40
35254.17
45414.45
23449.44
9613.44
41537.76
26524.00
30250.77
31665.84
67102.68
74286.72
17849.81
1667.76
14775.57
42872.36
41924.16
23731.38
34200.66
13822.56
8493.95
67254.68
43446.19
28999.20
60707.01
6999.36
15406.30
6776.42
10161.00
14345.30
6412.07
3045.33
33270.42
26190.93
54658.11
16605.68
4799.07
3996.36
42307.56
33760.34
30414.34
62077.49
33486.00
22019.14
56060.07
35181.26
23112.64
39532.63
10763.52
1224.32
33618.25
61137.12
33707.00
1265.36
68510.20
42489.09
14295.20
32142.04
28422.24
17824.20
7403.76
13514.31
2907.18
7327.68
52284.32
36487.36
32352.58
28005.25
15264.80
79419.66
7362.80
16007.16
24631.41
77735.59
64020.98
76914.77
6859.38
9685.44
45409.92
11622.51
22149.40
63576.24
35038.96
62348.91
36887.48
61625.70
74529.00
24848.46
12634.23
25913.16
22235.28
43170.25
23040.22
59744.27
11148.24
45856.16
28480.75
