39089.28
40013.40
12865.51
67559.52
37726.59
34982.41
30632.13
8503.95
45733.82
17875.62
41424.24
80837.26
52077.48
23450.50
48127.34
42226.39
32899.84
23946.22
61931.52
18609.76
57569.60
72596.00
15955.94
16036.83
23251.20
73577.28
21436.18
27243.26
35437.44
40225.66
18245.37
32122.02
24289.03
41048.20
42646.00
55017.60
1311.40
58559.16
16605.81
26427.84
28580.75
39966.29
59704.64
42010.15
26929.77
7490.04
20145.78
29233.93
4225.50
45548.00
37389.75
21527.52
37120.80
10649.22
42561.72
2756.94
64552.62
40905.00
48666.80
31262.94
36651.15
20009.85
53216.80
37506.56
60553.86
29101.80
76977.60
22151.16
79848.18
30797.55
37014.28
50126.12
29456.75
18984.00
13890.30
13838.67
37679.40
62194.00
3222.48
68512.40
45689.60
55979.60
12746.37
39569.05
7603.05
28489.05
7279.80
30048.96
3676.04
70078.32
1052.15
44351.97
43045.25
33391.75
41801.64
35983.85
28136.13
38953.60
54093.24
33985.08
35678.61
10167.85
25144.98
4123.38
1085.18
56199.50
22851.78
74165.70
28289.70
17508.90
43929.36
9532.08
38936.92
1828.02
54442.52
24702.00
51175.20
53355.34
15239.51
41894.40
50114.28
75632.16
47154.24
66743.04
52602.33
54321.76
41701.51
3275.46
41196.16
9472.02
46059.88
31747.98
14185.10
29134.60
23144.65
52885.34
18136.14
83191.71
61510.68
35373.00
47559.06
3341.52
19077.57
34725.76
76832.36
45049.05
75407.20
8775.36
12087.74
48827.52
9994.72
41930.20
42171.22
58427.55
4195.44
2748.92
8661.31
55920.59
84270.69
35262.42
56218.80
28030.52
43694.40
48915.84
16121.16
6194.56
12036.87
9930.80
49528.39
15226.65
14863.52
8312.88
44439.12
31281.18
5724.24
62081.36
24570.00
39041.04
36173.94
4090.38
41262.40
25468.17
82790.88
2402.58
52279.42
38807.08
14960.32
26120.16
34093.44
19477.28
7790.34
46921.91
16201.68
11832.70
66591.52
27225.38
51913.90
38338.56
67071.50
9991.80
9147.72
59513.14
12733.44
31251.22
70003.26
17672.90
8738.38
24540.01
30243.00
5593.96
8721.54
36219.60
3371.54
32733.39
11169.83
7315.68
14926.20
32992.56
13066.30
16694.55
10439.44
67322.95
71403.84
53572.44
11703.51
52618.17
27630.60
73428.00
59163.50
13839.00
61118.33
8304.96
14966.12
14309.54
63991.62
51042.60
36228.28
56882.52
28232.75
27830.00
19606.86
54743.29
82454.88
23365.82
36669.60
39270.84
44142.54
38684.58
5866.35
74452.31
2234.42
24021.34
71580.60
48705.68
30806.89
25013.30
27434.19
70668.73
33720.12
52616.70
6335.00
58262.79
19000.15
35037.52
19046.70
7736.40
42706.08
12466.09
24746.08
71874.27
34071.40
56567.50
44112.25
32387.20
29525.19
72918.54
38121.28
52988.10
62623.74
54657.30
37705.61
80548.60
7382.80
82571.85
52162.60
7027.40
56355.21
40826.94
76962.34
9551.22
40490.52
3143.32
11812.56
31258.50
53782.08
48478.08
31370.94
13709.74
7864.56
24878.60
41046.46
18114.14
5210.65
48292.00
41116.20
46705.05
17588.90
13444.30
14435.30
51468.94
40004.63
46323.64
18159.10
56019.60
58526.16
61154.78
25408.03
36830.64
17959.11
45023.28
7567.92
60696.68
79235.52
7680.33
45336.28
32675.70
37109.16
13994.90
52724.76
7207.65
13502.64
41535.47
18678.33
20767.05
16073.16
26428.56
29792.16
80641.26
8955.72
9029.50
49318.36
18664.58
31037.12
8330.88
38351.10
45348.30
33046.74
5682.04
46641.28
20015.19
59850.18
6494.88
1222.31
48023.43
59564.00
58595.79
66058.03
72342.66
39197.60
5622.18
40182.90
39226.16
21637.95
46576.74
17226.24
10296.22
19896.15
67272.00
13326.08
21001.89
20169.24
25367.00
34959.96
7099.62
29010.60
21383.20
24688.84
2284.46
36405.90
56094.50
40963.71
58390.56
30785.48
34022.45
61929.12
1122.21
42617.24
28073.74
1801.89
37972.60
72277.00
40781.03
37945.82
64505.62
86053.24
43517.70
15035.90
54968.52
44156.58
37310.00
58616.95
33280.92
47890.88
43138.15
44543.88
25408.60
40963.71
81705.80
76463.36
30904.30
29701.74
1898.08
21232.40
51926.72
60432.68
23529.75
86248.16
20884.68
5018.28
7342.80
42446.00
68658.68
43415.19
70113.60
51855.56
21162.54
7858.30
53371.50
32743.70
39807.57
92167.53
40716.28
12964.77
5121.48
38461.77
24101.22
37943.60
31295.81
46729.20
3115.30
43299.62
63949.47
32198.32
7363.92
34617.24
54463.50
29272.86
54267.00
74657.38
42165.60
48672.36
55960.50
41220.45
20710.08
35528.85
25626.83
48436.08
17112.34
60255.84
3324.60
72276.85
71362.86
38001.60
50919.36
26738.58
25821.54
13865.67
31520.58
54237.60
37453.78
27221.28
24554.64
47826.56
7147.68
46732.14
47573.53
5561.82
68337.16
61777.36
26247.93
69410.89
37061.85
34786.08
36137.61
60799.68
39049.92
13110.72
25497.18
13496.31
8914.40
44590.00
40057.29
2710.90
17717.70
22266.42
33056.98
70859.49
54934.14
72880.08
24361.76
31416.68
29757.48
32951.36
33636.75
70165.92
35983.85
42616.44
68228.16
12009.78
54148.05
15759.17
59764.50
86791.50
44521.75
34489.80
7251.64
933.02
11169.76
7167.52
32178.72
24602.88
45808.64
48297.34
10901.70
35043.96
54559.00
6752.20
38543.04
24954.40
67461.76
46823.14
35387.50
40757.69
63202.05
40096.68
58009.05
2032.20
24935.30
59419.36
8838.63
12856.68
26123.68
52305.48
28490.40
2734.92
37524.27
11443.11
51991.40
38331.30
24276.50
3895.17
16865.94
74922.96
39688.00
33940.14
50705.00
7347.72
61543.68
7208.00
3363.54
29047.62
60080.24
20106.45
13950.72
30692.55
69833.60
28943.20
8914.35
28170.00
19652.76
71115.36
76355.55
29031.61
57525.16
45922.29
55597.74
53648.43
44597.52
53848.64
64238.40
21968.75
24954.40
51621.10
9859.50
1467.56
6793.32
48159.68
3389.56
67033.59
36206.28
63471.32
39970.09
43260.24
26286.12
53155.80
41580.90
26286.12
39639.32
61230.26
42502.72
29707.00
55361.97
19971.30
28344.36
20153.42
23399.99
31176.64
51741.47
38760.70
59706.90
55866.56
12829.92
59958.90
58671.98
49276.92
2722.92
25338.60
67187.44
20587.71
8892.52
39600.94
51380.73
60387.36
51204.45
12505.32
41765.93
20104.66
4889.16
63427.68
50517.96
12823.51
43086.08
40188.09
43501.92
72636.40
15208.02
4052.44
16361.19
48007.84
32414.40
58902.40
18484.80
65389.46
33744.00
30895.28
60092.07
45059.74
5171.46
62837.42
35137.25
24466.78
48294.87
17949.03
45647.76
51799.86
60274.35
52751.16
14081.34
31586.68
20577.72
12441.52
23876.25
50396.92
49686.24
57179.84
16337.30
20614.32
39157.14
31537.44
16607.50
24659.18
10658.27
13478.52
6643.20
46207.98
42986.08
16661.76
9550.50
10244.07
45768.60
27125.28
14799.84
31005.64
25788.28
54397.76
25195.56
45265.44
55834.56
58621.76
60027.46
40901.71
64611.37
6270.84
58186.48
57884.10
56640.27
38233.89
59255.70
71438.86
33068.97
62817.30
40967.16
7878.30
5396.67
7788.25
20846.61
29551.32
24778.24
37897.79
64411.62
59875.08
37780.80
44203.50
32705.64
17266.26
18012.76
4129.41
72891.42
15782.10
19430.70
6012.60
52439.36
51174.80
36732.15
3796.08
23585.46
19721.79
3199.38
47986.88
34974.82
81957.57
16150.42
35797.14
55868.67
64807.47
929.02
72047.24
15642.77
3581.76
49552.47
16110.05
48341.46
36711.68
11636.32
33299.91
78833.25
60595.64
54778.14
10378.92
61806.15
15121.50
50305.00
58369.92
33696.60
41371.96
56661.00
25626.51
19877.28
8493.06
61770.79
21275.31
36439.55
41731.22
1061.15
3796.08
50890.36
66346.14
15488.96
3856.14
8532.36
27161.96
45787.98
39609.57
42549.54
49156.14
30461.94
47481.75
52077.48
19401.20
8222.76
27048.80
51041.48
46073.72
54742.38
6739.32
12124.09
4621.00
1257.35
36638.40
1060.15
50499.45
16036.92
2588.78
3409.58
38752.80
31885.00
66830.40
51354.72
67643.03
16298.19
39742.00
30457.75
55183.45
85339.50
37339.50
37885.60
48098.68
28981.60
20704.97
31551.12
44134.41
71584.68
62466.00
25487.20
31551.15
44400.96
58953.98
59800.92
19171.24
27133.50
9160.10
37058.80
20692.05
16910.64
82796.85
24370.65
5549.88
31103.54
9784.53
13958.64
28604.94
45200.00
16157.28
42747.87
2626.82
48462.70
31516.25
47731.20
84959.10
18896.02
36663.20
9289.70
37759.79
56839.84
61489.75
37740.00
15240.17
9559.35
16337.40
1719.81
7105.62
87135.18
41863.64
31323.39
15966.90
7687.33
81489.54
48349.15
43747.12
64477.64
34540.29
2178.36
33293.42
60923.92
57758.40
22068.20
19784.88
2945.12
16369.64
29151.64
42945.87
2943.12
19702.80
31859.02
75999.60
45678.10
28130.50
34199.20
38825.92
8601.36
68552.40
80785.50
38040.44
10676.52
14901.12
19772.88
24354.00
18956.70
5245.60
47864.44
36729.60
20808.97
38891.25
20998.40
9780.70
32196.58
68786.67
69531.93
25421.70
25322.86
10899.60
43720.40
1542.64
13947.00
8509.00
61910.10
41150.85
62402.34
6867.49
61606.60
17598.90
1341.43
36348.78
52219.86
2204.38
28109.60
41988.52
5526.12
22775.88
19544.64
7015.40
38515.75
38703.71
25162.56
18679.60
2985.16
2885.06
84172.69
58886.28
8282.96
51316.72
8497.28
71515.67
54823.95
49921.38
57912.50
36351.44
46464.60
33120.36
24580.95
83367.36
38892.92
23324.30
29577.11
56502.72
13271.04
27398.90
9153.99
1286.38
24314.40
35178.15
23450.70
41350.84
16345.55
35878.36
6839.42
6578.92
3193.38
1842.94
2757.03
28862.43
46565.30
36519.36
6366.90
52273.87
15136.20
69012.90
20569.56
47087.04
42244.50
41497.15
1770.86
14286.96
17923.08
72400.26
63719.11
41029.12
52615.20
36801.93
60453.69
18650.34
24326.75
36960.68
52936.80
14190.60
20757.84
19710.68
12325.14
31363.80
19808.88
15881.04
19314.35
40554.72
7247.70
66514.14
26052.45
65370.00
1501.59
5267.55
46410.58
