72852.56
57701.60
27161.68
84239.00
54258.13
24045.80
54425.28
26894.43
1132.23
32471.70
8954.40
20453.92
16860.06
38904.16
43439.76
21430.88
41116.20
2911.08
5964.48
7075.62
32931.84
38886.51
14379.54
11090.97
45695.76
55583.64
90058.57
13566.84
11201.76
61165.80
23574.90
63564.68
24205.35
33515.91
73693.83
35701.92
48092.00
58091.25
30607.75
39434.85
27969.92
55942.86
69770.40
36418.20
1105.20
4870.35
33519.42
60966.01
20418.58
44134.41
16920.54
73836.90
62435.34
36466.17
13703.49
20139.42
29472.32
71895.24
32947.96
34021.12
14953.12
27595.70
51895.80
64520.06
4156.41
8595.36
66711.05
68472.48
26299.62
35895.24
59727.80
1895.99
1870.96
59870.72
26905.56
52567.36
24926.60
60264.50
30367.06
81926.40
24318.84
58410.79
83992.32
32163.66
55049.40
30758.40
28435.05
65070.09
52910.49
20882.80
46930.40
5576.05
18083.52
7579.92
41821.78
49367.50
37566.48
51138.36
12743.70
18907.92
41654.10
8369.12
41447.77
2937.21
4787.07
50034.39
14927.68
19364.52
50813.40
74414.66
20522.71
59421.18
4769.04
11165.70
24884.64
8448.90
30679.49
30630.48
32675.52
78190.34
46942.83
3788.16
932.02
1355.45
37219.52
10791.41
44329.69
21158.56
55798.50
16644.19
34536.80
36101.52
45897.43
49003.17
83562.30
48100.36
18634.95
44608.40
47224.50
53606.10
10279.92
5477.84
36939.25
56059.15
22563.80
47734.18
1813.90
37630.20
44594.43
30754.48
3059.24
1196.28
20887.20
49466.39
3474.75
33947.64
33937.86
49954.50
32209.50
30777.32
9159.72
46404.96
50200.92
28910.24
25587.60
48687.24
45380.79
11298.15
21929.58
39850.88
40868.28
51514.25
35391.40
45299.79
32616.34
20665.68
11276.00
46786.14
31060.12
67737.76
36824.90
17098.00
9874.71
83583.71
11937.69
13374.08
34341.44
32029.56
38171.10
20142.00
3419.60
55514.24
18389.36
69855.26
19719.63
25251.60
43520.30
45592.82
64176.62
19676.76
8497.20
1717.81
70640.10
6286.64
9470.40
22019.58
41265.00
45095.28
35913.25
60868.08
40894.46
53291.19
922.01
45912.44
17995.08
32579.52
38892.18
67139.30
69724.50
45456.18
9162.99
47325.22
19270.24
38554.32
68974.85
56911.50
44778.72
33419.76
41288.94
41231.68
65340.88
51668.12
33875.60
69688.96
4913.19
25361.70
19230.74
30530.76
64741.09
34076.91
60027.46
21800.73
1738.83
35282.52
51715.08
34284.48
49684.80
21821.73
57781.60
65505.30
57362.00
8676.54
61522.12
48402.50
34068.24
51904.74
46008.90
12704.30
13923.00
39114.24
21106.40
27389.76
67033.59
37949.34
63130.62
41619.00
55985.67
57133.44
33133.36
20613.84
53878.42
3624.90
52473.33
65101.08
57702.04
8774.20
50803.90
36413.50
30583.00
29724.74
2026.22
75985.37
13454.70
87792.50
61595.52
30530.13
80150.28
4907.19
16241.40
23025.00
21142.56
15106.00
19270.24
87066.63
15416.66
27563.90
27636.26
2072.24
41317.32
8654.10
51153.48
12740.00
26893.20
47057.40
21417.18
58767.36
14527.28
3510.78
90645.00
8554.00
39668.58
1332.43
51670.13
26748.60
11018.88
32765.40
81207.54
7007.36
45599.76
7670.16
12933.80
35020.03
47031.30
1217.30
41770.64
18644.16
91039.55
61115.50
7706.22
21896.92
87949.61
76299.36
10523.34
41552.64
33924.80
11432.40
27104.25
55288.45
47744.06
4220.60
28490.20
1024.12
8323.75
41144.24
71575.24
31506.16
63966.96
31173.90
48020.18
39465.36
12307.14
14194.18
47192.70
59964.50
25419.60
1375.47
10567.20
52832.16
45990.36
79708.79
92560.02
59703.20
9978.64
18064.35
20699.84
34332.48
34136.25
45328.14
36673.00
26614.26
16887.70
27569.34
70324.50
59033.04
37810.50
56435.27
46771.14
16409.52
55447.83
16968.93
22087.52
74964.96
29256.50
72764.56
3009.30
28191.03
47262.69
7062.50
20421.92
30599.06
4045.32
26119.94
12276.96
9304.80
29491.20
48381.00
22862.70
41044.69
38185.28
2796.98
29002.32
34109.82
7141.68
37990.02
45288.14
27125.28
60769.80
42315.00
17042.56
26884.44
4615.89
42380.64
22506.12
5450.95
18192.72
88316.64
56640.72
32074.80
20338.34
84218.83
33781.00
32130.35
50152.80
18409.65
64244.04
27508.80
24732.84
55410.83
42763.24
54568.88
10847.40
14220.45
76592.64
69461.04
47568.70
2572.74
22199.52
26087.80
63031.32
32245.83
42066.20
37392.04
17045.82
49949.76
26380.08
18873.91
21292.65
39839.80
4320.68
21605.22
19690.25
84589.00
19128.74
36494.43
66369.81
62414.44
6264.84
52388.84
86140.50
16698.00
39713.76
21622.80
34707.54
4201.47
64706.02
36455.36
34654.48
33067.86
12754.00
62940.78
53523.00
28321.20
38785.74
14640.00
37832.73
25258.98
93798.50
23186.30
7187.65
53632.98
54058.05
19175.55
40410.92
16449.92
8088.55
1208.30
47384.82
77432.00
13053.76
40262.66
11316.00
31237.93
59518.92
30755.76
15980.51
26445.72
22133.55
27624.24
29998.92
46165.32
59514.00
68255.16
25106.79
54489.28
3453.62
60575.36
22444.40
32025.35
79371.60
15793.28
41143.50
37440.48
54742.80
13302.30
39912.90
8759.45
6553.14
9796.43
14022.72
68202.45
5790.30
37363.59
14667.48
36158.92
28481.36
32326.02
66170.50
23697.74
69541.50
63468.00
66978.95
62369.34
23086.18
85488.77
34749.48
40299.20
30556.76
3276.57
35434.80
77130.96
998.09
23751.00
12886.51
21720.00
61844.24
43633.11
8550.36
34595.74
44356.40
21472.75
58022.10
7147.77
8705.36
49159.32
26291.58
25794.72
58670.48
27694.24
42670.57
35975.34
56539.52
45872.64
41987.88
73073.00
26923.20
21589.75
34140.24
4297.56
21626.18
34602.51
15515.50
49168.58
16987.90
49830.24
75511.38
27778.24
53431.70
60952.93
7953.40
50931.20
52819.04
35917.80
61054.60
42580.98
39030.18
48470.46
58206.56
38901.76
4243.50
50423.10
85840.50
50194.74
33519.42
51673.44
38281.11
1403.50
27147.64
13982.72
70694.80
40207.92
52120.77
19130.55
49553.55
10963.68
61006.68
46699.50
54453.48
26433.12
998.08
4292.64
55135.08
83878.20
56410.94
83853.86
21383.20
66935.04
4655.10
13494.40
24449.25
42615.54
26476.56
35443.38
34380.72
24260.04
3276.54
42478.02
26685.31
69323.50
89494.00
52413.17
64319.00
13286.40
21623.40
9097.84
4760.04
12641.30
48502.06
15207.92
52496.58
19403.54
21123.00
12866.04
10066.80
25173.28
35579.96
6712.20
59188.53
9487.26
6254.64
19420.28
8929.40
16396.49
41324.80
8383.85
14315.29
6522.00
32419.52
34164.48
27273.68
68139.72
57516.80
26985.21
39624.12
50165.12
59616.18
56652.12
44765.56
48219.92
44590.00
32935.56
43411.55
2805.00
14445.75
43255.82
57078.63
33485.00
6807.25
23697.83
32714.60
72030.66
77445.06
59451.00
59059.21
12727.91
62766.88
33047.56
17022.20
3636.00
28278.48
59943.20
48958.65
27229.50
2847.02
38377.23
7179.56
80837.26
23320.57
43025.64
11688.72
39970.09
34423.62
6955.32
27500.96
35161.13
19415.85
43507.15
58525.44
1706.79
49301.76
50340.92
58201.54
38597.76
65681.07
31375.10
48411.15
49965.04
70981.82
11334.15
7925.54
7329.91
26704.31
65192.40
30131.80
69775.26
69097.44
42269.50
12992.28
48255.87
50144.64
1934.10
3910.20
30933.60
46595.95
18199.50
11948.72
51444.00
73256.55
37949.04
60436.50
61607.13
54355.46
64572.55
65904.75
43292.25
36838.60
33516.27
59295.36
76730.22
12307.14
33327.96
30176.96
51113.86
57048.12
46417.28
13622.98
15421.80
11100.12
6587.21
23425.02
87742.00
59744.27
36011.10
39979.29
43391.30
10781.28
6571.08
14765.60
12991.65
17208.20
58810.32
65999.54
55579.28
62545.22
16337.92
32722.38
6805.32
83943.84
43365.60
55892.20
49245.24
66662.05
29522.10
64077.34
40196.10
38974.95
87311.63
13508.69
27150.00
20797.20
40223.32
16566.68
16853.07
49252.89
24174.84
44854.59
22175.40
58266.25
47299.68
15400.44
11112.00
47499.75
53125.68
58341.07
40265.92
51470.94
14070.80
71172.48
62621.91
7552.32
24686.40
30053.62
36815.87
33916.40
6606.96
25322.72
48327.84
1642.73
1576.66
59562.65
3483.66
43488.90
4464.80
43566.40
4420.68
62953.21
35657.44
3081.33
15905.04
50273.01
60744.01
53335.80
41623.56
21190.32
13131.79
26433.12
46039.00
22979.07
5760.30
44012.28
24778.35
56865.16
14235.10
52082.12
20812.89
63207.69
84971.30
21816.56
9718.26
11122.21
45982.96
57380.06
72076.05
4814.07
54228.84
64760.04
45955.43
28086.00
67986.52
4408.68
2448.64
16671.60
43563.52
51925.30
11471.11
15907.22
80868.96
22199.68
49781.76
81617.36
61301.10
53369.82
4865.13
58262.50
3099.28
10351.33
35572.49
26892.32
40837.16
31906.88
27169.21
14495.40
8583.12
28368.92
7111.68
11280.06
26754.75
69304.79
9345.90
74291.49
36306.27
43024.36
44111.04
54321.12
8607.12
8156.82
39191.58
36124.20
22231.68
8478.90
55097.92
6493.08
65343.46
1234.33
46083.67
37679.40
11304.36
57515.64
37877.04
78431.72
13187.79
21359.10
1761.85
7319.68
37660.59
48388.80
50903.70
2913.10
18199.10
45973.88
13586.40
38568.88
35490.00
17046.54
48841.26
68330.01
1317.41
54797.91
42885.12
12914.04
68788.57
8298.75
23569.68
29252.97
48771.89
56549.40
30628.06
10587.28
64082.15
1200.29
20805.84
2702.90
27442.98
58525.56
45900.50
76189.98
50771.53
26232.60
34466.52
1550.64
17860.57
29156.50
48892.17
9198.99
35897.84
33735.40
23350.75
78299.13
52419.86
63409.16
4693.04
45313.44
15394.39
39829.32
6853.38
6697.15
17223.60
59571.08
23502.57
30114.24
13101.84
23334.60
59536.32
54245.04
61598.36
56594.72
67522.00
47307.48
49932.01
3083.26
39302.40
58758.48
18704.34
47217.24
32507.64
56102.67
61266.00
78713.72
15208.02
35213.50
30382.50
9193.87
62600.34
12164.88
86754.62
7035.70
50004.80
48752.46
4823.10
46595.64
53878.05
