18884.32
2224.40
35205.80
38390.50
48255.84
56423.40
32547.52
21052.35
49056.57
1902.08
32132.10
49816.20
2658.84
57018.06
45586.45
35457.62
39767.70
41887.78
30244.50
21352.65
84914.10
13886.64
48161.00
42245.82
46178.40
36184.28
27164.64
17682.21
20833.78
43020.25
39278.76
23405.20
41272.74
39157.05
70454.25
38390.82
9946.50
19091.28
64144.86
12517.56
10908.00
17568.72
16690.24
12410.42
53096.68
50525.64
17290.19
46994.40
21068.23
9481.15
59577.18
15820.92
72596.93
42034.88
29728.64
66152.50
959.05
22680.96
7498.12
29334.96
41845.60
66166.56
4871.16
7207.65
63544.64
14784.16
42516.54
40334.84
45431.52
24887.06
40765.89
44087.41
14281.68
34469.44
31648.65
10043.00
18050.76
8208.65
67354.56
75847.64
45229.85
27522.16
8054.58
49092.80
48775.22
37581.30
65053.47
12513.40
14928.75
59843.00
38625.16
28596.82
37083.42
51066.60
23362.64
53135.55
17772.81
31789.32
30157.50
32396.32
18680.60
33611.76
28073.83
27654.24
42140.16
45661.56
36048.22
59429.37
20887.20
38056.04
81136.00
34212.48
60788.86
30356.11
6114.48
6366.90
74911.20
49132.80
34711.48
63800.15
14054.94
4636.92
75409.20
72820.86
33192.36
23631.74
46850.85
43255.08
13160.42
2076.26
27415.90
61505.76
5291.58
3251.44
58863.00
10263.33
13595.49
69879.34
51925.38
8941.59
30063.00
9580.08
53713.31
49704.50
28589.92
24098.84
71839.68
9354.80
7219.60
24001.25
85546.16
21783.29
69285.04
12349.04
48349.15
39815.79
38698.47
41877.78
26380.89
65995.20
61641.36
8894.35
24014.99
85880.16
60256.80
56337.06
17410.88
51245.73
18048.90
3168.45
48880.65
15496.40
33444.72
58165.20
39873.05
36123.06
63193.20
74526.49
45540.62
51156.00
65057.08
42932.25
39752.94
15262.02
35736.22
11712.51
17742.84
20109.24
12433.30
7588.00
16497.40
52864.39
13864.80
5761.20
59358.56
35818.22
17699.21
11596.32
8553.06
17252.00
72194.85
46074.35
64677.90
39137.28
28182.36
76805.55
65157.60
56533.50
80780.48
11640.42
75848.08
5916.48
54058.50
31493.80
3913.20
1463.55
25867.37
26913.38
1272.37
23689.92
29100.78
34191.72
43856.28
28518.72
4456.80
55744.20
4075.35
26547.52
26068.32
78973.30
41194.79
53408.52
52472.28
5000.25
5440.90
14227.18
47708.18
16209.76
6206.56
41332.10
7483.84
36769.87
39115.64
12343.20
6261.75
3645.93
10907.68
46224.36
46985.85
49238.55
11208.24
9504.95
30632.75
16523.78
37966.44
20453.92
1393.48
35645.61
33227.52
10142.22
27709.40
12897.04
24751.91
35237.50
45816.47
60484.64
68981.14
51897.78
65693.95
14835.96
42781.25
56248.28
57404.16
42929.62
27498.24
82014.24
31461.12
16072.92
60760.08
37239.00
12993.97
31867.88
61642.68
43726.90
2432.62
37506.04
84867.24
35911.52
49090.14
48434.96
25416.30
10827.52
27372.80
43804.02
28871.36
15088.48
16172.55
58336.25
38320.56
59703.60
22434.12
78112.35
34445.40
53115.44
59000.04
52889.10
51469.60
16884.54
62781.23
1425.51
23813.65
90843.55
30603.60
45078.00
35678.34
15933.94
46151.00
44869.05
3381.58
9307.08
12606.23
48584.36
71163.36
51897.40
39908.05
34380.48
51222.08
30032.25
56756.04
17134.15
55967.40
24890.67
75174.96
49249.41
27532.96
14263.34
1829.92
23646.76
14007.12
24475.68
30843.28
14871.60
66955.59
87900.61
22995.70
29632.64
51504.30
91824.04
14543.28
33515.40
51003.39
36153.78
34034.91
71110.82
48812.40
1838.02
25034.56
44719.68
5121.48
61147.02
64694.09
42783.90
40040.29
31676.06
3347.52
62181.01
11682.60
48773.68
70635.36
44387.10
41150.85
5901.35
17152.33
4216.60
58815.73
45535.14
22104.24
5896.35
16605.81
32311.23
73282.86
44279.88
19467.21
35921.34
58436.56
7189.77
15154.02
6657.35
35341.44
3616.00
6835.38
16253.28
81327.75
19160.13
68889.14
13678.98
85153.67
84314.32
21840.00
21935.98
56337.06
15823.83
34774.96
15408.80
15917.25
29140.93
53464.64
26057.74
29407.44
76324.85
13484.40
20055.28
30689.60
5509.88
20626.84
9850.64
27929.52
30736.49
29646.24
31615.65
36174.27
33046.56
65120.40
54661.46
44983.59
37813.82
7798.25
49529.74
24886.80
28410.20
8974.40
4328.68
23713.62
11300.00
69637.48
2776.96
40600.56
42525.62
48099.66
6787.16
57462.00
6912.35
53931.40
15096.00
46074.35
13973.96
12753.91
14685.48
31121.64
3429.60
23801.28
52626.00
31037.12
88217.59
47864.18
92510.53
34513.57
48905.22
30904.47
3607.78
18463.56
1320.41
44532.60
39269.16
17799.04
35853.57
55994.88
65205.60
66149.60
26680.29
32176.98
35181.26
5906.35
15570.94
43520.30
9698.40
20066.85
77121.60
81269.14
7011.40
55120.80
35043.26
28366.80
16097.16
22559.64
59868.90
5291.55
23585.40
61889.78
4765.12
15640.94
48415.92
24266.40
62158.22
35743.85
29581.75
72477.00
15440.96
51830.72
42570.00
52003.38
3423.60
50305.00
13005.65
57882.23
70825.50
47734.40
42554.72
51115.20
73115.55
26480.05
41168.50
29067.64
22664.16
59325.42
1223.31
57411.50
1321.41
31497.12
11562.40
18818.02
89111.06
2820.09
22268.70
18180.00
18710.10
17314.72
9162.99
55410.00
18830.52
31323.18
17614.21
43655.84
28396.68
44455.04
45873.00
40839.71
5108.40
58063.74
3186.45
87311.63
53720.64
39652.84
37948.30
13990.72
44007.25
15600.96
1711.80
64151.71
16321.76
27899.25
30829.89
77637.88
5435.73
53562.60
21602.75
42021.00
16593.19
14103.12
33304.15
38631.82
53336.00
13178.28
64698.54
19479.46
61410.75
53976.96
43341.55
14348.29
25672.60
33707.76
48211.60
55443.80
82322.24
22367.52
41731.22
52591.00
19020.90
6635.00
57769.32
31085.60
3228.51
52659.58
1219.31
36398.20
66760.20
30792.60
7213.74
5694.04
33367.62
9049.76
48029.98
52274.88
18602.33
18788.40
56571.06
26257.14
26647.31
16550.37
48923.10
43722.77
58777.92
24185.60
43771.53
22268.55
63017.50
21085.61
64397.06
34877.18
18822.02
58967.30
30632.13
45017.70
19403.54
40571.52
53252.11
59283.45
3711.90
8774.25
5682.08
41722.20
77024.64
37519.95
44343.04
24597.04
14547.82
27965.52
36536.50
3641.82
22023.80
47670.06
52165.87
35288.10
85206.30
47966.82
38302.11
26597.16
39751.80
17064.72
7648.40
26684.22
45552.60
5818.20
14161.18
13870.56
31497.12
1527.62
24346.03
74911.20
57193.64
37891.92
83715.86
83415.84
41083.80
27677.12
61021.74
22059.24
21942.92
25046.40
80885.50
33607.42
15963.22
41336.64
31864.50
14611.05
65239.58
10595.36
10074.80
33985.44
37046.10
75784.87
37120.80
52855.77
29151.64
68670.15
31953.63
36062.16
69116.32
27649.40
57546.39
46050.50
45846.96
25483.04
24470.10
35217.00
41059.20
25273.56
74923.20
940.03
39006.16
16820.64
69232.80
53328.68
14703.57
57600.55
62217.00
57500.48
16308.27
5898.24
32355.20
31421.88
6261.70
47180.10
50814.40
33362.28
84057.75
32347.00
29278.72
69232.80
13144.30
25278.17
42252.21
32000.10
52953.12
70480.73
8571.12
65937.96
29191.20
6839.20
43365.90
45782.10
42988.24
23242.89
3648.93
5601.05
43652.70
18260.00
4201.47
9622.44
39462.00
7708.20
26340.60
22982.18
23659.38
65300.76
15682.94
33252.16
73957.60
54310.52
13366.08
45208.80
50461.92
71707.68
5565.96
41624.55
16181.28
48337.65
38410.81
52460.32
44283.60
51612.47
9490.08
1070.17
93648.00
38322.00
34064.91
50609.46
48520.08
52267.86
36231.36
72060.12
55802.16
63311.50
24744.18
13886.08
49292.80
52864.58
33786.00
44837.40
45457.92
25887.15
33218.64
93348.00
62106.74
52812.76
9640.50
30018.48
60255.03
45232.00
21099.10
43465.76
18539.40
73678.00
1054.14
79954.28
14903.68
70634.70
24289.03
85097.76
32587.10
17244.90
48252.00
12135.96
82322.24
42143.01
72388.82
1247.34
53981.12
27764.25
10749.41
55996.26
29319.92
41119.68
57025.57
49150.92
2989.18
15064.20
40484.00
24960.32
74758.40
32014.32
10114.88
64748.40
26754.75
49236.16
62306.00
13904.80
57355.04
5408.70
31075.00
45336.62
53357.97
44484.76
26698.05
53878.78
87699.65
30338.06
42351.54
8271.09
13324.30
69485.98
11056.10
4246.53
65048.40
80821.44
53241.60
56790.10
27573.70
64397.06
41384.85
16387.30
17893.92
22395.66
34654.29
20580.56
66466.05
10847.70
9433.26
66299.56
30433.60
43486.20
11436.16
39775.43
5489.88
7027.56
66218.38
58094.40
24974.46
9423.96
7422.85
28470.72
6510.88
73943.22
53229.12
46897.60
68031.60
5901.35
5221.60
52367.87
38472.42
51402.12
55342.48
38468.82
21763.60
45404.28
67138.20
32290.32
52514.28
54763.80
54778.95
37490.60
72736.44
36671.90
53523.00
41194.89
40868.94
4850.13
16847.82
10791.70
57331.64
1846.04
19781.60
79719.42
9185.92
8433.27
36840.40
57285.55
63051.30
83337.30
8170.82
8804.25
29936.48
33596.00
26780.16
23512.96
19280.70
11001.90
48039.48
64796.04
13021.76
51645.23
91579.04
21056.23
34334.52
89518.59
27806.52
79042.74
14072.85
48801.48
71134.48
47840.49
39979.29
24840.60
62667.50
23000.25
26840.16
24174.84
47043.36
34447.74
88076.16
28454.58
16215.29
62074.24
22238.70
22984.80
6695.04
23617.92
55044.14
41078.94
65168.25
39509.86
10507.20
17746.57
13478.41
65950.20
57666.50
14095.07
44427.60
38420.58
9946.64
33410.75
53785.96
36759.15
45126.18
53297.20
65799.72
46016.29
44165.50
41660.15
55364.40
72989.76
42751.41
20016.30
27507.48
55244.71
6975.32
32543.20
1426.52
50090.43
3648.04
10595.16
29011.80
4621.92
20382.34
23353.02
19000.28
66570.30
38144.04
49892.85
76103.98
39087.00
4799.07
23614.78
44007.60
22423.80
67741.03
2374.54
25632.00
15842.10
1417.51
23541.70
23763.74
51311.47
14496.00
47976.75
55183.95
24012.50
45682.61
27793.92
47187.40
