25275.60
48631.80
21077.10
20418.58
39702.30
34812.00
40294.92
52766.70
27329.64
8773.45
43639.86
5049.40
10419.20
67422.91
45618.65
31085.60
3441.62
66214.56
40813.20
55577.27
29095.20
57595.49
26803.39
13446.16
24259.62
31554.39
23515.70
28926.87
44752.40
14348.40
11884.56
58775.38
42166.00
88989.60
34509.20
55019.52
43290.74
36282.48
41512.47
34312.30
42140.40
30385.04
9721.53
57098.42
8949.40
43769.46
79561.79
34040.37
49156.08
55528.20
66079.30
16252.68
37959.80
28149.83
36975.96
41661.00
69721.92
22325.52
45211.88
53246.10
5165.65
30206.79
32947.96
11611.25
47847.66
20884.50
30037.68
13883.67
35618.40
14113.40
63578.51
17948.90
4705.15
10793.61
11487.33
34537.20
27385.96
53879.12
24117.84
26962.21
17929.35
78328.32
7137.60
9550.50
3778.05
85771.24
52823.58
62851.20
68889.04
72941.28
30289.17
18788.40
36769.87
10378.92
45480.60
12185.81
40643.07
1273.36
25755.20
46439.76
12073.00
18625.88
23100.50
48606.87
12002.98
86691.50
71093.49
52511.16
2923.10
49553.68
25723.72
34385.20
37339.75
56420.00
23333.57
37644.79
36989.25
36998.85
27109.00
65771.16
69393.20
2124.32
2570.74
54200.42
28650.60
60083.39
11573.54
46693.14
11925.87
10117.98
54010.56
32832.96
10979.68
36489.30
26164.16
83191.71
62646.36
10156.68
18115.52
21046.40
34722.80
32096.04
32624.10
50151.65
31233.54
56859.84
56067.27
71928.68
47057.40
50605.00
16477.40
1327.42
53500.42
34173.40
29647.20
73748.22
38606.48
52885.80
14695.60
45277.05
22087.38
5901.35
52207.76
29251.80
7259.91
76060.98
43309.76
2482.66
54983.71
6108.66
4637.00
10679.34
29164.59
55546.24
56109.28
16565.76
26453.75
85926.16
25773.72
13384.30
43137.64
55354.24
50633.02
16325.19
56413.63
28019.40
30722.78
40884.40
22728.64
54568.88
87353.54
1590.68
16371.55
12432.42
17550.60
32367.83
15316.32
30036.50
7748.28
78742.80
22763.88
39016.95
35759.34
32131.36
44591.36
58628.35
28552.94
41558.88
91195.50
6775.12
55830.77
19585.80
45772.16
33857.58
56584.50
8809.25
19108.64
3205.38
2268.44
7027.56
6342.68
30923.76
19273.41
56727.45
14983.68
52302.88
35226.76
16181.28
16145.36
82383.95
71883.68
30209.28
28930.43
31948.29
52435.80
15372.39
28702.08
40642.75
13115.19
48489.03
92697.00
31293.90
41557.56
24889.91
28498.36
14975.90
47748.48
8997.66
42926.08
39486.94
16707.60
24452.10
30964.68
48724.20
1668.76
53447.61
28542.72
3059.24
60039.84
25186.69
59070.08
8329.04
50901.76
34356.52
55240.14
2763.03
32948.19
9484.02
3793.98
33185.50
83382.30
24498.68
25739.20
47902.50
15710.94
11838.69
70938.82
51848.52
40890.78
17188.10
20749.68
12325.95
15801.83
17814.96
39744.12
909.00
56361.00
49202.32
20132.32
42945.24
46114.98
73591.83
48263.34
12289.31
32098.32
6060.60
39775.43
9169.92
10448.06
39550.00
32926.65
77094.27
37098.93
1688.78
39923.60
37841.20
81091.56
41150.85
37188.70
64160.04
22584.00
17651.70
77433.40
22364.20
38117.60
50837.76
50832.65
15694.47
51744.60
28145.88
23082.36
31092.64
12938.04
41212.02
32457.09
88923.06
27741.12
69432.80
10138.68
15706.60
11955.78
32569.83
33661.00
1445.53
41364.80
4036.29
30139.20
61130.25
75184.20
27529.75
14175.60
67781.04
43309.76
9213.78
25765.06
81573.36
67439.40
35587.75
64868.04
10757.61
1012.10
90941.55
9604.44
35112.76
26731.12
30609.04
35821.59
42732.09
37921.23
66777.84
48159.68
74362.89
47211.30
24626.40
9523.15
14627.86
63295.32
30287.68
64505.62
49435.08
41020.79
37910.34
50571.07
7027.40
59073.00
6571.08
46513.50
43849.50
13580.84
67885.34
65909.60
2871.15
63462.60
59909.94
58358.16
29809.71
3677.86
30732.60
7475.80
66907.54
53637.00
17067.90
13131.72
2784.06
52336.50
45410.47
20952.10
81376.75
3329.52
28230.48
7559.92
14991.75
24894.54
32403.36
71362.86
57300.80
13157.30
41898.88
7484.12
27693.12
50566.56
43095.25
69818.40
66743.93
16950.53
54144.09
51354.04
33862.14
12740.00
36939.60
15150.38
20770.68
63450.88
43477.30
38300.73
44315.26
56734.63
16072.83
51862.72
31272.75
33064.74
54927.66
12997.68
16539.60
1105.19
39081.24
41595.96
1556.64
44791.32
13029.76
3684.96
33257.28
37168.56
20712.67
67559.04
12589.36
68336.78
87403.68
31305.36
27829.60
29804.54
23281.08
10478.34
41274.02
64479.47
32530.56
74278.00
56137.90
7171.52
62225.45
78619.72
83799.84
27373.80
13324.20
37055.48
50004.00
2630.80
29920.96
70717.62
57562.00
8213.65
21667.95
33799.88
76709.36
48467.68
28160.74
26428.38
9144.80
22801.20
56088.06
49238.10
11171.97
73517.76
62626.70
36399.60
26620.16
3455.64
6000.54
56199.90
41113.80
40680.00
13054.00
13384.20
57341.20
4717.98
65389.20
81886.50
64694.09
46372.60
31590.16
92854.51
27651.24
81353.36
66408.11
22295.68
30008.16
5806.16
80580.71
7928.46
3619.80
24778.04
42391.35
77481.27
1893.98
51752.16
20481.45
11448.60
29965.50
22672.32
60094.40
63320.08
58863.50
12220.96
44314.76
21891.76
5102.37
8282.89
45880.96
37570.20
46110.29
44981.35
47449.22
15066.00
68552.00
37046.10
70754.00
51234.00
25367.20
36350.40
29438.88
39042.00
47360.54
5841.30
44738.38
35598.50
87644.16
2903.08
68699.82
28760.94
46333.00
6505.08
58863.36
80170.18
9782.43
36732.15
32524.02
16878.30
6054.40
32650.80
52976.16
75007.20
8564.00
17937.38
14115.24
47732.22
50335.32
30216.76
19666.68
39693.86
30592.40
45828.29
38156.25
48653.00
21510.95
31226.76
60300.24
33516.72
4044.40
28839.20
17389.08
58102.00
61516.80
51734.40
20001.60
60990.37
13048.97
27373.80
25152.50
21322.18
44968.56
41888.88
10523.34
44103.15
61038.93
34925.52
66490.11
49929.28
9770.48
38625.16
3696.96
31515.44
51088.72
25425.03
40149.92
5642.04
43308.31
6396.96
13060.08
70117.71
20833.68
73116.80
16209.16
42846.87
14679.86
11043.69
44418.60
3189.36
31034.64
3549.74
36008.94
10427.12
14679.44
34357.29
8729.15
70490.88
51318.36
33702.58
16601.76
19348.80
36010.18
39522.00
7754.28
82976.85
26868.82
46220.72
50966.39
83992.32
72568.44
17077.90
30812.49
72445.54
43413.76
52595.87
57317.14
69769.48
28254.24
31569.84
4280.64
75196.38
52134.60
50593.20
78650.80
28846.24
57340.16
20636.66
18939.91
71819.24
51704.16
24122.40
24154.52
82946.22
45570.06
57700.10
27965.52
71058.48
64740.37
75355.13
19797.12
50019.78
19780.93
48787.65
21303.20
77396.31
5297.68
63639.62
15613.38
60671.68
56654.73
22116.15
48141.66
38801.40
8170.75
24699.87
16994.40
34326.90
40639.86
24041.60
43871.00
18611.88
79169.30
28430.75
31129.12
19116.44
67150.80
45335.52
2880.15
50513.10
56045.77
982.08
31189.10
23318.89
42705.09
58241.35
36118.00
38993.04
62673.42
36786.15
45551.52
64077.34
40565.07
1887.98
43518.74
30599.35
15946.34
10532.34
53274.99
9235.08
2650.84
52542.58
44649.27
36410.96
13984.96
53742.78
24706.60
68427.45
5500.95
1737.83
49017.15
51504.60
83127.36
45600.61
54573.75
40854.10
5610.18
30344.04
20983.61
51834.60
33181.40
54834.63
43032.08
55788.00
7033.62
19629.28
21420.62
44855.47
12417.09
60521.84
58171.62
62633.23
6888.49
70982.10
35316.13
11968.60
35462.40
1860.04
15926.80
18830.52
56044.90
24516.00
15018.12
48408.36
47855.30
60333.96
33341.96
35966.62
60949.80
62718.70
28538.03
19620.86
17230.46
16677.92
29631.04
60124.24
22578.79
21703.04
54855.46
14875.80
61021.35
52514.28
21436.18
24777.00
68472.45
4510.80
75229.20
6597.05
11653.32
41160.84
32739.28
37601.20
16674.08
11051.76
34057.45
3217.40
11820.84
17789.98
33950.72
41884.58
29166.72
49431.90
30992.58
41040.40
30441.04
3913.17
14040.07
39270.84
46348.17
55047.60
32563.44
38313.28
22507.80
41535.70
12986.04
27461.52
32581.20
6221.65
26088.93
17090.04
11811.60
57441.14
9957.57
14351.54
15886.80
58151.42
49420.47
37459.20
39576.57
1037.13
71704.14
55373.46
30144.96
50184.45
62231.91
21094.20
65550.03
39276.90
25422.60
46895.45
72645.93
20679.67
12723.70
21226.86
61524.75
24862.18
36473.43
42605.76
64643.47
37840.32
49191.80
48723.22
56116.76
33299.84
6782.25
30382.50
55378.80
74911.68
50090.43
23740.33
21638.10
37990.25
36085.86
15526.40
50032.80
58541.54
54738.40
44543.52
55679.04
57662.00
44966.47
29067.64
57448.57
63742.95
63884.98
47726.17
55675.40
24250.67
49780.48
52681.04
76189.98
53026.33
24217.74
71620.44
10571.55
25876.08
2412.58
19496.28
71476.00
22196.15
34372.80
37627.59
50510.46
62336.49
40643.07
10006.64
21568.82
45552.60
23085.00
18244.65
47521.70
17670.72
5120.40
15383.39
55364.40
14151.24
69823.80
52084.76
10889.48
39972.90
1752.84
29327.24
59983.60
12523.32
5096.37
49301.28
28086.52
20917.89
43698.20
19100.40
16501.68
30104.16
11464.11
27750.60
3267.44
5020.45
70078.36
17523.04
31482.98
1172.27
45353.79
34326.90
13665.00
42705.30
80199.77
36669.60
9270.87
25928.28
65847.54
23983.56
58774.73
57433.32
75519.20
24574.41
50830.56
54257.84
28737.66
88653.12
22872.96
75539.87
10956.00
69114.52
50812.53
16697.76
53543.81
83115.12
46814.04
46462.43
7224.84
11369.88
16566.81
18100.00
30131.80
53607.60
38612.00
39025.14
20846.42
40507.29
11912.53
8438.94
65421.30
93448.00
28379.70
65408.76
61319.19
46421.02
66535.65
81301.44
22023.98
39448.50
10939.68
74829.50
10098.80
54146.70
66908.84
18379.30
44749.74
11321.88
1538.63
15486.40
25899.16
17514.60
43145.25
31017.12
42340.20
11472.60
37805.95
26184.60
66022.56
38080.80
44002.44
78032.50
30338.06
