3403.60
30089.73
27491.67
29049.60
31316.94
37828.79
42322.02
72660.54
51729.99
28839.20
12921.51
6036.60
3435.62
30802.35
33988.72
49841.28
53500.42
5321.68
3705.90
61524.19
39753.32
19701.00
25690.08
74508.75
53186.70
20861.00
48086.64
20406.75
34388.10
32743.10
71743.44
47571.92
58837.38
80904.60
23040.99
32095.66
24121.44
43053.36
2084.28
41407.74
5546.82
1709.80
39316.50
5027.31
9810.50
58815.32
64238.40
12813.52
28136.36
37923.82
25114.32
4144.41
24434.10
16622.37
20140.05
90695.50
39362.05
41732.28
53102.70
61770.60
75847.38
6401.85
40506.72
42931.80
81985.95
44151.36
6979.56
18202.95
44528.00
30867.21
30031.80
71349.18
50555.96
59000.70
37391.56
8869.30
49863.04
28527.45
73087.42
43596.90
59198.08
12877.92
46699.00
13914.90
70086.06
31649.80
70782.46
68829.67
39058.95
55333.41
51164.73
39282.00
55658.34
68027.82
5986.45
22344.48
70183.72
18622.89
34684.08
33732.00
56019.60
3465.66
8713.44
56138.21
48004.80
23969.22
44488.98
82063.24
39822.12
32626.80
52507.00
7766.28
68269.85
1686.77
87115.63
34299.72
25857.16
48011.92
37615.60
49303.80
24624.00
51886.38
11072.00
2973.24
1362.46
33132.96
32843.04
14848.32
12642.00
57317.14
38921.70
48982.15
34331.10
79283.25
45874.53
60462.86
41630.00
30410.96
1640.74
50034.39
23047.18
59188.22
54286.84
72636.00
57681.49
50118.01
11022.99
27609.40
54058.50
47310.32
62678.88
64340.64
86527.14
24076.50
12068.98
61216.74
31033.79
60750.22
4721.08
90863.52
14250.47
64643.06
48014.68
71776.00
66836.30
81113.54
42466.62
30228.33
18983.91
55901.86
13819.12
17860.81
53257.50
19845.14
61570.60
41860.00
54189.72
62597.88
27140.19
33916.68
38980.92
33776.12
6151.60
45978.60
56975.83
23525.40
14946.75
50579.18
19589.57
17546.90
40742.52
22444.13
57769.74
41625.00
59354.64
47317.66
4524.88
30431.84
62931.96
3153.32
28515.78
28955.64
65896.38
48471.84
48245.76
21264.99
30612.56
4605.05
42045.15
59342.80
58484.79
33730.72
23641.92
25281.37
24986.80
29379.24
937.03
36386.74
61521.78
48604.50
5766.20
1740.83
22068.20
36878.60
11583.18
41429.33
47893.30
51286.08
49604.00
43738.86
21968.94
35990.16
26472.90
27693.26
29712.20
32999.77
24699.87
33356.75
6803.16
7567.92
47967.15
82054.48
69524.00
27581.76
43999.56
56811.00
24650.41
65546.29
46016.29
17738.60
54373.72
37505.78
65109.12
14640.48
73114.86
3015.30
68243.76
48574.96
35330.42
13085.84
1656.74
21451.54
32534.84
42382.20
10980.12
3913.17
20226.60
53780.98
46971.59
1302.39
62442.70
14631.48
22634.32
9618.32
15955.74
37022.68
69913.20
34533.44
6907.35
43493.19
81310.50
68034.38
62470.45
37479.02
9102.80
17128.00
44571.75
20158.32
26411.84
33804.40
58912.21
15109.25
11330.97
2418.60
92346.50
32129.66
20451.90
12385.56
9514.08
42494.75
42716.88
24593.41
55240.48
50543.46
42718.62
17718.84
8906.59
41564.10
4117.38
14822.99
9850.70
2310.48
14174.88
5706.15
57996.86
19758.25
24666.08
43158.24
24846.80
34077.12
7512.19
36623.78
43096.74
3564.84
11616.60
5377.72
23620.05
46401.00
34357.29
50053.60
67598.34
26638.05
22288.42
9882.56
29095.64
7440.24
32921.67
21737.76
56911.50
70676.34
38915.85
11134.83
51294.00
62831.67
9604.14
35259.18
38222.73
8224.96
2730.00
8162.70
9598.14
36258.20
53523.12
9279.84
60160.80
37784.32
16697.76
57916.25
36143.86
6802.25
26604.16
50534.00
70550.34
75343.68
65784.42
71249.88
51084.60
83669.86
15469.29
37083.76
36818.60
68419.16
55734.59
1684.78
14659.96
6180.72
20842.20
46486.76
88268.64
60712.68
66290.40
72751.95
44469.88
5273.64
15141.17
14985.90
1438.53
35677.92
25880.06
11884.56
90745.06
45752.43
3543.81
29684.20
10412.99
37048.32
2302.48
52179.40
10443.12
30568.56
72388.36
46458.62
23876.25
78283.00
3908.28
78427.80
7126.77
35212.50
71875.20
31891.32
33874.53
43336.80
46634.04
6546.92
30766.78
44077.25
38191.50
16605.60
49963.20
57255.14
9562.32
87794.12
9226.00
50943.90
33764.58
13181.19
21443.12
22074.15
12845.60
58718.98
52868.16
23209.44
5706.04
17855.04
73907.74
19721.60
14907.96
46983.91
8811.63
43380.63
64745.00
1887.97
30624.66
51354.72
21366.88
34975.26
64778.85
28130.83
52751.70
8409.00
17118.90
36135.04
64548.00
49017.15
49137.57
29041.80
26620.80
19172.44
27824.16
54850.32
26164.16
47976.75
39444.05
25827.80
8037.68
21397.99
43517.70
35750.72
60114.27
69080.58
23281.08
37289.50
45066.79
23913.44
50003.65
10523.04
67926.75
38372.88
78274.56
21934.92
84498.78
57558.68
46357.64
41701.51
85065.30
32931.84
70124.50
56128.80
44546.97
6557.00
45545.82
58813.92
5360.85
15886.80
47977.20
43804.86
7664.40
4172.56
21953.25
55243.50
45417.84
43473.92
68363.85
71743.90
9346.08
71976.50
44208.00
41151.77
9988.50
19247.74
51064.37
3519.70
28230.00
9498.24
1340.43
31417.65
61629.75
49503.74
13404.56
13194.79
50869.76
65447.82
1674.77
29731.50
46449.60
5961.40
63879.51
5571.00
5931.35
18920.60
45004.05
35750.44
78572.72
29533.14
45998.25
92658.02
11288.90
17244.90
24693.18
61841.52
29775.68
37792.92
32803.84
9099.90
25559.82
11572.50
989.08
15232.32
33683.76
10360.92
18102.24
16436.55
3240.51
4964.22
27677.97
58643.88
19060.48
32892.67
36607.20
45846.96
15152.64
31972.63
5039.31
27358.80
80907.10
50663.40
30333.00
64244.04
7511.88
50791.20
9433.26
7918.35
51997.11
54938.10
28307.88
45163.65
75514.90
72989.42
27465.07
40334.86
40559.12
15710.94
29179.08
22549.14
54987.60
39003.14
18644.16
13694.76
3091.26
3531.72
44117.58
21446.62
6839.20
26179.29
11895.13
9578.32
12901.68
88192.50
20503.56
57117.06
76478.22
58896.95
64781.08
49110.57
57408.84
29857.25
6331.80
55675.27
29005.02
22964.80
31925.49
20758.08
56740.40
80388.48
46600.16
12480.09
22902.48
36334.55
4380.72
16769.88
39858.28
32533.73
35317.20
28230.50
52367.40
54658.40
46103.31
61451.13
18249.20
67471.20
26275.71
79283.70
35319.70
60255.04
1704.80
67211.10
10201.20
8709.15
41357.68
35757.43
23978.16
59157.00
5994.54
41205.12
2480.68
36700.87
41688.37
77031.00
52508.40
74264.89
54511.76
76977.60
32021.51
4700.15
52979.34
49499.30
940.03
67082.84
10101.00
35962.36
8924.35
26565.05
6752.20
24365.03
12767.44
85880.16
40916.46
18760.60
82406.40
39116.25
59983.00
21046.56
16892.07
43389.60
12863.80
43570.19
21718.80
19572.80
42976.80
50182.80
80912.92
32096.27
65013.08
63768.50
17659.85
39627.70
27407.97
37679.41
19623.24
75686.87
57244.74
30007.25
18984.00
41694.80
32419.20
29651.13
30137.67
67814.37
5390.85
41029.12
14238.96
83944.32
1279.37
24301.84
80917.44
35451.00
28730.60
20196.22
21643.69
78652.80
1244.34
51655.68
11487.33
7037.50
13702.40
39463.63
53849.40
43101.12
65553.60
60265.00
85674.24
47570.49
51285.46
58561.56
12946.77
16126.92
68781.15
50357.12
67781.41
39119.60
18982.71
61613.78
32675.40
14050.96
69001.67
72015.68
22193.55
36542.64
29832.45
8609.28
13287.56
73309.28
16866.24
10871.70
28113.58
76596.52
7257.70
55696.45
46939.50
8430.10
32851.28
23818.83
28653.66
31713.30
80885.50
64497.66
4793.16
27488.70
47942.44
51514.25
14784.66
1851.94
39978.40
56024.67
57520.52
34476.96
43876.56
46009.60
23993.44
48772.40
5375.67
46910.23
27822.00
32776.38
50348.55
9960.90
20534.08
57654.10
6629.21
5970.32
73677.20
52817.33
11136.24
62015.10
11660.40
58248.51
69866.40
30801.12
43333.92
22888.32
24329.76
23433.52
15196.10
36041.94
33081.36
5099.37
53463.50
13262.00
32484.32
42237.36
22094.94
27357.96
24249.60
11352.15
60872.68
12523.32
39731.46
14475.48
8426.94
53385.60
29241.51
40930.89
23209.44
34974.82
35717.60
78514.56
29816.97
46301.00
7332.80
41800.20
59102.73
54923.04
39188.55
28064.40
51238.46
30224.40
41288.94
27083.70
6692.10
7112.70
65869.60
73426.08
52107.88
42484.26
57742.23
37065.93
17394.48
51066.60
3712.08
28109.40
8801.45
53186.10
14631.82
35241.44
40188.09
34207.40
53648.76
79508.70
10943.46
41822.55
57460.55
7547.19
2961.24
59142.30
28630.58
18379.30
1041.13
12148.88
51751.08
12784.75
1000.09
19928.42
74184.66
16773.15
6470.80
56868.12
66715.65
64700.09
17204.33
12000.78
1162.26
28272.78
54373.05
51227.44
33845.91
57821.56
6763.32
66466.05
32534.75
25226.82
10604.43
39906.02
20077.05
54598.95
68272.60
10018.89
2294.46
24891.12
47239.70
3195.38
6625.20
67139.30
15184.32
50055.70
53308.34
43328.24
37385.60
48687.84
15929.04
60943.74
46353.87
42970.62
28127.70
49613.20
62153.52
3922.20
41114.40
69997.48
32458.44
52132.40
57778.04
35641.72
34605.12
64356.60
37867.23
47889.66
37669.70
27744.90
38036.60
28233.24
80003.28
21970.46
44639.00
42780.85
3369.56
16397.68
40742.08
64628.40
23502.16
46737.60
39414.50
73797.60
3973.23
27013.50
7219.80
15271.65
7161.77
45234.28
22991.65
19762.47
22889.48
66499.65
16773.15
49157.50
3330.60
39233.28
18463.56
10756.34
43384.15
43726.48
29406.88
36137.01
46645.50
15226.38
73114.86
31773.60
17238.60
23881.20
16670.81
9628.22
38691.51
17568.50
17061.33
56592.48
31295.93
27974.40
29359.72
9109.73
77403.48
35426.52
86241.71
66722.30
60929.05
49426.65
40777.71
38859.08
69304.32
43297.80
6438.96
18819.70
36199.04
26837.39
31593.40
37659.82
1872.96
37253.33
36651.15
65299.88
13254.10
31384.20
22055.16
21824.01
7753.20
37338.46
25885.16
45199.14
16177.10
43102.44
11382.30
8508.95
