59503.20
2614.80
3079.26
8667.54
5294.58
34605.41
91775.04
25356.86
35586.24
38522.00
35112.25
9424.26
53572.78
53291.35
17959.92
34309.44
11868.64
82946.22
7547.88
58712.56
51574.60
20022.00
71615.95
51521.76
31772.15
4003.29
10518.13
27299.70
8423.03
16695.19
48752.77
53880.64
9700.60
26668.60
51579.44
46103.31
30232.00
56410.76
63012.30
35285.13
71676.00
62786.40
61316.00
57452.52
57418.52
30598.13
6226.70
37256.00
62604.36
3668.04
20644.68
1077.17
41084.80
50156.12
67003.30
47709.48
13954.80
50955.99
27867.51
17771.04
21930.75
26407.62
44623.98
81877.92
4027.29
4340.68
49963.82
71933.24
92314.53
16658.08
12325.44
12506.65
40699.12
41236.24
37330.26
9748.26
19826.25
14175.24
23125.31
26088.00
32554.56
8337.12
70480.73
62002.64
4717.98
57628.48
24066.00
24974.84
14343.21
72610.44
28427.31
24632.28
15712.56
21911.36
47446.32
13361.22
30369.43
33523.84
72605.26
12064.26
42989.76
28596.24
27008.21
18409.80
37503.48
54736.50
42456.62
87229.65
62039.01
37879.80
58989.02
4360.72
83888.50
12573.50
66057.48
66151.56
33696.63
36120.00
2406.58
12902.04
67300.03
43287.38
26614.26
15716.60
40361.55
13874.85
62341.74
33781.00
32013.80
31058.25
11244.06
70723.82
12694.50
59948.24
42053.88
18644.16
38174.25
17659.05
13070.16
50677.44
56093.07
43188.62
32013.80
34024.54
13170.30
16319.38
3213.38
39163.85
46930.80
74157.60
31158.10
24750.04
52135.30
39003.51
36263.50
44637.06
71099.44
18580.00
11958.98
36295.04
56509.25
78022.59
16406.28
61942.79
21968.75
28758.66
45043.60
48651.30
33516.30
67498.56
70183.80
16695.19
37813.23
68280.52
31784.00
44047.96
78803.52
52920.00
49299.91
8605.24
10625.16
18883.02
42035.60
46921.56
3498.78
54057.60
13595.40
5180.65
13764.60
26294.29
7131.48
43287.20
23684.83
22111.98
3331.52
19480.72
26569.89
45344.64
50135.04
50485.99
4588.86
70034.53
41381.34
1099.19
49786.11
2456.62
12469.20
38381.48
38496.48
10901.88
9402.16
2770.94
29236.77
60435.72
19843.42
68868.54
22008.24
3645.93
13742.74
20195.12
7272.00
37587.48
61031.78
72346.50
30244.50
51105.60
37939.60
35780.85
53075.82
13342.56
48100.36
27914.25
45914.96
43197.36
56327.40
12324.52
22944.30
6787.12
43299.63
66346.14
49761.04
33335.10
6482.14
14295.54
52128.90
16899.36
39416.37
1830.92
19554.25
42221.12
68067.45
60191.04
76940.64
32760.00
26419.12
12543.50
72687.26
56588.73
35624.24
38379.12
17867.98
43804.86
1202.30
70245.73
36998.94
57393.60
981.07
14627.86
37490.60
23467.99
18887.71
32395.23
43126.80
45017.70
22215.94
20362.20
51757.86
11895.13
27118.62
2640.82
41884.58
26277.58
19460.85
35509.68
2074.26
38518.48
19325.41
20462.40
9225.78
58952.40
43146.47
13264.86
42659.87
75342.96
51638.72
61841.16
44312.58
12265.32
58450.48
74411.31
17971.55
45729.20
20560.47
39936.46
9810.70
33498.63
14302.47
34749.29
81878.40
42921.36
48685.46
65710.29
28682.94
54342.22
48473.07
73084.44
65386.58
3313.48
11980.98
17530.59
60633.01
29839.32
16190.01
16740.36
28619.82
92897.50
23125.08
40932.71
13099.95
58714.78
69681.48
46098.90
54061.28
35787.96
9370.08
88543.00
18414.63
63778.08
1799.89
11892.80
28511.40
72123.62
7872.64
64039.32
30440.64
63077.23
32771.58
28130.83
9705.29
5105.37
43011.87
48631.24
44398.56
27540.30
10081.89
32795.28
12199.05
86709.08
7588.05
38742.12
47161.66
78371.04
36116.01
41354.54
9622.44
65547.72
50488.92
21069.23
41904.80
64668.00
53199.72
63895.32
41357.68
35967.75
47630.94
50908.90
49973.43
34057.45
67281.91
60368.70
29871.60
42892.25
32743.10
3207.48
21831.20
28077.60
50319.45
5253.64
53314.11
42382.20
6962.45
88142.50
49373.74
62225.10
16562.08
39595.92
4635.10
1434.52
7392.16
57244.74
62247.27
24337.45
6046.50
17915.92
32579.73
25649.83
3465.64
62319.28
69558.89
6301.80
57525.60
50378.28
50048.78
3880.14
14772.10
10892.70
31677.30
67150.59
66662.05
54778.50
46845.96
58765.21
73392.40
24578.62
58277.56
46245.60
2850.12
43021.76
55447.83
6056.50
15111.84
50102.28
12076.80
36596.28
1685.78
55234.96
16022.05
33519.64
6776.42
49300.56
12978.28
42973.74
70314.00
23109.60
25893.54
62960.83
24727.30
44852.56
58012.50
52680.76
31713.40
10661.16
30103.92
41123.42
69445.79
69625.50
57910.05
27789.60
14072.85
85139.50
1905.99
5786.16
47391.30
42156.52
43999.56
64581.12
7554.19
23634.90
25595.04
37524.48
37681.60
19418.08
49652.48
38576.65
53913.24
57981.60
23713.38
62286.79
68595.78
77481.27
46899.25
39649.68
38612.18
12829.52
40003.20
24387.01
32418.32
5174.46
35762.22
52791.68
10973.62
54899.80
26218.62
80499.60
47855.06
82598.88
10221.10
35213.15
28344.06
44488.40
32029.36
37270.99
58667.02
19589.57
39166.50
80501.60
32508.84
30218.67
34686.74
26473.86
65979.42
19060.48
55901.45
41904.20
22310.20
29381.75
45027.32
12813.70
26758.44
74640.26
23118.66
51182.04
27858.24
18848.52
20726.24
43894.48
35807.10
67188.67
43498.80
62996.15
50056.38
21983.76
19572.42
42384.95
28285.60
42661.36
49961.78
3495.75
59486.40
23425.44
56075.40
32484.54
47145.59
15262.11
55376.14
17126.34
34061.50
61253.93
65378.60
11405.94
22359.84
7701.40
11027.68
55765.59
19989.06
48759.81
14608.16
51616.23
45084.24
71053.44
4702.98
1049.14
72057.68
20902.40
1013.11
25436.74
29290.97
14968.08
45083.68
26362.38
82278.24
30322.50
69534.06
1017.10
39543.12
22067.16
52856.80
31586.68
60564.24
7039.40
35876.94
75657.58
75143.20
22923.48
15631.95
31894.29
38892.84
4174.44
17613.38
34862.96
31921.29
85241.28
20319.93
63568.00
36438.75
3663.93
31421.25
54868.95
67021.52
21943.60
33875.60
4144.52
8899.35
52589.16
26352.75
45753.84
63621.51
10625.16
94098.50
52946.76
7119.48
44968.40
54957.60
50144.64
11155.76
8924.40
24916.60
33300.72
51354.47
63282.60
47318.76
52310.65
3900.28
37461.69
52760.16
17145.15
27403.80
7960.64
33566.75
18485.88
67931.28
15739.08
62499.74
14199.03
7105.77
41594.00
23868.26
38078.56
48150.44
24783.60
69810.06
51263.94
36102.18
33986.25
80020.85
5916.40
27729.60
51220.35
31582.65
48196.32
17200.15
67597.06
22244.00
50082.12
30888.99
60923.66
13469.69
17408.30
38759.04
69212.50
52386.88
48825.81
29374.72
18692.16
8948.59
34547.74
29525.19
42788.44
19439.09
37921.60
12442.23
10424.25
11556.60
11027.88
10532.13
22103.52
3241.42
23086.31
22761.05
68868.66
6643.00
68981.14
51069.20
20382.20
34070.08
65628.03
89694.50
63276.50
8114.75
52534.24
35657.96
41343.96
23319.75
60815.50
22685.14
37215.36
55920.06
13784.70
53516.88
40798.69
42870.25
10721.22
9330.20
32858.98
67787.72
46595.95
39443.16
42620.64
28630.80
57462.00
61807.68
67093.30
35840.22
3807.98
61264.26
52865.04
62057.16
8787.45
31659.00
20998.80
7408.08
40877.46
48940.20
41059.20
39114.55
55888.50
46110.47
52589.16
11874.69
25458.51
30244.76
32234.50
9772.32
23263.82
45809.72
91431.55
44039.94
28884.42
32761.05
2995.18
3757.94
20265.56
28510.40
41195.22
16562.85
45233.30
59948.24
17801.21
36438.74
25811.06
59630.56
70732.97
79000.74
45191.52
46484.88
22406.13
1115.21
57871.50
40578.72
47570.25
39943.05
31630.25
13414.08
36242.22
47716.32
13278.00
72008.44
1293.38
31842.44
44184.98
4930.40
33396.30
38326.23
25030.79
57884.48
74328.30
16974.54
67281.44
29385.72
3884.24
28439.70
16773.15
25076.55
36517.00
30128.40
19488.42
42299.82
78949.19
39509.36
29875.50
46833.60
49284.36
60464.00
10901.70
28674.45
72605.26
18339.84
77610.27
1433.53
54158.50
40522.46
21765.10
57981.60
8463.95
49288.32
66595.93
9694.20
22855.31
28489.31
5505.88
33983.64
51850.40
21510.88
51501.45
13844.80
7925.61
19267.90
21797.56
31499.22
39267.14
11492.24
11856.84
37132.26
47826.56
38265.50
29252.97
36975.42
67313.40
85814.55
53976.64
18452.16
42509.44
23229.60
37188.27
10757.61
14025.30
45890.40
56039.40
33564.63
37671.69
35637.40
58897.02
39970.09
73477.20
5718.08
8473.90
9405.96
43249.64
49148.91
37912.08
49612.50
77501.83
7736.33
23574.90
74283.30
34007.11
54341.81
35212.17
17530.48
7447.98
35148.96
14475.75
30902.40
37678.80
21254.10
50397.01
52029.78
51679.95
45472.75
47864.18
16445.52
48442.15
20678.24
60558.64
58303.54
40043.60
72326.50
6709.26
74250.12
17903.38
36900.60
42188.51
39815.47
34773.18
3432.72
30783.89
73773.91
46879.06
61973.01
51237.76
70373.63
35317.20
9994.50
10221.10
26956.56
66670.65
33055.62
8508.95
49351.91
55274.48
63572.16
45409.44
16061.36
38320.89
24922.40
75273.13
10868.48
13414.16
41227.68
31354.20
45867.33
16046.16
20469.60
4112.48
12919.68
31444.20
39521.76
18866.52
4775.20
10062.64
42670.08
71515.20
60412.39
29964.48
13863.96
63952.98
87017.63
32434.56
61752.24
68843.14
57051.06
49191.48
52206.50
51097.48
43320.50
14658.48
10378.06
9121.84
67943.82
33295.00
13384.70
51013.48
19496.09
33908.91
21119.61
37992.64
50908.99
36598.40
31505.88
14304.40
15487.29
72568.44
46833.60
17163.60
14622.39
54058.50
76898.64
44191.12
28947.60
46953.40
49942.50
49465.68
18860.04
20005.44
67472.00
73398.02
12108.80
63179.62
40929.40
33100.74
79503.60
13870.64
74362.89
14879.60
19748.76
27052.48
56861.00
9592.14
78117.90
37164.93
62262.49
49876.80
46927.40
68616.24
36048.48
50441.82
61259.10
2510.70
29207.64
26553.75
7936.64
47650.66
61559.75
9618.40
28445.92
25307.00
33131.28
49553.24
53473.20
13664.98
