28796.59
56522.73
35191.82
1313.41
46146.36
35299.85
5688.24
62795.96
42336.88
18114.03
4955.22
48697.64
18956.04
46400.40
12501.09
32634.75
2949.12
56088.26
63320.51
7075.62
19295.55
45520.16
5718.08
30376.79
4429.71
36719.20
39716.86
22391.40
22488.00
36348.78
21788.10
8487.00
28254.03
39767.70
10156.68
32848.38
4268.64
82665.95
43946.41
14127.24
40010.88
31154.97
24205.65
30030.00
65211.56
20782.20
5087.37
2652.82
51321.76
38349.89
62934.69
26950.77
46093.02
25628.00
54606.13
9580.08
72797.28
63246.69
27483.90
9390.30
52041.87
26172.60
92446.50
50733.20
3325.52
38117.42
81355.50
8388.18
36075.27
32992.56
2278.46
6156.72
24946.80
38914.92
50443.12
23094.45
4604.96
19208.41
4832.10
5317.68
27630.00
3379.56
55807.84
27463.80
58954.45
37759.60
65917.03
48091.60
88243.00
26224.71
45444.96
89581.53
3459.75
49012.80
16202.55
17346.88
1138.23
6622.21
25677.36
18547.68
34114.37
62436.60
18995.25
60707.01
3299.48
51066.36
7806.40
46536.30
74804.38
40837.42
28365.76
19688.68
9114.60
27353.44
51642.72
6731.08
8068.55
26632.26
64808.64
8843.45
20632.05
73228.00
8248.96
49876.80
15406.80
44867.70
21983.40
88029.59
37271.30
37338.46
30037.68
7007.36
22719.00
32410.01
40591.40
44897.25
22552.00
40749.10
6174.56
16792.82
45970.02
76268.22
48520.50
16649.64
22764.15
40963.89
16514.68
23323.30
38521.08
83301.40
29728.19
13226.04
29624.13
53252.11
18940.60
9417.96
58707.16
1791.88
25408.03
50309.78
18367.36
32196.58
20861.00
48350.68
5445.80
71679.27
3561.84
66490.52
28364.70
29502.88
74117.40
17686.90
58924.32
46255.30
19624.80
27731.45
33736.00
34176.00
25468.17
26080.60
14775.57
24840.60
3246.51
31879.98
64599.62
57720.45
7127.48
44532.95
43960.28
25497.18
12406.23
5486.76
45886.10
3030.33
55979.60
44191.44
37660.50
1184.28
25564.00
18221.95
20350.26
11980.98
30252.00
44399.52
75198.80
69002.10
23671.62
29958.24
26752.39
54577.13
37092.33
33153.67
38543.54
33333.30
61865.60
64930.88
55648.82
72318.26
31779.88
15256.65
71090.80
40632.68
39591.75
26557.72
27529.20
60363.72
33633.00
19710.79
6502.88
78282.80
19173.00
14631.36
61114.38
49890.75
13704.60
18883.02
34813.24
58546.95
10763.52
57600.90
26748.60
72526.44
2796.98
45774.14
24458.64
26876.32
27279.90
83175.84
1124.22
32259.20
21574.68
71910.44
28092.83
22661.94
52352.18
15745.28
6818.42
17370.90
43141.41
57301.20
56452.04
43696.00
57748.50
13234.20
41261.55
10811.70
32914.04
67939.91
35833.43
51855.87
44670.10
62764.74
52084.76
30686.35
46207.98
16838.64
31889.04
12905.97
31730.44
11162.10
46715.85
55679.40
13608.84
26776.44
61130.25
40506.72
75834.36
25356.86
37549.60
69274.00
16056.90
46876.83
53561.20
57288.80
5289.68
6066.60
54722.42
67670.04
27092.73
56803.25
49692.70
13859.95
62795.62
18303.60
59619.42
45887.61
54521.72
72402.54
10673.22
21779.73
13054.65
10387.12
40170.88
47551.92
3417.69
13099.86
45768.96
51144.00
22914.78
50407.92
43967.16
44899.22
76060.98
37175.25
45431.52
32482.80
28703.08
60549.58
9249.78
5315.58
17731.20
6466.95
83439.40
48394.08
69457.99
57384.18
17526.60
7456.12
14512.00
32543.00
42294.72
54524.35
84782.83
19901.80
90353.06
1139.23
48760.48
43475.47
84683.24
53506.19
13532.31
4284.64
42093.36
9134.60
21993.27
2993.18
15980.51
80591.77
15916.92
79415.60
46969.50
4357.62
50611.72
15551.64
45990.36
66189.60
22596.32
65480.76
34163.82
40760.46
26022.45
25723.04
49985.58
12529.16
12662.30
64934.40
4561.83
3153.34
61761.15
33675.60
49186.77
13047.65
10174.85
73378.00
20677.05
5465.73
57119.70
41251.44
14496.00
46748.31
14667.72
32109.66
46638.16
42172.20
32874.80
58851.02
3477.75
21783.29
34885.95
27728.82
34053.54
13180.95
40643.12
8697.24
41097.42
45451.56
60608.50
41903.93
26668.00
3093.39
1084.17
27661.70
19366.91
34948.26
47357.70
52419.86
78538.32
16997.90
1455.55
60471.72
3264.54
9441.96
71110.82
2745.00
67751.60
26921.43
36624.15
51174.36
47117.56
5731.20
81572.75
8294.82
33828.96
34086.25
45840.64
1672.76
42546.26
11388.15
42686.33
61336.44
42044.52
1030.12
18830.71
62977.05
66777.84
88782.06
19821.15
20635.67
21781.92
36473.43
39448.50
13847.08
12637.36
46069.53
76016.64
17028.34
36718.40
71280.67
59163.50
47110.68
35564.44
27969.80
10601.50
28948.32
18158.14
27807.45
23807.74
3907.20
52125.76
26957.04
58067.10
9494.95
58199.91
40326.66
34516.40
2825.00
35970.22
31493.44
23713.62
31874.56
62891.15
47661.75
52928.33
10551.50
56892.31
46487.29
45306.64
41384.10
44757.94
76873.36
87980.16
17058.12
28022.82
45982.96
47811.84
52825.50
54218.81
34416.20
47058.24
13558.32
21666.96
54141.84
65048.40
18229.10
23019.99
53003.04
22763.88
83922.75
54112.84
24446.20
78383.00
39627.70
32743.70
62728.12
36086.40
8154.00
3029.20
25281.00
35047.80
33002.97
43633.12
53143.72
30122.70
17078.00
8721.44
37739.60
25928.56
40794.96
80385.00
1924.10
57447.72
64292.55
56364.48
44400.30
71579.44
9388.17
78472.80
7508.10
13884.80
63418.00
76030.36
60724.08
14822.99
41579.22
49332.50
24505.92
61806.15
68707.15
22632.30
6454.14
57478.80
27244.64
14029.26
9706.40
32941.86
57294.49
18992.57
61570.60
51518.04
41723.55
38948.31
76030.50
22858.22
61802.13
20921.89
3803.98
44374.56
86570.71
32786.37
35737.28
5671.10
73968.30
69102.54
32098.32
13680.15
60600.86
10931.55
8289.96
14975.68
19550.86
10872.00
2132.32
13710.48
52151.04
25332.30
32143.82
69955.34
56299.66
40713.75
43135.88
56382.06
40171.23
31314.34
68157.45
62906.21
10171.00
39267.36
84959.10
18809.70
42069.25
67822.92
57225.68
74958.80
16209.76
43389.36
33749.46
1859.95
5926.40
4460.80
69303.10
19507.80
16337.30
47886.75
37481.20
55206.14
30063.52
9210.10
33497.10
44224.40
64484.71
48592.96
42606.98
82901.42
52240.30
18713.89
50184.00
55962.88
76625.55
6942.35
7222.65
60894.05
58707.16
8499.00
47491.20
24966.80
41584.33
56460.96
37674.30
7855.47
8764.25
56479.50
39584.84
2807.00
13564.40
32403.00
45505.92
22283.52
35678.40
42042.16
5285.64
57390.84
32306.34
29102.56
31295.93
31258.50
43438.08
46160.96
37925.82
70714.40
45434.79
15793.65
54937.60
7862.40
4556.92
28397.21
59991.03
12531.53
10946.70
14144.94
37209.06
60968.86
43778.40
27469.96
14262.12
22435.53
1455.55
22578.57
34636.75
35319.70
4015.29
13238.28
51379.93
4621.00
55962.88
39578.00
3925.20
80532.96
60413.58
40141.87
41826.20
11236.00
28944.32
83093.22
25352.75
43292.25
46389.00
13388.22
31889.04
46501.00
6706.35
59553.90
16607.50
20149.60
53040.61
52681.04
37524.48
52077.48
11804.48
34037.06
51155.50
42487.44
43750.08
39003.51
40056.38
35940.57
52695.68
46935.98
51879.35
9800.70
26266.93
2520.70
1890.08
32118.58
16532.85
60479.36
49571.34
14335.20
65003.64
68122.50
3703.88
16814.36
25418.88
10378.92
23859.50
36739.00
37119.00
85005.24
55036.08
52339.84
35781.44
11444.16
7227.65
10099.98
14115.00
56851.83
47024.25
46576.31
17137.70
63340.64
50817.20
54272.40
32626.65
79631.58
14835.84
31450.16
10659.66
35716.59
29713.11
28951.80
24491.61
29291.24
29294.72
18003.92
15280.64
30622.66
36140.06
54341.81
50536.61
85940.50
46488.87
44366.19
34876.80
22884.15
53799.33
2658.84
29932.50
43305.64
9719.36
5982.54
2314.48
49072.89
18499.47
57273.84
1359.45
36623.78
24306.20
18669.23
39651.12
24180.52
75931.80
44126.69
12701.91
18339.20
9239.65
50555.50
24869.67
40074.88
52838.24
31144.34
44686.80
5265.75
2230.40
25351.82
45211.60
44213.69
6294.64
81157.44
39616.75
46535.85
24281.25
41496.10
37461.27
56024.86
3006.27
1715.81
62373.22
29641.50
28101.92
17985.11
7968.72
19236.21
29367.16
35650.28
7678.10
32835.84
51803.08
64183.68
14839.60
31065.36
43252.36
16462.68
8823.42
51886.38
55014.96
22440.48
46051.30
4468.74
25506.74
41110.47
43447.62
4456.80
33824.70
81367.56
7063.62
7844.40
37840.50
29698.24
8749.20
21751.20
2700.88
52289.76
8258.75
42706.88
26173.71
25911.54
9628.14
4240.60
48276.36
36758.60
25844.56
18400.36
32864.65
57461.20
2186.36
23672.33
28422.68
16257.10
41842.01
13920.30
25317.00
72356.00
21342.49
12589.36
23669.76
44820.36
67447.03
19857.60
44571.75
20001.12
6892.30
48995.52
28441.20
11203.92
19060.30
48611.92
37011.52
59429.37
40123.60
14695.36
31954.02
9514.24
39693.86
17258.20
50326.92
13950.30
24201.60
57264.48
83437.20
15412.56
54925.42
58062.50
49191.84
3791.98
8929.35
18679.60
73517.40
43354.31
69769.92
47734.66
50577.72
61847.52
72841.95
55499.20
4849.20
14964.84
51415.68
61385.20
66407.04
36956.44
41777.78
57638.49
20074.12
89902.08
87606.12
3102.36
12243.10
53252.55
5634.18
25269.09
38436.65
43982.72
16137.00
10735.41
12437.12
29757.00
71762.95
22181.76
15725.08
80735.50
18180.14
35898.06
7496.24
77182.00
37619.40
29747.74
43353.19
59655.18
21022.35
49515.84
59086.22
15601.12
31380.98
28543.05
34129.44
20966.40
29056.25
43821.84
60415.04
28416.06
74967.12
1253.34
16913.93
56065.86
1882.97
28811.43
40532.52
18360.20
29866.45
30888.99
68003.28
44091.96
9147.72
25302.50
52681.04
24751.87
43110.82
69116.57
13144.95
81715.95
69156.58
37433.00
25587.40
42684.98
49583.04
51428.35
44078.97
45456.32
62994.24
46628.40
30860.76
51303.12
60418.26
11236.00
74705.89
19496.09
67054.54
72172.80
7099.48
5922.28
40446.90
