38934.17
23042.65
17378.30
37175.16
80666.71
40264.64
10091.00
16135.92
8717.31
42045.60
76093.54
5390.80
70970.76
38190.50
23623.76
5055.50
60788.86
37375.52
39290.16
28019.52
4845.20
25801.02
86379.65
18488.16
6853.49
42345.72
30831.35
13552.84
47202.00
2320.50
60014.50
6349.00
47390.10
14982.84
73029.00
5210.49
28951.20
54970.50
22763.76
54885.96
42083.55
10521.40
20954.89
40550.29
18371.84
19941.80
50029.65
35216.28
12043.00
46699.00
32868.00
62247.27
7421.05
2166.36
79137.66
8465.10
14672.00
43065.60
33082.56
34030.11
907.00
43671.00
19208.88
2468.66
27064.62
26517.90
10707.34
27569.97
28477.92
37552.68
62982.78
21888.00
35188.48
18349.30
35738.36
40995.00
71405.88
42760.62
83632.71
35590.59
9399.90
14415.21
13606.32
19001.71
60319.35
38565.71
57452.52
36583.36
79571.72
58913.40
36638.88
10555.28
66994.59
33916.40
32508.00
53003.04
70298.88
39101.70
4945.40
73491.55
33192.36
47813.22
42495.00
36374.40
47235.84
31947.48
17939.18
24400.61
17074.33
36782.88
84058.20
4196.56
47373.69
63268.00
2925.10
3012.30
62523.62
90941.55
70809.82
39775.86
26452.56
35756.95
65635.03
32014.80
74698.31
37696.68
38495.18
18233.46
57810.92
21854.56
28944.61
5581.96
57853.74
85251.67
74056.49
60585.36
33936.25
21938.25
61745.60
51973.08
6895.56
17271.00
1444.53
5586.05
70003.80
45077.70
70354.00
79984.50
38540.75
50773.44
20802.60
62892.23
83247.30
26547.90
7231.80
15486.80
40615.92
23082.66
38889.92
37461.69
50325.12
52128.12
71619.68
45897.72
11172.10
18794.52
77136.84
45288.00
65638.08
39500.37
50720.99
23813.46
41183.12
25696.36
46549.20
19281.00
74382.72
25142.46
47301.24
5001.36
3077.24
6781.32
23817.28
4735.15
50246.82
10769.34
17929.62
42846.87
32262.72
14676.48
73076.80
18274.50
70156.71
23433.27
36803.00
7558.00
13977.08
40326.93
29570.13
58702.40
66421.00
16005.36
80101.77
66118.09
25782.37
35699.62
71191.44
51935.60
37137.69
1395.48
38646.65
45408.30
82932.94
32675.52
69844.32
21607.95
10640.43
67479.28
17442.19
57140.80
25380.60
25995.36
30854.78
68929.15
3740.08
27749.10
77591.42
11142.10
21603.40
83367.84
32515.20
13460.22
58974.08
32759.10
46273.32
41188.77
6895.44
56512.28
48040.03
19621.40
75889.80
85139.50
5300.55
32560.20
7117.55
41367.33
35759.52
41496.10
65681.07
17739.70
44795.85
42045.78
28397.21
55901.45
11457.11
45040.26
30933.60
62590.44
40960.01
3533.72
55966.20
35446.99
39176.16
79328.25
12621.36
13710.00
59017.88
19371.06
33083.28
44879.68
47623.95
19688.76
46969.50
5025.45
43413.76
52388.28
34478.20
27485.48
42530.24
8388.18
92609.02
1829.92
43983.04
75830.50
23385.20
18245.37
9829.62
43219.74
17518.50
57579.39
7223.60
85454.55
38615.75
10865.46
41228.22
26404.35
66715.65
33817.53
1725.82
20021.60
27822.00
48596.17
15865.08
25447.40
16898.40
31962.32
15361.39
12333.20
1748.84
28654.08
35174.16
51535.80
15127.84
85990.50
24866.91
89694.00
6391.85
1748.84
65288.58
1842.94
45313.92
7162.60
9712.53
65515.66
13148.08
46274.88
32338.56
25310.60
15632.10
29647.92
5786.16
33915.11
89994.50
46198.50
25935.54
66408.11
58042.05
39003.51
77697.83
72080.61
1175.27
10867.60
2582.76
45369.28
18980.40
29047.93
18226.72
41830.88
27549.12
73904.61
72538.05
1684.78
24074.16
39374.37
36669.30
38802.18
74276.66
21323.78
51898.12
31380.75
50484.07
14295.36
4856.13
7135.68
71726.00
21831.36
6523.02
49079.52
37335.60
35388.49
18259.10
63282.60
7559.92
73241.28
35485.68
18890.25
30792.60
7576.32
44299.73
61929.56
41161.89
11457.11
64352.94
28624.09
14100.45
14940.12
38582.18
47929.75
72155.44
60365.86
60006.57
59231.04
37450.02
20977.20
63288.83
4108.38
13750.48
7427.76
5573.85
15713.72
44526.30
40845.01
50381.64
32013.80
20943.89
52414.88
1318.41
40526.07
58434.38
30873.12
72316.32
33160.50
41707.14
26363.84
27287.26
37039.25
6991.32
21611.52
1602.69
19201.00
8724.38
42111.95
32134.25
41262.40
25707.60
49553.55
25887.15
64553.85
5441.80
24166.35
3339.63
45848.00
78514.56
84406.32
23749.38
10635.36
18775.92
32231.83
38390.50
22310.80
54596.09
55805.28
32616.76
42180.39
41604.70
51607.56
31380.75
69103.35
68868.15
48574.96
33270.42
33299.07
21583.40
50747.20
84088.50
75054.76
32655.70
38701.53
7417.92
69905.96
63603.76
6752.20
11088.12
51732.78
49466.08
46564.70
32726.76
43508.50
17646.85
54431.84
22748.84
21191.10
70298.36
63661.85
11811.60
41029.47
67521.67
31295.22
46128.90
41195.22
27951.90
25316.70
56168.90
65436.07
45489.06
57767.49
44507.88
75584.16
39102.48
67336.67
46348.50
29351.20
39575.58
9394.85
9193.92
42566.00
29470.88
76230.50
61015.02
68269.85
53048.16
70106.40
44242.69
64352.94
45072.72
42917.08
25981.55
51134.80
61965.27
82799.22
41736.24
45815.98
68336.78
46734.60
28226.80
9985.57
13522.52
42530.24
20601.60
53808.50
45570.06
45029.05
1196.29
25561.03
34542.00
39815.58
7211.60
51495.99
44783.68
38093.40
6997.56
9768.43
68022.50
13830.74
58913.40
50340.64
22504.00
14695.44
71135.24
49733.60
13027.08
38531.10
20161.05
5320.80
70386.73
89565.60
45880.96
40433.40
29593.72
78005.88
33984.11
75704.04
4660.10
19338.54
19721.79
73829.70
62180.60
62818.23
36423.36
22058.15
11540.32
71980.32
41513.94
70292.96
30507.75
57391.74
10672.34
62595.86
33971.91
65693.95
40280.10
80124.18
32864.65
1760.85
8268.89
24460.80
3920.28
11892.80
56907.84
36801.60
53336.32
57825.51
56019.60
38793.60
79433.50
68472.20
38541.23
58125.56
11252.20
33341.62
3635.82
18487.56
30569.94
22920.66
25816.28
74719.20
52215.04
7140.77
6943.28
36580.50
3805.98
32771.34
47668.32
75716.55
16977.80
60597.84
17614.21
34212.24
65961.54
29586.74
4789.16
53858.00
80031.60
15955.16
1709.80
20055.78
71093.88
67351.20
73724.91
9514.24
36549.30
6799.16
58806.69
34602.33
59599.19
21225.36
51520.93
31911.88
1310.40
52615.20
27268.65
80886.26
38927.00
47219.48
22574.64
46731.98
59498.64
4156.44
30032.25
71875.60
1667.75
52662.49
34216.20
46778.04
71656.67
22584.40
1123.22
38611.71
34057.44
16307.70
44587.60
17682.72
3588.87
18011.24
16713.15
46008.90
73079.28
14316.12
15856.74
74246.90
16325.19
66341.92
91199.52
64792.64
8946.72
19671.00
16193.60
47602.00
4600.89
1968.16
36164.61
29185.77
24721.90
11632.25
38726.71
44387.10
17553.90
57741.20
24586.08
16150.68
58663.50
42949.88
43477.30
10481.40
23660.00
2905.10
24205.50
4991.28
57621.20
74942.12
9730.48
3053.24
62829.96
17238.36
9910.80
22992.66
80004.15
68526.01
71605.90
6763.32
64244.04
57916.25
38364.26
57120.12
5517.88
5906.28
37202.12
33893.86
51468.94
41597.01
26717.04
71314.80
56385.90
15231.92
55075.34
56362.25
52700.58
44127.88
38506.65
4730.15
22682.92
42072.80
25087.79
53144.00
39617.76
34102.72
11393.94
6026.50
9369.01
2907.18
44546.97
40204.23
3615.90
53658.00
51144.00
5525.79
34466.52
32456.84
50213.96
29645.98
25663.20
8096.88
51428.40
41327.55
77599.83
45120.24
22847.88
37240.30
25745.72
51625.80
84913.24
16897.80
30530.66
81459.56
29038.56
33327.84
48112.20
57875.76
42484.88
50994.90
19551.63
2873.06
24482.64
47484.69
31363.81
45648.00
30480.56
13346.41
27403.80
14986.95
49828.70
15652.80
74362.89
45028.74
44759.88
60479.07
53087.72
32668.20
18974.52
25274.72
7135.48
49845.49
27229.50
20308.05
25143.09
62319.62
15976.90
45092.85
52312.58
49739.43
54338.00
47402.00
12885.60
33707.65
30102.86
74479.49
47523.52
24820.91
22451.66
46818.32
31191.75
71980.32
15586.95
59165.37
31809.00
65733.16
59616.18
29381.75
24025.80
29581.75
21277.49
60923.66
6030.60
8689.31
43787.16
54662.52
64611.37
31815.00
47650.95
59020.73
31569.30
1250.34
88488.61
53516.76
8244.09
30372.20
22805.51
30932.60
47447.25
54574.52
18195.68
34302.45
80248.77
22515.36
36558.96
17529.72
59920.32
9054.50
39634.28
48165.15
11100.10
55012.91
26993.68
1916.10
9460.15
52305.86
29290.97
32248.83
7056.70
18049.35
26122.71
19791.15
32487.00
42382.20
15823.08
1161.25
9316.17
931.02
43123.90
34929.44
74558.40
30160.76
34036.25
30472.20
54597.30
46480.50
81586.00
10298.16
29567.98
26509.35
1322.41
50483.10
60499.80
68796.68
52786.49
71769.60
34960.38
10504.13
3311.48
6014.40
22794.84
20811.78
74166.89
50048.49
68771.01
63735.76
10714.41
40315.32
14854.84
68615.64
51373.76
51935.52
21370.86
16014.51
87323.18
55308.14
49773.68
54108.42
23305.00
58167.20
30454.06
13720.74
31534.20
33908.91
48246.45
25765.37
7119.70
23560.96
45808.64
21879.36
45175.22
4729.08
30624.66
45986.40
50569.92
46961.92
43604.40
27262.98
30207.68
23411.30
5671.10
17783.81
30356.13
25503.50
4687.95
32021.80
6552.00
14605.50
19080.80
9258.00
25847.60
49700.04
37677.96
38738.70
28162.42
40072.23
7414.05
48144.66
46110.29
24574.18
69211.60
32572.54
13982.72
34957.20
15748.80
52022.72
30668.00
2898.15
8324.88
41612.80
77949.90
44987.60
31654.20
75595.38
42436.35
9224.70
41330.94
57300.48
18564.00
7111.62
25677.36
60665.50
10895.40
44368.00
20056.05
49031.77
66799.20
56125.16
49148.44
7973.45
1908.08
27013.35
7012.45
10517.04
3527.70
2302.48
30612.78
17074.20
57078.18
53408.94
20314.04
1930.10
16767.70
11622.42
40019.32
24310.65
4292.68
23437.57
11583.25
32362.56
28567.32
48728.89
12962.17
9271.08
22574.64
31573.40
14544.00
39245.36
10775.61
41534.10
