46110.60
5714.97
66983.52
48604.11
23125.08
9267.84
17518.38
14820.57
31910.32
50713.72
6036.60
6606.96
39275.60
49297.15
83191.71
3455.64
27774.00
48953.50
24595.95
15408.51
12949.58
57740.90
32895.65
16308.00
30203.92
45991.53
31210.81
38312.56
24014.99
4513.77
74197.49
57315.39
20668.67
51925.38
47511.24
24470.46
15713.12
44987.60
1626.72
81760.50
71053.44
3297.57
59594.70
32227.02
6336.90
24745.41
10491.28
54867.60
21051.61
3745.02
72359.26
5150.43
70145.34
60209.24
47506.56
72196.00
65588.60
87793.65
15712.80
93898.50
55351.34
41987.88
3655.84
68738.20
47983.98
46527.64
44328.00
52507.49
3215.40
4306.59
49863.04
31894.29
10574.20
3697.88
55308.48
37450.02
67447.03
79758.28
19001.00
69844.32
38053.14
61113.78
41384.85
9904.44
8384.88
57909.72
64553.09
43607.77
57265.32
53949.24
91579.04
3848.24
11644.40
53649.64
75959.60
10799.34
22536.00
19064.70
85281.24
11442.24
3797.98
47343.24
47523.84
35374.08
18259.95
60255.36
24553.76
11162.10
79633.42
54875.63
21382.72
60354.36
94098.50
31383.06
35129.86
21641.75
42886.44
48489.87
39372.30
42285.12
51600.45
54188.35
46160.96
52571.86
31046.76
73967.85
39873.90
1267.36
16199.01
24387.61
14439.48
28270.20
5399.67
14871.96
10604.55
18906.52
33535.40
10742.34
11235.92
68624.01
47755.46
48272.76
9226.00
31713.66
10648.66
5796.36
69994.06
18299.20
9540.50
63319.20
33519.42
35163.70
30902.58
39831.86
28405.75
29310.72
49351.91
33306.00
25525.17
7187.56
47387.22
9271.08
54297.00
72777.00
54840.48
7007.36
66805.65
12901.60
71040.15
10911.80
74334.24
48624.03
39223.60
45291.18
9426.16
58834.71
27629.12
80020.85
25605.51
7561.19
66220.14
57937.76
54669.96
5774.12
24530.61
34044.24
21879.36
58662.40
36669.60
2811.09
39723.20
42957.12
22610.61
67439.40
46295.78
24286.00
4600.05
10471.40
48298.03
38706.12
54202.56
28275.03
17172.90
67271.50
61244.40
58628.35
13327.93
5438.70
13174.42
18571.68
45680.64
37048.32
13224.10
82587.00
32689.65
5611.05
52381.42
12181.39
21143.10
63740.24
8483.95
65189.08
12365.04
50759.19
31218.18
34939.67
18369.20
9397.08
40679.72
31283.50
41168.10
47123.31
64691.25
3313.48
44004.81
41801.64
34929.18
48646.50
1320.41
8721.24
13826.88
44869.05
2242.42
20662.08
59108.40
32134.80
4859.13
39432.90
20210.45
31261.81
5778.36
74796.54
5589.96
71054.49
33761.86
34650.99
82794.94
37115.10
41203.20
66715.65
22875.25
46216.72
45136.00
55262.46
53635.62
40017.25
8570.17
31186.32
48297.34
29031.87
5410.85
2802.06
28275.24
26095.74
13504.40
3575.76
63571.20
18484.00
66252.81
9161.92
50013.60
36889.25
45406.14
69916.26
45696.96
64508.40
36921.42
69633.20
7255.80
53480.40
46080.44
46615.92
3948.32
10271.20
26151.44
14407.68
33911.46
80635.05
24475.68
10451.34
16528.49
18088.76
7287.75
33892.00
72477.00
36856.56
27034.98
36803.48
3625.80
3803.98
8316.18
18362.63
90194.50
46143.78
28181.75
14091.24
55081.04
33188.16
20657.67
1104.20
70781.97
26818.50
18307.98
2480.66
14761.20
19520.67
30753.30
43876.56
32974.56
33805.08
33415.20
2184.36
48098.68
51798.78
35178.00
13104.08
14544.00
17238.60
55190.96
37070.25
84489.00
9162.99
38233.89
2262.46
4303.59
45744.62
35315.28
42009.63
33729.63
73476.80
59336.53
10307.92
9722.48
12751.75
21482.46
91824.04
20350.22
14307.36
37012.32
19316.40
34683.74
48957.22
35763.00
13753.74
69069.32
2796.96
3341.52
53180.62
10271.07
4204.56
51703.23
10325.16
4955.40
60081.84
15001.35
20466.75
32191.56
59349.14
3223.40
24014.99
60565.00
21963.80
58930.69
5896.35
12613.68
10661.50
59528.37
28731.00
10221.10
29522.10
17238.36
14575.96
68792.40
50447.65
22464.72
18739.70
17090.91
13152.79
6717.15
90895.00
56347.52
28675.62
16869.82
64327.32
16127.55
10439.44
14835.80
58943.02
69674.00
33541.64
21094.20
26319.58
40154.32
19201.00
18794.02
59373.45
14225.20
4351.62
33228.72
3003.27
20965.10
46796.40
24073.74
19534.57
43366.20
54892.09
28573.09
6842.30
33684.53
14983.68
66252.81
35484.85
17651.04
9706.26
18831.02
86674.14
55120.52
68312.00
5373.76
25507.40
73277.50
43176.30
47571.20
42648.87
18531.76
66448.38
21170.10
42326.95
43877.70
71468.67
62002.15
87041.18
37131.16
5231.52
62562.72
10721.34
4900.35
37003.33
32122.32
5498.76
18909.02
33929.00
1268.36
34479.74
40809.86
27266.19
7429.98
53660.88
63572.11
84913.24
42185.15
8120.64
38212.82
21582.82
45451.82
3655.84
12038.67
46999.04
41835.78
1891.98
44888.64
22235.28
23605.20
25481.50
2014.20
43783.96
63376.68
48574.96
71980.02
69778.80
62080.94
77612.18
5951.40
84084.32
43679.16
18297.95
51400.35
38092.60
13971.00
34055.80
48900.89
47211.30
1950.14
29191.00
4052.44
60255.04
75959.60
10354.86
5497.88
40393.20
75995.10
28434.06
4008.36
70003.26
44711.04
33868.88
40650.96
1594.68
56493.06
33860.40
78383.00
73680.02
2706.90
40675.28
7507.95
26975.43
22213.52
37690.50
79238.25
32506.20
15696.94
47098.70
6944.56
29117.77
26543.86
56003.20
62526.60
37440.46
49245.32
9574.14
4837.20
20548.66
63594.08
2592.76
65670.00
65970.50
11243.82
81867.73
15328.80
64976.04
61094.26
44772.00
66683.92
11788.56
8257.04
29172.28
27146.21
23229.82
4195.47
25813.35
25718.83
9660.60
45912.36
42245.60
6673.20
48995.52
71307.18
28021.13
50919.00
9971.64
55528.20
40490.52
9590.50
83271.84
71675.20
42544.75
9534.95
20726.24
27199.26
22368.13
70194.00
45928.61
16163.42
23660.00
35297.20
28317.75
24242.40
24357.62
1041.14
66777.11
28432.36
9928.50
12974.04
37744.08
26404.56
16247.20
51134.80
7864.56
52492.44
65108.40
61811.19
79151.16
33730.72
44469.88
55990.16
76481.00
16685.76
18488.14
7799.47
4769.04
28379.70
42255.00
58859.98
6376.85
24399.62
14535.51
25046.40
7386.05
72616.95
14351.54
10829.40
9630.50
71835.20
23109.45
41291.10
11772.70
62211.60
49682.85
64508.85
45555.51
91775.04
47666.56
46326.14
3531.81
68184.16
31585.15
2578.76
15793.65
31258.50
67968.22
47230.40
38170.80
39926.12
5798.16
73277.50
77325.18
53852.05
24072.18
42525.62
60185.94
43606.80
32430.03
9153.84
20574.84
14392.40
16046.90
37581.61
15200.38
46162.16
79956.48
11239.90
70488.10
16814.36
36943.48
79608.13
70193.60
25267.00
58757.01
36631.64
10438.98
20643.10
32037.66
51350.40
40945.86
1518.61
15086.00
5030.45
23790.00
29455.68
28189.74
30458.56
73398.02
30596.22
31981.04
5240.52
37165.26
21062.56
33776.75
41191.47
43061.20
78226.28
26103.25
14775.44
13445.41
51633.13
68008.75
28870.80
5946.40
17673.70
33635.40
17643.90
5340.80
14588.73
54727.75
13382.52
42573.76
69978.80
49293.91
47348.88
51407.86
47336.94
57621.20
46585.02
60236.68
30200.40
76881.12
65205.46
74350.32
6959.32
14280.12
50417.64
15046.35
71097.18
23112.48
65589.30
31685.41
69359.50
4600.10
15922.94
28130.58
79365.79
33218.64
22163.28
23623.76
20460.66
92497.00
28091.70
3521.70
14835.84
21980.14
3385.56
2406.58
33497.42
26677.56
23164.31
3739.92
57312.84
45647.76
27661.70
62829.62
32931.84
34246.30
10775.61
57084.06
9080.00
54969.91
29907.25
12973.90
50411.46
38562.00
36960.68
32218.56
64422.54
3934.20
25996.08
34605.41
84683.24
26168.00
18379.44
33547.27
11684.40
6733.26
30920.58
55257.90
6394.72
60513.96
10352.16
29218.28
7201.80
30573.30
17779.05
85634.55
23695.20
14645.60
36706.96
53145.12
70229.25
81630.54
37164.50
27389.52
15596.50
54729.80
52741.17
33320.07
65580.78
59266.70
20091.78
3123.39
36152.48
21847.98
40390.24
12784.86
60838.68
56188.86
2745.00
23464.80
59410.53
59189.45
7456.05
26716.16
66550.00
35066.03
67415.52
30089.73
16848.36
31257.36
34309.40
23124.99
6214.56
47164.41
63646.64
9216.99
20632.05
42488.82
2947.12
57645.39
1882.97
12036.72
30465.60
21505.69
65436.07
12135.96
17682.21
43415.19
37356.27
2987.16
54431.35
71115.36
34496.40
17442.48
16892.07
26650.89
71282.82
39473.52
43011.88
66334.40
7933.35
40430.55
40568.78
4090.35
2873.06
8372.88
54921.96
16054.92
44679.04
62760.65
54892.52
70995.15
65588.76
69521.89
42829.36
27283.65
16892.64
26572.00
13863.85
5778.16
17202.24
49869.70
23416.99
70703.49
1862.04
38140.80
70703.10
51096.04
15514.80
79856.04
4471.74
80094.15
46995.36
55655.45
56804.27
47200.91
47721.66
45339.36
22144.00
41583.36
22431.36
12937.77
11760.96
41522.33
44224.40
36258.20
68060.22
1734.82
7264.00
3756.12
71691.84
1118.21
14671.44
59923.55
58390.56
58422.00
51190.08
24556.74
41711.78
16415.19
67322.00
10757.34
35468.40
37798.61
6294.68
15176.10
42125.12
6481.08
81493.92
19567.46
38019.80
57084.48
7952.46
73713.08
30303.84
51894.60
37740.00
46678.14
1213.30
33805.08
43102.08
42780.92
22559.64
24092.04
92847.00
28759.05
9200.87
13739.49
14263.47
31144.00
51894.60
36310.17
44442.30
91946.50
30785.60
42069.25
5402.67
68154.24
58029.23
24649.04
3279.54
53656.64
29056.50
18121.32
15953.44
3772.05
65109.12
58892.16
35607.39
65679.75
5558.82
18271.80
76792.41
5922.48
45521.84
33075.00
66521.00
45921.33
14559.28
33211.96
34602.54
32408.31
4054.32
43732.17
51859.08
55070.71
77409.60
53681.76
68820.50
51260.37
4258.53
53213.55
1031.12
44553.59
14519.28
9250.00
3015.20
15508.56
7490.04
15081.93
23281.08
17358.48
39042.51
8307.09
9568.14
48725.28
19460.85
63077.23
2524.70
2520.70
1528.62
20319.76
62467.00
25442.60
