48273.68
12469.56
33874.53
40932.71
46731.64
21527.04
14442.21
2408.58
7628.16
36968.00
51115.66
5048.31
46221.30
17974.76
35330.99
56632.94
63337.50
54781.46
4272.64
25203.86
8280.09
3387.66
29655.74
88876.06
66376.09
18489.40
78097.88
57373.92
62517.00
17463.75
37840.50
57481.20
56963.18
66950.30
82524.48
48996.44
12957.68
44621.88
3355.54
15777.28
51604.35
21004.10
29615.04
61012.44
23991.99
52198.77
8937.81
41271.34
40839.71
47250.80
32437.36
66986.10
44160.48
18682.02
78196.25
1798.89
60103.84
51083.73
32441.64
31821.48
26020.71
1884.98
45271.79
41793.78
32225.10
35776.43
30692.40
8228.76
32416.02
28454.36
61104.80
23364.75
26939.56
57039.84
33982.08
14911.60
25601.36
84663.18
11556.72
28396.00
1705.80
33876.60
47900.46
47937.98
42646.00
32222.58
39562.56
54207.00
61975.60
56922.45
41684.40
7582.19
5836.30
18019.50
24127.74
21342.49
2919.10
65251.46
61355.70
5842.20
22838.31
36959.26
61559.75
1108.20
27150.00
21334.88
41455.10
15866.80
42878.53
3024.30
5183.46
19963.90
53737.64
30630.48
60849.69
90450.57
42317.12
53592.62
1622.71
18050.76
36327.60
1066.16
50675.79
30357.50
1024.11
19244.88
60168.24
65276.78
42352.80
18794.52
64596.08
83555.56
33799.88
13033.72
24197.25
91726.04
34268.30
47709.48
59114.70
13166.79
38349.89
78973.30
47670.06
47436.17
9151.80
7497.95
39947.09
26443.84
1270.36
81715.50
53780.98
17542.72
22038.46
31755.32
74898.69
2270.46
50137.38
45782.36
3105.28
24938.46
15628.68
24802.00
37191.69
44110.32
48051.60
11947.98
50363.82
55390.32
43739.96
70454.70
5060.50
22794.15
27643.95
42701.57
15001.35
58736.16
19556.64
20122.00
1702.80
52410.50
46634.04
9474.24
15112.20
25765.37
1845.93
8865.60
3639.90
27694.16
71751.68
49681.20
56110.50
43214.08
14337.40
34127.82
7442.90
33635.40
61588.80
53721.33
16117.36
42632.88
38266.48
32369.36
34272.72
6747.20
43099.47
43240.94
82104.02
7658.10
17364.76
30969.12
14766.73
42165.63
11837.76
12923.90
14935.68
30788.78
54272.40
23040.22
32465.40
24665.90
22508.85
62021.16
48320.36
50677.20
46530.40
70880.46
60140.90
50169.38
36976.32
46420.92
13768.95
78022.35
80063.85
6589.14
43778.73
26528.20
51984.60
34199.20
40722.29
40302.24
33636.75
11874.69
52687.76
34957.50
35533.68
18427.56
37092.10
39065.04
10851.70
31083.90
12207.39
12001.08
27251.64
79245.99
23740.05
14245.20
59632.90
49262.54
3755.94
41365.20
36140.94
62002.15
11204.83
27390.30
28148.00
1633.72
27373.80
58472.55
20041.01
40994.52
34489.12
45875.29
78178.56
3680.04
30805.32
62225.45
45445.14
33170.96
18598.58
44023.84
20451.75
26186.16
3131.30
56057.16
43002.36
6176.65
10090.80
67901.82
35738.76
6354.90
20531.84
1469.56
49949.28
15664.80
20976.23
20574.84
67911.60
30080.96
1552.65
26394.88
34036.25
28035.83
22019.16
38019.80
46546.50
34564.92
61929.56
66417.84
92511.02
3547.72
36683.64
24536.22
38640.47
78877.80
49972.80
9451.26
47744.06
29246.56
34628.80
16319.55
24827.00
58112.50
60123.84
25102.25
87088.18
15484.56
21654.75
39282.80
76256.64
26139.52
16027.83
21147.36
5592.12
5502.06
7890.54
72988.86
10899.60
66388.14
33531.75
36008.70
17926.92
36495.37
34786.26
29358.72
6102.66
11262.06
26540.00
48246.45
68373.00
41623.78
2987.16
5021.40
15135.38
24409.92
41708.48
42837.12
7533.00
24708.04
70224.52
54111.09
36231.78
43630.72
45299.79
1747.84
6562.00
59383.20
62961.15
41543.75
11102.00
12953.90
81265.05
23945.44
33624.18
15676.80
20206.23
9334.17
28632.24
43151.25
17387.48
63658.68
18722.52
30351.17
59103.84
62330.22
51294.00
18151.20
34542.00
29263.44
54307.40
28686.72
31534.15
36215.44
37519.61
68910.66
24952.25
43811.88
32108.80
7224.00
32935.00
6721.26
45540.62
21814.92
27791.82
20234.76
73209.55
18725.10
5075.34
10805.48
35036.38
70792.10
31295.93
11375.43
3033.22
44010.69
33082.74
41023.80
52363.44
50532.99
983.08
34788.51
77266.27
42019.50
13280.30
4620.05
27485.48
75514.90
81177.36
1166.25
15181.50
69518.53
34766.80
19102.30
32387.20
33646.34
19172.64
35244.05
35137.25
63910.47
19686.15
71179.24
5141.48
43442.74
32672.97
21615.75
25189.37
54056.31
53143.44
47945.17
35204.26
44742.95
75763.80
1623.72
17694.72
30599.66
52812.76
49903.49
70782.46
50424.74
59983.00
19436.52
26047.80
64607.90
32286.32
41327.22
67300.03
64147.95
30734.55
36709.90
15785.90
18400.36
48678.03
17829.11
47540.40
68923.50
80722.64
36536.43
49494.90
38081.60
46248.50
42318.21
65225.82
50629.36
51999.90
73125.28
39967.00
30749.32
3799.08
28494.72
24752.00
48435.84
43477.30
44997.25
35940.57
14672.16
41860.00
71498.25
37143.36
49408.92
4985.45
29494.74
56620.40
6114.48
10891.60
17714.90
1251.35
36102.18
7095.44
70914.80
41462.85
56219.67
50861.36
51378.99
36815.87
45819.84
62706.86
23127.65
44040.36
27441.96
42157.12
20436.75
9339.90
35494.40
24337.45
11516.24
36498.40
44254.56
46790.54
33367.62
48741.30
31668.44
46537.92
67875.72
76134.95
13397.22
23794.46
5285.75
75179.50
52631.36
3087.36
35708.40
65658.95
10727.28
77301.45
35763.39
58249.62
7463.12
7940.46
2316.50
53912.96
15328.28
7544.32
50502.72
61099.74
51204.45
35985.62
72313.62
49221.90
18554.58
69310.50
33753.65
21036.80
11370.15
28770.32
52667.16
89293.50
46143.78
14348.29
4905.35
4592.92
3187.36
51350.40
75671.64
47029.80
28285.60
24939.12
3229.40
52284.90
5734.12
21022.26
24037.99
45633.72
25170.46
39796.12
49678.11
3139.32
25305.28
34966.11
26404.35
80172.13
23608.96
5138.40
75539.87
48411.15
24530.64
21329.49
36907.26
64748.40
33677.49
39336.92
18729.60
60262.64
26412.05
38989.44
70480.73
57792.86
32374.23
66390.00
28787.20
48093.34
20325.76
81772.01
20239.23
27732.24
67292.68
36215.52
21323.95
36123.06
63151.20
79168.74
27959.64
43035.60
53838.33
39732.00
52966.24
38489.76
38272.77
33675.40
30976.35
17771.04
11737.39
45500.00
36558.96
92847.50
35814.72
29041.80
9126.90
15244.32
19941.44
42545.90
50648.12
37990.02
30152.70
12269.04
36887.48
11330.97
18289.65
52040.13
2957.12
29586.51
47960.70
5150.60
1608.70
23073.18
32362.02
18752.89
49915.80
30691.89
72941.28
87841.12
31176.18
3672.93
56411.00
70640.10
22127.28
47652.25
35719.75
15724.72
49048.20
32515.83
50743.20
51630.04
60889.92
24491.46
90545.00
13451.31
46974.25
47299.68
51339.60
4009.29
54493.35
33497.64
53726.40
33341.28
54578.00
15907.22
77124.96
26938.62
20109.78
5453.73
20485.04
9873.57
41337.34
38436.65
18500.20
62266.50
46388.72
36934.56
42849.24
46670.05
74430.72
29888.16
1882.97
24253.92
48398.44
26616.22
23319.75
64735.66
52055.60
39312.50
74094.72
33016.04
62781.23
47974.43
33552.72
44003.16
33496.75
7752.48
17795.20
39978.00
37329.16
48599.46
59311.48
48298.03
43836.69
75129.50
17802.98
34330.66
59616.18
47322.92
25186.69
59390.64
62072.01
42317.33
42820.25
57820.62
81285.50
46129.72
7573.00
53438.99
60184.00
73742.85
31330.24
23606.83
22452.36
18868.52
7653.15
51020.06
40891.20
5240.70
21783.60
12027.87
29696.28
9454.90
29356.51
33315.62
31220.10
13502.16
13658.76
85300.30
12143.74
3239.42
20558.10
12263.20
10601.16
27786.24
33684.34
35934.64
1782.87
16319.42
68052.16
51325.94
26264.56
33132.19
48177.87
53415.97
26308.00
59103.36
6622.10
34981.52
2919.10
34083.72
61485.12
38418.12
12874.68
69232.58
45520.14
83079.36
11667.25
63977.20
12389.65
9229.65
5373.72
29911.80
3705.88
34308.48
40786.68
24682.08
74079.00
38691.00
18995.40
36137.01
9572.22
12437.20
10459.20
47395.66
47116.59
1890.98
1779.87
36662.88
24891.12
55258.80
33614.49
31483.65
18051.52
15570.94
3387.66
46159.96
2817.09
68869.50
52892.24
8066.58
73955.70
27196.64
15779.72
34767.03
54228.72
28910.80
15537.50
44253.12
43902.25
54177.09
7035.70
49193.55
45650.00
10851.60
35987.18
19971.66
70298.88
29022.40
84839.50
22878.05
87982.12
33707.10
14615.36
13382.40
54709.50
34536.20
49148.44
9417.96
1122.22
5264.55
21085.89
31970.88
4737.12
18609.50
1695.79
11961.60
79460.99
6382.72
53213.55
27767.67
39753.32
34559.29
90843.06
63226.80
38484.81
44202.76
35683.96
36943.48
4363.62
44976.24
65101.08
1098.19
38269.80
11590.25
70678.10
86625.14
74117.60
46930.40
79534.00
30257.50
53605.20
49569.84
45192.60
31559.44
12298.14
49508.55
37985.40
52904.16
41449.45
65799.30
22910.07
35654.40
9420.30
49301.28
54617.60
35527.96
8369.12
41285.20
11043.69
41048.28
54402.84
16087.00
58855.16
44610.30
62082.72
21334.32
10241.33
1472.56
81643.56
31650.06
28873.05
20678.08
26398.08
60357.96
43366.80
24974.88
25424.00
12245.31
8622.45
17879.57
27806.24
86442.72
65349.60
61805.52
53572.78
74418.54
8544.00
25787.83
57853.92
43922.48
56172.06
36363.60
90286.56
74812.69
88876.06
9080.00
9153.92
43629.84
54754.48
4690.15
72538.05
53299.97
16018.83
25899.94
53272.32
57601.32
47804.17
32188.27
36557.37
65761.96
34533.24
41944.00
35066.52
46951.50
3976.26
2847.12
13870.56
67783.76
29699.55
63743.97
1729.82
67267.98
22305.53
31191.75
22231.68
33303.96
17262.90
43073.88
49552.20
27905.25
56008.80
53841.24
40238.10
68280.52
10471.40
44418.60
71355.15
68112.00
54532.38
43502.40
5090.55
13244.20
17373.59
73332.91
51110.73
33341.62
79987.60
43678.80
36355.41
48531.30
30017.90
6296.75
77365.77
40513.20
46521.95
15296.20
12762.75
23214.60
28926.87
