10343.16
65067.46
18938.52
47140.32
70291.97
15196.17
18589.95
48572.40
72317.85
23919.09
75090.96
3799.05
68832.90
23697.74
22862.70
58507.54
27500.96
49804.50
7372.80
32631.09
17838.70
27610.24
65541.52
3499.68
54683.04
19028.02
74103.30
92805.51
55247.22
59495.70
39216.50
26268.20
59570.64
75559.20
48725.28
34729.24
15301.65
82234.24
54276.04
48227.07
28477.92
11345.88
37506.56
27136.80
42212.40
19644.68
49420.47
69299.52
18163.80
54688.95
1214.31
19179.74
18932.32
37099.00
51963.48
17154.48
55058.40
75841.58
42770.00
3868.14
13440.70
38882.80
15160.32
23439.53
67707.04
59948.35
5611.10
47632.69
45868.43
54058.05
31116.87
84568.80
21954.14
24846.60
75415.12
29605.14
4724.01
21106.89
15148.20
24952.84
16704.36
34286.50
24107.22
41324.16
29728.35
12413.20
8486.10
32763.96
17178.00
38485.16
22493.66
29251.80
39414.50
68658.68
19649.00
53681.94
37223.76
9105.66
24777.00
21863.60
70508.34
22938.66
21074.80
30121.62
36789.90
28335.03
36639.30
45058.30
27673.95
24517.74
17580.21
11199.21
13166.79
921.01
17947.62
27364.90
5982.54
14590.62
40674.96
1352.44
32647.44
24701.75
40813.50
4838.10
10349.99
43671.56
5501.76
45677.84
23587.52
30963.90
1754.84
67030.80
55500.90
66093.72
3613.78
74078.50
15004.20
54578.40
37299.20
30444.96
27433.07
29671.92
33003.36
17269.46
9273.84
52696.87
49853.60
63707.20
26540.00
13594.50
61361.76
31020.99
45444.75
48402.50
14383.12
6398.76
30561.60
51938.60
20809.10
33019.96
50033.76
72442.44
57306.90
68087.76
12950.14
29206.50
12950.04
8937.60
39410.94
15900.94
24975.06
56567.50
63823.76
58849.92
44338.16
37564.75
6470.84
58010.04
57052.16
36439.90
7472.90
80925.07
16370.19
48660.92
28366.36
53291.19
25976.34
64730.25
45527.76
6386.76
2506.70
59059.70
29370.96
60621.37
46854.95
9586.35
67831.60
48368.64
80589.60
31623.41
57643.32
11332.00
14879.60
4237.53
12253.32
30898.78
63165.83
24232.52
75230.00
26788.60
31982.72
18109.00
46859.60
14103.24
1673.76
30649.13
62470.45
52893.39
46867.98
80580.96
62996.15
46781.28
82701.22
31354.20
19005.00
2526.70
58513.00
42506.64
45267.68
18686.23
19026.00
91696.50
46129.60
1367.46
3357.63
12208.05
62387.62
51461.73
13526.32
30920.58
23099.31
69363.39
7159.68
66982.52
9768.43
49009.48
56329.50
81895.95
26748.40
50132.39
61265.25
69625.60
20466.90
35102.52
26535.29
29543.11
39481.26
20599.23
12188.96
45264.00
6414.80
22442.64
47894.22
16918.07
51354.04
26692.80
57244.16
57156.84
19220.55
27147.38
60647.86
26723.50
11485.18
50544.45
69733.53
23268.44
4733.01
15757.56
38872.47
62521.86
3071.26
49556.48
35687.75
78299.13
28647.36
34002.45
1532.62
41489.70
73033.28
1854.04
1876.96
38226.30
26105.71
22455.84
16142.55
36137.61
37151.33
73475.22
79325.66
12027.87
33628.72
12608.53
11822.70
72030.66
37679.60
3714.99
1255.35
1856.94
63812.16
42661.80
54484.75
4132.52
6271.70
62157.36
84779.10
35190.96
89224.59
56832.12
6723.08
53549.19
62878.83
28310.20
84568.80
11540.24
44217.25
11183.70
48272.76
21370.44
5207.46
26570.16
9976.56
50165.28
48007.84
50455.07
70625.10
12168.20
61768.80
29914.92
37461.96
46064.96
41373.36
56131.77
32142.27
69475.10
10318.33
41110.47
19663.93
17805.81
45167.70
52104.60
36711.36
30785.48
9290.20
11056.10
10071.00
1392.48
41483.96
30704.88
30382.75
77301.40
23800.20
25577.75
49739.04
34757.82
57180.16
37519.40
6346.80
67722.50
46456.29
6727.08
61024.33
17754.84
43895.16
64940.04
2560.76
67471.20
1102.19
38176.56
59431.14
26400.12
64192.06
46110.47
49830.24
8032.72
34949.76
4204.56
43754.48
9159.66
77213.40
52954.77
34020.24
63930.96
87542.00
60785.28
9598.14
50083.38
36778.17
47571.12
16367.70
12741.04
2826.12
45647.76
42285.60
42519.75
8181.00
24186.00
51526.47
44096.25
42790.02
44368.97
1569.66
41427.96
24446.20
79676.42
65926.56
14133.34
16054.83
33084.36
41835.15
4597.86
23416.80
24877.00
90303.57
50088.36
33419.76
51670.40
58636.71
57262.31
85065.30
30114.50
10283.04
41447.34
65012.40
71584.25
40082.64
30705.21
41930.20
51483.66
5670.24
39354.00
40680.90
67270.98
28405.50
59190.70
6835.38
42218.82
30139.20
38597.48
25459.03
67323.76
41118.50
30592.40
53641.70
1086.18
54425.28
37769.04
25436.74
1836.92
12872.51
14705.86
32335.70
59383.20
29425.14
40522.55
51522.13
56364.96
22332.42
6871.24
34324.62
80279.28
26988.80
43787.70
56028.00
19064.70
1446.53
29862.97
43813.17
38481.23
21702.37
50561.64
76948.96
77653.59
37305.02
47049.25
48631.80
38524.18
3111.36
36588.37
51105.12
76057.80
44736.27
82987.50
6927.40
17638.50
52109.08
35759.07
20217.23
45370.36
39600.94
27217.96
11559.33
24826.24
39498.56
28454.21
40315.32
41444.64
52450.30
26887.77
64832.88
87323.18
26362.14
39942.56
45230.64
29211.00
44747.40
2838.12
26754.75
45344.64
44507.88
24842.24
82104.48
32335.36
71468.67
24966.60
16387.30
1874.96
5758.12
29515.72
41337.34
73678.50
25511.85
17182.48
45361.92
54097.60
58262.79
53188.61
21187.50
26241.88
12047.09
44012.28
34207.06
36400.00
51774.30
81221.36
24323.25
23925.80
51638.56
72946.86
7027.62
14190.88
9194.65
16389.02
12018.78
15316.20
34392.33
3612.87
64111.32
2548.74
1438.53
17427.04
21335.04
48555.07
10036.80
13148.19
35316.13
24145.74
10550.43
50054.50
67919.72
53561.99
18048.03
57588.84
12300.31
18935.40
57853.92
10823.34
71743.90
28448.94
29448.74
43821.00
62237.34
18521.47
13250.86
8303.75
50214.72
38189.48
14519.82
43696.20
21022.23
32778.04
6982.45
78923.25
68551.85
53593.11
2963.14
3060.33
44014.72
17000.34
51043.02
9818.56
46447.78
37882.80
37159.00
18866.52
29290.97
25728.00
26496.88
13300.56
28319.55
41467.68
47948.22
27075.56
34085.12
37485.07
52414.88
47570.24
30740.40
27975.13
16831.36
56508.06
22668.30
35157.00
28872.80
69461.04
14287.04
12573.50
12583.50
33267.96
39355.26
24557.18
28591.36
67649.40
66613.05
24770.88
24567.68
63327.11
39598.16
10018.56
55720.26
38570.04
21663.60
3717.99
78335.81
12080.74
11478.33
48568.33
10586.43
33315.62
34589.24
67348.54
37289.50
50663.55
18420.40
61585.20
34623.99
56429.10
27479.75
7320.08
9418.16
2955.24
1040.13
44036.19
22073.24
33732.00
7154.77
10651.50
52558.87
61598.79
21330.54
41984.70
40122.24
87169.08
10496.34
11202.10
77991.48
5402.67
41558.54
75098.38
44655.60
14766.73
50242.01
11954.60
30576.66
26938.98
7007.45
49309.58
6602.96
38814.12
2946.21
13478.16
44431.88
18513.74
38522.00
43149.38
20083.42
59069.76
18659.33
48067.20
14884.24
8424.27
62995.16
38597.04
65828.07
21551.22
33389.10
8513.20
52830.33
20349.48
6526.88
22724.60
86634.72
33385.65
36579.96
79103.25
56680.04
30111.52
28085.82
18102.24
19265.55
30812.58
8281.04
33500.65
28527.45
41293.34
46458.62
23911.38
59349.14
32507.64
8483.95
36747.20
6306.84
36308.48
28630.40
30805.32
64123.32
21288.54
46769.60
34813.26
12675.91
60460.26
2823.00
10210.74
77281.50
59464.00
5461.80
51505.86
31747.41
90526.56
11363.94
18465.06
20881.44
30802.64
21134.36
30239.68
11262.20
60092.07
31133.50
7189.84
45890.40
27630.30
5536.00
22127.16
8780.45
19677.63
23501.99
56500.40
26251.68
15316.44
34015.80
36369.55
7119.77
10406.44
94949.50
24057.60
12054.87
64964.64
31934.51
3027.20
46425.30
8719.15
50898.34
54910.38
3102.39
8003.45
38019.14
29596.86
6614.96
26417.72
3247.42
35598.08
74782.66
15823.08
48967.52
7463.80
29975.54
41557.56
11742.70
9660.60
16874.73
50137.38
20953.00
4793.07
49376.82
926.02
9134.60
51768.74
55980.00
39818.88
49349.04
30257.79
54373.50
62195.74
25635.72
32019.66
68015.44
38204.89
32639.10
20821.97
59964.50
11478.33
34341.44
16036.92
13434.41
9496.35
59609.08
24621.87
37825.92
5060.55
29078.93
35997.80
4808.07
45521.98
3261.54
6510.84
64730.25
68751.15
6608.28
14607.72
5345.61
30760.89
1942.12
57724.49
68808.96
29312.10
32199.66
24429.45
80666.28
17230.33
19689.80
9670.60
5528.82
73908.20
79238.25
59771.94
45131.58
14223.36
16462.55
87742.50
28028.58
10739.52
30728.88
10120.11
54845.34
16576.19
38613.12
57054.90
45898.25
73318.83
11572.24
87740.16
66290.40
11865.69
6216.70
72928.44
29338.94
69822.26
56093.07
61384.80
5721.20
84823.65
24199.67
67292.68
73451.28
11351.97
38962.00
69475.10
63225.23
58126.25
19943.28
54772.66
14055.21
46879.80
13384.70
78420.34
1428.52
5240.70
48075.12
18675.69
13482.84
42190.46
67256.10
32214.83
36706.96
43838.20
49685.68
17298.60
17739.70
69810.06
5820.36
43228.88
37508.46
11748.84
30987.00
24160.18
13748.98
21682.80
12180.96
8000.72
54664.14
69065.50
8729.44
2308.48
44142.54
4603.86
41591.94
28254.80
12405.12
78696.80
41779.92
34253.82
56940.12
31780.06
39818.43
50164.78
10601.10
53912.96
3373.56
24644.62
25169.56
48814.89
24705.27
26027.52
53355.81
74138.61
16920.54
76737.12
50576.46
32794.86
37406.46
68595.15
5706.04
58196.25
42801.36
67480.98
26837.69
38188.81
26292.88
65587.29
19976.19
13339.56
23384.80
36327.60
72442.44
993.08
57552.49
13394.30
16112.40
29440.94
10937.79
6510.14
17959.08
61565.19
45408.65
3992.36
82587.00
17154.48
19190.55
12676.50
69188.52
3427.62
53782.08
48316.45
33662.72
26912.82
41565.94
43408.20
24666.40
62534.67
3793.08
48436.08
24506.64
66284.70
29611.40
66157.96
50475.38
62386.01
64823.85
29822.40
3583.78
58274.72
