64574.25
59661.64
29863.90
42001.22
34559.80
64105.47
24806.04
75343.87
18163.80
41086.10
35871.62
75589.36
3348.63
44562.27
33356.38
53332.62
50770.37
10795.52
44284.12
31383.06
63299.60
27830.25
17370.48
5978.36
21397.80
40133.70
19412.40
3457.64
5288.55
57587.74
24021.20
36869.44
24866.80
63735.76
54818.09
3439.62
56071.66
15159.92
14068.21
28926.96
29151.92
8553.06
22357.53
52134.90
89902.08
43854.99
3021.30
76039.60
51303.12
17598.50
31701.60
43245.90
8107.75
62929.23
36758.60
43950.72
9522.24
48099.92
51935.20
32901.05
16627.50
42918.88
43005.47
17523.04
14720.16
25258.72
27029.00
44610.30
34329.34
55701.34
6294.64
38353.77
84136.32
4850.30
28306.03
37064.00
41046.46
33353.91
8749.20
30415.43
38911.08
63210.60
20098.05
42225.51
33035.70
29652.35
20277.76
35430.40
4979.25
56911.50
19655.68
19537.08
45558.84
31353.90
22899.30
9144.99
39210.17
23082.99
929.02
14391.12
31259.54
40784.10
53410.98
22058.40
22073.58
49451.74
3633.90
62085.10
15808.92
2028.22
76394.50
24761.10
47697.46
17152.33
51495.99
11751.39
11989.08
10288.80
56715.75
18644.16
39466.75
40019.70
28965.05
7664.40
5513.79
5461.84
37515.41
29916.55
37791.84
19776.15
35985.84
2877.15
22208.55
5205.65
38726.71
7958.52
28340.02
24091.34
62017.01
29518.88
34693.76
39650.85
1016.11
42701.44
12685.64
25006.80
41707.68
32619.20
58154.51
4534.80
29424.96
49300.56
41822.55
35315.28
3771.96
77746.83
91199.52
47967.12
30019.92
86147.24
24045.80
40742.68
59115.00
21887.04
8685.24
55709.64
4231.50
51708.93
46576.31
31414.20
41452.48
48176.44
48311.68
10895.40
34191.34
39873.90
48253.00
2032.22
50326.65
45583.65
47050.17
18369.30
47726.46
28692.26
3504.78
21303.00
54359.00
26171.74
26856.50
11612.32
43434.90
51666.45
59107.30
91481.04
63617.24
19748.88
18388.63
27357.96
28253.88
32823.56
42391.80
8647.31
2292.48
59575.64
18440.50
28230.00
7405.92
65053.88
49582.20
12289.32
15112.20
44820.38
40666.56
11485.43
23398.57
27217.88
43663.94
36298.64
36789.60
38885.34
50505.00
1120.21
22311.13
36898.80
38885.34
22071.27
34612.00
25164.09
20161.05
12861.86
55331.28
18934.16
41906.92
48306.70
43895.16
62058.01
16082.40
41175.00
87982.12
5603.88
79659.79
41213.24
32394.20
7467.84
12311.95
44488.00
21732.88
33937.54
27470.24
6186.65
37480.68
32606.64
50741.79
52081.77
48021.66
11771.76
89862.08
66075.16
1448.53
29491.94
24384.03
27317.52
38916.25
59587.94
20027.28
15241.50
38781.18
6228.78
26353.89
31411.93
15031.35
17148.60
60123.96
12662.91
73201.83
67932.00
21953.63
16517.40
4620.96
55538.80
35233.17
36968.00
40679.72
17929.44
37419.90
14035.00
30440.64
40290.48
36102.64
48291.48
3078.36
3131.32
11148.24
2596.78
18754.23
53560.97
24185.76
1874.96
27509.20
18668.16
5330.80
48685.46
56068.80
47876.43
31767.48
45300.00
28245.78
35968.06
17202.36
13931.26
21913.98
44160.12
50454.18
15628.68
54490.38
55012.91
27551.48
34026.90
57351.84
44333.52
55151.46
15185.17
24745.60
55163.52
24036.22
42765.44
48176.44
18362.50
17256.46
35112.26
34136.25
24470.10
21367.80
15248.64
80824.92
81135.50
41579.22
7093.62
54201.24
70144.48
10042.62
31060.12
6902.35
36077.80
48616.06
46615.92
45688.16
25418.88
56906.63
4961.32
47721.66
80648.48
34674.57
64110.06
3267.46
41467.44
57250.20
28179.00
33425.28
13820.67
82383.95
29100.60
3640.00
29242.08
43445.92
38711.40
45921.33
50033.20
74278.00
25258.72
15729.12
28430.75
2324.52
1701.79
72556.00
60049.35
31962.32
24632.28
37640.64
44811.59
38001.60
34662.00
4594.86
62640.13
24650.88
9831.43
46690.40
1671.76
47670.06
13658.64
46768.30
8884.35
65730.07
17230.46
42686.62
29203.24
9015.54
27031.21
43971.00
20812.20
9480.40
18735.52
35250.26
57296.68
22379.40
12020.72
53219.43
52796.16
18567.06
65743.82
16228.42
24651.00
27427.07
12648.30
9811.62
16135.92
14237.47
61918.27
54987.60
3964.23
50910.60
24127.35
8945.68
48646.26
61401.12
50769.88
27918.00
28658.09
24235.65
74468.26
6499.02
20104.85
45501.72
48182.68
7465.98
52706.70
76068.08
32923.77
56584.85
9460.40
38184.96
28230.48
21147.23
34198.83
60128.55
38825.92
50205.00
49500.08
38105.73
35053.44
54837.30
44521.75
87547.68
22123.27
38012.04
44818.47
37990.25
63032.62
24242.64
27238.44
2556.74
40679.10
12936.17
1045.14
77489.18
16117.10
71154.40
29515.29
24506.64
15172.32
29631.40
49011.60
11380.08
76130.10
72427.00
31345.06
65583.07
48321.00
65023.56
52695.16
1243.34
78924.30
5842.20
6354.72
16132.16
38381.04
78050.28
81926.40
33456.15
76226.85
3739.92
26307.90
20903.61
44147.16
26328.50
20341.76
52636.76
1690.79
11919.53
3327.52
28704.24
40160.64
9820.38
47854.66
34510.52
36039.04
22824.32
6677.10
39151.55
31416.34
19941.44
50203.38
14595.50
26885.28
66070.08
31682.88
5231.52
6667.26
11271.06
78467.04
32623.83
54237.60
15977.40
18039.55
41770.64
73728.50
1898.99
40067.50
1567.66
18229.10
26846.82
33553.08
25419.60
13950.72
32980.58
72701.28
51105.60
32880.04
7427.80
11008.62
33832.40
28278.48
13703.49
46874.25
53297.20
28254.24
48229.34
13164.10
66564.05
25356.86
48014.68
52817.49
53315.99
52259.18
10521.50
59825.70
28516.05
7768.20
64560.54
16202.42
50663.90
29679.20
67863.44
15053.06
49780.48
55859.40
6578.92
29880.48
6038.40
47003.32
36778.17
17495.04
78790.32
54998.63
10711.60
28813.32
1040.13
9018.66
71628.86
62614.12
51854.32
78286.32
17809.20
76709.36
47762.12
24440.78
25393.50
43226.58
30751.30
22974.45
51606.40
47240.16
69574.00
35365.68
25147.00
60183.36
11912.80
64160.60
58473.54
3828.20
21689.92
12013.08
52987.99
58897.02
69593.20
62544.30
33286.40
7708.33
72940.42
1419.51
17718.72
84953.28
54309.00
14996.38
21442.80
24128.52
47553.09
41689.56
51125.76
50935.20
14887.95
85722.24
55655.45
77361.48
43517.11
13522.52
79571.52
13544.52
41129.22
18839.40
25977.30
38705.04
20791.68
58205.12
47595.69
37990.80
62211.15
7550.10
38512.56
12091.09
77894.32
52976.70
10995.76
21751.20
61195.78
42701.44
34898.15
52380.65
72789.54
81637.92
46850.31
41315.68
27100.80
39366.75
66394.65
49804.75
82524.48
56871.18
67346.55
33827.86
59925.03
13944.90
53358.00
48596.48
10781.28
81617.80
43081.82
43099.47
26577.90
30308.79
29440.32
26236.32
58667.02
12051.13
5365.72
7834.47
49655.76
39888.63
14407.68
1666.76
84775.24
19610.47
65343.60
3221.40
57307.32
8605.24
66471.00
24686.40
47322.54
34371.12
71115.36
9754.48
54283.76
21637.95
21975.52
30138.62
42439.02
67234.44
76992.96
57055.18
11018.88
74077.60
48099.92
68128.38
55779.15
1576.67
40531.12
24712.87
63090.69
44639.00
22118.55
42336.88
12713.60
27638.16
5922.32
18433.47
15235.02
49947.20
28029.51
3736.08
73678.50
10132.78
14458.60
54525.46
33722.34
49077.17
51887.48
4823.10
39685.80
6174.56
20047.59
45793.65
17434.62
58877.76
56820.72
7653.10
38089.92
81715.95
35248.50
1713.80
35001.75
52976.70
4793.16
20009.85
45640.14
25220.79
33133.62
14491.51
31405.58
1435.52
20109.78
9946.80
13542.24
88693.50
71643.60
67151.67
57935.18
54399.80
59317.30
33131.07
55682.48
1398.49
76394.50
38159.80
80407.60
32682.54
63977.20
34203.12
10240.80
23749.83
4159.44
28842.87
30146.73
49998.20
26823.98
6434.80
67796.81
42894.36
44315.88
28975.20
47286.23
28542.36
88076.64
14727.84
1850.02
23920.20
12223.31
40434.93
54105.80
35053.20
4861.24
49255.47
20812.20
25258.98
24554.64
57501.20
90009.57
26933.04
33084.04
54200.96
60483.84
41029.12
23385.20
76052.95
52472.28
61806.15
28430.40
49824.00
29683.50
3233.42
39647.86
38932.74
3844.20
71172.86
43750.08
62466.40
29751.60
31023.64
38936.92
51695.20
74868.75
22215.68
35918.70
53154.68
2296.48
62050.10
45759.33
71012.76
15816.80
29994.73
12045.67
26908.32
77998.13
51614.93
8649.36
39079.95
25172.82
15191.92
31348.34
47281.92
22864.60
79716.00
12585.23
19237.24
59532.21
26572.80
45208.80
26122.71
40016.09
44003.36
41565.94
72751.95
48553.00
38864.94
34296.90
16052.40
85911.77
21323.20
33101.97
29089.90
30432.11
28696.80
53164.10
27857.52
25927.16
59424.92
18527.74
67351.93
75995.10
5335.75
23701.00
25542.30
62918.50
41098.01
42040.51
25542.51
54657.30
1449.54
12641.23
17884.20
81082.75
37747.60
37974.30
62509.01
21674.73
47596.95
6529.08
61121.28
29863.92
6278.64
24377.92
5971.40
48855.52
55163.22
6412.07
2820.09
46602.60
4670.15
29852.48
10577.34
47386.91
48931.22
71265.18
45724.00
43401.11
63595.97
44745.88
64707.08
16316.10
69751.99
34227.83
50021.28
37660.59
86090.50
86040.50
90238.56
60094.35
33588.72
62166.50
33633.00
23479.02
71075.50
67744.04
40306.28
34350.33
38681.04
67526.55
40338.72
22043.40
46082.40
1013.10
6892.35
48472.65
46246.01
3627.90
44532.80
36188.59
54373.84
16583.60
33519.64
7527.88
22073.38
20678.08
35977.80
33845.88
6101.55
1872.04
8633.36
29645.11
23659.38
60399.72
13244.04
41519.45
31924.80
21953.46
25302.50
43533.84
4132.38
1082.18
25723.20
65941.92
37297.78
63003.23
44546.75
51299.39
15415.20
15211.65
33155.28
14415.30
28067.13
36254.40
23024.80
36579.96
54706.52
23208.50
59925.03
17684.70
83936.36
54189.72
30938.47
2562.74
33465.63
41926.93
948.04
10138.80
24680.04
37225.33
36638.88
76112.64
24554.88
28470.20
48462.96
1301.39
20992.35
24022.84
36229.20
33194.07
16137.00
88556.64
25534.60
