33661.08
17756.90
79111.26
22991.48
32685.00
32505.20
65063.25
18589.50
4483.74
29002.59
34707.11
52571.86
61866.50
15767.08
52631.18
61701.36
71995.60
37399.20
62256.15
29119.20
23554.70
76348.50
68624.01
30545.34
1835.92
7617.26
56188.86
10379.25
13415.22
88643.00
36461.88
21358.68
7603.05
25544.03
34043.89
66262.56
1301.39
23345.00
60999.40
27998.13
81235.50
44112.48
22362.12
48618.96
27215.44
87259.68
38514.42
8318.75
43120.25
16187.27
9261.84
7322.80
4757.12
1609.70
20061.45
18635.10
15099.93
3372.63
10941.80
78916.74
10211.20
12629.36
62192.91
27284.44
26360.88
21329.49
47274.50
9516.15
19941.30
83191.22
7904.64
46381.50
29679.11
8360.88
48263.34
57861.20
28013.44
70814.70
78433.81
54779.04
52932.15
51670.80
2940.21
6542.92
54054.81
20353.93
30530.66
17322.48
29056.00
11908.00
34456.20
79203.26
26796.32
11342.30
4772.04
3474.75
22604.40
8493.06
14805.70
29024.78
2132.32
37269.00
8514.00
16201.36
11394.04
35423.70
49109.28
57932.10
35668.85
14721.48
52240.30
15447.64
37842.00
27266.19
35237.00
18307.32
26741.40
34785.24
43335.90
7888.30
15057.25
21252.46
34026.90
7776.48
66646.30
19872.06
89594.00
12421.42
60140.40
82014.24
16322.70
34375.34
33336.72
25010.64
47991.00
31253.00
26488.35
56720.73
41683.68
31933.88
69643.35
35530.76
70117.32
50062.75
46533.76
5806.16
14943.68
20448.45
38541.16
47969.68
82406.73
28806.00
78178.56
26446.35
1571.66
48723.52
12508.16
21322.32
72412.32
38065.25
10613.16
34589.24
26892.98
48372.00
8503.95
87164.63
79418.25
54988.29
48852.80
43127.50
56507.76
41140.88
42958.00
31992.51
50680.06
23544.78
58273.56
14865.70
64886.64
67409.38
11033.58
47515.95
18840.60
55447.83
10012.56
23146.20
11036.69
45562.14
5522.79
62263.01
72127.61
20982.40
22862.70
21550.56
6637.20
32143.98
3928.28
43923.40
32616.34
41190.24
19551.06
15795.08
46831.43
48435.84
50062.80
6312.84
48637.48
73709.22
13774.48
53912.96
45408.80
82334.48
35466.42
1319.41
12545.65
45414.02
80308.64
20053.44
10747.52
29467.19
23528.96
35036.38
35577.40
8894.35
48452.00
66715.65
42112.46
23516.78
7057.50
23280.84
60075.36
43520.75
12892.68
34076.91
44080.16
52436.70
30070.62
57515.64
80648.92
39210.48
18983.91
64471.68
25136.55
3237.42
55707.20
26452.56
50166.72
5297.58
49053.41
64886.25
65126.88
50004.00
48659.46
53980.78
49163.52
5618.00
24761.25
43966.08
53739.96
17935.08
4165.44
73332.91
24595.95
15072.48
5093.48
10121.10
25338.60
3483.68
51600.45
10387.12
3533.72
18299.20
13334.52
5856.36
7322.98
5871.30
24593.41
44510.16
8368.85
34980.96
8599.05
18749.70
56640.72
43101.50
18944.71
35391.40
52472.64
7668.10
47356.22
8003.45
88391.10
71842.68
63863.65
45015.60
48698.11
15304.66
68360.16
61905.20
74998.80
40843.50
52831.80
2806.98
25016.88
20101.60
48038.84
4952.22
20104.85
4730.20
85347.30
26137.62
58022.56
42121.35
33636.75
977.06
57212.00
42986.36
80795.28
58142.40
16698.15
41742.51
11452.40
75029.50
38991.25
68273.00
61629.75
16910.73
19424.52
14772.10
6402.80
59018.22
3357.63
29021.20
54959.50
43469.54
19004.30
50894.53
6601.21
58371.54
33012.36
66135.81
18583.88
80319.60
33810.14
10991.90
13964.21
25962.74
8088.50
62005.36
27309.00
25380.60
56635.50
51715.08
40367.52
8538.95
12094.74
35410.85
11442.30
21533.22
11485.11
56879.70
13344.20
8847.72
12845.04
11639.25
31244.35
2504.68
15164.38
4883.13
54644.80
16775.55
28305.74
14055.00
73396.80
42613.56
73240.44
57183.06
25515.81
11220.36
44350.56
19929.42
51651.99
54131.38
17522.88
7680.26
24740.28
36446.64
21967.14
34764.96
28958.40
7920.72
13106.16
6154.52
5469.84
62057.16
2036.22
21561.54
33234.30
30785.60
40687.92
36976.28
13687.74
31083.12
3729.90
55546.82
34958.16
51316.72
40387.87
27629.40
19781.60
14898.10
37090.66
15504.96
10559.10
34075.80
84406.83
13947.00
18600.40
31624.02
13470.16
37002.42
53486.94
55597.74
62812.21
89862.57
45215.28
40845.01
15676.80
8733.24
69989.92
20679.67
32290.56
33861.25
45805.20
25867.20
30488.64
22359.84
8343.18
44837.70
74620.96
42895.25
5397.76
56927.68
40964.80
51633.35
10099.89
4360.72
32306.03
9025.66
75639.20
65805.52
39901.29
4132.41
18535.56
1670.76
72211.05
21097.50
29875.50
1832.00
13446.16
7704.40
11045.64
43536.00
48501.68
15936.80
2496.68
13905.30
13154.28
71515.20
28157.60
31158.50
11940.53
27853.28
1766.86
17568.50
49754.00
23881.06
2628.82
43678.17
73513.44
66151.56
51339.99
61066.00
22119.52
17855.11
67563.91
11295.97
39481.26
70981.82
80592.26
6797.42
51468.45
42670.00
73033.28
10331.20
43407.90
10234.96
34392.12
34981.44
51894.72
83938.50
2714.90
46897.92
42684.98
38079.42
34291.29
53813.76
74262.32
16289.60
52860.76
30556.76
69844.32
12885.60
47532.94
84553.65
15526.50
20789.42
41484.45
16788.15
65904.75
34137.20
43246.44
5722.08
41583.36
24666.60
38419.23
37793.34
62256.15
53590.81
75467.90
85347.77
11892.78
13325.13
5249.52
32925.36
37021.16
35492.76
21017.44
80078.13
14811.66
32084.50
53370.62
60318.96
51704.16
31962.32
30407.75
58422.00
46129.95
12349.44
4279.53
34633.51
59114.53
76298.95
38079.42
9147.72
51615.20
47418.22
43520.75
66493.92
10210.74
1022.12
1141.24
21160.36
68226.81
26752.22
38822.00
84553.65
12698.00
67611.28
81736.00
53866.56
29958.24
20838.00
38151.25
6036.45
37239.99
40456.46
55673.28
39132.00
8794.45
48539.04
77443.78
13800.15
1926.12
39511.29
4985.25
49529.74
68151.60
50443.12
28380.06
1326.41
10671.60
55512.48
1072.16
74856.43
31373.20
7023.40
18099.52
70151.26
30892.60
26644.80
49006.89
43502.40
15239.92
33133.62
19188.64
1096.19
68526.01
45578.14
33035.97
7011.36
25220.98
35513.61
12701.78
40487.07
32162.82
953.04
13706.98
42975.36
14250.47
25030.32
1181.27
40378.29
31785.48
50313.55
16776.36
40331.07
54568.88
58557.44
9094.55
30478.96
18661.76
2258.44
43236.55
37264.68
39113.92
61279.40
38489.76
38518.48
62341.74
11523.33
6812.25
29191.20
27749.34
76131.00
68773.50
62225.86
78531.81
59823.90
23749.38
52166.18
79116.99
23920.26
32067.82
5958.32
64744.08
54983.71
18883.02
37840.95
12662.78
41604.70
68290.68
43726.20
11295.97
4979.25
72476.00
22644.40
32747.38
13159.79
38857.60
57919.04
14880.32
57099.83
61165.50
37499.40
60370.86
78525.72
21322.80
10910.70
71563.14
40672.21
28379.70
38191.50
30529.28
33888.40
27809.60
2863.04
61291.32
10811.52
37014.25
23209.30
18480.40
7023.36
14751.44
21482.46
57710.40
35937.60
55378.22
55367.40
6396.96
73633.02
13027.86
13286.00
56724.12
53779.42
35963.25
31834.00
19781.60
42487.01
28304.70
36369.30
20180.85
74586.12
33894.18
64456.86
59114.70
13710.40
44587.60
1023.12
8584.24
28992.60
51559.68
58575.54
9602.32
60447.36
54568.88
59040.53
28096.75
21209.32
30188.76
57951.25
1802.00
76173.37
46490.85
55356.00
3219.48
33341.62
49161.90
51072.12
3377.56
27269.00
63163.32
2130.30
7133.77
75930.50
49245.57
19068.00
31906.08
8318.75
30973.60
12132.80
78843.16
6196.65
47042.45
7752.48
26921.16
12853.80
69384.96
3660.00
41814.24
15766.60
60943.35
6783.42
4480.74
71892.14
12478.32
49300.16
23797.83
93598.00
50453.10
14746.05
31810.88
2272.44
80648.48
15166.00
46093.32
19648.28
49463.55
10221.10
57250.80
48547.24
48050.70
44201.19
51996.78
51013.48
81527.14
23281.08
19461.20
4360.72
35423.85
29171.93
54780.42
35411.49
20626.10
41260.16
10434.06
10507.20
68435.64
36029.34
63641.26
30413.30
18618.06
47042.45
27815.92
71702.44
45268.65
23765.60
53315.99
11087.64
11003.52
21577.95
59072.30
10242.96
27983.70
59274.21
39753.78
69165.14
33929.37
20293.56
78082.50
9694.53
36982.00
40017.25
58542.00
36443.90
29865.00
12062.90
70844.34
31570.02
74184.20
24725.87
80296.48
39471.90
75730.00
39337.05
16803.15
9097.84
5097.44
12784.59
52153.48
60789.05
48972.40
4573.83
45093.30
17640.59
45267.68
45710.62
54586.35
75937.90
66814.20
1906.10
13384.70
39414.50
1564.65
9279.84
39074.64
34402.12
70998.67
81253.44
17309.00
52838.24
68112.00
66662.05
22919.70
19230.74
19082.70
20276.04
60824.40
16481.78
47280.09
7593.00
32311.23
61410.75
15935.22
22812.92
45229.50
19928.42
27806.24
15191.92
44358.30
14647.36
2016.18
38623.64
2748.03
15516.40
41694.88
79202.99
68614.24
43342.82
10379.25
45773.68
82196.02
1794.88
36039.24
61559.75
43937.12
1136.22
60880.68
64428.00
5734.08
16457.30
23209.44
23411.30
69212.99
63612.15
66429.30
50713.72
39486.94
68111.60
12998.16
24441.76
19085.40
50166.72
16832.06
1207.29
52248.76
16631.46
7165.68
39225.55
19012.48
56329.50
30007.25
24085.50
39901.68
66994.59
1095.18
55773.27
68337.16
37299.20
10733.28
7920.64
7322.98
87163.68
27279.73
11261.82
39289.36
9217.92
6975.32
17731.26
1683.78
1868.96
49192.50
71443.24
70754.00
38705.64
48986.89
60984.40
34286.12
54457.28
65869.20
51862.72
40639.86
82070.40
13370.40
64719.00
74754.54
18359.60
43696.00
27623.16
17176.00
8775.54
59330.37
10396.92
19161.00
15921.28
44757.60
42570.09
19172.16
39137.28
16837.80
44872.00
16644.81
43471.84
1830.02
2458.64
40444.00
21275.32
24348.61
48594.81
48435.48
84368.69
10391.30
35137.53
2815.00
8318.75
73337.00
2102.28
3797.98
73645.88
70625.10
17858.80
18380.06
52312.58
18944.71
21323.00
65444.76
3724.12
55077.60
36800.40
58519.72
34095.80
