4545.00
76324.85
39624.86
50769.32
41975.15
49354.14
28181.88
8691.24
41249.34
63409.62
55267.08
86853.18
28530.75
72237.62
11476.24
81535.95
14799.84
62810.70
44324.80
1164.26
54243.42
20548.71
19402.35
4099.38
31313.20
29857.00
47602.56
3071.24
23184.45
67926.75
18451.44
52855.68
46712.40
19017.02
47956.32
62645.80
23738.76
65585.52
5051.34
23068.36
57079.06
28702.24
62690.12
25408.74
48488.96
5365.76
11658.51
12374.95
42940.08
15472.66
29351.19
27638.24
17570.88
22936.48
45835.53
25707.84
30603.30
41516.48
18163.80
22587.61
74123.90
20209.56
15919.65
20592.66
47265.40
8178.60
36543.96
87031.08
9500.50
40501.56
17135.91
32380.02
13625.82
44156.58
6070.40
11452.43
19512.46
19472.52
41383.68
38441.10
45528.30
67672.50
41685.20
57912.50
1703.79
23635.05
19460.52
9109.55
15208.32
87935.12
25464.74
35029.53
6336.84
37419.27
30261.33
27287.19
45373.65
17554.05
44630.52
38288.25
87747.12
49552.47
54257.60
8497.20
36969.60
11604.42
6411.85
3295.46
1364.45
29321.90
3744.12
36464.74
36182.40
60670.26
36828.12
50812.53
13045.86
24493.04
19845.14
24046.67
34617.24
5505.84
12493.68
10078.62
12123.10
10032.11
37330.26
37725.60
48839.11
16950.12
25963.36
2965.16
16698.00
7400.05
25962.72
30103.92
39296.94
34093.08
33966.37
42093.36
35036.82
36668.50
9894.50
81220.05
63030.24
33740.70
15797.25
3727.92
40503.52
63298.88
52372.17
45994.95
70754.10
4153.41
58429.94
7918.40
31402.06
15196.28
49388.08
36507.60
31721.32
42073.60
52498.88
32445.70
22319.40
24010.35
1674.77
48801.48
23635.05
89566.08
4784.04
32619.39
53831.96
28351.92
11052.24
13174.42
63965.94
22518.61
9842.64
56829.85
39177.92
39191.58
63668.50
9937.80
24543.00
70730.88
5811.25
36431.43
63306.80
16507.40
86664.71
36699.60
34086.60
3868.24
34957.80
51700.74
73745.28
38208.56
36662.88
40785.16
71955.60
85582.77
46705.14
57091.68
76081.00
73950.72
54237.00
53538.78
30163.86
47969.30
51518.04
89487.53
37615.00
40092.25
2757.03
56844.90
8384.94
33246.96
15286.20
28906.00
34977.67
47858.56
29492.40
27780.00
25804.08
55855.20
24946.80
74237.60
21400.68
44471.75
28810.60
61715.70
39882.88
11808.96
66486.81
33102.30
4814.10
38519.58
39494.00
52237.77
9180.99
52276.77
58713.02
58020.90
33133.62
44904.24
57480.39
42922.08
11552.40
8785.52
59787.00
4907.19
26752.22
36492.50
27101.28
77609.84
7087.44
18635.23
61034.05
59294.08
50611.00
14739.57
9130.80
39549.90
2764.96
40684.40
51447.44
29463.98
30143.52
27329.64
93247.50
1542.63
25187.00
46084.95
5722.08
24273.48
43179.50
65673.96
20013.12
56423.40
82391.40
34267.45
65200.40
57507.84
24280.65
66633.84
8619.24
44855.04
24380.40
16127.00
30492.66
14019.12
4280.64
27620.24
46080.72
17684.70
38688.18
46008.60
34000.40
30849.60
62120.10
19600.57
33192.36
19001.71
10135.89
49012.02
45311.52
60565.50
15262.11
23659.20
67021.50
12172.88
23185.44
19286.41
24475.45
3375.56
58441.60
67831.20
36327.60
7983.45
63743.97
41444.80
29651.40
25697.20
36880.80
41275.44
61217.66
59228.70
52744.34
18081.03
73826.61
31413.90
79811.60
19522.72
52910.80
15922.94
45808.64
36135.04
34411.50
26053.30
76173.37
30063.00
30612.40
28720.40
1199.29
64741.09
87900.12
39676.94
53851.05
43125.90
56399.10
17262.36
27981.44
65623.60
17347.59
50663.10
12823.80
21758.88
2958.24
17262.36
74758.40
45192.84
70564.10
32396.54
34793.15
9370.30
1354.44
19650.80
22748.32
67151.67
36598.40
9865.62
77751.90
47265.66
46778.04
71875.20
19068.00
45105.58
1320.42
29011.80
11726.00
31468.10
63157.05
31731.51
33900.72
63476.30
53521.98
77231.50
37818.07
16484.49
50302.56
27667.90
17266.72
19611.57
50100.80
21112.50
73199.28
3552.81
26152.84
34044.24
56601.63
32578.20
1228.32
30104.76
25466.88
52151.04
8168.60
35210.52
16457.85
19171.24
21783.20
3318.57
49968.05
33012.98
1812.00
20361.96
6018.40
27771.92
32948.19
21503.40
34476.72
49688.55
57469.64
47477.98
57552.49
38729.60
55138.32
42957.76
5110.55
37885.60
74880.54
35919.39
19746.15
63382.50
5841.30
20106.32
22475.52
50426.07
58886.32
46759.14
62673.42
37084.99
18125.03
36774.68
30062.12
55310.52
76394.50
28505.75
8398.85
2204.38
34434.99
4790.07
29031.61
34167.89
58966.16
64788.09
54970.96
9522.24
90696.06
39161.28
38814.47
14966.12
32534.75
39354.84
8072.58
28089.80
34486.75
47348.88
54868.95
2897.08
21758.10
25058.32
55810.50
38801.40
25349.28
20376.60
24842.24
57436.16
16220.16
10604.43
57520.52
37479.78
11881.87
20020.00
81749.80
40322.10
1405.49
57525.60
16829.88
81818.24
7171.74
13422.16
26076.74
41801.64
40843.50
21583.54
6351.80
32163.66
33498.30
34885.95
32792.76
60904.35
9150.10
18589.40
77842.08
41141.32
74921.12
23473.68
43823.16
44897.00
40567.56
79193.25
76079.36
43712.56
26404.84
74362.40
25905.74
21953.25
36153.78
3901.17
24650.08
24650.28
13335.41
72793.42
55366.08
2949.12
49114.54
7495.84
39535.86
7261.80
16784.64
7704.40
45535.02
21112.80
47721.10
28105.25
3985.26
49124.77
40003.20
30802.30
34308.68
79463.58
22904.32
9642.40
21583.40
22058.27
46754.40
9000.81
70174.50
30410.96
1463.55
39788.84
27773.41
7670.22
29830.71
44647.00
907.00
78127.13
51700.56
18794.02
56214.06
18359.30
73928.50
48624.03
57312.84
37514.75
89017.06
44047.96
10420.92
56886.90
9988.00
28611.66
42717.36
43470.40
25563.60
12640.50
34785.52
32506.20
35282.52
50332.28
25759.02
49972.50
23671.62
32785.00
27725.12
73015.67
31995.81
17480.38
51762.56
48275.20
64286.04
59818.27
1182.27
30599.06
71223.46
63083.83
58117.91
1539.63
22426.38
81960.01
19715.80
5365.85
7447.80
53769.24
1853.95
65909.60
55450.24
48799.24
17154.70
43940.92
15226.11
30464.64
35017.80
2530.72
24239.25
7910.46
75937.90
20142.85
49200.41
22295.68
71426.00
5911.35
15094.38
66455.92
5696.97
23424.70
20064.00
70625.00
66548.52
39952.12
44532.43
52177.42
43354.44
68039.28
25803.00
14703.57
41535.56
62200.74
20241.24
4730.20
29182.72
53846.76
49752.36
44298.54
11171.92
5886.28
36782.88
34996.86
45497.02
32963.28
38980.17
33096.00
20685.98
81310.50
73631.74
13687.74
80535.00
25288.86
36074.01
45230.79
8649.36
33628.14
22779.15
30209.28
92847.00
66073.56
65679.75
16955.82
18540.40
60128.96
21046.56
42412.46
60128.55
53504.78
3796.16
6538.92
1100.19
17466.48
14535.28
46445.40
39256.85
41539.96
2766.03
55213.34
8541.36
24105.34
22749.15
27084.69
2488.66
21190.32
34982.70
34428.72
86893.08
53332.62
80049.15
89111.53
9714.40
40531.12
34392.96
4590.05
60263.35
84406.32
81425.75
68632.78
29861.54
39741.90
60092.07
22596.64
49342.08
2208.38
68126.76
22427.52
36867.68
33299.42
4429.71
29691.40
63621.51
73478.00
89764.57
46831.43
12633.60
64633.08
70521.63
48168.44
70586.88
17163.60
62489.52
35779.72
73577.91
30213.00
44112.25
34174.66
72610.44
71676.00
22675.94
66862.84
16065.60
32672.64
48758.92
28155.50
6312.84
51161.66
51830.72
41497.15
51984.90
20037.60
52207.00
32616.54
23229.60
28656.00
61400.60
55172.14
57174.09
60321.36
993.09
48219.75
21108.23
56893.44
48631.24
33855.53
40884.40
52051.81
9451.35
59069.76
28917.20
3093.39
52224.90
33096.00
39394.40
63317.62
17332.37
2969.16
46731.64
55399.41
69280.98
63735.76
36985.52
43651.96
23110.65
33335.50
13430.52
30296.64
54423.72
64766.47
12385.44
10323.04
44648.40
48294.96
20586.90
27641.16
31144.34
53517.60
18973.02
6623.00
61585.20
35462.75
21703.20
48631.24
40971.84
50293.12
44358.98
34922.16
9768.43
59837.46
6534.92
36929.78
5285.55
31877.63
5658.00
26824.56
6547.08
57384.52
73156.80
36378.41
15458.80
4140.48
47187.40
62326.44
12541.20
2857.04
75467.43
50302.12
2847.04
6006.36
58160.10
51222.94
53912.64
85184.10
61156.44
51058.53
65148.80
7878.35
75599.20
57401.57
69417.48
10062.71
6162.72
30159.68
70114.26
12553.40
65870.50
19782.84
25947.80
1285.38
63271.62
23832.46
6420.96
39457.60
72749.28
35732.34
31982.44
30861.32
5020.50
22643.92
66720.52
45555.51
9019.50
30176.96
56091.16
48604.50
6667.04
77823.48
8388.85
79463.79
40524.44
14875.12
59679.48
7155.52
2857.04
18749.70
23359.44
21352.86
47387.22
47552.17
11468.24
70508.39
18779.70
50164.65
13833.12
20322.20
13110.72
88145.61
86010.24
57517.32
48705.03
57009.18
57211.84
60591.96
79187.52
34752.74
7904.46
29311.80
67762.34
18772.32
4417.68
69198.98
29751.60
17978.90
18147.14
45648.30
8655.24
8665.36
51559.13
43097.04
83247.12
9017.76
2516.70
35877.60
27586.07
50654.74
33159.56
68272.00
23740.20
47930.70
35316.13
32963.84
62273.52
82750.22
74754.54
74452.31
16437.30
54553.28
32434.75
61081.93
48628.90
35461.68
25334.98
17502.60
26361.00
9666.40
52134.60
83927.20
44579.88
60902.22
31002.48
7608.32
12253.32
32435.10
15516.40
69879.34
65619.16
5794.16
25203.86
58714.48
32735.70
30672.40
39509.86
52558.87
35204.26
3378.63
28170.90
45897.67
55393.80
14211.47
50475.38
43811.46
14316.12
58030.76
59422.65
19049.90
10048.64
9705.29
36194.55
26548.05
7838.40
33375.20
40262.29
68526.01
36353.61
54463.11
20181.78
80516.48
12733.80
1952.14
74292.12
14768.16
4480.74
20394.44
29931.60
5846.20
49084.56
70454.52
22488.00
49131.90
21740.37
9789.43
50049.00
32067.82
1980.16
12754.14
22644.00
46699.45
57349.16
66113.54
28770.60
20812.66
8016.68
47089.84
26654.00
15200.38
