36743.68
64187.55
42029.12
3681.96
62766.44
43546.11
3754.02
14250.47
86947.18
30556.76
18019.35
11244.36
89420.59
23250.50
63067.05
52050.60
18221.95
40410.72
40724.00
64889.88
32560.84
1006.10
43081.82
53872.73
32092.58
67472.00
70950.15
53909.31
27830.25
36641.43
51521.76
47252.00
27598.95
43838.92
6751.12
27569.40
54276.09
18974.15
59157.70
51271.00
50453.44
3216.48
17238.10
4051.32
77114.31
66486.81
5597.85
20888.89
15585.12
42596.64
10659.66
63118.88
43461.60
66373.93
47221.74
48627.48
19332.91
20316.34
5159.43
8775.54
24250.84
32419.20
30992.80
41627.70
3766.02
29481.75
59920.32
48967.65
81066.07
38490.75
53212.68
24987.30
19413.46
39854.46
6619.14
21712.92
37851.79
89494.00
44880.96
27836.90
2622.82
10098.80
5261.64
32714.58
54834.66
57656.52
9410.30
4140.52
21206.23
39210.48
17893.92
33010.25
75326.43
32129.66
27809.10
47049.25
31002.79
86281.65
37225.33
3378.63
32754.60
7168.84
29027.02
22493.85
9919.71
14045.85
37239.50
13366.08
84376.80
32407.83
73878.50
36423.36
5180.60
10441.40
13934.72
34892.11
46695.06
2724.92
47336.45
23623.20
46901.14
8849.30
5460.90
37280.60
44409.97
53417.96
22422.66
25117.56
53291.94
34197.45
11975.60
6967.45
23125.08
25828.08
88217.59
43126.80
3641.82
52988.10
33961.25
62906.40
1831.92
42100.01
60499.80
24306.20
3651.84
49804.75
3335.52
3163.34
50490.32
72736.44
69721.92
46083.98
56595.94
25605.51
25271.69
15436.56
16306.42
46093.32
26473.72
17508.90
23995.35
42668.88
13064.00
8191.82
11597.25
46697.00
44737.00
33220.38
82618.95
31462.02
59535.00
26633.22
54547.22
22213.52
19507.67
11730.51
40235.20
1952.14
59460.56
62194.44
51991.40
56466.06
16293.55
71676.50
40798.89
13606.32
63481.08
31549.32
73680.02
58093.62
60005.96
28974.56
14800.10
19758.25
34996.80
24025.60
23905.96
56601.84
32110.56
67426.56
29342.88
22727.88
13905.30
5722.08
38053.14
81254.54
31451.58
64192.54
43604.11
22535.80
14295.60
26543.86
71019.36
22392.48
19016.91
60744.40
6867.24
39246.24
91346.00
36973.56
69833.20
38224.56
77109.06
11705.76
12674.64
985.08
54994.80
10619.16
27404.80
61889.52
9754.26
58306.38
67762.34
36216.06
51849.35
66499.65
25620.00
3035.22
15829.65
70087.92
2841.02
50213.13
77403.83
84176.32
61596.12
46153.30
3265.44
41414.10
20649.72
15304.38
5505.88
30569.94
53069.58
14491.82
53922.05
62903.16
66604.65
29110.80
69123.50
49486.47
24813.27
32483.52
12872.51
25067.52
20952.26
22055.16
34787.00
39066.25
17343.75
60670.26
10944.00
45099.88
8096.64
61940.01
40154.10
27111.04
55930.88
62244.22
40964.02
53577.20
11507.43
23224.64
27532.96
24521.92
43174.44
56917.18
44003.36
52910.49
41398.33
51203.94
3383.56
90719.04
6444.96
32218.32
31244.35
16320.85
46831.43
44316.30
45548.65
6859.24
52371.10
55823.04
61510.98
31896.63
6651.00
44431.36
7833.30
25196.55
44357.10
25087.00
45163.30
7252.91
12366.42
41299.77
43606.30
51879.76
4618.89
46208.47
49833.58
12861.86
23881.20
8018.58
4749.12
70840.62
41684.40
61934.60
46979.14
24075.22
31309.60
22157.94
55188.83
10301.20
67922.22
11940.64
12349.44
1383.47
92447.00
34309.44
58049.56
3868.24
10144.68
18557.76
40770.00
8104.88
34559.29
51887.48
12553.40
35622.40
24093.96
33315.00
37461.27
23649.90
42324.80
44366.19
8753.52
2859.12
45624.06
4693.95
59630.90
38921.31
20830.50
39562.56
37596.96
65170.80
10438.98
22139.75
4732.98
3705.88
32739.28
14430.75
27388.65
80493.77
13935.00
34467.57
18278.95
34116.80
66556.14
41196.15
15962.25
49135.36
9105.84
19606.86
20482.66
7928.46
27969.92
51093.65
16530.08
43294.24
12768.00
25785.36
46192.72
33367.62
18179.10
13430.52
63866.11
29445.46
4028.40
38850.12
58064.16
1816.00
14859.96
7618.05
13790.88
19336.35
58741.92
33019.56
42965.53
13709.74
15511.95
53483.43
40860.00
46118.16
49949.28
91045.50
56640.72
81781.92
18500.20
38208.56
43473.92
48886.11
62526.60
15929.51
28539.09
18818.80
8395.03
30926.68
7456.12
13766.48
3449.62
57121.20
20181.60
59330.45
14295.60
38934.84
73564.40
2142.32
64791.00
51119.25
15932.40
45647.76
76731.50
8973.48
37329.16
10883.46
63964.60
74334.72
46647.04
49228.56
5551.00
19731.15
57792.10
44043.26
2688.88
73430.91
36462.86
5581.05
50453.55
57000.45
72862.44
5105.37
35471.13
49388.04
39162.76
81867.24
38716.00
75495.64
52096.11
32899.84
50748.60
13983.00
47661.98
62567.00
30752.88
7327.80
50106.18
7157.65
33726.30
40225.66
60471.72
50373.65
7531.88
21947.73
35299.48
4580.05
15823.72
70870.80
19686.47
18485.74
47857.66
36249.10
40701.21
36975.42
13406.16
27628.95
7776.56
27229.00
44939.56
39438.00
46849.14
54709.50
36677.87
62538.12
22675.00
26285.93
18984.00
15151.50
4753.12
44134.08
7042.50
12454.65
60922.68
41493.76
10427.20
44400.40
30426.66
2622.80
50633.64
16241.28
82750.22
17965.44
24404.01
57101.18
56364.26
50015.13
3729.92
30291.79
75839.20
23665.05
72786.08
19009.90
19115.40
27623.61
86341.00
36657.78
6847.30
5495.95
79327.16
51174.90
53517.31
27082.80
47394.60
21526.82
38495.18
52471.80
69688.80
31906.08
2817.09
28956.25
76421.95
50814.00
81355.50
58813.44
24251.50
39743.92
21078.40
37524.27
47633.06
20783.98
28385.92
31706.44
85399.16
14160.60
40910.52
8208.96
7547.92
18544.76
50574.00
14072.94
5786.20
50773.76
83577.86
46373.95
33203.28
9137.84
57117.06
13208.04
57478.80
71421.90
43846.50
41398.08
6362.72
24982.52
17998.90
39752.79
13126.08
55658.34
23762.96
26578.75
80340.48
50242.80
32092.58
48321.00
60369.84
38386.48
43952.40
78201.90
17343.75
47324.25
69120.66
38910.64
9113.84
83066.85
25408.03
52759.80
57384.52
7421.05
42014.70
65929.56
10798.41
28253.88
19032.30
30700.78
3495.68
33468.12
18980.04
12132.88
5956.40
31489.02
9375.90
48231.15
28353.78
28110.78
6812.25
39416.37
46424.35
27553.80
40364.00
38640.42
51110.73
21706.80
35632.59
57462.00
24338.40
30124.92
36597.15
41853.24
1384.48
63210.24
67594.03
29182.56
49972.50
21226.32
16882.53
13654.63
12740.91
36280.00
15759.90
52568.64
74468.26
33109.19
30791.28
43833.15
77121.00
16325.40
44689.44
71426.00
55247.22
52121.25
75511.38
1866.04
73240.83
933.02
10321.92
12103.26
34939.67
11316.97
50677.20
31858.32
12063.00
27303.90
37545.48
20707.68
6262.64
8883.42
30087.62
4560.92
16508.19
68003.41
58313.00
39743.92
51334.80
21596.82
45447.50
41719.00
38415.75
1942.12
28205.50
16127.00
68981.14
39822.84
1075.16
68272.00
10055.71
44830.80
18883.92
70827.36
43053.64
64013.11
31185.22
12684.00
27809.60
20343.96
50986.94
41705.01
6915.24
18668.34
31521.84
54609.50
36862.10
30576.66
47709.48
88047.61
77746.08
54066.05
36504.60
63658.24
63251.32
70714.40
16631.81
43598.40
73865.88
55969.76
20959.89
9570.50
70944.48
42273.36
25046.64
35984.20
90401.57
6702.15
66994.59
70635.36
38962.80
22968.96
31416.34
53980.05
18434.16
34404.48
19259.35
8529.28
48845.77
53588.88
51631.44
61769.75
74215.89
27725.76
19897.90
52838.24
72351.93
19666.68
54417.00
38189.48
28806.80
24385.62
15834.83
29278.72
5397.76
10883.60
45463.88
25172.82
8264.96
63718.00
31586.22
31927.02
77324.77
44842.74
51514.25
18107.46
17178.24
31924.50
4604.96
57517.18
22003.24
50129.64
45078.00
59855.27
29034.05
41327.22
16649.76
3872.24
59863.60
37138.33
25298.82
31731.51
1150.24
32048.82
35287.80
39223.14
31877.63
16289.10
15742.34
6895.44
34213.12
46942.16
64965.60
44859.94
51354.72
32369.36
30427.96
43595.12
8263.75
18433.36
41218.50
51975.88
55043.45
22872.08
59256.22
51818.13
36062.16
31779.88
7633.05
77481.27
42976.80
53067.68
64082.20
38295.23
6406.76
28407.78
37704.64
63906.85
28611.66
54804.75
4777.16
7713.20
36447.64
37988.34
3090.36
4066.35
58040.42
37990.25
61012.08
27441.96
86741.00
2958.24
21017.23
23235.30
18223.32
1245.33
44532.60
1386.48
25290.72
56259.60
19941.90
22607.76
22330.13
33408.72
9165.80
48336.04
17087.33
32110.98
8829.30
22136.40
79757.58
17597.21
7195.74
78299.13
22225.80
56508.76
58106.16
11204.83
36228.06
62341.27
77571.48
70635.46
36498.40
46164.60
14271.12
1798.88
44399.52
39256.85
60760.08
73982.61
18776.52
13778.88
8508.95
13918.64
82406.40
20888.89
32487.73
55135.78
72124.80
79812.48
39462.12
18919.80
48855.17
34245.12
40932.71
22900.22
40552.08
46009.60
35347.13
32507.64
88028.16
14247.36
7072.50
28740.58
2412.60
35678.88
9194.65
27949.44
11280.15
59964.55
5568.12
32878.96
90286.56
26932.69
52761.12
53447.61
32050.80
64507.68
17378.62
26767.29
42615.87
70362.52
49865.76
59843.00
41077.40
30304.12
63455.62
26207.71
34230.20
26626.86
17282.72
55300.28
70625.10
79984.13
10330.86
18661.89
20805.84
52610.88
76831.84
46740.05
38791.85
53355.81
4841.20
30530.13
47958.68
46432.88
46051.30
39191.70
53561.99
1115.21
8310.89
37660.50
42116.40
20613.56
51999.90
6587.21
13794.70
45457.28
59843.00
15802.65
25067.69
37912.08
1545.64
34602.20
68532.24
4264.64
55065.92
77223.42
29293.19
7563.92
18355.84
26984.98
20209.42
58756.95
35611.59
33995.54
55548.28
8717.38
6671.04
50279.88
31659.60
49700.43
42286.20
2706.88
55724.27
7482.95
34837.50
7153.74
8156.75
76625.55
48618.96
9464.95
17515.26
37414.75
7307.68
87507.63
35206.05
48496.36
9201.92
51285.46
40111.20
26503.75
43830.28
7512.12
52386.88
69193.44
43653.77
11352.48
