12914.04
23124.99
75763.38
23576.00
21759.76
46276.62
40940.90
16607.60
61856.79
14665.60
2496.68
4552.92
3701.88
13178.28
52225.50
83669.86
37960.96
21290.49
68077.41
30128.40
8233.89
13146.42
32638.76
61724.13
35905.80
5300.75
37483.60
28853.59
34139.40
59030.28
45828.60
17233.26
68781.15
14427.60
59069.79
27052.48
44202.76
26127.72
12925.68
35037.25
36263.50
10406.33
50126.12
55286.04
88391.10
57811.74
20509.58
1559.65
66341.92
52138.52
19104.28
29149.28
45262.47
48604.50
18631.69
9964.57
59988.92
9180.99
58334.88
51897.40
74821.72
51456.86
43898.94
7447.90
36447.96
35150.76
30556.76
29459.92
48721.46
33804.00
13299.93
56229.86
79157.26
1388.48
50214.56
36560.00
26844.32
44966.10
1474.57
53968.05
58511.60
17620.85
26685.75
39882.24
74534.31
10342.99
13192.19
37019.00
28334.70
16462.68
79988.04
59521.90
3159.34
5726.12
79848.85
42016.52
25787.20
2044.22
45267.88
35374.08
14613.48
73162.83
35434.49
50133.60
50633.40
55810.50
26797.40
51129.90
52120.77
40874.90
49321.48
56510.21
13829.67
38020.80
62667.00
10846.77
53355.34
31416.34
10363.12
7528.00
7039.40
8200.96
3868.14
46250.50
27695.34
46362.98
45773.68
30973.32
33867.45
72941.28
13183.43
35581.92
19026.28
12971.97
70113.60
13545.00
2690.86
41554.80
12909.60
6514.88
5291.55
23209.30
56780.94
22139.94
7736.28
47650.75
12049.08
21474.18
30899.00
25091.30
23294.44
55330.97
12244.05
13324.41
62394.64
8691.24
41443.47
37841.04
12156.88
33601.75
27780.00
11524.24
47474.70
16077.05
12853.60
35957.80
16082.51
6041.50
56151.57
40284.00
50051.43
18804.32
20678.24
37766.04
1641.73
40948.47
31522.56
65258.56
55734.59
23783.06
16837.70
2428.60
58718.40
23233.44
3391.58
77526.45
66113.54
41580.48
47398.92
29696.28
16417.92
22948.86
73557.44
51105.99
67678.92
6503.14
42550.64
36615.96
88042.50
65903.09
36654.64
73723.74
18785.80
44939.88
35936.75
10108.68
78538.32
50862.46
9063.60
11821.46
42484.26
31458.24
26109.44
44300.76
21455.18
42706.80
26909.68
58561.92
13651.82
37725.60
27372.96
17981.32
59792.70
48532.40
57853.32
4588.86
37019.00
35998.57
16858.82
26019.72
22957.70
35501.70
10072.62
69948.48
32743.70
40628.08
30496.13
42780.92
2835.12
18271.80
52589.16
45231.20
26037.72
52914.24
17937.92
11412.40
73240.83
30413.17
62106.00
3735.99
76816.96
24637.90
35602.42
1606.69
67749.44
22271.28
3594.87
44664.36
23945.09
53154.97
22307.94
27869.25
73877.90
26861.38
5429.70
22771.84
57293.74
78055.25
21668.10
9859.43
67349.03
28590.45
63558.97
19775.14
51336.76
57628.48
35707.22
34145.82
55572.34
8234.76
45955.56
39277.35
6615.21
34082.83
29757.48
16887.80
45648.64
23002.07
29134.56
19435.46
31478.16
33189.96
65069.50
21502.56
40524.90
36712.72
4513.80
24441.76
36163.50
20713.42
24248.40
31911.81
18307.44
51311.04
5097.44
36549.30
61457.76
27390.00
14495.40
16676.46
39257.16
21262.32
30010.24
27837.28
83465.42
21254.31
23000.25
32214.83
37914.60
41519.80
52430.28
81130.05
51654.30
45382.64
46828.60
38427.48
18371.68
20031.45
52347.42
27001.04
27644.10
46850.85
45639.82
37766.04
20046.45
5273.64
6499.08
29281.80
22936.32
1697.79
10252.22
37241.16
13027.17
37407.60
56533.50
89373.60
36158.64
9620.50
33569.65
19622.08
66622.50
68624.20
15895.51
24465.61
62435.45
1431.52
36272.06
12613.23
28886.61
16484.49
25877.94
30048.76
54106.56
54058.50
5748.24
24557.18
18752.80
31244.64
65067.46
14004.90
60225.64
35150.76
48132.75
38430.48
68336.22
31704.81
85696.16
26267.68
57469.92
45819.51
23587.62
54185.46
77349.78
24050.04
56102.67
81135.50
27947.92
23656.92
20558.10
33677.49
14197.40
47007.17
51483.25
50488.90
12413.30
66515.05
72176.50
78622.72
62263.01
89950.08
1349.44
83027.12
61038.93
25707.40
32375.31
5225.60
24322.48
9568.35
23255.53
25278.17
41452.48
78159.90
35988.25
16358.55
52892.70
31996.02
21272.78
20630.08
67736.37
54598.50
2869.06
89581.53
66151.92
21936.46
20742.60
46169.60
32375.64
23307.44
32904.36
44196.50
3471.66
23400.80
48730.44
3331.50
30920.58
56261.50
1456.55
5678.94
38296.56
24591.18
34990.08
15577.77
44015.04
14078.80
46114.58
27084.88
52345.30
43123.08
11380.08
42201.72
52055.60
21968.56
30213.00
69553.20
24954.40
7015.36
45192.18
16513.92
68548.20
50453.64
84953.28
51042.60
68607.45
57767.49
3924.28
55818.20
66324.30
59772.18
35479.62
56094.50
21588.37
78182.28
35378.10
36272.88
31173.87
27553.96
49216.02
45222.50
33827.86
63578.64
12376.52
54202.75
17598.72
21892.56
74218.32
8024.72
16846.06
4802.07
1904.10
34537.20
64706.02
23997.09
53473.64
36181.44
25932.30
65299.88
8643.18
17028.00
18763.69
83089.42
41123.42
37483.56
40843.50
7282.75
15108.84
43931.16
19444.80
8033.50
23524.41
2879.06
37700.60
9153.99
30508.30
42444.75
81085.05
35205.52
15955.74
34634.16
18974.15
75174.96
58040.42
4766.04
23632.83
8379.18
27154.80
28086.03
21569.37
82618.95
45029.94
16159.36
22700.00
7693.10
7563.00
84040.32
66009.72
52624.44
3021.30
24659.67
50485.52
7154.77
50004.36
1169.26
39498.56
70373.63
9522.24
30872.60
39067.00
15895.34
11989.08
26535.29
37915.00
14038.72
18295.44
30216.76
25488.81
93698.00
26616.75
6321.80
72076.50
66499.65
7381.98
21433.49
2120.30
30296.40
53326.70
30432.20
37345.56
27805.00
43649.73
1307.40
7363.92
37119.36
12273.20
11408.04
3639.90
26235.72
57503.45
66201.96
27511.90
4060.32
41578.10
68152.22
50706.60
33563.64
38992.56
57628.48
67875.72
67992.48
17037.90
13482.70
34476.20
1689.78
31458.75
25603.60
76948.96
32744.04
32902.56
27326.70
5373.76
50819.37
52823.58
11732.60
56414.04
17490.88
47986.88
30270.76
66429.65
57595.49
61128.26
43589.56
61447.75
21653.52
33035.25
44287.04
5964.48
21223.00
51437.66
20083.42
36619.37
60799.68
64472.04
44696.85
21451.54
25787.20
10150.68
16457.85
21443.04
76481.00
38933.44
18560.16
75372.12
80020.85
14030.72
41512.24
69539.79
1391.48
19226.24
12865.51
61195.78
63647.76
54117.46
77867.88
54892.46
8000.80
47049.25
67018.98
17343.75
21172.50
7368.08
39616.75
4616.96
41371.96
60580.17
21034.61
5073.44
9369.85
30303.00
18909.02
21715.29
49157.24
36247.06
55258.80
19803.42
40044.00
33188.16
2951.12
54177.00
13974.90
69862.53
87067.20
5135.60
70682.88
29054.40
53818.08
50345.46
45866.67
14211.24
80248.77
2254.44
70183.72
2716.90
11788.48
53157.50
18253.98
80484.96
8370.18
25407.00
56970.20
63427.50
79294.74
47447.69
1604.70
38056.08
12543.16
19533.80
32731.65
14158.88
5996.45
4585.05
31603.66
40291.56
46929.92
54662.52
44223.96
45934.00
78652.80
32027.66
49407.84
27388.98
31519.80
7552.32
31977.88
10871.80
5862.24
66113.95
84889.50
3711.99
1387.48
49604.50
9264.75
74544.12
14185.47
16189.29
24987.30
13847.12
7646.22
76256.16
31705.29
1773.86
8661.18
56295.50
33454.42
54058.50
32794.65
35812.44
53599.00
63000.68
26025.93
2733.00
33110.50
64923.25
21344.46
16973.73
56600.72
19724.88
18948.15
19508.52
22799.92
31972.63
34500.72
37524.48
42453.26
32209.50
64249.64
18905.25
9439.08
25002.40
11221.21
40903.80
25561.20
4168.44
52790.87
49465.24
4618.89
43563.84
47286.70
51805.66
93898.50
61424.80
58154.51
11340.48
21983.40
25835.20
36027.57
20452.14
28506.80
37713.79
85866.24
47030.40
63955.76
24746.88
41632.77
15487.17
43899.50
27839.25
63678.96
50166.72
37096.00
34555.62
38915.00
26188.00
36353.88
68532.24
53073.34
47956.32
28241.00
42919.24
67323.30
30196.17
34877.18
31125.64
12774.37
26488.20
30031.52
44175.04
9420.30
72080.14
44602.60
42723.00
47902.40
34706.74
13605.00
38358.48
21433.62
32580.00
18151.20
38353.77
66892.98
88028.64
10966.55
22255.52
21687.20
32915.04
71092.67
44062.76
82161.24
86846.62
50160.18
56013.90
77886.90
90695.00
75995.10
3868.20
19610.28
10758.66
38808.42
14042.21
43066.44
73826.22
13590.00
80542.77
4670.10
24060.65
82983.12
25663.20
22387.13
2044.22
20377.56
51943.93
45964.36
71756.68
28113.75
1434.53
53957.05
64886.25
87370.65
11243.82
9199.65
60418.26
45964.36
81236.00
47145.59
69037.08
4847.13
42330.20
40238.64
31543.58
77960.34
39220.94
62866.40
49375.89
17442.19
42817.90
28938.60
2843.02
10991.90
42440.33
58912.70
74829.00
32352.32
17308.46
10395.33
87323.18
50246.82
70637.82
68952.57
3463.64
37990.50
69649.32
13160.42
6570.96
55184.91
31219.32
11139.92
7920.64
38033.82
20027.28
43396.20
19312.54
53578.08
79890.13
27981.44
60872.68
11620.32
59942.19
13076.42
45964.36
10787.34
62631.65
13793.58
1075.17
41414.45
39901.29
23655.16
63595.97
89037.12
39763.60
47704.95
7567.92
33002.97
40407.93
51238.94
27465.07
21290.36
9488.08
24007.20
17034.12
23209.44
12581.36
71272.46
22633.94
38093.40
27058.50
29571.20
35526.49
20333.04
12193.20
70668.73
16227.10
3301.48
14393.47
23389.30
16831.36
61427.10
10463.04
59086.22
88488.61
24283.48
74229.00
17776.98
18213.25
57937.74
86291.00
28544.85
35858.88
49733.05
65521.82
65203.60
78190.34
9447.96
39718.28
20483.71
66454.56
5221.56
9429.85
7127.60
53808.40
10532.20
82366.24
39378.57
2727.00
42723.00
71799.68
40217.50
45763.02
33818.00
24612.41
44913.60
1668.76
53976.96
1385.47
7659.26
56499.50
21446.88
48157.20
41635.92
31141.00
84823.65
30547.13
51818.13
32675.04
16805.88
53922.05
78995.52
32903.97
30977.92
29936.16
1910.08
32431.00
38441.10
