31818.22
9135.99
9530.15
82630.68
36011.10
39540.05
27103.35
1210.30
39560.43
17970.96
10619.16
42294.72
52174.12
34466.30
7680.33
11817.00
47066.40
26375.58
43567.20
40292.50
21847.76
35362.75
52525.20
28234.14
79805.42
9440.30
21605.22
10041.00
14953.95
47057.40
31173.00
1053.14
35489.07
2440.62
14110.88
85987.65
43575.40
42422.26
17461.19
40290.64
39039.85
58563.00
41994.25
22208.63
41565.20
1696.79
49244.89
13274.20
32153.80
34258.29
48148.80
75544.65
36453.44
2232.42
46118.16
73467.08
68485.24
35549.72
38070.90
51359.25
54803.66
34392.33
29333.72
40156.78
62225.94
92658.02
7126.77
60048.64
15668.90
12903.80
81301.54
23229.65
61072.78
14001.26
16116.51
9239.70
10311.20
62722.88
28828.32
10461.30
22104.00
7357.80
35857.60
37979.80
46380.43
31041.92
66079.92
49804.75
23185.89
11739.51
48391.07
23577.76
42994.53
26628.31
19172.90
20571.90
47956.32
10009.80
86064.16
71976.50
37401.78
74306.32
6418.76
67495.38
13526.64
22079.16
75480.00
48333.87
5778.36
71132.88
38588.48
2296.48
16745.76
44887.35
16627.19
73479.91
5690.94
1564.66
7963.40
5410.90
16228.42
20596.32
17708.38
42035.60
42424.20
23348.99
28573.09
22583.64
46706.95
40306.84
1265.36
93099.51
40932.46
34224.12
78237.32
38850.84
30410.96
39854.87
35058.08
53931.40
55289.22
48102.50
8564.00
27824.16
44566.80
41072.85
52801.00
11991.78
55918.80
8198.65
35890.62
43149.38
87077.08
73585.55
9775.43
77867.88
12766.50
23015.08
8949.48
66310.56
21283.20
9721.53
30532.40
61895.70
37855.44
61629.75
47301.75
20864.44
59163.50
15512.77
17368.30
36350.64
34786.95
12714.91
16867.80
63786.96
33233.20
36092.06
32334.00
52314.90
34386.90
40744.88
60923.66
32097.36
14828.10
46521.95
51811.48
76948.52
2154.34
31009.00
1234.32
23550.75
36374.40
25311.30
40574.52
79461.42
44587.60
64268.50
13694.60
10347.04
47954.88
82054.01
14316.21
37293.06
17443.87
63768.00
43336.62
46391.01
14685.48
35750.44
27841.45
85065.30
42044.70
51483.66
38949.24
26361.00
34825.48
49959.00
27533.16
41792.24
22632.72
27034.98
52976.16
56868.12
34068.24
36178.48
2120.30
18259.20
80193.28
1652.74
18149.32
19039.15
27261.21
61577.56
41328.47
60304.00
18650.10
44230.76
34111.50
54201.24
4375.62
53784.64
24740.28
13964.21
13886.64
76531.00
21743.40
31991.82
17936.76
14145.45
67262.67
13130.16
23445.20
18323.36
22664.60
56091.16
2362.54
25191.81
48462.70
28568.21
91345.50
19983.60
27161.68
23124.45
9094.55
32935.25
36463.75
29854.24
47549.75
23325.75
16770.82
42795.98
3477.66
12433.30
5796.36
42588.24
14487.30
27144.58
63106.80
61040.25
11419.43
26633.22
43110.82
54237.96
31411.93
9685.44
35633.85
81913.48
33327.84
51931.11
37951.14
18982.71
12135.96
62925.80
1215.30
1692.78
75004.20
24889.91
22839.05
24088.22
35509.68
35136.80
47318.40
89715.57
56379.20
88142.50
50332.28
16247.10
47446.66
40524.90
74165.70
72225.66
32019.66
36699.00
48040.03
62514.72
44975.68
41354.54
7910.40
4672.95
21778.92
30480.56
17560.76
34749.48
89581.53
16484.49
5169.52
31119.99
56085.30
50250.52
57288.80
50234.75
23723.33
1723.81
60363.72
39354.48
58620.56
44298.80
24843.91
15122.38
21615.75
16550.37
28149.83
35273.26
61982.24
3511.70
74238.72
49450.58
76816.96
60219.36
58911.36
31678.02
50383.55
14705.60
52285.20
25704.28
19161.00
60883.33
47058.59
26932.69
6142.48
44064.48
49048.20
64484.64
40524.40
3632.00
7653.10
56669.84
44786.25
31056.48
17138.00
15880.92
23646.76
48491.24
26524.56
40146.24
58669.92
14107.34
48072.92
46276.62
49189.14
6481.02
41996.16
37959.80
34887.25
31169.60
7207.70
46198.36
26705.16
7593.05
73435.40
37661.04
69374.00
56699.40
40302.24
77986.08
28515.78
4213.47
36893.64
53604.33
54797.80
52284.90
10171.10
49762.50
24310.78
35073.15
38100.04
65288.58
5821.30
43999.56
24440.78
22295.40
24153.60
75981.36
90696.06
61856.79
48056.36
13382.40
30656.88
34731.99
49380.84
16595.37
48903.50
21226.99
52838.24
61763.52
25424.00
10583.10
5886.42
55994.88
3096.36
57980.80
14775.57
67846.38
49253.76
44714.76
65588.76
9614.22
16923.30
53084.52
35215.18
60719.92
24127.74
11243.21
55443.34
39626.56
25677.00
32209.50
57830.50
40552.28
64669.00
27236.88
15613.38
7307.75
9937.71
23307.44
40194.56
17635.20
54418.50
83669.86
40784.52
78947.52
18692.16
54909.50
51734.72
47452.00
7231.60
14607.28
6098.44
5117.37
22136.94
43414.80
15328.44
53688.64
12183.10
41904.52
45407.52
25125.98
62021.16
24469.76
25361.70
67633.04
54890.29
3342.63
2827.00
38981.91
20868.12
32259.50
14842.10
28245.78
50936.34
28511.21
73797.60
72085.62
1814.90
10062.71
18835.92
52590.65
70354.00
12619.64
76534.41
33893.86
66808.56
15926.80
46004.00
79373.25
4180.56
5736.15
44610.30
4633.89
8343.09
54537.30
50869.76
75938.37
6985.50
3003.27
19208.88
40699.56
21178.20
45401.05
12571.16
13820.67
76079.60
5676.24
30945.68
60352.80
25827.60
8370.18
18509.40
70033.92
39692.12
64651.09
22784.60
13040.65
70202.40
9634.14
20335.56
33178.19
46890.40
54923.52
24636.68
7554.19
50839.20
4665.10
5498.79
9289.70
42225.51
42242.20
72327.00
77031.00
13511.52
87276.18
2536.72
15697.12
14323.54
13178.16
78290.72
30232.00
42988.24
10593.55
1838.02
20157.24
51963.78
31584.00
53447.94
22884.60
47125.40
74373.30
74478.40
32479.44
37556.41
30016.96
41966.88
16547.40
50935.94
45964.36
13508.69
40074.24
61891.36
76100.22
30546.56
40980.72
62018.00
54898.80
7003.50
41253.68
25421.70
27741.12
21545.12
48681.30
35557.68
9467.15
34712.00
2234.42
48434.96
72736.44
2104.28
66630.40
16481.92
41282.47
53523.00
42705.36
78466.80
28488.78
58237.12
66850.20
28113.75
47222.17
47826.48
6521.95
17623.26
58702.40
41805.60
34692.29
57762.50
20662.24
25787.02
11236.00
59403.21
12061.20
25563.04
63481.08
28630.60
46580.40
78382.50
81131.26
58669.92
10348.92
21965.92
43123.08
57742.23
17569.08
80835.50
27529.20
56655.76
26923.35
43417.92
64484.64
31280.34
7948.40
18064.35
33047.07
44999.04
14225.40
71601.27
43950.73
50312.46
37359.20
17037.90
1817.91
61967.36
8994.40
19242.58
34981.18
28307.88
43313.82
67189.59
67591.20
18359.30
52609.86
25196.55
33677.70
42299.82
66105.03
25166.14
29815.48
28396.31
34920.67
60923.17
44894.85
24941.40
60780.93
75490.87
25821.54
43918.72
7513.00
46355.40
53686.42
31819.81
7063.62
4496.88
56180.67
28861.62
36238.00
4510.00
47378.24
29519.16
72918.97
45529.20
81286.00
41725.60
40755.12
23719.74
72976.95
7592.10
11232.83
25416.30
37589.75
29984.16
1754.85
8384.94
76156.52
63812.16
26267.68
27617.48
55848.80
16781.82
17519.59
19999.28
12922.14
49642.39
56225.57
36188.70
11980.98
60279.96
28842.66
37000.25
2034.22
19108.48
62467.20
10518.20
51702.35
39912.60
12324.52
70500.52
28058.52
38325.48
19941.00
27353.26
26412.75
55259.20
43021.80
76016.64
12376.52
81836.50
52312.81
29497.14
27150.00
34596.40
45586.45
48646.50
33516.18
24027.96
18987.15
7771.40
9808.32
32505.20
25647.40
35164.53
69643.80
38197.11
53624.42
3924.28
52760.16
10251.20
61595.75
34673.48
55168.08
64660.64
40636.72
43141.41
2208.40
32902.56
6206.60
26011.30
36539.41
9081.84
1645.74
4690.95
80648.92
39786.88
25771.20
50029.65
38260.80
11386.43
13203.19
6058.44
5385.76
73865.83
26495.12
49061.62
8774.25
78292.35
30629.55
34851.18
45193.28
37690.79
77739.70
55323.40
5569.92
3265.44
12782.00
8969.59
18479.40
81348.54
48969.77
26599.86
2982.27
60351.04
14935.68
47826.56
19340.40
42500.95
35797.60
31057.60
15851.03
45559.20
7873.35
34796.74
59518.40
55102.32
47615.98
25899.36
52941.00
48292.80
17154.90
35301.99
10541.10
18740.16
49705.38
9684.29
65937.96
35940.95
48238.68
60753.70
33684.88
5510.79
58117.91
71590.86
75094.20
42615.30
10002.72
46879.06
46042.72
38048.82
22823.88
2952.21
49663.30
9249.78
59664.00
36734.72
35617.40
23288.80
4540.80
53118.76
37188.73
74138.61
63320.08
49074.58
49399.74
40843.50
38802.40
38769.51
44346.50
12793.70
35112.25
53299.97
6832.49
35034.67
48225.66
59679.94
57212.42
10403.12
46318.31
73382.40
42134.16
51139.00
44869.05
32899.10
36800.40
40186.64
40364.00
7958.52
7631.33
20361.75
56084.85
20483.71
2512.68
48518.96
34445.74
32863.38
17658.50
50955.50
58461.44
12058.09
10132.68
76964.84
58261.60
51734.72
23947.56
50814.99
76948.96
28130.00
18771.23
13951.85
80935.50
49418.55
35719.75
7423.98
65159.00
39030.56
2050.24
47904.48
67102.30
36521.15
33118.04
23425.68
25855.72
3177.45
17749.05
55138.40
32472.00
18083.52
22478.85
69461.48
15071.84
14424.30
49624.92
19569.24
18632.34
35800.80
83247.12
46363.29
22045.24
15851.08
74138.20
13045.76
6170.52
69079.08
3766.05
1049.14
42056.55
34444.34
9280.08
14927.12
53681.76
19089.00
9113.84
9943.57
66291.81
2322.50
38171.82
11636.40
3539.72
3896.24
40993.25
53957.64
6471.90
45027.32
1115.21
10361.30
65061.60
40612.44
33341.96
43601.46
27652.67
46004.35
34726.51
40167.50
12038.13
16415.19
2550.74
29359.68
9074.66
64436.64
64479.06
28109.70
18115.68
14495.40
1398.49
80544.60
27734.10
32935.25
71307.18
12637.80
42814.98
48933.11
38764.74
51234.94
17523.04
20898.44
17256.70
94449.00
59076.70
27269.20
29651.40
32410.01
30392.43
59923.55
11500.24
12817.92
39904.86
31611.25
62365.45
74081.70
84074.20
72544.56
85049.10
28566.72
70826.88
