988.08
32198.10
36579.96
23741.06
41996.16
67040.67
25442.60
30713.55
13361.22
36893.85
62237.52
25393.50
36008.70
13146.42
20812.68
68399.76
35149.80
42633.36
74834.76
39977.87
40864.89
74124.26
34334.30
49331.80
27969.92
16739.55
68173.00
36690.50
79684.00
47706.75
54108.28
9104.55
29191.86
46083.84
35638.00
14006.72
8883.72
43649.19
36887.20
25195.56
40963.50
8288.82
50390.56
54659.00
20181.42
17614.05
71468.67
33385.42
69447.89
43902.25
75013.12
87692.50
15412.56
82481.40
40430.55
48281.45
6762.20
14975.95
26830.44
40154.09
54195.96
46490.31
55555.89
25002.25
38459.80
32539.36
82121.40
57091.68
65589.72
57554.86
15460.29
16229.40
5816.30
83230.89
33811.75
57643.32
84498.32
7339.72
45091.05
36686.88
26517.12
6462.80
66388.14
4135.41
25170.46
59632.32
44110.32
18289.65
32350.83
65964.03
15199.92
48892.17
10258.85
15801.72
22201.40
30357.04
20294.23
9090.00
34252.66
19690.25
4515.00
14761.05
4633.00
54437.75
28330.50
19061.02
70104.26
7154.84
49289.24
25664.08
55769.85
55894.74
72148.02
49035.48
30657.60
60379.24
12622.50
45029.05
60641.28
30622.30
64796.04
77396.78
52569.18
5657.94
19348.80
66044.30
51811.10
39239.05
44662.80
50373.38
69193.44
11373.04
30323.43
54061.28
25701.72
23497.02
47895.12
20542.40
47250.24
4757.01
66075.16
44075.16
25084.69
24578.88
3712.08
24578.88
44488.40
74678.40
6074.44
44664.84
45978.60
43214.40
3389.56
45216.35
40056.38
14025.00
58406.04
45875.29
17322.48
82237.00
71499.84
9123.66
88341.61
41988.52
53872.73
34436.75
58371.54
1246.33
3269.46
75067.72
15826.80
43278.40
45756.10
44590.80
70430.10
58744.16
56941.20
24029.50
47189.94
50165.12
1644.73
60005.55
60584.40
25064.82
60364.35
39030.18
26433.90
73661.28
29711.60
17238.20
25821.54
46642.60
12457.56
36872.64
39582.30
52151.50
63929.34
41466.47
10967.52
41006.01
46295.78
3150.42
2897.08
39606.28
18355.84
28416.06
22936.32
40962.90
53438.99
56412.96
45155.60
34749.75
12272.52
45318.00
35197.80
37923.69
7210.84
43931.16
72277.00
60787.92
46489.20
3009.27
61314.40
1490.58
42530.24
77177.42
24217.92
15676.60
14992.08
32078.66
38962.35
28366.36
7512.24
19124.28
8478.27
50003.28
41410.77
40889.42
72499.05
11766.51
63475.68
22311.66
26116.32
49780.48
67254.68
58029.72
23467.99
60836.33
18431.06
56110.50
30816.48
17955.36
54672.42
3489.66
77678.78
16793.88
3876.24
72104.12
1762.85
8144.80
28275.03
61588.80
65589.75
46179.35
45313.58
27479.16
3641.84
32597.10
32539.36
17607.85
28127.70
6919.44
15910.65
55307.52
26776.44
8691.24
7129.68
1676.76
36661.17
57059.70
33936.90
86100.24
29647.92
19312.58
42283.02
50197.12
48940.20
41239.45
71743.90
53408.52
38120.88
9376.01
73970.40
41364.80
44105.88
48307.04
11960.13
9161.92
30836.30
30243.00
34324.29
52569.49
55996.26
25402.88
14945.80
8108.55
39578.00
25855.72
33216.40
60708.96
18524.16
62025.60
39978.05
31713.66
71626.50
4390.65
6538.14
50454.72
61976.01
47240.70
20106.32
27294.07
14070.80
5255.75
67354.56
72155.44
53846.76
40138.88
39040.16
54410.72
17619.20
69508.80
13757.58
14843.84
30592.40
49912.50
37864.08
41853.24
27381.64
75847.54
61334.13
34326.90
39567.05
49191.57
4351.62
17562.72
50067.04
59543.20
23785.38
43029.12
26571.86
30991.12
74573.96
21639.04
38612.18
53325.50
27539.40
29326.86
14105.10
26769.40
19688.76
49182.02
5716.20
74808.96
75396.13
38651.04
63146.40
40610.46
44329.98
64257.55
37879.80
3877.14
59066.28
9954.64
42643.98
33055.36
28109.88
61555.36
6496.14
43446.55
17118.45
3186.48
1347.44
13502.16
12793.92
16506.18
38234.56
41669.76
26524.52
6016.45
47553.24
14029.26
23650.62
60045.57
2913.10
17094.12
21126.56
14992.08
21873.56
88782.06
29695.92
12217.05
42829.36
5320.75
49808.36
21851.46
1856.95
1414.50
59113.50
15328.44
11802.60
7273.80
48996.44
1928.12
9289.17
64744.02
49780.91
5535.95
10069.71
47498.76
1692.79
39147.24
14029.26
30175.68
27329.40
62028.79
70868.98
77986.08
8433.18
39029.58
46645.50
64075.32
24260.25
19781.47
41932.80
33494.15
58774.32
55313.91
25995.06
15866.80
56268.96
36017.80
10161.10
55121.34
10699.44
48624.03
30723.30
1118.21
19286.41
44897.06
50901.76
4135.41
54577.13
7844.40
74238.00
22689.94
5013.36
4008.36
19316.40
34937.25
6151.60
61529.13
29176.90
6442.84
60156.36
57059.70
45499.50
65464.29
52496.00
36954.94
58542.00
5904.42
7670.22
30127.52
10154.88
9915.50
61344.80
17243.46
39209.28
29149.28
60892.38
11905.08
33084.36
74460.89
7953.61
22809.78
10240.80
34752.74
18274.65
52345.65
1031.13
26208.84
18004.35
30945.32
36678.15
11036.79
65253.60
22310.20
48473.07
13870.56
20999.23
20526.90
80685.00
19648.47
81355.50
15280.64
15330.51
31780.98
56795.52
25661.02
84171.83
31767.48
37020.94
59120.22
39120.51
24092.04
38316.88
28878.40
27086.87
21613.12
55597.41
49559.39
15745.12
16363.38
43147.31
11076.12
21511.12
18279.36
28155.25
65619.92
35197.00
37359.20
48772.50
34037.64
3312.57
26722.44
29151.77
13887.00
5073.40
35527.96
69049.44
39739.86
21064.26
62521.86
69499.08
11472.40
1093.19
16946.82
5240.70
27253.50
7351.92
48996.90
54931.11
20938.68
25251.36
60507.72
10780.77
28290.00
76860.96
61997.52
1054.15
15890.03
29473.29
37945.95
56864.85
43275.90
14449.82
19798.79
26322.60
30876.12
55500.00
39180.24
48083.30
6462.80
51319.68
46626.43
30216.76
52976.16
20840.12
14505.39
43400.54
26776.26
24840.27
19741.42
70982.48
35553.96
43170.08
5433.80
3229.40
26782.56
10462.13
26386.52
82058.48
41228.85
48099.15
56225.07
5760.30
42439.02
16767.70
87900.12
12413.12
53444.97
33735.60
6812.25
56353.27
79914.15
22526.66
43155.90
26361.93
47732.22
10104.71
51886.38
54938.10
7103.48
54838.42
7973.40
37444.68
10835.77
16713.15
90794.55
34705.80
8393.12
73717.20
36936.00
37207.10
52615.80
33027.84
20325.36
59134.08
50839.20
12661.80
13852.85
82380.48
22717.94
33608.34
44806.80
80516.48
59776.32
13844.70
8036.58
33798.53
52904.16
17154.72
60662.37
8764.25
52649.87
48543.84
50574.40
52336.00
25618.88
17914.20
72676.40
13034.28
26167.80
59382.80
64454.46
14964.75
42307.22
2626.80
12589.28
49354.00
21551.69
29701.97
35158.26
21961.24
33929.91
27160.88
64712.90
57512.50
81524.24
34948.26
22748.32
32579.52
45129.49
7696.40
30304.12
18609.76
74190.72
1731.82
25567.40
81441.14
80051.58
66069.96
29405.16
25819.36
52095.60
45839.40
82288.48
48924.81
14603.82
68356.24
21624.96
55419.20
7081.62
50262.65
69625.50
43823.50
36751.00
35446.99
22976.70
50273.28
38816.00
21243.00
54355.46
36661.17
10282.96
59103.14
50670.00
38941.00
74726.69
63066.80
75420.43
932.02
48033.15
27598.95
8517.06
7371.98
24383.45
88145.61
17255.26
62072.01
42592.62
45897.72
61130.25
62201.52
10104.71
40120.29
63246.60
35169.96
69453.93
58237.56
2847.12
37046.10
6122.48
53065.80
84889.50
64553.09
37061.85
23927.50
3205.38
16484.49
3275.44
35586.24
66175.65
46573.75
23514.90
33531.25
9634.32
14829.57
3120.42
22426.38
17790.84
21055.80
63877.95
31721.32
12703.60
70944.48
79387.26
9159.72
31064.76
50837.61
40362.84
44304.96
27100.21
35897.60
3474.75
6246.70
60972.66
14295.60
58309.56
30482.75
3516.78
73614.24
10420.06
54506.22
15568.56
25167.00
10851.60
12782.00
13977.08
28853.59
34898.15
31175.35
43651.17
51013.76
71522.88
22433.70
32129.66
15081.93
9677.29
50363.82
48198.15
26572.16
52719.39
33208.92
49528.82
78783.00
33426.00
66149.30
9960.80
9680.60
16817.80
22127.16
8308.80
49948.38
9479.90
26091.52
12469.20
41841.00
6972.45
18920.80
52527.16
24457.92
33605.28
18307.44
30847.79
58225.79
20560.47
20932.44
11342.32
13694.60
17084.34
47693.25
32855.70
28896.05
19088.30
51806.50
18715.80
14678.73
24266.40
68410.78
5065.50
50434.56
32891.04
56059.15
26629.12
6360.90
2598.78
5293.64
27389.07
4054.32
53523.00
12469.56
53543.81
47299.80
32296.01
25252.50
38349.89
37040.33
42879.87
1874.06
47427.24
57705.90
40104.02
38647.00
31832.32
55701.77
3701.88
2746.94
21398.18
19281.06
50218.65
85940.50
32506.80
20422.20
72377.00
34854.75
39998.28
57293.74
38769.51
51285.46
54969.91
10031.00
50090.82
44483.04
46777.83
13124.00
5826.36
63047.21
67922.22
50428.32
42090.46
78874.74
19130.28
50733.90
20597.92
12334.14
37564.75
62013.28
18107.72
13406.22
38678.31
35163.44
35213.50
20769.98
20093.32
54134.08
55204.89
71795.68
43101.31
61165.50
20042.00
18149.00
35936.75
46826.30
42964.92
39642.84
4735.15
62922.24
23064.64
42249.39
51898.12
50062.52
32398.02
26037.72
18960.80
9620.60
9698.29
15148.20
56159.16
7441.98
41228.85
60508.70
52179.40
33465.63
49552.92
78666.72
4516.88
12171.96
60754.05
56893.44
56060.50
42330.20
83393.40
31233.90
4943.22
79571.52
40490.10
20236.45
23048.48
54567.00
44904.72
3984.36
5736.30
66345.84
51926.72
41537.10
52545.10
94849.50
51473.46
11752.00
61024.80
36570.27
10102.68
72748.80
16637.76
16508.02
54771.75
26235.44
37740.00
29747.97
8865.60
17632.38
18303.60
12805.92
43218.87
44147.25
40793.00
21030.10
50365.96
46289.60
19381.20
43746.00
22564.40
6168.66
25327.28
55438.89
5075.34
8829.63
4132.41
78472.35
46904.54
29333.72
24744.35
27146.21
1163.26
12988.17
79043.66
30963.60
36079.44
2913.10
3769.02
14842.10
5886.42
78755.04
80735.00
45029.52
42384.21
50418.00
38524.18
