35788.00
12129.81
1012.10
73491.55
5820.36
21863.01
35998.75
2212.40
59422.40
21022.89
24413.61
2486.66
22992.66
24105.34
47042.45
18844.02
61366.60
23089.20
40826.52
1529.62
49298.90
75487.68
45955.72
37012.32
49757.20
18488.33
4770.25
31557.22
28611.45
8268.89
11874.69
21597.69
7021.70
47921.22
8593.36
63174.24
7081.62
55866.88
30700.78
24338.64
6787.12
26786.16
58010.04
27980.82
5420.70
28872.80
26878.35
10331.20
13384.70
53913.24
13784.58
47966.82
22157.80
2212.38
54882.96
35109.76
24117.84
54103.05
33578.58
22866.48
15108.38
17731.04
60255.04
40889.10
19897.90
27308.40
16047.36
54606.13
74702.76
27773.24
54883.91
17678.60
38105.73
49488.84
31443.12
1514.61
36781.33
45272.79
44312.40
59575.21
36027.86
15712.80
37682.31
46533.76
41395.44
4195.47
80313.60
47870.70
14100.45
25353.98
12148.88
60415.36
27129.50
27514.44
31958.04
36198.00
7783.20
6992.45
10615.55
22684.40
16469.28
34786.26
64817.90
9186.80
57916.80
18983.91
14491.82
1613.71
19242.58
69049.44
23698.92
53827.38
62534.34
48358.70
11069.58
20757.84
53328.97
43446.80
48157.20
32980.58
64818.08
18908.04
18920.16
20085.60
68504.85
11082.00
30013.73
71851.05
51787.08
5621.88
41719.93
45929.60
59746.19
42617.85
13845.30
4332.72
10024.56
48255.87
24813.27
36678.40
36975.36
33019.56
35736.22
15262.28
37419.20
4855.35
7784.48
8528.95
41422.54
28128.03
20632.32
37300.68
49920.36
29062.78
58778.58
3687.96
25978.25
30832.78
28930.80
65000.88
26656.56
51162.37
10180.98
14601.62
46786.14
65745.03
20811.78
55484.83
34434.33
66075.54
19472.52
4296.68
13313.93
84406.32
20900.10
44649.27
4452.84
32170.58
22427.52
57902.40
26535.00
49404.00
35664.72
20444.58
26152.74
56223.66
55240.14
68227.24
45131.32
17939.18
49122.50
47242.32
12235.05
49900.70
27083.43
8198.89
62671.21
32668.65
31324.20
11076.12
36579.15
24201.60
80052.48
37974.30
22662.57
1435.52
56175.30
54593.80
49088.89
50054.50
63493.83
42971.24
3211.38
36521.96
15055.90
10481.04
43370.75
1124.21
72544.12
12850.86
18091.20
7280.91
36219.00
5315.61
78666.72
76175.95
58942.40
12991.58
54639.42
79294.74
19149.24
27605.76
36739.17
39992.25
48176.44
18789.70
5838.42
19496.28
43265.04
31218.99
35947.80
57092.09
61297.36
49773.20
26419.12
82837.00
66695.52
28902.60
53012.16
18163.32
23646.76
56882.83
74174.32
18003.36
56901.25
48099.15
44861.85
17619.20
38440.75
63640.88
6542.92
76430.50
59863.60
27902.64
63521.85
50565.20
81920.02
2934.21
57469.92
4754.01
48932.40
9459.90
60147.36
31308.50
49445.34
14655.72
18259.95
40409.07
50054.50
5120.37
48915.84
39095.17
43167.52
76216.95
17763.20
32885.70
15476.40
63743.97
8469.27
7608.05
54659.00
33179.28
55331.78
52345.30
62225.60
42090.00
8865.42
27254.50
78727.81
44327.52
41095.12
56976.18
1089.18
24806.60
59931.36
6752.20
45192.24
67150.98
20565.92
6877.44
62666.40
51240.72
72716.40
22760.92
59870.72
30656.56
41122.84
48332.00
65720.50
52696.87
38840.31
36194.81
2861.04
24489.92
13013.90
13118.28
68392.00
15504.96
50407.92
52960.10
20466.23
42712.41
42156.80
7105.68
50478.12
23951.25
41807.60
45600.61
28696.80
26151.44
6877.30
51547.44
37209.06
47210.40
48980.58
4821.16
12933.90
21367.80
9784.62
87031.54
7638.10
22823.88
67567.28
30461.96
29355.77
42913.20
34114.74
44221.50
56640.72
93948.50
8238.70
50958.60
60049.35
37353.69
4765.25
20733.84
23902.83
31755.32
21754.92
20321.70
57469.64
13144.95
38980.92
15196.32
63782.64
66550.40
36326.22
30489.30
2232.42
79944.04
66877.59
47222.17
2516.70
40846.50
44528.00
20218.22
17250.72
17672.85
62263.01
8086.68
3796.08
6937.44
36544.90
17035.53
4357.62
13532.40
27884.25
72701.28
54321.12
44035.81
46640.88
23625.40
26698.56
26194.14
15152.64
47631.48
6552.21
44176.80
24001.56
20768.66
18035.52
14430.75
13020.28
29251.80
6935.32
15064.06
32812.56
9488.08
43636.20
30940.79
67798.91
70558.63
5766.12
6430.80
33758.14
55859.20
6356.80
15752.10
39016.95
36940.32
1571.66
79934.85
35888.70
26411.84
30584.88
32265.83
65084.80
45272.50
38624.82
7939.61
33764.72
61480.80
40781.03
45686.82
67138.20
21641.22
31885.00
11682.60
60002.40
4949.22
43821.84
9750.60
66445.65
30791.02
56269.50
43743.99
49613.20
23245.20
42341.39
10150.68
74733.75
32213.03
30612.40
60063.60
56871.18
46874.25
6542.88
2516.70
29935.36
51887.48
63950.04
19716.00
10843.60
4456.84
14919.96
90402.06
20587.05
27484.26
82346.40
27318.87
57338.09
37159.73
51612.47
17442.19
1146.23
14305.20
46634.70
84789.00
77131.42
23672.16
18999.90
65823.42
26528.75
51898.35
59751.00
8625.18
21649.54
43327.20
70621.73
9450.40
48396.48
57678.39
67774.98
9670.26
20279.56
37373.70
43305.30
18700.89
40348.44
34146.90
53955.33
39093.60
24569.74
7021.63
26860.32
20235.78
33066.67
26428.80
62442.70
20917.89
35738.43
43887.04
8244.09
71006.98
16254.00
16047.00
1589.68
37175.25
14595.90
9449.90
10574.20
17516.72
66777.52
47842.46
25755.84
25327.50
30976.64
2654.84
16733.88
68060.22
24791.25
24306.00
38892.18
40693.00
32435.10
37020.94
44183.52
68673.15
38744.18
35697.60
24452.10
56844.45
61054.60
44021.88
45497.75
22010.94
11692.60
36522.92
45404.62
8313.75
24091.48
73202.40
43607.52
1646.74
56024.86
30393.33
52556.28
59390.14
9029.50
24902.64
22200.24
1079.17
70003.92
41466.47
5210.65
30380.67
2847.12
6014.40
28840.32
50679.90
18209.10
19556.57
60796.26
18687.76
45929.60
62705.88
32337.03
48812.40
23830.20
66394.65
16033.36
3639.90
68228.16
27876.16
62050.10
11404.16
83787.75
9139.60
66378.40
25227.09
14084.07
2991.27
28878.24
47622.12
1108.20
13313.93
73590.49
57326.80
21001.89
37547.04
69518.53
22993.20
1380.47
65589.30
2994.27
83439.86
48121.98
79127.16
56939.70
37230.27
57853.74
25963.36
12298.14
34707.11
20199.85
42353.55
1897.99
48126.03
67796.81
10968.12
28587.40
54417.96
62085.10
913.00
5681.10
67474.93
26264.84
12685.75
38958.48
55486.28
40299.52
50201.76
46345.68
20104.85
51156.40
56901.74
30683.30
39944.10
48844.06
3351.54
13104.08
9111.66
59409.00
66550.00
26932.69
9334.17
40612.88
31945.98
25893.54
41459.55
1093.19
34444.57
50569.92
6847.38
43968.15
57122.06
5736.20
37349.78
33508.16
28790.60
40487.07
66759.92
43176.30
33969.06
67853.37
1826.02
68131.75
20884.61
38080.80
93246.51
48216.87
15997.51
59070.08
10263.33
40222.84
76898.64
12925.92
16697.76
73401.74
36759.60
54597.96
39883.60
14863.60
46382.16
14343.12
21484.82
19348.80
18226.72
37104.06
45742.67
44893.94
20361.60
40592.75
46146.31
1747.83
23976.25
46223.50
15917.25
38078.04
85049.10
37864.64
63408.64
42550.64
66716.10
10439.44
13947.00
11968.60
7672.40
22087.24
11992.90
64300.86
26609.31
20587.84
62661.60
45859.95
73854.24
9088.73
35570.08
21783.60
27870.60
3765.94
46579.20
29181.50
10861.48
70262.26
4957.32
30817.92
13135.95
4897.24
16487.40
12213.88
6502.84
58075.05
54441.42
7039.40
11176.83
27355.64
9670.29
24764.67
34869.24
38841.00
53712.82
41315.34
1793.88
17808.70
18713.89
62304.01
15922.94
70292.73
49235.91
30497.04
43854.99
2945.14
6871.20
57115.84
70868.98
83607.84
43601.50
58316.16
21577.95
8905.68
8626.24
12873.80
25354.17
6196.65
17767.21
39282.00
19082.70
55099.71
28493.92
29984.96
51474.00
48561.80
52919.44
4561.83
24386.40
73797.60
69065.04
43271.55
55419.20
44368.97
7357.92
38232.26
8121.75
65141.58
64652.25
77169.60
19039.13
13875.00
36431.43
16928.73
48060.87
21569.52
1461.55
46586.40
44312.97
3151.34
73826.61
70676.76
52414.88
6252.78
1404.49
18941.57
43920.00
13604.50
43876.80
23250.50
27525.96
26020.08
1398.49
20974.68
49225.54
5594.85
47611.20
18759.60
53065.80
36719.90
21367.46
19965.60
26883.58
48306.44
72204.36
76491.41
15890.16
65420.00
18131.52
70298.34
54430.42
59154.92
24544.68
29583.04
15601.12
78787.80
55041.71
42563.33
30831.49
22395.97
53252.10
53656.32
16220.27
41601.78
16411.78
28146.14
7576.32
6474.80
34021.12
61444.44
4845.20
49519.47
21763.60
1816.91
43937.25
6529.08
17024.04
11099.84
52003.08
54670.09
60787.92
43653.54
20433.60
24502.00
53739.96
29454.88
38291.48
40929.03
16162.92
68808.96
59814.00
59596.90
7239.60
44081.97
57381.39
56895.75
26477.00
23229.45
8078.58
90383.04
44237.10
55499.22
43270.50
8163.60
30304.12
4156.41
37637.60
75319.20
50397.01
41447.77
5941.40
15746.72
10379.04
60864.80
14105.00
76310.55
2618.80
32110.56
27772.16
49452.82
37679.41
35558.85
2833.02
23731.38
11144.97
16201.85
58669.38
18938.52
25801.02
63739.62
33113.77
41045.42
12577.68
58238.88
64688.04
27947.92
52905.99
62766.12
19310.70
41455.51
21148.89
82259.73
28344.06
61670.12
5581.92
19973.44
20389.76
40223.87
21172.86
1259.35
47235.84
77532.00
17058.45
40567.75
23875.20
75200.12
33410.50
38295.23
39115.64
17028.45
5432.70
38182.56
8727.24
1623.72
1442.53
17145.15
6541.08
25242.72
42134.70
26909.04
41094.90
54201.60
2910.18
21626.37
6190.56
35317.38
92069.04
13784.58
59661.64
17165.33
9141.66
14340.60
48363.15
13864.80
48023.43
5921.35
57260.57
22253.53
42956.20
1734.83
11653.25
19052.04
19754.93
15244.11
27005.28
4184.52
15091.50
65782.08
7111.68
6622.96
36998.12
45228.00
12936.17
77011.34
10300.86
57250.55
14099.40
19262.88
24434.40
10325.16
39037.95
39465.36
30250.77
