35246.52
47225.32
36758.60
10132.78
22734.00
66686.84
68151.41
11752.70
39978.24
13580.84
29759.20
13635.00
64314.65
1874.96
23469.90
81535.50
70676.34
35911.52
11502.40
79905.28
18328.72
54547.29
18401.63
34707.11
23081.08
22725.78
30051.80
48616.06
47945.53
79934.50
11772.39
8042.58
68471.82
11996.60
45673.00
22982.18
51294.60
49218.57
21731.40
29857.25
10120.11
41085.00
23783.06
23544.78
5321.68
51500.23
7666.33
23705.60
37191.36
44427.04
41373.10
46744.32
31691.66
46029.60
42193.92
46826.30
9041.76
35949.52
18909.02
83655.84
16694.46
5822.20
15376.44
9309.80
3417.69
24126.00
46818.32
16065.68
64707.08
11462.40
52906.00
17253.60
51174.80
44522.10
72733.05
47265.17
49402.50
17418.90
37209.27
23425.02
51711.88
47390.76
60412.86
9520.40
50480.92
79709.28
33607.64
68014.22
62421.28
20578.14
70868.10
5846.20
40863.16
22055.63
38222.73
18890.25
19997.01
25500.30
53193.60
14586.39
25125.79
59679.00
26381.12
31624.50
90574.56
51473.46
25467.60
10952.55
5513.88
23875.38
18297.95
61865.60
39326.00
7015.56
47629.92
84265.83
8649.45
26390.29
5318.58
40312.40
14065.00
58282.32
22395.66
42173.95
46289.30
48098.44
39141.17
29278.72
3189.36
25016.52
90696.55
43691.90
50118.18
10937.46
31962.32
21423.20
20727.98
68313.24
10745.28
74238.72
31990.00
75473.58
34504.96
65364.75
9856.62
23951.20
36613.75
8103.55
71866.44
45154.26
15500.80
1669.76
51644.95
24199.74
33035.25
57973.18
6322.68
27154.80
41111.85
66721.00
13053.17
18883.92
41150.46
41448.14
66481.50
41130.00
985.07
5489.84
28550.82
41978.66
61807.68
47290.80
84312.83
14874.99
59001.95
29054.56
48436.70
60420.36
10010.90
40293.40
58984.22
38853.54
20093.19
40818.03
25607.40
74148.30
1546.64
57195.25
39550.28
20864.44
26096.84
11370.15
58142.00
88734.59
15616.50
53164.44
16316.10
18668.34
44271.50
37506.79
90671.04
12077.26
28452.06
41558.55
44056.80
47619.84
69688.96
10114.88
67346.10
3174.45
56364.48
61216.74
55768.50
21334.72
20762.60
1869.96
37579.40
21732.88
16081.44
32173.80
14392.40
39002.92
82537.00
36543.00
8100.75
57391.65
25833.83
68219.64
16271.50
24606.60
71555.20
27581.61
38546.82
39931.20
48597.33
16804.06
19861.28
17256.46
57950.90
12620.30
28230.48
16298.10
75078.40
24041.60
69774.50
30797.55
12543.23
34445.40
52481.70
4316.68
83780.20
37165.26
26446.35
47698.88
12767.04
46391.64
51223.68
36134.40
29908.97
71784.44
39678.12
11063.58
59643.00
26438.12
12163.10
53427.15
49352.36
26570.75
22235.28
21989.94
27643.95
36473.22
71580.60
4171.44
48906.41
28303.31
69945.92
51855.56
63870.08
23737.12
88493.00
18147.14
7047.50
39532.63
69289.44
74313.89
55282.68
1743.83
10586.43
15346.30
1872.96
68329.52
11744.39
73917.60
10733.28
66971.50
48912.15
39049.17
62633.67
10771.70
44400.30
54772.35
41107.79
7142.60
49012.02
10854.48
69770.40
33782.70
23320.80
45407.76
55614.82
49704.71
1116.21
3743.92
8763.30
23685.40
3814.08
41481.00
50310.72
36038.70
1737.83
49069.24
1905.99
5243.52
49724.08
13005.76
34605.12
59062.80
75847.38
40955.46
13370.22
8413.85
76079.60
32199.36
23372.57
22221.15
39439.26
57111.50
12157.20
20575.10
41083.47
3859.14
13322.40
3264.54
59187.78
30322.50
42958.00
9966.00
2612.78
10568.43
7550.10
45047.28
28006.42
34851.18
56324.40
1459.55
9950.64
5395.85
63047.21
18063.24
73156.80
56522.40
79673.58
16902.93
57621.20
66070.56
1231.32
51910.60
13164.10
56433.20
2530.70
25427.40
2871.12
37065.16
47865.48
48415.64
8773.38
47006.74
21442.68
68399.76
60274.35
13334.52
30986.76
10225.98
30433.28
50154.50
16547.40
53415.97
13412.41
4165.44
58323.72
26985.21
54342.09
59783.20
31014.12
39074.16
18235.98
22674.00
32353.23
42056.55
24995.88
18019.36
56603.52
11534.18
13560.69
4865.35
9397.01
32404.84
59052.22
32122.02
68272.16
40467.09
64417.86
5210.49
51126.72
62623.74
4874.13
35894.95
25741.83
41903.93
74286.24
47071.98
63697.62
41408.64
41651.01
14407.12
34070.08
27046.62
60892.01
9712.36
7724.28
23723.83
49718.32
8529.28
7167.52
7479.84
3006.27
6405.07
49342.39
28731.36
21183.23
34256.00
10763.28
32606.64
26224.71
26616.75
41690.55
16866.54
8379.27
56844.48
45866.14
16144.92
7778.34
14992.48
55354.24
49373.08
2883.06
18905.25
32812.38
39627.34
40855.40
89325.60
37818.07
16433.19
64882.09
36245.61
13379.13
19468.46
30987.99
5430.90
52416.00
29956.92
22067.98
63318.78
13950.30
52592.32
20509.71
1000.09
45626.10
54238.50
40405.09
64396.37
19901.80
5078.34
62761.62
81445.50
79890.13
1639.73
33519.64
9200.10
24337.45
30692.55
11962.90
13774.48
49252.89
39843.60
5264.52
23205.08
39923.60
46645.50
43112.25
83291.12
17993.76
69321.98
33531.30
32813.37
27610.24
18549.50
5778.16
45037.22
42307.22
65409.75
60193.35
3339.52
26011.30
9551.15
1848.04
72526.50
38299.81
34548.72
62856.36
26218.62
13538.84
26532.75
27582.24
1982.16
13274.43
37505.60
37391.76
29157.78
47931.66
23840.96
79245.99
1161.25
27909.80
62140.01
16077.05
35296.17
30419.34
9032.66
5012.28
33412.16
63148.08
30633.00
35521.85
11276.21
55499.04
32266.32
26818.20
18975.57
34111.54
92265.53
64283.40
80409.60
24557.01
58886.78
51798.32
10541.10
24003.65
18740.16
37349.78
7335.72
41619.24
5320.75
59342.70
9850.56
71702.44
52901.16
66345.48
81573.36
14163.24
15590.77
11732.70
6818.49
36099.00
44219.52
11331.32
39563.20
35869.92
54989.66
45048.24
52979.34
21910.92
51462.74
58206.10
37479.31
61336.44
50032.71
1986.16
31551.12
43275.90
32218.56
12837.51
15316.11
14766.73
71756.68
42226.39
51848.23
32672.64
12273.10
53115.72
24971.40
42137.22
31425.60
26470.86
21382.72
34981.76
67121.50
56579.76
47475.09
59166.08
8413.85
51607.56
34644.72
67944.48
42301.35
14430.75
43903.86
48951.60
50614.40
56363.76
49359.80
4660.15
89421.60
67210.56
5345.80
63699.65
52863.44
29983.52
2668.84
40292.50
11584.54
26965.38
49420.47
9250.10
27824.41
32752.65
25629.20
51473.46
6881.49
24770.88
75932.36
45268.28
16467.40
48907.46
16770.24
11303.88
23203.31
4753.12
27965.44
53808.50
19416.67
19508.64
19204.13
29177.46
26656.56
68363.85
66916.20
11127.76
44207.36
21989.94
36744.33
1920.10
40323.92
21811.01
36465.78
50793.21
75199.20
27870.00
51674.35
4164.56
74959.20
15488.96
13973.76
20184.23
53222.82
77601.60
35065.52
39886.28
32311.80
61797.56
14667.62
16337.92
9930.80
79944.04
9221.87
30121.62
45056.52
47108.16
1632.73
37559.07
27537.90
50669.64
55728.90
36484.96
79085.16
85235.70
6454.80
70242.48
45336.28
13990.21
37062.06
45222.50
28845.43
30152.00
1569.66
67977.00
48841.26
30270.76
31207.54
4845.30
68173.16
48911.24
63066.50
17081.91
25597.08
41053.32
40154.32
18972.91
3820.08
60299.64
28530.75
946.03
25952.54
33237.27
52892.24
50581.44
50958.36
44145.26
19362.21
55272.52
28401.24
54154.80
58652.58
52496.24
46052.44
63562.50
54153.96
1889.98
31543.58
57922.04
25801.02
9459.90
73228.00
32885.25
74783.12
33316.42
61181.12
74478.00
26470.86
55627.80
51094.40
57484.68
3699.88
26662.75
57030.75
32264.10
7203.56
6687.15
41130.45
10826.48
45769.20
55596.00
40172.44
44964.64
72318.26
68562.45
58336.25
41805.00
63922.95
25002.32
52774.33
14246.96
48759.84
47349.75
42726.00
27196.64
38981.70
20635.56
61306.80
18968.04
29471.04
69156.58
25408.74
34214.11
4128.48
36555.78
93491.51
5395.85
36888.72
36213.81
20742.08
21459.95
21968.75
73249.44
28854.96
9454.02
25152.69
47871.46
19204.64
30047.77
2994.27
50948.46
9850.38
16145.50
35581.92
30884.40
50733.90
21270.72
3069.36
5174.46
23684.83
12013.20
20217.76
17608.50
82887.30
1357.45
4168.44
61610.15
76596.84
19256.44
46961.92
37240.80
5093.44
21338.31
61945.60
23292.50
1560.65
51892.13
58557.44
18543.47
51864.60
29921.40
48832.65
23545.68
84613.69
21204.78
20349.70
26613.86
43052.82
6787.16
88145.61
30143.52
6923.28
51426.36
53653.05
34309.80
4994.25
4893.24
40367.52
22532.14
13013.76
8577.12
27965.70
26124.84
44983.59
32606.64
16019.22
46290.00
29766.54
30515.94
21245.99
56906.63
40591.78
74671.20
73962.02
47287.45
19741.42
59632.65
22174.63
70594.00
57011.50
40491.52
11357.88
60651.58
53096.10
72989.28
11003.52
61965.27
31995.02
89469.59
23169.45
76618.85
5249.52
8658.45
52755.76
66032.09
29531.40
26508.20
21915.01
32144.58
57781.23
41880.93
42445.12
6937.44
40098.24
11276.00
12196.88
25326.81
4189.47
18088.76
6979.63
12605.28
49262.50
31823.88
46558.60
1633.72
30062.12
17360.59
44795.52
59639.80
23839.83
35677.40
55462.90
13487.31
38232.88
68022.00
83511.56
24846.35
8955.81
30537.48
20161.05
69706.89
78374.34
8361.18
80494.28
38716.65
59663.20
60035.80
21190.54
49415.80
90395.00
17585.59
20055.60
33144.98
21693.76
46561.68
9858.64
39742.00
5048.31
34398.57
46796.96
66246.50
51040.39
15265.51
30392.20
20609.27
39906.90
64561.00
73219.97
41864.88
28140.90
7918.54
61064.80
31649.25
4670.10
47436.09
64028.00
12993.90
72572.82
43767.20
38179.80
57130.83
27098.19
57012.90
2997.18
20861.10
47738.60
54840.91
910.00
90911.04
28029.80
2038.22
76878.84
44418.60
48743.24
60138.90
37353.69
82737.00
84590.78
24362.78
71762.95
20106.32
37916.80
32332.23
1160.25
39775.86
49333.68
69781.26
49235.34
36999.12
19208.70
47276.32
1715.81
52206.50
28704.24
41570.01
53708.00
68826.66
18935.25
