25327.20
86064.16
78226.56
21091.23
935.03
60453.36
33876.60
70003.26
23909.20
17995.18
10120.68
38938.16
35888.00
43133.30
24986.80
3759.94
50477.46
33988.53
36279.00
2772.96
71054.49
1277.37
17893.62
8532.36
22083.80
37953.61
83335.12
47230.40
3276.57
60212.24
37527.84
1613.70
60412.86
30307.86
46278.90
30772.60
42212.40
80196.48
28335.03
66548.52
33551.34
40507.29
5273.64
64035.15
42494.75
55595.28
39434.56
21454.56
22217.76
28878.96
50994.36
55240.14
43361.92
68912.40
39401.76
10120.11
5213.60
23371.02
11155.76
80485.00
58363.00
54061.28
35999.06
48611.92
27177.73
25872.15
30783.25
42745.85
11672.50
56758.52
27543.24
90545.50
67391.55
33679.88
49466.04
28815.36
21543.04
50455.07
30076.77
61217.66
7177.65
2838.09
46355.96
51294.00
61445.56
55258.24
78707.04
22084.00
23244.60
14663.36
87652.65
43632.50
36186.64
18467.84
18275.60
55354.24
60364.80
27947.70
80580.28
9466.02
12168.09
24250.84
6913.50
58837.69
79884.50
61535.70
35779.72
3864.20
60831.32
13075.72
44209.16
60103.46
28815.59
49507.50
23109.45
23575.75
19731.00
3559.74
10973.62
57120.12
62077.49
23471.27
12577.68
92897.50
11255.76
30560.22
37939.80
14703.57
26812.32
75511.38
6078.44
78517.80
12983.08
49643.20
25635.84
35245.44
22772.64
32740.38
61595.52
18840.80
29954.97
51271.68
28182.36
10030.56
25228.00
68507.64
27461.52
37884.82
57181.92
51702.72
18443.74
35162.25
21334.88
12178.81
54417.00
32227.20
17648.60
43581.60
21737.52
10731.52
29152.00
51854.95
31361.44
39191.76
49403.58
44591.27
27129.25
18274.65
53246.10
44203.50
34617.80
13643.63
43821.84
41967.22
26110.29
16547.85
34634.16
59814.50
21993.14
67570.92
33132.19
32222.58
4778.04
50410.65
49216.36
2090.28
41264.28
24846.35
75736.36
55347.90
36230.40
1203.29
14615.36
40269.32
26404.14
48580.80
32985.25
4937.32
5318.58
59541.48
50949.90
33461.75
25396.00
60215.00
57546.39
34996.80
6041.50
50901.76
87409.63
84103.20
7424.16
28722.24
79868.70
13005.68
51603.86
49003.54
15220.52
15730.56
74286.24
67237.38
67655.72
47131.04
41772.48
13950.64
68471.82
82022.40
6271.70
85184.10
36113.50
15878.94
6106.48
30451.11
35254.17
7117.55
12927.97
78170.13
15991.74
22956.78
28302.48
36262.59
68376.96
28217.70
16632.18
29732.00
35668.85
73508.08
18772.16
24361.61
43978.30
61021.35
29152.00
12454.65
14931.96
38680.71
14871.60
16653.00
37885.60
1914.08
13514.31
22376.42
33010.25
52459.44
16177.60
57440.80
73918.90
11751.39
55812.26
50814.00
44399.88
72564.26
1432.52
5201.46
53330.94
11402.30
28269.76
15346.20
61511.52
14205.10
60783.69
52922.68
31934.25
52789.77
71093.49
25689.02
22449.38
1292.39
22225.80
49522.20
68801.04
13720.98
29747.97
57294.06
34198.83
32200.82
15528.80
66887.04
30895.28
39619.58
25947.36
16937.73
43656.90
36078.00
35377.20
26846.98
38951.64
90794.55
12325.44
55910.50
37310.41
34596.99
17658.50
17347.00
8833.52
52039.48
37528.59
39185.28
15213.38
50135.04
48670.96
56059.15
5626.05
54364.38
39282.48
12379.14
52002.76
40423.20
35553.96
2348.54
18859.92
42867.36
56634.48
52399.80
38800.80
46110.29
45505.92
7232.00
38490.75
9201.78
12866.04
31262.76
47902.50
3085.26
12122.81
3173.36
20289.96
26953.35
4881.24
7371.98
6512.00
38915.54
44532.12
3597.78
30230.13
43362.58
53873.28
45940.44
55206.97
23519.16
28811.26
20166.60
4997.36
52559.76
1077.17
13744.70
49847.75
27103.69
24680.46
8871.42
26228.93
34876.80
20677.05
24361.92
39220.94
75301.38
29502.88
22368.13
87492.00
26428.20
23194.50
43447.99
24085.35
31974.81
59499.00
19893.28
43694.50
9928.50
23895.06
72894.82
32655.70
12599.23
71307.18
39345.43
20657.67
26616.22
25411.17
57853.32
3397.58
16073.16
37474.46
62895.30
21478.56
25827.15
48039.12
35890.62
12101.67
52120.38
33805.08
13951.21
1026.12
28771.50
28231.20
73677.20
12135.09
3738.99
38296.30
43563.38
12454.53
67521.06
56780.94
16343.10
55318.32
51802.93
64929.08
37479.60
18080.00
8430.03
20081.80
16902.82
63529.20
46521.95
19347.35
56484.94
52439.04
42745.44
76596.52
47483.48
24902.64
33267.30
75098.76
23719.74
12629.36
31152.12
18895.91
50407.72
58806.69
8138.70
14271.29
93598.00
56519.20
47974.43
11332.20
44234.97
8769.52
21953.25
29538.16
53849.40
51931.08
23370.53
10279.92
30257.50
80346.77
9834.56
77726.25
55743.83
45592.82
31896.63
75295.68
28814.40
42746.20
69116.98
66493.92
32009.25
58160.56
46699.45
45609.20
37115.33
64376.54
23809.92
11394.04
33966.37
47192.70
8273.70
28607.09
24710.62
17133.45
8565.06
3468.72
2030.22
29985.45
9865.62
35597.07
11982.60
15415.20
50516.74
61177.74
13294.08
15063.84
6566.21
6354.72
35766.28
20691.84
66935.52
6491.95
66760.20
21022.89
12933.68
29747.28
21803.40
29931.77
14328.47
13406.52
24260.25
26409.52
22583.85
39894.39
23347.30
90595.00
43923.69
5626.00
10370.99
15523.38
3073.24
36240.27
67607.40
52957.50
31295.81
23450.99
37151.33
26668.26
29247.24
55460.00
36840.44
55049.22
4841.10
68060.22
36732.42
41998.46
13524.40
30597.21
18453.63
62995.20
38702.82
79414.79
61986.24
68003.28
7009.56
47706.75
76486.50
67526.55
91946.00
8937.48
57410.68
61168.66
65379.30
7288.00
30679.30
5030.31
41654.10
55260.00
41361.32
16528.49
22708.79
39322.80
7790.34
1181.27
18643.80
15847.65
33955.80
52458.10
57658.45
2148.34
22367.52
52817.76
30106.12
76310.22
14282.29
30053.62
9880.80
38121.30
86147.71
13325.13
39267.36
18467.84
31756.68
69948.48
41553.33
1826.92
55194.24
3151.32
25097.14
55197.90
30693.60
15982.83
80078.13
8847.42
34590.92
36498.20
49204.16
42364.39
31962.32
1766.86
33078.98
39322.80
32596.20
60909.93
61291.78
17418.48
17054.82
75232.13
53060.70
31493.80
78335.81
1809.90
27420.00
58822.40
10366.92
42111.92
5438.70
43035.08
3111.28
35257.00
50363.10
26039.30
10989.99
46849.40
33668.80
3952.23
41667.78
7514.04
26517.90
2488.66
30461.66
41337.34
61802.13
31330.24
49929.28
14298.12
53449.81
58778.58
25787.02
29027.02
4504.88
58390.56
48685.89
44007.25
32585.34
65277.08
69329.04
38921.31
39241.92
5357.72
34987.50
14703.84
36489.15
23200.50
48965.28
27308.80
22959.30
15027.84
83988.50
90046.56
4575.05
53189.80
35160.08
6254.64
76481.00
20781.84
58413.00
26188.56
36438.20
39690.56
49652.39
18884.32
9345.90
31505.88
23731.38
75559.20
44688.00
3791.98
29804.54
66721.50
27484.07
53685.40
30166.92
10010.72
18920.04
48760.48
7183.56
47891.98
68312.00
7007.40
29506.75
5173.56
15076.00
8654.10
20027.28
54017.60
55860.50
27434.97
45952.53
48842.89
86240.50
3785.96
50461.92
38008.60
26829.25
21947.10
22869.15
17588.50
15496.29
64744.02
5971.40
33993.96
55130.24
6462.96
61966.49
70259.72
34922.38
2662.84
15207.17
54398.52
12872.51
28453.92
8270.76
8964.45
25163.98
66770.84
60580.37
20662.40
15268.32
5477.84
51085.02
23725.40
49077.54
59913.90
18466.63
51656.00
76244.08
50229.45
59317.30
48100.84
4885.35
43869.84
28983.02
15116.10
10941.90
44079.04
41998.00
5061.40
32975.70
71743.90
25436.85
40177.09
58597.92
10992.00
50197.12
15421.80
13568.31
3832.11
71575.68
46754.82
29245.59
38681.16
43727.60
48744.17
57495.90
35275.17
28296.24
65192.40
13710.40
13040.65
14280.60
48501.68
19965.00
72449.93
21815.36
49639.05
16470.18
35398.42
49529.34
29256.50
12677.36
36543.00
42525.72
47900.46
57011.50
56465.50
16777.70
62705.88
80532.96
11105.64
62504.91
51265.35
60824.05
30992.80
2829.12
25787.83
57239.64
10475.20
24063.50
7491.12
11506.18
42437.08
20947.35
20457.60
17868.11
53607.54
22995.18
46708.43
63640.88
8337.04
16052.40
45002.64
85625.76
59970.90
60396.96
43420.75
27254.50
32347.00
42605.76
15106.50
38857.00
67375.91
24346.03
7981.61
36621.00
43831.90
12541.68
43636.50
45072.50
14880.32
7267.80
19244.28
49994.12
33730.72
60124.26
18794.52
13820.95
21321.23
46447.58
52824.10
52447.87
52266.58
63210.60
73029.00
12289.31
33002.37
67259.28
33805.08
64969.50
37461.96
48968.10
24914.88
47592.09
46114.98
22794.84
35521.85
4931.19
17880.98
22532.14
2302.48
4136.48
13038.08
46909.83
21803.60
17684.70
23272.20
55462.90
34998.38
23226.84
51841.86
29515.98
11922.90
39348.40
25695.18
40188.09
5731.20
64837.00
10723.44
1819.91
23364.75
49595.91
55033.92
67645.76
82148.01
31478.25
51183.00
59226.14
55516.89
65870.50
62525.52
43575.40
26181.72
29984.16
27629.90
20952.26
2186.38
6361.80
45776.64
70562.80
39690.00
24632.10
49972.80
15856.65
44356.40
24992.64
42299.51
24524.10
32858.76
57010.18
33816.60
36424.64
38501.10
50966.39
43921.17
38481.54
57846.25
34721.41
26452.56
52167.81
22266.20
49228.56
51315.00
83588.00
61084.44
7387.92
10691.44
45208.80
19264.91
18713.89
15484.56
32299.83
20597.92
47812.18
41961.78
87992.50
47956.32
37840.95
11452.43
8748.63
74373.30
31051.28
27899.45
48969.77
33247.19
46652.30
36620.43
72358.02
19947.60
45835.53
21613.29
58298.56
49675.75
58031.20
21412.80
7898.40
31449.84
47424.50
41755.78
41156.64
3684.96
46144.35
49161.90
1059.15
57469.64
20727.98
3968.32
16457.40
69751.99
45959.67
13173.79
8679.24
22964.80
28688.82
45968.64
34056.90
7911.54
5537.82
59127.02
18649.50
21307.65
22367.66
11527.18
14475.30
42592.62
81736.50
22655.76
10685.52
18650.34
46954.84
29663.04
5201.56
41773.94
40430.55
42845.25
43747.12
37087.16
27926.41
68800.60
19807.06
