43327.20
56363.76
57515.64
13289.13
40993.16
11672.65
25066.56
16667.60
27821.52
29900.45
18400.36
35645.61
37739.40
16866.36
29440.32
41445.20
47602.24
33131.07
65213.80
72605.67
41618.75
42980.57
48396.15
17568.50
19581.40
5878.24
22750.64
35880.39
60229.35
43776.00
9546.24
4975.45
56355.21
50032.36
15802.65
58585.35
8684.15
34489.44
5080.55
10673.22
21371.04
69850.48
18240.95
13324.20
49577.85
31281.36
63822.65
5165.43
54498.00
54859.50
1656.74
60128.55
32026.32
18532.47
48631.24
59246.28
27812.45
11325.15
29807.25
23705.12
28169.55
47980.66
75806.54
43712.15
34122.34
5483.76
10649.43
49319.36
42634.02
51077.39
58230.04
42461.82
44203.88
46922.04
24502.00
52657.50
82437.00
29972.70
6463.02
13685.58
4224.56
22191.63
11232.90
1280.37
75588.87
8787.30
66075.09
39803.20
23923.06
13294.20
43805.19
26155.52
50402.82
28064.40
17682.84
20812.68
13061.76
8123.60
58735.71
50815.46
18091.20
34217.82
23305.00
10679.22
61855.15
42747.87
23233.44
44614.80
1137.23
75495.20
18378.36
24329.76
45503.76
19461.40
21316.49
988.08
66367.11
23889.65
21538.56
8689.31
3141.42
11613.42
77137.27
8634.05
62661.30
20249.45
7339.68
24602.64
34645.24
31441.80
74511.69
31461.75
14567.28
12793.68
69152.80
79801.72
4428.80
63836.85
42412.46
7352.08
48161.34
77211.45
12183.10
63668.16
36135.04
56268.96
52314.90
15532.29
57588.23
72412.80
37965.90
62244.22
11702.60
33734.25
33828.48
23409.75
25282.60
17882.81
14692.86
56522.40
46278.90
45918.60
48906.41
27605.00
44446.56
22461.66
33915.60
15767.08
15856.83
66956.05
12352.23
29502.88
19010.52
37843.82
34461.99
62417.88
10270.80
11709.39
32061.66
31155.54
48280.70
44238.60
24732.27
15991.83
31041.12
13015.97
12802.59
34416.20
20994.26
32668.20
35873.14
30817.60
49500.08
33263.62
16491.02
52495.20
79295.26
44959.60
37280.80
65926.07
81597.56
84641.83
29898.00
40600.56
22840.84
82948.42
24137.60
73479.91
74177.61
66858.54
37818.04
17897.18
8523.95
38218.77
35443.38
60978.22
7491.84
58643.88
27245.70
16388.19
51805.66
28189.60
60959.68
44411.10
35263.05
73909.88
52432.77
67277.76
42274.46
5484.06
14625.60
83157.30
27420.96
61048.68
21082.36
38365.32
9958.50
12697.68
31710.00
14806.20
5746.20
44146.76
12164.96
50596.92
1319.41
43993.41
60544.08
3000.27
11991.98
41461.74
20041.28
69555.99
43849.50
19028.48
8594.00
10865.70
23301.30
74432.49
28344.68
12533.20
47939.66
68281.44
26202.29
36213.50
63450.88
47421.92
35533.68
19382.09
49245.57
16517.64
19220.40
58157.55
19089.00
52780.87
14185.34
51088.34
24199.22
49704.50
32573.64
28300.36
17001.53
42044.25
38701.53
61802.13
64744.02
13834.70
17130.12
33929.91
23462.53
65109.60
16874.73
53059.44
37815.00
26059.36
47346.30
13174.10
47651.22
22019.16
46634.70
37239.00
39802.28
27160.98
23659.38
16025.16
13250.86
2496.68
52179.40
47373.69
28682.40
27380.97
42921.36
53764.62
7538.00
40644.40
81135.50
48306.44
17360.59
30125.13
11199.21
51510.40
8547.12
53135.55
47488.25
30157.50
30271.68
8273.70
39210.24
35464.38
17827.81
43367.20
35390.52
38886.12
12415.52
50832.60
35706.85
17443.08
24597.00
46845.05
27669.60
26156.29
43260.24
74166.89
41324.10
6466.84
14161.18
1836.02
3113.30
67610.91
44358.98
20483.71
64176.15
52358.88
74215.40
39617.00
15808.92
30839.76
12589.68
6913.44
39500.37
33172.74
14405.30
10973.79
39382.35
53937.60
994.08
26887.12
62943.32
15286.65
24070.35
40693.20
57148.16
74287.90
58652.58
54283.50
38482.00
20639.84
49373.74
56512.72
20881.44
5561.92
42867.24
20795.97
59795.68
43354.44
50647.20
11460.33
39002.31
34885.76
48772.50
1956.14
75980.50
71928.36
85327.24
68232.48
36039.60
25269.30
5055.55
36302.40
75105.12
72777.00
51225.04
68399.64
28032.42
66934.56
17578.50
50455.00
82751.85
43413.76
14519.82
8191.89
10758.77
89194.00
23375.75
53313.12
10672.27
23634.90
39920.79
40485.03
35975.94
70390.71
31421.88
72918.54
8324.88
71625.60
57843.72
44630.52
32275.03
8809.25
27788.45
60689.28
18331.44
22103.68
43946.41
9706.40
2754.03
6542.00
14295.04
9384.85
43430.58
34116.00
9090.00
18389.36
56639.40
32754.60
20685.84
80435.00
42813.54
39710.58
28938.80
46895.85
2648.82
14825.80
12718.37
66677.52
67772.50
27705.24
10483.06
25533.82
39963.60
30860.64
47225.69
25887.60
50056.28
4448.80
4588.96
17024.04
55699.60
29347.29
72304.05
41151.40
13090.95
39936.87
46460.40
69289.92
26215.14
90995.50
25465.60
19130.28
43601.46
42550.64
40133.70
16551.78
56219.10
33155.19
46595.95
27805.28
4534.83
53666.40
26468.20
18805.02
18450.33
29511.68
6829.32
39079.95
28606.08
38535.12
33002.37
77453.42
45023.28
75329.55
52945.50
57110.55
23501.99
11919.69
50093.64
72547.93
3019.20
18576.58
29355.77
23867.20
59330.37
40304.44
43110.53
25030.60
40141.87
5174.43
65779.07
964.06
50549.44
40876.88
38003.42
53048.00
28131.74
8280.09
29771.60
3031.22
36867.42
17852.38
58867.71
17412.59
69498.96
14425.30
3493.68
34982.70
45959.98
6732.20
50974.34
42126.63
6482.84
40605.86
18289.20
32019.66
39487.70
13630.40
5754.30
17087.33
57212.16
11508.60
2802.06
57085.16
16433.52
38174.25
3924.28
44818.10
19605.08
5574.12
46098.50
73614.24
4090.35
24376.50
45022.95
2178.36
16173.36
89373.60
18574.95
29823.20
86826.72
58274.04
8058.50
50309.78
24189.48
5778.30
16653.00
50029.38
23726.92
10955.46
42481.80
79620.00
39649.05
49752.85
78471.13
69075.98
24136.84
41119.02
51162.86
18632.34
48878.10
33065.70
35629.92
42466.20
41581.70
17388.90
33443.10
22552.79
38392.56
9209.65
936.03
8544.00
33356.38
28607.26
5615.88
30599.48
29440.94
24916.60
31859.00
3177.45
3624.90
52690.77
27429.40
13748.49
45178.49
49950.71
63617.65
64670.08
2736.00
29451.20
937.02
53712.82
45075.35
74614.32
40811.16
16829.88
12263.10
36135.04
3531.72
86134.65
41425.56
55535.80
57012.12
34336.75
54759.50
6042.60
44029.44
2526.70
75415.12
34057.10
40768.00
6041.50
42465.08
83240.71
40950.00
36017.80
68472.48
31764.60
42837.12
54987.90
9664.20
24673.87
6655.00
46849.40
41736.24
16713.00
40654.90
50164.80
25170.46
27779.10
19455.54
6903.24
53318.43
62436.60
7818.30
38705.76
27082.62
16846.06
64411.62
24226.50
54896.42
64788.40
32095.00
47604.53
42029.92
61434.60
22031.94
24366.20
27539.40
48651.11
6134.48
57331.64
14319.04
43406.08
15989.04
24533.46
20587.05
39570.84
63705.68
31791.02
72273.11
33936.25
1508.60
7582.19
5312.58
14751.44
13280.13
63517.68
26289.90
14673.96
70010.40
12788.44
10835.88
36702.93
17938.03
61770.10
10054.80
46217.01
15024.38
71703.67
76436.22
1468.56
65981.96
37713.79
37209.27
46220.72
13758.48
59010.70
61236.78
58744.16
43433.04
43415.19
9164.60
25227.50
29252.97
28921.80
17953.18
52751.16
48921.60
43921.17
52104.90
10342.99
59418.90
54272.75
19044.64
17822.57
54658.40
46486.76
83438.00
52755.49
32809.58
12410.42
9046.66
33094.80
31478.25
7730.28
11232.36
78611.04
55193.92
36864.25
33444.48
9065.76
23382.99
61880.52
37728.32
34036.25
87746.65
44640.96
36063.52
79428.00
35688.44
82603.22
47960.70
30032.25
27529.40
26318.38
20217.76
53642.05
51579.44
88829.06
2787.06
18209.89
1922.10
60001.94
33046.74
54375.42
33755.76
47589.30
10561.50
7177.65
64405.60
15556.80
35613.00
48307.20
37884.41
61361.76
26957.04
38598.42
6503.14
13466.52
2887.06
18336.14
17794.81
41660.88
62948.70
17674.05
46108.53
67345.59
38139.92
5540.82
44352.96
16998.45
18199.80
2060.24
66075.09
47005.14
34245.72
24001.74
25177.25
87740.16
74306.32
23638.16
46549.60
81135.50
57880.90
54393.28
21190.40
17266.62
42128.52
73467.08
22548.97
63412.88
12879.51
33893.46
32144.01
74328.75
9721.53
41107.44
69553.35
15174.38
26582.60
20466.90
14851.20
1305.40
3889.14
27007.56
50378.13
14455.20
20346.75
37488.96
36171.18
46417.00
58862.30
43327.20
52471.16
70045.50
43258.80
53241.68
85065.30
50679.90
29690.35
71575.24
62309.52
46909.50
10949.52
7126.77
38028.90
60776.66
80537.71
9880.80
39114.24
9243.78
24270.03
6574.92
30162.20
37960.80
15738.94
21082.80
7856.56
47626.92
37629.48
3872.24
24904.18
21303.00
7203.84
45543.45
44656.43
19941.90
59834.90
39037.95
12683.60
4324.59
27580.16
13714.60
35137.53
43520.30
44198.00
14117.85
29031.25
90696.06
5200.65
35557.68
18696.02
48903.50
52525.44
32137.80
7403.76
59661.64
5114.40
2540.72
8363.80
16625.76
60507.72
36215.44
15667.56
10363.12
20063.12
66922.20
42142.95
7179.56
41713.76
42788.44
38032.08
10989.99
46799.00
52756.77
54361.28
63346.80
41351.47
26650.26
31333.75
34687.50
76689.12
62146.00
30108.73
9803.43
32638.76
9177.72
71366.88
30296.40
59596.56
57541.20
35857.60
4666.92
62194.00
42885.90
54465.22
48447.80
4156.44
6682.15
31185.99
18580.00
9598.14
9291.94
33655.40
73529.40
49931.04
13764.74
62795.96
10559.10
17478.60
43595.76
35563.50
19070.40
33597.18
51364.60
6763.12
21843.80
6975.36
45193.28
61798.24
55001.92
60035.80
8336.88
27371.19
26670.60
54713.60
3876.24
11195.92
45488.80
9200.87
76926.31
26965.12
54202.28
3497.68
43696.20
18735.52
33316.92
43566.40
84368.69
4645.10
42678.09
42120.90
19208.41
6973.50
1486.58
18299.20
30307.86
37379.20
18740.52
12964.77
30843.02
2534.72
67680.75
10659.66
40026.24
28656.94
23751.00
20962.20
53291.19
24003.65
62309.52
70781.97
64340.64
