28283.02
11973.13
28526.94
17575.19
44089.50
38597.04
52748.39
36478.40
19208.28
52910.49
20361.75
76447.98
46867.64
67498.92
32084.50
4189.47
36438.92
62296.64
3736.02
48767.36
11892.69
34245.72
6807.25
10712.52
3967.26
1268.36
14370.40
69241.48
41931.78
52345.65
34936.60
43786.44
55813.80
39312.57
11739.60
7419.80
2366.54
32825.70
82995.22
35318.50
64176.20
56711.50
49191.48
38628.70
27925.92
26332.56
18751.80
46380.87
58653.00
4207.47
84712.18
6426.76
21225.36
62851.20
22706.64
47896.10
14029.07
29422.88
10018.56
70298.40
57526.65
12363.30
2210.40
71752.12
42366.46
3708.96
77315.42
43727.60
56368.80
51272.73
66633.84
79365.79
32975.70
28090.00
30488.64
45804.96
40346.24
29954.97
48857.46
52225.81
74767.20
21935.04
36354.92
56940.40
48556.46
22129.38
3525.70
69855.26
35570.88
63988.62
5054.31
6166.65
50067.04
21550.68
43132.87
1858.04
53334.19
55703.28
51053.04
44784.96
14976.06
48627.52
67211.10
8395.03
29370.96
14405.30
23984.22
3570.84
4645.89
22028.40
75232.90
33200.97
26299.89
64325.64
57440.74
41788.93
4875.35
16545.92
41331.68
42412.92
16721.76
44780.43
1371.46
10070.90
1576.67
40137.66
29849.28
5652.18
35135.26
32698.80
42409.56
41196.15
76310.22
57781.05
71240.25
64514.54
49148.44
43968.48
39936.87
953.04
64704.64
34977.67
43283.50
37736.64
39089.28
22482.32
50054.50
19792.25
77060.34
39101.85
16439.78
10478.34
66682.20
47750.40
20622.40
13550.24
23409.75
11162.76
60719.92
50815.46
64105.86
10251.92
34752.74
30831.68
23545.68
2660.84
41203.44
34924.41
21010.68
32487.00
31995.72
66525.81
32835.00
5121.48
62892.23
9369.85
35813.34
52855.77
47570.40
61716.50
19911.42
9376.01
10217.07
37674.30
54688.95
47461.95
27750.24
32019.66
48335.75
57745.18
15018.12
68952.40
41279.68
74167.26
50544.45
71179.24
74060.61
10036.62
28470.48
34572.72
79327.60
85274.10
15969.44
10331.20
72276.00
27730.00
69487.60
19160.28
21498.82
87888.12
53929.35
3007.18
41173.80
37082.85
20886.24
28630.94
8909.35
65583.07
62194.44
10481.04
49372.20
44847.25
15829.65
20419.70
5051.34
10539.28
18804.89
30413.11
9081.90
66031.66
61294.74
6377.00
2276.46
6909.56
36563.75
13924.90
6912.35
71615.95
20331.75
8833.52
56400.30
39157.05
22087.38
15845.83
31009.92
47639.17
52106.60
75780.50
36336.96
31592.25
35997.80
44558.73
18909.02
30253.86
33299.27
5718.08
16968.93
35567.62
32761.05
18323.50
17716.21
29064.78
81221.36
6781.32
57468.48
53370.62
15486.64
31813.29
4348.62
58077.42
33635.75
32647.65
42195.00
26262.60
33995.54
62517.00
3390.66
6222.60
5281.64
28079.55
3527.70
26067.93
15929.03
43305.90
56941.20
45323.88
59255.70
49894.38
8283.75
1613.71
25110.54
2736.00
32524.20
60707.01
17490.60
27245.68
36775.68
38079.42
10459.20
8769.30
58199.91
12669.44
27136.80
72544.56
33993.96
29214.72
47610.17
1667.76
34188.37
52751.70
23600.78
10871.40
49156.80
21243.00
28798.24
11300.00
80532.96
27223.98
15136.50
1422.51
15412.44
11220.00
22686.30
64160.04
8857.52
58596.16
85005.24
8649.18
28780.82
58714.48
57448.57
30744.35
11027.76
45688.44
35319.49
53866.08
27884.25
17382.48
23829.96
20391.75
26068.00
30869.68
27929.25
28873.05
24758.46
40759.50
60103.46
16695.36
74246.90
79749.13
35737.59
50012.43
16962.00
18274.65
13665.74
28606.08
26644.80
26193.44
22683.57
45105.28
50593.96
23851.74
30104.62
1869.96
59266.73
68395.82
29479.14
39873.90
75981.36
43047.30
35380.38
48320.36
26082.45
49087.15
8406.27
93698.00
35637.60
6476.90
43302.15
35047.50
19530.42
10859.52
49869.39
40938.15
27518.07
68222.50
69568.39
75407.20
76156.08
32220.32
40744.03
7327.86
47871.46
77882.50
72772.05
58358.16
19229.90
46459.30
18980.80
71314.80
63603.76
18869.70
23945.60
60448.80
28686.42
16987.80
44117.58
61310.25
26292.84
49588.48
56193.16
39187.40
50894.40
58141.60
94199.00
24666.08
56700.40
77256.96
25703.00
30312.20
68946.54
31375.41
41774.40
30944.76
39959.18
83780.20
74150.49
46117.17
48933.11
37246.56
21816.00
23331.82
29326.93
12062.90
16254.00
22307.28
47551.92
19746.15
30272.64
12467.65
17398.30
39207.35
24686.87
62183.94
58616.60
1177.27
12982.77
31973.80
14656.16
55638.80
4645.04
14135.94
64664.46
15054.84
42382.20
74478.00
39416.37
977.07
44698.26
34387.20
8834.30
11895.13
3727.92
65945.66
4645.10
38218.11
20998.40
1475.57
51491.44
57349.16
6142.48
3381.63
5277.64
55444.82
5090.34
20625.72
33500.65
54395.04
50789.20
64004.64
60984.80
60288.03
41161.12
34408.66
33383.28
45621.51
42018.64
61889.52
30194.12
15316.32
2526.72
23574.90
59521.90
19256.28
68485.24
49387.14
31359.58
33551.84
57211.50
17953.32
43647.20
62417.00
21394.62
34656.38
32814.60
20325.76
36570.60
15688.80
67560.00
18140.00
65084.80
14217.03
12550.23
22974.48
16145.16
79461.42
46768.59
4900.35
48730.06
20340.45
48845.77
27245.19
17715.20
72172.32
27598.95
39839.80
44652.24
87451.68
42773.36
31181.54
51877.52
47812.18
20941.61
66487.20
31825.02
52920.00
34747.50
46355.47
4813.20
60420.36
49155.77
40517.75
45447.75
59551.80
58013.51
52818.24
9084.55
53649.54
36543.00
46564.70
3409.60
11071.69
47326.95
57980.23
7126.77
4201.47
29862.97
48628.90
1076.17
81089.36
67639.34
10640.43
68521.78
27641.16
90843.06
75763.38
59358.22
48953.50
28128.03
68923.50
45357.82
55989.15
38110.50
26253.90
31469.93
39774.90
1791.89
10312.86
5037.40
34789.76
21719.20
20965.10
52300.90
1811.90
43546.00
18697.69
18205.46
15696.94
53733.24
31091.97
11217.06
13914.90
52246.60
68712.60
58281.91
32924.76
28170.80
22059.38
2522.70
56340.00
77554.08
50426.88
70714.40
40026.24
1296.39
59561.37
25305.28
48255.84
26542.08
40552.28
31364.06
88989.60
47609.60
25839.36
41693.22
36751.00
71909.95
36516.64
42129.78
38962.00
80196.48
31633.75
36188.59
68447.78
11496.60
39245.85
34356.66
37966.44
39002.94
52456.00
58274.48
4565.05
25902.30
2718.00
21998.25
62973.69
8833.52
9532.35
21539.54
18661.89
45938.10
49497.20
17406.48
23144.48
24435.00
1353.44
42525.62
14141.40
37419.20
74350.32
62345.64
38354.04
52143.42
3483.66
67214.84
62190.45
28781.00
75007.20
7292.75
3799.08
32506.54
56131.16
14469.30
40842.96
18312.25
63336.50
13117.95
12957.68
41934.20
7395.76
9730.40
62270.34
20373.36
41192.28
5453.73
25129.28
14315.40
31534.16
17794.20
13654.63
59006.08
70469.10
14838.66
24488.10
76015.80
15352.11
12271.05
27179.88
36939.25
68953.44
10613.16
15406.80
12751.75
34596.72
18543.58
35643.24
35713.00
14029.07
75950.10
15306.39
4749.12
55319.40
22530.42
27371.40
67320.00
25949.06
14599.28
47577.92
54137.60
3696.04
31513.40
16341.64
43749.40
58434.07
28760.94
58813.88
5040.50
31586.24
30070.92
31490.56
45724.00
9703.53
73097.67
17088.45
68670.15
46969.80
68133.52
41062.89
11972.72
29431.68
36866.72
12365.12
36003.59
5505.84
32352.58
8949.54
54484.75
12473.16
54987.60
7384.16
51205.50
16506.60
27058.73
23566.62
74769.26
2847.12
7904.54
26740.26
35443.38
51802.74
12573.50
20181.76
22271.94
29120.32
50734.40
43492.77
1755.85
5070.50
10384.33
50733.90
61211.36
15746.70
24596.28
32724.00
32145.84
15180.93
3291.46
33729.63
42124.80
26229.12
59463.36
4980.40
40995.00
25877.94
10761.70
16027.83
69289.08
13236.19
1761.85
49072.89
42678.09
65870.50
37335.60
23257.30
59198.08
75934.04
49503.74
45168.32
76478.22
78515.04
52508.87
2875.06
40684.40
11309.82
21344.54
34327.20
6882.35
42384.95
23857.56
19695.42
7890.54
15568.96
30251.06
57878.04
57898.62
12349.44
11555.18
40469.52
8839.30
31383.75
60544.00
64670.08
12949.17
46732.14
41279.42
34373.12
43750.80
53457.20
45723.43
59038.08
23255.44
10574.20
50893.63
50033.76
39093.34
25107.00
52538.18
44939.88
37437.56
11212.10
40110.39
36302.40
38706.81
43725.84
37395.30
3009.30
60177.39
24810.24
36204.48
58188.42
52497.04
41885.60
72085.24
27496.98
13027.30
5474.76
24902.25
19259.24
25508.28
60354.36
43054.62
78063.59
26096.56
29791.92
9786.48
31713.30
28230.50
38233.89
31209.36
43630.40
67188.67
34127.82
33455.40
30088.50
58968.00
15504.96
56734.63
47595.69
14551.28
9628.20
43362.24
48611.92
52574.10
37400.80
60465.00
69681.48
35670.76
45132.75
12452.09
1325.42
63986.65
27056.43
21277.65
65023.09
39531.58
38416.56
45451.82
32939.04
16112.55
29355.77
38752.00
19124.16
8667.54
18766.02
45865.47
45313.68
4705.08
15536.40
32722.80
8641.36
37115.52
43929.36
20482.44
4220.60
10475.04
23550.75
6186.72
27925.92
51855.56
73221.08
29887.36
56158.80
12685.50
49445.76
52631.36
27211.73
16491.02
62436.60
24403.22
38380.77
24694.04
43871.96
38638.53
67031.52
3407.58
20268.76
24105.60
52688.33
39534.84
48398.44
8487.00
34001.64
33915.80
61085.25
9830.70
28974.96
32722.38
44657.40
31218.75
25144.98
59058.78
18180.24
32495.40
20228.23
66613.05
58800.78
49553.68
29947.50
74060.61
16572.60
46102.88
58114.42
46216.72
5370.80
8535.17
17167.15
35761.96
2254.44
40235.20
30200.40
31587.30
43472.70
27564.16
2466.64
34862.74
46759.14
66760.05
89566.08
11507.54
38265.50
57784.23
32792.76
84088.32
23049.45
15296.64
67817.82
26657.12
39498.56
46498.92
22487.84
21121.10
14731.86
40654.68
67030.40
5132.40
52240.30
24080.67
9319.94
11232.32
27111.04
57692.48
1296.39
26794.44
21217.50
26939.38
65126.88
35435.40
13950.45
27126.73
71892.14
