153543
153568
153568
153568
153568
153568
153568
153568
153569
153569
153569
153569
153569
153569
153570
153570
153570
153570
153570
153570
153570
153571
153571
153571
153571
153571
153571
153571
153572
153572
153572
153573
153573
153574
153574
153574
153574
153575
153575
153575
153600
153600
153600
153600
153600
153600
153600
153601
153601
153601
153601
153601
153601
153601
153602
153602
153603
153604
153604
153604
153604
153605
153605
153605
153605
153605
153605
153605
153606
153606
153606
153607
153607
153607
153607
153632
153632
153632
153632
153632
153633
153633
153633
153633
153633
153633
153633
153634
153634
153634
153635
153636
153636
153636
153636
153636
153637
153637
153638
153638
153638
153638
153639
153664
153664
153664
153664
153664
153664
153664
153665
153665
153665
153666
153666
153666
153667
153667
153667
153667
153668
153668
153668
153669
153669
153669
153669
153669
153669
153670
153670
153670
153670
153670
153670
153670
153671
153671
153671
153671
153696
153696
153696
153696
153696
153697
153697
153698
153698
153698
153698
153698
153698
153698
153699
153699
153699
153700
153700
153700
153700
153700
153700
153700
153701
153702
153702
153703
153703
153728
153728
153729
153729
153729
153729
153730
153730
153730
153731
153731
153731
153732
153732
153732
153732
153732
153732
153732
153733
153733
153733
153733
153733
153734
153734
153735
153735
153735
153735
153735
153735
153735
153760
153761
153761
153761
153761
153761
153761
153762
153762
153762
153763
153763
153763
153763
153763
153763
153764
153764
153765
153766
153766
153766
153766
153766
153766
153767
153767
153767
153767
153767
153792
153792
153793
153794
153794
153794
153794
153794
153794
153795
153795
153796
153796
153796
153796
153796
153797
153797
153797
153797
153798
153798
153798
153798
153798
153799
153799
153824
153825
153825
153825
153826
153826
153826
153826
153826
153826
153827
153828
153828
153828
153829
153829
153829
153829
153830
153830
153831
153831
153831
153831
153831
153856
153856
153856
153856
153856
153857
153857
153857
153857
153858
153858
153858
153858
153859
153860
153860
153861
153862
153862
153862
153862
153862
153862
153863
153863
153863
153863
153863
153863
153863
153888
153888
153888
153888
153888
153888
153888
153889
153889
153889
153889
153889
153890
153890
153890
153890
153891
153891
153892
153892
153892
153892
153893
153893
153893
153893
153893
153893
153894
153894
153894
153894
153894
153895
153895
153895
153895
153920
153921
153921
153921
153922
153922
153922
153922
153922
153923
153924
153924
153924
153924
153925
153926
153926
153926
153926
153926
153926
153927
153927
153952
153952
153952
153952
153952
153952
153952
153953
153953
153954
153954
153954
153954
153955
153955
153955
153956
153956
153956
153956
153957
153957
153957
153957
153957
153957
153958
153959
153959
153959
153959
153959
153959
153984
153984
153985
153985
153985
153985
153985
153985
153985
153986
153986
153986
153986
153986
153987
153987
153987
153987
153987
153987
153987
153988
153988
153988
153988
153988
153989
153989
153990
153991
153991
153991
153991
153991
154016
154016
154016
154017
154017
154017
154017
154018
154018
154019
154019
154019
154019
154019
154020
154020
154020
154020
154020
154020
154020
154021
154021
154021
154021
154021
154021
154022
154022
154022
154022
154022
154022
154023
154023
154023
154023
154023
154048
154048
154048
154048
154048
154048
154049
154049
154049
154049
154050
154051
154051
154052
154052
154052
154052
154052
154052
154052
154053
154054
154054
154054
154054
154054
154055
154055
154055
154055
154055
154080
154080
154081
154081
154081
154081
154081
154081
154082
154082
154082
154082
154083
154084
154084
154084
154085
154085
154085
154085
154086
154086
154086
154086
154086
154087
154087
154087
154112
154112
154113
154113
154113
154113
154113
154113
154113
154114
154114
154114
154114
154114
154114
154115
154115
154115
154115
154115
154115
154115
154116
154116
154116
154116
154116
154117
154117
154118
154118
154118
154118
154118
154118
154119
154119
154144
154144
154144
154145
154146
154146
154146
154146
154146
154147
154147
154148
154148
154148
154148
154149
154150
154150
154150
154151
154151
154151
154151
154151
154151
154176
154176
154176
154176
154176
154176
154177
154177
154177
154177
154177
154177
154178
154178
154178
154179
154179
154179
154179
154179
154179
154179
154180
154180
154180
154180
154180
154180
154180
154181
154181
154181
154181
154181
154181
154182
154182
154182
154182
154182
154182
154182
154183
154183
154183
154208
154209
154209
154209
154209
154209
154209
154209
154210
154210
154210
154210
154210
154210
154210
154211
154211
154211
154211
154211
154212
154212
154212
154212
154212
154212
154213
154213
154213
154213
154213
154213
154213
154214
154214
154214
154214
154215
154215
154215
154215
154215
154215
154240
154240
154240
154241
154241
154241
154241
154241
154241
154241
154242
154242
154242
154242
154242
154242
154243
154244
154244
154244
154244
154244
154244
154245
154246
154246
154246
154246
154246
154246
154247
154247
154247
154247
154247
154247
154247
154272
154272
154273
154273
154273
154273
154273
154273
154273
154274
154274
154274
154274
154274
154275
154275
154275
154275
154276
154276
154276
154277
154277
154277
154277
154277
154277
154277
154278
154278
154279
154279
154304
154304
154304
154304
154304
154304
154304
154305
154305
154305
154305
154306
154307
154307
154308
154308
154309
154309
154310
154310
154310
154311
154311
154311
154311
154311
154311
154336
154336
154336
154337
154337
154337
154337
154338
154338
154338
154338
154339
154339
154340
154340
154340
154340
154341
154341
154341
154341
154341
154342
154342
154342
154342
154342
154343
154343
154368
154368
154368
154368
154368
154368
154368
154369
154369
154369
154369
154370
154370
154370
154371
154372
154372
154372
154372
154372
154373
154373
154374
154374
154374
154374
154375
154375
154375
154375
154375
154400
154400
154400
154400
154401
154401
154401
154402
154402
154402
154402
154403
154403
154403
154404
154404
154405
154406
154406
154407
154407
154407
154407
154432
154432
154432
154433
154434
154434
154435
154435
154436
154436
154436
154437
154437
154438
154438
154438
154438
154438
154439
154439
154439
154439
154439
154439
154439
154464
154464
154464
154464
154464
154464
154465
154465
154465
154465
154465
154466
154466
154466
154466
154466
154466
154467
154467
154467
154467
154467
154467
154468
154468
154468
154469
154469
154470
154470
154470
154470
154470
154470
154470
154471
154471
154471
154471
154471
154471
154496
154496
154496
154497
154497
154497
154497
154497
154497
154498
154498
154498
154498
154499
154499
154499
154499
154499
154499
154500
154500
154500
154500
154500
154500
154500
154501
154501
154501
154501
154502
154502
154502
154503
154503
154503
154528
154528
154528
154529
154529
154529
154529
154529
154530
154530
154530
154530
154531
154531
154531
154531
154532
154532
154532
154532
154532
154533
154533
154533
154533
154533
154534
154534
154534
154534
154534
