246757
246757
246757
246758
246758
246758
246758
246758
246758
246759
246759
246759
246759
246759
246784
246784
246784
246784
246784
246784
246785
246785
246785
246786
246786
246786
246786
246786
246787
246787
246787
246787
246787
246787
246788
246788
246788
246789
246790
246790
246790
246791
246791
246791
246791
246816
246816
246816
246816
246816
246816
246817
246818
246818
246819
246819
246819
246819
246819
246819
246819
246820
246820
246820
246820
246820
246821
246821
246821
246821
246821
246821
246822
246822
246822
246822
246822
246822
246822
246823
246823
246823
246823
246848
246849
246850
246850
246851
246851
246851
246852
246852
246852
246853
246853
246853
246853
246853
246853
246854
246854
246854
246854
246855
246855
246855
246855
246855
246855
246855
246880
246880
246880
246880
246881
246882
246882
246882
246882
246882
246883
246883
246883
246883
246883
246883
246884
246885
246885
246886
246886
246886
246886
246886
246886
246887
246887
246887
246887
246887
246912
246912
246912
246913
246913
246913
246914
246914
246915
246915
246915
246915
246915
246916
246917
246917
246917
246917
246917
246917
246918
246918
246918
246918
246918
246918
246919
246919
246919
246944
246945
246946
246946
246947
246947
246947
246947
246948
246948
246948
246949
246950
246950
246950
246950
246950
246950
246951
246951
246951
246951
246976
246976
246976
246976
246976
246976
246977
246977
246977
246977
246977
246978
246978
246978
246978
246978
246979
246980
246980
246980
246980
246980
246981
246981
246981
246982
246982
246982
246982
246982
246982
246982
246983
246983
247008
247008
247008
247008
247008
247008
247008
247009
247010
247010
247010
247011
247011
247011
247011
247011
247011
247012
247012
247013
247013
247014
247014
247014
247014
247014
247015
247015
247015
247015
247015
247015
247015
247040
247040
247040
247040
247040
247040
247041
247041
247041
247041
247041
247042
247043
247043
247043
247043
247043
247044
247044
247044
247044
247045
247045
247045
247045
247045
247045
247046
247046
247046
247046
247047
247047
247047
247047
247047
247047
247072
247072
247072
247072
247072
247073
247073
247073
247073
247073
247073
247074
247074
247074
247074
247074
247074
247074
247075
247075
247075
247075
247075
247075
247075
247076
247076
247076
247076
247076
247077
247077
247077
247078
247078
247078
247078
247078
247078
247079
247079
247079
247104
247104
247105
247105
247105
247106
247106
247106
247106
247106
247107
247107
247107
247107
247108
247109
247109
247109
247109
247109
247110
247111
247111
247111
247111
247111
247111
247136
247136
247136
247137
247137
247137
247137
247137
247137
247138
247138
247138
247138
247138
247138
247139
247140
247140
247141
247141
247141
247141
247141
247141
247142
247142
247142
247142
247142
247143
247143
247143
247143
247143
247168
247168
247169
247169
247169
247169
247169
247170
247170
247171
247171
247171
247171
247172
247172
247172
247173
247173
247174
247174
247174
247174
247174
247175
247175
247175
247175
247175
247200
247200
247200
247200
247200
247200
247201
247201
247202
247202
247202
247202
247202
247203
247203
247203
247203
247203
247204
247204
247205
247205
247205
247205
247205
247205
247206
247207
247207
247207
247207
247207
247207
247207
247232
247232
247232
247232
247232
247233
247233
247233
247233
247234
247234
247234
247234
247234
247235
247235
247235
247235
247235
247236
247237
247238
247238
247238
247238
247239
247239
247264
247264
247264
247264
247264
247265
247265
247266
247266
247266
247267
247267
247267
247267
247267
247267
247267
247268
247268
247268
247268
247268
247268
247269
247269
247269
247269
247269
247269
247270
247271
247296
247296
247296
247297
247297
247297
247297
247297
247297
247298
247298
247298
247298
247298
247298
247299
247299
247299
247300
247300
247300
247300
247301
247301
247301
247301
247301
247301
247301
247302
247302
247302
247302
247302
247302
247302
247303
247303
247303
247303
247328
247328
247328
247328
247329
247329
247329
247329
247329
247330
247330
247331
247331
247331
247331
247331
247331
247331
247332
247332
247333
247333
247334
247335
247335
247335
247335
247335
247335
247335
247360
247360
247360
247360
247360
247360
247361
247361
247362
247362
247362
247363
247363
247363
247363
247363
247364
247365
247365
247365
247366
247366
247366
247367
247367
247367
247367
247367
247392
247392
247392
247392
247392
247392
247392
247393
247393
247393
247394
247395
247395
247395
247395
247396
247396
247396
247396
247396
247396
247397
247398
247398
247398
247398
247399
247399
247399
247399
247399
247424
247424
247424
247424
247424
247425
247426
247426
247427
247427
247427
247427
247427
247428
247428
247428
247429
247429
247429
247429
247429
247430
247430
247430
247430
247430
247430
247431
247431
247431
247431
247456
247456
247456
247456
247456
247457
247457
247457
247457
247457
247457
247458
247458
247458
247458
247459
247459
247460
247460
247460
247460
247460
247461
247461
247461
247461
247461
247461
247462
247462
247462
247462
247463
247463
247463
247463
247463
247488
247488
247488
247488
247489
247489
247489
247489
247489
247489
247489
247490
247490
247490
247490
247490
247490
247490
247491
247491
247491
247491
247491
247492
247492
247493
247493
247493
247493
247493
247494
247494
247494
247495
247495
247495
247520
247520
247520
247520
247520
247520
247521
247522
247522
247522
247522
247522
247523
247523
247523
247523
247523
247523
247523
247524
247524
247524
247524
247525
247525
247525
247525
247526
247527
247527
247527
247527
247552
247552
247552
247552
247552
247552
247553
247553
247553
247553
247553
247554
247554
247554
247554
247555
247556
247556
247556
247557
247557
247557
247557
247557
247557
247557
247558
247558
247559
247559
247559
247559
247559
247559
247559
247584
247584
247584
247584
247584
247585
247585
247585
247586
247586
247587
247587
247587
247587
247587
247587
247587
247588
247588
247588
247589
247589
247590
247590
247591
247591
247591
247591
247591
247591
247616
247617
247617
247617
247617
247618
247618
247618
247618
247619
247619
247619
247619
247619
247619
247619
247620
247620
247620
247621
247621
247621
247621
247622
247622
247622
247623
247623
247623
247623
247623
247623
247623
247648
247648
247648
247648
247648
247649
247649
247649
247649
247650
247651
247651
247651
247651
247651
247651
247651
247652
247652
247652
247652
247652
247652
247652
247653
247653
247653
247653
247653
247654
247654
247654
247654
247654
247654
247655
247655
247680
247680
247680
247680
247680
247680
247680
247681
247682
247682
247682
247682
247682
247683
247683
247683
247684
247684
247684
247684
247684
247684
247684
247685
247685
247685
247685
247685
247685
247685
247686
247686
247686
247686
247687
247687
247712
247712
247712
247712
247712
247713
247713
247713
247713
247714
247714
247714
247714
247714
247715
247715
247715
247715
247715
247715
247715
247716
247716
247716
247716
247716
247716
247717
247717
247717
247718
247718
247718
247718
247718
247718
247719
247719
247719
247719
247719
247719
247719
247744
247744
247744
