251841
251841
251841
251841
251841
251842
251842
251842
251842
251842
251843
251843
251843
251843
251844
251844
251844
251845
251845
251845
251845
251846
251847
251847
251847
251847
251847
251872
251872
251872
251872
251872
251872
251872
251873
251873
251873
251873
251873
251874
251874
251874
251875
251875
251875
251875
251875
251876
251876
251876
251876
251877
251877
251877
251878
251878
251878
251878
251878
251879
251879
251879
251879
251879
251904
251904
251904
251905
251905
251905
251905
251906
251906
251906
251906
251906
251906
251906
251907
251907
251907
251907
251907
251907
251908
251908
251908
251908
251908
251909
251910
251910
251910
251911
251911
251911
251911
251936
251936
251936
251936
251936
251936
251936
251937
251937
251937
251938
251938
251939
251939
251939
251939
251939
251940
251940
251941
251942
251942
251943
251968
251969
251969
251969
251969
251970
251971
251971
251971
251972
251972
251972
251973
251973
251973
251973
251974
251974
251974
251974
251974
251974
251975
251975
251975
251975
252000
252001
252001
252002
252003
252003
252003
252003
252003
252004
252004
252005
252005
252005
252005
252005
252005
252005
252006
252006
252006
252006
252006
252006
252006
252007
252007
252032
252032
252032
252032
252032
252032
252033
252033
252033
252033
252034
252034
252034
252034
252035
252035
252035
252035
252035
252035
252036
252036
252036
252036
252037
252037
252037
252037
252037
252037
252038
252038
252038
252038
252038
252038
252038
252039
252039
252064
252064
252064
252065
252065
252065
252065
252065
252065
252066
252066
252066
252066
252066
252066
252067
252067
252067
252067
252067
252067
252068
252068
252068
252068
252069
252069
252070
252070
252070
252071
252071
252071
252071
252071
252071
252096
252096
252096
252096
252096
252097
252097
252097
252098
252098
252098
252099
252100
252101
252101
252102
252102
252102
252103
252103
252103
252103
252103
252103
252128
252129
252129
252130
252130
252131
252132
252133
252133
252133
252133
252134
252134
252134
252134
252134
252134
252135
252135
252135
252135
252135
252135
252160
252160
252160
252161
252161
252161
252162
252162
252162
252162
252162
252162
252163
252163
252164
252164
252164
252164
252164
252165
252165
252165
252165
252165
252166
252166
252166
252167
252192
252192
252192
252192
252192
252193
252193
252193
252193
252194
252194
252194
252194
252194
252195
252195
252195
252195
252196
252196
252196
252197
252197
252197
252197
252198
252199
252199
252199
252199
252199
252199
252224
252225
252225
252226
252226
252226
252227
252227
252227
252227
252227
252227
252228
252228
252228
252229
252230
252230
252230
252230
252230
252230
252230
252231
252256
252256
252257
252257
252257
252257
252257
252258
252258
252259
252259
252259
252259
252259
252259
252260
252260
252260
252260
252260
252260
252261
252261
252261
252261
252262
252262
252262
252262
252262
252262
252263
252263
252263
252263
252263
252263
252288
252288
252288
252288
252288
252289
252289
252289
252289
252289
252289
252290
252290
252290
252290
252290
252291
252291
252291
252292
252292
252292
252293
252293
252294
252294
252294
252295
252295
252295
252295
252320
252320
252320
252320
252320
252321
252321
252321
252322
252322
252322
252322
252322
252323
252323
252323
252323
252323
252324
252324
252324
252324
252324
252324
252325
252325
252326
252327
252352
252352
252353
252354
252354
252354
252354
252354
252354
252355
252355
252355
252355
252355
252355
252356
252356
252356
252356
252356
252356
252356
252357
252357
252358
252358
252359
252359
252359
252384
252384
252384
252385
252385
252385
252385
252385
252385
252385
252386
252386
252386
252386
252386
252386
252387
252387
252387
252387
252387
252387
252388
252388
252388
252389
252390
252390
252390
252390
252391
252391
252391
252391
252416
252416
252416
252416
252417
252417
252417
252417
252418
252419
252419
252419
252420
252420
252420
252420
252420
252420
252421
252421
252421
252421
252422
252422
252422
252423
252423
252423
252423
252448
252448
252448
252448
252449
252449
252449
252449
252449
252450
252450
252450
252450
252450
252450
252451
252451
252451
252451
252451
252451
252451
252452
252452
252452
252453
252453
252453
252453
252453
252453
252453
252454
252455
252480
252480
252480
252480
252480
252480
252480
252481
252482
252482
252482
252482
252483
252483
252483
252484
252484
252484
252484
252484
252485
252485
252485
252485
252485
252485
252485
252486
252486
252486
252486
252486
252486
252486
252487
252487
252512
252512
252512
252513
252513
252513
252513
252513
252514
252515
252515
252515
252515
252515
252516
252516
252516
252516
252517
252517
252517
252517
252517
252518
252518
252519
252519
252519
252519
252519
252519
252519
252544
252544
252544
252544
252545
252546
252546
252546
252546
252546
252546
252546
252547
252547
252547
252547
252547
252548
252548
252548
252548
252548
252548
252548
252549
252549
252549
252549
252550
252550
252550
252550
252550
252550
252550
252551
252551
252551
252551
252551
252576
252576
252576
252576
252576
252577
252577
252578
252578
252579
252579
252579
252580
252580
252580
252580
252580
252581
252581
252581
252581
252581
252581
252581
252582
252582
252582
252582
252582
252582
252583
252583
252583
252583
252583
252583
252583
252608
252608
252608
252608
252609
252609
252609
252609
252610
252610
252610
252610
252610
252611
252611
252611
252612
252612
252613
252613
252613
252613
252613
252614
252614
252614
252614
252614
252614
252614
252615
252615
252640
252641
252641
252641
252641
252641
252641
252641
252642
252642
252643
252643
252643
252643
252643
252644
252644
252645
252645
252645
252646
252646
252646
252647
252647
252647
252647
252647
252647
252647
252672
252673
252674
252674
252675
252676
252677
252677
252677
252677
252677
252677
252677
252678
252679
252679
252704
252705
252705
252705
252706
252706
252706
252707
252707
252707
252707
252707
252707
252707
252708
252708
252708
252708
252708
252709
252709
252709
252710
252710
252710
252710
252710
252710
252711
252736
252736
252737
252737
252737
252737
252737
252738
252738
252738
252739
252740
252740
252740
252741
252741
252741
252741
252741
252741
252741
252742
252742
252742
252743
252743
252743
252743
252743
252743
252743
252768
252768
252768
252768
252768
252768
252769
252769
252769
252769
252769
252769
252769
252770
252770
252770
252770
252771
252771
252771
252771
252771
252772
252772
252772
252772
252772
252772
252773
252774
252774
252774
252774
252774
252774
252774
252775
252800
252800
252800
252800
252801
252801
252801
252801
252801
252801
252802
252802
252802
252802
252802
252802
252803
252803
252804
252804
252804
252804
252805
252805
252805
252805
252805
252805
252805
252806
252807
252807
252807
252807
252807
252832
252832
252832
252832
252832
252833
252834
252834
252834
252835
252835
252835
252835
252835
252836
252836
252836
252836
252837
252837
252837
252837
252837
252837
252838
252838
252838
252838
252838
252838
252838
252839
252839
252864
252864
252864
252864
252864
252864
252864
252865
252865
252865
252865
