261826
261826
261826
261826
261827
261827
261827
261827
261828
261828
261829
261829
261829
261829
261829
261830
261830
261830
261831
261856
261856
261856
261856
261856
261856
261856
261857
261858
261859
261859
261859
261860
261860
261860
261860
261860
261861
261861
261862
261862
261862
261862
261862
261863
261863
261863
261888
261889
261889
261889
261889
261889
261890
261891
261891
261891
261891
261891
261891
261892
261892
261892
261892
261892
261893
261893
261893
261893
261894
261894
261894
261894
261895
261920
261921
261921
261921
261921
261921
261921
261921
261922
261922
261922
261922
261923
261924
261924
261925
261925
261925
261925
261925
261925
261926
261926
261926
261926
261927
261927
261927
261952
261952
261953
261953
261953
261954
261954
261954
261954
261955
261955
261956
261956
261956
261956
261956
261957
261958
261959
261959
261959
261959
261959
261959
261984
261984
261984
261984
261985
261986
261986
261986
261986
261986
261987
261987
261987
261987
261987
261988
261989
261989
261989
261989
261990
261990
261990
261991
261991
261991
262016
262017
262017
262017
262018
262018
262018
262018
262018
262018
262018
262019
262019
262019
262019
262019
262019
262020
262020
262021
262021
262021
262021
262021
262021
262022
262022
262022
262022
262022
262022
262022
262023
262023
262023
262023
262023
262048
262048
262048
262048
262048
262048
262049
262050
262050
262051
262051
262051
262051
262051
262052
262052
262052
262052
262052
262052
262053
262053
262053
262053
262054
262054
262054
262054
262054
262054
262055
262080
262080
262080
262080
262080
262081
262081
262081
262081
262081
262082
262083
262083
262083
262083
262083
262083
262084
262084
262084
262084
262084
262084
262085
262085
262086
262086
262086
262086
262086
262086
262086
262087
262087
262087
262087
262087
262112
262112
262112
262113
262113
262113
262114
262114
262114
262114
262114
262115
262115
262115
262115
262115
262116
262116
262116
262116
262116
262116
262116
262117
262117
262117
262117
262117
262117
262118
262118
262118
262118
262118
262118
262118
262119
262119
262119
262144
262144
262144
262144
262144
262145
262146
262146
262146
262146
262146
262146
262147
262147
262148
262148
262148
262148
262148
262148
262148
262149
262149
262149
262150
262150
262150
262150
262150
262150
262151
262151
262151
262176
262176
262176
262177
262177
262177
262177
262177
262177
262178
262179
262179
262179
262179
262180
262181
262181
262181
262181
262181
262182
262182
262182
262182
262183
262183
262183
262208
262208
262208
262208
262208
262208
262208
262209
262210
262210
262210
262210
262211
262211
262211
262211
262211
262211
262212
262212
262213
262213
262213
262213
262213
262214
262214
262214
262214
262214
262215
262215
262215
262215
262240
262240
262240
262240
262240
262240
262240
262241
262241
262241
262241
262241
262241
262241
262242
262242
262242
262242
262242
262243
262244
262244
262244
262244
262244
262244
262245
262245
262246
262246
262247
262247
262247
262247
262247
262272
262272
262272
262272
262272
262272
262273
262273
262273
262273
262274
262274
262274
262274
262274
262274
262274
262275
262275
262275
262276
262276
262276
262277
262277
262277
262277
262277
262277
262278
262278
262278
262278
262279
262279
262279
262279
262304
262304
262304
262305
262306
262306
262306
262307
262308
262309
262310
262310
262310
262310
262310
262310
262311
262311
262311
262336
262336
262336
262336
262336
262337
262337
262338
262338
262338
262338
262338
262338
262338
262339
262339
262339
262340
262341
262341
262341
262341
262341
262342
262343
262343
262343
262368
262368
262368
262368
262368
262368
262368
262369
262369
262369
262369
262369
262369
262369
262370
262370
262370
262370
262370
262370
262370
262371
262371
262372
262373
262374
262374
262374
262374
262374
262374
262374
262375
262375
262375
262375
262375
262375
262400
262400
262400
262400
262400
262400
262401
262401
262401
262401
262402
262402
262402
262403
262403
262403
262403
262404
262405
262405
262406
262406
262406
262406
262407
262407
262407
262407
262407
262407
262407
262432
262432
262433
262434
262434
262434
262434
262434
262434
262435
262435
262435
262435
262435
262436
262436
262436
262436
262436
262436
262436
262437
262437
262437
262437
262437
262437
262438
262438
262439
262439
262464
262464
262464
262464
262464
262464
262464
262465
262465
262465
262465
262466
262466
262466
262466
262466
262466
262466
262467
262467
262467
262467
262467
262468
262468
262468
262468
262468
262468
262469
262469
262469
262469
262469
262469
262469
262470
262470
262470
262470
262470
262470
262471
262471
262471
262471
262471
262471
262471
262496
262496
262496
262496
262497
262497
262497
262497
262497
262497
262497
262498
262498
262499
262500
262500
262501
262501
262501
262502
262502
262502
262503
262503
262528
262528
262528
262528
262528
262528
262528
262529
262529
262529
262529
262529
262530
262530
262530
262530
262530
262531
262531
262531
262531
262531
262531
262531
262532
262532
262532
262532
262532
262532
262533
262533
262533
262534
262534
262534
262534
262534
262534
262535
262535
262560
262560
262560
262560
262560
262561
262561
262561
262561
262562
262562
262562
262562
262563
262564
262564
262564
262564
262565
262565
262565
262565
262565
262566
262566
262567
262567
262567
262567
262567
262567
262567
262592
262592
262592
262592
262593
262593
262593
262593
262593
262593
262594
262594
262594
262594
262594
262594
262594
262595
262595
262595
262595
262595
262596
262596
262596
262596
262597
262597
262598
262598
262598
262599
262599
262599
262599
262599
262599
262624
262624
262624
262624
262625
262625
262625
262626
262627
262628
262628
262628
262628
262628
262628
262629
262629
262630
262630
262630
262630
262630
262631
262631
262656
262656
262656
262657
262657
262658
262658
262658
262658
262658
262658
262659
262659
262660
262660
262660
262660
262660
262660
262661
262661
262661
262661
262661
262661
262662
262662
262662
262662
262662
262662
262663
262663
262663
262663
262663
262663
262688
262688
262688
262689
262689
262689
262689
262690
262690
262690
262690
262690
262691
262691
262692
262692
262692
262692
262692
262693
262693
262694
262694
262694
262695
262695
262695
262695
262695
262720
262720
262720
262720
262721
262721
262721
262722
262722
262722
262722
262723
262723
262723
262723
262723
262723
262724
262725
262726
262726
262727
262727
262727
262727
262727
262752
262752
262752
262752
262752
262752
262753
262753
262753
262754
262754
262754
262754
262754
262754
262754
262755
262756
262757
262758
262758
262758
262758
262758
262758
262759
262759
262759
262759
262759
262784
262784
262784
262784
262784
262784
262784
262785
262785
262785
262785
262786
262786
262786
262786
262786
262787
262787
262788
262788
262788
262788
262788
262788
262789
262789
262789
262789
262789
262789
262790
262790
262790
262790
262790
262790
262790
262791
262791
262791
262791
262791
262791
262816
262816
262816
262816
262816
262816
262816
262817
262817
262817
262817
262818
262818
262818
262819
262819
262819
262819
262820
262820
262821
