293158
293158
293159
293159
293159
293159
293159
293159
293159
293184
293184
293184
293184
293185
293185
293185
293185
293186
293186
293186
293186
293186
293187
293187
293187
293188
293188
293188
293188
293188
293188
293189
293189
293189
293189
293190
293191
293216
293216
293216
293217
293218
293218
293218
293218
293219
293219
293219
293219
293220
293220
293220
293220
293220
293220
293220
293221
293221
293221
293221
293222
293222
293223
293223
293223
293223
293223
293223
293223
293248
293248
293248
293248
293248
293248
293248
293249
293249
293249
293250
293250
293250
293250
293250
293251
293251
293251
293251
293251
293251
293252
293252
293253
293253
293253
293253
293253
293253
293254
293255
293255
293255
293255
293255
293255
293280
293280
293281
293281
293281
293281
293282
293282
293282
293282
293282
293282
293283
293283
293283
293283
293283
293283
293283
293284
293284
293284
293285
293285
293285
293285
293285
293285
293286
293287
293287
293312
293312
293312
293312
293313
293313
293313
293313
293313
293314
293315
293315
293315
293316
293316
293316
293317
293317
293317
293317
293317
293317
293318
293318
293318
293318
293318
293319
293319
293319
293319
293319
293319
293344
293344
293344
293344
293344
293344
293345
293345
293345
293345
293345
293345
293345
293346
293347
293347
293347
293348
293348
293348
293348
293348
293349
293349
293349
293349
293349
293349
293349
293350
293350
293350
293350
293350
293350
293350
293351
293376
293376
293376
293376
293376
293377
293377
293377
293377
293377
293377
293378
293378
293378
293378
293378
293379
293379
293379
293380
293380
293380
293380
293380
293380
293380
293381
293381
293381
293381
293381
293381
293382
293382
293383
293383
293383
293383
293383
293383
293408
293408
293408
293408
293408
293408
293408
293409
293409
293409
293409
293409
293409
293409
293410
293410
293410
293410
293410
293410
293411
293411
293411
293411
293411
293411
293411
293412
293412
293413
293413
293413
293413
293413
293413
293414
293414
293414
293414
293415
293415
293415
293415
293415
293415
293415
293440
293440
293440
293440
293440
293440
293440
293441
293441
293441
293441
293441
293441
293442
293442
293442
293443
293443
293443
293443
293443
293443
293443
293444
293444
293445
293445
293445
293445
293445
293445
293445
293446
293446
293446
293446
293447
293447
293447
293472
293472
293472
293472
293472
293472
293473
293474
293474
293474
293474
293474
293474
293474
293475
293476
293476
293476
293476
293476
293476
293477
293477
293478
293478
293478
293478
293479
293504
293504
293505
293505
293506
293506
293506
293506
293506
293506
293507
293507
293507
293507
293507
293508
293508
293508
293508
293508
293508
293509
293509
293509
293509
293510
293510
293510
293510
293510
293511
293536
293537
293537
293537
293537
293537
293537
293538
293538
293539
293539
293539
293540
293540
293540
293540
293540
293541
293541
293541
293541
293541
293541
293541
293542
293542
293542
293542
293542
293542
293543
293543
293568
293568
293568
293568
293568
293568
293568
293569
293569
293569
293569
293569
293569
293570
293570
293570
293571
293571
293571
293571
293571
293572
293572
293572
293572
293573
293573
293573
293574
293574
293574
293574
293574
293574
293574
293575
293575
293600
293600
293600
293600
293600
293601
293602
293602
293603
293603
293603
293603
293603
293604
293604
293604
293605
293605
293606
293606
293606
293606
293606
293606
293607
293607
293632
293632
293632
293632
293633
293633
293633
293633
293633
293634
293635
293635
293635
293635
293636
293636
293636
293636
293636
293636
293637
293637
293637
293637
293637
293637
293637
293638
293639
293639
293639
293639
293639
293639
293639
293664
293664
293664
293664
293664
293664
293664
293665
293665
293665
293665
293665
293665
293666
293666
293666
293666
293666
293666
293667
293667
293667
293667
293667
293668
293668
293668
293668
293668
293668
293669
293669
293669
293670
293670
293670
293670
293670
293670
293670
293671
293671
293671
293671
293696
293696
293696
293697
293697
293697
293697
293698
293698
293698
293698
293698
293698
293699
293699
293700
293700
293700
293700
293700
293700
293700
293701
293701
293702
293702
293703
293703
293703
293703
293703
293703
293728
293728
293728
293729
293729
293730
293730
293730
293731
293731
293731
293732
293732
293732
293732
293732
293733
293733
293734
293734
293734
293734
293734
293735
293735
293760
293760
293760
293760
293760
293760
293761
293762
293763
293763
293763
293764
293764
293765
293765
293765
293765
293765
293765
293766
293766
293766
293766
293766
293767
293792
293792
293792
293792
293792
293792
293793
293793
293793
293793
293793
293793
293794
293794
293794
293794
293794
293794
293795
293795
293795
293795
293795
293795
293796
293796
293796
293796
293797
293798
293798
293798
293798
293798
293798
293798
293799
293799
293799
293824
293824
293824
293824
293825
293825
293825
293825
293825
293825
293825
293826
293826
293827
293827
293827
293827
293827
293827
293828
293828
293828
293828
293828
293829
293829
293829
293829
293830
293830
293830
293830
293830
293830
293830
293831
293856
293856
293856
293857
293857
293857
293857
293858
293858
293859
293859
293859
293859
293859
293859
293859
293860
293860
293860
293861
293861
293861
293861
293861
293861
293861
293862
293862
293862
293863
293863
293863
293863
293863
293888
293888
293888
293888
293888
293888
293889
293889
293889
293889
293890
293890
293891
293891
293891
293891
293891
293891
293892
293892
293892
293892
293893
293893
293893
293893
293893
293893
293894
293894
293894
293894
293894
293894
293895
293920
293920
293921
293921
293921
293921
293921
293922
293922
293922
293922
293922
293923
293923
293923
293924
293924
293924
293925
293925
293926
293926
293926
293926
293926
293927
293927
293952
293952
293952
293952
293952
293952
293953
293954
293954
293955
293955
293955
293955
293955
293955
293956
293956
293956
293956
293957
293957
293957
293957
293957
293957
293958
293958
293958
293958
293958
293959
293959
293959
293959
293959
293959
293984
293984
293985
293985
293985
293985
293985
293985
293985
293986
293986
293986
293986
293986
293986
293986
293987
293987
293987
293987
293987
293988
293988
293988
293988
293989
293989
293989
293989
293989
293989
293989
293990
293990
293990
293990
293990
293991
293991
294016
294016
294017
294017
294017
294017
294017
294017
294018
294018
294018
294019
294019
294019
294019
294019
294020
294020
294020
294020
294020
294020
294020
294021
294021
294021
294021
294021
294021
294021
294022
294023
294023
294023
294023
294048
294048
294048
294048
294048
294048
294049
294050
294050
294050
294050
294050
294050
294051
294051
294051
294051
294051
294052
294053
294053
294053
294053
294053
294053
294053
294054
294054
294054
294054
294054
294055
294055
294080
294080
294080
294080
294080
294081
294081
294081
294081
294081
294082
294082
294083
294083
294083
294083
294083
294083
294083
294084
294084
294084
294084
294084
294084
294084
294085
294086
294086
294087
294112
294113
294113
294113
294114
294114
294114
294114
294115
294115
