268902
268902
268902
268903
268903
268903
268903
268928
268928
268928
268929
268929
268930
268930
268930
268930
268930
268930
268931
268931
268931
268931
268931
268932
268932
268933
268933
268933
268934
268934
268934
268934
268935
268935
268960
268960
268960
268960
268960
268960
268960
268961
268961
268961
268961
268961
268961
268962
268963
268964
268964
268964
268965
268965
268965
268965
268965
268965
268965
268966
268966
268967
268967
268967
268967
268967
268967
268992
268993
268993
268993
268993
268993
268993
268994
268994
268994
268994
268994
268995
268995
268995
268995
268996
268996
268996
268996
268996
268997
268997
268997
268998
268998
268998
268999
268999
268999
269024
269024
269024
269025
269026
269026
269026
269026
269026
269026
269027
269027
269028
269028
269028
269029
269029
269029
269029
269029
269029
269029
269030
269030
269030
269030
269030
269031
269031
269056
269057
269057
269057
269057
269057
269057
269058
269058
269058
269058
269058
269059
269060
269060
269060
269060
269061
269061
269061
269061
269062
269062
269062
269062
269062
269062
269063
269063
269063
269063
269063
269063
269088
269088
269088
269088
269088
269089
269090
269090
269091
269091
269091
269091
269091
269091
269091
269092
269093
269093
269093
269093
269093
269093
269094
269094
269094
269094
269094
269094
269095
269095
269095
269120
269120
269120
269120
269120
269121
269121
269121
269121
269121
269122
269122
269122
269123
269123
269123
269123
269124
269124
269124
269124
269124
269124
269124
269125
269125
269125
269125
269126
269126
269126
269126
269126
269127
269127
269127
269127
269127
269127
269152
269153
269153
269153
269153
269153
269153
269153
269154
269155
269155
269155
269155
269155
269156
269156
269156
269156
269157
269157
269157
269157
269157
269158
269158
269158
269158
269158
269158
269158
269159
269184
269185
269185
269185
269185
269185
269185
269185
269186
269186
269187
269188
269188
269189
269189
269189
269189
269190
269190
269190
269190
269190
269190
269191
269216
269216
269216
269216
269216
269216
269216
269217
269217
269217
269218
269218
269219
269219
269219
269219
269220
269220
269220
269221
269221
269221
269221
269221
269221
269222
269222
269222
269222
269222
269222
269223
269223
269223
269223
269248
269249
269249
269249
269249
269250
269250
269250
269250
269250
269250
269251
269251
269251
269251
269251
269252
269253
269253
269253
269253
269253
269253
269254
269254
269254
269255
269255
269255
269255
269280
269281
269281
269281
269282
269282
269282
269282
269282
269282
269283
269284
269284
269284
269285
269285
269285
269285
269285
269285
269286
269286
269286
269287
269287
269287
269287
269312
269312
269312
269312
269312
269313
269313
269314
269314
269315
269315
269315
269316
269316
269316
269316
269316
269317
269318
269319
269319
269319
269319
269319
269319
269319
269344
269344
269345
269345
269346
269346
269346
269346
269346
269346
269347
269348
269348
269348
269348
269349
269349
269350
269350
269350
269351
269351
269351
269351
269376
269376
269376
269376
269376
269376
269377
269377
269377
269377
269377
269377
269378
269378
269378
269379
269379
269379
269379
269380
269380
269381
269381
269381
269381
269381
269381
269381
269382
269382
269382
269382
269382
269382
269383
269383
269408
269408
269408
269408
269408
269409
269409
269410
269410
269410
269410
269410
269411
269411
269411
269411
269411
269412
269413
269413
269413
269413
269414
269415
269415
269415
269415
269440
269440
269440
269440
269440
269441
269441
269441
269441
269441
269441
269441
269442
269442
269443
269443
269443
269443
269443
269443
269444
269444
269444
269444
269444
269445
269445
269445
269445
269445
269446
269446
269446
269447
269447
269472
269472
269472
269472
269473
269473
269473
269474
269474
269474
269474
269475
269476
269476
269476
269476
269476
269477
269477
269477
269478
269478
269478
269478
269478
269478
269478
269479
269479
269479
269504
269504
269505
269505
269505
269505
269506
269506
269506
269506
269507
269508
269508
269508
269508
269508
269508
269508
269509
269509
269509
269509
269510
269510
269511
269511
269511
269511
269511
269536
269536
269536
269536
269537
269537
269538
269538
269538
269538
269538
269538
269539
269539
269539
269539
269539
269540
269540
269540
269540
269540
269540
269540
269541
269541
269541
269541
269542
269542
269542
269542
269542
269542
269543
269543
269543
269543
269568
269568
269568
269569
269569
269569
269569
269569
269570
269570
269570
269570
269571
269571
269572
269572
269573
269573
269573
269573
269573
269574
269575
269575
269575
269575
269600
269600
269600
269600
269601
269601
269601
269602
269602
269603
269603
269604
269604
269604
269604
269604
269605
269605
269605
269606
269606
269606
269606
269606
269607
269607
269607
269607
269607
269607
269607
269632
269633
269633
269633
269633
269633
269633
269634
269634
269634
269634
269635
269635
269636
269636
269636
269636
269636
269636
269637
269637
269637
269638
269638
269639
269664
269664
269664
269664
269664
269664
269664
269665
269665
269666
269666
269666
269666
269667
269667
269667
269667
269667
269668
269668
269668
269668
269668
269668
269669
269669
269669
269669
269669
269669
269669
269670
269670
269671
269671
269671
269696
269697
269697
269697
269697
269697
269698
269698
269698
269698
269698
269698
269698
269699
269700
269700
269700
269700
269700
269700
269701
269701
269701
269702
269702
269702
269702
269702
269703
269728
269728
269728
269728
269729
269729
269729
269729
269729
269729
269729
269730
269730
269731
269731
269731
269731
269731
269731
269731
269732
269732
269732
269732
269732
269732
269733
269733
269734
269734
269734
269735
269735
269735
269735
269735
269735
269735
269760
269760
269760
269760
269760
269760
269760
269761
269762
269762
269762
269762
269762
269762
269762
269763
269763
269764
269765
269765
269765
269765
269766
269766
269766
269766
269766
269767
269767
269767
269767
269792
269792
269792
269792
269792
269792
269793
269793
269793
269793
269793
269794
269795
269795
269796
269796
269796
269796
269796
269796
269796
269797
269798
269798
269799
269799
269799
269799
269799
269799
269824
269824
269825
269825
269825
269825
269826
269826
269826
269826
269827
269828
269828
269828
269829
269829
269829
269829
269829
269830
269830
269830
269830
269830
269831
269831
269831
269831
269831
269856
269856
269856
269856
269856
269856
269857
269857
269858
269858
269858
269859
269859
269859
269859
269859
269860
269860
269860
269860
269861
269861
269861
269861
269862
269862
269862
269862
269862
269863
269863
269863
269863
269863
269863
269888
269888
269888
269889
269889
269890
269890
269890
269890
269890
269891
269891
269891
269891
269891
269891
269892
269892
269892
269892
269892
269892
269893
269893
269893
269893
269894
269894
269894
269894
269894
269894
269894
269895
269895
269895
269895
269895
269895
269895
269920
269920
269920
269920
269920
269920
269921
269921
269922
269922
269922
269922
269922
269923
269923
269923
269924
269925
269925
269925
269925
269926
269927
269927
269927
269927
269927
269927
269952
