226597
226597
226597
226598
226598
226598
226598
226598
226598
226598
226599
226599
226599
226599
226599
226599
226599
226624
226624
226624
226624
226625
226625
226625
226625
226626
226626
226626
226626
226626
226627
226627
226628
226629
226629
226629
226629
226629
226629
226629
226630
226630
226630
226630
226630
226630
226630
226631
226631
226631
226656
226656
226657
226657
226657
226657
226657
226657
226658
226659
226659
226660
226660
226661
226661
226661
226661
226661
226662
226662
226662
226662
226662
226663
226688
226689
226689
226689
226689
226690
226690
226690
226690
226690
226690
226690
226691
226691
226691
226691
226691
226691
226692
226692
226693
226693
226693
226693
226693
226693
226693
226694
226694
226694
226694
226694
226694
226695
226695
226695
226695
226695
226720
226720
226721
226721
226721
226722
226722
226723
226723
226724
226724
226725
226725
226725
226726
226726
226726
226726
226726
226726
226727
226727
226727
226727
226727
226727
226727
226752
226752
226752
226752
226753
226753
226753
226753
226753
226753
226753
226754
226754
226754
226754
226755
226755
226755
226755
226756
226756
226756
226756
226756
226757
226757
226757
226757
226758
226758
226758
226758
226759
226759
226784
226784
226784
226784
226785
226786
226786
226787
226787
226787
226787
226787
226787
226787
226788
226789
226789
226789
226789
226789
226789
226790
226790
226791
226791
226791
226791
226816
226816
226816
226816
226816
226816
226816
226817
226817
226817
226817
226818
226818
226818
226819
226819
226819
226819
226819
226819
226820
226820
226820
226820
226820
226820
226821
226821
226821
226822
226822
226822
226822
226822
226823
226823
226848
226848
226848
226849
226849
226850
226850
226851
226851
226851
226851
226851
226851
226852
226852
226852
226853
226853
226853
226853
226853
226853
226853
226854
226854
226855
226855
226855
226855
226855
226855
226855
226880
226881
226881
226881
226881
226882
226882
226882
226882
226882
226883
226884
226884
226885
226885
226885
226885
226886
226887
226887
226887
226887
226887
226912
226912
226913
226913
226913
226914
226914
226914
226914
226914
226915
226915
226915
226915
226915
226915
226915
226916
226916
226916
226916
226916
226916
226917
226917
226918
226919
226919
226919
226919
226944
226944
226944
226944
226945
226945
226946
226946
226946
226946
226947
226947
226947
226947
226948
226948
226948
226948
226948
226948
226949
226950
226951
226951
226951
226951
226951
226951
226951
226976
226976
226976
226976
226976
226976
226977
226977
226977
226977
226977
226978
226979
226979
226979
226980
226980
226980
226980
226981
226981
226981
226981
226981
226982
226983
226983
226983
227008
227008
227008
227008
227008
227008
227008
227009
227009
227009
227010
227010
227011
227011
227011
227012
227013
227014
227014
227014
227014
227014
227014
227014
227015
227015
227015
227015
227015
227040
227040
227040
227040
227041
227041
227042
227042
227042
227042
227043
227043
227044
227044
227044
227044
227044
227044
227045
227046
227046
227047
227047
227047
227047
227047
227047
227072
227072
227072
227072
227073
227073
227073
227073
227073
227073
227074
227074
227074
227074
227075
227075
227075
227075
227075
227075
227075
227076
227076
227076
227076
227076
227076
227077
227078
227078
227078
227078
227079
227104
227104
227104
227105
227105
227105
227105
227105
227105
227106
227106
227106
227106
227107
227107
227107
227107
227108
227108
227108
227108
227108
227109
227109
227109
227109
227109
227109
227109
227110
227110
227110
227110
227110
227111
227111
227136
227136
227136
227136
227136
227137
227137
227137
227138
227138
227138
227138
227138
227139
227139
227140
227140
227140
227140
227141
227141
227141
227141
227141
227142
227142
227143
227143
227168
227168
227169
227169
227169
227169
227170
227170
227170
227170
227170
227170
227171
227171
227171
227171
227171
227171
227172
227172
227173
227173
227174
227174
227174
227174
227174
227175
227175
227200
227200
227200
227200
227201
227201
227201
227201
227201
227202
227202
227202
227202
227202
227203
227204
227204
227204
227204
227204
227205
227205
227205
227205
227205
227205
227205
227206
227206
227206
227207
227207
227207
227232
227232
227232
227232
227232
227233
227233
227233
227233
227233
227233
227233
227234
227234
227234
227234
227235
227235
227235
227235
227235
227235
227235
227236
227236
227237
227237
227237
227237
227237
227237
227238
227238
227238
227238
227239
227239
227239
227239
227239
227264
227264
227264
227265
227265
227265
227265
227265
227265
227266
227267
227267
227267
227267
227267
227267
227267
227268
227268
227268
227268
227268
227268
227268
227269
227270
227270
227270
227270
227270
227271
227271
227271
227271
227271
227296
227297
227297
227297
227297
227297
227297
227297
227298
227298
227299
227299
227299
227299
227299
227299
227300
227300
227300
227301
227301
227301
227301
227301
227301
227301
227302
227303
227303
227303
227328
227328
227328
227328
227329
227329
227329
227329
227329
227330
227330
227330
227331
227331
227331
227332
227332
227332
227332
227332
227333
227333
227334
227334
227334
227335
227335
227335
227335
227360
227360
227360
227360
227360
227361
227361
227361
227362
227362
227362
227362
227363
227363
227363
227363
227363
227363
227363
227364
227364
227364
227364
227364
227365
227365
227365
227366
227366
227367
227367
227367
227367
227367
227367
227392
227392
227393
227393
227394
227394
227394
227395
227395
227396
227396
227396
227396
227396
227397
227397
227397
227397
227397
227398
227398
227398
227398
227398
227398
227399
227399
227399
227424
227425
227425
227425
227425
227425
227425
227426
227427
227428
227428
227428
227428
227428
227428
227428
227429
227430
227430
227430
227430
227430
227431
227456
227457
227457
227457
227457
227458
227458
227459
227459
227460
227460
227460
227460
227461
227461
227461
227462
227463
227463
227463
227463
227463
227463
227488
227489
227489
227490
227490
227490
227491
227491
227492
227492
227492
227493
227493
227493
227493
227494
227494
227494
227494
227495
227495
227495
227520
227520
227520
227520
227521
227521
227521
227521
227522
227522
227522
227522
227523
227523
227523
227523
227523
227523
227523
227524
227524
227525
227525
227525
227525
227526
227526
227526
227526
227526
227526
227526
227527
227527
227527
227527
227527
227527
227527
227552
227552
227552
227552
227552
227552
227552
227553
227553
227553
227553
227553
227554
227554
227554
227554
227554
227554
227555
227555
227555
227555
227555
227555
227555
227556
227556
227556
227556
227556
227556
227557
227557
227557
227557
227557
227557
227557
227558
227559
227584
227585
227585
227585
227585
227585
227585
227586
227586
227586
227587
227587
227587
227587
227588
227589
227589
227590
227591
227591
227591
227591
227591
227616
227617
227617
227617
227617
227617
227618
227619
227619
227619
227620
227620
227621
227621
227621
227621
227621
227622
227622
227622
227622
227622
227622
227623
227623
227623
227623
227623
227648
227648
227648
227648
227648
227648
227648
227649
227650
227651
227652
227652
