21894
21894
21894
21895
21895
21895
21895
21895
21920
21920
21920
21920
21920
21920
21920
21921
21921
21922
21922
21922
21922
21922
21922
21923
21923
21923
21923
21924
21924
21924
21925
21925
21925
21925
21925
21926
21926
21926
21927
21927
21927
21927
21927
21927
21952
21952
21953
21953
21953
21954
21955
21955
21955
21956
21956
21956
21956
21956
21957
21957
21958
21958
21958
21958
21958
21959
21959
21959
21959
21959
21984
21984
21984
21984
21985
21985
21985
21985
21985
21985
21986
21986
21986
21986
21986
21986
21986
21987
21988
21988
21989
21989
21989
21989
21989
21989
21989
21990
21990
21990
21990
21991
21991
22016
22016
22016
22016
22016
22016
22016
22017
22017
22018
22018
22019
22019
22020
22020
22020
22020
22020
22020
22020
22021
22021
22021
22021
22022
22022
22022
22023
22048
22049
22050
22050
22050
22050
22050
22050
22051
22051
22051
22051
22051
22052
22052
22052
22052
22053
22053
22053
22053
22053
22053
22054
22054
22054
22055
22055
22055
22080
22080
22081
22081
22081
22081
22081
22081
22082
22082
22082
22082
22083
22083
22083
22083
22084
22085
22085
22085
22085
22085
22085
22085
22086
22087
22112
22112
22112
22112
22113
22113
22113
22113
22113
22114
22114
22114
22114
22114
22115
22115
22115
22115
22115
22116
22116
22116
22116
22116
22117
22117
22117
22117
22117
22117
22117
22118
22118
22118
22119
22119
22119
22119
22119
22119
22144
22145
22146
22146
22146
22146
22146
22147
22147
22147
22147
22147
22147
22148
22148
22148
22148
22148
22148
22148
22149
22149
22149
22150
22150
22150
22150
22150
22151
22151
22176
22176
22176
22176
22176
22176
22176
22177
22177
22177
22177
22178
22179
22180
22181
22181
22181
22181
22182
22182
22182
22182
22182
22183
22183
22183
22183
22183
22183
22183
22208
22208
22208
22208
22208
22208
22209
22209
22209
22210
22210
22210
22210
22210
22211
22211
22211
22211
22211
22211
22212
22212
22213
22213
22213
22213
22213
22214
22214
22214
22214
22215
22215
22215
22215
22215
22240
22241
22241
22242
22242
22242
22242
22242
22243
22243
22243
22243
22243
22243
22244
22244
22245
22245
22245
22245
22246
22246
22246
22246
22246
22246
22246
22247
22247
22247
22247
22247
22247
22272
22272
22272
22272
22272
22272
22273
22273
22273
22273
22273
22273
22273
22274
22275
22275
22275
22275
22275
22276
22276
22276
22276
22276
22276
22276
22277
22277
22277
22277
22277
22277
22278
22278
22278
22278
22279
22279
22279
22279
22304
22304
22304
22304
22304
22305
22305
22306
22306
22306
22306
22306
22307
22307
22307
22307
22307
22308
22308
22308
22308
22308
22308
22309
22309
22309
22309
22309
22309
22309
22310
22310
22310
22310
22310
22310
22311
22311
22311
22311
22311
22311
22311
22336
22336
22336
22336
22336
22336
22337
22337
22337
22337
22338
22338
22338
22338
22338
22339
22339
22339
22340
22340
22341
22341
22342
22342
22342
22342
22342
22343
22343
22343
22368
22368
22368
22368
22368
22368
22368
22369
22369
22369
22369
22369
22370
22370
22370
22370
22370
22370
22371
22371
22371
22372
22372
22372
22372
22372
22372
22372
22373
22373
22373
22373
22373
22373
22374
22374
22374
22375
22375
22375
22400
22400
22401
22401
22402
22402
22402
22402
22403
22403
22403
22404
22404
22404
22405
22406
22406
22406
22406
22406
22406
22407
22407
22407
22407
22407
22407
22432
22432
22432
22432
22432
22433
22433
22433
22434
22434
22434
22434
22434
22434
22434
22435
22435
22436
22436
22436
22436
22436
22436
22437
22438
22438
22438
22438
22438
22438
22438
22439
22439
22439
22439
22439
22464
22464
22464
22464
22465
22465
22466
22466
22466
22466
22467
22467
22467
22467
22468
22468
22468
22468
22468
22468
22469
22469
22469
22469
22469
22469
22470
22470
22471
22471
22471
22471
22496
22497
22497
22497
22497
22498
22498
22498
22498
22498
22499
22500
22500
22501
22501
22501
22502
22502
22502
22502
22503
22503
22503
22528
22528
22529
22529
22529
22529
22529
22530
22530
22530
22531
22531
22531
22531
22531
22532
22532
22532
22532
22533
22533
22533
22533
22533
22534
22534
22534
22535
22560
22560
22560
22560
22560
22560
22560
22561
22561
22561
22561
22561
22561
22561
22562
22562
22562
22562
22562
22563
22563
22563
22563
22563
22563
22564
22565
22565
22565
22565
22565
22565
22566
22566
22566
22566
22567
22567
22567
22567
22567
22567
22592
22592
22592
22592
22593
22593
22593
22593
22594
22594
22594
22595
22595
22595
22595
22595
22595
22595
22596
22596
22596
22596
22596
22596
22596
22597
22597
22597
22598
22598
22598
22598
22598
22598
22599
22599
22624
22624
22624
22624
22624
22624
22624
22625
22625
22625
22625
22626
22626
22626
22626
22626
22626
22626
22627
22627
22627
22627
22627
22627
22628
22628
22628
22628
22628
22629
22629
22629
22629
22629
22629
22630
22630
22630
22631
22631
22631
22631
22631
22631
22631
22656
22657
22657
22657
22657
22657
22657
22657
22658
22658
22658
22658
22659
22659
22659
22659
22659
22660
22660
22660
22660
22660
22661
22661
22661
22662
22662
22662
22662
22662
22662
22663
22663
22663
22663
22663
22663
22688
22688
22688
22689
22689
22689
22689
22689
22689
22690
22690
22690
22690
22690
22690
22691
22691
22691
22691
22692
22692
22692
22692
22693
22693
22693
22693
22693
22693
22694
22694
22694
22695
22695
22695
22720
22720
22720
22720
22720
22720
22720
22721
22721
22721
22721
22722
22722
22722
22722
22722
22722
22722
22723
22723
22723
22723
22724
22724
22724
22725
22725
22725
22725
22725
22726
22726
22727
22727
22752
22752
22752
22752
22752
22752
22752
22753
22754
22754
22754
22755
22755
22755
22755
22755
22755
22755
22756
22756
22756
22756
22757
22757
22757
22758
22758
22759
22759
22784
22784
22784
22784
22785
22785
22785
22786
22786
22786
22786
22786
22787
22787
22787
22787
22787
22787
22787
22788
22788
22788
22788
22788
22789
22789
22790
22790
22790
22790
22790
22790
22791
22791
22791
22791
22816
22816
22816
22817
22817
22817
22818
22818
22818
22818
22818
22818
22818
22819
22819
22819
22819
22820
22820
22820
22820
22820
22821
22821
22821
22821
22822
22822
22822
22822
22823
22823
22823
22848
22848
22848
22848
22848
22848
22849
22849
22849
22849
22849
22849
22849
22850
22850
22850
22850
22850
22851
