292193
292193
292193
292194
292194
292194
292195
292195
292195
292196
292196
292196
292196
292196
292196
292196
292197
292197
292197
292197
292197
292198
292198
292198
292198
292198
292199
292224
292224
292225
292225
292225
292226
292226
292226
292226
292227
292227
292228
292228
292228
292228
292228
292228
292229
292229
292229
292229
292230
292230
292231
292231
292231
292231
292231
292231
292231
292256
292256
292257
292257
292257
292258
292258
292258
292258
292258
292258
292259
292259
292259
292259
292259
292259
292259
292260
292261
292261
292261
292262
292263
292263
292263
292263
292288
292288
292289
292289
292289
292289
292289
292289
292289
292290
292290
292291
292291
292291
292291
292291
292291
292292
292292
292292
292293
292293
292293
292293
292294
292294
292295
292295
292320
292320
292320
292320
292321
292321
292321
292321
292321
292321
292321
292322
292322
292322
292322
292323
292323
292323
292323
292323
292323
292324
292324
292324
292324
292324
292324
292325
292325
292325
292325
292326
292327
292352
292352
292352
292352
292352
292352
292353
292354
292354
292354
292354
292354
292354
292355
292355
292355
292355
292355
292355
292355
292356
292356
292357
292357
292358
292358
292359
292359
292359
292359
292384
292384
292384
292384
292385
292385
292385
292385
292385
292386
292386
292386
292386
292386
292386
292387
292387
292387
292387
292387
292388
292389
292389
292389
292389
292389
292389
292389
292390
292390
292390
292390
292390
292390
292391
292416
292416
292416
292416
292417
292417
292417
292417
292417
292417
292418
292418
292418
292418
292419
292419
292419
292419
292420
292420
292420
292421
292421
292421
292422
292422
292422
292422
292422
292422
292422
292423
292448
292449
292449
292449
292449
292450
292450
292451
292451
292452
292453
292453
292453
292453
292453
292454
292454
292454
292454
292454
292454
292455
292455
292455
292480
292481
292481
292481
292481
292481
292482
292482
292483
292483
292483
292483
292483
292483
292484
292485
292485
292485
292485
292485
292485
292486
292486
292486
292486
292487
292487
292487
292487
292512
292513
292513
292513
292513
292514
292514
292514
292514
292514
292515
292515
292515
292515
292515
292515
292515
292516
292516
292516
292516
292516
292516
292516
292517
292518
292518
292518
292518
292518
292518
292518
292519
292519
292544
292544
292544
292544
292545
292545
292545
292545
292546
292546
292546
292546
292546
292547
292548
292548
292548
292548
292549
292549
292549
292549
292549
292549
292550
292550
292550
292550
292551
292551
292551
292551
292551
292551
292551
292576
292576
292577
292577
292577
292577
292577
292577
292578
292579
292579
292579
292579
292579
292579
292579
292580
292580
292580
292581
292581
292581
292581
292581
292581
292581
292582
292582
292582
292582
292582
292583
292583
292583
292583
292583
292583
292608
292608
292608
292608
292608
292608
292609
292609
292609
292609
292609
292609
292610
292610
292610
292610
292610
292610
292610
292611
292611
292611
292611
292611
292611
292612
292612
292612
292613
292613
292613
292613
292613
292613
292613
292614
292615
292615
292615
292615
292615
292615
292615
292640
292640
292640
292641
292641
292641
292641
292641
292641
292641
292642
292642
292642
292642
292642
292642
292642
292643
292643
292643
292643
292644
292644
292644
292644
292645
292646
292646
292646
292646
292646
292646
292647
292647
292647
292647
292647
292672
292672
292672
292672
292672
292673
292673
292673
292673
292673
292674
292674
292674
292674
292674
292675
292676
292676
292676
292676
292676
292677
292677
292677
292677
292677
292677
292677
292678
292678
292678
292679
292679
292679
292679
292679
292679
292679
292704
292704
292704
292704
292704
292705
292705
292706
292706
292707
292707
292707
292707
292707
292707
292707
292708
292708
292708
292708
292708
292708
292708
292709
292710
292711
292711
292711
292711
292711
292736
292736
292736
292737
292738
292738
292739
292739
292739
292739
292740
292740
292740
292740
292741
292741
292741
292741
292741
292741
292742
292742
292742
292743
292743
292743
292743
292743
292768
292768
292768
292768
292768
292768
292769
292769
292769
292769
292769
292770
292770
292770
292770
292770
292770
292771
292771
292771
292771
292772
292772
292772
292772
292772
292772
292772
292773
292773
292773
292773
292774
292774
292774
292774
292775
292775
292775
292775
292775
292775
292775
292800
292801
292801
292802
292802
292803
292803
292803
292803
292804
292804
292805
292805
292805
292805
292806
292806
292806
292806
292806
292806
292806
292807
292807
292807
292832
292832
292832
292832
292832
292832
292833
292833
292833
292833
292833
292833
292834
292834
292834
292834
292834
292834
292834
292835
292835
292835
292835
292835
292836
292836
292837
292837
292837
292837
292837
292838
292838
292838
292838
292838
292839
292839
292864
292864
292864
292864
292864
292864
292864
292865
292865
292866
292866
292867
292868
292868
292868
292868
292868
292869
292869
292869
292869
292869
292870
292870
292870
292871
292871
292871
292871
292871
292896
292896
292896
292896
292896
292896
292896
292897
292897
292897
292897
292898
292898
292899
292900
292901
292901
292901
292901
292901
292901
292901
292902
292902
292902
292902
292902
292903
292903
292903
292903
292903
292903
292928
292928
292928
292928
292928
292928
292929
292929
292929
292929
292929
292929
292929
292930
292930
292930
292930
292931
292931
292931
292931
292931
292931
292931
292932
292932
292932
292932
292932
292933
292934
292934
292934
292935
292935
292935
292935
292935
292960
292960
292960
292960
292960
292961
292961
292961
292961
292962
292963
292963
292963
292963
292963
292964
292964
292964
292964
292965
292965
292965
292965
292965
292966
292966
292966
292966
292967
292967
292967
292967
292967
292967
292967
292992
292992
292993
292993
292994
292995
292995
292995
292995
292996
292996
292996
292996
292996
292996
292997
292997
292998
292999
292999
292999
292999
292999
293024
293024
293024
293024
293024
293024
293024
293025
293025
293025
293026
293026
293026
293026
293026
293027
293028
293028
293028
293029
293029
293030
293030
293030
293030
293030
293030
293031
293031
293031
293031
293031
293056
293056
293057
293057
293057
293057
293057
293057
293058
293059
293059
293060
293060
293060
293060
293060
293060
293061
293061
293061
293061
293061
293062
293062
293062
293062
293062
293062
293062
293063
293063
293063
293063
293088
293088
293089
293089
293089
293090
293090
293090
293090
293090
293090
293090
293091
293091
293092
293092
293092
293092
293092
293092
293093
293093
293093
293093
293094
293094
293094
293095
293095
293095
293120
293121
293121
293121
293121
293122
293122
293122
293123
293123
293123
293124
293124
293125
293125
293126
293126
293126
293126
293127
293127
293127
293127
293127
293152
293152
293152
293152
293152
293152
293153
293153
293153
293153
293153
293153
293153
293154
293154
293154
293154
293154
293154
293154
293155
293155
293155
293155
293155
293156
293156
293156
293156
293156
293156
293156
293157
293157
293157
293158
293158
293158
293158
