163428
163428
163428
163428
163429
163429
163429
163429
163429
163429
163430
163430
163430
163431
163431
163456
163456
163456
163456
163457
163457
163458
163458
163458
163458
163458
163458
163458
163459
163459
163459
163459
163459
163459
163460
163461
163461
163461
163461
163462
163462
163462
163463
163463
163463
163463
163463
163463
163463
163488
163489
163489
163489
163489
163489
163489
163490
163490
163490
163491
163492
163492
163492
163492
163492
163492
163493
163493
163493
163493
163493
163494
163494
163494
163494
163495
163495
163495
163495
163495
163495
163495
163520
163520
163521
163521
163521
163521
163521
163521
163521
163522
163522
163522
163523
163523
163523
163523
163523
163523
163523
163524
163524
163524
163525
163525
163525
163525
163525
163525
163525
163526
163526
163526
163527
163527
163527
163527
163527
163552
163552
163552
163553
163553
163553
163553
163553
163553
163553
163554
163554
163554
163554
163555
163555
163555
163555
163555
163556
163556
163556
163556
163556
163557
163557
163557
163558
163559
163559
163584
163584
163584
163584
163585
163585
163585
163585
163585
163585
163585
163586
163587
163587
163588
163588
163588
163588
163589
163589
163590
163590
163591
163616
163616
163616
163617
163618
163618
163618
163619
163619
163620
163620
163620
163621
163621
163621
163622
163623
163648
163648
163648
163648
163648
163648
163648
163649
163649
163650
163650
163650
163651
163651
163651
163651
163651
163651
163652
163652
163652
163652
163652
163652
163652
163653
163653
163653
163653
163653
163653
163654
163654
163655
163655
163655
163655
163655
163680
163680
163681
163681
163681
163681
163682
163682
163682
163682
163682
163682
163682
163683
163684
163684
163684
163684
163684
163684
163685
163685
163685
163685
163685
163685
163685
163686
163686
163686
163686
163686
163686
163687
163687
163687
163687
163687
163687
163712
163713
163713
163713
163713
163713
163714
163714
163715
163715
163715
163715
163715
163715
163715
163716
163716
163717
163717
163717
163717
163717
163718
163719
163719
163719
163719
163719
163719
163719
163744
163744
163744
163745
163745
163745
163746
163746
163746
163746
163746
163746
163747
163747
163747
163747
163747
163747
163748
163748
163748
163749
163749
163750
163750
163751
163751
163776
163776
163776
163777
163777
163777
163777
163777
163778
163779
163779
163780
163780
163780
163780
163780
163781
163781
163781
163781
163781
163781
163782
163782
163782
163782
163783
163783
163783
163783
163783
163808
163808
163808
163808
163808
163809
163809
163810
163810
163811
163811
163811
163811
163811
163812
163812
163813
163813
163813
163813
163813
163813
163813
163814
163814
163814
163814
163814
163814
163815
163840
163841
163841
163841
163841
163841
163841
163841
163842
163842
163842
163842
163843
163843
163843
163843
163843
163844
163844
163844
163845
163845
163845
163845
163845
163845
163845
163846
163846
163846
163846
163846
163846
163847
163847
163847
163847
163847
163847
163872
163872
163872
163872
163872
163872
163872
163873
163873
163873
163874
163874
163874
163875
163876
163876
163876
163876
163876
163876
163877
163877
163877
163877
163877
163877
163878
163879
163879
163879
163879
163879
163879
163879
163904
163904
163904
163904
163905
163905
163905
163905
163905
163905
163905
163906
163906
163907
163908
163909
163909
163909
163909
163909
163909
163909
163910
163910
163910
163910
163910
163910
163910
163911
163911
163911
163911
163911
163911
163936
163936
163936
163936
163937
163937
163937
163937
163937
163937
163937
163938
163938
163938
163938
163938
163938
163938
163939
163940
163941
163941
163942
163942
163942
163942
163943
163943
163968
163969
163969
163969
163969
163969
163969
163970
163970
163970
163971
163971
163972
163972
163973
163973
163973
163973
163973
163974
163974
163974
163974
163974
163974
163974
163975
163975
164000
164000
164000
164000
164001
164001
164001
164001
164001
164001
164001
164002
164002
164002
164003
164003
164003
164003
164003
164003
164004
164004
164005
164005
164005
164005
164005
164005
164005
164006
164007
164007
164032
164032
164032
164032
164032
164033
164033
164033
164033
164033
164034
164034
164034
164034
164034
164034
164035
164035
164036
164036
164036
164036
164036
164036
164036
164037
164037
164037
164037
164037
164037
164037
164038
164038
164039
164039
164039
164039
164039
164039
164064
164064
164064
164064
164065
164065
164065
164065
164065
164065
164066
164066
164066
164066
164066
164066
164066
164067
164067
164067
164067
164067
164067
164068
164068
164068
164068
164068
164068
164068
164069
164069
164070
164070
164070
164070
164070
164070
164071
164071
164071
164071
164096
164096
164096
164097
164097
164097
164097
164097
164098
164099
164099
164099
164099
164100
164100
164100
164100
164101
164101
164101
164101
164101
164101
164101
164102
164102
164102
164103
164103
164103
164103
164103
164103
164128
164128
164129
164129
164129
164130
164130
164130
164131
164131
164131
164132
164132
164132
164132
164132
164132
164132
164133
164133
164134
164134
164134
164135
164135
164135
164160
164160
164160
164160
164160
164160
164160
164161
164161
164161
164161
164161
164161
164161
164162
164162
164162
164162
164162
164162
164162
164163
164163
164163
164164
164164
164164
164164
164165
164165
164166
164166
164166
164166
164166
164166
164167
164167
164167
164167
164167
164167
164167
164192
164192
164193
164193
164193
164193
164194
164195
164195
164195
164196
164196
164196
164196
164196
164196
164196
164197
164197
164197
164198
164198
164198
164198
164198
164199
164199
164199
164199
164199
164224
164224
164224
164224
164224
164224
164224
164225
164225
164225
164225
164225
164225
164226
164226
164226
164226
164226
164226
164226
164227
164227
164227
164227
164228
164228
164228
164228
164229
164229
164230
164230
164230
164230
164230
164230
164231
164231
164231
164231
164231
164231
164256
164256
164256
164256
164256
164257
164258
164258
164258
164258
164258
164259
164259
164259
164259
164259
164259
164259
164260
164260
164260
164260
164260
164260
164261
164261
164261
164261
164261
164261
164262
164262
164262
164262
164262
164263
164263
164263
164263
164263
164263
164288
164288
164288
164288
164288
164289
164289
164289
164289
164289
164290
164290
164290
164290
164290
164291
164292
164292
164292
164292
164292
164292
164292
164293
164293
164293
164293
164293
164294
164295
164295
164295
164295
164320
164321
164321
164321
164321
164321
164321
164322
164322
164322
164323
164323
164323
164323
164323
164324
164324
164324
164325
164325
164325
164325
164325
164325
164326
164326
164326
164326
164326
164326
164326
164327
164327
164327
164327
164327
164327
164327
164352
164352
164352
164352
164353
164353
164354
164354
164354
164354
164355
164355
164356
164356
164356
164356
164356
164356
164356
164357
164357
164357
164357
164357
164357
164358
164358
164358
164358
164359
164384
164385
164385
164385
164385
164386
164386
164386
164386
164387
164387
164387
164388
164388
164389
164389
164389
164389
164389
164389
164389
164390
