298178
298178
298178
298178
298178
298178
298178
298179
298179
298179
298179
298179
298180
298181
298182
298182
298182
298182
298182
298182
298182
298183
298183
298183
298183
298183
298183
298208
298208
298208
298208
298208
298208
298208
298209
298209
298209
298209
298209
298209
298210
298210
298210
298211
298211
298212
298213
298213
298214
298214
298214
298214
298215
298215
298215
298215
298215
298240
298240
298240
298240
298241
298241
298241
298242
298242
298242
298242
298242
298242
298242
298243
298243
298244
298244
298244
298244
298245
298245
298245
298245
298245
298246
298246
298246
298246
298246
298246
298247
298247
298247
298247
298272
298272
298272
298272
298272
298272
298272
298273
298273
298273
298273
298273
298273
298274
298274
298274
298274
298274
298275
298275
298275
298275
298275
298276
298276
298276
298276
298276
298276
298277
298277
298278
298279
298279
298279
298304
298304
298304
298304
298304
298304
298304
298305
298305
298305
298305
298306
298306
298306
298306
298307
298307
298308
298309
298309
298309
298310
298310
298310
298310
298310
298310
298310
298311
298311
298311
298311
298311
298311
298311
298336
298336
298336
298336
298336
298336
298337
298337
298338
298338
298338
298338
298338
298339
298339
298339
298340
298340
298340
298340
298341
298341
298341
298341
298342
298342
298342
298342
298342
298343
298343
298343
298343
298343
298343
298368
298368
298368
298368
298368
298369
298369
298369
298370
298370
298370
298371
298371
298371
298371
298371
298371
298372
298372
298372
298372
298372
298372
298373
298373
298373
298373
298373
298374
298374
298374
298374
298374
298375
298375
298375
298400
298400
298400
298400
298400
298400
298400
298401
298401
298401
298401
298401
298402
298402
298402
298402
298402
298402
298402
298403
298403
298403
298404
298404
298404
298404
298405
298406
298406
298406
298406
298407
298407
298407
298407
298432
298432
298433
298433
298434
298435
298435
298436
298436
298436
298436
298436
298436
298436
298437
298437
298438
298438
298438
298438
298438
298439
298439
298439
298439
298439
298464
298464
298465
298465
298465
298465
298465
298466
298466
298467
298467
298467
298468
298469
298469
298469
298469
298469
298469
298470
298470
298470
298471
298496
298496
298496
298496
298496
298496
298496
298497
298498
298498
298499
298499
298499
298499
298499
298499
298500
298500
298500
298500
298500
298500
298500
298501
298501
298501
298501
298502
298502
298502
298502
298502
298502
298503
298503
298503
298503
298503
298503
298503
298528
298528
298528
298528
298528
298529
298529
298529
298529
298529
298529
298530
298530
298530
298530
298531
298531
298531
298531
298531
298532
298532
298533
298534
298535
298535
298535
298535
298535
298535
298560
298560
298560
298560
298560
298561
298561
298561
298561
298561
298562
298562
298562
298562
298562
298562
298563
298563
298563
298563
298563
298563
298563
298564
298564
298564
298564
298564
298564
298564
298565
298565
298565
298565
298565
298565
298565
298566
298566
298566
298567
298567
298567
298567
298567
298567
298592
298592
298592
298592
298593
298594
298595
298595
298595
298595
298595
298596
298596
298596
298597
298597
298597
298597
298598
298598
298598
298598
298598
298598
298599
298599
298599
298624
298624
298624
298624
298624
298624
298624
298625
298625
298626
298626
298626
298626
298627
298627
298627
298627
298628
298628
298628
298629
298629
298629
298629
298629
298629
298629
298630
298631
298631
298631
298631
298631
298631
298656
298657
298658
298658
298658
298658
298658
298658
298658
298659
298659
298659
298660
298661
298661
298661
298661
298661
298661
298662
298662
298662
298662
298662
298663
298663
298663
298663
298688
298688
298688
298689
298689
298689
298689
298690
298690
298690
298690
298690
298690
298691
298692
298692
298692
298692
298692
298692
298692
298693
298693
298693
298693
298693
298694
298694
298694
298694
298694
298694
298694
298695
298695
298695
298695
298695
298695
298695
298720
298720
298720
298720
298720
298721
298722
298722
298722
298722
298722
298722
298722
298723
298723
298723
298723
298723
298723
298723
298724
298724
298725
298725
298725
298725
298725
298725
298725
298726
298726
298727
298727
298752
298752
298752
298752
298753
298753
298753
298754
298754
298754
298754
298754
298754
298755
298755
298755
298756
298756
298756
298756
298756
298757
298757
298757
298757
298757
298758
298758
298758
298758
298758
298759
298759
298784
298784
298784
298784
298784
298785
298785
298785
298785
298786
298787
298787
298787
298787
298788
298788
298788
298788
298788
298788
298789
298789
298789
298789
298789
298789
298790
298791
298791
298791
298791
298791
298791
298791
298816
298817
298817
298817
298817
298817
298817
298817
298818
298819
298819
298819
298819
298819
298820
298820
298821
298821
298821
298821
298821
298822
298822
298822
298822
298822
298822
298823
298823
298823
298823
298848
298849
298850
298851
298851
298851
298851
298851
298851
298852
298852
298852
298852
298852
298852
298852
298853
298854
298854
298855
298855
298855
298855
298855
298855
298880
298880
298880
298880
298881
298881
298881
298881
298881
298882
298883
298883
298883
298883
298883
298884
298884
298884
298885
298885
298885
298885
298885
298885
298886
298886
298886
298886
298886
298886
298887
298887
298887
298887
298887
298887
298887
298912
298912
298913
298913
298913
298913
298913
298913
298914
298914
298914
298914
298914
298914
298914
298915
298915
298915
298915
298915
298915
298916
298916
298916
298916
298917
298917
298917
298917
298918
298918
298918
298918
298919
298919
298919
298919
298919
298919
298919
298944
298944
298944
298945
298945
298945
298945
298945
298945
298946
298946
298946
298946
298946
298946
298946
298947
298947
298947
298947
298947
298948
298948
298948
298948
298948
298948
298949
298949
298949
298949
298949
298950
298950
298950
298950
298951
298951
298951
298951
298951
298976
298977
298977
298977
298978
298979
298980
298981
298982
298982
298982
298982
298982
298982
298982
298983
298983
298983
298983
298983
298983
299008
299009
299009
299010
299010
299010
299010
299010
299010
299011
299011
299012
299012
299012
299012
299013
299013
299013
299013
299013
299013
299013
299014
299014
299014
299014
299014
299014
299015
299015
299040
299041
299041
299041
299041
299041
299042
299042
299042
299042
299042
299043
299043
299043
299043
299044
299044
299045
299045
299045
299046
299046
299046
299047
299047
299047
299047
299072
299072
299072
299072
299073
299073
299074
299075
299076
299076
299076
299076
299076
299076
299076
299077
299077
299077
299077
299077
299077
299078
299078
299079
299104
299104
299104
299104
299105
299105
299105
299105
299105
299105
299105
299106
299106
299106
299106
299106
299106
299107
299107
299107
299107
299108
299108
299109
299109
299110
299110
299110
299111
299111
299111
299111
299111
299111
299136
299136
299136
299137
299138
299138
299138
299138
299138
299138
299138
299139
299139
299140
299140
299141
299141
299141
299142
299142
299142
299142
299142
299143
299143
299168
299168
299168
