10052
10052
10052
10052
10052
10053
10053
10053
10053
10053
10054
10054
10055
10055
10055
10055
10080
10080
10080
10080
10080
10080
10080
10081
10081
10081
10081
10081
10081
10082
10082
10082
10082
10082
10082
10083
10084
10085
10085
10085
10085
10085
10086
10087
10087
10112
10113
10113
10113
10113
10114
10115
10115
10115
10115
10116
10116
10116
10116
10116
10117
10117
10117
10118
10119
10144
10144
10144
10144
10144
10145
10145
10145
10145
10145
10145
10146
10146
10146
10146
10146
10146
10146
10147
10147
10147
10147
10147
10148
10148
10148
10148
10149
10149
10149
10149
10149
10149
10150
10150
10150
10150
10150
10150
10151
10176
10176
10177
10177
10177
10177
10177
10178
10179
10179
10179
10180
10180
10180
10181
10181
10182
10182
10182
10182
10182
10183
10183
10183
10183
10183
10183
10208
10208
10208
10208
10208
10208
10208
10209
10209
10209
10209
10209
10209
10209
10210
10210
10210
10210
10210
10210
10210
10211
10211
10211
10211
10211
10212
10212
10212
10213
10213
10213
10214
10214
10214
10214
10215
10215
10215
10215
10215
10240
10241
10241
10242
10242
10242
10242
10242
10242
10242
10243
10244
10244
10244
10244
10245
10245
10245
10245
10245
10245
10245
10246
10246
10246
10246
10247
10247
10247
10247
10247
10247
10272
10272
10272
10272
10272
10272
10272
10273
10273
10273
10273
10273
10273
10274
10274
10275
10275
10276
10276
10276
10276
10276
10277
10277
10277
10277
10277
10278
10278
10278
10278
10279
10279
10279
10279
10279
10304
10304
10304
10304
10304
10304
10304
10305
10305
10305
10305
10305
10306
10306
10306
10307
10307
10307
10307
10307
10308
10308
10308
10308
10308
10308
10309
10309
10309
10309
10309
10309
10310
10310
10310
10310
10310
10311
10336
10336
10337
10337
10337
10337
10338
10338
10338
10338
10338
10338
10339
10339
10339
10340
10340
10340
10340
10340
10340
10341
10341
10341
10341
10341
10341
10342
10342
10342
10342
10342
10342
10343
10368
10369
10369
10370
10370
10371
10371
10371
10371
10372
10372
10373
10373
10373
10373
10373
10373
10374
10375
10375
10375
10400
10400
10400
10400
10400
10400
10401
10401
10402
10402
10403
10403
10403
10403
10403
10403
10403
10404
10404
10404
10404
10405
10405
10405
10405
10405
10406
10406
10406
10406
10407
10407
10407
10407
10407
10407
10432
10432
10432
10432
10433
10434
10434
10435
10435
10435
10435
10435
10435
10436
10437
10437
10437
10438
10438
10438
10438
10439
10439
10439
10439
10439
10439
10439
10464
10465
10465
10465
10465
10465
10465
10465
10466
10466
10466
10467
10467
10467
10467
10467
10467
10467
10468
10468
10469
10469
10469
10470
10470
10470
10470
10470
10470
10471
10471
10471
10471
10471
10471
10496
10496
10497
10497
10497
10498
10498
10498
10498
10499
10499
10499
10499
10499
10499
10500
10501
10501
10501
10501
10501
10501
10502
10502
10502
10502
10503
10503
10503
10503
10528
10528
10528
10528
10529
10529
10529
10530
10530
10530
10531
10531
10531
10531
10531
10531
10531
10532
10532
10532
10532
10532
10532
10532
10533
10533
10533
10533
10533
10534
10535
10535
10535
10535
10535
10535
10535
10560
10560
10560
10560
10560
10560
10560
10561
10561
10561
10561
10561
10562
10562
10562
10562
10562
10562
10562
10563
10563
10563
10563
10564
10564
10564
10564
10565
10565
10565
10565
10565
10566
10566
10566
10566
10566
10566
10567
10567
10567
10592
10592
10593
10593
10593
10593
10593
10593
10594
10595
10596
10596
10596
10597
10597
10597
10598
10599
10599
10599
10599
10624
10624
10624
10624
10624
10624
10625
10625
10625
10625
10625
10625
10625
10626
10627
10627
10627
10627
10627
10628
10629
10629
10630
10630
10630
10630
10631
10631
10631
10631
10631
10631
10656
10656
10656
10657
10657
10657
10658
10658
10658
10658
10658
10658
10658
10659
10659
10659
10659
10659
10659
10659
10660
10660
10660
10661
10661
10661
10662
10662
10662
10662
10663
10663
10663
10663
10688
10688
10689
10689
10689
10690
10690
10690
10691
10691
10691
10692
10692
10692
10692
10692
10692
10693
10694
10694
10694
10694
10694
10694
10694
10695
10695
10695
10695
10720
10720
10720
10720
10720
10721
10721
10721
10722
10722
10722
10722
10722
10722
10723
10723
10724
10724
10724
10724
10725
10725
10725
10726
10726
10726
10726
10726
10726
10726
10727
10727
10727
10727
10727
10727
10727
10752
10752
10752
10752
10753
10754
10754
10754
10754
10754
10754
10755
10755
10755
10755
10756
10757
10757
10758
10758
10758
10758
10759
10759
10784
10784
10784
10784
10784
10784
10785
10786
10786
10786
10787
10787
10787
10787
10787
10787
10787
10788
10788
10788
10788
10789
10789
10789
10789
10789
10790
10790
10791
10791
10791
10791
10791
10816
10816
10817
10817
10817
10817
10817
10818
10818
10818
10818
10818
10818
10818
10819
10819
10820
10820
10820
10820
10820
10820
10820
10821
10821
10821
10822
10823
10823
10848
10849
10849
10849
10849
10849
10849
10850
10850
10850
10850
10850
10851
10851
10851
10851
10851
10851
10851
10852
10852
10852
10852
10852
10852
10853
10853
10853
10854
10855
10855
10855
10855
10855
10855
10855
10880
10881
10881
10881
10881
10881
10881
10881
10882
10882
10882
10882
10882
10883
10883
10883
10883
10884
10884
10884
10884
10884
10884
10884
10885
10885
10885
10885
10885
10886
10886
10886
10886
10886
10886
10886
10887
10912
10912
10912
10912
10912
10912
10913
10913
10913
10914
10914
10914
10914
10914
10914
10915
10915
10915
10915
10915
10916
10916
10916
10916
10916
10916
10916
10917
10917
10917
10917
10917
10918
10918
10919
10944
10944
10944
10944
10945
10945
10945
10945
10945
10946
10946
10946
10946
10946
10946
10947
10947
10947
10947
10948
10948
10948
10948
10949
10949
10949
10950
10951
10951
10951
10951
10951
10976
10976
10976
10976
10976
10976
10976
10977
10977
10977
10977
10978
10978
10978
10979
10979
10979
10979
10979
10979
10979
10980
10980
10980
10981
10981
10981
10981
10981
10981
10981
10982
10982
10982
10982
10982
10982
10982
10983
10983
11008
11008
11008
11008
11008
11009
11009
11010
11010
11010
11010
11010
11011
11011
11011
11011
11011
11011
11011
11012
11012
11013
11014
11014
11014
11014
11014
11015
11015
11015
11015
11015
11040
11040
11040
11040
11041
11041
11041
11041
