13927
13927
13927
13927
13952
13952
13952
13953
13953
13953
13953
13954
13954
13954
13954
13955
13955
13955
13955
13956
13956
13956
13956
13957
13957
13957
13958
13958
13958
13959
13959
13984
13984
13984
13984
13985
13985
13985
13985
13985
13985
13986
13986
13986
13986
13987
13987
13987
13988
13988
13988
13989
13989
13989
13989
13989
13990
13990
13990
13990
13990
13990
13991
13991
13991
13991
13991
14016
14016
14016
14016
14016
14016
14016
14017
14017
14017
14017
14017
14017
14018
14018
14018
14018
14019
14019
14019
14019
14019
14020
14020
14021
14021
14021
14021
14021
14021
14021
14022
14022
14023
14023
14023
14023
14048
14048
14048
14048
14048
14048
14048
14049
14049
14049
14050
14050
14050
14050
14050
14050
14051
14052
14053
14053
14054
14054
14054
14054
14054
14054
14054
14055
14055
14055
14080
14081
14081
14082
14083
14084
14084
14084
14084
14084
14085
14085
14085
14085
14086
14086
14086
14086
14087
14087
14087
14087
14087
14112
14113
14113
14114
14114
14114
14114
14114
14114
14115
14115
14116
14116
14116
14116
14116
14116
14117
14117
14117
14117
14117
14117
14117
14118
14119
14119
14119
14119
14119
14119
14144
14144
14144
14144
14144
14144
14145
14145
14145
14145
14145
14145
14146
14146
14146
14146
14146
14147
14147
14147
14147
14147
14147
14147
14148
14148
14148
14148
14149
14149
14149
14149
14149
14149
14149
14150
14150
14150
14150
14151
14151
14151
14151
14151
14151
14151
14176
14176
14176
14176
14177
14177
14177
14178
14179
14179
14179
14179
14179
14179
14180
14180
14180
14180
14180
14181
14181
14181
14181
14181
14181
14181
14182
14182
14183
14183
14208
14208
14208
14209
14209
14209
14209
14209
14210
14211
14211
14211
14211
14211
14211
14212
14212
14212
14212
14213
14214
14214
14214
14214
14215
14215
14215
14240
14240
14240
14240
14240
14240
14240
14241
14241
14242
14242
14242
14242
14242
14243
14243
14244
14244
14244
14245
14245
14245
14246
14246
14246
14246
14246
14247
14247
14247
14247
14247
14247
14247
14272
14272
14272
14273
14273
14274
14274
14274
14274
14274
14274
14275
14275
14275
14275
14275
14275
14275
14276
14276
14276
14276
14276
14277
14277
14277
14277
14278
14278
14278
14278
14278
14278
14278
14279
14279
14279
14279
14279
14304
14304
14304
14304
14304
14304
14305
14306
14307
14307
14307
14307
14307
14308
14308
14308
14309
14309
14309
14310
14311
14311
14336
14336
14336
14336
14336
14337
14337
14337
14337
14337
14337
14337
14338
14338
14339
14339
14339
14339
14339
14340
14340
14340
14340
14340
14340
14341
14341
14341
14341
14341
14342
14342
14342
14342
14342
14343
14343
14368
14368
14368
14368
14368
14369
14369
14369
14369
14369
14369
14370
14370
14370
14370
14371
14371
14371
14372
14372
14372
14372
14373
14374
14374
14374
14375
14375
14375
14375
14375
14375
14375
14400
14400
14400
14400
14400
14400
14400
14401
14401
14401
14401
14401
14402
14402
14402
14403
14403
14403
14404
14404
14404
14404
14404
14404
14404
14405
14405
14405
14406
14406
14406
14406
14406
14406
14407
14432
14433
14433
14433
14433
14433
14433
14434
14434
14434
14434
14434
14435
14435
14435
14435
14435
14435
14435
14436
14436
14436
14436
14436
14437
14437
14437
14437
14437
14437
14437
14438
14438
14438
14439
14464
14465
14465
14465
14465
14465
14466
14467
14467
14467
14467
14468
14468
14469
14469
14470
14470
14470
14470
14471
14471
14471
14471
14471
14471
14471
14496
14496
14496
14496
14496
14497
14497
14497
14497
14498
14498
14498
14498
14498
14498
14498
14499
14499
14499
14499
14499
14499
14499
14500
14500
14501
14501
14502
14502
14503
14503
14503
14503
14528
14528
14528
14528
14529
14529
14529
14529
14529
14529
14530
14530
14530
14530
14530
14530
14530
14531
14531
14531
14531
14532
14533
14533
14533
14533
14533
14533
14534
14534
14534
14534
14534
14535
14535
14535
14535
14560
14561
14561
14561
14561
14561
14561
14561
14562
14562
14562
14562
14563
14563
14563
14563
14563
14564
14565
14565
14566
14566
14566
14566
14566
14566
14566
14567
14567
14567
14567
14567
14567
14567
14592
14592
14592
14593
14593
14593
14594
14595
14596
14596
14596
14596
14596
14596
14597
14597
14597
14597
14597
14597
14598
14598
14598
14598
14598
14599
14624
14624
14624
14624
14624
14624
14624
14625
14626
14626
14626
14626
14627
14627
14627
14627
14627
14627
14627
14628
14629
14630
14630
14630
14630
14631
14631
14656
14657
14657
14658
14658
14659
14659
14659
14659
14660
14660
14660
14660
14661
14662
14662
14662
14662
14662
14662
14663
14663
14688
14688
14688
14688
14689
14689
14689
14690
14691
14691
14692
14692
14693
14693
14693
14693
14693
14694
14694
14694
14694
14694
14694
14694
14695
14695
14695
14695
14695
14720
14720
14720
14720
14720
14721
14721
14721
14721
14721
14722
14722
14722
14722
14722
14723
14724
14725
14725
14725
14725
14725
14725
14725
14726
14726
14726
14727
14727
14727
14727
14752
14753
14753
14753
14754
14754
14754
14754
14754
14754
14755
14755
14755
14755
14755
14755
14755
14756
14756
14756
14756
14757
14758
14758
14758
14758
14758
14759
14759
14784
14784
14784
14784
14784
14784
14785
14785
14785
14785
14785
14785
14785
14786
14787
14787
14787
14788
14789
14789
14789
14789
14790
14790
14790
14790
14790
14790
14790
14791
14791
14791
14816
14816
14817
14817
14817
14817
14817
14818
14818
14818
14818
14818
14818
14819
14819
14819
14819
14820
14820
14820
14821
14821
14821
14821
14821
14821
14821
14822
14822
14822
14822
14823
14823
14823
14823
14848
14848
14848
14848
14848
14848
14849
14849
14849
14849
14849
14850
14850
14850
14850
14850
14850
14851
14851
14851
14851
14851
14851
14852
14852
14853
14853
14853
14853
14854
14854
14854
14854
14855
14855
14855
14855
14855
14880
14880
14880
14880
14880
14880
14881
14881
14881
14882
14882
14883
14883
14883
14883
14883
14883
14884
14884
14884
14884
14884
14884
14884
14885
14885
14885
14885
14885
14885
14885
14886
14886
14887
14887
14887
14887
14912
14912
14913
14913
14913
14913
14913
14914
14914
14914
14914
14914
14914
14915
14915
14916
14916
14917
14917
14917
14917
14917
14917
14918
14918
14919
14944
14944
14945
14945
14945
14945
14945
14945
14946
14946
14947
14947
