45795
45795
45795
45796
45796
45796
45796
45797
45797
45797
45797
45797
45798
45799
45799
45799
45799
45799
45799
45824
45824
45825
45825
45825
45825
45825
45825
45826
45826
45826
45826
45827
45827
45827
45827
45828
45828
45828
45828
45828
45829
45830
45830
45830
45830
45830
45830
45831
45831
45831
45831
45856
45856
45856
45856
45856
45856
45857
45857
45858
45859
45859
45859
45859
45859
45860
45860
45860
45860
45861
45861
45861
45861
45862
45862
45862
45862
45862
45862
45863
45863
45863
45888
45888
45889
45889
45889
45890
45891
45891
45891
45891
45892
45893
45893
45893
45893
45893
45893
45894
45895
45895
45920
45920
45920
45920
45920
45921
45921
45922
45922
45922
45922
45923
45923
45923
45923
45923
45923
45924
45924
45924
45924
45924
45925
45925
45926
45926
45926
45927
45927
45927
45927
45927
45927
45927
45952
45952
45952
45952
45952
45952
45952
45953
45954
45954
45954
45955
45956
45957
45957
45957
45957
45957
45958
45958
45958
45958
45958
45959
45959
45959
45959
45959
45959
45959
45984
45984
45984
45984
45984
45984
45985
45985
45985
45985
45986
45986
45987
45987
45987
45987
45987
45988
45988
45989
45989
45989
45990
45990
45990
45991
45991
45991
45991
45991
46016
46016
46016
46016
46016
46016
46017
46017
46017
46017
46018
46019
46019
46019
46020
46020
46020
46020
46020
46020
46020
46021
46021
46022
46022
46022
46022
46023
46023
46023
46023
46023
46048
46048
46048
46048
46048
46049
46049
46049
46050
46050
46050
46050
46050
46050
46051
46052
46052
46052
46052
46052
46052
46053
46053
46053
46053
46054
46054
46055
46055
46055
46055
46055
46055
46055
46080
46080
46080
46080
46081
46081
46081
46082
46082
46082
46082
46082
46082
46082
46083
46084
46084
46084
46085
46085
46085
46086
46087
46112
46112
46112
46113
46113
46113
46113
46113
46114
46114
46115
46115
46115
46115
46115
46115
46116
46116
46116
46116
46116
46116
46117
46117
46118
46118
46118
46118
46118
46118
46118
46119
46119
46119
46119
46119
46119
46144
46144
46145
46145
46145
46146
46146
46146
46147
46147
46147
46147
46147
46147
46148
46148
46149
46149
46150
46151
46151
46151
46151
46151
46151
46151
46176
46176
46177
46177
46177
46177
46177
46177
46177
46178
46178
46178
46179
46179
46180
46180
46180
46180
46181
46181
46181
46181
46182
46182
46182
46182
46182
46183
46183
46208
46208
46208
46208
46208
46208
46209
46209
46210
46210
46210
46210
46210
46210
46211
46211
46211
46211
46212
46212
46212
46213
46213
46214
46214
46215
46215
46215
46240
46241
46241
46241
46241
46241
46241
46242
46242
46243
46243
46243
46243
46243
46243
46244
46244
46244
46244
46245
46245
46246
46246
46246
46246
46246
46247
46247
46247
46247
46247
46272
46272
46272
46272
46272
46272
46272
46273
46273
46273
46273
46274
46274
46274
46274
46274
46274
46275
46275
46276
46276
46276
46277
46277
46278
46278
46278
46278
46278
46278
46278
46279
46279
46279
46279
46279
46279
46279
46304
46304
46304
46304
46305
46306
46306
46307
46307
46307
46308
46308
46308
46308
46308
46309
46309
46309
46309
46309
46309
46310
46310
46310
46310
46310
46310
46310
46311
46311
46311
46311
46311
46311
46336
46336
46337
46338
46338
46338
46338
46338
46338
46338
46339
46339
46339
46339
46339
46339
46340
46340
46341
46341
46341
46341
46341
46341
46342
46342
46342
46342
46342
46342
46342
46343
46343
46343
46343
46368
46368
46368
46368
46368
46368
46368
46369
46369
46369
46369
46369
46369
46370
46371
46371
46372
46372
46372
46372
46372
46372
46373
46374
46374
46374
46374
46374
46374
46374
46375
46375
46375
46375
46375
46400
46400
46400
46401
46401
46401
46401
46401
46402
46402
46402
46402
46402
46402
46402
46403
46403
46403
46404
46404
46404
46404
46404
46405
46405
46405
46405
46406
46406
46406
46406
46406
46407
46432
46432
46432
46432
46432
46433
46433
46433
46433
46433
46434
46434
46434
46435
46435
46435
46435
46435
46435
46435
46436
46436
46436
46436
46436
46437
46438
46438
46439
46464
46465
46465
46465
46465
46465
46465
46466
46466
46466
46466
46466
46466
46467
46468
46468
46468
46468
46468
46468
46469
46469
46469
46469
46470
46470
46471
46471
46471
46471
46471
46471
46471
46496
46496
46497
46497
46497
46497
46498
46498
46498
46498
46498
46499
46499
46499
46499
46499
46499
46500
46501
46501
46501
46501
46502
46502
46503
46503
46503
46528
46528
46528
46529
46529
46529
46529
46529
46530
46530
46530
46530
46530
46531
46531
46531
46531
46531
46531
46531
46532
46532
46532
46533
46533
46533
46533
46534
46535
46560
46560
46560
46561
46562
46562
46562
46563
46563
46563
46563
46564
46564
46564
46564
46565
46565
46565
46565
46565
46565
46565
46566
46566
46566
46566
46566
46566
46567
46567
46592
46592
46592
46593
46594
46595
46595
46595
46595
46596
46596
46596
46597
46597
46597
46597
46597
46597
46597
46598
46598
46598
46599
46599
46599
46599
46599
46624
46624
46624
46624
46625
46625
46626
46626
46626
46627
46627
46627
46627
46627
46627
46627
46628
46628
46628
46628
46628
46629
46629
46629
46629
46629
46629
46630
46630
46630
46630
46631
46631
46631
46631
46631
46656
46656
46656
46657
46657
46657
46657
46657
46657
46658
46658
46658
46659
46659
46659
46660
46660
46660
46660
46661
46661
46662
46662
46662
46662
46662
46663
46688
46688
46689
46689
46689
46689
46689
46689
46689
46690
46690
46690
46690
46690
46690
46690
46691
46691
46691
46691
46692
46693
46693
46693
46693
46693
46693
46693
46694
46694
46694
46694
46694
46694
46695
46695
46695
46720
46720
46720
46721
46721
46721
46721
46721
46721
46722
46722
46722
46722
46722
46722
46723
46723
46723
46724
46724
46724
46725
46725
46725
46725
46725
46725
46725
46726
46726
46726
46726
46727
46727
46727
46727
46752
46752
46752
46752
46753
46753
46753
46753
46754
46754
46754
46754
46755
46755
46755
46755
46755
46755
46756
46756
46756
46756
46757
46757
46758
46759
46759
46759
46759
46784
46784
46784
46784
46784
46784
46785
46785
46785
46786
46786
46786
46786
46786
46786
46787
46787
46787
46787
46788
46788
46788
46788
46788
46789
46789
46790
46790
46790
46790
46791
46791
46791
46791
46791
46816
46816
46816
46816
46817
46817
46817
46817
46817
46818
46819
46819
46819
46819
