213575
213575
213575
213575
213575
213600
213600
213600
213600
213600
213601
213601
213601
213601
213602
213602
213602
213602
213602
213602
213603
213603
213603
213603
213603
213603
213604
213604
213604
213604
213605
213605
213605
213605
213605
213605
213606
213606
213606
213606
213606
213606
213607
213607
213607
213632
213632
213632
213632
213633
213633
213633
213633
213633
213633
213633
213634
213634
213634
213635
213635
213636
213636
213636
213636
213636
213636
213636
213637
213637
213637
213637
213637
213637
213638
213639
213639
213639
213664
213665
213665
213666
213666
213666
213666
213666
213666
213667
213667
213667
213667
213667
213667
213668
213668
213668
213668
213668
213669
213670
213671
213671
213671
213671
213671
213696
213696
213696
213696
213696
213696
213696
213697
213697
213697
213697
213697
213697
213697
213698
213698
213698
213699
213699
213699
213700
213700
213700
213700
213701
213701
213702
213702
213702
213702
213703
213703
213703
213703
213703
213703
213728
213728
213728
213729
213729
213729
213729
213729
213729
213730
213731
213731
213731
213731
213732
213732
213733
213733
213733
213733
213733
213733
213733
213734
213734
213734
213734
213734
213735
213735
213735
213735
213735
213760
213760
213760
213760
213760
213760
213761
213761
213761
213761
213761
213761
213761
213762
213762
213762
213762
213762
213762
213762
213763
213763
213763
213763
213763
213763
213763
213764
213764
213764
213764
213764
213764
213764
213765
213765
213765
213766
213766
213767
213792
213792
213793
213793
213793
213793
213793
213793
213793
213794
213794
213794
213795
213795
213795
213796
213796
213796
213797
213797
213798
213798
213798
213798
213798
213798
213799
213799
213799
213799
213799
213799
213824
213825
213825
213825
213825
213826
213826
213826
213826
213826
213826
213826
213827
213827
213827
213827
213827
213827
213828
213829
213829
213830
213831
213831
213831
213831
213831
213831
213856
213856
213857
213857
213857
213858
213858
213858
213858
213858
213858
213858
213859
213859
213859
213859
213859
213859
213860
213860
213860
213860
213860
213860
213860
213861
213862
213862
213862
213863
213863
213888
213888
213888
213888
213888
213889
213889
213889
213889
213889
213889
213890
213890
213891
213891
213892
213892
213892
213892
213892
213892
213893
213893
213893
213894
213894
213894
213894
213894
213895
213895
213920
213920
213920
213920
213920
213921
213921
213921
213921
213921
213922
213923
213923
213923
213923
213923
213923
213923
213924
213924
213924
213924
213924
213925
213925
213925
213926
213926
213926
213926
213926
213927
213927
213927
213952
213952
213952
213952
213952
213953
213953
213953
213953
213953
213954
213954
213955
213955
213955
213955
213956
213956
213957
213957
213957
213958
213958
213958
213959
213959
213984
213984
213985
213985
213985
213985
213985
213986
213986
213986
213986
213986
213987
213987
213987
213987
213987
213987
213988
213988
213989
213989
213989
213989
213989
213989
213990
213990
213990
213990
213990
213990
213991
213991
213991
213991
213991
213991
213991
214016
214016
214016
214016
214016
214016
214016
214017
214018
214018
214018
214018
214019
214019
214020
214020
214021
214021
214021
214022
214022
214022
214023
214023
214023
214023
214023
214023
214023
214048
214048
214048
214048
214048
214048
214048
214049
214049
214049
214049
214049
214049
214049
214050
214050
214050
214050
214050
214050
214051
214051
214051
214051
214051
214051
214052
214053
214054
214054
214054
214054
214055
214055
214055
214055
214055
214080
214080
214080
214081
214081
214081
214081
214081
214081
214082
214083
214083
214084
214084
214085
214085
214085
214085
214086
214086
214087
214087
214087
214112
214112
214112
214112
214112
214112
214112
214113
214113
214113
214113
214113
214113
214114
214115
214115
214115
214115
214115
214116
214116
214116
214117
214117
214117
214117
214117
214117
214117
214118
214118
214118
214119
214119
214119
214144
214144
214144
214144
214144
214145
214145
214146
214147
214148
214148
214148
214148
214148
214148
214149
214149
214149
214149
214149
214149
214149
214150
214150
214150
214150
214150
214151
214151
214176
214177
214177
214177
214177
214178
214178
214178
214178
214178
214178
214179
214179
214180
214180
214180
214180
214180
214180
214181
214181
214181
214181
214181
214181
214181
214182
214182
214182
214182
214182
214183
214183
214183
214208
214208
214208
214208
214208
214208
214208
214209
214209
214209
214209
214209
214209
214210
214210
214210
214210
214211
214211
214211
214211
214211
214211
214211
214212
214212
214212
214213
214213
214213
214213
214213
214213
214214
214215
214215
214215
214215
214240
214240
214240
214241
214241
214241
214241
214241
214242
214242
214242
214242
214242
214243
214243
214243
214243
214244
214244
214244
214244
214245
214245
214245
214245
214246
214246
214246
214246
214247
214272
214272
214272
214273
214273
214273
214273
214273
214273
214273
214274
214275
214275
214276
214276
214276
214276
214276
214276
214277
214277
214277
214277
214277
214278
214278
214278
214279
214304
214304
214304
214304
214304
214305
214305
214305
214305
214306
214306
214306
214306
214306
214306
214306
214307
214307
214307
214308
214308
214308
214308
214308
214309
214309
214309
214309
214309
214309
214310
214310
214310
214310
214311
214336
214336
214336
214337
214337
214337
214337
214337
214338
214338
214338
214338
214338
214338
214339
214340
214340
214340
214340
214340
214341
214341
214342
214342
214342
214342
214342
214342
214342
214343
214343
214368
214368
214369
214369
214369
214369
214369
214369
214369
214370
214370
214370
214370
214371
214371
214371
214371
214372
214372
214372
214372
214372
214372
214372
214373
214373
214373
214373
214373
214373
214374
214374
214374
214374
214375
214375
214375
214400
214400
214400
214401
214401
214401
214401
214402
214403
214403
214403
214404
214405
214406
214406
214406
214406
214406
214406
214406
214407
214407
214407
214407
214432
214432
214432
214433
214433
214434
214434
214434
214434
214435
214435
214436
214436
214436
214436
214436
214436
214437
214437
214438
214438
214439
214439
214439
214464
214464
214464
214464
214464
214464
214464
214465
214465
214465
214465
214465
214466
214466
214466
214466
214466
214466
214467
214467
214467
214467
214468
214468
214468
214468
214468
214469
214469
214469
214469
214470
214470
214470
214470
214471
214471
214496
214496
214496
214496
214496
214496
214496
214497
214497
214497
214497
214497
214497
214497
214498
214498
214498
214499
214499
214500
214501
214501
214501
214501
214501
214501
214501
214502
214502
214502
214502
214502
214502
214503
214503
214503
214503
214503
214503
214528
214528
214529
214529
214529
214529
214529
214529
214530
214530
214530
214530
214530
214530
214530
214531
214531
214531
214531
214531
214531
214531
214532
214532
214532
214532
214532
214532
214533
214534
214534
214534
214534
214535
214535
214535
214535
214535
214560
214560
214560
214560
214561
214561
214561
214561
214561
214561
214562
214562
214562
214562
214562
214562
214562
