90759
90759
90759
90759
90759
90784
90784
90784
90785
90785
90785
90785
90785
90786
90786
90786
90786
90786
90786
90786
90787
90787
90787
90787
90787
90788
90788
90788
90788
90788
90788
90789
90789
90789
90790
90791
90791
90791
90791
90791
90791
90816
90816
90816
90816
90816
90817
90817
90817
90817
90818
90818
90818
90818
90818
90818
90818
90819
90819
90819
90819
90819
90819
90820
90820
90820
90820
90821
90821
90821
90822
90822
90822
90822
90822
90822
90822
90823
90823
90823
90823
90848
90848
90848
90848
90848
90848
90848
90849
90849
90849
90849
90849
90850
90850
90850
90850
90850
90850
90851
90852
90852
90852
90852
90852
90852
90852
90853
90854
90854
90854
90854
90855
90855
90880
90881
90881
90881
90881
90881
90881
90881
90882
90882
90882
90882
90882
90883
90883
90883
90884
90884
90884
90884
90885
90885
90885
90885
90885
90885
90886
90886
90886
90886
90886
90886
90887
90887
90887
90887
90912
90912
90912
90912
90912
90912
90912
90913
90913
90913
90913
90913
90913
90914
90914
90915
90915
90915
90916
90917
90917
90917
90918
90919
90919
90919
90919
90919
90919
90919
90944
90944
90944
90945
90945
90946
90946
90946
90946
90946
90946
90947
90947
90947
90947
90948
90948
90948
90948
90949
90949
90949
90949
90949
90949
90950
90950
90951
90951
90976
90976
90976
90976
90976
90977
90977
90977
90977
90977
90977
90977
90978
90979
90979
90979
90979
90979
90979
90979
90980
90980
90980
90981
90981
90981
90981
90981
90981
90982
90982
90982
90982
90982
90983
90983
90983
90983
90983
91008
91008
91008
91008
91008
91008
91008
91009
91010
91010
91010
91010
91010
91010
91011
91011
91011
91011
91012
91012
91012
91013
91013
91013
91013
91013
91013
91013
91014
91014
91014
91014
91015
91015
91040
91040
91040
91040
91040
91040
91040
91041
91041
91041
91042
91043
91043
91043
91043
91043
91043
91044
91044
91045
91046
91046
91046
91046
91046
91046
91046
91047
91047
91047
91047
91072
91072
91073
91073
91073
91073
91074
91074
91074
91074
91074
91075
91075
91075
91075
91075
91076
91076
91076
91076
91076
91076
91077
91077
91077
91077
91077
91077
91077
91078
91078
91079
91079
91079
91104
91104
91105
91105
91105
91105
91105
91106
91106
91107
91107
91107
91107
91107
91107
91107
91108
91108
91108
91108
91109
91110
91110
91110
91111
91111
91111
91111
91111
91111
91136
91136
91136
91137
91137
91137
91137
91137
91137
91138
91138
91138
91139
91140
91140
91141
91141
91141
91141
91141
91141
91142
91143
91143
91143
91143
91143
91143
91143
91168
91168
91168
91168
91168
91168
91168
91169
91169
91169
91170
91170
91170
91170
91171
91171
91171
91172
91173
91173
91173
91173
91173
91173
91173
91174
91174
91174
91174
91174
91174
91174
91175
91175
91175
91175
91175
91175
91200
91200
91200
91200
91200
91200
91201
91201
91201
91201
91201
91201
91202
91202
91202
91203
91203
91204
91204
91205
91205
91205
91205
91205
91206
91207
91207
91232
91232
91232
91233
91233
91233
91233
91234
91234
91234
91234
91234
91235
91236
91236
91236
91237
91237
91237
91237
91237
91238
91238
91238
91238
91238
91238
91239
91239
91239
91239
91239
91264
91264
91264
91264
91264
91264
91265
91265
91266
91266
91266
91266
91266
91266
91266
91267
91267
91268
91268
91268
91269
91269
91269
91270
91270
91270
91270
91270
91271
91271
91296
91296
91296
91296
91296
91297
91297
91297
91297
91297
91297
91298
91298
91298
91299
91299
91299
91299
91299
91299
91299
91300
91300
91300
91300
91301
91301
91301
91301
91301
91301
91301
91302
91302
91303
91303
91303
91303
91303
91303
91303
91328
91328
91328
91328
91329
91330
91331
91332
91332
91332
91332
91332
91332
91332
91333
91333
91334
91334
91334
91334
91334
91334
91335
91335
91360
91361
91361
91361
91361
91361
91362
91362
91362
91362
91362
91363
91363
91363
91363
91363
91364
91364
91364
91364
91364
91364
91365
91366
91366
91367
91367
91367
91392
91392
91392
91393
91393
91393
91393
91393
91394
91394
91395
91395
91395
91395
91395
91395
91396
91396
91397
91397
91398
91398
91399
91399
91424
91424
91424
91424
91424
91424
91425
91425
91426
91426
91426
91427
91427
91427
91427
91427
91427
91428
91428
91428
91428
91428
91429
91429
91430
91431
91431
91431
91431
91431
91431
91431
91456
91456
91456
91456
91456
91456
91456
91457
91457
91457
91457
91457
91458
91458
91458
91459
91459
91459
91459
91459
91459
91460
91460
91461
91461
91461
91461
91461
91461
91461
91462
91462
91462
91462
91462
91462
91462
91463
91463
91463
91488
91488
91488
91488
91488
91488
91489
91489
91489
91489
91490
91490
91490
91490
91490
91490
91490
91491
91491
91491
91491
91491
91491
91491
91492
91492
91492
91492
91492
91492
91492
91493
91493
91493
91493
91493
91493
91494
91494
91495
91495
91495
91495
91495
91520
91520
91521
91522
91522
91522
91522
91523
91523
91523
91524
91524
91524
91524
91524
91524
91525
91525
91525
91525
91525
91525
91526
91527
91527
91527
91527
91527
91527
91552
91552
91552
91552
91552
91552
91553
91553
91553
91553
91553
91554
91554
91554
91554
91554
91555
91556
91556
91556
91557
91557
91557
91558
91558
91558
91558
91559
91559
91559
91559
91584
91584
91584
91584
91584
91585
91585
91585
91585
91586
91586
91586
91586
91587
91587
91587
91587
91587
91588
91588
91588
91588
91589
91589
91589
91589
91589
91589
91590
91590
91590
91591
91616
91617
91617
91617
91617
91617
91618
91618
91619
91619
91619
91619
91619
91620
91620
91620
91620
91620
91621
91621
91621
91621
91621
91621
91622
91622
91622
91622
91622
91623
91648
91648
91648
91649
91649
91650
91651
91651
91651
91651
91651
91651
91651
91652
91652
91652
91653
91653
91653
91653
91653
91653
91653
91654
91655
91655
91680
91681
91681
91681
91681
91681
91681
91681
91682
91682
91682
91682
91683
91683
91683
91683
91683
91683
91683
91684
91684
91684
91684
91685
91685
91685
91685
91685
91685
91685
91686
91686
91686
91687
91687
91687
91712
91712
91712
91712
91713
91713
91713
91714
91714
91714
91714
91714
91714
91714
91715
91715
91715
91716
91717
91717
91717
91717
91718
91718
91718
91718
91718
91718
91718
91719
91744
91744
91744
91744
91744
91744
91745
91745
91745
91745
91745
91746
91746
91746
91746
91746
91747
91747
91747
91747
