184486
184486
184487
184487
184487
184512
184513
184514
184515
184516
184516
184516
184516
184516
184516
184516
184517
184517
184517
184518
184518
184518
184518
184518
184519
184519
184519
184519
184519
184519
184519
184544
184544
184544
184544
184544
184544
184545
184545
184545
184545
184545
184546
184546
184546
184546
184546
184546
184546
184547
184548
184548
184549
184549
184549
184549
184549
184550
184550
184550
184551
184551
184551
184576
184576
184576
184577
184577
184577
184577
184577
184577
184578
184578
184578
184578
184579
184579
184580
184580
184580
184580
184580
184581
184582
184582
184582
184582
184582
184582
184583
184583
184583
184583
184608
184608
184609
184610
184611
184611
184611
184611
184611
184611
184611
184612
184612
184613
184613
184613
184614
184614
184614
184614
184614
184614
184614
184615
184615
184615
184615
184615
184615
184640
184640
184640
184640
184640
184640
184641
184642
184642
184643
184643
184643
184643
184643
184644
184644
184644
184644
184644
184644
184645
184645
184645
184645
184645
184646
184646
184646
184646
184647
184647
184647
184647
184647
184672
184672
184673
184673
184673
184673
184674
184674
184674
184674
184674
184675
184675
184675
184675
184675
184675
184675
184676
184676
184676
184676
184676
184676
184677
184677
184677
184677
184677
184677
184677
184678
184678
184678
184678
184678
184678
184678
184679
184679
184679
184679
184679
184679
184704
184704
184705
184705
184705
184705
184706
184706
184706
184706
184706
184706
184707
184708
184708
184709
184710
184710
184711
184711
184711
184711
184711
184711
184711
184736
184736
184736
184737
184737
184737
184737
184737
184737
184737
184738
184738
184738
184738
184738
184738
184738
184739
184739
184740
184740
184740
184740
184740
184740
184741
184741
184741
184742
184742
184743
184743
184768
184768
184768
184768
184768
184769
184769
184770
184770
184770
184771
184771
184771
184771
184772
184772
184772
184772
184772
184773
184773
184773
184773
184773
184774
184775
184775
184800
184800
184800
184800
184801
184801
184802
184802
184802
184802
184802
184802
184803
184803
184803
184803
184803
184804
184804
184804
184804
184804
184804
184805
184805
184805
184806
184806
184806
184806
184807
184832
184832
184832
184832
184832
184833
184833
184833
184834
184834
184834
184834
184834
184834
184834
184835
184835
184835
184835
184836
184836
184836
184836
184836
184837
184837
184837
184838
184838
184838
184839
184839
184839
184864
184864
184864
184864
184865
184865
184865
184865
184865
184866
184866
184866
184866
184867
184867
184867
184867
184867
184867
184868
184868
184868
184868
184868
184868
184869
184869
184869
184869
184869
184869
184869
184870
184870
184870
184870
184870
184870
184870
184871
184871
184896
184896
184896
184897
184897
184897
184898
184898
184898
184898
184898
184899
184899
184899
184899
184900
184900
184901
184901
184901
184902
184903
184903
184903
184903
184903
184903
184903
184928
184928
184928
184928
184929
184929
184929
184929
184930
184930
184930
184930
184930
184930
184930
184931
184931
184932
184932
184932
184933
184933
184933
184933
184933
184934
184934
184934
184934
184935
184935
184960
184960
184961
184961
184961
184961
184961
184961
184961
184962
184962
184962
184962
184962
184962
184962
184963
184963
184963
184963
184964
184964
184964
184964
184964
184964
184965
184965
184965
184965
184966
184967
184967
184967
184967
184967
184967
184992
184993
184993
184993
184993
184993
184993
184993
184994
184994
184994
184994
184994
184994
184995
184995
184995
184995
184996
184996
184996
184996
184997
184998
184998
184998
184998
184998
184998
184998
184999
184999
184999
184999
184999
185024
185024
185024
185024
185024
185024
185025
185025
185025
185025
185025
185026
185026
185026
185026
185026
185026
185026
185027
185027
185027
185027
185027
185027
185028
185028
185028
185028
185029
185029
185029
185029
185029
185029
185029
185030
185031
185031
185031
185056
185056
185056
185056
185056
185056
185056
185057
185057
185057
185057
185057
185057
185057
185058
185058
185058
185058
185058
185059
185059
185059
185059
185059
185060
185060
185061
185061
185061
185061
185061
185062
185062
185062
185063
185063
185063
185063
185088
185088
185088
185088
185088
185088
185088
185089
185089
185089
185089
185090
185091
185091
185092
185092
185092
185092
185092
185093
185093
185093
185093
185093
185093
185094
185094
185094
185094
185094
185095
185095
185095
185095
185095
185095
185095
185120
185120
185120
185120
185120
185120
185121
185121
185121
185122
185122
185122
185122
185122
185123
185123
185123
185123
185124
185124
185124
185124
185124
185124
185124
185125
185125
185125
185125
185125
185125
185126
185126
185126
185126
185126
185126
185126
185127
185127
185127
185127
185127
185127
185152
185152
185152
185152
185152
185152
185153
185153
185154
185154
185154
185154
185154
185154
185155
185155
185155
185155
185155
185156
185156
185156
185156
185156
185157
185157
185157
185158
185158
185158
185158
185158
185158
185159
185159
185159
185184
185185
185185
185185
185185
185186
185186
185186
185186
185186
185186
185186
185187
185188
185189
185189
185190
185190
185190
185191
185191
185191
185191
185191
185216
185216
185216
185216
185216
185216
185216
185217
185218
185218
185218
185218
185218
185218
185218
185219
185220
185221
185222
185222
185222
185222
185222
185222
185223
185223
185223
185223
185223
185223
185223
185248
185248
185248
185248
185249
185250
185250
185250
185250
185250
185250
185251
185251
185251
185251
185251
185251
185252
185252
185252
185252
185252
185252
185252
185253
185253
185253
185253
185253
185253
185253
185254
185254
185254
185255
185280
185280
185280
185280
185280
185280
185280
185281
185281
185281
185281
185281
185281
185281
185282
185282
185282
185282
185283
185283
185283
185283
185283
185283
185284
185284
185284
185284
185284
185285
185285
185285
185285
185285
185285
185285
185286
185286
185286
185287
185287
185287
185312
185312
185312
185313
185313
185313
185313
185313
185313
185313
185314
185314
185315
185315
185315
185315
185315
185315
185316
185317
185317
185317
185317
185317
185318
185318
185318
185318
185319
185319
185344
185344
185344
185344
185344
185345
185345
185345
185346
185346
185347
185348
185348
185348
185349
185349
185350
185350
185350
185350
185350
185350
185350
185351
185351
185351
185351
185351
185351
185376
185376
185376
185376
185376
185377
185377
185377
185377
185377
185377
185378
185379
185379
185379
185379
185379
185379
185380
185381
185381
185381
185381
185381
185381
185382
185382
185382
185383
185383
185383
185383
185383
185383
185383
185408
185408
185408
185408
185409
185409
185409
185409
185410
185410
185410
185410
185410
185410
185411
185411
185411
185412
185412
185412
185412
185412
185412
185413
185413
185413
185413
185413
185414
185414
185414
185414
185415
185415
185440
185440
185441
185441
185442
185442
185442
185443
185443
185443
185443
185443
185443
185444
185444
185444
185445
185445
185445
185445
185446
185446
185446
185446
185446
