8007
8007
8007
8007
8032
8033
8033
8033
8033
8034
8034
8034
8034
8034
8034
8035
8035
8035
8035
8035
8035
8035
8036
8036
8036
8036
8036
8036
8036
8037
8037
8037
8037
8038
8038
8038
8039
8039
8064
8064
8064
8064
8065
8065
8065
8065
8065
8065
8066
8066
8066
8066
8066
8067
8067
8067
8068
8068
8068
8068
8068
8068
8068
8069
8069
8069
8070
8070
8070
8070
8070
8070
8070
8071
8071
8071
8071
8096
8096
8097
8097
8097
8097
8097
8098
8098
8099
8100
8100
8100
8100
8100
8100
8100
8101
8101
8101
8101
8101
8101
8101
8102
8102
8102
8102
8102
8103
8103
8103
8128
8128
8128
8129
8129
8129
8129
8130
8130
8131
8131
8132
8132
8132
8132
8132
8132
8133
8133
8133
8133
8133
8133
8134
8134
8134
8134
8134
8134
8134
8135
8135
8135
8135
8135
8160
8160
8160
8161
8161
8162
8162
8162
8162
8162
8162
8162
8163
8163
8163
8163
8163
8164
8164
8164
8164
8164
8165
8165
8165
8165
8165
8165
8166
8166
8166
8166
8166
8166
8166
8167
8167
8167
8167
8192
8193
8193
8193
8193
8193
8193
8194
8195
8195
8195
8195
8195
8196
8196
8196
8196
8196
8196
8196
8197
8197
8197
8197
8198
8198
8199
8224
8224
8224
8225
8225
8225
8225
8226
8226
8226
8227
8227
8227
8227
8227
8227
8228
8228
8229
8229
8229
8229
8229
8229
8229
8230
8230
8230
8230
8230
8230
8231
8231
8231
8231
8231
8256
8256
8256
8256
8257
8257
8257
8257
8257
8257
8258
8258
8258
8259
8259
8260
8260
8261
8261
8261
8261
8261
8262
8262
8262
8262
8263
8263
8263
8263
8288
8288
8288
8288
8288
8288
8289
8289
8289
8289
8290
8290
8290
8291
8291
8292
8292
8292
8292
8292
8293
8293
8293
8293
8294
8294
8294
8295
8295
8295
8295
8295
8295
8320
8320
8320
8320
8320
8321
8321
8321
8321
8321
8321
8321
8322
8322
8322
8322
8323
8323
8323
8324
8324
8324
8324
8325
8325
8326
8326
8327
8327
8352
8352
8352
8352
8353
8353
8353
8353
8354
8355
8355
8355
8355
8355
8355
8355
8356
8357
8357
8358
8358
8358
8358
8358
8359
8359
8359
8359
8384
8384
8384
8384
8384
8385
8385
8385
8385
8385
8385
8385
8386
8386
8386
8387
8387
8387
8387
8387
8388
8388
8388
8388
8388
8388
8389
8389
8389
8389
8389
8390
8390
8391
8391
8391
8391
8391
8391
8416
8416
8416
8416
8416
8417
8417
8417
8418
8419
8419
8419
8419
8419
8419
8419
8420
8421
8421
8421
8421
8421
8421
8421
8422
8422
8422
8422
8422
8422
8423
8423
8423
8423
8448
8448
8448
8449
8449
8449
8449
8449
8450
8450
8451
8451
8452
8452
8452
8452
8452
8452
8452
8453
8453
8453
8453
8454
8454
8454
8454
8454
8455
8455
8480
8480
8480
8480
8480
8480
8480
8481
8482
8482
8483
8483
8484
8484
8484
8484
8485
8485
8486
8486
8486
8486
8486
8487
8487
8487
8487
8487
8487
8512
8512
8513
8513
8513
8513
8514
8514
8514
8514
8514
8514
8514
8515
8515
8515
8515
8515
8515
8516
8516
8516
8516
8516
8516
8516
8517
8517
8517
8517
8517
8518
8518
8518
8519
8519
8519
8519
8519
8519
8544
8544
8544
8544
8545
8545
8545
8545
8545
8545
8546
8546
8546
8546
8547
8547
8547
8547
8547
8548
8548
8548
8549
8549
8549
8549
8550
8550
8550
8550
8550
8550
8551
8551
8551
8551
8551
8576
8576
8576
8576
8577
8577
8577
8577
8577
8577
8577
8578
8578
8578
8578
8578
8579
8579
8579
8579
8580
8580
8580
8581
8581
8581
8581
8581
8582
8582
8582
8582
8582
8583
8583
8583
8608
8608
8608
8608
8609
8609
8609
8609
8609
8610
8610
8610
8610
8610
8610
8610
8611
8611
8612
8612
8612
8613
8613
8614
8614
8614
8615
8615
8615
8640
8640
8641
8641
8642
8642
8642
8643
8643
8644
8644
8645
8645
8645
8645
8645
8645
8645
8646
8646
8646
8646
8646
8646
8647
8647
8672
8672
8673
8673
8673
8673
8673
8674
8674
8674
8675
8675
8675
8676
8677
8677
8678
8678
8678
8678
8678
8679
8679
8679
8704
8704
8704
8704
8704
8704
8704
8705
8705
8705
8705
8706
8706
8706
8706
8706
8706
8706
8707
8707
8707
8707
8707
8707
8707
8708
8708
8708
8708
8708
8708
8709
8709
8709
8709
8709
8709
8709
8710
8710
8710
8710
8711
8711
8711
8711
8711
8711
8736
8736
8736
8736
8736
8736
8736
8737
8737
8737
8737
8737
8737
8737
8738
8738
8738
8739
8739
8739
8739
8740
8740
8740
8741
8741
8741
8741
8741
8742
8742
8742
8742
8742
8742
8743
8743
8743
8743
8768
8768
8768
8768
8769
8769
8769
8769
8770
8770
8770
8771
8771
8771
8772
8772
8773
8773
8773
8774
8774
8774
8774
8774
8774
8774
8775
8800
8801
8801
8801
8801
8801
8801
8801
8802
8802
8802
8802
8802
8803
8803
8803
8803
8803
8803
8803
8804
8804
8804
8804
8804
8804
8804
8805
8805
8805
8805
8805
8805
8805
8806
8806
8806
8806
8807
8807
8807
8832
8832
8833
8833
8834
8834
8834
8835
8835
8835
8835
8835
8836
8836
8836
8836
8836
8836
8837
8837
8837
8838
8838
8838
8838
8838
8839
8864
8864
8865
8866
8866
8866
8866
8866
8867
8867
8867
8867
8867
8867
8867
8868
8868
8868
8868
8869
8869
8869
8869
8870
8870
8871
8896
8897
8897
8897
8897
8897
8897
8898
8898
8899
8899
8899
8900
8900
8900
8900
8900
8900
8900
8901
8901
8902
8903
8903
8903
8903
8928
8929
8929
8929
8930
8930
8930
8931
8931
8932
8933
8933
8933
8933
8934
8934
8934
8934
8934
8934
8935
8935
8960
8960
8960
8960
8960
8960
8961
8961
8961
8961
8961
8962
8962
8963
8963
8963
8963
8963
8964
8964
8964
8964
8965
8965
8966
8966
8966
8966
8966
8967
8992
8992
8992
8992
8992
8992
8993
8993
8994
8994
8994
8994
8994
8995
8995
8995
8995
8995
8995
8996
8996
8996
8996
8997
