219524
219524
219524
219525
219525
219525
219525
219525
219525
219526
219526
219526
219526
219526
219526
219526
219527
219527
219527
219552
219553
219553
219553
219553
219553
219553
219553
219554
219554
219555
219556
219556
219556
219556
219556
219557
219558
219558
219559
219559
219559
219559
219559
219584
219584
219584
219584
219585
219585
219585
219585
219585
219585
219585
219586
219586
219586
219586
219586
219587
219587
219587
219588
219588
219588
219588
219588
219588
219588
219589
219589
219589
219589
219590
219590
219590
219591
219591
219591
219591
219591
219616
219616
219616
219616
219616
219616
219616
219617
219617
219617
219617
219617
219617
219618
219618
219618
219618
219618
219618
219618
219619
219619
219619
219619
219619
219620
219620
219621
219621
219621
219622
219622
219622
219622
219623
219623
219623
219623
219623
219648
219649
219649
219649
219649
219650
219650
219650
219650
219650
219650
219650
219651
219652
219652
219652
219652
219652
219652
219652
219653
219653
219654
219655
219655
219655
219655
219680
219680
219680
219680
219680
219681
219681
219681
219681
219681
219681
219682
219682
219682
219683
219683
219683
219683
219684
219684
219684
219684
219684
219684
219684
219685
219685
219685
219686
219686
219686
219686
219686
219687
219687
219687
219687
219687
219687
219712
219713
219713
219713
219713
219713
219713
219713
219714
219714
219714
219715
219715
219715
219715
219716
219717
219717
219717
219717
219718
219719
219719
219719
219719
219719
219719
219744
219745
219745
219745
219745
219746
219746
219746
219747
219747
219748
219748
219748
219749
219749
219750
219750
219751
219751
219751
219751
219751
219776
219776
219777
219778
219778
219778
219778
219778
219779
219779
219779
219779
219779
219780
219781
219781
219782
219782
219783
219783
219783
219808
219809
219809
219809
219809
219810
219811
219811
219811
219811
219811
219812
219812
219812
219812
219812
219813
219814
219814
219814
219814
219814
219815
219815
219815
219815
219840
219840
219841
219841
219841
219841
219841
219841
219841
219842
219842
219842
219842
219842
219842
219842
219843
219843
219843
219843
219843
219844
219844
219844
219844
219844
219845
219845
219845
219845
219845
219846
219846
219846
219846
219846
219847
219847
219847
219872
219872
219872
219873
219873
219873
219873
219873
219873
219874
219874
219874
219875
219875
219875
219875
219875
219875
219875
219876
219876
219876
219876
219876
219877
219877
219877
219878
219878
219879
219904
219904
219904
219904
219905
219905
219905
219905
219905
219905
219905
219906
219906
219906
219906
219906
219906
219907
219907
219907
219907
219907
219908
219908
219908
219908
219909
219909
219909
219909
219909
219910
219910
219911
219911
219911
219911
219936
219937
219937
219937
219937
219937
219938
219938
219938
219938
219939
219939
219939
219939
219940
219940
219941
219942
219943
219943
219943
219968
219969
219969
219969
219969
219969
219969
219970
219970
219970
219971
219972
219972
219972
219972
219972
219972
219972
219973
219974
219974
219974
219974
219974
219974
219975
220000
220000
220000
220000
220000
220000
220001
220001
220002
220002
220003
220003
220003
220003
220003
220003
220003
220004
220004
220004
220004
220004
220005
220005
220005
220005
220005
220006
220006
220006
220007
220007
220007
220032
220032
220032
220032
220032
220032
220033
220033
220033
220033
220034
220034
220035
220036
220036
220036
220036
220036
220036
220036
220037
220037
220037
220037
220037
220037
220038
220038
220038
220038
220038
220039
220064
220064
220064
220064
220065
220065
220066
220066
220066
220066
220066
220066
220067
220068
220068
220068
220068
220068
220068
220069
220069
220069
220070
220071
220071
220071
220071
220096
220096
220096
220096
220097
220098
220098
220098
220098
220099
220099
220100
220100
220100
220100
220100
220101
220101
220101
220101
220102
220102
220102
220103
220128
220128
220128
220128
220128
220128
220128
220129
220129
220129
220129
220129
220130
220130
220130
220130
220131
220131
220131
220131
220132
220132
220132
220132
220132
220133
220133
220133
220133
220133
220134
220134
220134
220135
220135
220135
220135
220135
220135
220160
220160
220161
220161
220161
220161
220162
220163
220163
220163
220163
220163
220164
220164
220165
220165
220165
220165
220165
220165
220165
220166
220166
220167
220167
220167
220167
220167
220167
220192
220192
220193
220193
220193
220193
220193
220193
220194
220195
220195
220195
220195
220196
220196
220196
220197
220197
220197
220197
220197
220197
220197
220198
220198
220198
220198
220199
220199
220199
220199
220199
220199
220224
220224
220225
220225
220226
220226
220226
220226
220227
220228
220228
220228
220229
220229
220229
220230
220230
220230
220230
220230
220230
220230
220231
220231
220231
220231
220231
220256
220256
220256
220256
220256
220256
220256
220257
220257
220257
220257
220257
220257
220258
220258
220259
220259
220259
220259
220260
220260
220260
220260
220261
220261
220261
220262
220262
220262
220262
220263
220263
220263
220263
220288
220288
220288
220288
220289
220289
220289
220289
220290
220291
220291
220291
220291
220292
220293
220293
220293
220293
220294
220294
220294
220295
220295
220320
220320
220321
220321
220321
220321
220321
220322
220322
220322
220322
220322
220322
220323
220323
220323
220323
220323
220323
220324
220324
220324
220324
220325
220325
220326
220327
220327
220352
220352
220352
220352
220352
220353
220353
220353
220354
220354
220354
220354
220354
220354
220354
220355
220355
220355
220355
220355
220356
220357
220357
220357
220357
220358
220358
220359
220359
220359
220359
220359
220359
220359
220384
220384
220384
220384
220384
220384
220384
220385
220385
220385
220385
220385
220386
220386
220386
220387
220387
220387
220388
220389
220389
220389
220389
220389
220389
220390
220390
220390
220390
220390
220390
220391
220391
220391
220391
220391
220416
220416
220416
220416
220416
220417
220417
220417
220417
220417
220417
220418
220418
220419
220419
220419
220419
220419
220419
220420
220420
220420
220420
220420
220420
220420
220421
220421
220421
220422
220422
220422
220423
220423
220423
220423
220423
220423
220448
220448
220448
220448
220448
220448
220448
220449
220449
220449
220450
220450
220451
220451
220451
220451
220451
220451
220452
220452
220452
220452
220453
220454
220454
220454
220455
220480
220480
220480
220480
220480
220480
220481
220481
220481
220482
220482
220482
220482
220482
220482
220483
220483
220483
220484
220484
220484
220484
220484
220484
220485
220485
220485
220485
220485
220485
220485
220486
220486
220486
220486
220487
220487
220487
220487
220487
220487
220487
220512
220512
220513
220513
220513
220513
220513
220513
220514
220514
220514
220514
220514
220514
220515
220515
220516
220516
220516
220516
220516
220517
220517
220517
220517
220517
220517
220518
220518
220519
220544
220544
220544
220544
220544
220544
220545
220545
220545
220545
220545
220546
220546
220546
220546
220547
220547
220547
220547
220547
220547
220548
220548
220548
220548
220548
220549
220549
220549
