222593
222593
222593
222593
222593
222594
222594
222594
222594
222595
222596
222597
222597
222597
222597
222597
222597
222597
222598
222599
222599
222599
222624
222624
222624
222624
222625
222625
222625
222625
222625
222625
222625
222626
222626
222626
222626
222626
222626
222626
222627
222628
222628
222628
222629
222630
222630
222630
222631
222631
222631
222631
222656
222656
222656
222657
222657
222657
222657
222657
222657
222658
222658
222658
222658
222658
222658
222658
222659
222659
222659
222659
222659
222659
222659
222660
222660
222660
222660
222661
222661
222661
222661
222661
222661
222661
222662
222662
222662
222662
222662
222663
222663
222688
222688
222688
222689
222689
222689
222689
222690
222690
222690
222691
222691
222691
222692
222692
222692
222692
222692
222693
222693
222693
222693
222693
222693
222693
222694
222694
222694
222694
222695
222695
222695
222695
222695
222695
222695
222720
222720
222720
222721
222722
222722
222722
222722
222722
222722
222723
222723
222724
222724
222724
222725
222725
222725
222725
222726
222726
222726
222727
222727
222727
222727
222727
222752
222752
222752
222752
222753
222753
222753
222754
222755
222755
222755
222755
222756
222756
222757
222757
222758
222759
222759
222784
222784
222784
222784
222785
222785
222785
222786
222787
222787
222787
222788
222788
222788
222788
222788
222789
222790
222790
222790
222790
222790
222790
222791
222791
222791
222791
222791
222791
222816
222816
222816
222816
222817
222817
222817
222817
222818
222818
222818
222818
222818
222818
222818
222819
222819
222819
222819
222819
222820
222820
222820
222820
222820
222820
222820
222821
222821
222821
222821
222821
222821
222821
222822
222822
222822
222822
222823
222823
222848
222848
222849
222850
222850
222850
222851
222851
222852
222852
222852
222852
222852
222852
222853
222853
222853
222853
222854
222854
222854
222854
222855
222855
222855
222855
222855
222880
222880
222880
222880
222880
222881
222881
222882
222882
222882
222882
222883
222883
222883
222883
222884
222884
222884
222884
222885
222885
222885
222885
222885
222886
222886
222887
222912
222913
222913
222913
222913
222913
222913
222913
222914
222914
222914
222915
222915
222915
222915
222915
222915
222916
222916
222916
222917
222917
222917
222917
222917
222917
222917
222918
222918
222918
222918
222918
222918
222918
222919
222919
222944
222944
222944
222945
222945
222945
222945
222946
222946
222946
222946
222946
222946
222947
222947
222948
222948
222948
222948
222949
222949
222949
222949
222949
222949
222949
222950
222951
222951
222951
222976
222976
222976
222976
222977
222977
222977
222977
222977
222977
222977
222978
222978
222978
222978
222978
222979
222979
222979
222980
222980
222980
222980
222980
222981
222981
222981
222982
222982
222982
222983
223008
223008
223008
223008
223009
223009
223009
223009
223009
223009
223009
223010
223010
223011
223012
223012
223012
223012
223012
223013
223013
223013
223013
223014
223014
223014
223014
223014
223014
223014
223015
223040
223040
223040
223041
223041
223041
223041
223041
223042
223042
223042
223042
223042
223042
223043
223044
223044
223044
223044
223044
223044
223045
223045
223045
223045
223045
223045
223045
223046
223047
223072
223072
223072
223072
223072
223072
223073
223073
223073
223073
223073
223073
223074
223074
223074
223074
223074
223074
223074
223075
223075
223075
223075
223075
223075
223076
223076
223076
223076
223076
223076
223077
223077
223077
223077
223078
223078
223079
223079
223079
223079
223079
223104
223104
223104
223104
223105
223105
223105
223105
223106
223106
223106
223106
223106
223106
223107
223107
223108
223108
223108
223108
223108
223109
223110
223110
223110
223110
223110
223110
223111
223111
223111
223111
223111
223136
223136
223137
223138
223138
223138
223139
223139
223139
223140
223140
223140
223140
223140
223140
223140
223141
223141
223142
223142
223142
223142
223143
223143
223168
223168
223168
223168
223168
223168
223168
223169
223169
223170
223170
223171
223171
223172
223172
223172
223173
223173
223173
223173
223173
223174
223174
223174
223174
223175
223175
223175
223175
223200
223200
223200
223201
223201
223201
223201
223202
223203
223203
223203
223203
223204
223204
223204
223205
223205
223206
223206
223207
223207
223232
223232
223232
223232
223232
223232
223232
223233
223234
223235
223235
223235
223236
223237
223237
223237
223237
223238
223238
223238
223239
223239
223239
223239
223239
223239
223239
223264
223265
223265
223265
223265
223265
223265
223265
223266
223266
223266
223266
223267
223267
223268
223268
223268
223269
223269
223269
223269
223269
223269
223269
223270
223270
223271
223271
223271
223271
223271
223271
223271
223296
223296
223296
223296
223297
223297
223297
223297
223297
223298
223298
223298
223299
223299
223299
223299
223299
223299
223299
223300
223300
223300
223300
223301
223301
223302
223302
223302
223302
223303
223303
223303
223303
223303
223303
223303
223328
223329
223329
223330
223330
223330
223330
223330
223330
223330
223331
223331
223331
223331
223331
223331
223332
223332
223332
223332
223332
223332
223333
223334
223334
223334
223334
223334
223335
223335
223360
223360
223360
223360
223361
223361
223361
223361
223361
223361
223361
223362
223363
223363
223363
223363
223363
223364
223365
223365
223365
223366
223366
223366
223366
223366
223366
223366
223367
223367
223367
223392
223393
223393
223394
223394
223394
223394
223394
223394
223394
223395
223395
223395
223395
223395
223395
223396
223397
223397
223397
223397
223397
223397
223398
223398
223398
223398
223399
223399
223399
223399
223399
223424
223424
223424
223424
223424
223424
223424
223425
223425
223425
223425
223425
223425
223426
223426
223426
223427
223427
223427
223427
223427
223427
223428
223429
223430
223430
223430
223430
223430
223430
223431
223431
223431
223431
223431
223456
223456
223457
223457
223457
223457
223457
223457
223457
223458
223458
223458
223459
223459
223460
223460
223460
223460
223461
223462
223462
223462
223463
223488
223488
223489
223489
223490
223490
223490
223490
223490
223490
223490
223491
223491
223491
223491
223491
223492
223492
223492
223492
223493
223494
223494
223495
223495
223495
223495
223495
223495
223495
223520
223520
223520
223520
223520
223520
223521
223521
223521
223521
223521
223522
223522
223523
223523
223523
223523
223523
223523
223524
223524
223524
223524
223524
223525
223525
223525
223525
223525
223525
223525
223526
223526
223526
223526
223526
223526
223527
223552
223552
223553
223554
223554
223554
223554
223554
223554
223555
223555
223555
223556
223556
223556
223557
223558
223558
223558
223559
223559
223559
223584
223584
223584
223585
223586
223586
223586
223587
223587
223587
223587
223587
223587
223588
223588
223588
223588
223588
223588
223589
223590
223590
223590
223591
223616
223616
223616
223616
223616
223616
223616
223617
223617
223617
223617
223618
223618
223619
223619
223619
223620
223620
223621
223621
223621
223621
223621
223622
223622
223622
223622
223622
223622
223622
223623
223623
223623
223623
