228647
228647
228647
228647
228672
228672
228672
228672
228672
228673
228673
228673
228673
228673
228673
228674
228675
228676
228677
228677
228677
228677
228677
228677
228678
228679
228679
228679
228679
228679
228679
228704
228704
228704
228704
228704
228704
228704
228705
228705
228705
228705
228705
228706
228706
228706
228706
228706
228706
228707
228707
228707
228707
228707
228707
228708
228708
228709
228709
228709
228710
228711
228711
228711
228736
228736
228736
228736
228736
228737
228738
228738
228738
228738
228738
228738
228738
228739
228739
228739
228739
228739
228739
228740
228740
228740
228740
228741
228741
228741
228742
228742
228742
228742
228742
228743
228743
228743
228768
228768
228768
228769
228769
228769
228769
228769
228769
228769
228770
228771
228771
228771
228771
228771
228771
228771
228772
228773
228774
228774
228775
228775
228775
228800
228800
228801
228801
228802
228803
228803
228803
228803
228803
228803
228804
228804
228804
228805
228806
228807
228807
228807
228807
228807
228807
228832
228832
228832
228833
228834
228834
228835
228836
228837
228837
228837
228837
228837
228837
228837
228838
228838
228838
228839
228839
228864
228864
228864
228865
228865
228865
228865
228865
228866
228866
228867
228867
228867
228867
228867
228867
228867
228868
228868
228868
228868
228869
228869
228870
228870
228870
228870
228870
228871
228871
228871
228871
228896
228896
228896
228897
228898
228898
228898
228899
228899
228899
228899
228900
228900
228900
228900
228900
228900
228901
228901
228901
228901
228901
228901
228901
228902
228902
228902
228902
228902
228902
228903
228903
228928
228928
228928
228928
228928
228929
228929
228930
228930
228930
228930
228931
228931
228931
228931
228931
228932
228932
228932
228932
228933
228933
228933
228934
228934
228935
228935
228935
228935
228935
228960
228960
228960
228960
228960
228960
228960
228961
228962
228962
228962
228962
228962
228962
228962
228963
228964
228964
228964
228964
228964
228964
228965
228965
228965
228966
228967
228967
228967
228967
228967
228967
228992
228992
228992
228992
228992
228992
228993
228993
228993
228993
228993
228993
228993
228994
228994
228994
228995
228995
228995
228995
228996
228996
228997
228997
228997
228997
228998
228998
228998
228998
228998
228999
229024
229024
229025
229025
229025
229025
229025
229025
229026
229026
229026
229027
229027
229027
229027
229027
229027
229027
229028
229028
229028
229029
229030
229030
229030
229030
229030
229030
229031
229031
229031
229031
229031
229031
229056
229056
229056
229056
229057
229057
229058
229058
229058
229058
229059
229059
229059
229060
229060
229061
229062
229062
229062
229062
229063
229063
229063
229063
229063
229063
229088
229088
229088
229088
229088
229089
229090
229090
229091
229091
229091
229091
229092
229092
229092
229092
229092
229092
229092
229093
229094
229094
229094
229094
229094
229094
229094
229095
229095
229095
229095
229095
229095
229095
229120
229120
229120
229121
229122
229122
229122
229122
229122
229123
229123
229123
229124
229124
229124
229124
229124
229124
229125
229125
229125
229125
229126
229126
229126
229126
229127
229127
229127
229127
229127
229152
229152
229153
229153
229154
229154
229154
229154
229154
229154
229154
229155
229155
229155
229156
229156
229156
229157
229157
229157
229157
229157
229157
229157
229158
229159
229159
229159
229184
229184
229184
229184
229184
229184
229184
229185
229185
229186
229186
229186
229186
229187
229187
229187
229187
229188
229188
229188
229188
229188
229188
229188
229189
229189
229190
229190
229190
229190
229190
229190
229191
229191
229191
229191
229191
229191
229191
229216
229216
229216
229216
229216
229216
229216
229217
229217
229218
229219
229219
229219
229219
229219
229220
229220
229220
229221
229221
229222
229222
229222
229222
229222
229223
229223
229248
229249
229249
229250
229251
229252
229252
229252
229252
229252
229252
229252
229253
229254
229254
229254
229254
229255
229255
229255
229255
229255
229280
229280
229281
229281
229281
229281
229281
229281
229281
229282
229282
229283
229284
229285
229285
229285
229285
229285
229285
229286
229286
229286
229286
229286
229287
229287
229287
229287
229287
229312
229312
229313
229313
229314
229314
229314
229314
229314
229314
229315
229316
229316
229316
229316
229317
229317
229317
229317
229318
229318
229319
229319
229319
229319
229319
229344
229344
229344
229344
229344
229344
229345
229345
229345
229345
229346
229346
229346
229346
229346
229346
229347
229347
229347
229347
229347
229347
229347
229348
229348
229348
229348
229348
229348
229349
229349
229350
229351
229351
229351
229351
229351
229376
229376
229376
229376
229376
229376
229377
229377
229378
229378
229378
229379
229379
229380
229380
229380
229380
229380
229380
229381
229381
229381
229381
229381
229381
229381
229382
229382
229382
229382
229382
229383
229383
229383
229383
229383
229383
229408
229408
229408
229408
229408
229408
229409
229409
229409
229409
229409
229409
229409
229410
229410
229410
229410
229410
229411
229411
229411
229412
229412
229412
229412
229413
229413
229414
229415
229415
229440
229440
229441
229441
229441
229441
229442
229442
229443
229443
229443
229443
229443
229443
229444
229444
229444
229444
229445
229445
229445
229446
229446
229447
229447
229447
229447
229447
229447
229447
229472
229472
229472
229472
229472
229473
229474
229474
229474
229475
229475
229475
229475
229475
229475
229475
229476
229476
229476
229476
229477
229477
229477
229477
229477
229478
229478
229478
229478
229478
229478
229479
229504
229504
229504
229504
229505
229505
229505
229506
229506
229506
229506
229506
229506
229507
229507
229507
229508
229508
229508
229508
229509
229509
229510
229510
229510
229510
229510
229510
229510
229511
229511
229536
229536
229536
229536
229536
229537
229537
229537
229538
229538
229538
229538
229538
229538
229539
229539
229539
229539
229539
229540
229540
229540
229540
229540
229541
229541
229541
229542
229542
229542
229542
229542
229542
229542
229543
229543
229543
229543
229568
229569
229569
229569
229570
229570
229570
229570
229570
229570
229571
229571
229571
229571
229571
229572
229572
229572
229572
229573
229574
229574
229574
229574
229574
229575
229600
229600
229600
229600
229600
229601
229601
229602
229602
229602
229602
229602
229603
229603
229603
229603
229604
229604
229604
229604
229604
229605
229606
229606
229606
229606
229606
229607
229607
229607
229607
229607
229607
229632
229632
229632
229632
229633
229634
229634
229634
229634
229634
229635
229636
229636
229636
229636
229636
229637
229638
229638
229638
229638
229638
229638
229638
229639
229639
229639
229639
229639
229639
229664
229664
229664
229664
229665
229665
229665
229666
229666
229666
229666
229666
229666
229666
229667
229667
229667
229667
229667
229668
229668
229668
229668
229669
229669
229669
229670
229670
229670
229670
229670
229670
229670
229671
229671
229671
229671
229696
229696
229697
229698
229698
229699
229699
229700
229700
229701
229701
229701
229701
229702
229702
229702
229702
229702
229703
229703
