128485
128485
128485
128486
128487
128487
128487
128487
128487
128487
128512
128512
128512
128512
128512
128513
128513
128513
128513
128514
128514
128515
128515
128516
128516
128517
128517
128517
128518
128518
128518
128519
128544
128544
128544
128545
128545
128546
128547
128547
128547
128547
128547
128547
128548
128548
128548
128548
128548
128548
128548
128549
128549
128549
128549
128549
128550
128550
128550
128550
128550
128550
128550
128551
128551
128551
128551
128576
128577
128577
128578
128578
128578
128578
128579
128579
128579
128579
128579
128580
128580
128580
128580
128580
128580
128580
128581
128582
128582
128582
128582
128582
128582
128582
128583
128583
128583
128583
128583
128583
128583
128608
128608
128608
128608
128608
128608
128608
128609
128609
128609
128609
128609
128609
128610
128611
128611
128611
128611
128611
128612
128612
128612
128612
128612
128613
128613
128613
128614
128614
128614
128614
128614
128614
128614
128615
128615
128615
128615
128640
128640
128640
128641
128641
128641
128641
128641
128641
128642
128642
128642
128642
128643
128643
128643
128643
128643
128643
128644
128645
128645
128645
128645
128646
128646
128646
128646
128646
128646
128646
128647
128647
128647
128647
128647
128647
128647
128672
128672
128672
128672
128672
128673
128673
128673
128674
128674
128674
128674
128674
128675
128675
128675
128675
128676
128676
128676
128676
128676
128677
128677
128677
128678
128678
128678
128679
128679
128679
128679
128679
128679
128704
128704
128704
128704
128704
128704
128704
128705
128705
128705
128705
128705
128706
128706
128707
128707
128708
128708
128708
128709
128709
128709
128709
128709
128710
128710
128710
128710
128711
128711
128711
128711
128711
128711
128736
128736
128736
128736
128737
128737
128737
128737
128737
128738
128738
128739
128739
128739
128739
128739
128740
128740
128740
128740
128740
128741
128741
128742
128742
128742
128742
128742
128742
128742
128743
128743
128743
128743
128768
128768
128769
128769
128770
128770
128770
128771
128771
128771
128772
128773
128773
128774
128774
128774
128774
128774
128774
128775
128800
128800
128800
128800
128800
128800
128800
128801
128801
128801
128801
128801
128801
128802
128803
128803
128803
128803
128804
128804
128805
128805
128805
128805
128805
128805
128806
128806
128806
128806
128806
128807
128807
128807
128832
128832
128832
128832
128832
128832
128833
128833
128834
128834
128834
128834
128834
128835
128835
128835
128835
128835
128835
128836
128836
128836
128836
128836
128836
128836
128837
128838
128838
128838
128839
128864
128865
128865
128865
128865
128865
128865
128865
128866
128866
128867
128867
128867
128867
128867
128868
128868
128868
128869
128870
128870
128870
128870
128870
128870
128870
128871
128871
128871
128871
128871
128871
128871
128896
128897
128897
128897
128897
128898
128898
128898
128898
128898
128898
128899
128899
128900
128900
128900
128900
128900
128900
128901
128901
128901
128901
128901
128901
128901
128902
128903
128903
128903
128903
128903
128903
128903
128928
128929
128929
128929
128930
128930
128930
128930
128930
128930
128931
128931
128931
128932
128932
128932
128933
128933
128933
128933
128933
128933
128933
128934
128935
128935
128935
128960
128960
128960
128960
128960
128960
128961
128961
128961
128961
128961
128962
128962
128962
128962
128962
128962
128962
128963
128964
128964
128964
128964
128964
128965
128965
128965
128965
128965
128966
128966
128966
128966
128967
128967
128967
128967
128992
128992
128993
128993
128993
128993
128993
128993
128994
128995
128995
128996
128996
128996
128996
128996
128996
128996
128997
128997
128998
128998
128998
128998
128998
128998
128998
128999
128999
128999
128999
129024
129025
129025
129025
129026
129026
129026
129027
129027
129027
129027
129027
129028
129028
129028
129028
129028
129028
129028
129029
129029
129029
129029
129029
129029
129029
129030
129030
129030
129031
129056
129056
129056
129056
129056
129057
129057
129057
129057
129057
129058
129058
129058
129058
129058
129058
129058
129059
129060
129061
129061
129061
129061
129061
129061
129061
129062
129062
129063
129063
129063
129063
129088
129089
129089
129089
129089
129089
129089
129090
129090
129090
129090
129090
129091
129091
129091
129091
129092
129092
129092
129092
129092
129092
129092
129093
129093
129093
129093
129093
129094
129094
129094
129094
129094
129094
129095
129095
129120
129120
129120
129120
129121
129122
129122
129122
129122
129123
129123
129123
129123
129123
129124
129124
129124
129125
129125
129126
129126
129126
129126
129126
129126
129127
129127
129127
129127
129152
129152
129152
129153
129153
129153
129154
129154
129154
129154
129154
129154
129154
129155
129155
129155
129156
129156
129156
129156
129157
129157
129158
129159
129159
129159
129159
129184
129184
129184
129184
129184
129184
129184
129185
129185
129185
129185
129186
129186
129186
129186
129187
129187
129188
129188
129188
129188
129188
129188
129189
129189
129189
129189
129189
129189
129190
129190
129190
129190
129190
129190
129191
129191
129191
129191
129191
129191
129191
129216
129217
129217
129217
129217
129217
129217
129217
129218
129218
129218
129218
129219
129219
129219
129219
129219
129220
129220
129221
129221
129221
129221
129222
129222
129222
129222
129222
129222
129223
129223
129223
129248
129248
129249
129249
129249
129249
129249
129250
129250
129250
129250
129250
129251
129251
129251
129251
129252
129252
129253
129253
129253
129253
129253
129253
129253
129254
129255
129255
129255
129255
129255
129280
129280
129280
129280
129281
129281
129281
129282
129282
129282
129282
129282
129282
129283
129283
129283
129283
129283
129284
129284
129284
129284
129284
129284
129284
129285
129285
129285
129285
129285
129285
129286
129286
129286
129287
129287
129287
129287
129287
129312
129312
129312
129312
129312
129312
129313
129313
129314
129314
129314
129315
129315
129316
129316
129316
129316
129316
129317
129317
129317
129317
129317
129318
129318
129318
129318
129319
129319
129319
129319
129344
129344
129344
129344
129345
129345
129345
129345
129345
129345
129346
129346
129346
129346
129347
129347
129347
129347
129347
129347
129348
129348
129348
129348
129348
129348
129349
129349
129349
129349
129350
129350
129351
129351
129351
129351
129351
129351
129376
129376
129376
129376
129376
129377
129378
129378
129378
129378
129379
129379
129379
129379
129379
129379
129380
129380
129381
129381
129381
129381
129381
129381
129382
129383
129383
129383
129408
129408
129408
129408
129408
129408
129408
129409
129409
129409
129409
129409
129409
129410
129410
129410
129410
129410
129411
129411
129411
129411
129411
129411
129411
129412
129412
129412
129413
129413
129413
129414
129415
129440
129440
129440
129441
129441
129442
129442
129442
129442
129442
129442
129443
129443
129443
129443
129443
129444
129444
129444
129444
129444
129444
129445
129445
129445
129446
129446
129446
129446
129447
129447
129447
129447
129447
129447
129447
129472
129472
129472
129472
129472
129472
129473
129473
129473
129473
