102562
102562
102562
102563
102563
102564
102564
102565
102565
102565
102565
102566
102566
102566
102566
102566
102566
102567
102567
102567
102567
102567
102567
102592
102592
102592
102592
102592
102592
102592
102593
102593
102593
102593
102594
102594
102594
102594
102594
102594
102595
102595
102595
102595
102596
102597
102597
102597
102597
102597
102597
102597
102598
102598
102598
102598
102599
102599
102599
102599
102599
102624
102625
102626
102626
102626
102627
102627
102627
102628
102628
102628
102628
102628
102628
102629
102630
102630
102630
102630
102630
102630
102631
102631
102631
102631
102656
102656
102656
102656
102656
102656
102657
102657
102657
102657
102658
102658
102658
102658
102658
102658
102658
102659
102659
102659
102660
102660
102660
102660
102660
102660
102661
102661
102661
102661
102662
102662
102662
102662
102662
102662
102663
102663
102663
102688
102689
102689
102689
102689
102690
102690
102690
102690
102690
102691
102692
102692
102692
102693
102693
102693
102694
102695
102695
102695
102695
102695
102695
102695
102720
102720
102721
102721
102722
102722
102723
102723
102723
102724
102724
102724
102724
102724
102724
102724
102725
102725
102725
102725
102725
102725
102725
102726
102726
102726
102726
102726
102727
102727
102727
102727
102727
102752
102752
102752
102752
102752
102752
102753
102753
102754
102754
102754
102754
102754
102754
102754
102755
102755
102755
102755
102756
102756
102756
102756
102756
102757
102757
102757
102758
102759
102759
102759
102784
102784
102784
102785
102785
102785
102785
102785
102785
102785
102786
102786
102787
102787
102787
102788
102788
102788
102788
102788
102789
102789
102789
102789
102789
102790
102790
102790
102790
102791
102791
102791
102816
102816
102816
102817
102817
102817
102817
102817
102817
102817
102818
102818
102818
102819
102819
102819
102819
102819
102819
102820
102820
102820
102820
102820
102821
102821
102821
102822
102823
102823
102823
102823
102848
102848
102848
102848
102848
102848
102849
102849
102849
102849
102850
102850
102851
102852
102852
102852
102852
102852
102852
102852
102853
102853
102853
102853
102854
102854
102854
102854
102855
102855
102880
102880
102880
102881
102881
102881
102881
102881
102881
102881
102882
102882
102882
102882
102882
102883
102883
102884
102884
102884
102885
102885
102885
102885
102885
102886
102886
102886
102886
102886
102886
102887
102887
102887
102887
102887
102887
102887
102912
102912
102912
102913
102913
102914
102914
102914
102915
102915
102915
102915
102916
102916
102917
102917
102917
102917
102918
102918
102918
102918
102918
102918
102918
102919
102919
102919
102944
102944
102944
102944
102944
102944
102945
102946
102946
102946
102947
102948
102948
102948
102948
102948
102948
102948
102949
102950
102950
102950
102950
102950
102950
102951
102976
102976
102977
102977
102977
102978
102978
102978
102978
102979
102979
102979
102979
102979
102980
102980
102981
102981
102981
102981
102982
102983
102983
103008
103008
103008
103009
103009
103009
103010
103010
103011
103011
103011
103012
103013
103013
103013
103014
103014
103014
103014
103014
103015
103015
103015
103015
103015
103015
103015
103040
103040
103040
103041
103041
103042
103042
103042
103042
103042
103042
103043
103044
103045
103046
103046
103047
103047
103047
103047
103072
103072
103072
103072
103072
103073
103073
103073
103073
103074
103074
103074
103074
103074
103074
103075
103075
103075
103076
103076
103076
103076
103076
103076
103077
103077
103077
103077
103077
103077
103077
103078
103078
103079
103079
103079
103079
103104
103105
103105
103105
103105
103105
103106
103106
103106
103107
103108
103108
103108
103108
103108
103108
103108
103109
103109
103109
103109
103110
103110
103110
103110
103110
103110
103111
103111
103111
103111
103111
103136
103136
103136
103136
103136
103136
103136
103137
103137
103137
103137
103137
103137
103138
103138
103138
103138
103138
103138
103139
103139
103140
103141
103141
103141
103141
103141
103141
103141
103142
103142
103142
103142
103142
103142
103142
103143
103143
103143
103168
103168
103169
103169
103169
103169
103169
103170
103171
103171
103171
103171
103172
103172
103172
103172
103172
103172
103173
103173
103173
103173
103173
103173
103173
103174
103174
103175
103175
103175
103175
103175
103200
103200
103200
103200
103200
103201
103201
103201
103202
103202
103202
103203
103203
103203
103203
103203
103203
103204
103204
103204
103204
103204
103204
103205
103205
103205
103205
103205
103206
103206
103207
103207
103207
103207
103207
103207
103207
103232
103232
103232
103232
103232
103233
103233
103233
103233
103233
103234
103234
103234
103234
103234
103234
103234
103235
103236
103236
103236
103236
103237
103237
103238
103238
103238
103238
103239
103239
103239
103239
103264
103264
103264
103264
103264
103264
103264
103265
103265
103265
103266
103266
103266
103266
103267
103267
103267
103267
103267
103267
103268
103268
103268
103268
103268
103268
103268
103269
103269
103269
103269
103269
103269
103269
103270
103270
103270
103271
103271
103296
103296
103296
103296
103296
103297
103297
103297
103297
103297
103297
103297
103298
103299
103299
103299
103299
103300
103301
103301
103301
103301
103301
103301
103301
103302
103302
103302
103303
103303
103328
103328
103328
103328
103329
103329
103329
103329
103330
103330
103330
103331
103331
103332
103333
103334
103334
103334
103334
103335
103335
103335
103335
103335
103335
103335
103360
103360
103360
103360
103361
103361
103361
103361
103361
103362
103362
103362
103362
103363
103363
103363
103363
103363
103363
103363
103364
103364
103364
103364
103364
103364
103365
103365
103365
103365
103365
103365
103365
103366
103367
103367
103367
103367
103367
103392
103392
103392
103392
103392
103393
103394
103394
103394
103395
103395
103395
103395
103395
103395
103396
103396
103396
103397
103397
103397
103397
103397
103397
103398
103398
103398
103398
103399
103424
103424
103424
103425
103425
103425
103425
103425
103425
103425
103426
103426
103427
103427
103427
103427
103428
103428
103428
103428
103428
103429
103429
103429
103429
103429
103429
103430
103431
103431
103431
103431
103456
103456
103456
103456
103456
103457
103457
103458
103459
103460
103460
103461
103461
103461
103461
103461
103461
103461
103462
103462
103462
103462
103462
103463
103488
103488
103488
103489
103489
103489
103489
103489
103489
103489
103490
103491
103491
103491
103491
103491
103491
103491
103492
103492
103492
103492
103492
103492
103493
103493
103493
103493
103493
103493
103493
103494
103494
103494
103494
103495
103495
103495
103495
103495
103495
103495
103520
103520
103520
103520
103520
103520
103521
103521
103521
103521
103521
103522
103522
103522
103523
103523
103523
103523
103524
103525
103525
103526
103526
103526
103526
103527
103527
103527
103527
103527
103552
103552
103553
103553
103553
103553
103553
103554
103554
103554
103555
103555
103555
103555
103556
103556
103556
103556
103556
103556
103556
103557
103557
103557
103557
103557
103558
103558
103558
103558
