220550
220550
220550
220550
220551
220551
220551
220576
220576
220577
220577
220577
220577
220577
220577
220577
220578
220579
220579
220579
220579
220579
220579
220580
220580
220580
220580
220580
220580
220580
220581
220581
220581
220581
220581
220581
220581
220582
220582
220583
220608
220609
220609
220609
220609
220609
220609
220609
220610
220610
220611
220611
220611
220611
220611
220612
220612
220612
220612
220612
220612
220612
220613
220613
220613
220613
220613
220614
220614
220614
220614
220614
220614
220614
220615
220615
220615
220615
220615
220615
220640
220640
220640
220640
220640
220640
220641
220642
220642
220642
220643
220643
220643
220644
220644
220644
220644
220644
220645
220645
220645
220645
220645
220646
220647
220647
220647
220647
220647
220672
220672
220672
220672
220672
220672
220672
220673
220673
220673
220673
220674
220674
220675
220676
220676
220676
220677
220677
220677
220677
220678
220678
220679
220679
220679
220679
220679
220679
220704
220704
220704
220704
220704
220705
220705
220705
220706
220707
220707
220707
220707
220707
220707
220707
220708
220708
220708
220708
220708
220708
220709
220709
220709
220709
220709
220710
220711
220711
220711
220736
220736
220736
220736
220736
220736
220737
220737
220737
220737
220737
220738
220739
220740
220740
220740
220740
220740
220741
220741
220741
220741
220742
220743
220743
220743
220743
220743
220768
220768
220768
220768
220768
220769
220769
220769
220769
220769
220769
220769
220770
220770
220771
220771
220771
220771
220771
220771
220771
220772
220772
220773
220774
220775
220775
220775
220775
220775
220775
220800
220801
220801
220801
220801
220802
220802
220802
220802
220802
220802
220803
220803
220803
220804
220804
220804
220804
220805
220805
220805
220805
220806
220806
220807
220807
220807
220832
220832
220833
220833
220833
220833
220833
220833
220833
220834
220834
220834
220834
220834
220834
220834
220835
220835
220835
220835
220835
220835
220835
220836
220836
220836
220836
220836
220836
220837
220838
220838
220838
220838
220838
220838
220838
220839
220864
220864
220864
220865
220865
220865
220865
220865
220865
220866
220866
220866
220866
220866
220866
220866
220867
220867
220867
220867
220867
220867
220868
220868
220868
220868
220868
220868
220868
220869
220869
220869
220870
220870
220870
220870
220871
220871
220871
220871
220871
220871
220896
220896
220896
220896
220896
220896
220896
220897
220898
220898
220898
220899
220899
220899
220899
220899
220900
220900
220901
220901
220902
220902
220902
220902
220902
220903
220903
220903
220903
220903
220928
220928
220928
220928
220928
220928
220929
220929
220929
220929
220929
220929
220929
220930
220931
220931
220931
220931
220932
220932
220932
220932
220932
220932
220932
220933
220933
220933
220933
220934
220934
220935
220935
220935
220960
220960
220960
220960
220960
220960
220960
220961
220961
220961
220961
220961
220962
220962
220962
220962
220962
220963
220963
220963
220964
220965
220966
220966
220966
220966
220967
220967
220967
220967
220992
220993
220994
220994
220995
220995
220995
220995
220995
220996
220996
220996
220996
220996
220996
220996
220997
220997
220997
220997
220997
220997
220998
220998
220998
220998
220998
220998
220998
220999
220999
220999
221024
221024
221024
221025
221025
221025
221025
221025
221025
221025
221026
221026
221026
221026
221026
221027
221027
221028
221028
221028
221028
221028
221028
221029
221029
221029
221029
221029
221029
221029
221030
221030
221030
221030
221030
221030
221031
221031
221031
221056
221056
221056
221057
221057
221057
221058
221058
221058
221058
221059
221059
221059
221059
221059
221059
221060
221060
221060
221060
221060
221060
221061
221061
221061
221061
221061
221061
221061
221062
221062
221062
221062
221063
221063
221063
221088
221088
221088
221088
221089
221089
221089
221089
221089
221090
221091
221091
221091
221091
221092
221092
221092
221092
221093
221093
221094
221094
221094
221094
221094
221095
221095
221120
221120
221120
221120
221121
221121
221121
221121
221121
221121
221122
221122
221123
221123
221124
221124
221124
221125
221125
221126
221127
221127
221127
221127
221127
221127
221127
221152
221152
221152
221152
221153
221153
221153
221154
221154
221154
221154
221155
221155
221156
221156
221156
221156
221156
221156
221157
221157
221158
221158
221158
221158
221158
221159
221184
221185
221185
221185
221185
221185
221185
221186
221186
221187
221187
221187
221188
221188
221189
221189
221189
221189
221189
221189
221189
221190
221190
221190
221190
221191
221216
221217
221217
221217
221217
221217
221217
221217
221218
221218
221219
221219
221219
221219
221220
221220
221220
221220
221220
221221
221221
221221
221221
221221
221221
221222
221222
221222
221223
221223
221223
221223
221223
221223
221248
221248
221249
221249
221249
221249
221249
221249
221250
221250
221250
221250
221251
221252
221252
221252
221252
221252
221252
221252
221253
221253
221253
221253
221253
221253
221254
221254
221254
221254
221254
221254
221254
221255
221255
221255
221280
221280
221280
221280
221280
221280
221280
221281
221281
221281
221281
221282
221283
221283
221283
221283
221283
221283
221283
221284
221284
221284
221284
221284
221284
221285
221285
221285
221286
221286
221286
221287
221312
221312
221312
221312
221312
221312
221312
221313
221313
221313
221314
221314
221314
221314
221314
221314
221314
221315
221316
221316
221316
221316
221317
221318
221318
221318
221318
221318
221318
221319
221344
221344
221344
221344
221344
221345
221345
221345
221345
221345
221345
221346
221346
221346
221346
221346
221346
221346
221347
221347
221348
221348
221348
221348
221348
221349
221349
221350
221350
221350
221351
221351
221351
221351
221351
221351
221376
221377
221377
221377
221377
221378
221378
221378
221378
221378
221378
221379
221379
221379
221379
221379
221380
221380
221380
221380
221380
221380
221380
221381
221381
221381
221381
221382
221382
221382
221382
221382
221383
221383
221408
221408
221408
221408
221408
221408
221408
221409
221410
221411
221411
221411
221412
221413
221413
221413
221413
221414
221414
221414
221414
221415
221415
221440
221441
221441
221441
221441
221441
221441
221441
221442
221442
221442
221442
221443
221443
221443
221443
221443
221443
221443
221444
221444
221444
221445
221445
221446
221446
221446
221446
221447
221447
221447
221472
221472
221473
221473
221473
221473
221473
221473
221473
221474
221475
221475
221475
221475
221475
221476
221476
221476
221476
221476
221476
221477
221477
221477
221477
221477
221478
221478
221478
221479
221479
221479
221479
221479
221479
221504
221504
221504
221505
221505
221505
221505
221506
221506
221506
221506
221506
221506
221506
221507
221507
221507
221507
221507
221507
221508
221508
221508
221509
221509
221509
221509
221509
221510
221510
221510
221510
221510
221511
221511
221511
221511
221511
221511
221511
221536
221537
221537
221538
221538
221538
221538
221539
221539
221539
221539
221539
221539
221539
221540
221540
221540
221540
221541
221541
221541
221542
221542
221542
221543
221543
