46820
46820
46820
46820
46820
46820
46821
46822
46822
46822
46822
46822
46822
46822
46823
46823
46823
46823
46823
46848
46848
46848
46849
46850
46851
46851
46851
46851
46851
46852
46852
46852
46852
46852
46852
46852
46853
46853
46853
46853
46853
46853
46853
46854
46854
46854
46854
46854
46855
46855
46855
46855
46880
46881
46881
46881
46881
46881
46881
46882
46882
46882
46882
46882
46883
46884
46884
46884
46884
46884
46884
46884
46885
46885
46885
46885
46885
46885
46885
46886
46886
46887
46887
46887
46887
46912
46912
46912
46912
46912
46913
46913
46914
46914
46914
46914
46914
46915
46915
46915
46916
46916
46916
46916
46916
46916
46917
46917
46917
46917
46917
46918
46918
46918
46918
46919
46919
46919
46919
46944
46944
46944
46944
46944
46944
46945
46945
46945
46945
46946
46946
46946
46946
46946
46946
46947
46948
46948
46948
46948
46949
46949
46949
46949
46949
46950
46950
46950
46951
46976
46976
46976
46977
46977
46977
46977
46978
46978
46978
46979
46979
46980
46980
46980
46981
46981
46981
46981
46981
46982
46983
46983
46983
47008
47009
47009
47010
47010
47010
47010
47011
47011
47011
47011
47011
47012
47012
47013
47014
47014
47014
47015
47015
47015
47015
47040
47040
47040
47041
47041
47042
47042
47042
47042
47042
47042
47042
47043
47043
47044
47044
47044
47044
47044
47044
47045
47045
47045
47045
47046
47046
47046
47046
47047
47072
47073
47073
47073
47074
47074
47074
47074
47074
47074
47074
47075
47075
47075
47075
47075
47076
47077
47077
47077
47077
47077
47077
47078
47078
47078
47078
47078
47079
47079
47079
47079
47079
47079
47079
47104
47104
47104
47104
47105
47105
47105
47105
47105
47106
47106
47106
47106
47107
47107
47107
47107
47107
47108
47108
47108
47108
47108
47108
47109
47109
47109
47109
47109
47109
47110
47111
47111
47111
47111
47111
47111
47111
47136
47136
47137
47137
47137
47137
47138
47138
47138
47138
47138
47138
47139
47139
47140
47140
47140
47140
47140
47141
47141
47141
47141
47142
47142
47142
47143
47143
47143
47143
47168
47168
47168
47168
47168
47168
47168
47169
47169
47169
47169
47169
47169
47170
47170
47170
47170
47170
47171
47171
47171
47171
47171
47171
47172
47172
47173
47173
47173
47173
47174
47174
47175
47175
47175
47175
47175
47175
47175
47200
47200
47200
47200
47200
47200
47200
47201
47202
47202
47202
47202
47202
47202
47203
47203
47203
47203
47203
47204
47204
47204
47204
47204
47205
47205
47205
47205
47205
47205
47205
47206
47206
47206
47206
47206
47206
47206
47207
47207
47207
47207
47207
47207
47232
47232
47232
47233
47234
47234
47234
47234
47234
47235
47235
47235
47236
47236
47236
47236
47236
47236
47237
47237
47237
47237
47237
47237
47237
47238
47239
47239
47239
47264
47264
47265
47265
47265
47265
47266
47266
47266
47266
47266
47266
47267
47267
47267
47267
47267
47267
47267
47268
47268
47268
47268
47268
47269
47269
47270
47270
47270
47270
47270
47270
47270
47271
47296
47296
47296
47297
47297
47297
47297
47297
47298
47298
47298
47299
47299
47300
47300
47300
47300
47300
47300
47300
47301
47301
47301
47302
47302
47302
47302
47302
47303
47303
47303
47303
47303
47303
47328
47328
47329
47329
47329
47329
47329
47329
47329
47330
47330
47330
47330
47331
47331
47331
47331
47331
47332
47332
47332
47332
47332
47333
47334
47334
47334
47334
47334
47334
47334
47335
47335
47360
47360
47360
47360
47361
47361
47361
47362
47362
47362
47362
47362
47362
47362
47363
47363
47363
47364
47364
47364
47364
47364
47364
47365
47365
47365
47365
47365
47365
47365
47366
47366
47366
47366
47367
47367
47367
47392
47392
47392
47392
47393
47393
47393
47393
47393
47393
47394
47394
47394
47395
47395
47396
47396
47396
47396
47396
47396
47397
47397
47398
47398
47398
47398
47399
47399
47399
47399
47399
47424
47424
47424
47424
47424
47425
47425
47425
47425
47426
47427
47427
47428
47428
47429
47429
47430
47430
47431
47431
47431
47431
47431
47456
47456
47456
47456
47457
47457
47457
47457
47457
47457
47457
47458
47458
47458
47458
47458
47458
47458
47459
47459
47459
47460
47460
47461
47461
47461
47461
47461
47461
47461
47462
47462
47462
47462
47462
47463
47463
47463
47463
47488
47489
47489
47489
47490
47490
47490
47490
47490
47490
47491
47492
47492
47492
47492
47492
47492
47492
47493
47493
47493
47493
47494
47494
47494
47494
47494
47494
47495
47495
47495
47495
47495
47495
47520
47520
47520
47520
47520
47520
47520
47521
47521
47521
47521
47522
47522
47522
47522
47522
47522
47523
47523
47523
47523
47524
47524
47524
47524
47524
47524
47525
47525
47525
47525
47525
47526
47526
47526
47526
47527
47527
47552
47552
47552
47552
47553
47553
47553
47553
47554
47554
47554
47554
47554
47555
47555
47556
47556
47556
47557
47557
47557
47557
47557
47557
47558
47558
47558
47558
47558
47558
47559
47559
47559
47584
47584
47584
47584
47584
47584
47585
47585
47585
47585
47585
47585
47585
47586
47586
47586
47586
47586
47586
47587
47588
47588
47589
47589
47590
47590
47590
47590
47590
47590
47591
47591
47591
47616
47616
47617
47617
47617
47617
47617
47617
47618
47618
47618
47618
47618
47618
47618
47619
47620
47620
47620
47620
47620
47621
47621
47622
47622
47622
47623
47648
47648
47648
47648
47649
47650
47650
47650
47650
47650
47651
47651
47651
47652
47653
47653
47653
47653
47654
47655
47655
47655
47655
47655
47655
47655
47680
47681
47682
47682
47682
47682
47682
47682
47683
47683
47683
47683
47683
47683
47684
47684
47684
47684
47684
47684
47684
47685
47685
47685
47685
47685
47685
47686
47686
47686
47686
47686
47686
47686
47687
47687
47712
47712
47712
47712
47712
47712
47712
47713
47713
47713
47713
47713
47713
47713
47714
47714
47714
47714
47714
47714
47714
47715
47715
47716
47716
47716
47717
47717
47717
47717
47717
47717
47717
47718
47718
47718
47718
47718
47719
47744
47744
47744
47744
47744
47745
47746
47746
47747
47747
47747
47748
47748
47748
47748
47748
47748
47748
47749
47750
47750
47750
47750
47750
47750
47750
47751
47751
47751
47751
47751
47751
47751
47776
47776
47776
47776
47776
47776
47776
47777
47777
47778
47779
47779
47779
47779
47780
47780
47780
47781
47781
47781
47782
47783
47783
47783
47783
47808
47808
47808
47809
47809
