204581
204581
204581
204581
204581
204581
204582
204582
204582
204582
204582
204582
204583
204583
204583
204583
204583
204583
204583
204608
204608
204608
204608
204609
204609
204609
204609
204610
204610
204611
204611
204611
204611
204612
204612
204613
204613
204613
204614
204614
204614
204614
204614
204614
204614
204615
204615
204640
204640
204640
204640
204640
204640
204640
204641
204641
204641
204641
204641
204641
204641
204642
204642
204642
204642
204642
204642
204642
204643
204643
204644
204644
204644
204644
204644
204644
204645
204645
204645
204645
204645
204645
204646
204646
204646
204646
204646
204646
204646
204647
204647
204647
204647
204647
204647
204672
204672
204673
204673
204673
204673
204673
204673
204674
204674
204674
204674
204675
204675
204675
204676
204676
204676
204676
204676
204676
204677
204677
204677
204678
204679
204679
204679
204679
204679
204679
204679
204704
204704
204704
204705
204705
204705
204705
204705
204705
204705
204706
204706
204706
204706
204706
204707
204707
204707
204707
204707
204708
204708
204708
204708
204708
204708
204708
204709
204709
204710
204710
204710
204710
204710
204710
204711
204711
204711
204711
204711
204736
204736
204736
204736
204737
204737
204737
204737
204738
204738
204738
204738
204738
204738
204739
204739
204739
204740
204740
204741
204742
204742
204742
204742
204742
204743
204743
204743
204743
204743
204743
204768
204768
204769
204770
204770
204770
204770
204770
204770
204771
204771
204772
204772
204772
204772
204772
204772
204772
204773
204773
204773
204773
204773
204773
204773
204774
204774
204774
204774
204774
204774
204774
204775
204775
204775
204775
204775
204775
204800
204800
204800
204801
204801
204801
204801
204801
204802
204802
204802
204803
204803
204803
204803
204803
204803
204804
204804
204804
204805
204805
204805
204805
204805
204806
204806
204806
204806
204806
204806
204806
204807
204807
204807
204807
204807
204807
204807
204832
204832
204832
204833
204833
204833
204833
204834
204834
204834
204834
204834
204834
204835
204835
204835
204835
204835
204835
204836
204836
204836
204837
204837
204837
204838
204838
204838
204838
204838
204838
204839
204864
204864
204864
204864
204864
204865
204865
204865
204866
204866
204867
204867
204867
204867
204867
204867
204868
204868
204868
204868
204868
204868
204868
204869
204870
204870
204870
204870
204870
204870
204870
204871
204871
204871
204871
204871
204896
204896
204896
204896
204896
204897
204897
204898
204899
204899
204899
204899
204899
204899
204899
204900
204900
204900
204900
204900
204900
204900
204901
204902
204902
204902
204902
204902
204902
204902
204903
204903
204903
204928
204928
204929
204929
204929
204929
204929
204930
204931
204931
204931
204931
204931
204931
204931
204932
204932
204932
204932
204932
204933
204933
204933
204934
204934
204934
204934
204934
204935
204935
204935
204935
204935
204935
204960
204960
204961
204961
204962
204962
204962
204962
204962
204963
204963
204963
204963
204963
204963
204964
204964
204964
204964
204964
204964
204965
204965
204965
204965
204965
204965
204966
204966
204967
204967
204967
204967
204992
204993
204993
204993
204994
204994
204995
204995
204995
204995
204995
204995
204995
204996
204996
204996
204997
204998
204998
204998
204998
204998
204998
204999
204999
204999
204999
204999
204999
204999
205024
205024
205024
205025
205025
205025
205025
205025
205026
205026
205026
205027
205027
205027
205027
205027
205028
205029
205029
205030
205030
205031
205056
205056
205056
205057
205057
205057
205057
205057
205057
205057
205058
205058
205058
205058
205058
205058
205059
205059
205059
205059
205060
205061
205061
205061
205061
205061
205061
205062
205062
205063
205063
205063
205088
205089
205089
205089
205090
205090
205090
205091
205091
205091
205091
205092
205092
205092
205092
205092
205092
205093
205094
205094
205094
205094
205094
205095
205120
205120
205120
205120
205120
205121
205121
205121
205121
205122
205122
205122
205122
205122
205123
205123
205123
205124
205124
205124
205124
205124
205124
205125
205125
205125
205126
205126
205126
205126
205126
205127
205127
205127
205127
205127
205152
205152
205152
205153
205153
205153
205153
205153
205153
205154
205154
205154
205154
205155
205155
205155
205155
205156
205156
205156
205156
205157
205157
205158
205158
205158
205158
205158
205158
205159
205159
205184
205184
205184
205184
205185
205185
205185
205185
205185
205185
205186
205187
205188
205188
205188
205188
205188
205188
205188
205189
205189
205190
205191
205191
205191
205191
205191
205191
205191
205216
205216
205216
205216
205216
205216
205216
205217
205217
205217
205217
205217
205217
205217
205218
205219
205219
205219
205219
205219
205220
205220
205220
205220
205221
205222
205223
205223
205223
205223
205248
205248
205248
205248
205249
205249
205249
205249
205249
205249
205249
205250
205251
205251
205251
205251
205251
205252
205252
205252
205253
205253
205253
205253
205253
205253
205253
205254
205254
205254
205254
205254
205254
205254
205255
205255
205255
205255
205255
205255
205280
205280
205280
205280
205281
205281
205281
205281
205282
205282
205282
205282
205282
205282
205283
205283
205283
205283
205284
205284
205284
205284
205284
205284
205284
205285
205285
205285
205285
205285
205285
205286
205286
205286
205286
205287
205287
205287
205287
205287
205287
205312
205312
205312
205312
205313
205313
205313
205313
205313
205314
205314
205314
205314
205314
205315
205316
205316
205316
205316
205316
205316
205316
205317
205317
205317
205317
205317
205317
205318
205318
205318
205318
205318
205318
205318
205319
205319
205319
205319
205319
205319
205319
205344
205344
205345
205345
205345
205346
205346
205347
205348
205348
205348
205348
205348
205348
205349
205349
205349
205350
205351
205351
205351
205351
205351
205351
205351
205376
205376
205376
205376
205376
205377
205377
205377
205377
205377
205377
205378
205378
205378
205378
205378
205378
205379
205379
205380
205380
205381
205381
205381
205381
205381
205382
205382
205382
205382
205382
205383
205408
205408
205408
205409
205409
205409
205409
205409
205410
205410
205410
205410
205410
205410
205411
205411
205412
205412
205412
205412
205412
205412
205412
205413
205413
205413
205413
205414
205414
205414
205414
205414
205414
205415
205415
205415
205415
205415
205440
205440
205440
205440
205441
205442
205443
205443
205443
205443
205443
205443
205443
205444
205444
205444
205444
205444
205444
205445
205445
205445
205445
205446
205446
205446
205446
205447
205447
205447
205472
205472
205472
205472
205472
205472
205473
205473
205473
205473
205474
205474
205474
205475
205475
205476
205476
205476
205477
205477
205477
205477
205477
205478
205478
205478
205478
205478
205478
205478
205479
205479
205479
205479
205479
205479
205504
205504
205504
205505
205505
205506
205506
205506
205506
205506
205506
205507
205507
205507
205507
205507
205508
205508
205508
205509
205509
205510
205510
205511
205511
205511
205536
205536
205536
205537
205537
205537
205537
205537
205537
205538
205538
205539
205539
