67846
67846
67847
67847
67847
67847
67847
67847
67847
67872
67872
67872
67872
67872
67873
67873
67873
67873
67873
67873
67873
67874
67874
67874
67874
67874
67875
67875
67875
67876
67876
67876
67876
67876
67876
67877
67877
67878
67878
67878
67878
67879
67879
67879
67879
67879
67879
67904
67904
67904
67904
67904
67905
67905
67905
67905
67905
67906
67907
67908
67909
67909
67909
67909
67910
67910
67910
67910
67910
67911
67911
67911
67911
67911
67936
67936
67936
67937
67937
67937
67938
67938
67938
67938
67938
67938
67939
67940
67940
67940
67940
67941
67941
67941
67941
67941
67941
67941
67942
67942
67942
67943
67968
67968
67968
67968
67968
67968
67969
67969
67969
67969
67969
67970
67970
67970
67970
67970
67971
67971
67972
67972
67972
67972
67972
67973
67974
67974
67974
67975
67975
67975
67975
68000
68000
68000
68000
68000
68000
68001
68002
68002
68002
68002
68002
68002
68003
68003
68003
68003
68003
68003
68003
68004
68004
68004
68005
68005
68005
68006
68006
68006
68006
68006
68007
68007
68007
68007
68007
68032
68032
68032
68032
68033
68034
68034
68034
68034
68034
68034
68035
68035
68035
68035
68035
68036
68037
68037
68037
68037
68038
68038
68038
68038
68038
68039
68039
68039
68039
68039
68039
68039
68064
68064
68065
68065
68065
68065
68066
68066
68067
68067
68067
68067
68068
68068
68069
68069
68069
68069
68069
68069
68069
68070
68070
68070
68070
68070
68070
68071
68071
68096
68096
68096
68096
68096
68097
68097
68097
68097
68097
68098
68098
68098
68098
68098
68098
68099
68099
68099
68099
68099
68100
68100
68101
68101
68101
68102
68103
68103
68103
68128
68128
68128
68128
68128
68128
68129
68129
68130
68130
68131
68131
68131
68132
68132
68132
68132
68132
68132
68132
68133
68133
68133
68133
68133
68133
68134
68134
68135
68135
68135
68135
68160
68160
68160
68160
68160
68161
68161
68161
68161
68161
68162
68162
68162
68162
68162
68163
68163
68163
68163
68163
68163
68164
68164
68165
68165
68165
68166
68166
68166
68166
68167
68167
68167
68167
68167
68192
68192
68192
68192
68193
68193
68193
68193
68194
68194
68194
68194
68195
68195
68195
68195
68196
68196
68197
68197
68197
68197
68197
68197
68198
68198
68198
68198
68198
68198
68198
68199
68199
68199
68199
68199
68199
68224
68224
68224
68224
68224
68224
68225
68225
68225
68226
68227
68227
68227
68227
68227
68228
68229
68230
68231
68256
68257
68257
68257
68257
68258
68258
68258
68258
68259
68259
68259
68259
68259
68259
68259
68260
68261
68261
68261
68262
68262
68263
68263
68263
68263
68263
68263
68263
68288
68289
68289
68289
68289
68290
68290
68290
68290
68290
68291
68291
68291
68292
68292
68292
68292
68292
68292
68293
68293
68293
68294
68294
68294
68294
68294
68294
68294
68295
68295
68295
68295
68320
68321
68321
68321
68321
68321
68322
68322
68322
68322
68322
68323
68324
68324
68324
68324
68324
68324
68325
68326
68326
68326
68326
68326
68327
68352
68353
68353
68353
68354
68355
68355
68356
68356
68356
68357
68357
68357
68357
68357
68357
68357
68358
68359
68359
68359
68359
68384
68384
68384
68384
68385
68385
68385
68385
68385
68385
68386
68386
68386
68386
68386
68387
68387
68387
68387
68387
68387
68387
68388
68388
68388
68388
68388
68388
68388
68389
68390
68390
68390
68390
68390
68390
68390
68391
68416
68416
68416
68416
68416
68416
68417
68417
68418
68418
68418
68418
68419
68419
68419
68420
68420
68420
68420
68420
68420
68421
68421
68421
68421
68422
68422
68422
68422
68422
68423
68423
68423
68423
68423
68423
68448
68448
68448
68448
68448
68448
68449
68449
68449
68450
68450
68450
68451
68451
68451
68451
68451
68452
68452
68452
68452
68453
68453
68453
68453
68453
68453
68454
68454
68454
68454
68454
68455
68455
68455
68455
68455
68455
68455
68480
68481
68481
68481
68482
68482
68482
68482
68482
68483
68483
68484
68484
68485
68485
68485
68485
68486
68487
68487
68487
68512
68512
68513
68513
68513
68513
68513
68513
68514
68514
68514
68514
68514
68514
68514
68515
68515
68515
68515
68515
68516
68516
68516
68517
68517
68517
68517
68517
68518
68518
68518
68519
68519
68544
68544
68544
68544
68544
68545
68545
68545
68545
68546
68546
68546
68546
68546
68547
68547
68547
68547
68547
68547
68548
68548
68548
68548
68548
68548
68548
68549
68549
68549
68549
68549
68549
68550
68550
68550
68550
68550
68551
68551
68551
68576
68577
68577
68577
68577
68577
68577
68577
68578
68578
68578
68578
68579
68579
68579
68579
68579
68579
68580
68581
68581
68581
68581
68581
68581
68582
68582
68582
68582
68583
68608
68609
68609
68609
68609
68609
68609
68610
68610
68610
68610
68610
68611
68611
68611
68612
68612
68612
68612
68612
68612
68612
68613
68613
68613
68613
68613
68613
68614
68614
68615
68615
68615
68615
68640
68640
68640
68640
68641
68641
68641
68642
68643
68643
68643
68643
68643
68644
68644
68644
68644
68644
68644
68644
68645
68646
68646
68646
68646
68646
68647
68672
68672
68672
68673
68673
68673
68673
68673
68673
68674
68675
68676
68676
68676
68676
68676
68677
68677
68677
68677
68677
68677
68677
68678
68678
68678
68678
68678
68678
68679
68679
68679
68679
68704
68704
68704
68704
68704
68704
68705
68705
68705
68705
68705
68706
68706
68706
68707
68707
68708
68708
68708
68708
68709
68710
68711
68711
68711
68711
68736
68736
68736
68736
68736
68737
68737
68737
68737
68737
68737
68737
68738
68738
68738
68738
68739
68739
68739
68739
68739
68739
68739
68740
68740
68740
68740
68740
68740
68741
68741
68741
68741
68741
68742
68742
68743
68743
68768
68768
68768
68768
68769
68769
68769
68769
68769
68769
68769
68770
68770
68770
68771
68771
68771
68772
68772
68772
68772
68772
68772
68773
68773
68773
68774
68774
68775
68775
68775
68775
68775
68775
68800
68800
68800
68800
68800
68800
68800
68801
68801
68801
68802
68802
68803
68803
68803
68803
68803
68804
68805
68806
68806
68806
68807
68807
68832
68832
68833
68834
68834
68834
68834
68834
68834
68834
68835
68835
68835
68835
68836
68836
68836
68836
68836
68837
68838
68839
68839
68839
68839
68839
68839
68864
68864
68864
68864
68865
68865
68866
68866
68867
68867
68867
68868
68869
68869
68869
68869
68869
68869
68870
68870
68870
68870
68870
68871
68871
68871
