173378
173378
173379
173380
173380
173380
173380
173380
173380
173381
173381
173381
173381
173381
173381
173381
173382
173382
173382
173382
173382
173383
173383
173383
173383
173383
173383
173383
173408
173408
173409
173409
173409
173409
173409
173409
173409
173410
173410
173410
173410
173410
173410
173411
173411
173411
173412
173412
173413
173413
173413
173413
173413
173414
173414
173414
173414
173414
173414
173414
173415
173415
173440
173440
173440
173440
173440
173441
173441
173441
173441
173441
173441
173441
173442
173442
173442
173442
173442
173442
173442
173443
173443
173443
173443
173443
173443
173444
173445
173445
173445
173445
173445
173445
173446
173447
173447
173447
173447
173447
173447
173447
173472
173472
173472
173472
173473
173473
173473
173474
173474
173475
173475
173475
173476
173476
173476
173476
173477
173477
173478
173478
173478
173478
173479
173504
173504
173504
173504
173505
173506
173506
173506
173507
173507
173507
173508
173509
173509
173510
173510
173510
173510
173510
173511
173511
173511
173511
173511
173536
173537
173537
173537
173537
173537
173537
173538
173538
173538
173538
173538
173538
173538
173539
173539
173539
173539
173539
173540
173540
173540
173540
173540
173541
173541
173542
173543
173543
173543
173543
173543
173543
173543
173568
173568
173568
173569
173569
173569
173569
173569
173570
173571
173572
173572
173573
173573
173573
173573
173574
173574
173574
173574
173574
173574
173574
173575
173575
173575
173575
173575
173600
173600
173600
173600
173601
173601
173601
173601
173602
173602
173602
173602
173602
173603
173604
173604
173604
173604
173605
173605
173606
173606
173607
173607
173632
173633
173634
173634
173634
173634
173635
173635
173636
173636
173636
173636
173637
173637
173637
173637
173637
173637
173637
173638
173638
173639
173639
173639
173639
173639
173639
173664
173664
173665
173665
173665
173666
173667
173667
173668
173668
173668
173668
173669
173669
173670
173670
173670
173670
173670
173670
173671
173671
173671
173671
173696
173696
173696
173696
173697
173697
173697
173697
173697
173697
173698
173698
173698
173698
173698
173698
173699
173699
173699
173699
173699
173700
173700
173700
173700
173700
173700
173701
173701
173701
173701
173701
173701
173702
173702
173702
173702
173702
173702
173702
173703
173703
173728
173729
173729
173729
173729
173729
173729
173729
173730
173730
173730
173731
173732
173732
173732
173732
173733
173734
173734
173734
173735
173760
173760
173761
173761
173762
173762
173763
173763
173763
173764
173764
173764
173764
173764
173765
173765
173765
173766
173766
173766
173766
173766
173766
173767
173767
173767
173767
173767
173767
173792
173792
173792
173792
173792
173792
173793
173793
173794
173794
173794
173794
173794
173794
173795
173795
173795
173795
173795
173796
173796
173796
173796
173796
173796
173796
173797
173798
173798
173798
173798
173798
173799
173824
173825
173825
173825
173826
173826
173826
173827
173827
173827
173827
173827
173827
173828
173828
173828
173828
173828
173828
173828
173829
173829
173829
173829
173830
173830
173830
173830
173830
173830
173831
173831
173856
173856
173856
173856
173856
173857
173857
173857
173858
173858
173858
173858
173858
173858
173859
173860
173860
173860
173861
173861
173861
173861
173861
173861
173862
173862
173862
173862
173862
173862
173863
173863
173863
173863
173888
173888
173888
173888
173889
173889
173889
173889
173889
173890
173891
173891
173891
173891
173891
173892
173892
173892
173892
173893
173893
173894
173894
173894
173894
173894
173895
173895
173895
173920
173920
173921
173922
173922
173922
173922
173922
173923
173924
173924
173924
173924
173924
173925
173926
173926
173926
173926
173926
173926
173926
173927
173927
173927
173927
173927
173927
173952
173952
173952
173953
173953
173953
173953
173954
173955
173955
173955
173955
173955
173956
173956
173956
173956
173956
173956
173956
173957
173957
173958
173958
173958
173958
173958
173959
173959
173959
173959
173959
173959
173984
173984
173984
173984
173984
173984
173984
173985
173985
173985
173986
173986
173986
173986
173986
173986
173987
173988
173989
173989
173989
173989
173989
173989
173989
173990
173990
173990
173990
173990
173991
174016
174016
174016
174016
174016
174017
174017
174017
174017
174017
174018
174018
174019
174020
174020
174021
174021
174021
174022
174022
174022
174022
174022
174022
174022
174023
174023
174048
174048
174048
174048
174049
174049
174049
174049
174050
174050
174051
174051
174051
174051
174051
174052
174052
174053
174053
174053
174053
174054
174054
174054
174054
174055
174055
174055
174055
174055
174080
174080
174080
174080
174080
174080
174080
174081
174081
174081
174081
174081
174081
174082
174082
174082
174082
174083
174083
174083
174083
174083
174084
174084
174084
174084
174084
174085
174085
174085
174085
174085
174086
174086
174086
174086
174086
174086
174087
174087
174087
174087
174087
174087
174087
174112
174112
174112
174112
174112
174113
174113
174113
174113
174114
174114
174114
174114
174115
174116
174116
174116
174117
174117
174117
174117
174117
174118
174118
174118
174119
174119
174119
174119
174119
174119
174144
174144
174145
174145
174145
174145
174146
174147
174147
174147
174147
174147
174147
174148
174148
174149
174149
174149
174149
174150
174150
174150
174150
174150
174151
174151
174176
174176
174176
174176
174176
174177
174177
174177
174177
174177
174177
174177
174178
174178
174179
174179
174180
174180
174180
174180
174181
174181
174181
174181
174181
174181
174182
174182
174182
174183
174183
174183
174208
174208
174209
174209
174209
174209
174209
174209
174209
174210
174210
174210
174210
174210
174210
174211
174211
174211
174211
174211
174211
174211
174212
174212
174212
174212
174212
174212
174213
174214
174214
174214
174214
174214
174214
174214
174215
174215
174215
174215
174215
174215
174240
174240
174240
174240
174240
174240
174241
174241
174241
174242
174242
174242
174242
174242
174242
174243
174244
174245
174245
174245
174245
174245
174245
174246
174246
174246
174246
174246
174246
174246
174247
174247
174247
174272
174272
174272
174272
174272
174273
174273
174274
174274
174274
174274
174274
174275
174275
174275
174275
174275
174276
174277
174278
174278
174278
174278
174279
174279
174279
174279
174279
174279
174279
174304
174304
174304
174304
174304
174304
174305
174305
174305
174305
174305
174305
174305
174306
174306
174306
174306
174307
174307
174308
174308
174308
174308
174309
174309
174309
174310
174310
174310
174310
174310
174311
174311
174336
174336
174337
174337
174337
174337
174338
174338
174339
174339
174339
174339
174340
174340
174340
174341
174341
174341
174341
174341
174341
174341
174342
174342
174342
174342
174342
174342
174343
174343
174343
174343
174343
174343
174343
174368
174368
174368
174369
174369
174370
174370
174370
174370
174371
174371
174371
174371
174371
174371
174371
174372
174372
174373
174373
174373
174373
174373
174374
174374
174374
174374
174374
174374
174374
174375
174375
174375
174375
174400
174401
174401
174401
