236710
236711
236711
236711
236711
236711
236711
236736
236736
236736
236737
236737
236738
236738
236739
236739
236739
236739
236739
236740
236740
236740
236741
236741
236741
236741
236742
236743
236743
236743
236768
236769
236769
236769
236769
236770
236770
236770
236771
236771
236771
236771
236771
236771
236772
236772
236772
236772
236772
236773
236773
236773
236773
236774
236774
236775
236775
236775
236775
236775
236775
236775
236800
236801
236801
236801
236801
236801
236802
236802
236803
236804
236804
236804
236804
236804
236804
236804
236805
236805
236805
236805
236806
236806
236807
236807
236807
236832
236832
236832
236833
236833
236833
236833
236834
236834
236835
236835
236835
236835
236835
236835
236836
236836
236836
236836
236836
236836
236837
236837
236838
236838
236838
236839
236839
236839
236839
236839
236839
236864
236864
236864
236864
236865
236865
236865
236866
236866
236866
236867
236867
236867
236867
236867
236867
236867
236868
236868
236868
236869
236870
236870
236870
236870
236871
236896
236896
236896
236897
236898
236899
236899
236900
236900
236900
236900
236901
236901
236901
236902
236902
236902
236902
236902
236902
236903
236903
236903
236903
236928
236928
236928
236928
236928
236928
236929
236929
236929
236929
236929
236929
236929
236930
236931
236931
236932
236932
236932
236933
236933
236933
236933
236933
236933
236934
236935
236935
236935
236935
236935
236960
236960
236961
236961
236961
236962
236962
236962
236962
236962
236962
236963
236963
236963
236963
236963
236964
236964
236965
236965
236965
236965
236965
236965
236965
236966
236966
236966
236966
236966
236967
236967
236967
236967
236967
236992
236992
236992
236992
236992
236992
236993
236994
236995
236995
236995
236995
236995
236995
236995
236996
236997
236997
236997
236997
236997
236998
236998
236998
236998
236998
236998
236999
236999
236999
237024
237024
237024
237024
237025
237025
237025
237025
237025
237025
237025
237026
237026
237026
237027
237027
237027
237027
237027
237027
237027
237028
237029
237029
237029
237029
237029
237029
237030
237030
237030
237030
237031
237031
237031
237031
237031
237056
237056
237057
237058
237058
237058
237058
237059
237060
237060
237060
237060
237060
237061
237061
237061
237061
237062
237062
237062
237062
237062
237063
237063
237088
237088
237088
237088
237089
237090
237090
237090
237090
237090
237090
237091
237091
237092
237092
237092
237092
237092
237092
237092
237093
237093
237093
237093
237093
237093
237093
237094
237094
237094
237094
237095
237095
237095
237095
237120
237120
237120
237120
237120
237120
237121
237121
237122
237123
237123
237123
237123
237124
237124
237124
237124
237124
237124
237125
237125
237125
237125
237125
237125
237126
237127
237127
237127
237127
237127
237152
237152
237152
237152
237153
237153
237153
237153
237153
237154
237154
237154
237154
237155
237156
237156
237156
237156
237157
237157
237157
237157
237158
237158
237158
237159
237159
237159
237159
237184
237184
237184
237185
237185
237186
237186
237186
237186
237186
237186
237187
237188
237188
237189
237189
237189
237190
237190
237190
237190
237190
237190
237191
237191
237191
237191
237191
237216
237217
237217
237217
237217
237217
237218
237218
237219
237219
237219
237219
237220
237220
237220
237220
237220
237220
237221
237221
237221
237222
237222
237223
237248
237248
237248
237248
237248
237249
237249
237249
237250
237250
237250
237250
237250
237251
237251
237251
237251
237251
237251
237252
237253
237253
237254
237255
237255
237255
237280
237280
237280
237281
237281
237281
237281
237281
237282
237282
237283
237284
237284
237284
237284
237284
237285
237285
237286
237286
237286
237286
237286
237287
237287
237287
237312
237312
237313
237313
237313
237314
237314
237314
237314
237314
237315
237315
237315
237316
237316
237316
237316
237317
237318
237318
237318
237318
237319
237319
237344
237344
237344
237344
237344
237344
237344
237345
237345
237345
237345
237345
237346
237346
237346
237346
237346
237347
237348
237348
237348
237348
237348
237348
237348
237349
237349
237349
237349
237349
237349
237350
237350
237350
237350
237350
237350
237351
237351
237351
237351
237351
237351
237376
237376
237376
237376
237376
237376
237376
237377
237377
237377
237377
237378
237378
237378
237379
237379
237379
237379
237380
237380
237380
237380
237380
237380
237380
237381
237381
237381
237381
237381
237381
237381
237382
237382
237382
237382
237382
237382
237383
237383
237383
237408
237408
237408
237408
237408
237409
237409
237409
237409
237409
237409
237410
237410
237411
237411
237411
237411
237411
237411
237412
237412
237412
237412
237412
237413
237413
237413
237413
237413
237414
237415
237415
237415
237415
237415
237415
237415
237440
237440
237440
237440
237440
237441
237441
237442
237442
237442
237442
237442
237443
237444
237445
237445
237445
237445
237445
237445
237445
237446
237446
237446
237446
237446
237447
237447
237447
237472
237472
237472
237473
237473
237473
237474
237474
237474
237474
237474
237474
237475
237475
237475
237475
237475
237475
237476
237476
237476
237477
237477
237478
237478
237478
237478
237478
237478
237478
237479
237479
237479
237479
237479
237479
237479
237504
237504
237504
237504
237504
237505
237505
237505
237505
237505
237505
237505
237506
237506
237506
237506
237506
237507
237507
237507
237507
237507
237507
237508
237508
237508
237508
237508
237508
237508
237509
237510
237510
237510
237510
237510
237510
237511
237511
237511
237511
237536
237536
237536
237536
237536
237537
237537
237538
237538
237538
237539
237539
237539
237539
237539
237539
237540
237540
237540
237540
237541
237541
237541
237542
237543
237543
237543
237543
237543
237568
237569
237569
237569
237569
237569
237569
237569
237570
237570
237570
237571
237571
237571
237572
237572
237572
237572
237573
237574
237574
237574
237574
237574
237575
237575
237575
237575
237575
237575
237575
237600
237600
237600
237600
237600
237600
237601
237601
237601
237601
237601
237601
237601
237602
237602
237602
237602
237602
237602
237603
237603
237604
237604
237604
237604
237604
237604
237605
237605
237605
237606
237607
237607
237607
237607
237607
237607
237632
237632
237632
237632
237633
237633
237633
237633
237633
237633
237633
237634
237634
237634
237634
237635
237635
237636
237636
237637
237637
237638
237638
237638
237638
237638
237639
237639
237639
237639
237639
237639
237639
237664
237664
237664
237664
237664
237664
237665
237665
237665
237666
237666
237666
237666
237667
237667
237667
237667
237667
237668
237669
237669
237669
237669
237669
237669
237669
237670
237670
237670
237670
237670
237670
237671
237671
237671
237671
237696
237697
237697
237697
237697
237698
237698
237698
237699
237699
237699
237699
237699
237699
237699
237700
237700
237700
237701
237701
237701
237701
237702
237702
237702
237702
237702
237703
237703
237703
237703
237703
237728
237728
237728
237728
237728
237729
237729
237729
237729
237729
237730
237730
237730
237730
237731
237731
237731
237732
237732
237732
237732
237732
237732
237733
237733
