183521
183521
183521
183521
183521
183521
183521
183522
183522
183522
183523
183523
183523
183523
183523
183523
183523
183524
183524
183524
183524
183524
183524
183525
183526
183526
183526
183526
183526
183526
183526
183527
183527
183552
183552
183553
183553
183554
183554
183554
183554
183554
183555
183555
183555
183555
183556
183556
183556
183556
183556
183556
183556
183557
183557
183557
183557
183558
183558
183558
183559
183559
183559
183559
183559
183584
183584
183585
183585
183585
183585
183585
183585
183585
183586
183586
183586
183586
183586
183586
183586
183587
183587
183587
183587
183587
183588
183589
183589
183589
183590
183590
183590
183590
183590
183590
183591
183591
183616
183616
183616
183616
183616
183616
183617
183617
183617
183617
183617
183617
183617
183618
183618
183619
183619
183619
183619
183619
183620
183620
183620
183620
183621
183621
183621
183622
183622
183622
183622
183623
183623
183648
183648
183648
183649
183649
183649
183650
183651
183652
183652
183652
183652
183652
183653
183653
183653
183653
183653
183654
183655
183655
183655
183680
183680
183680
183680
183681
183681
183681
183681
183681
183681
183681
183682
183682
183682
183682
183682
183682
183683
183683
183683
183683
183683
183683
183683
183684
183684
183685
183685
183685
183685
183685
183686
183686
183686
183686
183687
183687
183687
183712
183712
183712
183712
183712
183712
183713
183713
183713
183713
183713
183713
183714
183714
183715
183715
183715
183715
183715
183716
183717
183717
183717
183717
183717
183717
183718
183719
183719
183744
183744
183744
183744
183744
183744
183745
183746
183746
183746
183746
183746
183747
183747
183747
183747
183748
183748
183748
183748
183748
183748
183749
183749
183749
183749
183750
183751
183751
183776
183776
183776
183776
183776
183776
183776
183777
183778
183778
183778
183778
183779
183779
183779
183780
183780
183780
183780
183780
183781
183781
183781
183781
183781
183781
183781
183782
183782
183782
183783
183783
183783
183783
183783
183808
183808
183808
183808
183808
183809
183810
183810
183810
183810
183810
183810
183810
183811
183811
183811
183811
183811
183812
183812
183812
183813
183813
183813
183813
183813
183814
183814
183814
183815
183815
183840
183840
183840
183840
183840
183840
183840
183841
183842
183842
183842
183842
183843
183844
183844
183844
183844
183845
183845
183845
183845
183845
183845
183846
183846
183846
183846
183846
183846
183847
183847
183847
183872
183872
183873
183873
183873
183873
183873
183873
183873
183874
183874
183874
183874
183874
183875
183875
183875
183875
183875
183875
183875
183876
183877
183877
183877
183877
183877
183877
183878
183878
183878
183879
183904
183904
183904
183905
183905
183905
183905
183905
183905
183905
183906
183906
183906
183906
183906
183907
183907
183907
183908
183908
183908
183908
183908
183908
183908
183909
183909
183909
183909
183909
183910
183910
183910
183910
183910
183910
183910
183911
183911
183936
183936
183936
183937
183938
183938
183938
183938
183938
183939
183940
183940
183940
183940
183941
183941
183941
183941
183942
183942
183942
183942
183942
183942
183943
183943
183943
183943
183943
183943
183968
183968
183968
183968
183969
183969
183969
183969
183969
183969
183970
183970
183970
183970
183970
183970
183971
183971
183971
183971
183971
183972
183972
183973
183973
183973
183974
183974
183974
183974
183975
183975
183975
183975
183975
183975
183975
184000
184000
184000
184000
184000
184001
184001
184001
184001
184001
184001
184001
184002
184003
184003
184003
184003
184003
184004
184004
184004
184005
184005
184006
184006
184007
184007
184007
184007
184007
184007
184007
184032
184032
184033
184034
184034
184035
184035
184036
184036
184037
184037
184037
184038
184038
184038
184038
184039
184039
184039
184039
184039
184064
184064
184064
184064
184064
184064
184064
184065
184065
184065
184065
184066
184066
184066
184066
184066
184066
184067
184067
184067
184067
184067
184067
184067
184068
184068
184068
184069
184069
184070
184071
184071
184071
184071
184096
184096
184097
184097
184097
184097
184097
184097
184098
184098
184098
184098
184098
184099
184099
184099
184099
184099
184100
184100
184100
184100
184100
184100
184100
184101
184101
184101
184102
184102
184102
184102
184102
184102
184102
184103
184128
184128
184128
184128
184128
184128
184129
184130
184130
184131
184131
184131
184132
184132
184133
184133
184133
184133
184133
184133
184133
184134
184134
184134
184134
184134
184135
184135
184160
184160
184160
184160
184160
184160
184160
184161
184161
184161
184161
184161
184161
184161
184162
184162
184162
184162
184162
184162
184163
184163
184163
184164
184164
184164
184164
184164
184165
184165
184165
184165
184165
184166
184166
184166
184166
184166
184166
184167
184167
184167
184167
184167
184192
184193
184194
184194
184194
184194
184194
184195
184195
184196
184196
184196
184196
184196
184196
184197
184197
184197
184197
184197
184197
184197
184198
184198
184198
184198
184198
184198
184199
184199
184199
184199
184224
184224
184224
184224
184224
184224
184224
184225
184225
184225
184225
184226
184226
184226
184226
184226
184226
184227
184227
184227
184227
184228
184228
184228
184229
184229
184229
184230
184230
184230
184230
184231
184231
184231
184231
184231
184231
184231
184256
184256
184256
184256
184256
184256
184257
184258
184258
184258
184258
184258
184258
184259
184259
184259
184259
184259
184259
184259
184260
184260
184260
184260
184261
184262
184263
184263
184263
184263
184263
184263
184263
184288
184288
184288
184288
184288
184289
184289
184289
184289
184289
184290
184290
184290
184290
184290
184290
184290
184291
184291
184291
184291
184291
184292
184293
184293
184293
184293
184293
184293
184294
184294
184294
184295
184295
184295
184295
184320
184320
184320
184321
184321
184321
184321
184321
184321
184321
184322
184322
184323
184323
184323
184323
184323
184324
184324
184324
184325
184326
184326
184326
184326
184326
184327
184327
184352
184352
184352
184352
184353
184353
184354
184355
184355
184355
184355
184355
184355
184355
184356
184356
184357
184357
184357
184357
184358
184358
184359
184359
184384
184384
184384
184384
184384
184384
184385
184385
184386
184387
184387
184388
184388
184389
184389
184389
184389
184390
184390
184391
184391
184391
184416
184416
184416
184416
184416
184416
184416
184417
184417
184417
184417
184417
184417
184417
184418
184418
184418
184418
184418
184418
184418
184419
184419
184419
184419
184419
184419
184420
184420
184420
184420
184421
184421
184421
184421
184421
184421
184422
184423
184423
184423
184423
184448
184448
184448
184449
184449
184449
184449
184450
184450
184450
184450
184451
184451
184451
184451
184451
184451
184452
184452
184452
184452
184453
184453
184453
184454
184454
184454
184454
184454
184454
184455
184455
184455
184455
184455
184480
184480
184480
184480
184480
184480
184481
184481
184481
184481
184482
184482
184482
184482
184482
184483
184484
184484
184484
184484
184484
184484
184485
184485
184485
184486
184486
184486
184486
184486
