39718
39718
39718
39718
39719
39719
39719
39719
39719
39744
39744
39744
39745
39745
39745
39745
39745
39745
39746
39746
39746
39747
39747
39748
39749
39749
39749
39749
39749
39749
39749
39750
39751
39751
39751
39776
39776
39776
39776
39777
39777
39777
39777
39777
39777
39778
39779
39779
39779
39779
39779
39780
39780
39780
39780
39780
39780
39780
39781
39781
39781
39781
39781
39781
39781
39782
39782
39782
39783
39783
39783
39783
39783
39808
39808
39808
39808
39808
39808
39808
39809
39809
39809
39809
39810
39811
39812
39812
39812
39812
39812
39813
39813
39814
39814
39814
39814
39814
39815
39815
39815
39815
39815
39840
39840
39840
39840
39840
39840
39840
39841
39841
39842
39842
39842
39842
39842
39843
39843
39843
39843
39844
39844
39844
39844
39844
39844
39844
39845
39845
39845
39846
39846
39846
39846
39847
39847
39847
39847
39847
39847
39847
39872
39872
39872
39872
39873
39874
39874
39874
39875
39875
39875
39876
39876
39876
39876
39876
39876
39877
39877
39877
39877
39877
39877
39878
39878
39878
39878
39878
39878
39878
39879
39879
39904
39904
39904
39905
39905
39905
39905
39905
39905
39906
39906
39907
39908
39908
39908
39908
39908
39908
39908
39909
39909
39909
39909
39909
39909
39910
39910
39910
39910
39910
39911
39936
39936
39937
39937
39937
39937
39937
39937
39937
39938
39938
39938
39938
39939
39939
39939
39939
39939
39940
39940
39941
39942
39943
39943
39943
39943
39943
39943
39968
39968
39968
39968
39968
39968
39969
39969
39969
39969
39969
39969
39970
39970
39971
39971
39971
39971
39971
39971
39971
39972
39972
39972
39972
39972
39972
39973
39973
39973
39973
39973
39973
39974
39974
39974
39974
39975
39975
39975
39975
39975
39975
40000
40000
40001
40001
40001
40002
40003
40003
40003
40003
40003
40003
40003
40004
40004
40005
40005
40005
40005
40005
40006
40006
40007
40007
40007
40007
40032
40032
40032
40032
40032
40032
40032
40033
40034
40034
40034
40035
40035
40035
40035
40036
40036
40036
40036
40036
40037
40038
40038
40038
40039
40039
40064
40064
40065
40065
40065
40065
40065
40065
40065
40066
40066
40066
40066
40066
40066
40067
40067
40067
40068
40068
40068
40068
40068
40068
40069
40069
40069
40069
40069
40070
40071
40071
40071
40096
40096
40097
40097
40097
40097
40097
40098
40098
40098
40098
40098
40099
40099
40099
40099
40100
40100
40100
40100
40100
40100
40101
40101
40102
40102
40103
40128
40128
40128
40128
40128
40128
40128
40129
40129
40129
40130
40130
40130
40131
40132
40132
40132
40132
40132
40132
40132
40133
40133
40133
40134
40134
40134
40135
40135
40160
40160
40160
40161
40161
40161
40161
40161
40162
40162
40163
40164
40164
40164
40164
40164
40164
40164
40165
40165
40166
40166
40166
40166
40167
40167
40167
40167
40167
40192
40192
40192
40192
40192
40192
40192
40193
40193
40193
40193
40193
40194
40194
40194
40194
40194
40194
40194
40195
40195
40195
40195
40195
40195
40196
40197
40197
40197
40197
40197
40197
40198
40198
40198
40198
40198
40199
40199
40199
40199
40199
40224
40224
40224
40224
40224
40225
40225
40225
40225
40225
40226
40226
40226
40226
40226
40226
40227
40227
40227
40227
40228
40228
40229
40229
40229
40229
40229
40229
40230
40230
40230
40231
40231
40231
40231
40256
40256
40256
40256
40257
40258
40258
40258
40258
40258
40258
40259
40259
40259
40259
40260
40260
40260
40260
40260
40260
40261
40261
40261
40261
40261
40261
40261
40262
40262
40262
40263
40263
40263
40263
40263
40263
40263
40288
40289
40289
40289
40289
40289
40289
40289
40290
40290
40290
40291
40291
40292
40292
40292
40293
40294
40295
40295
40295
40295
40295
40295
40320
40320
40320
40320
40321
40321
40321
40321
40321
40321
40322
40323
40323
40323
40323
40324
40324
40324
40324
40325
40326
40327
40327
40327
40327
40352
40352
40352
40353
40353
40353
40353
40353
40354
40354
40354
40354
40354
40354
40354
40355
40355
40356
40356
40356
40357
40357
40357
40357
40357
40358
40358
40359
40359
40384
40385
40385
40385
40385
40385
40386
40386
40386
40386
40386
40387
40387
40387
40387
40387
40387
40388
40388
40388
40388
40389
40389
40389
40390
40391
40391
40391
40391
40391
40391
40391
40416
40416
40416
40416
40417
40417
40417
40418
40418
40419
40420
40420
40420
40420
40420
40420
40420
40421
40421
40422
40422
40423
40423
40423
40423
40423
40423
40423
40448
40448
40448
40448
40449
40450
40450
40451
40451
40451
40451
40452
40452
40452
40452
40452
40452
40452
40453
40453
40453
40453
40453
40454
40454
40454
40455
40480
40480
40480
40481
40481
40481
40481
40481
40482
40482
40483
40483
40483
40483
40483
40484
40485
40485
40485
40485
40485
40486
40486
40486
40486
40487
40487
40487
40487
40487
40487
40487
40512
40512
40512
40512
40512
40512
40513
40513
40513
40513
40514
40514
40514
40514
40514
40514
40514
40515
40515
40515
40515
40515
40516
40516
40516
40517
40517
40518
40518
40518
40519
40544
40544
40544
40544
40544
40544
40545
40545
40545
40546
40547
40547
40548
40548
40548
40548
40548
40548
40548
40549
40549
40549
40549
40550
40550
40550
40550
40550
40550
40551
40551
40551
40551
40576
40577
40577
40577
40577
40577
40578
40578
40578
40578
40578
40578
40578
40579
40579
40579
40579
40579
40579
40580
40580
40580
40580
40581
40581
40581
40582
40582
40582
40582
40582
40582
40583
40583
40583
40583
40583
40583
40583
40608
40608
40608
40608
40609
40609
40610
40610
40610
40610
40611
40611
40611
40611
40612
40612
40612
40612
40612
40612
40612
40613
40613
40613
40613
40613
40613
40613
40614
40615
40615
40615
40615
40615
40640
40640
40641
40641
40641
40641
40642
40642
40642
40643
40643
40643
40643
40643
40643
40643
40644
40644
40644
40644
40644
40644
40645
40645
40645
40645
40646
40646
40646
40646
40647
40647
40647
40647
40647
40647
40647
40672
40672
40672
40673
40673
40673
40673
40673
40673
40674
40674
40674
40674
40674
40674
40675
40675
40676
40676
40676
40676
40677
40677
40678
40678
40678
40678
40679
40679
40679
40679
40704
40704
40704
40704
40704
40704
40704
40705
40705
40705
40705
40705
40706
40706
40706
40706
40707
40708
40708
40708
40708
40708
40708
40708
40709
40710
40711
40711
40711
40711
40711
40711
40736
40737
40737
40737
40737
