199652
199652
199652
199652
199652
199653
199653
199653
199654
199654
199654
199654
199654
199655
199655
199655
199655
199655
199655
199655
199680
199680
199681
199681
199681
199681
199681
199682
199682
199682
199683
199683
199683
199683
199683
199683
199683
199684
199684
199684
199684
199684
199684
199684
199685
199685
199685
199685
199685
199685
199685
199686
199686
199686
199686
199687
199687
199687
199687
199712
199712
199712
199713
199714
199714
199714
199714
199714
199715
199715
199715
199715
199715
199716
199716
199716
199716
199716
199716
199716
199717
199717
199718
199718
199718
199718
199719
199719
199719
199719
199719
199744
199744
199744
199744
199745
199745
199746
199746
199746
199746
199746
199746
199746
199747
199747
199747
199747
199748
199748
199748
199748
199748
199748
199749
199749
199750
199750
199751
199751
199751
199751
199751
199751
199776
199776
199777
199777
199777
199777
199778
199779
199779
199779
199780
199781
199781
199781
199781
199781
199782
199782
199782
199782
199782
199783
199783
199783
199783
199808
199808
199808
199808
199808
199809
199809
199809
199809
199809
199809
199810
199810
199811
199811
199811
199811
199811
199812
199812
199813
199813
199813
199813
199814
199814
199814
199814
199814
199814
199814
199815
199840
199840
199840
199840
199840
199840
199841
199841
199841
199841
199841
199841
199841
199842
199842
199842
199843
199843
199844
199844
199845
199845
199845
199845
199845
199845
199846
199846
199846
199846
199846
199846
199847
199847
199847
199872
199872
199872
199872
199872
199873
199873
199873
199873
199873
199873
199874
199874
199874
199874
199874
199874
199874
199875
199876
199877
199877
199877
199877
199877
199877
199878
199878
199878
199878
199879
199879
199879
199879
199879
199879
199879
199904
199904
199904
199904
199904
199904
199905
199905
199905
199905
199905
199905
199905
199906
199907
199907
199907
199907
199907
199907
199907
199908
199908
199909
199909
199909
199910
199910
199910
199911
199911
199911
199911
199911
199936
199936
199936
199937
199937
199937
199937
199937
199937
199938
199938
199938
199938
199938
199938
199939
199939
199940
199940
199940
199940
199940
199940
199941
199941
199941
199941
199941
199942
199942
199942
199942
199942
199942
199942
199943
199943
199943
199943
199943
199968
199968
199968
199968
199968
199968
199969
199969
199969
199970
199970
199970
199970
199970
199970
199971
199971
199971
199972
199972
199972
199972
199972
199972
199972
199973
199973
199974
199974
199975
199975
199975
199975
200000
200000
200000
200000
200001
200001
200002
200002
200002
200002
200002
200003
200003
200003
200003
200004
200004
200004
200004
200004
200004
200004
200005
200005
200005
200005
200005
200005
200006
200007
200032
200032
200033
200033
200033
200033
200033
200034
200034
200034
200034
200034
200034
200034
200035
200035
200035
200036
200036
200036
200036
200036
200037
200037
200038
200038
200038
200039
200039
200039
200064
200064
200064
200064
200064
200065
200065
200065
200065
200065
200065
200065
200066
200066
200066
200066
200066
200067
200068
200068
200068
200068
200068
200069
200069
200069
200069
200069
200069
200069
200070
200070
200070
200071
200071
200071
200071
200071
200096
200096
200096
200096
200096
200096
200097
200097
200097
200097
200097
200097
200097
200098
200098
200098
200098
200098
200098
200098
200099
200099
200099
200099
200100
200100
200100
200100
200100
200100
200100
200101
200101
200101
200101
200101
200101
200102
200102
200102
200102
200102
200103
200128
200128
200128
200128
200129
200129
200129
200129
200130
200130
200130
200131
200131
200132
200132
200132
200133
200133
200133
200133
200133
200133
200133
200134
200134
200135
200135
200135
200135
200135
200135
200135
200160
200161
200161
200161
200161
200162
200162
200162
200162
200162
200162
200162
200163
200163
200163
200164
200164
200164
200164
200164
200164
200165
200165
200165
200165
200165
200165
200166
200166
200167
200167
200167
200167
200167
200192
200192
200192
200192
200192
200192
200193
200193
200193
200193
200193
200193
200193
200194
200194
200194
200194
200194
200194
200195
200195
200195
200196
200196
200196
200196
200197
200197
200197
200197
200197
200197
200198
200198
200199
200199
200199
200224
200224
200224
200224
200224
200224
200224
200225
200226
200227
200227
200227
200228
200228
200228
200228
200228
200229
200229
200229
200229
200229
200229
200229
200230
200230
200230
200230
200230
200231
200231
200231
200231
200231
200231
200256
200256
200256
200256
200257
200257
200257
200257
200258
200259
200259
200259
200259
200259
200260
200260
200260
200260
200260
200261
200261
200261
200261
200261
200261
200262
200262
200262
200262
200262
200262
200263
200263
200288
200288
200288
200288
200289
200289
200289
200289
200289
200289
200290
200290
200290
200290
200290
200291
200292
200292
200292
200293
200294
200294
200294
200294
200294
200294
200295
200295
200295
200295
200295
200320
200320
200321
200322
200322
200322
200322
200322
200322
200323
200323
200324
200324
200324
200324
200324
200325
200325
200326
200326
200326
200327
200327
200327
200327
200327
200327
200327
200352
200352
200352
200352
200352
200352
200352
200353
200353
200353
200354
200355
200355
200355
200356
200356
200357
200357
200357
200357
200357
200357
200358
200358
200358
200359
200384
200385
200385
200385
200385
200385
200385
200385
200386
200386
200386
200386
200387
200388
200388
200388
200388
200388
200389
200390
200390
200390
200390
200390
200390
200391
200391
200391
200391
200416
200417
200417
200417
200417
200417
200418
200418
200418
200418
200418
200418
200419
200419
200419
200419
200419
200419
200420
200420
200420
200420
200420
200420
200421
200421
200421
200421
200422
200423
200423
200423
200423
200448
200448
200448
200448
200448
200448
200448
200449
200449
200449
200449
200449
200449
200449
200450
200450
200450
200450
200450
200451
200451
200451
200451
200452
200453
200454
200454
200454
200454
200455
200455
200455
200455
200455
200480
200480
200480
200480
200480
200480
200481
200481
200481
200481
200482
200483
200483
200484
200485
200485
200485
200485
200485
200485
200486
200486
200486
200486
200487
200487
200487
200487
200487
200512
200512
200512
200512
200512
200512
200512
200513
200513
200514
200514
200514
200514
200514
200514
200514
200515
200515
200515
200515
200515
200515
200515
200516
200516
200516
200516
200516
200516
200517
200518
200518
200518
200518
200518
200518
200518
200519
200519
200519
200519
200519
200544
200544
200544
200544
200544
200544
200544
200545
200545
200545
200545
200545
200545
200545
200546
200546
200546
200546
200546
200546
200547
200547
200547
200547
200547
200547
200548
200548
200548
200548
200548
200549
200550
200550
200550
200551
200576
200576
200576
200576
200577
200577
200577
200577
200577
200578
200578
200578
200578
200578
200578
200578
200579
200580
200580
200580
200580
200580
200580
200581
200582
200582
200582
200582
200582
200582
200583
200608
200609
200609
200609
200609
200609
200610
200610
200610
