11041
11042
11042
11042
11042
11043
11043
11043
11043
11044
11044
11044
11045
11045
11045
11045
11045
11045
11045
11046
11046
11046
11046
11046
11046
11046
11047
11047
11047
11072
11072
11072
11072
11072
11073
11073
11073
11073
11074
11074
11074
11074
11074
11074
11075
11075
11075
11075
11076
11076
11077
11078
11078
11079
11079
11079
11104
11105
11106
11106
11107
11107
11107
11108
11108
11108
11108
11108
11108
11108
11109
11109
11110
11110
11110
11110
11110
11110
11111
11111
11111
11111
11136
11137
11137
11137
11137
11137
11137
11137
11138
11138
11138
11139
11139
11139
11139
11140
11140
11140
11140
11140
11140
11140
11141
11141
11141
11142
11142
11142
11142
11142
11142
11142
11143
11143
11143
11143
11168
11168
11169
11169
11169
11169
11170
11170
11170
11170
11171
11171
11172
11172
11172
11172
11173
11173
11173
11173
11173
11173
11173
11174
11174
11174
11174
11174
11174
11175
11175
11175
11200
11200
11200
11201
11202
11202
11202
11203
11203
11204
11204
11205
11205
11205
11206
11206
11206
11206
11206
11207
11207
11207
11232
11232
11232
11232
11233
11233
11233
11234
11234
11234
11235
11235
11235
11235
11235
11235
11235
11236
11236
11236
11236
11236
11236
11237
11237
11237
11237
11238
11238
11238
11238
11238
11238
11239
11239
11239
11239
11239
11239
11239
11264
11264
11264
11264
11264
11265
11265
11265
11266
11267
11267
11268
11268
11268
11268
11269
11269
11269
11269
11269
11269
11269
11270
11270
11270
11270
11270
11270
11271
11271
11271
11271
11271
11271
11271
11296
11296
11296
11296
11296
11296
11297
11297
11298
11298
11298
11298
11298
11298
11299
11299
11299
11299
11299
11299
11299
11300
11301
11301
11301
11301
11301
11301
11302
11302
11302
11302
11302
11302
11303
11303
11303
11328
11329
11329
11329
11329
11329
11329
11330
11331
11332
11332
11332
11332
11332
11332
11332
11333
11334
11334
11334
11334
11334
11334
11334
11335
11335
11335
11335
11335
11360
11360
11361
11361
11361
11361
11361
11361
11362
11362
11362
11362
11362
11363
11363
11363
11363
11364
11364
11365
11365
11365
11365
11365
11366
11367
11392
11392
11393
11393
11394
11394
11394
11394
11394
11395
11395
11395
11396
11396
11396
11397
11398
11398
11398
11398
11398
11398
11399
11424
11425
11425
11425
11425
11425
11425
11426
11426
11426
11426
11426
11427
11427
11427
11427
11427
11427
11427
11428
11429
11429
11429
11429
11430
11431
11431
11431
11431
11431
11431
11431
11456
11456
11456
11456
11457
11457
11457
11457
11457
11457
11458
11458
11458
11458
11458
11458
11459
11459
11459
11459
11459
11459
11459
11460
11460
11460
11461
11461
11461
11462
11462
11462
11462
11462
11462
11463
11463
11463
11463
11463
11463
11463
11488
11488
11489
11489
11490
11490
11491
11491
11491
11491
11491
11491
11491
11492
11492
11492
11492
11493
11493
11494
11494
11494
11494
11495
11495
11520
11520
11521
11521
11522
11522
11523
11523
11523
11523
11523
11523
11524
11525
11525
11525
11525
11526
11526
11526
11527
11552
11553
11553
11553
11553
11553
11554
11554
11554
11554
11554
11554
11554
11555
11555
11555
11555
11555
11556
11556
11556
11556
11556
11556
11556
11557
11557
11557
11558
11558
11559
11584
11584
11584
11584
11584
11584
11584
11585
11585
11585
11586
11586
11587
11587
11587
11588
11588
11588
11588
11588
11589
11589
11590
11590
11590
11590
11590
11591
11591
11616
11616
11616
11616
11616
11616
11616
11617
11617
11617
11617
11617
11617
11618
11618
11618
11618
11618
11619
11619
11619
11620
11620
11620
11620
11620
11621
11621
11621
11621
11621
11621
11622
11622
11622
11622
11622
11623
11623
11623
11623
11623
11623
11623
11648
11648
11648
11648
11648
11648
11648
11649
11649
11649
11649
11649
11649
11649
11650
11650
11650
11651
11651
11652
11652
11652
11652
11652
11652
11652
11653
11653
11653
11653
11653
11654
11654
11655
11655
11655
11680
11680
11680
11680
11680
11680
11680
11681
11681
11681
11681
11681
11682
11682
11682
11683
11683
11683
11683
11683
11683
11683
11684
11684
11684
11684
11684
11685
11685
11685
11685
11685
11685
11685
11686
11686
11686
11686
11687
11687
11687
11687
11687
11712
11712
11712
11713
11713
11713
11713
11714
11714
11714
11714
11714
11714
11715
11715
11715
11715
11716
11716
11716
11717
11717
11717
11717
11717
11718
11719
11719
11719
11719
11719
11719
11744
11744
11744
11745
11745
11745
11745
11745
11746
11746
11746
11746
11746
11746
11746
11747
11748
11749
11749
11750
11750
11750
11750
11751
11751
11751
11751
11776
11776
11777
11778
11778
11778
11779
11779
11779
11779
11779
11779
11780
11780
11780
11781
11781
11781
11782
11782
11782
11782
11783
11783
11808
11808
11809
11809
11809
11809
11809
11809
11810
11811
11812
11813
11813
11813
11813
11814
11814
11814
11814
11815
11815
11815
11815
11815
11840
11840
11840
11840
11840
11840
11841
11841
11841
11841
11841
11841
11842
11842
11842
11843
11843
11843
11843
11844
11844
11844
11844
11845
11845
11845
11845
11846
11846
11846
11846
11847
11847
11847
11847
11847
11847
11872
11873
11874
11874
11874
11874
11874
11874
11874
11875
11875
11875
11876
11876
11876
11876
11876
11876
11877
11877
11877
11877
11877
11878
11878
11879
11879
11879
11879
11879
11904
11904
11904
11904
11904
11904
11904
11905
11905
11905
11905
11906
11906
11906
11906
11906
11906
11907
11907
11907
11907
11908
11908
11908
11908
11908
11908
11909
11909
11909
11910
11910
11910
11910
11911
11911
11911
11911
11911
11936
11936
11936
11936
11936
11936
11937
11937
11937
11937
11937
11937
11937
11938
11938
11938
11938
11939
11939
11940
11940
11940
11940
11940
11940
11941
11941
11941
11941
11941
11941
11942
11943
11943
11943
11943
11943
11943
11968
11968
11969
11969
11969
11969
11969
11969
11969
11970
11970
11970
11970
11970
11970
11971
11971
11971
11971
11972
11972
11972
11972
11972
11973
11973
11973
11973
11973
11973
11974
11974
11975
11975
11975
11975
11975
12000
12000
12000
12000
12001
12001
12001
12001
12002
12003
12004
12005
12005
12005
12005
12005
12005
12005
12006
12006
12006
12006
12006
12007
12007
12007
12007
12007
12032
12032
12032
12032
12033
12033
12033
12033
12033
12034
12034
12035
12035
12035
12035
12035
12035
12035
12036
