205540
205540
205540
205540
205540
205540
205541
205541
205541
205541
205542
205542
205542
205542
205542
205542
205543
205543
205543
205568
205568
205568
205568
205568
205568
205569
205569
205570
205570
205570
205570
205570
205570
205571
205571
205571
205572
205572
205572
205572
205572
205573
205574
205574
205574
205575
205575
205575
205575
205575
205575
205575
205600
205601
205601
205601
205601
205602
205602
205602
205602
205602
205602
205603
205604
205605
205605
205605
205605
205605
205605
205606
205606
205606
205606
205606
205606
205606
205607
205607
205607
205607
205607
205632
205632
205632
205633
205634
205634
205634
205634
205634
205634
205635
205635
205635
205636
205636
205636
205637
205638
205638
205638
205639
205639
205639
205639
205639
205664
205664
205664
205665
205665
205666
205667
205667
205667
205667
205667
205668
205668
205668
205668
205668
205668
205669
205669
205669
205669
205669
205669
205669
205670
205670
205670
205671
205671
205671
205671
205671
205696
205696
205696
205697
205697
205697
205697
205697
205697
205698
205698
205698
205698
205698
205698
205698
205699
205699
205700
205700
205700
205700
205700
205700
205700
205701
205702
205702
205702
205702
205703
205703
205703
205703
205703
205728
205729
205729
205729
205729
205730
205730
205730
205730
205731
205731
205731
205731
205731
205731
205732
205732
205732
205732
205732
205732
205733
205733
205733
205734
205734
205734
205734
205734
205734
205735
205735
205735
205735
205760
205760
205760
205760
205760
205760
205761
205761
205761
205761
205761
205762
205762
205763
205764
205764
205764
205764
205764
205765
205765
205765
205765
205765
205766
205766
205766
205767
205767
205767
205767
205767
205767
205767
205792
205792
205792
205792
205792
205793
205793
205793
205793
205793
205793
205794
205794
205794
205795
205795
205795
205795
205795
205795
205795
205796
205797
205797
205797
205798
205798
205798
205798
205799
205799
205799
205799
205799
205799
205799
205824
205824
205824
205824
205825
205825
205825
205825
205825
205826
205826
205826
205826
205826
205826
205827
205827
205827
205827
205827
205827
205828
205828
205828
205828
205828
205828
205828
205829
205829
205829
205829
205829
205829
205829
205830
205830
205830
205830
205830
205831
205831
205831
205831
205831
205831
205831
205856
205856
205856
205856
205856
205856
205856
205857
205857
205857
205857
205857
205857
205857
205858
205858
205858
205859
205859
205859
205859
205859
205860
205860
205860
205860
205860
205860
205861
205862
205863
205863
205863
205863
205863
205863
205888
205889
205889
205889
205890
205890
205890
205890
205890
205891
205891
205891
205892
205893
205893
205893
205894
205894
205895
205895
205895
205920
205920
205920
205920
205921
205921
205921
205922
205922
205922
205923
205923
205923
205924
205924
205925
205926
205926
205926
205926
205926
205926
205926
205927
205927
205927
205927
205927
205952
205953
205954
205954
205954
205954
205954
205955
205955
205955
205955
205955
205956
205956
205956
205957
205958
205958
205958
205958
205958
205958
205959
205959
205959
205959
205959
205959
205959
205984
205984
205985
205985
205985
205985
205985
205985
205986
205986
205986
205987
205987
205987
205987
205988
205988
205988
205989
205989
205989
205989
205989
205989
205990
205991
205991
205991
206016
206017
206017
206017
206017
206018
206018
206018
206019
206019
206020
206020
206020
206020
206021
206021
206021
206021
206021
206021
206021
206022
206022
206022
206022
206022
206022
206023
206048
206048
206048
206048
206049
206049
206049
206049
206049
206049
206050
206050
206050
206050
206050
206050
206051
206051
206052
206052
206052
206052
206052
206052
206053
206053
206053
206053
206054
206054
206054
206054
206055
206080
206080
206080
206080
206081
206081
206081
206081
206081
206082
206082
206082
206083
206083
206083
206083
206083
206083
206084
206084
206085
206086
206086
206086
206086
206086
206087
206112
206112
206112
206112
206112
206113
206114
206115
206115
206116
206116
206116
206116
206117
206117
206117
206117
206117
206117
206117
206118
206118
206119
206144
206145
206145
206145
206145
206145
206145
206146
206146
206146
206146
206146
206147
206147
206147
206147
206147
206148
206148
206148
206148
206149
206149
206150
206150
206151
206151
206151
206151
206176
206176
206176
206176
206176
206176
206177
206177
206177
206178
206178
206179
206179
206179
206179
206179
206179
206180
206180
206180
206180
206180
206181
206181
206181
206181
206181
206181
206182
206182
206183
206183
206183
206208
206208
206208
206209
206209
206209
206209
206209
206209
206210
206210
206210
206210
206210
206210
206211
206211
206212
206212
206212
206213
206213
206214
206214
206214
206214
206214
206214
206214
206215
206215
206215
206215
206215
206215
206240
206240
206240
206240
206240
206240
206241
206241
206241
206241
206241
206241
206241
206242
206242
206242
206242
206242
206243
206243
206243
206243
206243
206244
206244
206244
206245
206245
206245
206246
206246
206246
206247
206247
206247
206247
206272
206272
206272
206272
206272
206272
206272
206273
206273
206273
206273
206273
206274
206274
206274
206274
206275
206276
206277
206278
206278
206279
206279
206304
206304
206304
206304
206304
206304
206305
206306
206306
206307
206307
206307
206308
206308
206308
206308
206308
206309
206309
206309
206309
206309
206309
206309
206310
206310
206310
206310
206311
206336
206336
206337
206337
206337
206337
206337
206337
206338
206339
206339
206339
206339
206339
206340
206340
206341
206341
206341
206341
206342
206343
206343
206343
206343
206343
206368
206368
206368
206368
206368
206368
206369
206369
206370
206370
206370
206370
206371
206371
206371
206371
206372
206372
206372
206373
206374
206374
206374
206375
206375
206375
206375
206400
206400
206400
206401
206402
206402
206402
206402
206402
206403
206404
206404
206404
206404
206404
206405
206405
206405
206405
206405
206405
206406
206406
206406
206407
206407
206407
206407
206432
206432
206432
206432
206432
206432
206432
206433
206434
206434
206434
206434
206434
206434
206434
206435
206435
206436
206436
206436
206437
206437
206438
206438
206438
206438
206438
206438
206438
206439
206439
206439
206439
206439
206439
206439
206464
206464
206464
206464
206465
206465
206465
206465
206465
206465
206465
206466
206466
206466
206466
206467
206467
206467
206467
206468
206468
206468
206468
206469
206469
206470
206470
206470
206470
206470
206470
206471
206471
206471
206471
206471
206496
206496
206497
206498
206498
206498
206498
206498
206498
206498
206499
206499
206499
206499
206500
206501
206501
206501
206502
206503
206503
206503
206503
206503
206503
206528
206528
206528
206528
206528
206528
206529
206529
206529
206529
206530
206531
206531
206532
206532
206532
206532
206533
206533
206533
206533
206533
206533
206534
206534
206534
206534
206534
206535
206560
206560
206560
206560
206560
206561
206562
206563
206564
206564
206564
206564
206565
206565
206565
206565
206565
206565
206565
206566
206566
206566
206566
206567
206567
206567
206567
206567
206567
