288262
288262
288262
288262
288263
288263
288263
288263
288288
288288
288288
288288
288288
288289
288289
288289
288289
288289
288289
288289
288290
288290
288291
288291
288291
288291
288291
288291
288292
288292
288292
288292
288292
288293
288293
288294
288294
288294
288294
288294
288294
288294
288295
288295
288295
288295
288295
288320
288320
288320
288320
288321
288321
288322
288322
288323
288323
288324
288324
288324
288325
288325
288325
288325
288325
288326
288326
288326
288326
288326
288326
288327
288327
288352
288352
288352
288352
288352
288352
288352
288353
288353
288353
288353
288353
288354
288354
288355
288355
288355
288356
288357
288357
288357
288357
288358
288359
288359
288359
288359
288359
288384
288385
288385
288385
288385
288386
288386
288386
288386
288386
288386
288387
288387
288387
288387
288388
288388
288388
288388
288388
288388
288388
288389
288389
288389
288390
288390
288390
288390
288391
288391
288391
288391
288416
288416
288416
288416
288416
288416
288417
288417
288417
288417
288417
288417
288417
288418
288418
288418
288419
288419
288419
288419
288419
288419
288420
288420
288420
288420
288420
288421
288421
288422
288422
288422
288423
288423
288423
288448
288448
288448
288448
288448
288448
288448
288449
288450
288450
288450
288450
288450
288450
288451
288451
288451
288451
288451
288451
288451
288452
288452
288452
288452
288453
288453
288453
288453
288453
288454
288454
288454
288454
288454
288454
288455
288455
288455
288455
288480
288480
288480
288480
288481
288481
288481
288481
288481
288481
288482
288483
288483
288483
288483
288484
288484
288484
288484
288484
288485
288485
288486
288486
288486
288486
288486
288486
288487
288487
288487
288487
288487
288487
288487
288512
288513
288514
288514
288514
288515
288515
288515
288516
288516
288516
288516
288517
288517
288517
288517
288517
288517
288517
288518
288518
288518
288518
288518
288519
288544
288544
288544
288544
288544
288545
288545
288545
288545
288545
288546
288546
288546
288546
288547
288547
288548
288548
288549
288549
288549
288549
288549
288549
288549
288550
288550
288550
288550
288550
288550
288551
288576
288576
288577
288577
288577
288577
288577
288577
288577
288578
288579
288579
288580
288580
288580
288580
288581
288581
288581
288581
288582
288583
288583
288583
288583
288583
288608
288609
288609
288609
288609
288609
288609
288609
288610
288610
288610
288610
288610
288611
288611
288612
288612
288612
288612
288612
288613
288613
288614
288614
288614
288614
288614
288614
288614
288615
288615
288615
288615
288615
288615
288615
288640
288640
288640
288640
288641
288641
288642
288642
288642
288643
288643
288643
288643
288644
288644
288645
288645
288645
288645
288645
288645
288645
288646
288647
288647
288647
288647
288672
288672
288672
288672
288673
288673
288673
288673
288673
288674
288674
288674
288674
288675
288675
288675
288675
288675
288676
288677
288677
288677
288678
288678
288678
288678
288678
288678
288679
288679
288679
288679
288679
288679
288704
288704
288704
288704
288704
288704
288704
288705
288705
288705
288705
288705
288705
288706
288706
288706
288706
288706
288706
288706
288707
288707
288707
288707
288707
288708
288708
288708
288708
288708
288708
288709
288709
288710
288711
288711
288711
288711
288736
288736
288736
288736
288736
288737
288737
288737
288737
288737
288737
288737
288738
288738
288738
288738
288738
288739
288739
288739
288739
288739
288740
288740
288740
288740
288740
288741
288741
288742
288742
288742
288742
288742
288742
288743
288743
288743
288743
288743
288743
288768
288768
288768
288768
288768
288768
288769
288769
288769
288769
288769
288769
288770
288770
288770
288771
288771
288772
288772
288772
288772
288773
288773
288773
288774
288774
288774
288774
288775
288800
288800
288801
288801
288801
288801
288802
288802
288803
288803
288803
288804
288804
288804
288804
288804
288805
288805
288805
288805
288805
288805
288806
288806
288806
288807
288807
288807
288807
288807
288832
288832
288832
288832
288832
288833
288833
288834
288834
288835
288835
288835
288835
288835
288836
288837
288837
288837
288837
288837
288837
288837
288838
288839
288864
288864
288864
288864
288864
288864
288865
288865
288866
288867
288867
288867
288867
288868
288868
288869
288869
288869
288869
288869
288869
288869
288870
288870
288871
288871
288871
288896
288896
288896
288896
288896
288896
288896
288897
288897
288897
288897
288897
288897
288897
288898
288898
288898
288898
288898
288898
288898
288899
288899
288899
288900
288900
288900
288900
288901
288901
288901
288901
288901
288901
288901
288902
288902
288902
288902
288902
288902
288903
288903
288928
288928
288928
288928
288928
288928
288928
288929
288929
288929
288929
288929
288929
288929
288930
288930
288931
288931
288932
288932
288932
288932
288932
288932
288932
288933
288933
288934
288935
288935
288935
288935
288935
288960
288960
288960
288960
288961
288961
288962
288962
288962
288963
288963
288963
288963
288963
288963
288964
288964
288964
288964
288964
288965
288966
288966
288966
288966
288967
288967
288967
288967
288967
288967
288992
288992
288992
288992
288992
288993
288993
288993
288993
288993
288993
288993
288994
288995
288995
288995
288995
288995
288995
288996
288996
288996
288996
288996
288997
288997
288997
288997
288997
288998
288998
288998
288999
288999
288999
288999
289024
289024
289024
289024
289024
289024
289025
289025
289025
289026
289026
289026
289026
289026
289026
289027
289027
289027
289027
289027
289028
289028
289028
289028
289029
289029
289029
289030
289030
289030
289031
289031
289031
289031
289031
289031
289031
289056
289056
289056
289056
289056
289057
289057
289057
289058
289058
289058
289058
289059
289059
289059
289059
289059
289059
289059
289060
289060
289061
289061
289061
289061
289062
289062
289062
289062
289062
289062
289062
289063
289088
289089
289089
289089
289089
289089
289089
289089
289090
289091
289091
289091
289091
289091
289091
289092
289092
289092
289092
289092
289092
289092
289093
289093
289093
289093
289093
289093
289093
289094
289095
289095
289095
289095
289095
289095
289120
289120
289120
289120
289120
289120
289120
289121
289121
289121
289121
289121
289121
289121
289122
289122
289123
289123
289123
289123
289123
289123
289123
289124
289124
289124
289124
289124
289124
289125
289125
289125
289125
289125
289126
289127
289127
289127
289127
289127
289127
289152
289152
289152
289152
289152
289153
289153
289153
289153
289153
289153
289153
289154
289154
289155
289155
289156
289156
289156
289156
289156
289156
289157
289158
289158
289158
289158
289159
289159
289159
289159
289159
289159
289184
289184
289184
289184
289185
289185
289185
289185
289185
289185
289185
289186
289186
289186
289186
289187
289188
289188
289189
289189
289189
289189
289189
289190
289190
289190
289191
289216
289217
289218
289219
289219
289219
289220
289220
289220
289220
289220
289220
289221
289221
289221
289222
289222
289222
289223
289248
289248
289248
289248
289249
289250
289250
289250
289250
289250
289250
289251
289252
289252
289253
289253
289253
289254
