145633
145633
145634
145634
145634
145634
145635
145635
145635
145635
145635
145636
145636
145636
145636
145636
145636
145636
145637
145637
145637
145638
145638
145638
145638
145638
145638
145638
145639
145639
145664
145664
145664
145664
145664
145665
145665
145665
145665
145665
145665
145666
145666
145667
145667
145667
145667
145667
145667
145667
145668
145668
145668
145669
145669
145669
145669
145669
145670
145670
145670
145670
145670
145670
145671
145671
145671
145671
145671
145671
145671
145696
145696
145696
145696
145696
145696
145696
145697
145697
145698
145698
145698
145698
145698
145698
145698
145699
145699
145699
145700
145700
145700
145700
145701
145702
145702
145702
145702
145702
145702
145702
145703
145703
145703
145703
145703
145703
145703
145728
145728
145728
145729
145729
145729
145729
145729
145730
145730
145730
145730
145731
145731
145731
145731
145732
145732
145732
145732
145732
145732
145732
145733
145733
145734
145734
145735
145735
145760
145760
145760
145760
145760
145760
145760
145761
145761
145762
145762
145762
145763
145763
145763
145763
145763
145763
145763
145764
145764
145764
145764
145764
145765
145765
145765
145765
145766
145766
145766
145766
145766
145766
145766
145767
145767
145767
145767
145767
145767
145767
145792
145792
145792
145792
145793
145793
145794
145794
145794
145794
145794
145794
145794
145795
145795
145795
145795
145796
145796
145796
145797
145797
145797
145798
145798
145798
145798
145798
145798
145799
145824
145824
145825
145825
145825
145825
145826
145826
145826
145826
145826
145826
145826
145827
145827
145827
145827
145828
145828
145828
145828
145828
145829
145829
145829
145829
145829
145830
145830
145831
145831
145831
145831
145831
145831
145856
145856
145856
145857
145857
145858
145858
145858
145858
145858
145859
145859
145859
145859
145860
145861
145861
145861
145861
145861
145862
145862
145862
145863
145863
145888
145889
145890
145890
145890
145890
145890
145890
145891
145891
145892
145892
145892
145892
145893
145894
145894
145894
145895
145895
145895
145895
145895
145920
145920
145920
145920
145921
145921
145921
145921
145922
145922
145922
145923
145923
145923
145923
145923
145924
145924
145924
145924
145925
145925
145925
145925
145926
145926
145927
145952
145952
145952
145952
145952
145952
145953
145953
145953
145953
145953
145954
145954
145954
145954
145954
145954
145955
145955
145955
145955
145955
145955
145956
145956
145956
145957
145957
145957
145957
145957
145958
145959
145959
145959
145959
145984
145984
145985
145985
145985
145986
145986
145986
145986
145987
145987
145987
145987
145988
145989
145989
145989
145989
145989
145989
145989
145990
145990
145990
145990
145990
145990
145991
145991
145991
145991
145991
146016
146016
146016
146016
146016
146017
146018
146018
146018
146018
146018
146018
146019
146020
146020
146020
146020
146020
146020
146020
146021
146021
146021
146021
146021
146021
146021
146022
146022
146022
146022
146023
146023
146023
146023
146023
146023
146023
146048
146048
146048
146049
146049
146049
146049
146049
146049
146050
146050
146051
146051
146051
146051
146051
146051
146051
146052
146052
146052
146052
146053
146053
146053
146053
146054
146054
146054
146054
146055
146055
146055
146055
146055
146055
146080
146080
146081
146081
146081
146082
146082
146082
146082
146082
146082
146082
146083
146084
146085
146085
146085
146085
146085
146085
146085
146086
146086
146086
146086
146087
146112
146112
146112
146112
146112
146112
146112
146113
146113
146113
146113
146114
146114
146115
146115
146115
146115
146115
146115
146115
146116
146116
146116
146116
146116
146116
146116
146117
146117
146117
146117
146118
146118
146119
146119
146119
146119
146119
146119
146144
146144
146144
146144
146144
146144
146144
146145
146145
146146
146146
146147
146147
146148
146148
146149
146149
146149
146150
146150
146151
146151
146151
146151
146151
146151
146151
146176
146177
146177
146177
146177
146177
146177
146178
146178
146178
146179
146180
146181
146181
146181
146181
146181
146181
146182
146182
146182
146182
146182
146183
146208
146208
146209
146209
146210
146210
146210
146210
146210
146211
146211
146211
146211
146211
146212
146212
146212
146212
146212
146212
146212
146213
146213
146213
146213
146213
146214
146215
146215
146215
146215
146215
146240
146240
146240
146240
146240
146240
146240
146241
146241
146241
146242
146242
146242
146242
146243
146243
146243
146243
146243
146244
146244
146245
146245
146246
146246
146246
146247
146247
146272
146273
146273
146273
146273
146273
146273
146274
146274
146274
146274
146274
146275
146275
146275
146275
146276
146276
146276
146276
146276
146276
146276
146277
146277
146277
146277
146277
146277
146278
146278
146278
146278
146278
146279
146279
146279
146279
146279
146304
146304
146304
146304
146304
146305
146305
146306
146306
146306
146307
146308
146308
146308
146308
146309
146309
146309
146309
146309
146309
146309
146310
146310
146311
146336
146336
146336
146336
146336
146337
146337
146337
146337
146337
146337
146337
146338
146338
146338
146338
146339
146339
146340
146340
146340
146340
146340
146341
146341
146341
146341
146341
146341
146341
146342
146342
146342
146342
146342
146343
146343
146343
146343
146368
146368
146368
146368
146368
146368
146369
146369
146369
146369
146369
146369
146369
146370
146370
146370
146370
146370
146370
146371
146371
146371
146372
146372
146372
146373
146373
146373
146373
146373
146373
146373
146374
146374
146374
146374
146374
146374
146374
146375
146375
146375
146400
146400
146400
146400
146400
146400
146400
146401
146401
146401
146402
146402
146403
146403
146403
146404
146404
146404
146405
146405
146405
146405
146405
146405
146405
146406
146406
146406
146406
146406
146407
146407
146407
146407
146407
146407
146432
146432
146432
146432
146433
146433
146434
146434
146434
146434
146434
146434
146435
146435
146435
146435
146436
146436
146436
146436
146436
146436
146437
146437
146437
146437
146437
146438
146438
146438
146438
146438
146439
146439
146439
146439
146439
146439
146464
146464
146464
146465
146465
146465
146465
146465
146465
146466
146466
146466
146466
146467
146467
146468
146468
146468
146469
146469
146469
146469
146469
146470
146470
146470
146470
146471
146471
146471
146471
146471
146471
146471
146496
146496
146496
146496
146497
146497
146497
146497
146498
146498
146498
146498
146498
146498
146499
146499
146499
146499
146499
146499
146500
146500
146501
146501
146501
146501
146502
146502
146502
146503
146503
146503
146503
146503
146528
146528
146528
146528
146528
146529
146529
146529
146529
146529
146530
146530
146530
146530
146530
146530
146531
146531
146531
146532
146532
146533
146533
146533
146533
146533
146534
146534
146534
146534
146535
146535
146535
146535
146535
146535
146560
146560
146561
146561
146561
146562
146562
146562
146562
146562
146562
146563
146563
146563
146564
146564
146564
146564
146564
146565
146565
146565
146565
146566
146566
146566
146567
146567
146567
146567
146592
146592
146592
146592
146592
146592
146592
146593
146593
