155555
155556
155556
155557
155557
155558
155558
155558
155558
155558
155558
155558
155559
155559
155559
155584
155585
155585
155586
155586
155586
155586
155586
155586
155587
155587
155587
155587
155587
155588
155588
155588
155588
155588
155589
155589
155590
155591
155591
155591
155591
155591
155616
155616
155616
155616
155616
155617
155617
155618
155618
155618
155618
155618
155619
155619
155619
155619
155619
155620
155620
155620
155620
155620
155621
155621
155621
155621
155621
155621
155622
155622
155622
155622
155622
155622
155623
155623
155623
155623
155623
155648
155648
155648
155649
155649
155649
155649
155649
155649
155650
155650
155650
155650
155650
155650
155651
155651
155651
155651
155652
155653
155653
155653
155653
155653
155654
155654
155654
155654
155654
155655
155655
155680
155680
155680
155681
155681
155681
155681
155681
155682
155682
155682
155682
155682
155683
155683
155683
155683
155683
155683
155683
155684
155684
155684
155684
155684
155684
155685
155685
155685
155685
155685
155685
155685
155686
155687
155687
155687
155687
155687
155712
155712
155712
155712
155712
155712
155712
155713
155713
155714
155714
155714
155714
155715
155715
155715
155715
155715
155715
155715
155716
155716
155716
155716
155716
155717
155717
155717
155717
155717
155717
155717
155718
155718
155718
155718
155718
155718
155719
155719
155719
155719
155719
155744
155744
155744
155744
155744
155744
155745
155746
155746
155746
155746
155746
155746
155746
155747
155747
155747
155747
155747
155747
155748
155748
155748
155748
155748
155748
155749
155749
155750
155750
155750
155750
155750
155750
155751
155751
155751
155751
155751
155776
155776
155776
155776
155776
155777
155778
155779
155779
155779
155779
155779
155779
155780
155780
155780
155781
155781
155781
155782
155782
155782
155782
155782
155782
155782
155783
155783
155808
155808
155808
155808
155808
155808
155808
155809
155809
155809
155809
155809
155809
155810
155811
155812
155812
155812
155812
155812
155812
155812
155813
155813
155813
155813
155813
155814
155814
155814
155814
155815
155815
155815
155815
155815
155815
155815
155840
155840
155840
155841
155842
155842
155842
155843
155843
155843
155843
155843
155844
155844
155844
155844
155844
155844
155844
155845
155846
155847
155847
155847
155847
155847
155847
155847
155872
155872
155872
155873
155873
155873
155873
155873
155874
155874
155874
155874
155874
155874
155875
155875
155875
155875
155875
155875
155875
155876
155876
155876
155877
155878
155878
155878
155878
155879
155879
155904
155904
155904
155905
155906
155906
155907
155907
155907
155908
155908
155909
155909
155909
155909
155909
155910
155910
155911
155911
155911
155911
155936
155937
155938
155939
155940
155940
155940
155940
155940
155940
155940
155941
155942
155942
155942
155942
155942
155943
155943
155943
155968
155968
155968
155968
155968
155969
155969
155969
155969
155969
155970
155970
155971
155971
155971
155971
155971
155971
155972
155972
155972
155972
155972
155972
155972
155973
155973
155973
155974
155974
155974
155974
155974
155974
155975
155975
155975
155975
155975
155975
155975
156000
156000
156000
156000
156001
156001
156001
156001
156001
156002
156002
156002
156003
156003
156003
156003
156003
156004
156004
156004
156004
156004
156004
156005
156005
156005
156005
156005
156005
156006
156006
156006
156006
156006
156007
156007
156007
156032
156032
156033
156033
156033
156033
156033
156033
156034
156034
156034
156034
156035
156035
156035
156035
156035
156036
156036
156036
156037
156037
156037
156037
156037
156037
156037
156038
156038
156038
156038
156038
156038
156039
156039
156039
156039
156064
156065
156066
156066
156066
156066
156066
156067
156067
156067
156067
156067
156067
156067
156068
156068
156069
156070
156070
156070
156070
156070
156070
156070
156071
156071
156071
156071
156071
156071
156096
156096
156096
156096
156096
156096
156097
156097
156098
156098
156098
156098
156098
156099
156099
156099
156099
156099
156100
156100
156100
156100
156101
156101
156101
156101
156102
156102
156102
156103
156128
156128
156128
156128
156128
156128
156128
156129
156129
156129
156130
156130
156131
156131
156131
156132
156132
156132
156132
156132
156133
156134
156134
156134
156134
156134
156135
156135
156135
156135
156135
156135
156135
156160
156160
156160
156160
156160
156160
156160
156161
156161
156161
156161
156161
156161
156161
156162
156162
156162
156162
156162
156163
156163
156164
156164
156164
156164
156164
156165
156165
156165
156165
156165
156165
156166
156166
156166
156166
156166
156166
156167
156167
156167
156167
156167
156167
156167
156192
156192
156193
156193
156193
156193
156193
156193
156193
156194
156194
156195
156195
156195
156195
156195
156195
156195
156196
156196
156196
156196
156197
156197
156198
156198
156198
156198
156199
156199
156199
156224
156224
156224
156224
156224
156225
156225
156225
156225
156225
156225
156226
156226
156226
156227
156227
156227
156228
156229
156229
156229
156229
156229
156230
156230
156230
156230
156230
156230
156231
156231
156231
156231
156256
156256
156256
156256
156256
156256
156256
156257
156257
156257
156257
156257
156257
156257
156258
156258
156258
156258
156259
156259
156259
156259
156259
156260
156260
156260
156260
156260
156261
156261
156261
156261
156261
156262
156262
156262
156262
156263
156263
156263
156263
156263
156263
156288
156288
156288
156288
156289
156289
156289
156290
156290
156290
156290
156291
156291
156291
156291
156291
156291
156292
156292
156292
156292
156292
156293
156294
156294
156294
156294
156294
156294
156295
156295
156295
156295
156295
156320
156320
156321
156321
156321
156321
156322
156322
156322
156323
156323
156323
156323
156323
156323
156324
156324
156324
156324
156325
156325
156325
156325
156326
156326
156327
156327
156327
156327
156327
156327
156327
156352
156353
156353
156353
156353
156353
156353
156354
156354
156354
156354
156354
156354
156355
156355
156355
156355
156356
156357
156357
156358
156358
156358
156358
156358
156358
156359
156359
156359
156359
156359
156384
156384
156384
156384
156384
156384
156385
156385
156385
156386
156386
156386
156386
156387
156387
156387
156388
156388
156388
156388
156388
156388
156388
156389
156389
156389
156389
156389
156389
156390
156390
156390
156390
156390
156390
156391
156391
156391
156391
156391
156416
156416
156416
156416
156417
156417
156417
156417
156417
156418
156418
156418
156418
156418
156418
156418
156419
156420
156420
156420
156420
156420
156420
156420
156421
156421
156422
156422
156422
156422
156423
156423
156448
156448
156448
156448
156448
156449
156450
156451
156451
156451
156451
156452
156452
156452
156452
156452
156452
156452
156453
156453
156453
156453
156453
156453
156453
156454
156454
156455
156455
156455
156480
156480
156480
156480
156480
156480
156481
156481
156482
156482
156482
156483
156483
156483
156483
156483
156483
156484
156484
156484
156484
156484
156485
156485
156485
156485
156485
156486
156486
156486
156486
156486
156486
156487
156512
156512
156512
156513
156513
156514
