278084
278085
278085
278085
278085
278085
278085
278086
278086
278086
278087
278087
278087
278087
278112
278112
278112
278112
278112
278112
278112
278113
278113
278113
278113
278113
278113
278113
278114
278114
278114
278114
278114
278115
278115
278115
278115
278115
278116
278116
278116
278116
278116
278116
278117
278117
278117
278117
278117
278117
278118
278118
278118
278118
278118
278118
278118
278119
278119
278119
278119
278144
278144
278144
278145
278146
278146
278147
278147
278147
278147
278147
278148
278149
278149
278149
278149
278150
278150
278150
278150
278150
278150
278151
278151
278151
278176
278176
278177
278177
278177
278177
278177
278178
278178
278178
278178
278178
278178
278179
278180
278180
278180
278180
278180
278180
278180
278181
278181
278182
278182
278182
278182
278182
278183
278183
278183
278208
278208
278208
278208
278208
278208
278208
278209
278209
278209
278209
278209
278210
278210
278210
278210
278210
278210
278210
278211
278211
278211
278211
278212
278212
278212
278212
278212
278213
278213
278213
278213
278213
278213
278213
278214
278214
278214
278214
278214
278215
278215
278215
278240
278240
278240
278240
278240
278241
278241
278241
278241
278241
278241
278241
278242
278243
278243
278243
278243
278243
278243
278243
278244
278244
278244
278244
278244
278244
278244
278245
278245
278245
278245
278245
278246
278246
278246
278246
278246
278246
278247
278247
278247
278247
278272
278272
278273
278273
278273
278274
278274
278274
278275
278275
278275
278276
278276
278277
278277
278277
278277
278278
278278
278278
278278
278278
278278
278279
278279
278279
278279
278279
278279
278304
278304
278304
278304
278305
278305
278305
278305
278306
278306
278307
278307
278307
278307
278307
278307
278307
278308
278308
278309
278309
278309
278309
278310
278310
278310
278311
278311
278336
278336
278336
278336
278336
278337
278337
278337
278337
278337
278338
278338
278338
278338
278338
278339
278339
278340
278340
278340
278340
278340
278341
278341
278341
278341
278342
278342
278343
278343
278343
278368
278368
278368
278369
278369
278369
278369
278369
278369
278369
278370
278370
278370
278370
278370
278371
278372
278372
278373
278373
278373
278373
278373
278373
278373
278374
278374
278374
278374
278375
278375
278375
278400
278400
278400
278400
278401
278401
278401
278401
278401
278401
278401
278402
278402
278402
278402
278402
278402
278402
278403
278403
278403
278404
278404
278405
278405
278405
278405
278406
278406
278406
278406
278406
278406
278406
278407
278432
278432
278432
278432
278432
278432
278432
278433
278433
278433
278433
278433
278433
278434
278434
278434
278434
278434
278435
278435
278435
278435
278435
278435
278436
278437
278437
278437
278437
278437
278438
278438
278438
278438
278438
278438
278439
278439
278439
278464
278464
278464
278465
278465
278465
278465
278466
278466
278466
278467
278467
278467
278467
278467
278467
278468
278468
278468
278468
278469
278469
278469
278470
278470
278470
278471
278471
278471
278471
278471
278471
278496
278496
278496
278496
278496
278496
278497
278497
278498
278498
278498
278498
278498
278498
278498
278499
278499
278499
278500
278500
278500
278500
278501
278501
278501
278502
278502
278502
278503
278503
278503
278503
278528
278528
278528
278528
278529
278529
278529
278530
278530
278531
278531
278531
278531
278531
278531
278532
278532
278532
278532
278532
278532
278533
278533
278533
278533
278533
278534
278534
278534
278534
278534
278534
278534
278535
278535
278535
278535
278535
278535
278560
278560
278560
278560
278560
278561
278561
278561
278561
278561
278561
278562
278562
278562
278562
278562
278562
278562
278563
278563
278563
278563
278563
278564
278564
278564
278564
278564
278565
278565
278566
278566
278567
278567
278567
278592
278592
278592
278592
278593
278593
278594
278594
278594
278594
278594
278594
278595
278596
278596
278596
278596
278596
278596
278596
278597
278597
278597
278597
278597
278597
278598
278598
278598
278598
278598
278599
278599
278599
278599
278599
278599
278624
278624
278624
278624
278624
278624
278624
278625
278625
278626
278626
278627
278627
278627
278627
278627
278627
278627
278628
278628
278628
278628
278628
278628
278628
278629
278630
278630
278631
278631
278656
278656
278656
278656
278656
278656
278656
278657
278657
278658
278658
278658
278658
278658
278658
278658
278659
278659
278659
278659
278659
278659
278660
278660
278660
278660
278660
278661
278661
278662
278662
278662
278662
278663
278688
278688
278688
278689
278689
278689
278690
278690
278690
278690
278691
278691
278691
278691
278691
278691
278691
278692
278692
278692
278692
278693
278693
278694
278695
278695
278695
278695
278720
278720
278720
278720
278720
278720
278721
278721
278721
278721
278721
278721
278722
278722
278722
278722
278722
278722
278723
278723
278724
278725
278725
278725
278725
278725
278726
278726
278726
278727
278727
278727
278727
278727
278727
278752
278752
278752
278752
278752
278753
278754
278755
278755
278755
278755
278756
278756
278756
278756
278756
278757
278757
278757
278757
278757
278758
278758
278758
278759
278784
278784
278784
278784
278784
278784
278785
278786
278786
278787
278787
278787
278787
278788
278788
278788
278789
278789
278789
278790
278791
278791
278816
278816
278816
278816
278816
278816
278817
278817
278817
278817
278817
278817
278817
278818
278818
278818
278819
278820
278820
278820
278821
278821
278821
278821
278821
278821
278821
278822
278823
278848
278848
278848
278848
278849
278850
278850
278850
278851
278852
278852
278852
278853
278853
278853
278853
278853
278854
278854
278854
278854
278855
278855
278855
278855
278855
278855
278880
278880
278880
278880
278880
278880
278880
278881
278882
278882
278882
278882
278882
278882
278882
278883
278883
278883
278884
278884
278884
278884
278884
278884
278884
278885
278885
278886
278886
278886
278886
278886
278886
278887
278912
278913
278913
278913
278913
278913
278913
278913
278914
278914
278914
278914
278914
278914
278915
278915
278915
278915
278916
278916
278916
278916
278917
278918
278918
278918
278918
278918
278918
278919
278944
278944
278944
278944
278944
278944
278944
278945
278946
278946
278946
278946
278946
278946
278947
278947
278947
278947
278947
278947
278947
278948
278948
278948
278948
278948
278948
278948
278949
278949
278949
278949
278949
278949
278949
278950
278950
278951
278976
278976
278976
278976
278976
278977
278977
278978
278978
278978
278978
278978
278979
278979
278980
278980
278980
278980
278980
278980
278980
278981
278981
278981
278981
278982
278982
278983
278983
278983
278983
278983
279008
279008
279008
279008
279008
279008
279008
279009
279009
279009
279009
279010
279010
279010
279010
279010
279010
279010
279011
279011
279011
279012
279012
279012
279012
279013
279013
279013
279013
279013
279013
279013
279014
279014
279014
279014
279014
279014
279015
279015
279015
279015
279040
279040
279040
279041
279041
279041
279042
279042
279042
279042
279043
279043
279043
279043
279043
279043
279043
279044
279045
279045
279045
279045
279045
