30788
30789
30789
30789
30789
30789
30789
30790
30790
30790
30790
30790
30790
30790
30791
30791
30791
30791
30816
30817
30817
30817
30818
30818
30818
30818
30818
30819
30819
30819
30820
30820
30820
30821
30821
30821
30821
30821
30822
30822
30822
30822
30822
30822
30823
30823
30823
30823
30823
30848
30848
30848
30848
30848
30848
30849
30849
30849
30849
30849
30850
30851
30852
30852
30852
30852
30852
30853
30853
30853
30853
30853
30853
30854
30854
30854
30854
30854
30855
30855
30855
30855
30855
30855
30855
30880
30880
30880
30881
30881
30881
30881
30882
30882
30883
30883
30883
30883
30883
30883
30884
30884
30884
30885
30885
30885
30885
30885
30886
30886
30886
30886
30887
30887
30887
30912
30912
30912
30912
30913
30913
30913
30913
30913
30913
30913
30914
30915
30915
30915
30915
30915
30916
30916
30917
30917
30917
30917
30917
30918
30919
30919
30919
30919
30944
30944
30944
30944
30944
30944
30944
30945
30945
30945
30946
30947
30947
30947
30947
30947
30948
30949
30949
30949
30950
30950
30950
30951
30976
30976
30977
30977
30977
30978
30978
30978
30979
30979
30980
30980
30980
30981
30981
30981
30981
30981
30981
30982
30983
30983
30983
30983
30983
31008
31008
31008
31009
31009
31009
31009
31010
31010
31010
31011
31011
31012
31012
31012
31012
31013
31013
31013
31013
31013
31014
31014
31014
31014
31014
31015
31015
31015
31015
31015
31015
31040
31040
31040
31040
31040
31040
31041
31042
31042
31042
31043
31043
31044
31045
31045
31045
31045
31046
31046
31046
31046
31046
31046
31046
31047
31047
31047
31047
31047
31047
31072
31073
31073
31073
31073
31073
31074
31074
31074
31074
31074
31075
31075
31076
31076
31077
31077
31078
31078
31079
31104
31105
31105
31105
31105
31105
31106
31106
31106
31106
31106
31106
31106
31107
31107
31108
31108
31108
31108
31109
31109
31109
31109
31110
31110
31110
31110
31111
31111
31111
31111
31111
31111
31136
31136
31137
31137
31137
31137
31137
31138
31138
31139
31139
31139
31139
31139
31139
31140
31141
31141
31141
31142
31142
31142
31143
31168
31168
31168
31168
31169
31169
31169
31169
31169
31169
31170
31170
31170
31170
31170
31171
31171
31171
31171
31171
31172
31172
31172
31172
31172
31172
31173
31173
31173
31173
31173
31173
31173
31174
31174
31174
31174
31174
31174
31175
31175
31175
31175
31200
31200
31200
31200
31200
31200
31200
31201
31202
31203
31203
31204
31204
31204
31204
31204
31204
31205
31205
31205
31205
31205
31205
31205
31206
31206
31207
31207
31232
31232
31232
31232
31233
31233
31233
31233
31233
31233
31234
31235
31235
31235
31235
31236
31236
31236
31236
31237
31237
31237
31237
31237
31238
31238
31238
31238
31238
31238
31238
31239
31239
31239
31239
31239
31239
31239
31264
31264
31265
31265
31265
31265
31265
31265
31265
31266
31266
31266
31267
31267
31267
31268
31268
31269
31270
31270
31270
31270
31270
31270
31270
31271
31271
31271
31271
31271
31296
31296
31296
31297
31297
31297
31297
31297
31297
31297
31298
31298
31298
31299
31299
31300
31300
31301
31301
31301
31301
31302
31302
31302
31302
31302
31302
31302
31303
31303
31303
31303
31328
31328
31328
31328
31328
31328
31328
31329
31329
31329
31329
31330
31330
31330
31330
31330
31330
31330
31331
31331
31331
31331
31331
31331
31331
31332
31332
31333
31333
31333
31333
31333
31333
31334
31335
31335
31360
31360
31360
31360
31360
31360
31360
31361
31361
31362
31362
31363
31363
31364
31364
31364
31364
31364
31364
31365
31365
31365
31365
31366
31366
31366
31367
31367
31392
31392
31392
31392
31392
31393
31393
31393
31393
31393
31393
31394
31394
31395
31395
31396
31396
31396
31396
31396
31397
31397
31398
31398
31398
31398
31398
31398
31399
31399
31399
31399
31399
31399
31399
31424
31424
31424
31424
31424
31424
31424
31425
31425
31425
31425
31425
31425
31426
31426
31426
31426
31426
31426
31427
31427
31427
31428
31428
31429
31429
31429
31430
31431
31431
31431
31431
31431
31431
31456
31456
31456
31457
31457
31458
31458
31458
31459
31459
31459
31459
31459
31459
31460
31461
31461
31461
31461
31461
31462
31462
31462
31463
31488
31488
31488
31489
31489
31489
31489
31489
31489
31490
31490
31490
31490
31490
31490
31491
31491
31492
31492
31492
31492
31492
31492
31493
31494
31494
31494
31494
31494
31494
31495
31495
31495
31495
31520
31520
31520
31520
31520
31521
31521
31521
31521
31521
31521
31522
31522
31522
31522
31522
31522
31523
31523
31524
31524
31524
31525
31526
31526
31526
31526
31526
31526
31526
31527
31527
31527
31527
31552
31552
31552
31552
31552
31552
31552
31553
31553
31553
31553
31554
31554
31554
31554
31554
31555
31555
31555
31556
31556
31556
31557
31557
31557
31557
31557
31557
31558
31558
31558
31558
31558
31559
31559
31559
31559
31584
31584
31584
31585
31585
31585
31585
31586
31586
31586
31586
31586
31586
31586
31587
31587
31587
31588
31589
31589
31590
31590
31590
31591
31591
31591
31591
31591
31591
31591
31616
31616
31616
31616
31616
31617
31618
31618
31618
31618
31618
31618
31618
31619
31619
31619
31620
31620
31620
31621
31621
31622
31622
31622
31622
31623
31623
31623
31623
31623
31623
31648
31648
31648
31648
31648
31648
31648
31649
31649
31649
31649
31649
31649
31649
31650
31650
31650
31650
31650
31650
31650
31651
31651
31651
31651
31651
31652
31652
31652
31652
31653
31653
31653
31653
31653
31654
31654
31654
31654
31654
31654
31654
31655
31655
31655
31655
31655
31655
31680
31681
31681
31682
31682
31682
31683
31683
31683
31683
31684
31684
31684
31684
31684
31684
31684
31685
31685
31686
31686
31686
31686
31686
31687
31687
31687
31712
31713
31713
31713
31713
31713
31714
31714
31714
31714
31714
31714
31714
31715
31715
31715
31715
31715
31715
31715
31716
31716
31717
31717
31718
31718
31718
31719
31719
31719
31719
31719
31719
31744
31744
31744
31744
31744
31744
31744
31745
31745
31746
31746
31746
31746
31747
31747
31747
31748
31748
31748
31748
31748
31748
31749
31749
31749
31749
31749
31749
31749
31750
31750
31751
31751
31751
31751
31751
31751
31751
31776
31776
31776
31776
31776
31776
31777
31777
31777
31777
31778
31778
31779
31779
31780
31780
31780
31780
31780
31781
31781
31781
31781
31781
31781
31781
31782
31782
31782
