34791
34791
34791
34791
34816
34816
34816
34816
34816
34817
34817
34818
34818
34818
34818
34818
34818
34818
34819
34819
34819
34819
34820
34820
34821
34821
34821
34821
34821
34821
34822
34822
34822
34822
34822
34823
34823
34823
34848
34848
34848
34848
34848
34848
34849
34849
34849
34849
34849
34849
34849
34850
34850
34851
34851
34852
34852
34852
34852
34853
34853
34853
34853
34853
34854
34854
34854
34855
34855
34855
34855
34880
34880
34880
34880
34881
34881
34881
34881
34881
34881
34882
34882
34882
34883
34883
34883
34883
34883
34883
34884
34884
34884
34884
34884
34884
34885
34885
34885
34886
34887
34912
34913
34913
34914
34914
34914
34914
34914
34915
34916
34917
34918
34918
34918
34918
34918
34918
34918
34919
34919
34919
34944
34945
34945
34945
34945
34945
34945
34946
34946
34947
34947
34947
34947
34947
34947
34947
34948
34948
34948
34948
34949
34949
34950
34950
34950
34950
34950
34951
34951
34951
34976
34976
34976
34976
34976
34976
34976
34977
34977
34977
34978
34978
34978
34978
34978
34978
34978
34979
34979
34980
34980
34980
34980
34980
34980
34981
34981
34981
34981
34981
34981
34981
34982
34983
35008
35008
35008
35008
35008
35009
35009
35009
35009
35009
35010
35011
35011
35012
35012
35012
35012
35012
35013
35013
35013
35013
35013
35013
35013
35014
35015
35015
35015
35040
35040
35040
35040
35041
35041
35041
35041
35042
35042
35043
35043
35043
35043
35044
35044
35044
35044
35044
35045
35045
35045
35046
35046
35046
35046
35046
35046
35046
35047
35047
35047
35047
35047
35047
35047
35072
35072
35072
35072
35072
35073
35073
35073
35073
35073
35074
35075
35075
35075
35075
35075
35076
35076
35076
35076
35076
35077
35077
35077
35078
35078
35078
35078
35078
35079
35079
35079
35079
35079
35079
35104
35104
35104
35104
35104
35104
35104
35105
35105
35106
35106
35106
35106
35107
35107
35107
35107
35107
35108
35108
35108
35108
35109
35109
35109
35109
35110
35110
35110
35110
35111
35111
35111
35111
35111
35136
35136
35136
35136
35137
35137
35137
35137
35137
35137
35138
35139
35139
35139
35139
35139
35139
35139
35140
35140
35140
35140
35140
35141
35141
35141
35141
35141
35141
35142
35142
35142
35142
35143
35143
35168
35168
35168
35169
35169
35169
35169
35170
35170
35171
35171
35171
35171
35171
35171
35171
35172
35173
35173
35173
35173
35173
35173
35173
35174
35174
35175
35175
35175
35200
35200
35200
35200
35200
35200
35201
35201
35201
35201
35201
35201
35201
35202
35202
35202
35202
35202
35202
35202
35203
35203
35204
35205
35205
35205
35205
35205
35205
35206
35206
35206
35206
35206
35207
35207
35207
35207
35232
35232
35232
35232
35232
35232
35232
35233
35233
35233
35234
35235
35235
35235
35235
35235
35236
35237
35237
35237
35237
35237
35238
35238
35238
35238
35238
35238
35239
35239
35239
35239
35264
35265
35265
35265
35265
35265
35266
35266
35266
35266
35266
35266
35266
35267
35267
35267
35267
35267
35268
35269
35270
35271
35296
35296
35296
35296
35297
35297
35297
35298
35298
35299
35299
35299
35299
35299
35300
35300
35300
35300
35300
35301
35301
35301
35302
35302
35302
35302
35302
35302
35302
35303
35303
35328
35328
35328
35328
35329
35330
35330
35331
35332
35333
35333
35334
35334
35335
35335
35335
35335
35335
35360
35360
35360
35360
35360
35360
35360
35361
35361
35361
35361
35361
35362
35362
35363
35364
35364
35364
35364
35364
35364
35364
35365
35365
35365
35366
35366
35366
35366
35366
35366
35367
35367
35392
35392
35393
35394
35394
35394
35395
35395
35395
35396
35396
35396
35396
35396
35397
35397
35397
35398
35398
35398
35398
35398
35399
35399
35399
35424
35424
35424
35424
35424
35424
35424
35425
35425
35425
35425
35425
35425
35425
35426
35426
35426
35427
35427
35427
35427
35428
35428
35428
35429
35429
35430
35430
35430
35430
35430
35430
35431
35431
35431
35456
35456
35456
35456
35456
35456
35457
35457
35457
35457
35457
35457
35458
35459
35459
35459
35460
35460
35460
35460
35460
35460
35460
35461
35461
35461
35461
35462
35462
35462
35462
35462
35463
35463
35463
35463
35488
35488
35488
35488
35488
35488
35489
35489
35489
35489
35489
35489
35489
35490
35490
35490
35490
35490
35491
35492
35492
35492
35492
35492
35492
35493
35494
35494
35494
35494
35495
35495
35495
35520
35521
35521
35521
35521
35522
35522
35523
35524
35524
35525
35525
35525
35525
35526
35526
35527
35527
35552
35552
35552
35552
35552
35553
35554
35554
35555
35555
35555
35555
35556
35556
35556
35556
35556
35556
35556
35557
35557
35557
35557
35557
35558
35558
35558
35559
35584
35584
35584
35585
35585
35585
35585
35585
35586
35586
35586
35586
35586
35586
35586
35587
35587
35587
35587
35587
35588
35588
35588
35588
35589
35589
35589
35589
35589
35589
35590
35590
35590
35590
35590
35590
35590
35591
35591
35591
35591
35591
35591
35591
35616
35617
35618
35618
35618
35618
35618
35619
35619
35619
35619
35619
35619
35620
35620
35620
35620
35621
35621
35622
35622
35623
35623
35623
35623
35648
35648
35648
35649
35649
35649
35649
35649
35649
35650
35650
35650
35650
35650
35650
35650
35651
35651
35651
35651
35651
35651
35651
35652
35652
35652
35652
35652
35652
35652
35653
35653
35654
35654
35654
35655
35680
35680
35681
35681
35682
35682
35682
35682
35682
35682
35682
35683
35683
35683
35683
35684
35684
35684
35684
35685
35686
35686
35686
35687
35687
35687
35687
35712
35712
35712
35712
35712
35713
35714
35714
35714
35714
35714
35714
35714
35715
35715
35715
35715
35715
35716
35717
35718
35718
35718
35718
35718
35718
35718
35719
35719
35719
35744
35744
35744
35744
35745
35745
35745
35745
35745
35746
35746
35747
35747
35747
35748
35748
35748
35748
35748
35749
35750
35750
35750
35750
35750
35751
35751
35751
35751
35751
35751
35776
35776
35776
35776
35776
35776
35777
35777
35777
35777
35778
35778
35778
35779
35780
35780
35780
35780
35781
35781
35781
35781
35781
35781
35782
35782
35782
35783
35783
35783
35783
35783
35808
35808
35808
35808
35809
35810
35810
35810
35810
35810
35811
35811
35811
35811
35811
35811
35812
35812
35812
35812
35812
35812
35812
35813
35813
35813
35813
35813
35813
35813
35814
35814
35814
35814
35814
35814
35815
35815
35815
35840
35840
