200611
200611
200612
200612
200612
200613
200613
200613
200613
200613
200613
200613
200614
200614
200615
200615
200615
200615
200640
200640
200640
200640
200640
200641
200641
200641
200641
200642
200642
200642
200642
200642
200643
200643
200643
200644
200644
200644
200644
200644
200644
200644
200645
200645
200645
200645
200645
200645
200645
200646
200646
200646
200646
200646
200646
200647
200647
200647
200647
200647
200647
200647
200672
200672
200672
200672
200672
200672
200672
200673
200673
200673
200673
200673
200673
200673
200674
200674
200674
200675
200675
200675
200675
200675
200675
200675
200676
200677
200677
200677
200677
200678
200678
200678
200679
200679
200679
200704
200704
200704
200704
200704
200704
200704
200705
200705
200706
200706
200707
200707
200707
200707
200707
200707
200707
200708
200708
200708
200708
200709
200709
200709
200709
200709
200709
200709
200710
200710
200710
200710
200710
200711
200736
200736
200736
200736
200736
200736
200737
200738
200738
200738
200739
200739
200740
200740
200740
200741
200741
200741
200742
200743
200743
200768
200769
200769
200769
200769
200769
200769
200769
200770
200770
200770
200770
200771
200771
200771
200771
200771
200771
200771
200772
200772
200773
200774
200774
200774
200774
200774
200774
200775
200775
200775
200775
200775
200800
200801
200801
200801
200801
200801
200801
200801
200802
200802
200802
200803
200803
200803
200804
200805
200805
200805
200806
200807
200807
200807
200807
200807
200807
200832
200832
200832
200832
200832
200833
200833
200833
200834
200835
200835
200836
200836
200837
200837
200837
200838
200839
200864
200864
200864
200864
200865
200865
200865
200865
200866
200866
200866
200866
200866
200867
200868
200868
200869
200869
200870
200870
200870
200870
200871
200871
200896
200896
200896
200896
200896
200896
200897
200897
200897
200897
200898
200899
200899
200899
200900
200900
200900
200900
200900
200901
200901
200901
200901
200901
200901
200901
200902
200902
200902
200902
200902
200902
200903
200903
200903
200903
200928
200928
200928
200929
200929
200930
200930
200931
200931
200931
200932
200933
200933
200933
200933
200934
200934
200934
200934
200934
200935
200935
200935
200935
200935
200960
200960
200961
200961
200961
200961
200961
200961
200961
200962
200962
200962
200962
200963
200963
200963
200963
200963
200964
200965
200965
200965
200965
200965
200966
200967
200967
200967
200992
200992
200992
200992
200993
200994
200994
200994
200995
200996
200996
200996
200996
200997
200997
200997
200998
200998
200998
200998
200998
200998
200998
200999
200999
200999
200999
200999
200999
200999
201024
201024
201024
201025
201025
201025
201025
201025
201025
201025
201026
201027
201027
201027
201027
201027
201028
201028
201028
201028
201029
201029
201029
201029
201029
201029
201030
201031
201031
201031
201031
201056
201056
201056
201057
201057
201057
201057
201058
201058
201058
201059
201060
201060
201060
201060
201060
201060
201060
201061
201061
201061
201062
201062
201062
201063
201088
201088
201088
201088
201088
201088
201089
201090
201090
201090
201090
201091
201091
201092
201092
201092
201092
201092
201092
201093
201093
201093
201093
201093
201093
201094
201094
201095
201095
201095
201095
201120
201120
201120
201120
201120
201120
201121
201121
201121
201122
201122
201122
201122
201122
201122
201123
201124
201124
201124
201125
201125
201125
201125
201125
201125
201126
201126
201126
201126
201126
201126
201126
201127
201127
201127
201152
201153
201153
201153
201153
201153
201154
201155
201155
201155
201155
201155
201156
201156
201156
201156
201156
201156
201156
201157
201157
201157
201157
201157
201158
201159
201159
201159
201159
201159
201159
201159
201184
201184
201184
201185
201185
201185
201185
201185
201185
201186
201186
201187
201187
201187
201187
201187
201187
201187
201188
201188
201188
201188
201189
201189
201189
201189
201189
201189
201190
201190
201190
201191
201216
201216
201216
201216
201216
201216
201216
201217
201217
201217
201217
201217
201217
201218
201218
201218
201219
201219
201219
201219
201219
201220
201220
201220
201220
201220
201221
201221
201221
201221
201221
201221
201222
201222
201222
201222
201222
201223
201223
201223
201223
201223
201223
201248
201248
201248
201248
201248
201248
201249
201249
201249
201249
201249
201249
201250
201250
201250
201250
201250
201250
201250
201251
201251
201251
201251
201251
201251
201251
201252
201252
201253
201253
201253
201254
201254
201254
201254
201254
201254
201254
201255
201280
201281
201282
201282
201282
201282
201282
201282
201282
201283
201284
201284
201284
201284
201284
201284
201285
201286
201286
201286
201286
201286
201286
201286
201287
201287
201287
201287
201312
201312
201312
201312
201312
201312
201313
201313
201313
201313
201313
201314
201315
201315
201316
201316
201316
201316
201317
201318
201318
201318
201319
201319
201344
201344
201344
201345
201345
201345
201345
201345
201346
201346
201346
201346
201346
201347
201348
201348
201349
201349
201349
201350
201350
201350
201350
201351
201351
201351
201351
201376
201376
201376
201376
201376
201377
201378
201378
201378
201378
201378
201378
201378
201379
201379
201379
201379
201379
201380
201381
201381
201381
201381
201382
201382
201382
201382
201383
201383
201383
201383
201383
201383
201408
201408
201408
201408
201409
201409
201409
201409
201409
201409
201410
201411
201411
201411
201411
201411
201411
201412
201412
201412
201413
201413
201413
201413
201413
201413
201413
201414
201414
201414
201414
201414
201415
201415
201415
201415
201415
201415
201415
201440
201440
201440
201440
201440
201440
201441
201441
201441
201441
201441
201441
201441
201442
201442
201442
201442
201443
201443
201443
201443
201444
201444
201444
201444
201444
201444
201445
201445
201445
201446
201446
201446
201446
201447
201447
201447
201472
201472
201472
201473
201473
201473
201474
201474
201474
201474
201474
201474
201475
201475
201475
201475
201475
201475
201475
201476
201476
201476
201476
201477
201477
201477
201477
201478
201478
201478
201478
201478
201479
201479
201479
201479
201479
201504
201504
201504
201504
201504
201505
201505
201505
201505
201505
201506
201506
201506
201506
201507
201507
201507
201507
201508
201508
201508
201508
201508
201509
201509
201509
201509
201509
201509
201510
201510
201510
201510
201510
201511
201511
201536
201536
201536
201536
201536
201536
201537
201538
201538
201538
201538
201538
201538
201538
201539
201539
201539
201539
201539
201539
201539
201540
201540
201540
201540
201540
201540
201540
201541
201541
201541
201541
201541
201542
201542
201542
201543
201543
201543
201543
201543
201568
201568
201568
201568
201568
201568
201569
201569
201569
201569
201570
201570
201570
201570
201570
201571
201572
201572
201572
201572
201572
201573
201573
201573
201573
201573
201573
201574
201574
201575
201575
201600
201600
201600
201600
201600
201600
201601
201601
201601
201601
201601
201601
201601
201602
201602
201602
201602
201602
201602
201603
201603
201603
201603
201603
201604
201604
201604
