66885
66885
66885
66885
66886
66887
66887
66887
66912
66912
66912
66912
66912
66913
66913
66913
66913
66913
66913
66914
66914
66914
66914
66915
66915
66915
66915
66915
66915
66916
66916
66916
66916
66916
66917
66917
66917
66918
66918
66918
66918
66918
66919
66919
66919
66944
66944
66944
66944
66944
66944
66945
66945
66945
66946
66946
66946
66947
66947
66948
66948
66948
66948
66949
66950
66950
66950
66950
66951
66951
66951
66951
66951
66951
66951
66976
66976
66976
66976
66976
66976
66977
66977
66977
66977
66977
66977
66978
66978
66978
66978
66978
66979
66979
66979
66979
66979
66980
66980
66980
66980
66980
66980
66980
66981
66981
66981
66981
66981
66981
66982
66982
66982
66982
66983
67008
67008
67009
67009
67009
67009
67010
67010
67010
67010
67010
67010
67011
67011
67011
67011
67012
67012
67013
67013
67013
67013
67013
67013
67014
67015
67015
67015
67015
67015
67015
67040
67040
67040
67041
67041
67041
67041
67041
67041
67041
67042
67042
67042
67042
67042
67042
67042
67043
67043
67043
67043
67043
67044
67044
67044
67044
67045
67045
67045
67045
67045
67046
67046
67046
67046
67046
67046
67046
67047
67072
67072
67072
67072
67072
67072
67073
67073
67074
67074
67074
67074
67074
67074
67075
67075
67076
67076
67076
67076
67076
67076
67076
67077
67077
67077
67077
67077
67078
67078
67078
67078
67078
67078
67078
67079
67104
67104
67104
67104
67105
67105
67105
67105
67105
67105
67105
67106
67106
67106
67106
67106
67106
67107
67107
67107
67107
67107
67107
67107
67108
67108
67108
67108
67108
67108
67109
67109
67109
67110
67110
67110
67110
67110
67110
67110
67111
67111
67111
67111
67111
67111
67111
67136
67136
67137
67137
67138
67138
67138
67138
67138
67138
67139
67139
67139
67139
67139
67139
67139
67140
67141
67141
67141
67141
67141
67142
67142
67142
67142
67142
67143
67143
67143
67143
67143
67143
67168
67168
67168
67168
67169
67169
67169
67169
67170
67170
67170
67170
67170
67170
67171
67171
67171
67171
67171
67171
67171
67172
67172
67172
67172
67173
67173
67173
67173
67173
67174
67174
67174
67175
67175
67175
67175
67175
67200
67200
67200
67200
67200
67200
67201
67201
67202
67202
67202
67202
67202
67202
67203
67203
67203
67203
67203
67203
67204
67205
67205
67205
67205
67206
67206
67207
67207
67207
67207
67207
67232
67232
67232
67232
67232
67232
67232
67233
67233
67233
67233
67233
67233
67233
67234
67234
67234
67234
67234
67234
67235
67235
67235
67236
67236
67236
67237
67238
67238
67238
67238
67238
67238
67239
67239
67239
67239
67239
67239
67239
67264
67264
67264
67264
67264
67265
67265
67265
67265
67265
67266
67266
67266
67266
67266
67267
67267
67267
67268
67269
67269
67269
67269
67269
67270
67270
67270
67270
67270
67271
67271
67271
67296
67296
67296
67296
67297
67297
67297
67297
67298
67298
67298
67298
67298
67298
67298
67299
67299
67299
67299
67299
67299
67300
67300
67300
67301
67301
67302
67303
67303
67303
67303
67328
67328
67328
67328
67328
67328
67328
67329
67330
67330
67331
67331
67331
67332
67332
67333
67333
67333
67333
67333
67334
67334
67334
67335
67335
67335
67360
67360
67360
67360
67360
67360
67360
67361
67361
67361
67361
67361
67361
67362
67362
67362
67362
67363
67363
67363
67364
67364
67364
67364
67364
67365
67366
67366
67366
67366
67366
67367
67367
67367
67367
67392
67392
67392
67392
67393
67393
67393
67393
67394
67394
67394
67395
67395
67395
67396
67396
67396
67396
67396
67396
67396
67397
67397
67397
67397
67397
67398
67398
67399
67399
67399
67424
67424
67424
67424
67424
67424
67425
67425
67426
67426
67426
67426
67426
67426
67426
67427
67427
67428
67428
67428
67429
67430
67430
67431
67431
67431
67431
67431
67456
67457
67457
67457
67457
67457
67458
67458
67459
67459
67459
67460
67460
67460
67460
67461
67461
67461
67461
67461
67461
67461
67462
67462
67462
67462
67463
67463
67488
67488
67488
67488
67488
67488
67489
67489
67489
67489
67489
67489
67490
67490
67490
67491
67491
67491
67491
67492
67492
67493
67493
67493
67493
67493
67494
67494
67494
67494
67494
67494
67494
67495
67495
67495
67495
67495
67495
67520
67520
67520
67520
67521
67521
67521
67521
67521
67522
67522
67522
67522
67522
67522
67523
67524
67524
67524
67524
67524
67524
67525
67526
67527
67527
67552
67553
67553
67553
67553
67553
67554
67554
67554
67554
67554
67554
67554
67555
67556
67556
67557
67557
67557
67558
67558
67558
67558
67558
67558
67558
67559
67559
67559
67584
67584
67584
67584
67584
67584
67585
67585
67585
67585
67585
67586
67586
67587
67587
67587
67587
67587
67587
67587
67588
67589
67589
67589
67589
67590
67590
67590
67591
67591
67591
67591
67591
67616
67616
67616
67616
67617
67617
67617
67617
67618
67618
67618
67619
67619
67619
67619
67620
67620
67620
67620
67620
67620
67621
67621
67621
67621
67622
67623
67623
67648
67648
67648
67648
67648
67648
67648
67649
67649
67649
67649
67649
67649
67650
67650
67650
67650
67650
67650
67651
67651
67651
67651
67652
67652
67652
67652
67652
67653
67653
67654
67654
67654
67654
67654
67654
67654
67655
67655
67655
67655
67655
67680
67680
67680
67680
67680
67680
67680
67681
67681
67681
67681
67681
67681
67681
67682
67682
67682
67682
67683
67683
67683
67683
67683
67683
67683
67684
67684
67685
67685
67686
67687
67687
67687
67712
67712
67712
67712
67712
67712
67713
67714
67715
67715
67715
67716
67717
67717
67718
67718
67718
67718
67718
67718
67719
67719
67719
67719
67719
67719
67744
67744
67745
67745
67746
67746
67746
67746
67746
67747
67747
67747
67748
67748
67748
67748
67749
67749
67749
67749
67749
67750
67750
67750
67750
67750
67750
67751
67751
67751
67776
67776
67776
67776
67776
67776
67776
67777
67777
67777
67778
67778
67778
67779
67779
67779
67780
67780
67780
67780
67780
67780
67780
67781
67781
67781
67781
67781
67781
67781
67782
67782
67782
67782
67782
67783
67783
67783
67783
67808
67808
67808
67808
67808
67808
67809
67810
67810
67810
67810
67810
67810
67810
67811
67811
67812
67812
67812
67812
67812
67813
67813
67813
67813
67813
67813
67814
67815
67815
67815
67840
67840
67841
67841
67842
67842
67842
67842
67842
67842
67843
67843
67843
67843
67843
67843
67843
67844
67845
67845
67845
