101569
101569
101569
101569
101569
101570
101571
101572
101572
101572
101573
101573
101573
101573
101573
101573
101574
101574
101574
101574
101575
101575
101575
101600
101600
101601
101601
101602
101602
101602
101602
101602
101603
101603
101603
101603
101604
101604
101605
101605
101605
101605
101605
101606
101606
101606
101606
101607
101607
101607
101607
101607
101607
101607
101632
101632
101632
101632
101632
101633
101633
101633
101633
101633
101634
101634
101634
101635
101635
101635
101635
101635
101635
101635
101636
101636
101637
101637
101637
101637
101637
101637
101637
101638
101638
101639
101639
101639
101639
101639
101639
101664
101664
101664
101664
101665
101665
101665
101665
101665
101665
101666
101666
101666
101666
101666
101666
101666
101667
101667
101667
101668
101668
101668
101668
101668
101668
101669
101669
101669
101669
101669
101669
101670
101670
101670
101671
101671
101671
101671
101671
101671
101696
101696
101696
101696
101697
101697
101697
101697
101697
101697
101697
101698
101698
101699
101699
101699
101699
101699
101699
101700
101700
101700
101700
101700
101700
101700
101701
101701
101701
101701
101701
101702
101702
101702
101702
101703
101703
101703
101728
101729
101729
101729
101729
101729
101729
101730
101731
101731
101731
101732
101732
101732
101732
101732
101732
101733
101734
101734
101734
101734
101734
101735
101735
101760
101760
101760
101760
101760
101760
101761
101761
101761
101761
101761
101761
101762
101762
101762
101762
101762
101763
101763
101763
101763
101763
101764
101764
101764
101764
101765
101765
101766
101767
101767
101767
101792
101792
101792
101793
101793
101793
101794
101794
101794
101795
101795
101795
101795
101796
101797
101797
101797
101798
101798
101798
101798
101798
101798
101799
101799
101799
101799
101799
101799
101799
101824
101824
101824
101824
101824
101825
101826
101826
101826
101826
101826
101826
101826
101827
101827
101827
101828
101828
101828
101828
101828
101828
101828
101829
101829
101830
101830
101831
101831
101831
101831
101856
101856
101856
101857
101858
101858
101859
101859
101859
101859
101859
101859
101860
101860
101861
101861
101861
101861
101861
101861
101861
101862
101862
101863
101888
101889
101889
101889
101889
101889
101889
101889
101890
101890
101890
101890
101890
101890
101890
101891
101891
101891
101891
101892
101892
101893
101893
101893
101893
101894
101894
101894
101894
101894
101895
101895
101895
101920
101920
101920
101920
101920
101921
101921
101921
101921
101921
101922
101923
101923
101924
101925
101925
101925
101925
101926
101926
101926
101926
101927
101927
101927
101927
101927
101927
101952
101952
101952
101953
101953
101953
101953
101953
101954
101954
101954
101954
101954
101954
101955
101955
101955
101956
101956
101957
101957
101958
101958
101959
101959
101959
101959
101959
101959
101984
101984
101984
101984
101984
101984
101984
101985
101985
101985
101985
101985
101985
101985
101986
101986
101986
101986
101986
101986
101987
101987
101987
101987
101987
101987
101988
101988
101988
101989
101989
101989
101990
101990
101990
101990
101990
101990
101990
101991
101991
101991
101991
101991
101991
101991
102016
102016
102016
102016
102016
102016
102017
102017
102018
102018
102018
102018
102018
102018
102019
102019
102019
102019
102019
102020
102020
102020
102020
102020
102020
102020
102021
102021
102021
102022
102022
102022
102022
102023
102048
102048
102049
102049
102049
102049
102049
102050
102050
102050
102051
102051
102051
102051
102052
102052
102052
102052
102052
102052
102053
102053
102053
102053
102054
102054
102054
102054
102055
102055
102055
102055
102055
102055
102055
102080
102081
102081
102081
102081
102081
102081
102082
102082
102082
102083
102083
102084
102084
102084
102084
102084
102085
102085
102085
102086
102086
102087
102112
102113
102113
102113
102113
102113
102113
102114
102115
102116
102116
102116
102117
102117
102117
102118
102118
102118
102119
102119
102119
102119
102119
102119
102144
102144
102144
102144
102145
102145
102145
102145
102145
102145
102146
102146
102146
102146
102146
102147
102147
102147
102147
102147
102147
102147
102148
102148
102148
102148
102148
102149
102149
102150
102150
102150
102150
102151
102151
102151
102176
102176
102176
102177
102177
102177
102177
102177
102177
102177
102178
102178
102178
102178
102179
102179
102179
102179
102179
102179
102180
102180
102180
102180
102180
102180
102181
102181
102182
102182
102182
102182
102182
102182
102183
102208
102208
102208
102208
102208
102209
102209
102210
102210
102211
102211
102211
102211
102211
102212
102212
102212
102212
102212
102212
102213
102213
102213
102213
102214
102214
102215
102215
102215
102215
102215
102215
102240
102240
102240
102240
102240
102240
102240
102241
102241
102241
102241
102241
102241
102241
102242
102242
102242
102243
102243
102243
102243
102243
102243
102243
102244
102244
102245
102245
102245
102245
102246
102246
102246
102246
102246
102247
102247
102272
102272
102272
102272
102272
102272
102273
102273
102273
102273
102273
102273
102273
102274
102275
102275
102276
102276
102276
102276
102277
102277
102278
102279
102304
102305
102305
102306
102306
102307
102307
102307
102307
102307
102307
102308
102308
102308
102308
102308
102308
102308
102309
102309
102309
102310
102310
102310
102310
102311
102311
102311
102336
102337
102337
102337
102337
102337
102337
102337
102338
102338
102339
102339
102339
102339
102340
102340
102340
102340
102340
102341
102341
102341
102342
102342
102342
102342
102342
102342
102343
102343
102343
102343
102343
102343
102368
102368
102368
102368
102368
102368
102368
102369
102369
102369
102369
102369
102369
102370
102370
102370
102370
102370
102370
102370
102371
102371
102371
102371
102371
102371
102372
102372
102372
102372
102372
102372
102372
102373
102373
102374
102374
102374
102374
102374
102375
102375
102375
102375
102375
102375
102400
102400
102400
102400
102400
102401
102401
102401
102401
102401
102401
102402
102402
102402
102403
102404
102404
102405
102405
102406
102406
102406
102406
102406
102406
102406
102407
102432
102432
102432
102432
102432
102432
102433
102433
102433
102433
102433
102433
102434
102434
102434
102435
102435
102435
102435
102435
102436
102436
102436
102436
102437
102437
102437
102437
102437
102438
102438
102439
102464
102464
102464
102464
102465
102465
102465
102465
102465
102465
102466
102466
102466
102466
102466
102466
102466
102467
102467
102467
102467
102467
102467
102467
102468
102468
102468
102468
102469
102469
102470
102470
102471
102471
102471
102471
102496
102497
102498
102498
102498
102499
102499
102499
102499
102499
102499
102500
102501
102501
102501
102501
102502
102503
102503
102503
102503
102503
102503
102528
102528
102529
102529
102529
102529
102529
102530
102530
102530
102530
102530
102531
102531
102532
102532
102532
102532
102532
102533
102533
102533
102533
102533
102533
102533
102534
102534
102534
102535
102535
102535
102535
102560
102560
102560
102560
102560
102561
102561
102561
102561
102561
102561
102562
102562
