116454
116454
116454
116454
116454
116454
116455
116480
116480
116480
116480
116480
116481
116481
116481
116481
116481
116482
116482
116482
116483
116483
116483
116483
116484
116484
116484
116484
116484
116484
116484
116485
116485
116485
116486
116486
116486
116486
116486
116487
116487
116487
116487
116487
116487
116487
116512
116512
116512
116512
116512
116512
116513
116513
116513
116513
116513
116514
116514
116515
116515
116515
116515
116515
116515
116515
116516
116516
116516
116516
116516
116516
116516
116517
116518
116518
116519
116519
116519
116519
116544
116545
116545
116545
116545
116545
116545
116545
116546
116546
116546
116546
116546
116546
116547
116547
116547
116547
116547
116547
116547
116548
116548
116548
116549
116549
116549
116550
116550
116551
116551
116551
116551
116551
116576
116576
116577
116577
116577
116578
116578
116579
116580
116580
116580
116580
116580
116580
116580
116581
116581
116581
116581
116581
116582
116583
116583
116583
116583
116583
116583
116583
116608
116608
116608
116609
116609
116609
116609
116609
116609
116610
116610
116610
116610
116610
116610
116610
116611
116611
116611
116611
116611
116611
116611
116612
116612
116613
116613
116613
116614
116614
116614
116614
116614
116615
116615
116615
116615
116640
116640
116640
116640
116640
116640
116641
116641
116642
116642
116642
116642
116643
116643
116643
116643
116643
116643
116643
116644
116644
116644
116644
116645
116646
116646
116647
116647
116647
116647
116647
116647
116672
116672
116672
116673
116674
116674
116674
116674
116674
116674
116675
116675
116675
116675
116675
116675
116675
116676
116676
116676
116676
116677
116677
116677
116677
116677
116677
116678
116678
116678
116679
116679
116679
116679
116679
116679
116704
116704
116704
116704
116705
116705
116706
116706
116706
116706
116706
116706
116707
116707
116707
116707
116707
116708
116708
116708
116708
116708
116708
116709
116710
116710
116710
116710
116710
116710
116710
116711
116711
116711
116711
116711
116711
116711
116736
116736
116736
116736
116736
116737
116737
116737
116737
116738
116738
116738
116738
116739
116739
116739
116739
116739
116740
116740
116740
116740
116740
116740
116740
116741
116741
116741
116741
116742
116742
116743
116743
116743
116743
116743
116743
116743
116768
116768
116769
116769
116770
116770
116770
116770
116770
116770
116771
116771
116771
116772
116772
116772
116773
116773
116773
116773
116773
116773
116773
116774
116774
116774
116775
116775
116775
116800
116800
116801
116801
116802
116802
116803
116803
116803
116803
116803
116804
116804
116804
116804
116805
116805
116805
116805
116805
116805
116806
116806
116806
116806
116806
116806
116806
116807
116807
116807
116807
116832
116832
116832
116832
116832
116832
116833
116833
116833
116834
116834
116834
116834
116834
116834
116834
116835
116835
116835
116835
116835
116836
116836
116836
116837
116837
116838
116838
116838
116839
116839
116839
116864
116864
116864
116864
116865
116865
116866
116866
116866
116866
116867
116867
116867
116868
116868
116868
116868
116868
116868
116869
116869
116869
116869
116869
116869
116869
116870
116870
116870
116870
116871
116871
116871
116871
116871
116871
116871
116896
116896
116896
116896
116896
116896
116896
116897
116897
116897
116897
116897
116897
116897
116898
116898
116899
116899
116900
116900
116900
116900
116900
116900
116900
116901
116901
116902
116902
116902
116902
116902
116902
116902
116903
116928
116928
116928
116928
116928
116928
116929
116929
116930
116931
116931
116932
116932
116933
116933
116933
116933
116933
116933
116933
116934
116934
116934
116934
116934
116934
116935
116960
116960
116960
116961
116961
116961
116961
116961
116961
116961
116962
116962
116962
116963
116963
116963
116963
116963
116964
116964
116964
116964
116964
116964
116964
116965
116965
116965
116965
116965
116965
116965
116966
116966
116966
116966
116966
116967
116967
116967
116967
116967
116967
116992
116992
116993
116993
116993
116993
116994
116994
116994
116994
116994
116994
116994
116995
116995
116995
116995
116995
116996
116996
116996
116996
116997
116997
116997
116997
116998
116998
116998
116998
116998
116998
116999
117024
117024
117024
117025
117026
117026
117027
117027
117027
117027
117027
117027
117028
117029
117029
117030
117030
117030
117030
117030
117031
117031
117031
117056
117056
117056
117057
117057
117057
117058
117058
117058
117058
117059
117059
117059
117059
117059
117059
117059
117060
117060
117061
117062
117062
117063
117088
117088
117089
117089
117089
117089
117089
117089
117089
117090
117090
117090
117091
117091
117091
117091
117091
117092
117092
117092
117093
117093
117093
117094
117095
117095
117095
117095
117095
117095
117095
117120
117121
117121
117121
117121
117122
117122
117123
117123
117123
117124
117124
117125
117125
117125
117125
117125
117125
117126
117126
117126
117127
117127
117127
117127
117127
117152
117152
117152
117152
117152
117152
117152
117153
117153
117153
117153
117153
117153
117154
117154
117154
117154
117154
117154
117154
117155
117156
117156
117156
117156
117156
117157
117158
117158
117158
117158
117158
117158
117158
117159
117159
117184
117184
117184
117184
117184
117184
117184
117185
117185
117186
117186
117186
117187
117187
117188
117188
117188
117188
117188
117188
117188
117189
117189
117189
117189
117189
117189
117189
117190
117191
117191
117191
117191
117191
117216
117216
117216
117216
117217
117217
117217
117217
117218
117218
117218
117218
117218
117219
117219
117219
117219
117219
117219
117220
117220
117220
117220
117220
117221
117221
117221
117221
117221
117221
117222
117223
117223
117223
117223
117223
117248
117249
117250
117250
117250
117250
117250
117250
117251
117251
117251
117251
117252
117252
117252
117252
117252
117252
117253
117253
117253
117253
117254
117254
117254
117254
117254
117254
117254
117255
117255
117255
117255
117255
117280
117281
117281
117281
117281
117282
117282
117282
117283
117284
117284
117284
117285
117286
117286
117286
117286
117286
117286
117287
117287
117312
117312
117312
117312
117313
117313
117313
117313
117313
117313
117314
117314
117314
117315
117315
117315
117315
117316
117316
117316
117316
117316
117316
117316
117317
117317
117318
117318
117318
117318
117319
117319
117319
117319
117344
117344
117344
117345
117346
117346
117346
117346
117347
117347
117347
117348
117349
117349
117349
117350
117350
117351
117376
117377
117377
117377
117377
117377
117377
117378
117378
117378
117379
117379
117379
117379
117379
117379
117380
117380
117380
117381
117381
117381
117381
117381
117381
117382
117382
117383
117383
117383
117383
117383
117383
117383
117408
117408
117408
117409
117409
117409
117409
117409
117410
117411
117411
117411
117411
117412
117412
117412
117412
117413
117413
117413
117413
117413
117413
117413
117414
117414
117414
117414
117414
117415
117415
117415
117415
117440
117440
117440
117440
117440
117440
117440
117441
117441
117441
117441
117441
117442
117442
117443
117443
117443
117443
117443
117443
117443
117444
117444
117444
117444
117444
