49798
49798
49798
49799
49799
49799
49799
49799
49799
49824
49824
49824
49824
49825
49826
49826
49826
49826
49827
49827
49828
49828
49828
49828
49828
49829
49829
49829
49829
49830
49830
49830
49830
49830
49831
49831
49831
49856
49857
49857
49857
49857
49858
49858
49858
49859
49859
49859
49859
49859
49859
49860
49860
49860
49860
49860
49860
49861
49861
49861
49861
49861
49861
49861
49862
49862
49862
49862
49862
49863
49863
49863
49863
49863
49863
49888
49888
49889
49889
49889
49890
49890
49890
49891
49891
49891
49891
49891
49891
49892
49893
49894
49894
49894
49894
49894
49894
49895
49920
49920
49920
49920
49920
49920
49920
49921
49921
49921
49921
49921
49921
49921
49922
49923
49923
49924
49924
49924
49924
49924
49925
49925
49925
49926
49926
49927
49927
49927
49927
49952
49952
49952
49953
49953
49953
49953
49953
49953
49954
49954
49955
49955
49955
49956
49956
49957
49957
49958
49958
49958
49958
49959
49959
49959
49959
49959
49959
49984
49984
49984
49984
49984
49984
49985
49986
49986
49986
49986
49986
49987
49987
49987
49987
49987
49987
49987
49988
49988
49988
49988
49988
49988
49989
49989
49989
49990
49991
49991
49991
49991
49991
49991
50016
50016
50016
50016
50016
50016
50016
50017
50017
50017
50017
50017
50017
50018
50018
50018
50018
50018
50018
50018
50019
50020
50020
50020
50020
50020
50021
50021
50022
50022
50022
50022
50022
50022
50023
50023
50023
50023
50023
50023
50048
50048
50048
50048
50048
50049
50049
50049
50049
50049
50050
50050
50050
50050
50050
50050
50051
50051
50051
50051
50051
50051
50051
50052
50052
50052
50052
50052
50052
50052
50053
50053
50053
50054
50054
50055
50055
50055
50055
50055
50080
50080
50080
50080
50080
50081
50081
50081
50081
50082
50083
50083
50083
50083
50084
50084
50084
50084
50084
50084
50084
50085
50086
50086
50086
50087
50087
50087
50087
50087
50112
50113
50113
50113
50113
50113
50113
50113
50114
50114
50114
50114
50114
50114
50115
50115
50115
50115
50115
50116
50116
50116
50117
50117
50118
50118
50118
50118
50118
50118
50119
50119
50144
50144
50144
50144
50145
50145
50145
50145
50145
50145
50145
50146
50146
50146
50146
50146
50147
50147
50147
50147
50147
50148
50148
50148
50148
50148
50148
50149
50149
50149
50150
50150
50150
50150
50150
50150
50150
50151
50151
50151
50151
50151
50176
50176
50176
50176
50177
50177
50177
50177
50177
50177
50178
50179
50179
50179
50179
50180
50180
50180
50180
50181
50181
50181
50181
50181
50181
50182
50182
50182
50183
50183
50183
50183
50183
50183
50208
50208
50208
50208
50208
50209
50209
50209
50209
50209
50209
50209
50210
50210
50210
50210
50210
50210
50210
50211
50211
50211
50211
50212
50212
50212
50212
50213
50213
50213
50213
50213
50213
50213
50214
50214
50214
50214
50214
50214
50214
50215
50240
50241
50241
50241
50241
50241
50241
50241
50242
50242
50242
50242
50242
50242
50242
50243
50244
50245
50245
50245
50245
50245
50246
50246
50246
50246
50247
50247
50247
50247
50272
50272
50272
50272
50273
50274
50274
50274
50274
50274
50275
50275
50275
50275
50275
50275
50276
50276
50276
50277
50277
50277
50277
50278
50278
50278
50279
50279
50304
50304
50304
50305
50305
50306
50306
50306
50307
50307
50307
50307
50307
50307
50307
50308
50308
50308
50308
50308
50308
50308
50309
50309
50309
50310
50310
50310
50310
50310
50310
50310
50311
50311
50311
50311
50311
50311
50336
50336
50336
50337
50337
50337
50337
50337
50337
50338
50338
50339
50339
50339
50340
50340
50340
50340
50340
50340
50340
50341
50342
50342
50342
50342
50342
50342
50343
50343
50343
50368
50369
50369
50369
50369
50369
50369
50370
50370
50371
50371
50371
50371
50371
50372
50372
50373
50373
50373
50373
50373
50373
50373
50374
50374
50374
50375
50375
50375
50375
50375
50400
50400
50401
50402
50402
50402
50402
50402
50403
50403
50403
50403
50403
50404
50404
50404
50404
50404
50405
50405
50405
50405
50405
50405
50406
50406
50407
50432
50432
50432
50432
50432
50432
50433
50433
50433
50433
50433
50433
50434
50434
50435
50435
50435
50436
50437
50437
50437
50437
50437
50438
50439
50439
50439
50439
50439
50439
50439
50464
50465
50465
50465
50465
50465
50466
50466
50466
50467
50467
50467
50467
50467
50468
50468
50469
50469
50469
50469
50469
50470
50470
50470
50470
50470
50470
50471
50496
50496
50496
50497
50497
50497
50498
50498
50498
50499
50499
50499
50499
50499
50499
50500
50500
50500
50500
50500
50500
50501
50501
50501
50501
50502
50503
50503
50503
50503
50503
50503
50528
50528
50528
50528
50528
50528
50529
50529
50530
50530
50531
50531
50531
50531
50531
50531
50532
50532
50532
50532
50532
50532
50532
50533
50533
50533
50533
50534
50534
50535
50535
50560
50560
50560
50560
50560
50561
50561
50561
50562
50562
50563
50563
50563
50563
50564
50564
50564
50564
50565
50565
50565
50565
50565
50565
50565
50566
50566
50567
50567
50567
50567
50567
50592
50592
50592
50592
50593
50593
50593
50594
50594
50594
50594
50594
50594
50595
50595
50596
50596
50597
50597
50597
50597
50597
50597
50597
50598
50599
50599
50599
50624
50624
50624
50624
50625
50625
50625
50626
50626
50626
50626
50627
50627
50628
50628
50628
50628
50629
50629
50629
50630
50630
50630
50630
50630
50631
50631
50631
50656
50656
50656
50656
50656
50656
50656
50657
50657
50657
50657
50657
50657
50657
50658
50658
50658
50658
50658
50659
50659
50659
50659
50660
50661
50661
50661
50662
50662
50663
50663
50663
50663
50663
50688
50688
50688
50688
50688
50689
50689
50690
50690
50690
50690
50690
50690
50691
50691
50691
50691
50692
50692
50692
50692
50692
50692
50692
50693
50693
50694
50694
50694
50694
50694
50695
50720
50720
50720
50720
50720
50721
50721
50721
50721
50721
50722
50723
50723
50723
50723
50723
50723
50724
50724
50724
50724
50724
50725
50725
50725
50725
50725
50725
50726
50726
50726
50726
50726
50726
50726
50727
50752
50752
50753
50753
50753
50753
50754
50754
50754
50754
50755
50755
50756
50756
50756
50756
50756
50756
50756
50757
50757
50757
50758
50758
50759
50759
50784
50785
50785
50785
50785
50786
50786
50787
50788
50788
50788
50788
50788
50789
50789
50789
50790
50790
50791
50791
50816
50816
50816
50816
50817
