20963
20964
20964
20964
20964
20964
20964
20964
20965
20965
20965
20965
20965
20966
20966
20966
20966
20966
20967
20967
20967
20967
20967
20967
20967
20992
20992
20992
20992
20993
20993
20994
20994
20994
20995
20995
20995
20995
20996
20996
20996
20997
20997
20997
20997
20997
20997
20997
20998
20998
20998
20998
20998
20998
20998
20999
20999
20999
20999
20999
20999
21024
21024
21024
21025
21025
21025
21025
21026
21026
21027
21027
21027
21027
21027
21027
21028
21028
21029
21030
21030
21030
21030
21030
21031
21031
21056
21056
21057
21057
21057
21057
21057
21057
21057
21058
21058
21059
21060
21060
21060
21060
21061
21061
21062
21062
21062
21062
21062
21062
21062
21063
21063
21088
21088
21089
21089
21089
21089
21089
21089
21090
21090
21090
21090
21091
21091
21091
21091
21092
21092
21092
21092
21093
21093
21094
21094
21095
21095
21095
21095
21095
21095
21120
21120
21120
21120
21120
21121
21121
21122
21122
21122
21122
21122
21122
21123
21123
21123
21123
21123
21123
21123
21124
21124
21124
21124
21125
21125
21125
21125
21126
21126
21126
21127
21127
21127
21152
21152
21152
21152
21152
21152
21153
21153
21153
21153
21153
21153
21153
21154
21154
21154
21155
21155
21155
21155
21156
21156
21156
21156
21156
21156
21156
21157
21157
21157
21157
21157
21157
21158
21159
21159
21159
21159
21184
21184
21184
21184
21185
21185
21186
21186
21186
21187
21187
21187
21187
21187
21187
21188
21188
21188
21188
21188
21189
21189
21189
21189
21189
21190
21190
21190
21190
21190
21191
21191
21191
21191
21216
21217
21218
21219
21219
21219
21219
21219
21219
21220
21220
21220
21220
21220
21220
21220
21221
21222
21222
21222
21222
21222
21222
21223
21223
21223
21223
21223
21223
21223
21248
21248
21248
21248
21248
21248
21249
21249
21249
21249
21249
21249
21250
21250
21250
21251
21251
21251
21252
21252
21252
21252
21252
21252
21253
21253
21253
21254
21254
21255
21255
21255
21255
21255
21255
21280
21280
21280
21280
21280
21280
21280
21281
21281
21281
21281
21282
21282
21282
21282
21282
21283
21283
21283
21283
21283
21283
21283
21284
21284
21285
21285
21285
21285
21285
21286
21286
21286
21286
21287
21287
21287
21287
21287
21287
21287
21312
21312
21313
21313
21314
21314
21314
21314
21314
21314
21314
21315
21315
21315
21315
21316
21316
21316
21316
21317
21317
21317
21317
21317
21318
21318
21318
21318
21318
21318
21319
21319
21319
21319
21319
21344
21344
21344
21344
21345
21345
21345
21345
21346
21346
21346
21346
21346
21346
21346
21347
21347
21347
21347
21347
21347
21348
21349
21349
21349
21349
21349
21350
21351
21351
21351
21376
21376
21376
21376
21376
21376
21376
21377
21377
21377
21378
21378
21378
21378
21378
21378
21379
21379
21379
21379
21380
21380
21380
21380
21380
21381
21382
21382
21382
21382
21382
21382
21382
21383
21383
21383
21383
21408
21408
21408
21408
21408
21408
21408
21409
21409
21410
21410
21411
21411
21411
21411
21412
21412
21412
21412
21412
21413
21413
21413
21413
21413
21413
21414
21414
21414
21414
21414
21414
21415
21415
21415
21440
21440
21440
21440
21441
21441
21441
21442
21442
21442
21442
21442
21442
21443
21443
21443
21443
21444
21444
21444
21444
21444
21444
21445
21445
21445
21445
21445
21445
21445
21446
21446
21447
21447
21447
21447
21447
21447
21447
21472
21473
21473
21474
21474
21474
21474
21475
21475
21475
21475
21475
21476
21476
21476
21476
21477
21477
21477
21477
21477
21478
21478
21478
21478
21478
21478
21479
21479
21479
21479
21504
21504
21504
21504
21504
21504
21505
21505
21505
21505
21505
21505
21506
21506
21506
21506
21507
21507
21507
21508
21508
21509
21509
21509
21509
21510
21510
21510
21511
21511
21511
21511
21511
21511
21536
21536
21536
21536
21536
21536
21537
21537
21537
21538
21538
21538
21538
21539
21539
21539
21539
21539
21540
21540
21541
21542
21542
21542
21542
21542
21542
21542
21543
21543
21543
21543
21543
21568
21569
21569
21570
21570
21571
21571
21571
21571
21571
21571
21572
21572
21572
21572
21572
21572
21572
21573
21573
21573
21573
21573
21573
21573
21574
21574
21574
21574
21574
21575
21575
21575
21600
21600
21600
21600
21601
21601
21601
21601
21602
21602
21603
21603
21604
21604
21604
21604
21604
21604
21605
21605
21605
21605
21605
21605
21606
21606
21606
21606
21606
21606
21607
21607
21607
21607
21607
21632
21633
21633
21633
21633
21633
21633
21633
21634
21634
21634
21634
21634
21635
21635
21635
21635
21636
21636
21636
21636
21636
21636
21637
21638
21638
21639
21639
21639
21639
21639
21664
21664
21664
21664
21665
21665
21665
21665
21665
21666
21666
21666
21666
21667
21667
21667
21667
21667
21667
21667
21668
21668
21668
21668
21669
21669
21669
21669
21670
21670
21670
21670
21671
21671
21696
21696
21696
21696
21697
21697
21697
21697
21697
21698
21698
21698
21698
21698
21698
21698
21699
21699
21699
21699
21700
21700
21700
21700
21700
21700
21701
21701
21702
21703
21703
21703
21703
21703
21728
21728
21728
21728
21728
21729
21729
21729
21729
21729
21729
21730
21730
21730
21730
21730
21730
21731
21731
21731
21731
21731
21731
21732
21732
21732
21732
21732
21732
21733
21733
21733
21733
21733
21733
21733
21734
21734
21734
21734
21735
21735
21735
21735
21735
21735
21760
21760
21761
21761
21762
21762
21762
21762
21762
21763
21763
21763
21763
21764
21764
21764
21764
21764
21765
21765
21765
21766
21766
21766
21766
21766
21766
21767
21767
21767
21767
21767
21792
21792
21793
21793
21794
21794
21794
21794
21794
21794
21795
21795
21795
21795
21795
21795
21795
21796
21796
21796
21796
21796
21796
21797
21797
21797
21797
21797
21797
21798
21798
21798
21799
21799
21799
21799
21799
21799
21824
21824
21825
21825
21826
21826
21826
21826
21826
21826
21827
21827
21828
21828
21828
21828
21828
21828
21829
21830
21831
21831
21831
21831
21831
21856
21856
21856
21856
21856
21857
21858
21858
21858
21858
21858
21858
21858
21859
21859
21859
21859
21859
21860
21860
21860
21861
21861
21861
21861
21861
21861
21862
21862
21862
21862
21863
21863
21863
21863
21863
21888
21888
21888
21888
21888
21889
21889
21889
21889
21889
21889
21890
21890
21890
21890
21890
21891
21891
21892
21893
21893
21893
21893
21893
21894
21894
