202629
202630
202631
202631
202631
202631
202631
202631
202656
202656
202656
202656
202656
202656
202657
202658
202658
202658
202658
202658
202658
202659
202659
202659
202659
202659
202659
202659
202660
202660
202660
202660
202660
202660
202660
202661
202661
202661
202661
202661
202662
202662
202662
202663
202663
202663
202663
202663
202663
202663
202688
202688
202689
202690
202690
202690
202690
202690
202691
202691
202691
202692
202692
202692
202692
202693
202694
202694
202695
202720
202720
202720
202721
202721
202721
202722
202722
202723
202724
202724
202724
202724
202724
202724
202725
202725
202725
202726
202726
202726
202726
202726
202727
202727
202727
202752
202752
202753
202753
202753
202753
202753
202753
202753
202754
202754
202754
202754
202754
202754
202755
202755
202755
202755
202756
202756
202756
202756
202756
202757
202757
202757
202757
202758
202758
202758
202758
202758
202758
202759
202759
202759
202759
202759
202759
202784
202785
202785
202785
202786
202786
202786
202786
202786
202786
202787
202787
202787
202788
202789
202789
202789
202789
202789
202789
202789
202790
202790
202790
202790
202790
202790
202791
202791
202816
202816
202816
202816
202817
202817
202817
202817
202817
202818
202819
202819
202819
202819
202819
202820
202820
202820
202821
202821
202822
202822
202823
202823
202823
202823
202823
202823
202823
202848
202848
202848
202848
202848
202849
202849
202849
202849
202850
202850
202850
202851
202851
202851
202851
202851
202851
202851
202852
202852
202852
202852
202853
202854
202854
202854
202854
202854
202855
202855
202855
202855
202855
202855
202880
202880
202880
202881
202881
202881
202881
202882
202882
202882
202882
202882
202883
202884
202884
202884
202884
202884
202885
202885
202886
202887
202887
202887
202887
202887
202887
202912
202912
202912
202912
202913
202913
202913
202913
202913
202914
202914
202914
202915
202915
202915
202916
202916
202916
202916
202917
202918
202918
202918
202918
202918
202918
202919
202919
202919
202919
202919
202919
202919
202944
202944
202944
202945
202945
202945
202945
202945
202946
202946
202946
202946
202946
202947
202947
202948
202948
202948
202948
202948
202949
202949
202949
202949
202950
202950
202951
202951
202951
202951
202951
202951
202976
202976
202976
202977
202977
202977
202977
202977
202978
202978
202978
202978
202978
202978
202979
202980
202980
202980
202980
202980
202980
202980
202981
202981
202981
202981
202981
202981
202981
202982
202982
202982
202982
202982
202983
202983
202983
202983
202983
202983
202983
203008
203008
203008
203009
203009
203009
203009
203010
203010
203010
203010
203010
203010
203010
203011
203011
203011
203011
203011
203011
203012
203012
203013
203013
203013
203013
203013
203013
203013
203014
203014
203014
203014
203014
203015
203015
203040
203040
203040
203041
203041
203041
203041
203041
203041
203041
203042
203042
203042
203042
203043
203043
203043
203043
203043
203044
203044
203044
203044
203045
203045
203045
203046
203046
203046
203046
203046
203046
203046
203047
203047
203047
203047
203072
203072
203072
203073
203073
203073
203073
203073
203073
203074
203074
203074
203074
203074
203075
203075
203075
203075
203075
203075
203075
203076
203076
203076
203076
203077
203077
203077
203077
203077
203077
203077
203078
203078
203079
203079
203079
203079
203079
203079
203079
203104
203104
203104
203104
203104
203104
203104
203105
203105
203105
203105
203105
203105
203105
203106
203106
203106
203106
203107
203107
203107
203107
203107
203107
203108
203108
203108
203108
203108
203109
203109
203109
203109
203109
203109
203110
203110
203110
203110
203110
203110
203111
203111
203111
203111
203111
203111
203136
203136
203136
203136
203137
203137
203137
203137
203137
203138
203138
203138
203138
203139
203139
203140
203140
203140
203140
203140
203140
203141
203141
203142
203142
203142
203142
203142
203143
203143
203143
203168
203168
203168
203168
203168
203168
203169
203169
203169
203170
203170
203170
203170
203171
203171
203171
203171
203172
203172
203172
203172
203173
203173
203173
203173
203173
203173
203173
203174
203174
203174
203174
203174
203174
203175
203175
203175
203175
203175
203175
203175
203200
203200
203200
203201
203201
203201
203202
203202
203202
203203
203204
203204
203204
203204
203204
203205
203205
203205
203205
203205
203205
203205
203206
203206
203206
203206
203207
203207
203207
203232
203233
203233
203233
203233
203233
203233
203234
203234
203234
203235
203235
203235
203236
203236
203237
203238
203238
203238
203238
203238
203238
203239
203239
203239
203239
203264
203265
203265
203265
203266
203266
203266
203266
203266
203266
203267
203267
203267
203268
203268
203268
203268
203268
203268
203269
203269
203269
203269
203269
203270
203270
203270
203270
203271
203271
203271
203296
203296
203296
203296
203297
203297
203298
203299
203299
203299
203299
203299
203299
203300
203301
203302
203302
203302
203302
203302
203303
203328
203328
203328
203328
203328
203328
203328
203329
203329
203329
203329
203329
203329
203329
203330
203331
203332
203333
203334
203334
203334
203334
203334
203334
203335
203335
203360
203360
203360
203360
203360
203360
203361
203361
203361
203362
203362
203362
203362
203362
203362
203363
203363
203363
203363
203363
203363
203363
203364
203364
203364
203364
203364
203364
203365
203365
203365
203365
203366
203367
203367
203367
203367
203367
203392
203392
203392
203392
203392
203393
203393
203394
203395
203395
203395
203395
203396
203396
203397
203397
203397
203398
203398
203398
203398
203399
203399
203399
203399
203399
203424
203425
203425
203426
203426
203426
203426
203427
203427
203428
203428
203428
203428
203428
203428
203428
203429
203429
203429
203429
203429
203429
203429
203430
203430
203431
203431
203431
203431
203456
203457
203457
203457
203457
203457
203457
203457
203458
203458
203458
203458
203459
203460
203460
203460
203460
203460
203460
203460
203461
203461
203461
203461
203461
203461
203462
203462
203463
203488
203488
203488
203488
203489
203489
203489
203489
203489
203490
203490
203490
203490
203491
203491
203491
203491
203491
203491
203491
203492
203492
203492
203492
203492
203492
203492
203493
203493
203494
203494
203494
203495
203495
203495
203495
203495
203520
203520
203520
203520
203520
203521
203521
203521
203521
203522
203522
203522
203522
203522
203522
203523
203524
203524
203524
203524
203524
203524
203525
203525
203525
203526
203526
203527
203527
203527
203552
203552
203552
203552
203552
203552
203552
203553
203553
203553
203553
203553
203554
203554
203555
203555
203555
203555
203555
203555
203556
203557
203558
203558
203558
203558
203558
203558
203558
203559
203584
203584
203585
203585
203585
203586
203586
203586
203586
203586
203586
203587
203587
203587
203587
203587
203587
203588
203588
203588
203588
203589
203590
203590
203590
203591
203591
203591
203591
203591
203591
203591
203616
203616
203616
203617
203617
203617
203617
203617
203617
203617
203618
203618
203618
203618
203618
203619
203619
203619
203619
203620
203620
203620
