179425
179425
179425
179425
179425
179426
179427
179427
179427
179427
179427
179427
179428
179428
179428
179429
179429
179429
179429
179429
179429
179429
179430
179430
179430
179430
179430
179430
179430
179431
179431
179431
179431
179431
179431
179456
179457
179457
179457
179458
179458
179458
179458
179459
179459
179460
179460
179461
179461
179461
179461
179461
179461
179461
179462
179462
179463
179463
179488
179489
179489
179490
179490
179490
179490
179490
179491
179491
179491
179491
179491
179491
179492
179492
179492
179493
179493
179493
179493
179494
179494
179494
179494
179494
179494
179494
179495
179520
179520
179520
179521
179521
179521
179521
179521
179522
179522
179522
179522
179522
179522
179523
179523
179523
179523
179523
179523
179524
179524
179525
179526
179526
179527
179527
179552
179552
179552
179552
179552
179553
179553
179553
179553
179553
179553
179553
179554
179554
179554
179554
179554
179555
179555
179555
179556
179556
179556
179556
179556
179556
179556
179557
179557
179557
179557
179558
179558
179558
179559
179559
179559
179559
179584
179584
179585
179585
179585
179585
179585
179586
179586
179586
179586
179587
179587
179588
179588
179588
179588
179588
179588
179589
179589
179589
179589
179589
179589
179589
179590
179591
179591
179591
179591
179616
179616
179616
179616
179616
179617
179617
179617
179617
179617
179618
179618
179619
179619
179619
179619
179620
179620
179620
179620
179620
179621
179622
179622
179623
179623
179623
179623
179623
179648
179648
179648
179648
179648
179648
179648
179649
179649
179650
179650
179650
179650
179650
179651
179651
179652
179652
179652
179652
179652
179653
179653
179654
179654
179654
179654
179654
179654
179655
179680
179681
179681
179681
179681
179681
179681
179681
179682
179682
179682
179682
179683
179683
179684
179684
179684
179684
179684
179685
179685
179685
179685
179685
179686
179686
179687
179687
179687
179687
179687
179687
179712
179712
179712
179713
179713
179713
179713
179713
179713
179713
179714
179714
179714
179714
179714
179714
179715
179715
179715
179715
179716
179717
179717
179717
179718
179718
179718
179719
179719
179744
179744
179745
179745
179745
179745
179745
179746
179746
179746
179746
179746
179746
179746
179747
179747
179747
179747
179747
179747
179747
179748
179748
179748
179749
179749
179749
179749
179749
179750
179751
179751
179776
179776
179776
179776
179776
179776
179777
179778
179778
179779
179779
179779
179779
179779
179779
179779
179780
179780
179780
179781
179781
179781
179781
179781
179781
179781
179782
179782
179782
179782
179782
179782
179782
179783
179783
179808
179808
179808
179808
179808
179809
179809
179809
179809
179809
179809
179809
179810
179810
179810
179811
179811
179811
179811
179811
179811
179811
179812
179812
179812
179812
179812
179812
179812
179813
179813
179813
179813
179814
179814
179814
179814
179814
179815
179815
179815
179815
179815
179815
179840
179840
179840
179841
179841
179841
179841
179842
179842
179842
179842
179842
179843
179843
179843
179843
179844
179844
179845
179845
179845
179845
179845
179846
179846
179847
179847
179847
179847
179847
179847
179847
179872
179873
179874
179874
179874
179874
179874
179875
179875
179875
179875
179876
179876
179876
179877
179878
179878
179878
179878
179878
179878
179879
179879
179879
179879
179879
179904
179904
179905
179905
179905
179905
179905
179905
179905
179906
179906
179907
179907
179907
179908
179908
179908
179908
179908
179909
179909
179910
179910
179911
179936
179936
179936
179937
179937
179938
179938
179938
179938
179939
179939
179939
179939
179939
179939
179940
179940
179940
179940
179940
179940
179940
179941
179942
179942
179942
179942
179942
179943
179943
179943
179943
179943
179943
179943
179968
179968
179969
179969
179970
179970
179971
179971
179971
179971
179971
179971
179972
179972
179972
179972
179972
179972
179972
179973
179973
179973
179973
179974
179975
179975
179975
179975
179975
179975
180000
180000
180000
180000
180000
180001
180002
180002
180002
180002
180003
180003
180003
180003
180004
180004
180004
180004
180004
180005
180005
180005
180005
180006
180007
180007
180007
180007
180007
180007
180007
180032
180032
180032
180033
180034
180034
180034
180034
180034
180034
180034
180035
180035
180035
180035
180035
180035
180036
180036
180036
180036
180036
180036
180037
180037
180037
180037
180038
180038
180038
180038
180038
180038
180039
180039
180039
180039
180039
180039
180039
180064
180065
180065
180065
180065
180066
180066
180066
180066
180067
180067
180067
180067
180068
180068
180068
180068
180068
180068
180068
180069
180069
180069
180070
180070
180070
180070
180071
180071
180096
180096
180096
180096
180096
180096
180097
180097
180097
180097
180097
180097
180097
180098
180098
180098
180098
180099
180100
180100
180100
180101
180101
180101
180101
180101
180101
180101
180102
180102
180102
180102
180102
180103
180103
180103
180103
180128
180128
180128
180128
180129
180129
180130
180130
180131
180131
180131
180131
180131
180131
180131
180132
180132
180132
180132
180132
180132
180132
180133
180133
180133
180133
180134
180134
180134
180134
180134
180135
180135
180135
180135
180135
180135
180135
180160
180160
180160
180160
180160
180161
180161
180161
180161
180161
180161
180162
180162
180162
180162
180162
180162
180162
180163
180163
180163
180163
180163
180164
180164
180164
180164
180164
180164
180165
180166
180166
180167
180167
180192
180193
180193
180193
180194
180195
180195
180195
180195
180195
180195
180195
180196
180196
180196
180196
180197
180198
180198
180198
180198
180198
180198
180198
180199
180224
180225
180225
180225
180225
180225
180226
180226
180227
180227
180227
180227
180227
180227
180227
180228
180229
180229
180229
180230
180230
180230
180231
180231
180231
180231
180231
180256
180256
180256
180257
180257
180257
180257
180257
180258
180258
180258
180258
180258
180258
180258
180259
180259
180259
180259
180260
180261
180261
180261
180261
180261
180261
180262
180262
180262
180263
180263
180263
180263
180263
180263
180263
180288
180288
180289
180290
180290
180290
180291
180291
180291
180291
180291
180291
180291
180292
180292
180293
180293
180293
180293
180294
180294
180294
180294
180294
180294
180294
180295
180295
180295
180295
180320
180320
180320
180320
180320
180320
180321
180321
180321
180321
180322
180322
180323
180323
180323
180323
180324
180324
180325
180325
180325
180325
180326
180326
180327
180327
180327
180327
180327
180352
180352
180352
180352
180352
180352
180352
180353
180354
180354
180354
180354
180354
180355
180356
180357
180357
180357
180357
180358
180358
180359
180359
180384
180385
180386
180386
180386
180387
180387
180387
180387
180387
180387
180387
180388
180388
180388
180389
180389
180389
180389
180389
180390
180390
180390
180390
180390
180390
180390
180391
180391
180391
180391
180391
180391
180416
180416
180416
180416
180416
180416
180417
180417
180417
180417
180417
180418
180418
180418
180418
180418
180418
180419
180419
180419
180419
180420
180420
180420
180420
180420
180420
