8997
8997
8997
8997
8997
8998
8998
8998
8998
8999
8999
8999
8999
9024
9024
9024
9024
9024
9024
9024
9025
9025
9025
9026
9026
9026
9027
9027
9027
9028
9029
9029
9030
9030
9030
9030
9030
9030
9031
9031
9031
9031
9031
9031
9031
9056
9056
9056
9056
9056
9057
9057
9057
9057
9057
9057
9057
9058
9058
9059
9059
9059
9059
9059
9060
9060
9060
9061
9061
9062
9062
9062
9062
9062
9062
9063
9088
9088
9088
9088
9088
9089
9089
9090
9091
9091
9091
9091
9091
9091
9092
9092
9092
9092
9092
9092
9092
9093
9094
9095
9120
9120
9120
9120
9120
9120
9120
9121
9121
9122
9122
9122
9122
9122
9123
9123
9123
9123
9124
9124
9124
9124
9124
9124
9125
9125
9125
9125
9125
9125
9125
9126
9126
9127
9127
9152
9152
9152
9152
9153
9153
9153
9153
9153
9153
9154
9154
9154
9154
9154
9154
9154
9155
9155
9155
9156
9156
9156
9156
9156
9157
9157
9158
9158
9158
9159
9159
9159
9159
9184
9184
9184
9185
9185
9186
9186
9186
9186
9187
9187
9187
9187
9188
9188
9188
9188
9188
9188
9189
9189
9190
9190
9190
9190
9190
9190
9191
9216
9216
9216
9217
9217
9217
9217
9218
9218
9219
9219
9219
9219
9219
9220
9221
9221
9221
9221
9222
9222
9222
9222
9222
9223
9223
9223
9223
9223
9223
9223
9248
9248
9248
9248
9249
9249
9249
9249
9249
9250
9250
9250
9250
9251
9252
9252
9252
9253
9253
9253
9253
9253
9253
9254
9254
9254
9254
9255
9255
9255
9255
9280
9280
9280
9280
9280
9280
9280
9281
9281
9281
9281
9281
9281
9281
9282
9283
9284
9285
9285
9285
9286
9286
9286
9286
9286
9286
9286
9287
9312
9312
9312
9312
9312
9313
9313
9313
9313
9313
9313
9314
9315
9316
9316
9316
9316
9316
9317
9317
9317
9317
9318
9318
9318
9319
9319
9319
9319
9344
9344
9344
9344
9344
9344
9344
9345
9345
9345
9345
9345
9346
9346
9346
9346
9346
9347
9347
9347
9347
9348
9348
9348
9348
9348
9348
9349
9349
9349
9349
9349
9349
9349
9350
9350
9350
9350
9350
9350
9351
9351
9376
9376
9376
9376
9376
9376
9377
9378
9378
9378
9379
9379
9379
9379
9380
9380
9380
9381
9381
9382
9382
9382
9382
9383
9383
9383
9383
9383
9408
9409
9409
9409
9409
9409
9410
9410
9410
9411
9411
9412
9412
9412
9412
9412
9413
9413
9413
9413
9414
9414
9414
9415
9415
9415
9415
9415
9415
9415
9440
9441
9442
9442
9442
9443
9443
9443
9443
9443
9444
9444
9444
9445
9445
9446
9446
9446
9446
9446
9446
9447
9447
9472
9472
9473
9473
9473
9473
9473
9473
9474
9474
9474
9474
9474
9475
9475
9475
9475
9476
9476
9476
9476
9476
9476
9476
9477
9477
9477
9477
9477
9477
9477
9478
9478
9478
9478
9479
9504
9504
9504
9504
9505
9505
9505
9505
9505
9505
9505
9506
9507
9508
9508
9508
9508
9508
9508
9509
9509
9509
9509
9509
9510
9510
9510
9511
9511
9536
9536
9536
9537
9537
9537
9537
9538
9539
9540
9540
9541
9541
9542
9542
9543
9543
9543
9543
9568
9568
9569
9569
9569
9569
9569
9570
9570
9570
9570
9570
9571
9571
9572
9572
9572
9573
9573
9573
9574
9574
9574
9575
9575
9600
9600
9600
9601
9601
9601
9601
9601
9602
9602
9602
9602
9602
9603
9603
9603
9603
9603
9603
9604
9605
9605
9606
9606
9606
9606
9606
9607
9632
9632
9632
9632
9633
9633
9633
9633
9633
9634
9634
9634
9634
9634
9634
9635
9635
9635
9635
9635
9635
9636
9636
9636
9637
9637
9637
9637
9638
9638
9638
9638
9639
9639
9639
9639
9639
9639
9639
9664
9664
9664
9665
9665
9665
9666
9666
9666
9666
9666
9666
9667
9667
9667
9667
9667
9667
9667
9668
9669
9670
9670
9670
9670
9671
9671
9671
9696
9696
9696
9696
9697
9697
9697
9697
9697
9697
9698
9699
9700
9700
9700
9700
9700
9700
9701
9701
9701
9701
9701
9701
9701
9702
9702
9702
9702
9702
9702
9702
9703
9728
9729
9729
9729
9729
9730
9730
9730
9730
9730
9730
9731
9731
9732
9732
9732
9733
9733
9733
9734
9734
9735
9735
9735
9735
9735
9760
9760
9760
9760
9761
9761
9762
9762
9762
9762
9762
9762
9763
9763
9763
9763
9763
9763
9763
9764
9764
9764
9765
9766
9766
9766
9766
9767
9792
9792
9792
9792
9792
9793
9793
9793
9793
9793
9794
9794
9794
9794
9794
9794
9794
9795
9795
9795
9795
9795
9795
9796
9796
9796
9796
9796
9796
9797
9797
9797
9797
9797
9797
9797
9798
9798
9799
9799
9799
9799
9799
9799
9824
9824
9824
9824
9824
9824
9824
9825
9825
9825
9825
9826
9826
9826
9827
9827
9828
9828
9828
9828
9828
9828
9828
9829
9829
9830
9830
9830
9830
9830
9831
9831
9856
9856
9856
9856
9857
9857
9857
9857
9857
9857
9857
9858
9858
9858
9859
9859
9859
9859
9859
9860
9860
9860
9860
9860
9860
9861
9861
9861
9861
9861
9862
9862
9862
9862
9862
9863
9863
9863
9863
9863
9863
9863
9888
9888
9888
9889
9889
9890
9890
9891
9891
9892
9892
9892
9893
9893
9893
9894
9894
9894
9895
9895
9895
9895
9920
9920
9920
9921
9921
9921
9921
9922
9922
9922
9922
9922
9922
9922
9923
9923
9923
9923
9923
9923
9924
9924
9924
9924
9924
9925
9925
9925
9925
9925
9925
9926
9926
9926
9926
9926
9926
9927
9927
9927
9927
9927
9927
9952
9952
9952
9953
9953
9954
9954
9954
9954
9954
9954
9955
9955
9955
9955
9955
9955
9956
9957
9957
9958
9958
9958
9958
9959
9959
9984
9984
9984
9984
9984
9985
9985
9985
9986
9986
9986
9987
9987
9987
9987
9987
9987
9988
9988
9989
9989
9989
9989
9990
9991
9991
10016
10017
10017
10018
10018
10018
10019
10019
10019
10019
10020
10020
10021
10021
10022
10022
10023
10023
10023
10023
10048
10048
10049
10049
10049
10049
10050
10050
10050
10050
10051
10051
10051
10051
10052
