33794
33794
33794
33794
33794
33794
33795
33795
33795
33795
33795
33795
33795
33796
33796
33796
33796
33796
33796
33796
33797
33797
33797
33797
33797
33797
33798
33798
33798
33798
33798
33798
33799
33799
33799
33824
33824
33824
33824
33825
33825
33825
33825
33825
33825
33826
33826
33826
33826
33826
33826
33827
33828
33829
33829
33829
33829
33830
33830
33830
33830
33830
33830
33831
33831
33856
33856
33856
33856
33856
33856
33856
33857
33857
33857
33857
33857
33857
33858
33859
33859
33860
33860
33860
33861
33861
33861
33861
33862
33863
33863
33863
33863
33888
33888
33888
33888
33888
33889
33889
33889
33889
33889
33889
33889
33890
33891
33891
33891
33891
33891
33891
33892
33893
33893
33893
33893
33893
33893
33894
33894
33894
33894
33894
33894
33894
33895
33895
33920
33920
33921
33921
33921
33921
33921
33922
33922
33922
33922
33922
33922
33923
33923
33924
33924
33924
33924
33924
33924
33925
33926
33926
33927
33927
33927
33927
33927
33927
33927
33952
33952
33953
33953
33953
33953
33953
33953
33954
33954
33955
33955
33955
33955
33955
33955
33956
33956
33956
33956
33957
33957
33957
33957
33957
33957
33958
33958
33958
33959
33959
33959
33959
33984
33985
33985
33985
33986
33986
33986
33987
33987
33987
33987
33987
33988
33989
33990
33991
33991
34016
34016
34016
34016
34016
34016
34016
34017
34017
34017
34017
34018
34019
34019
34020
34020
34020
34020
34020
34021
34022
34022
34022
34022
34022
34023
34023
34023
34023
34048
34048
34048
34048
34048
34048
34049
34049
34050
34051
34051
34051
34051
34051
34051
34051
34052
34052
34052
34052
34052
34053
34053
34053
34053
34053
34053
34054
34054
34054
34054
34054
34054
34055
34055
34055
34080
34080
34080
34080
34080
34080
34080
34081
34081
34081
34081
34081
34081
34082
34082
34082
34082
34082
34082
34083
34083
34083
34083
34083
34083
34084
34084
34084
34084
34085
34086
34087
34087
34112
34112
34112
34112
34113
34113
34113
34113
34113
34113
34113
34114
34114
34114
34115
34115
34115
34115
34115
34115
34115
34116
34116
34116
34116
34117
34117
34117
34117
34117
34118
34118
34118
34119
34119
34119
34119
34144
34144
34144
34145
34145
34146
34147
34148
34148
34148
34148
34148
34148
34148
34149
34149
34149
34149
34149
34149
34150
34150
34150
34151
34151
34151
34151
34151
34151
34151
34176
34177
34177
34177
34177
34177
34177
34178
34178
34178
34178
34179
34179
34179
34179
34180
34180
34180
34180
34180
34181
34181
34181
34182
34182
34183
34208
34208
34209
34209
34209
34209
34209
34209
34210
34210
34210
34210
34210
34210
34211
34211
34211
34212
34212
34212
34212
34212
34212
34212
34213
34213
34213
34213
34213
34214
34214
34214
34215
34215
34215
34215
34240
34240
34240
34240
34240
34241
34241
34241
34242
34242
34242
34243
34243
34243
34243
34243
34243
34244
34244
34244
34244
34245
34245
34245
34245
34246
34246
34246
34246
34246
34246
34247
34272
34272
34273
34273
34273
34273
34273
34273
34274
34274
34274
34275
34275
34275
34276
34276
34277
34277
34278
34278
34278
34278
34278
34279
34279
34279
34279
34279
34279
34304
34305
34305
34305
34306
34306
34306
34306
34306
34306
34307
34307
34308
34308
34308
34309
34310
34310
34311
34311
34311
34311
34311
34311
34336
34336
34336
34336
34337
34337
34337
34338
34339
34339
34339
34339
34339
34339
34340
34341
34341
34341
34341
34341
34341
34341
34342
34342
34342
34343
34343
34343
34343
34343
34343
34343
34368
34368
34369
34369
34369
34370
34370
34370
34370
34370
34370
34371
34371
34371
34372
34372
34373
34373
34373
34373
34374
34375
34375
34375
34375
34375
34375
34375
34400
34400
34400
34400
34401
34401
34401
34401
34402
34402
34402
34402
34402
34402
34403
34403
34404
34405
34405
34406
34406
34406
34406
34406
34406
34406
34407
34407
34407
34432
34432
34432
34432
34432
34432
34433
34433
34434
34434
34434
34434
34434
34434
34434
34435
34435
34435
34436
34436
34436
34437
34437
34437
34438
34438
34439
34439
34439
34464
34464
34465
34465
34465
34466
34466
34466
34466
34466
34466
34467
34467
34467
34468
34469
34469
34469
34469
34470
34470
34470
34470
34471
34471
34471
34471
34496
34497
34497
34498
34498
34498
34498
34498
34498
34498
34499
34499
34499
34499
34499
34499
34500
34500
34500
34500
34501
34501
34501
34501
34502
34502
34502
34502
34503
34503
34528
34528
34528
34529
34529
34529
34530
34530
34530
34530
34530
34530
34531
34531
34532
34532
34532
34532
34532
34532
34533
34533
34533
34533
34533
34534
34534
34535
34535
34535
34535
34535
34535
34535
34560
34560
34560
34560
34561
34562
34562
34562
34562
34562
34563
34563
34563
34563
34563
34564
34564
34564
34564
34564
34565
34565
34565
34565
34565
34566
34566
34566
34566
34566
34567
34567
34567
34567
34567
34567
34567
34592
34593
34593
34593
34593
34593
34593
34594
34595
34595
34595
34595
34595
34595
34595
34596
34596
34596
34596
34596
34596
34597
34597
34597
34597
34597
34597
34598
34598
34598
34599
34599
34599
34599
34599
34599
34624
34625
34625
34625
34625
34626
34626
34626
34626
34626
34626
34626
34627
34627
34627
34628
34629
34630
34630
34630
34630
34631
34631
34631
34631
34631
34656
34657
34657
34657
34658
34658
34658
34658
34659
34659
34659
34659
34659
34659
34659
34660
34660
34660
34660
34660
34660
34660
34661
34661
34661
34662
34662
34662
34662
34662
34662
34663
34663
34663
34663
34663
34663
34688
34688
34688
34688
34689
34689
34690
34691
34691
34691
34691
34691
34691
34691
34692
34692
34692
34692
34692
34693
34693
34693
34693
34693
34694
34694
34694
34694
34694
34694
34695
34695
34720
34721
34721
34721
34721
34721
34722
34722
34722
34722
34722
34722
34722
34723
34723
34723
34723
34723
34724
34724
34724
34725
34725
34725
34725
34725
34725
34725
34726
34726
34726
34727
34727
34727
34752
34753
34753
34753
34753
34754
34754
34754
34755
34755
34755
34755
34755
34755
34756
34756
34756
34756
34756
34756
34757
34757
34757
34758
34758
34758
34758
34758
34758
34758
34759
34759
34759
34759
34759
34784
34784
34784
34784
34784
34785
34786
34787
34787
34787
34787
34787
34787
34788
34788
34788
34789
34789
34789
34789
34789
34789
34789
34790
34790
34790
34790
34790
34790
34790
34791
34791
34791
