6947
6948
6948
6948
6948
6948
6948
6949
6949
6949
6949
6950
6950
6951
6976
6976
6976
6977
6977
6977
6977
6977
6978
6978
6978
6978
6978
6979
6979
6979
6979
6980
6980
6980
6980
6980
6980
6980
6981
6981
6981
6981
6982
6982
6982
6983
7008
7009
7009
7009
7010
7010
7011
7012
7013
7013
7013
7014
7014
7014
7014
7015
7015
7015
7015
7015
7015
7040
7040
7041
7041
7042
7042
7042
7042
7042
7043
7044
7044
7044
7045
7045
7045
7045
7046
7046
7046
7046
7047
7047
7047
7047
7047
7047
7072
7072
7073
7073
7073
7073
7074
7075
7075
7075
7075
7075
7075
7076
7076
7077
7077
7077
7077
7077
7077
7077
7078
7078
7078
7078
7078
7079
7079
7079
7079
7079
7079
7104
7105
7105
7105
7105
7105
7105
7106
7106
7106
7106
7106
7106
7106
7107
7107
7107
7107
7107
7107
7107
7108
7108
7109
7109
7109
7109
7110
7110
7111
7111
7136
7136
7136
7136
7136
7136
7136
7137
7137
7138
7138
7138
7138
7138
7139
7140
7140
7140
7141
7141
7141
7141
7141
7141
7142
7142
7142
7142
7143
7168
7168
7168
7168
7168
7168
7168
7169
7169
7169
7169
7169
7170
7170
7170
7170
7171
7171
7171
7171
7171
7171
7171
7172
7172
7172
7172
7173
7173
7174
7174
7174
7174
7175
7200
7200
7200
7200
7200
7200
7200
7201
7202
7202
7202
7202
7202
7203
7203
7204
7204
7204
7205
7205
7205
7205
7205
7205
7206
7207
7207
7207
7207
7232
7232
7232
7233
7233
7234
7235
7235
7235
7236
7236
7236
7236
7237
7237
7237
7238
7238
7238
7239
7239
7264
7264
7264
7264
7265
7265
7266
7266
7266
7266
7267
7267
7267
7267
7267
7268
7268
7269
7270
7270
7270
7270
7270
7270
7271
7271
7271
7271
7271
7271
7296
7297
7297
7297
7297
7297
7297
7297
7298
7298
7298
7298
7299
7299
7299
7300
7300
7300
7300
7300
7300
7300
7301
7302
7302
7303
7303
7328
7328
7328
7328
7328
7328
7328
7329
7329
7329
7329
7329
7330
7330
7330
7330
7330
7331
7331
7331
7331
7331
7331
7332
7332
7332
7332
7332
7333
7333
7334
7334
7334
7334
7335
7335
7335
7335
7335
7360
7361
7361
7361
7361
7361
7361
7362
7362
7363
7363
7364
7364
7364
7365
7365
7365
7365
7365
7366
7366
7367
7367
7367
7367
7392
7392
7392
7392
7392
7393
7393
7393
7393
7393
7394
7394
7394
7394
7395
7395
7395
7395
7395
7395
7396
7396
7397
7398
7398
7398
7398
7398
7398
7398
7399
7399
7399
7399
7399
7399
7424
7425
7425
7425
7426
7427
7427
7427
7427
7427
7427
7427
7428
7428
7429
7429
7429
7429
7430
7430
7431
7431
7431
7456
7456
7456
7457
7457
7457
7457
7457
7457
7458
7458
7458
7458
7458
7458
7459
7459
7459
7460
7461
7461
7461
7461
7461
7461
7461
7462
7462
7462
7462
7462
7463
7463
7463
7463
7463
7463
7488
7488
7488
7488
7489
7489
7490
7490
7490
7490
7491
7491
7491
7492
7492
7493
7493
7494
7494
7495
7495
7520
7520
7520
7520
7520
7521
7521
7521
7522
7522
7522
7522
7522
7522
7522
7523
7523
7523
7523
7523
7523
7523
7524
7524
7524
7524
7524
7524
7525
7525
7526
7526
7527
7527
7527
7527
7552
7552
7553
7553
7553
7553
7553
7554
7554
7554
7554
7555
7555
7555
7556
7556
7557
7558
7558
7559
7559
7559
7559
7559
7559
7584
7584
7584
7584
7584
7585
7585
7585
7585
7586
7586
7587
7588
7588
7588
7589
7589
7589
7589
7589
7590
7590
7590
7590
7591
7591
7591
7591
7591
7591
7591
7616
7616
7616
7617
7617
7617
7617
7617
7617
7618
7618
7618
7618
7618
7618
7618
7619
7619
7619
7620
7621
7621
7621
7621
7622
7622
7623
7623
7623
7623
7648
7649
7649
7649
7649
7650
7650
7651
7652
7653
7653
7653
7653
7654
7654
7654
7654
7654
7654
7655
7655
7680
7680
7680
7680
7680
7680
7680
7681
7681
7682
7682
7682
7683
7683
7683
7683
7684
7684
7684
7684
7685
7685
7685
7685
7685
7685
7685
7686
7686
7686
7687
7687
7687
7687
7687
7687
7687
7712
7713
7714
7714
7714
7714
7714
7715
7715
7715
7716
7716
7716
7716
7717
7717
7717
7717
7717
7718
7718
7718
7718
7718
7719
7744
7744
7744
7744
7744
7744
7744
7745
7745
7745
7745
7745
7746
7746
7746
7746
7747
7748
7749
7749
7749
7749
7749
7750
7750
7750
7750
7751
7751
7751
7776
7776
7776
7776
7776
7776
7777
7777
7778
7778
7778
7778
7778
7779
7779
7779
7779
7779
7780
7781
7782
7782
7782
7782
7783
7783
7783
7808
7809
7809
7809
7810
7810
7810
7810
7810
7811
7811
7811
7811
7811
7811
7812
7812
7812
7812
7812
7812
7813
7813
7814
7815
7840
7840
7840
7840
7841
7841
7841
7841
7841
7841
7842
7842
7842
7842
7843
7843
7843
7843
7843
7843
7844
7844
7844
7845
7845
7845
7845
7845
7846
7846
7846
7846
7846
7847
7847
7847
7872
7872
7872
7872
7872
7873
7873
7873
7873
7873
7873
7874
7874
7874
7874
7874
7874
7874
7875
7875
7875
7875
7876
7876
7877
7877
7877
7877
7877
7877
7877
7878
7878
7878
7878
7878
7879
7879
7879
7879
7904
7904
7905
7905
7905
7905
7905
7906
7906
7906
7906
7907
7907
7907
7907
7908
7908
7908
7908
7908
7908
7908
7909
7909
7909
7910
7910
7910
7910
7910
7910
7910
7911
7911
7911
7911
7911
7936
7936
7936
7936
7937
7937
7938
7938
7938
7939
7939
7939
7939
7940
7941
7941
7941
7942
7942
7942
7942
7942
7943
7968
7968
7968
7968
7968
7969
7969
7969
7969
7969
7969
7970
7970
7971
7971
7971
7972
7972
7972
7972
7972
7972
7972
7973
7974
7975
8000
8000
8000
8000
8000
8000
8001
8001
8001
8001
8001
8001
8001
8002
8002
8002
8003
8003
8003
8003
8003
8003
8003
8004
8004
8004
8004
8004
8004
8005
8005
8005
8005
8005
8005
8005
8006
8006
8006
8006
8006
8006
