279045
279045
279046
279046
279046
279046
279047
279047
279047
279047
279047
279072
279072
279072
279072
279072
279072
279072
279073
279073
279073
279074
279074
279075
279075
279076
279076
279076
279077
279077
279078
279079
279104
279104
279105
279105
279105
279105
279105
279105
279106
279106
279106
279106
279106
279106
279107
279107
279107
279107
279107
279107
279107
279108
279108
279108
279108
279108
279109
279109
279109
279109
279110
279110
279110
279110
279110
279110
279111
279111
279111
279111
279111
279111
279136
279136
279137
279137
279137
279137
279138
279138
279138
279138
279138
279138
279139
279139
279139
279139
279139
279139
279139
279140
279140
279140
279141
279141
279141
279141
279141
279141
279141
279142
279142
279142
279142
279142
279142
279143
279143
279143
279143
279143
279168
279168
279168
279168
279168
279168
279169
279170
279170
279170
279170
279170
279171
279171
279172
279172
279172
279172
279172
279172
279173
279173
279173
279173
279174
279174
279174
279174
279174
279174
279175
279200
279200
279200
279200
279200
279200
279200
279201
279201
279201
279201
279201
279201
279202
279203
279203
279203
279203
279203
279203
279203
279204
279204
279204
279204
279205
279205
279205
279206
279206
279207
279207
279232
279232
279232
279233
279233
279233
279233
279233
279234
279234
279234
279234
279235
279235
279235
279235
279235
279235
279235
279236
279236
279237
279237
279237
279237
279237
279237
279237
279238
279238
279238
279238
279238
279238
279238
279239
279239
279239
279239
279239
279239
279264
279264
279264
279264
279264
279265
279265
279265
279265
279266
279266
279266
279266
279266
279266
279266
279267
279267
279267
279267
279268
279268
279268
279269
279269
279269
279269
279269
279270
279270
279270
279270
279270
279271
279271
279271
279271
279296
279297
279297
279297
279297
279298
279299
279299
279299
279299
279299
279300
279300
279300
279300
279300
279300
279300
279301
279301
279301
279301
279302
279302
279302
279303
279303
279303
279303
279303
279328
279328
279328
279329
279329
279329
279329
279329
279329
279330
279330
279330
279330
279330
279330
279331
279332
279332
279332
279332
279332
279333
279334
279334
279334
279334
279335
279335
279335
279335
279335
279360
279360
279360
279361
279361
279361
279361
279361
279362
279362
279362
279362
279362
279362
279362
279363
279363
279363
279363
279364
279364
279364
279364
279364
279365
279366
279366
279366
279366
279366
279366
279366
279367
279367
279367
279367
279392
279392
279392
279392
279392
279392
279393
279394
279394
279394
279395
279395
279395
279395
279395
279396
279397
279397
279397
279398
279398
279398
279399
279399
279399
279424
279424
279424
279424
279424
279424
279424
279425
279426
279427
279427
279427
279427
279427
279428
279428
279428
279428
279428
279429
279429
279430
279430
279430
279430
279430
279430
279431
279431
279431
279431
279456
279456
279456
279457
279457
279457
279457
279457
279457
279458
279458
279458
279458
279458
279458
279459
279459
279459
279459
279459
279459
279459
279460
279461
279462
279462
279462
279462
279463
279463
279463
279463
279463
279463
279463
279488
279488
279488
279488
279488
279488
279488
279489
279490
279490
279491
279491
279491
279491
279491
279492
279492
279492
279492
279492
279493
279493
279493
279493
279493
279494
279494
279494
279494
279494
279494
279494
279495
279495
279495
279495
279495
279495
279520
279521
279521
279521
279521
279522
279522
279522
279523
279523
279523
279523
279524
279525
279525
279526
279526
279526
279527
279552
279552
279552
279552
279552
279552
279553
279554
279554
279554
279554
279555
279555
279555
279555
279556
279556
279556
279556
279556
279556
279557
279557
279558
279558
279558
279558
279558
279558
279558
279559
279559
279559
279559
279584
279584
279584
279584
279584
279584
279584
279585
279585
279585
279586
279586
279586
279587
279587
279587
279588
279588
279588
279588
279588
279589
279589
279589
279589
279589
279589
279589
279590
279590
279590
279590
279590
279590
279590
279591
279591
279591
279591
279591
279591
279616
279616
279616
279616
279616
279617
279617
279617
279617
279617
279617
279618
279618
279618
279618
279618
279618
279619
279619
279619
279619
279619
279619
279619
279620
279620
279620
279620
279621
279621
279621
279622
279622
279622
279623
279623
279623
279648
279648
279648
279648
279648
279648
279648
279649
279649
279649
279649
279649
279649
279649
279650
279650
279650
279650
279650
279651
279651
279651
279652
279653
279653
279653
279653
279653
279653
279654
279654
279654
279654
279654
279654
279655
279680
279680
279680
279680
279681
279681
279681
279681
279681
279682
279682
279682
279682
279682
279682
279683
279683
279683
279683
279683
279683
279683
279684
279684
279684
279684
279684
279685
279685
279685
279685
279686
279686
279686
279686
279686
279686
279687
279687
279687
279687
279687
279687
279687
279712
279712
279713
279713
279713
279713
279714
279714
279714
279714
279715
279716
279716
279716
279717
279717
279717
279717
279717
279718
279719
279719
279719
279744
279744
279744
279745
279745
279745
279746
279746
279746
279746
279747
279747
279747
279747
279747
279748
279748
279748
279748
279749
279749
279749
279749
279749
279749
279749
279750
279750
279750
279750
279751
279751
279751
279751
279751
279751
279776
279777
279777
279777
279777
279777
279777
279778
279778
279778
279778
279778
279779
279779
279779
279779
279779
279779
279780
279780
279780
279781
279781
279781
279782
279782
279782
279782
279782
279783
279783
279783
279783
279783
279783
279783
279808
279808
279808
279808
279808
279809
279809
279809
279809
279809
279809
279809
279810
279810
279810
279810
279810
279810
279810
279811
279811
279811
279811
279812
279812
279812
279812
279812
279812
279812
279813
279813
279814
279814
279814
279814
279814
279814
279815
279840
279840
279841
279841
279841
279841
279841
279841
279841
279842
279843
279843
279843
279843
279844
279844
279844
279844
279845
279845
279845
279845
279845
279845
279846
279846
279846
279846
279847
279847
279847
279847
279872
279872
279872
279872
279872
279872
279873
279874
279874
279874
279874
279874
279875
279875
279876
279877
279878
279878
279879
279879
279879
279904
279904
279905
279905
279905
279905
279905
279906
279907
279908
279908
279908
279908
279908
279908
279908
279909
279909
279910
279910
279910
279910
279910
279911
279911
279911
279911
279911
279911
279936
279936
279936
279936
279937
279938
279938
279938
279938
279939
279939
279939
279939
279940
279940
279940
279941
279942
279942
279943
279943
279943
279968
279968
279968
279969
279969
279969
279969
279970
279970
279970
279970
279970
279970
279970
279971
279971
279971
279971
279971
279971
279972
279972
279972
279972
279972
279973
279973
279973
279973
279973
279973
279974
279974
279974
279975
280000
280000
280001
280001
280001
280001
280001
280002
280002
280002
280002
280002
280003
280004
280004
280004
280004
280004
280004
280005
280005
280006
280006
280006
280006
280006
280007
280032
280032
280032
280032
280032
280032
280032
280033
