22851
22851
22851
22851
22851
22852
22852
22852
22853
22854
22854
22854
22854
22854
22854
22854
22855
22855
22880
22880
22880
22880
22880
22880
22881
22881
22882
22882
22882
22882
22883
22883
22884
22884
22885
22885
22885
22885
22885
22886
22886
22886
22886
22886
22887
22887
22887
22887
22912
22912
22912
22912
22913
22913
22913
22913
22913
22913
22913
22914
22914
22914
22914
22914
22914
22914
22915
22915
22916
22917
22917
22917
22917
22918
22918
22918
22918
22918
22918
22918
22919
22944
22944
22945
22945
22945
22945
22945
22946
22946
22946
22946
22946
22946
22946
22947
22947
22947
22947
22947
22948
22948
22948
22948
22948
22949
22949
22949
22950
22950
22950
22951
22951
22976
22976
22976
22976
22977
22978
22978
22978
22978
22978
22978
22979
22979
22980
22980
22980
22980
22980
22981
22982
22982
22982
22982
22983
23008
23008
23008
23008
23008
23009
23009
23009
23009
23010
23010
23010
23010
23011
23011
23011
23011
23011
23011
23012
23012
23012
23012
23012
23013
23013
23013
23013
23013
23014
23015
23015
23015
23040
23040
23040
23040
23041
23041
23041
23041
23041
23041
23042
23043
23043
23044
23044
23044
23044
23044
23044
23044
23045
23045
23045
23046
23046
23046
23046
23046
23046
23046
23047
23047
23047
23047
23047
23072
23073
23073
23073
23073
23073
23073
23073
23074
23074
23075
23076
23076
23076
23076
23076
23076
23077
23077
23077
23077
23078
23078
23078
23078
23078
23078
23078
23079
23079
23079
23079
23104
23104
23104
23105
23105
23105
23105
23106
23106
23106
23106
23106
23106
23107
23108
23108
23108
23108
23108
23108
23109
23109
23110
23110
23110
23111
23111
23111
23111
23111
23111
23111
23136
23136
23136
23136
23136
23136
23137
23137
23138
23138
23138
23138
23139
23139
23139
23140
23140
23140
23140
23140
23140
23140
23141
23141
23141
23141
23141
23142
23142
23142
23142
23142
23143
23168
23168
23168
23168
23168
23168
23168
23169
23169
23169
23169
23169
23170
23170
23170
23170
23170
23170
23170
23171
23171
23171
23171
23172
23172
23172
23173
23173
23173
23173
23173
23173
23174
23174
23174
23174
23174
23174
23175
23175
23200
23200
23200
23200
23200
23201
23201
23202
23202
23202
23202
23203
23203
23203
23203
23203
23204
23204
23204
23205
23205
23205
23205
23205
23205
23206
23207
23207
23207
23207
23207
23207
23232
23232
23232
23232
23232
23232
23232
23233
23233
23234
23235
23235
23235
23235
23235
23235
23235
23236
23237
23237
23237
23237
23237
23237
23237
23238
23238
23238
23238
23238
23238
23238
23239
23239
23239
23239
23239
23239
23264
23264
23264
23265
23265
23265
23265
23265
23266
23266
23267
23267
23267
23267
23267
23267
23268
23268
23268
23268
23268
23269
23269
23269
23269
23269
23270
23270
23270
23270
23270
23270
23270
23271
23271
23271
23296
23296
23296
23296
23296
23296
23296
23297
23297
23297
23297
23297
23297
23297
23298
23298
23298
23298
23299
23299
23299
23299
23300
23300
23300
23300
23300
23301
23301
23301
23302
23302
23302
23302
23302
23302
23302
23303
23303
23328
23328
23329
23329
23329
23329
23329
23330
23330
23330
23330
23330
23330
23331
23331
23332
23332
23332
23333
23333
23333
23333
23333
23333
23333
23334
23335
23335
23335
23335
23335
23360
23360
23361
23361
23361
23361
23361
23362
23362
23362
23362
23363
23363
23363
23363
23363
23364
23364
23364
23364
23364
23364
23365
23366
23366
23366
23366
23366
23366
23367
23367
23392
23392
23392
23392
23392
23393
23393
23393
23393
23393
23394
23394
23394
23394
23394
23394
23395
23395
23396
23396
23396
23396
23396
23396
23397
23397
23397
23397
23397
23398
23398
23398
23398
23398
23398
23399
23399
23399
23424
23424
23425
23426
23426
23426
23426
23426
23426
23427
23427
23427
23427
23428
23428
23428
23428
23428
23428
23429
23429
23429
23429
23429
23429
23430
23430
23430
23430
23430
23431
23431
23431
23431
23456
23456
23456
23456
23456
23456
23457
23457
23457
23457
23457
23457
23458
23459
23459
23459
23460
23460
23461
23462
23462
23462
23462
23463
23488
23488
23488
23488
23488
23488
23488
23489
23489
23489
23490
23491
23491
23491
23492
23492
23492
23492
23492
23492
23493
23493
23494
23494
23494
23495
23495
23495
23520
23520
23520
23520
23521
23521
23521
23522
23522
23522
23522
23522
23522
23522
23523
23523
23523
23523
23523
23523
23524
23524
23524
23524
23524
23525
23525
23525
23525
23525
23526
23526
23526
23527
23552
23552
23552
23552
23553
23553
23553
23553
23554
23554
23554
23554
23554
23555
23555
23555
23555
23555
23555
23555
23556
23556
23557
23557
23557
23557
23557
23557
23558
23558
23558
23558
23558
23558
23558
23559
23559
23559
23559
23559
23559
23559
23584
23584
23584
23584
23585
23585
23585
23585
23585
23586
23586
23586
23587
23587
23587
23587
23587
23588
23589
23589
23589
23589
23590
23590
23590
23590
23591
23591
23591
23591
23616
23616
23616
23616
23616
23617
23617
23617
23617
23617
23618
23618
23618
23619
23619
23619
23619
23619
23620
23620
23620
23620
23620
23621
23621
23621
23621
23621
23621
23622
23622
23622
23622
23622
23623
23623
23623
23648
23648
23648
23648
23648
23648
23648
23649
23649
23649
23649
23649
23649
23649
23650
23650
23651
23651
23651
23651
23651
23652
23652
23653
23653
23653
23653
23653
23654
23654
23654
23654
23654
23655
23655
23655
23655
23680
23680
23681
23682
23682
23683
23684
23684
23684
23684
23684
23684
23684
23685
23685
23685
23685
23685
23685
23685
23686
23686
23686
23686
23686
23686
23687
23712
23713
23713
23713
23713
23714
23714
23715
23716
23716
23716
23716
23716
23716
23717
23717
23718
23718
23718
23718
23719
23719
23719
23744
23744
23744
23744
23744
23745
23745
23745
23745
23745
23745
23745
23746
23746
23746
23746
23746
23746
23747
23747
23748
23749
23749
23749
23749
23749
23749
23750
23750
23750
23750
23751
23751
23751
23751
23776
23776
23777
23777
23777
23777
23777
23777
23778
23778
23778
23778
23778
23778
23779
23779
23779
23779
23779
23779
23780
23781
23781
23781
23781
23782
23782
23782
23782
23783
23808
23808
23808
23808
23808
23809
23809
23809
23809
23809
23809
23809
23810
23811
23811
23811
23812
23812
23812
23812
23812
23813
23813
23813
23814
23814
23814
23814
23814
23815
23815
23840
