1122
4806
4328
8904
5979
6659
5872
3121
3406
3767
4056
2375
1519
8500
3758
3414
2064
9864
7842
9521
5335
8393
909
4651
7503
1166
9105
4969
4229
2011
9165
7692
6234
3633
791
4607
2183
2760
4256
6290
2103
5051
8978
7138
7284
8238
4655
6583
7387
639
3318
6385
2318
6757
9263
8874
4433
4353
5027
9545
1724
8680
7159
7247
7080
7512
349
3460
5395
4560
9379
4521
2718
5298
5783
5291
6999
748
6186
9660
5642
2158
9727
6377
5397
69
1338
943
2974
9953
1132
7375
6102
6045
6530
2469
5291
2268
5933
9304
7489
4251
2446
9676
353
6320
4496
2260
5025
126
2360
9782
3230
3141
8941
8374
3192
8918
2909
6160
2784
6702
3591
8867
1565
8417
6466
3647
2350
6063
4985
6266
4574
6060
5856
8625
7849
1520
5523
1123
9798
746
1571
8469
7610
6368
7780
7626
9763
6075
62
8853
1681
7839
9895
7232
6418
6659
1007
3178
4991
1635
5595
3834
7885
5370
1548
3748
4934
3106
528
9309
6943
319
8001
2133
7946
7608
4500
4364
4940
1359
9356
3613
384
3678
1359
4991
9505
744
4196
2469
9939
5338
935
4043
1781
879
331
595
9963
2908
1064
421
3781
4397
5077
8285
1280
2315
284
2505
1830
6665
4816
6952
8573
954
3678
6792
8821
471
6224
4504
4419
950
8089
699
1843
9348
2925
4497
1196
1732
6686
4800
348
5473
2345
7323
2237
7353
1700
7290
4050
3634
4251
2758
3295
9377
5240
9076
1550
3458
2350
1098
8506
7394
9777
1744
6683
7175
3177
8768
754
2302
8593
493
616
4506
7786
3600
7623
3665
2418
4005
6813
9165
3069
809
237
9918
6764
7161
1394
6867
486
8168
4035
3634
1089
2538
1100
6451
7314
9258
325
5270
1153
8252
5451
2049
5727
5651
1955
6938
4912
6704
3566
2019
2168
5490
2175
272
7332
2042
4029
1449
1112
7209
1517
5931
6272
892
5999
5398
9466
8338
452
4423
6249
4886
7295
3164
3627
2750
8835
3045
5933
5090
8590
5056
4310
9638
6631
6616
7012
3333
7442
6906
8733
9054
1272
4186
4059
4523
3097
8208
321
3369
1299
3129
8037
2920
1668
7616
991
7605
1087
6805
1675
3820
8554
1415
4410
899
7435
3843
8178
9167
9711
4797
7765
3825
3570
9799
3867
6019
9701
8424
1099
2460
9379
9099
6415
370
6843
4783
990
4047
1814
469
3435
9571
1034
404
5567
9364
9194
4219
7304
1604
6693
9034
7520
8349
1982
8552
5123
8020
8213
1157
3474
9285
1262
9715
2482
5197
8288
2439
9529
8146
1650
2852
75
2547
3068
8298
8097
2329
117
4589
4456
2731
4167
8951
5942
1420
2453
7105
8786
6191
7867
8828
8147
7138
6338
8922
8815
6277
6812
5983
2806
373
8905
2070
3391
227
7171
9697
2883
3335
4909
7062
4008
9717
6984
7295
9149
5631
4329
2526
9115
5315
5483
8613
2067
5842
3188
4144
9042
8328
7834
24
3227
2045
4944
291
8856
2017
9243
532
938
9067
6351
8683
1507
5444
4638
5052
5791
6982
9376
5934
8767
1408
2916
6421
6689
2188
717
4540
2228
9762
6593
7383
2671
7404
627
2728
3437
5150
4972
2751
9768
8724
1108
6694
8978
5488
6621
3921
4145
902
1498
3023
7636
6716
4712
9938
2484
8430
2744
1985
8924
9421
713
6792
9834
837
7074
6159
7732
5864
1272
5782
1664
3736
2533
1229
3542
4021
9728
3354
4314
3611
5279
2056
5128
6990
7681
7796
5693
2430
5735
6694
141
5426
2974
1558
9194
309
3447
804
1689
336
5980
2018
7893
2437
5178
4895
1986
6096
7330
3338
963
3284
8190
9489
50
36
899
4321
7020
4644
1875
8249
5887
803
5334
3491
2463
9389
3949
2740
6443
2108
2912
6654
8639
2411
7517
7449
2300
3330
7258
7496
7539
5083
2275
7025
5792
6471
1844
9159
1898
3137
7793
4249
8741
9782
9754
4907
3484
5597
8198
9045
8845
1384
6791
9659
3350
7115
1278
4051
8326
5452
334
4841
6265
594
5811
4663
7928
6941
1952
3688
2103
4106
3204
6078
6609
1163
4955
3001
153
9789
8221
8179
4632
5842
1116
7476
6870
3518
6905
7795
4949
3201
5253
9641
6326
4217
8790
7603
5230
4721
5444
8772
9722
4480
1668
3773
8837
7163
8831
280
6653
9936
2574
8020
5455
4911
3083
6478
2462
4605
3806
4689
7799
4123
4025
5634
1122
9598
9791
1113
2768
9734
4817
676
5208
46
6377
1659
1862
2252
3664
6196
2117
6919
7820
6607
8500
5641
6820
9862
6403
4804
6477
2362
6033
8595
2069
5084
6463
3196
5989
5176
9412
1171
4746
8279
551
6227
5523
623
5849
8414
6846
8225
2794
9371
8797
6865
8874
8673
4569
803
9532
2020
6624
4247
3409
6954
617
8585
4200
1113
2094
5645
9277
9849
6306
8195
3270
2483
9549
7666
8428
1997
1962
4829
7854
1920
5336
1051
723
1825
4168
5037
2283
4608
2199
2191
6969
5653
8862
2538
4441
5624
3674
6269
6998
4264
745
839
1300
6913
1978
6634
9167
6920
8573
4825
160
2968
2784
7901
7143
9911
7692
6984
9692
7557
5453
3408
2139
7176
3679
2482
6273
5377
65
387
2934
8676
9791
5595
2639
8642
3254
8329
2541
7151
4305
5902
8221
35
6577
6968
7472
6802
1786
6274
6500
9480
7072
726
9518
3684
4789
99
6831
6568
9419
7343
1420
9892
7619
563
5324
1264
519
5387
9597
6487
5106
747
2193
288
6450
1170
1069
1761
367
1059
5299
7636
1808
7416
5395
7164
460
1228
9669
5286
7675
9718
8855
214
4917
7856
1549
935
1889
2582
2395
6230
7494
8050
2118
152
2435
5300
4414
5527
3386
2396
1143
3767
3331
3642
7164
3752
4718
1691
982
4329
6688
1474
8951
7102
9790
6279
8170
1814
2623
8689
2569
8559
7460
9860
8384
7120
1330
9109
5149
8016
2984
9007
4403
6012
2423
5473
8018
302
8466
8662
3086
410
6911
75
7245
252
8985
7437
2740
1073
