184
988
9343
9594
2475
9601
2219
957
6470
8128
6882
9254
8048
451
4202
6131
3372
1627
2660
4315
7729
1556
3461
6910
9165
2332
1439
4556
8924
977
9306
7467
5058
5104
9588
9481
6553
9897
8758
1025
749
3472
1118
8078
3716
3882
608
8890
4416
8930
1182
5275
2593
9429
3537
8189
6913
4449
799
3352
6745
928
5046
2550
2398
8019
8776
2892
4577
8728
5463
4467
4953
6827
3700
7985
45
5711
7001
1173
4044
6122
6031
357
762
3267
3243
5032
5039
9476
7250
5108
6629
7658
2378
4240
1542
4479
7716
4160
4696
1512
4523
6218
217
7563
5294
7548
7014
9841
3003
7410
3591
8530
5686
527
6041
1741
2704
9354
568
2082
5928
9245
9439
1747
7778
310
4967
6547
1627
9706
1833
1182
1602
9278
8739
9857
9869
5470
6010
5963
6675
9226
6887
6281
8569
5106
59
2787
2009
6272
2418
4552
3935
8405
1452
250
2695
169
6458
6322
9219
7460
4356
5211
8022
9817
476
1106
9753
5078
5398
5194
9372
4178
9276
462
2387
5949
1894
7360
7138
1762
9121
2208
2807
9605
7196
2538
6219
2068
3149
3966
5501
4430
9081
6994
9579
1478
3034
7975
7493
8435
3323
8475
3541
8246
7123
5454
9729
3974
1663
2435
2586
8138
3559
5395
2864
3678
6790
7968
6894
2451
3372
5338
3661
9072
1002
1620
7023
5822
5684
8012
5169
9567
612
5747
8602
2507
9107
56
5821
9004
8616
5545
6519
3367
6326
4684
7650
3527
2162
8577
2446
4542
8289
7443
8798
7651
8217
9577
8688
3856
7248
8910
6320
9213
3117
850
8860
2333
8844
6006
5099
5385
5687
200
6153
8449
5154
4270
9818
9897
3320
6559
4945
8982
64
562
1710
9311
5002
4933
1972
2523
2478
6897
6847
7339
79
7733
291
7507
8185
626
7229
2808
2018
7443
1880
9805
1005
923
6689
6437
4535
1348
6912
2303
7004
9416
9880
9929
4331
5669
5341
2734
3845
3653
1022
2403
5094
362
8618
661
1341
9629
1776
8039
3319
3661
8632
3139
8101
387
7684
6624
2635
3772
6734
550
8397
9335
2386
7219
845
5369
7766
1126
1674
3190
777
2706
9936
3160
2322
6732
1898
9870
5806
3454
5499
826
1857
1803
3855
7367
3135
7892
7774
8281
3085
4406
884
4467
487
6751
1527
8367
3639
281
8249
4260
4673
9370
4488
4904
5487
8543
7215
7035
5120
4840
3622
7849
6287
7941
9388
7399
6357
3624
1112
5971
8580
4360
7352
9558
823
8977
6531
8288
9425
8858
447
2164
2518
8948
5923
8390
4778
8265
8105
5029
7468
4456
6994
6223
8620
773
7573
1987
1468
3910
4071
3308
5308
7585
5446
52
2878
1604
3379
5982
475
8119
1101
9110
5518
7787
9424
4190
961
8551
3265
4327
377
3451
9997
4072
1120
1390
1380
3528
8135
8276
1921
3550
6741
8855
5964
7838
9861
3724
7855
6626
8677
7870
8107
1345
9413
2890
523
8832
7919
7959
2509
6695
1853
1726
5364
2731
9347
9565
8399
48
444
8852
5673
2319
7071
9415
1846
2939
902
1555
4402
8235
3983
7503
5804
1807
8810
4062
6333
1406
4254
1364
6335
5928
8829
8598
6124
7302
1252
7367
922
3885
2112
4492
626
8801
4012
3351
8600
6129
4368
8290
384
7625
8195
1830
613
1159
3780
4156
2159
8793
8737
1083
3521
7096
2613
8655
4003
7549
2976
463
6180
9684
1237
3460
3478
9511
8519
8715
9218
4299
7536
1418
3510
1162
8144
8739
2776
3686
6185
5507
7018
3999
6457
2717
5313
7003
143
5145
7831
4187
8542
9714
125
5835
3179
6854
8363
1787
2894
6683
149
2497
5166
6326
7756
8561
6199
2906
3234
9637
4110
2484
2752
3615
5199
9001
9066
8969
7789
3011
8280
9546
8253
2131
5581
5014
9110
1569
9930
3054
667
4429
3305
1406
229
8057
3953
5625
4678
1553
652
2776
180
2517
9976
8594
8606
9042
2351
8479
1572
8362
907
9839
1538
1524
3009
2148
7502
6000
691
1442
4345
4216
5335
738
8991
817
8315
9244
8809
9471
5965
3297
5544
6351
4835
953
2087
4352
3208
975
3548
5817
5546
1489
4737
3339
7529
4360
7789
9879
1908
5745
1397
7424
6989
4028
4816
5736
3470
5906
2219
6012
1040
8975
787
7888
1278
5114
3603
6890
6092
6834
6454
1584
8366
7585
2489
1232
2647
7236
6159
4534
9502
2631
5643
8751
7888
1200
3682
2511
760
1914
2316
7765
4119
4460
6269
7123
1660
5134
6366
2692
9043
9502
3267
6161
1803
6633
6513
2108
6605
719
7793
4763
4853
8079
9491
3504
9525
4073
7908
8608
8490
6956
9512
991
5074
3081
1600
4839
78
4609
4796
3354
6745
563
7903
209
9966
2840
8946
3835
9800
4574
6903
4105
9540
8828
7750
4226
2962
8130
9289
6303
7423
1240
9844
9727
1937
9842
2090
4606
9184
1125
8928
7594
6388
9236
1936
756
9768
5857
2534
8122
855
3767
7961
5321
9740
8653
1703
1716
5991
3882
6342
5483
873
3433
7412
8161
1211
442
8090
2778
7487
1014
2506
4769
9539
5722
5362
4661
5345
8821
2096
789
1838
1680
553
3476
700
9126
4745
6383
7592
1539
634
3162
1351
6173
2711
8247
3422
4736
5817
4152
7384
4040
5637
2987
4207
5219
1447
5538
2938
8385
5776
5055
3745
9543
880
3217
2048
3590
5030
895
6680
640
4750
4725
2157
6085
181
8400
5616
9559
1324
4847
1446
7391
8677
1025
3922
999
8180
7322
5589
7539
2946
3042
2328
5355
1565
8975
6425
3194
9988
9737
6109
401
6257
2107
5642
3963
198
4441
5829
1670
5333
5269
8149
6658
4856
9085
8087
4958
857
1635
4541
7009
9350
7115
7787
3417
2440
5721
878
4497
5403
7691
2207
1656
1180
4585
2941
3831
2083
5400
4739
4632
4275
4012
716
3551
6073
4115
9431
626
506
311
9078
3426
2178
9299
6712
8247
569
6804
2977
3217
8062
3876
9517
6229
958
273
9265
5077
6721
9435
