989
3863
1749
3058
9283
7787
6510
8464
5794
7742
5636
981
2086
9673
1154
8416
9931
301
9176
4322
6014
1341
4321
5647
5199
7704
4392
6510
417
5171
7877
9400
1355
5585
3461
6513
3923
5399
1703
31
7826
8006
2295
6372
6679
7434
961
3031
9940
1387
5621
1241
3596
6892
1222
8827
6920
6403
9397
804
9287
6429
519
1671
725
8798
8762
6561
7227
1312
1121
921
6516
3271
1070
6948
3169
5443
673
1125
5038
3615
580
7846
1923
9856
3268
3110
8230
891
4483
107
3330
1006
4588
9559
8666
5184
2789
5026
5532
1698
9758
1786
5281
9310
2892
4402
6878
9784
5011
7230
2765
4962
6492
9792
1738
5390
6597
3638
3973
8713
4834
4197
2314
8470
2448
7347
9631
3965
1502
1695
697
3484
8226
4372
1985
7820
6016
4154
19
2599
9412
9763
2413
7767
4875
6491
6509
8657
885
9152
5378
5917
644
1912
293
8272
6431
6955
8998
6863
7794
953
4312
5983
1238
5240
6909
7850
8707
740
110
6606
3314
18
290
2871
159
220
3511
6013
5199
4343
7026
1091
7259
6044
5823
7120
5609
7918
2130
2764
8601
3423
4163
230
5239
3328
9105
9765
4074
8828
1969
4311
6813
1873
8224
8564
9250
1453
6548
2247
9397
2265
1908
464
9347
8365
9805
6639
5769
4068
6561
6376
4739
1038
9492
4936
9403
6180
7832
5971
7620
9759
2874
2774
3255
4079
8505
7705
1147
6858
3199
3307
3177
948
675
6449
8476
654
9075
3757
7558
8369
50
4830
6701
5437
4606
2288
7923
5662
232
5198
3738
4233
5832
5065
8349
5122
4467
8037
2269
1501
2634
3267
3970
7738
544
1280
8760
3947
145
532
5358
2176
6584
498
9318
1134
18
1595
9049
7804
252
5276
2551
8111
4617
9946
8118
368
818
3492
4169
3090
7942
4916
3948
966
4640
8110
126
2609
2859
5517
9074
1780
1683
7557
1016
4937
9518
6141
402
3955
6970
7989
3985
7871
1138
1639
7457
8208
9113
5472
3805
7090
70
5254
7710
8141
8900
6194
7610
2564
1249
2449
1401
3473
5669
7872
3419
8743
8712
5875
8750
6423
9501
2663
8593
470
3951
1413
7269
6265
1112
2988
1651
8374
5024
1914
115
9577
3283
4505
2144
2772
2836
896
1771
277
956
6208
4687
5543
4470
2628
4779
6017
2829
5489
9314
3544
3372
7326
8407
1541
6590
5633
7726
9237
4422
1606
7739
8448
1246
4556
3976
848
1861
6390
6516
3775
5993
3010
8722
7184
4313
9705
264
781
7498
3708
7193
2683
7577
6897
5629
3131
5737
9348
3267
6122
8060
1274
7022
8297
2793
6761
772
4752
9947
4818
2277
9149
4096
9352
6826
1521
1732
965
2535
6107
5300
593
9793
4387
6263
5565
2975
8241
6189
9510
9763
370
4666
1460
372
1577
1848
5863
5078
5800
6051
8835
3398
9194
865
7307
1142
8817
421
3083
5988
8045
6767
8644
3885
1273
288
6843
6253
1156
5354
203
9076
7518
8390
6296
2650
8329
4290
922
4572
727
3520
4833
4685
2601
3317
3664
7374
7108
1444
5502
5217
6251
6380
3547
2377
7603
6103
3902
2768
1729
154
1841
742
6001
6272
4209
5828
235
3957
4521
9720
541
9355
7015
9536
7621
392
2095
6842
2715
4460
4156
3921
1206
5738
5490
9385
308
5023
6392
9334
3290
8962
6527
2807
1690
5360
5696
1583
8823
564
7213
2341
9420
8248
7536
7535
6527
3121
5785
3692
29
1394
2281
880
1416
8611
4678
8881
6541
727
8582
3384
201
9405
4098
3065
9995
1989
3636
8090
9132
4231
9184
2272
8199
6255
5505
9980
7772
1639
9336
8184
2852
8335
5341
4636
6033
9430
3205
5503
8612
371
2839
1445
489
5724
3103
9337
8358
8980
8642
2127
7014
75
4978
8927
9723
3795
7151
8120
6330
4022
4798
4627
2586
2786
9905
6728
9442
5717
9211
9051
411
6596
6252
5407
6602
4016
734
5523
2713
7549
3310
5242
6294
7287
8581
9639
9813
3082
8578
6645
8511
3212
6998
4404
9065
864
1589
3174
8886
6538
1693
6222
2681
2343
6406
5581
2963
6001
1133
1236
9672
2163
9041
8468
8858
3515
7239
7231
6303
3090
9025
7102
1998
8572
5068
4329
5112
2338
6867
6247
503
10000
397
4015
9701
5191
3812
8005
8488
7297
534
6505
4229
7910
9378
1924
5566
8572
3330
7108
3587
7509
1312
3775
3436
7087
9180
7887
7397
7398
6625
1040
3518
8846
2461
5642
3837
5707
4685
8816
9804
2923
3706
3566
4749
191
3399
3769
346
3171
3094
6832
289
1820
3541
1179
8854
1987
7133
4954
6194
8236
7996
4284
6617
9026
6247
6312
8092
7953
3798
8005
5801
2422
4540
8799
4372
6594
3553
5045
1552
9796
4931
1721
2875
2235
6496
2209
1336
8589
193
8488
7031
9217
8040
2927
5636
547
8316
8645
1677
6127
7336
2779
4317
9874
6191
6013
9442
9373
464
6049
3652
8949
1688
7875
9976
9256
6703
3252
4152
587
5519
3677
7721
5926
4114
2438
9520
5593
5230
1263
927
9251
5394
6648
12
7674
4068
8674
438
6543
7098
8389
3091
2901
1133
7463
42
4613
5467
72
9876
1424
9404
1261
3470
8652
7462
1458
6074
2213
5089
8804
1708
414
1402
9374
4416
5160
1850
6937
4214
8417
5856
9496
4851
4832
8061
9239
9384
1160
502
9331
3195
1666
7839
2121
5907
5785
2905
7903
8323
8566
3959
1590
8381
9708
8262
7591
9487
3323
2007
9956
7397
8764
761
1276
9435
3215
9768
6055
456
4066
4004
9157
7113
4176
3135
5634
7928
6438
7052
1571
4508
9596
549
2569
3588
3926
8400
3719
5021
3006
7022
6321
5018
3458
2180
9210
7986
7770
9791
5293
9005
3003
2335
3984
3876
3391
9835
7023
1549
501
9434
1823
731
3954
4242
9970
7302
474
5440
6239
5856
4582
9878
8955
500
327
3132
6338
1533
7413
6147
2222
9103
6689
6912
7647
6267
3874
1065
9396
6784
3365
630
9295
3808
