2280
9517
9594
580
8070
9688
840
5225
284
6
2548
4076
6276
6608
2498
5223
9644
393
1854
4242
2140
2207
7583
4271
340
7149
1116
9818
4795
3958
369
6149
6019
8698
8960
4518
7639
5753
4875
1469
6264
334
5723
9781
8345
2621
1032
237
2184
9914
2385
3877
6502
8522
3851
8325
2393
1547
9102
7205
4417
1601
9539
1787
3887
8083
5604
2841
7194
4328
6598
2575
3159
6250
1254
1257
4630
1180
9010
2830
71
1634
2577
7823
606
4204
8847
5282
5969
7537
8
3298
3193
4063
4836
7318
8817
1283
8547
7347
1084
9535
2349
4430
1686
2669
6689
7725
4118
6218
2806
38
6940
305
3607
9387
8918
774
1112
3153
5783
4090
7955
7975
7964
1748
540
866
4818
7327
5956
6201
5099
2444
3925
3140
5286
8432
738
8837
3399
4302
6012
8364
5527
4307
3594
5358
2857
5600
6671
2523
543
2563
1400
4077
2938
7129
4707
2006
6918
4872
3601
5670
4462
6080
5652
795
8077
111
7931
5498
7240
3794
5688
3325
2020
3661
6252
7231
9375
3173
6666
4493
6654
5751
4175
6130
9770
4435
1246
2117
6801
2337
2191
4178
4702
9067
4693
3192
3161
955
7952
4381
345
2062
301
4101
1774
3952
5162
7070
4607
6841
328
6509
2917
9087
1438
2396
3549
1412
8561
250
7830
4742
4222
961
1270
4976
9992
7943
3139
4681
1004
3270
7724
7997
1607
6295
9376
348
1693
7796
5152
9540
6843
6391
6744
4456
7765
1402
7601
14
1675
1573
5371
4683
544
8752
3592
1396
8571
8973
100
5702
1842
9490
9465
2001
3735
229
2210
9440
1774
7245
9091
6785
2743
9351
103
861
2550
7124
9278
3609
2098
805
7021
2342
5645
6605
7818
2567
6640
374
6652
4230
2144
6369
2124
3852
759
423
3914
7406
5490
6490
2951
4943
4923
5548
4699
1020
780
831
6380
977
5102
1700
2417
3714
6983
3936
8962
5136
8542
624
3231
8995
6304
6241
7413
1101
7958
688
7403
2903
4181
8880
7211
1592
7015
1659
9876
6253
9787
9395
3459
9582
1728
5856
1403
9836
7332
8428
3045
4145
2439
5285
9720
6248
9573
2943
9208
8622
5881
6138
8062
6716
882
2116
4571
9035
4271
1657
3865
2347
5603
6639
3016
6483
5379
7486
5064
8878
4521
1506
1410
2410
4008
6830
3439
5352
8774
3240
3935
9325
4030
7874
7629
8532
4233
8556
9353
8775
4587
2460
1261
6045
2249
4664
4243
7122
5296
2888
1158
5898
2148
8739
1938
5789
7434
8679
8452
7115
1501
3971
222
9671
9138
9686
7011
582
8978
9513
4486
5090
68
9537
244
99
2619
3846
8832
3676
6953
7473
1183
7822
855
5933
1118
2538
509
7440
9686
4924
5508
9481
2106
4072
6482
8690
459
4910
1787
8584
8823
8298
3869
8856
6956
31
8313
2287
6058
5456
3708
9579
8438
3834
5467
4954
8679
4907
4905
2860
8624
9886
2684
2765
4423
6000
6555
2375
1418
147
4140
1203
6150
5789
9438
6292
4375
8774
9909
4654
1035
2309
442
6485
2957
1136
1932
7046
7475
8534
9930
6791
1197
3902
4571
5104
7933
2705
7314
4800
2731
8769
7895
7288
3963
2914
9369
8432
663
8052
7345
6623
8179
7915
3443
7685
695
4721
5017
6808
1471
1299
956
1086
8466
2084
9541
7029
3540
1194
1199
7259
7618
4045
8802
794
6407
506
1180
7443
541
894
1111
8634
5326
5670
3059
205
9864
9304
1192
2117
9677
3052
13
7493
4356
7667
4985
5301
34
8235
2265
4166
5810
777
5248
3168
9251
3680
7242
7334
4122
7388
7392
7864
8513
5114
9222
5437
7676
2264
7653
7802
5871
3483
7254
9930
1291
3888
8994
3620
6535
8434
8943
3351
9022
4700
3938
4946
1210
1214
9399
8635
6425
3382
8727
4929
7071
3214
5302
9803
3508
7595
917
8617
2768
1611
510
9981
6408
3588
5406
7980
9358
799
3222
8479
8104
9800
9924
8443
3176
3249
6442
5202
4702
64
5449
5340
5111
8787
5986
3824
9699
7485
9218
4679
7887
4542
6023
646
9471
5633
2114
89
456
3898
4446
8356
5686
7462
3783
8281
1491
9302
2766
1862
5869
2721
7974
4019
6925
5869
167
7448
4680
6523
7424
4278
191
7597
4750
3199
6639
9595
9664
1804
4865
1984
79
7251
7519
5130
8826
950
3201
4827
5871
2761
9296
6255
7136
2789
3900
4019
9171
6163
5718
9362
292
4224
1363
5626
357
982
4590
5941
4435
4977
8019
428
9741
7225
9159
1225
3819
884
7235
1909
665
1090
742
8518
4878
4213
8473
2146
6026
3966
6737
7830
3437
1310
6179
5411
3777
6675
5965
320
2279
9341
7233
298
5773
2465
2933
8066
4233
1871
9622
3416
9564
6820
3375
7662
4285
6607
3918
6831
2527
5616
2710
9183
2410
9984
3475
7155
2286
9362
2028
4253
3605
5018
4638
4283
9664
