7949
3276
1171
8173
1877
7221
340
2623
4652
1852
5426
3128
7590
4394
7370
6225
9020
3910
9510
455
3414
5667
3073
6903
1244
7851
735
4368
1738
8165
1126
1926
4237
8151
789
6436
9560
7368
2873
1083
8498
7022
7394
7312
8980
3435
1923
7046
7650
9149
4112
2318
6924
1502
1583
5982
6071
4737
7135
3353
2069
2440
715
6200
5481
2297
3822
5485
886
817
6952
8562
4170
3957
380
8338
9989
4833
5870
9931
6848
979
8997
4783
9669
1994
47
8791
7234
7019
5045
7207
7929
8828
2510
7600
8708
1394
7017
1495
6426
7430
1393
3142
7359
5252
4906
1670
1195
5654
3346
4562
1686
3294
1575
4696
5682
6542
4421
8556
3960
2464
7626
5913
8981
6994
2678
1234
2370
8640
9409
882
1319
1393
3301
999
7650
6382
7422
1576
7657
9775
5337
2925
4594
9286
5777
442
8352
6035
561
3070
7925
9990
9741
665
3570
9014
4865
4133
7901
8256
4584
4769
5197
2427
9440
7756
2269
3664
2801
1195
6499
220
7045
7995
9212
3163
1267
5788
8670
4502
9617
8492
1931
6325
5174
2359
5243
6804
9844
7450
8910
1810
5354
6146
6317
3970
7063
3572
2317
8908
4824
4693
3362
7220
706
5911
9474
5856
4604
7680
5699
6461
7919
7663
1307
203
6104
151
7582
2882
8169
1205
5480
750
7152
3920
1632
6671
5035
2253
4336
4990
2263
437
6459
5920
2748
6026
4266
6642
6226
3750
4334
9847
1733
7909
2096
3044
2244
8625
1988
2871
9032
9785
266
4725
3763
1808
6134
1413
4618
692
5333
9284
4254
4647
5898
7515
8338
4241
1722
942
3783
5708
2474
1578
5590
7503
2167
2774
5178
9491
8513
4676
7052
6925
2362
7862
4589
6206
7433
3041
1260
669
4352
2253
7683
3971
9657
8127
9845
9766
3921
6821
9061
2496
5101
7726
1698
2773
9879
4008
6811
9856
6563
5296
9123
5150
8982
6358
4567
7067
4100
3119
134
1229
7531
1872
1038
4434
5487
3903
6528
49
7551
2359
1101
5684
8798
4225
8146
6181
601
444
1800
5989
5511
9159
7531
4726
7037
9797
76
1065
8796
9131
5296
4103
738
3413
2796
2432
4387
322
6112
3919
3221
2646
5320
2229
9429
2575
4303
7722
8760
2711
9194
65
9676
4376
6840
9890
2198
8426
972
7107
5017
3672
2502
4020
5722
3488
5307
539
5874
9615
5070
4846
3609
9165
3865
9518
2855
9222
3248
3333
1671
6817
9114
771
7017
839
9613
2010
2892
9488
234
1845
5865
51
3557
9962
6713
2158
6669
2456
5734
2982
5010
6719
1751
5789
2151
7249
2640
7724
5488
613
8738
4411
9606
6951
6136
5047
9199
5889
4899
7379
3002
3503
5751
7129
1072
1847
2209
5010
3141
2675
6068
4500
8926
8539
1947
1345
8042
6946
732
1939
8477
8159
1753
845
2789
2388
1243
5373
8423
195
1132
4077
4165
3752
8982
8951
4050
6629
7983
7551
9230
9488
3640
6191
6157
4419
7632
9791
6298
9309
3428
7295
5139
1758
5751
4160
2735
9756
7197
5841
2335
2532
9147
692
1440
5755
5775
1373
921
1208
94
8535
2849
7397
2963
4952
6611
4383
934
7322
423
6323
5690
5324
7796
7503
9951
1272
7751
8832
5435
4017
2437
5620
2834
5872
6820
8941
3615
5309
8413
5776
5967
2595
8570
2431
6190
434
7991
6344
1533
5140
1519
2844
6344
6333
5211
110
5937
7564
3299
5491
7282
2815
1025
2845
2145
7747
2723
3053
6316
7010
5888
7450
6168
4907
4788
9793
7446
9017
5653
5942
992
759
6378
1369
3497
1945
8710
156
9540
4930
5925
1692
1191
8796
2756
9487
6386
428
8178
4716
4171
2202
9353
9356
8640
235
7327
4150
4130
7510
5181
1354
1602
6956
4900
3978
9331
5520
2858
5466
260
7613
4625
3824
2207
7454
5388
4527
7824
1000
2441
4125
5160
850
2763
5223
6896
5505
6421
6224
2913
8395
3312
8360
7005
4194
3478
7009
9636
1421
7595
4067
495
7712
2797
6528
2941
3392
1958
5216
4174
9896
8526
4239
7099
4867
4066
7149
9475
4602
8248
3176
2912
1843
8985
5848
9729
2131
4736
4234
6940
1164
8347
9941
1532
6896
3622
7114
28
4535
3007
9199
8375
6039
7405
1938
5878
7186
6030
4495
2148
3107
4744
9486
6603
3339
6042
4349
7952
5054
8648
1452
6101
8127
8429
1632
1210
8267
896
6000
5315
9119
8611
8761
5168
6196
7432
5229
3292
2020
306
9593
3807
1083
7020
1286
3479
1121
9567
4033
1821
6288
8024
44
2302
3987
5103
1311
2562
7932
3786
6550
6938
3990
7037
4494
5697
9361
4801
3390
5086
8350
2916
9473
6695
8575
3427
1061
9950
5931
9787
6921
3049
8434
5320
6839
4394
7002
4879
1117
4311
8969
5314
5950
5458
2322
1904
7021
6361
4730
1150
7758
8935
6363
2503
7219
6882
988
1863
950
5855
6438
2371
4219
5830
3561
6660
7245
2635
3779
7226
5259
3663
6859
6311
6736
1091
5978
9137
715
8097
5725
6471
6402
5229
8469
7421
8787
704
4791
7237
934
5911
4241
7361
1811
2754
647
1435
152
8903
5956
9368
4867
4272
8432
4684
8152
8475
5530
6467
9552
4489
5589
875
4395
5096
1441
4160
1876
853
543
5337
4447
7901
7413
5333
1240
3997
3156
4167
8320
3419
236
5108
7851
8474
7146
3072
7709
9117
7255
1821
1553
2779
6122
950
810
9893
1627
7820
4485
8569
5743
573
7906
8521
101
8491
2258
3511
3704
6299
2571
8489
5947
4701
9042
5032
393
6806
4999
2045
3370
5189
1435
6175
4553
2892
9236
8663
2600
973
592
5019
6060
6363
9865
6374
1843
8978
8355
840
8170
5823
9052
8487
7130
7338
9527
791
5733
1318
6755
505
7440
5756
7170
963
8966
679
5695
63
5545
9242
4371
1111
754
5949
9214
5864
3469
8962
527
6509
1346
1720
2864
1445
1167
8434
6492
1179
686
6840
9032
542
5755
2432
269
4332
3101
994
7380
8684
774
6264
6016
