1790
3070
974
5476
7708
6128
1357
3059
612
1889
774
9119
2317
1112
7180
89
8777
9934
6002
4882
8708
1354
2228
5240
3550
4334
4783
1852
3742
7412
6683
8744
8833
7689
8294
202
3112
3897
7498
119
7028
7241
9746
7963
8944
9679
747
3823
619
548
9211
5414
7210
1046
9219
2998
1018
5032
7560
5959
2793
7745
7004
4297
3945
7856
3631
281
6317
9577
9419
1669
4685
8029
4995
6367
207
8505
9550
3701
8310
1611
1022
1995
8427
7467
7465
6350
3072
1022
9620
6338
856
2922
9575
8936
399
7740
9976
1193
990
8014
5474
5150
5906
6788
3070
7044
2795
4294
8253
740
1094
4609
7092
4656
7095
4998
7039
8416
3355
1728
9135
9789
2360
3363
2157
4124
9168
1795
9072
7889
7334
1216
3239
8056
164
9645
7029
2126
4154
1397
9171
4470
5692
7478
9900
5599
3606
5159
3190
1912
4893
5600
1141
6660
3642
6203
7536
5410
7496
306
9429
4885
2942
4818
7762
9300
9239
1798
266
4707
6752
5717
9040
2338
8327
8930
2522
6953
2210
5481
5809
7845
6597
7075
6685
8126
9836
9195
3898
6663
6486
2244
8915
778
7921
8382
2387
1317
6218
4604
8214
2151
6000
5263
447
1167
4979
6283
4499
1938
9138
6301
4287
7352
9716
786
6166
716
3103
2904
8144
7333
2536
9639
6381
1923
7006
9216
262
5202
9914
3722
1794
8866
8889
1147
3937
3855
7103
5160
3563
1913
92
4393
4677
6008
9340
1089
8509
9694
3536
5711
3409
1259
5307
2204
538
8171
5755
5845
8636
3588
2078
9475
9779
8688
7100
8464
7296
5388
8497
9800
8426
4869
2548
2099
3476
3335
8884
967
909
2065
4278
2603
5436
7647
3388
7625
9558
8613
248
8154
3925
8588
294
6863
2307
9357
3383
9956
3965
2867
1148
2332
728
8169
455
436
1503
682
1743
3765
8167
9489
9339
1042
6681
7861
8613
4424
2393
6398
391
7879
4456
500
3593
4347
7303
4660
1273
4823
9157
1805
2973
9369
6090
2636
3908
8994
9928
4735
832
287
7842
5086
299
9771
7866
4338
3555
1912
4096
1107
6245
6522
9454
46
2221
2542
1985
6559
3170
1473
7058
1412
8126
7165
346
753
2270
2952
9518
2082
1698
3493
2934
8613
3822
859
8850
9117
5466
6752
7077
6897
7151
8374
1898
4558
3740
4619
5019
4985
2586
6795
9483
5049
3675
8393
596
1657
5703
9864
5501
4508
9419
2835
3259
1590
3989
3364
7481
4556
8950
4263
4871
3536
4132
4745
8090
7808
4716
3891
4464
6239
4981
7937
2807
9920
7867
5141
8888
3666
8390
2900
3935
4074
1867
2307
7914
5707
3653
9930
7842
8339
9289
3595
3118
577
1149
5355
1614
8738
2139
7525
7431
7692
957
3534
3042
8905
5862
7250
7071
8175
5939
6745
36
3684
6211
8020
397
723
1072
5406
8545
2440
2835
4002
8291
388
5010
3591
3467
5229
520
274
5233
4030
1705
9101
9156
4301
9015
2488
7224
7630
6683
928
1067
2684
1948
4319
8978
39
4474
1210
3440
4743
6005
7608
6254
917
6392
5783
5910
2097
1688
1562
1673
4399
3238
7466
6573
7842
5787
6132
8256
370
8519
4220
7495
8574
7976
9682
5533
3329
5212
5273
6753
6027
5385
1434
8129
8762
3731
7902
4203
6922
7706
2730
8412
3082
2391
2212
3987
6096
332
5944
15
1103
9663
2466
3184
847
6677
8380
7176
5768
3303
2118
1927
6521
712
2449
5490
9970
8738
5067
8965
2220
5052
4711
5757
6687
3845
187
6137
8227
502
7420
1437
2415
3704
5556
5739
9241
2238
5970
3023
5724
7796
7229
7700
1699
2048
6668
7413
8609
3696
5148
7313
3659
7818
9929
3714
3915
5861
8171
1620
4377
5170
4650
2591
8314
2572
7601
7501
5414
7153
9505
266
6490
4441
3663
3458
7136
5140
3604
2534
862
1664
9205
6180
2732
6219
9252
2801
5104
2033
9779
2991
9718
7209
8040
2701
985
8339
4745
1218
3957
1098
3503
4795
2197
8582
4279
8434
6606
8276
865
7599
4765
9971
8739
5891
9450
9360
8481
64
9485
5491
9379
483
4782
3213
8386
8463
9347
7940
3833
8153
5442
920
4209
6223
3955
7265
5648
2750
1135
5115
5743
480
3177
2038
705
619
7198
5105
5209
5483
8802
4522
9497
5739
5813
2053
8196
7189
4769
603
5450
6127
7487
8456
9300
4517
4108
3255
564
5760
2350
1292
9851
9299
3702
5292
1743
49
1277
8989
5380
8407
3120
1032
1814
7270
7142
8825
9469
1557
6397
2939
4043
8960
1507
4612
8122
1390
1831
5366
4361
9927
8487
8879
7048
7616
1302
1093
7149
3779
6707
840
5283
5257
1733
4100
324
4858
7919
1714
6582
9074
7999
915
1997
310
9832
2452
5159
2067
4344
9486
6397
2580
7335
3424
6626
2098
8298
3418
5607
7755
6509
1551
2017
3692
602
2276
1944
6325
3144
1672
7550
1588
2489
8759
3701
8358
8914
7449
7299
9146
7489
6508
6629
8695
612
1497
5992
2291
784
6083
5036
4809
4356
5276
6768
6725
3228
1549
2761
8016
8660
2504
3285
9497
3649
2660
5554
4129
4853
2492
9704
6677
8575
9836
731
1121
9356
3472
3773
2272
2822
1680
5167
486
5615
6661
4941
2612
3884
3005
1972
2704
4203
3188
9766
4775
1379
5469
3518
3844
860
9576
7211
1214
9960
9872
3405
2950
7439
1620
5946
1706
6546
1846
7754
523
4848
9266
5606
5849
1225
4735
3436
8170
7956
6331
3269
6251
577
1711
1654
4036
9708
7645
7453
8225
4983
8407
4528
879
6294
1272
5723
8332
6360
8986
6804
6943
1432
5830
9585
2532
9254
9325
2644
4148
1482
4204
3696
4286
3567
5066
7411
9124
3494
7881
7152
7679
9738
5923
5934
9807
1233
8791
5945
7180
525
4689
2545
1268
8205
4430
8264
103
9130
2746
4595
9834
4817
9996
7205
3055
2958
5476
6949
5914
1989
9898
6952
7378
966
9665
6638
52
8344
4341
7838
6964
1714
5038
4561
3385
7104
