3367
139
5877
3417
7467
2443
5699
5299
8363
1254
211
9773
5454
5041
2316
3627
2505
580
3165
1581
7013
5224
9380
6984
8635
7941
9788
295
5345
7257
3358
9368
5333
6855
7848
9380
9710
7267
1776
86
1152
6709
6944
3791
6137
8430
93
1974
6411
3278
9045
6582
8012
4430
7756
7891
681
991
1082
4863
630
1983
5199
5090
3171
6976
5629
2469
3897
5388
2625
657
1683
1561
3641
7956
2445
1826
3060
8008
805
2227
5746
8134
7159
8331
2334
4902
2609
3556
9480
6177
1266
301
6434
6735
2557
518
3460
7553
5438
6515
7851
8200
3002
3430
2109
4682
4574
5103
3824
7907
4317
8080
6937
8937
6416
346
6716
6044
6103
166
1634
6308
8116
9160
6461
6811
7605
3141
2843
8990
4565
961
252
9962
3654
2321
655
6974
5417
6705
8380
5730
4403
1598
1835
8744
8362
6909
8545
3446
9387
6961
7834
235
7949
860
5647
6479
9393
6086
5472
6931
7294
186
7384
9629
1093
3662
7105
7612
4938
2475
4096
9489
5724
5101
802
9507
2393
3281
9350
1614
9936
3205
5308
1164
8722
7400
3219
6444
403
1994
2586
5776
9401
1476
3248
6246
3760
3049
8361
1448
3014
20
6878
9622
340
9381
3439
9172
9167
2390
2964
2497
4646
7738
182
5856
8592
8814
198
6903
1262
546
9859
5570
1126
2288
7152
833
2959
1197
6112
7419
5827
2201
8039
7924
4057
6413
7642
6259
5575
4631
9703
8719
6179
4132
4035
8092
1147
6936
9673
2522
6705
6425
977
2132
9186
6359
4696
2011
4004
8725
2922
5394
9912
8068
3286
3073
1727
8012
7193
7870
5260
1844
5785
8049
5458
9281
9656
6742
8684
4331
4357
1715
3148
6153
2564
1568
4483
2403
1011
1681
1796
8032
2650
8644
3458
4571
3931
3997
2508
429
9498
2942
1986
6867
846
8383
1431
4848
5760
7143
1389
9918
605
355
8085
8254
2529
9095
6946
2388
6759
5077
3685
9724
4876
5721
9023
4013
5222
2835
9453
5675
7051
1299
729
2275
8380
7927
3114
7344
2756
1477
7460
1990
7586
2353
264
3622
4399
884
2604
1863
3623
6733
6023
2461
1776
6841
5407
2582
4894
8753
7203
1394
6899
6590
4341
6400
1935
1136
8682
7259
680
8446
140
7072
331
5544
9800
3609
4005
2317
5646
7288
2952
1164
310
7733
3095
1142
4203
1002
8409
4216
5434
4913
2421
5285
2655
6342
3788
2641
4018
7955
7172
2132
616
4613
937
4463
7547
1174
1082
6216
3893
780
1306
7017
3346
2704
1943
9257
6106
3713
2609
5459
4108
3867
7291
4950
8497
8730
412
5712
9376
8235
90
7755
2193
8195
8989
8112
1629
8370
903
1722
8566
3427
3297
4816
1543
3193
6807
9710
3399
5940
6561
6346
1472
7518
9554
7059
8306
9763
9893
471
2682
4474
7847
5834
4106
9043
8941
8374
862
3842
9300
8681
9689
1197
1365
5282
8082
445
6105
4895
7332
4013
2008
4758
2645
472
5092
2380
5510
7621
8453
9356
351
4665
8865
1871
6157
4537
8845
3414
7693
488
8786
3457
8282
9071
2415
6456
4652
5204
3155
8531
3921
943
1330
7376
5719
1765
6287
8634
4952
1587
7345
4153
5598
9735
9120
6284
3972
887
7810
2015
5588
1165
5418
7251
784
4489
43
7145
1665
651
7986
7995
6734
3783
8506
8559
3204
8355
3089
4976
7878
3311
6398
8073
9239
9684
2702
2817
1666
8859
6133
6708
6836
3530
4597
7138
3134
897
1629
4935
6663
5245
9036
2355
8797
8567
8804
6635
7654
8114
2738
2517
5713
4699
163
3969
2726
2651
4488
3596
1798
4637
9750
6201
4510
1369
839
4935
5122
7863
5048
4350
265
603
6978
7564
8526
2478
3
6525
2167
6511
8775
9159
2367
2774
9001
4084
2954
3216
8060
9105
6364
346
1350
6329
9742
8097
1632
1416
7711
3316
8498
9569
8378
7691
7123
6702
8866
6891
9533
9603
2432
3682
7961
2582
8316
228
6952
3940
8254
252
9520
7455
7297
4153
4939
6884
2264
8902
3591
978
8843
8408
436
6851
622
4886
6681
5459
236
5847
1595
7210
6911
9169
510
2976
2196
6019
9336
7749
3044
8569
2431
7643
1344
5977
1446
5147
2663
4650
7996
5396
5251
643
8063
3793
5074
6026
6316
5052
1068
7205
8757
8788
8222
8381
5218
1610
4598
5464
5415
2626
2343
2579
749
7973
1131
1811
2580
9716
1689
8606
5398
2602
1737
8071
4911
9160
7086
630
7593
2801
7141
189
3433
2844
5985
1375
4377
4103
8779
7231
5909
9825
8711
7302
5321
3863
129
8864
2381
3879
8347
3643
3866
9029
8532
5330
9932
7408
5326
1423
9340
1558
362
761
3082
9521
2919
669
9821
9757
1926
53
9936
8435
5590
8944
4525
8945
4638
581
4643
3363
9811
2465
654
1406
4918
9715
1989
4875
5622
7130
4477
4696
54
8220
2210
9220
1041
5034
1504
1528
6438
9851
799
6528
611
2488
2543
3509
4523
354
4737
1104
3190
9004
5451
2662
5146
4560
5908
4792
2857
6965
63
6920
9206
1193
8818
8385
9660
2220
854
7097
1098
2282
9951
3792
4804
8939
7688
6458
8299
5141
2916
6947
6674
1139
6672
7465
5414
7547
349
3576
3195
5102
3752
3956
867
4948
9264
3687
3307
9309
6929
5350
5529
1465
2198
5150
569
8276
8658
96
7207
8034
9118
806
4462
6140
1131
1676
2238
7968
2706
7683
7155
3390
9868
31
8564
8866
317
3352
3389
2564
4643
8176
289
5003
1212
6052
5036
6087
3897
8453
3568
2673
1870
7801
6215
2443
1667
3434
6104
4976
2837
7983
3005
244
5912
8365
7031
4955
7930
3876
7270
1763
9462
1116
4495
4275
2592
3330
8769
74
39
2423
1048
8825
7566
7051
3819
2827
3821
815
3252
5484
3849
2057
489
7744
2214
3963
595
7051
4489
1146
6081
6679
2800
398
459
1117
2422
4432
4592
2990
6376
8909
9304
3677
6711
6458
3356
9977
9441
7350
4625
1259
4643
477
