9045
9769
5160
9981
7330
3256
9652
710
6154
3514
7403
3238
8998
4099
6497
2968
2585
788
7436
3957
6170
4759
1703
249
2691
6585
6160
7779
8317
41
8421
8446
6964
597
3502
2537
8718
9350
6319
1247
232
3932
5239
7111
4171
9341
7822
3207
8601
1383
4820
995
7417
4465
1986
3554
5357
9085
3892
2019
3907
8788
7727
1330
8167
7100
8000
9213
2656
6051
6716
5110
9134
131
473
3908
412
6884
9616
8477
6970
862
4360
6109
3105
5214
8749
8345
3740
917
2103
6498
6414
5179
9295
9880
3167
3155
9690
4428
4750
1047
4436
1397
4278
788
7555
7339
693
5592
1835
187
830
3819
2478
2275
630
6836
8058
7749
438
5740
1001
902
5499
3885
9154
7438
4319
2759
4521
3979
3706
8741
5182
2776
7838
2465
195
8666
9885
5191
1789
5708
4284
1146
4826
2487
6823
9171
3137
3491
335
7196
11
2667
941
9534
8924
2771
3172
8077
7813
5592
437
1595
5008
4822
487
1478
5613
1829
7111
9693
2308
7454
5009
6561
8555
5604
2420
3348
7274
4436
6848
67
3169
2950
6680
7938
2866
842
5990
6400
8546
1871
2795
2480
4593
9618
7893
2047
6081
4376
8377
6030
6568
6783
1470
879
2768
5631
8540
9286
8083
159
2123
9777
8462
36
6340
7797
834
104
764
5387
9142
2152
6438
6607
2626
8718
9315
9395
3713
2549
6162
7674
3207
5691
4330
3215
297
4206
7050
4441
3726
7076
8927
1070
1227
6415
2840
1494
3059
6895
8587
1840
364
1586
6795
2901
2732
6418
882
1873
6736
4949
1176
8689
4702
3526
1446
4191
492
8
9274
5715
7136
8827
264
5923
1771
9073
4089
6741
331
6622
5210
3341
9696
8045
1635
9886
171
3309
9668
1803
8306
5037
7947
2673
4167
4252
4600
8653
2674
4609
1491
7878
9767
9510
2203
9527
6040
9132
873
2990
9577
9180
4820
3604
1022
6135
5734
5199
7441
3096
2358
563
8166
1979
5187
6956
2894
9004
5794
3003
3139
1089
1342
810
2401
7597
3008
1694
2978
5798
4158
6311
4206
7032
3441
3802
5734
6815
6790
3020
812
3430
4275
205
2439
6224
6002
3382
8921
2898
3003
5011
4628
2593
3974
6865
1372
6280
4657
2915
7891
2338
3998
2386
928
6381
9153
6894
648
5266
180
1196
9983
2334
6676
8101
929
9877
6135
6469
2539
3803
3105
5237
2839
2999
5005
5160
7475
245
5988
9892
2168
2938
7820
2204
2630
329
3721
5506
5353
8241
4281
9282
4950
6914
5783
6347
2475
8602
9740
5760
3799
7096
5644
2932
8148
4509
8994
8796
6780
5003
9684
3037
8688
8905
2588
1593
8934
8574
6296
2053
5587
3013
6403
1428
6398
9691
3911
8624
1027
5213
5606
9791
1247
2875
9437
6413
702
6742
8986
1650
6457
9803
6578
4386
9751
41
8127
3176
5877
3618
2505
864
5694
227
4513
8227
7146
4238
8388
9409
4009
4089
7939
1096
897
8354
6699
4601
982
1822
8292
683
7487
5469
7697
5954
1411
8491
7792
8049
3935
6160
46
7715
675
9740
9673
9453
7362
1559
8108
396
7204
6532
4959
3329
3979
9439
6652
9641
913
8214
9033
2051
7780
567
8249
2095
9731
641
6712
9712
4443
6120
2282
10000
9548
9969
1537
8163
4027
7818
1445
9382
2858
1452
95
3287
8996
4565
1524
3307
8175
8699
2950
7428
6897
1403
668
5283
9909
9809
5749
429
7277
5518
4783
8204
1170
1053
3489
5735
6749
8317
668
4320
4485
7669
2339
88
4126
1718
3288
8527
1061
7274
8470
4799
5022
4132
5627
4090
6337
5168
1676
5006
9284
9128
6381
6893
4817
6152
7682
7725
3088
1496
4783
8778
6722
1705
5319
4051
1959
1271
2163
2663
3935
8869
563
7034
7146
1931
2838
6405
7744
1196
6074
9361
6415
9522
177
3631
3081
4448
870
8159
9257
1139
9354
846
5318
2549
7360
9161
7717
4809
1002
1904
6583
4071
7856
2931
7357
1154
1597
3687
6496
6489
6206
7148
2435
2114
6631
970
4318
9718
9682
649
6848
5140
2887
9435
2244
9128
8605
3879
8279
1020
1407
8368
4501
7066
7347
8760
3113
7605
5120
4992
4499
3992
5942
2266
4889
8513
5285
6968
763
550
8488
8026
4107
1799
9176
7103
5859
4927
7242
611
1625
2639
9040
2473
8503
5138
1032
8466
2909
9107
1061
6066
5835
7530
1342
8703
5852
6245
7257
8213
653
5071
3415
3366
160
9109
5193
5244
9546
5417
2456
9184
3001
6998
8222
775
3654
7720
3536
9273
8764
8843
9611
9146
610
2363
1065
372
7688
6252
2462
1341
4434
895
4407
6282
6292
7689
4063
2779
4623
6424
2578
9730
7557
5717
177
9173
9297
4380
8526
6505
6195
5464
3230
5056
368
2269
819
3807
5791
305
6880
6263
3957
2378
5196
6252
6557
2656
7998
2303
8165
2523
7445
5007
9636
941
4619
1692
7656
1359
4656
6975
6194
1082
9339
6481
2116
1138
2150
7342
9772
604
5242
6777
867
6051
6062
6126
7327
1508
1739
6626
8725
7337
1455
71
9893
5197
5228
1985
6176
5489
8200
7497
1858
3989
2660
4134
6074
9819
3733
6467
9016
6319
2224
3818
1419
475
9208
9624
1403
6063
6341
2648
6137
7000
7125
5363
9409
5687
3905
5468
2170
7225
212
7999
7604
6078
7385
1132
4811
3423
6076
8156
3126
7106
240
6260
6109
5065
1162
3210
4238
900
7953
2170
2878
3774
3156
58
2074
3085
3707
2601
3735
1427
956
6914
9174
732
8981
6101
409
3533
8588
9002
7866
7205
3739
5478
5158
5712
4132
1788
7078
9964
9347
1719
6283
5487
5823
5199
6838
2366
5212
7713
8670
5871
2367
1801
5822
8707
8193
3244
9518
8110
8955
6885
9378
2905
2447
8483
7382
8483
5641
3304
8048
8680
5369
1768
531
1481
5179
9580
5870
9136
8657
236
9305
4419
5257
8088
9943
7797
7113
9968
7054
9300
2656
6204
6742
5196
289
3971
8703
962
6592
7819
6087
3269
