9638
9232
5807
4592
5689
5622
8139
1325
5603
4164
7338
4780
5230
5769
2058
3574
3142
3640
4
4831
3221
439
818
1898
9441
7939
7179
8893
2877
3339
4681
3937
8215
5210
797
2730
5196
1352
8641
3501
4670
8702
956
712
7014
1482
2305
7367
4211
3396
6126
1864
8132
9224
8834
7193
194
9264
5706
1137
7127
7403
122
3850
9158
2927
279
4384
8000
1439
1781
9793
2764
9946
823
4663
6243
4747
4497
4471
9132
4913
6220
5264
1446
9862
7873
331
1959
8449
75
5536
4148
2163
8482
857
9283
3448
5906
2266
6590
5620
990
5401
7066
6950
2694
5695
4419
5425
3714
7806
5356
7993
6846
7974
2959
7676
9369
9532
3098
3928
5585
7990
6583
5653
6009
9645
5426
8802
1062
6315
131
2960
9760
9903
5142
6173
6385
500
1346
2400
4456
431
642
9302
5645
3869
2554
1010
2242
9854
3059
9705
4709
9668
8323
4446
6025
8158
4894
1349
8204
2357
8312
765
1087
1615
1353
7154
6883
9920
1248
1795
5463
4499
3034
6946
496
6746
9798
6901
1562
598
580
2460
1341
4529
5434
2380
3030
1442
2328
4102
6344
7581
6946
1123
2131
6677
6882
2165
5165
1653
5671
9891
7045
872
4492
4754
5777
2927
9190
7110
1908
1687
2699
8696
7607
4982
8725
3702
9189
3315
8794
5787
8312
8107
9016
43
2489
1452
8637
9334
4281
9233
6563
6637
4012
4801
4438
4047
5751
775
1104
2487
6910
2093
5880
4371
3375
9375
2344
7088
8935
1773
5479
9512
3163
8769
4567
5513
2491
8786
2255
6258
797
3141
7729
8824
9482
341
9971
3270
3012
1725
6997
1673
5728
7039
2083
4593
3494
5172
1013
4262
7332
5245
7841
3038
3928
2710
2228
5314
1498
3911
8491
3569
2366
7420
6751
2646
1948
1581
4876
4218
2486
7263
8314
6723
2770
1554
7055
8179
3492
4941
6963
3331
9303
3942
7015
5046
4693
9656
4067
9044
9592
6051
5932
7871
3396
4931
3774
3673
6357
8557
736
8974
9926
3687
997
669
1696
803
9828
5342
6562
85
4829
7844
3028
8919
6593
773
6742
1859
6300
6118
8496
6827
8188
1183
9532
6779
4835
2602
9871
6609
3079
8829
7404
4773
4571
8482
2349
270
8829
2955
3432
8281
3401
6141
5110
6787
9095
1451
5480
9098
1169
4616
9363
1405
3296
5974
4416
3202
562
4131
8117
6808
8145
1674
9225
5270
1017
1332
5923
6
8162
7208
6534
7827
7316
7909
1802
2838
7423
2451
9715
138
3743
6660
280
2351
7985
7021
302
8212
261
2888
4789
5184
313
915
7584
2184
2513
9235
2426
8520
3436
6567
6387
3249
2549
4865
4271
4105
7570
8136
6778
2815
4793
7218
2477
7274
9219
8748
303
6302
2980
6504
157
7510
2641
2616
7477
4446
2236
2692
3277
3236
4976
45
9356
457
8841
5322
7859
3102
1140
6547
4978
6910
8790
1672
6978
3294
1119
1304
7737
3302
6655
4809
2319
2345
71
4061
3237
5907
8031
331
259
2824
7445
1957
7952
5751
7634
7098
2735
821
2882
8896
4489
3435
6414
8120
7512
2013
1874
5835
4371
1898
9288
6764
8564
4010
1688
2402
2970
9342
3493
8468
1346
1845
2774
4241
7048
7668
5469
1890
2062
1333
2097
543
3682
3108
3670
2380
9833
9095
6786
9978
3405
2111
3735
5206
512
1085
463
8040
5693
8173
7904
7865
1323
2220
1345
2931
441
3079
4242
4944
1654
7316
8468
4048
2229
5508
213
8939
3161
6315
1036
2316
9106
5582
6413
301
4337
8231
7500
6655
7081
4632
3823
586
4092
5274
565
4475
5462
8491
1810
9550
1708
3528
2618
9807
2752
6860
1449
1072
5574
823
7282
9138
6948
7201
4504
5643
5568
9426
6060
8447
2242
7922
5771
6663
8301
9280
6009
3327
5676
1543
6061
5399
5619
4662
4912
5875
7079
1371
7271
7188
6958
2884
4812
3560
7944
1647
8396
2031
4967
4576
7662
3384
4500
7766
1362
5534
2755
2868
5573
4505
8886
7014
6560
3935
4745
4952
5284
372
8306
1684
7951
8461
9029
5240
2343
6960
1087
6469
788
3539
3970
6857
1497
4785
7236
2390
1069
99
9633
5825
5530
9841
3654
2354
7282
3596
4474
7629
7625
8539
1317
4120
8531
3320
7632
1078
5057
3163
546
8974
3021
1847
6973
443
4857
1338
6850
2458
1604
8066
6816
8026
1823
3373
7424
1162
7628
6230
5306
5916
5384
837
5585
7149
6596
6083
1486
5355
9853
9876
2295
3284
2390
6022
4311
4356
8770
4444
1833
6753
6137
7659
769
9326
8227
353
833
6331
4998
9525
2487
8530
7562
2195
442
3062
7536
4903
7910
1952
508
6414
7412
141
4356
9824
390
776
9972
1378
5521
5625
7799
5927
8969
1305
7050
5155
9925
2033
6191
4532
2270
8435
2392
1234
70
4576
3384
7159
5706
122
5138
7425
39
7565
3999
8349
662
2709
5518
1600
1649
2357
9438
3777
6794
78
5297
5652
1264
367
8190
4103
9899
9408
4545
2203
9126
5822
9406
734
9867
3207
6028
6810
7070
7572
6136
9228
593
6731
5379
3282
64
4973
8111
5254
3537
7449
9187
799
9269
4574
5892
6512
5113
2446
7617
6855
9662
3262
1243
2466
1058
4366
1601
6305
3239
6443
5007
782
4349
2981
1236
6680
9274
8997
7856
4331
1353
3566
3955
43
9018
3920
7229
1582
1868
1617
3207
5382
8515
289
26
5603
990
4058
8270
3834
2860
7456
7149
5977
5251
399
4319
82
4618
3718
2311
3530
9315
2991
6877
8421
6612
2604
2805
947
3622
5871
1304
3961
139
1591
9378
5325
1871
6376
8118
2256
1678
8163
4340
2530
7466
3488
9591
4660
9704
4939
6461
7725
3927
5209
8628
4138
675
6700
6108
4938
995
5340
4336
9747
299
9767
8943
974
8365
2252
2720
2880
8926
1241
4482
5350
8783
7634
5101
2183
7951
640
4188
9919
3352
8804
5889
9694
1285
1673
9320
5758
3415
3126
5230
633
8470
7290
3965
3199
2669
461
