115
966
3348
9114
5024
6991
6197
2699
5632
1483
2312
9754
1953
3753
5261
2811
5148
1417
3913
292
5926
5792
9971
4595
6048
4656
5974
9357
9371
4656
6960
9917
5515
460
1251
9027
9738
4875
2803
3843
9013
2934
8145
2686
2845
5711
7581
2754
4547
9690
6796
1961
7361
461
8533
5846
9888
6560
2994
6389
7246
117
5520
3507
7096
8318
6989
1663
7519
4028
6467
7009
4385
2983
2642
2834
7951
8756
4041
6591
2261
2475
3840
3735
9697
6848
1171
1673
7113
6597
9113
6494
2640
3157
6491
6140
9281
7442
4251
4678
268
2728
4653
94
9058
1982
6533
317
9357
529
5391
5111
5288
1796
53
1190
3701
7230
2481
3145
1125
946
7244
4333
7339
2151
9465
967
8686
4186
5069
7638
1404
3494
4672
6135
9049
8735
5151
7751
2389
6525
3599
1881
8620
6451
7715
1477
5301
1015
6114
8093
5748
4746
4876
5148
2841
2669
7071
937
4201
3089
5956
2685
2841
4602
1866
5639
9289
404
2301
6962
6354
8627
7271
5696
6334
1690
6299
8915
7224
1429
646
7164
9853
3866
9736
5536
8138
2187
4491
176
862
8282
3113
4013
867
4909
57
4519
1135
5869
8061
1722
2670
4410
5807
6100
4320
2484
5564
3442
7957
7686
4869
6233
4035
6307
1452
9414
8850
5234
4729
6367
6822
3150
24
9173
5169
8825
4126
9899
9389
6486
8083
796
3195
8202
5299
2528
840
19
8202
6037
9172
1950
8543
3773
3070
7268
8722
7274
9406
9895
424
3912
9769
45
84
7630
5422
1759
2092
5112
8077
5819
6417
331
7666
6463
3940
3654
7823
6194
9812
8613
6143
227
2793
7680
3351
8806
3164
2087
582
1151
4210
6580
2727
9189
7780
310
3286
7792
9314
9650
1262
9177
1620
6636
4701
4739
3589
3849
3216
452
3852
7542
3432
4500
572
4660
2352
6061
6557
9472
756
7133
739
8163
7025
7313
8732
9075
5331
7176
2338
756
3428
8119
9074
7213
7197
4672
8682
6184
5142
6300
8312
8826
7339
2761
987
2734
8281
336
6848
2712
5188
8058
9601
9647
6847
7454
7800
2366
8800
6360
9300
4100
4227
9962
5306
2278
4014
9464
7933
5131
6358
7525
5720
4033
2319
9460
9410
1019
7525
3439
3398
8479
8416
8795
8932
9016
7881
4953
5070
7571
938
5841
1738
9915
4770
8951
7123
3626
8857
1939
4958
3024
8064
7865
4185
7475
4136
4290
5074
4845
8902
6007
6740
6064
7180
4280
907
9183
2417
9683
1076
4526
7104
8412
6913
630
1895
4930
9601
252
9235
5109
8225
6298
6731
8637
1563
7339
432
2692
4578
8785
8090
2592
5540
5973
4429
5654
6641
8247
7340
7302
4382
6849
8157
612
9533
530
7030
600
6715
6923
153
1257
4488
7186
1960
8035
8158
9603
9409
6782
6136
6260
148
3254
7037
2625
6942
3090
7292
5171
7150
9318
5209
8020
2067
5926
2215
8886
2668
2834
7916
3983
1241
1975
1166
3287
9572
7123
7254
4736
3318
3811
8525
4108
9900
5021
1470
1194
809
1376
5243
9521
1035
6670
96
8492
1560
8686
9988
1534
7082
6076
4809
468
2041
1819
3866
5304
9613
4970
9943
8844
1830
5681
7093
2236
7227
9425
4730
7417
1602
84
1077
9873
4592
5997
4835
3016
9394
8852
4433
6367
202
8536
4722
664
6362
524
5976
2329
178
5518
8728
7065
6142
2386
8865
4609
6924
9224
6693
3193
3199
5172
2837
754
3801
2614
2652
700
6525
7290
1155
5550
1665
4365
8606
3991
1725
3609
7349
9073
4567
3691
5299
9697
1569
3101
8963
326
6990
5994
2940
714
3656
8732
3312
8534
2405
8856
3857
9529
638
3282
7587
4277
5635
305
6335
1651
6629
2097
1927
1135
2483
7224
2320
2191
8333
7813
3853
1887
5098
6743
568
9017
6834
8700
3318
2849
2277
6568
2233
4085
7075
9348
5769
9907
7276
4311
3194
5740
9201
9919
2518
6876
8362
7590
1239
3965
6328
4833
1730
3933
6748
7374
8028
9260
9121
5259
1346
8135
709
1617
2127
7636
3431
3762
5241
3044
6947
2808
457
123
6685
1035
9579
2169
6012
8105
5168
3579
2588
83
8940
4939
4902
6373
7400
5988
946
8943
7541
630
3533
9859
4668
4444
9843
6193
5422
6136
7880
3872
3790
1931
8903
1839
3169
657
7201
7165
4621
7558
1231
6742
8029
1707
2873
3334
9299
1219
6937
7236
4064
6933
9277
3592
8746
8561
3455
4662
2064
9108
2909
5640
6096
651
9034
2978
5132
6209
2602
1920
4316
7064
8515
7194
5738
9243
7809
9956
8922
8707
3059
18
6655
4072
4930
2917
404
4510
4964
4284
4552
9770
1887
3227
2136
5252
135
37
1678
268
3216
8895
9557
6435
9688
3292
6883
6863
9855
7066
4340
9346
1317
5463
7785
81
5346
599
4229
6008
4904
3848
8506
6152
7441
9313
192
2236
4345
1649
589
91
2316
3287
7697
8887
7161
6617
1770
3919
7520
8768
791
1404
5253
1393
3972
257
3971
2111
7850
3349
4487
2070
7413
1981
386
7013
6837
2520
944
1955
2371
3183
3672
7552
653
9413
57
2751
8848
8261
3513
659
1005
4462
6761
8067
5408
2840
457
8661
9953
8936
4149
7494
9236
6636
2775
1752
6265
3656
5923
4319
8497
2544
3166
8670
290
7453
3126
2436
2958
9377
5352
4012
9374
5914
6905
8783
2655
5526
2067
2593
9282
4351
642
269
80
8458
9375
9004
8669
8102
3497
5095
5166
7907
837
1018
5863
1938
588
351
8531
6472
2484
9076
6285
1712
8906
1946
4650
840
2565
7667
4860
4992
9167
8391
1671
7542
2380
1557
6961
8061
3516
2947
8678
4684
7314
6039
424
7134
7892
6332
5402
5051
3105
1493
1738
907
7720
4495
9451
8608
5370
6786
2339
5202
2676
2615
7804
8603
9741
3836
9071
8924
1586
2214
300
2145
4941
3272
6687
3613
7551
6811
1158
6035
7435
7804
3177
3277
7335
5281
4317
407
313
3070
6240
2549
6071
217
1796
1584
