2771
4312
3937
3400
7109
9187
5464
361
9718
8027
9364
1426
333
3909
2175
7662
4798
1540
6714
8294
4701
9415
5438
99
9603
5010
7288
8809
2530
8494
7336
6749
2119
4859
354
8779
8001
5281
8720
6258
6490
9722
1402
487
9312
913
7125
6364
2962
6970
3416
7182
7542
7600
8979
9136
1483
2176
1018
9016
3229
8235
368
2829
6817
8405
9843
27
2909
8257
3240
1394
3439
3512
817
8222
7162
5211
9469
1455
1937
3240
9073
2384
7288
9044
5931
7825
4166
8240
7600
5088
8590
1776
2877
4940
7859
906
4268
8806
4443
3922
6227
8845
3897
944
3057
8936
2200
1161
2541
9521
7370
1470
2792
5865
5796
979
9745
3815
6991
4793
7278
2412
2253
375
6544
7250
6054
8755
3234
5285
3093
9035
5467
6574
2889
7141
3270
7974
407
3028
1120
8074
9688
8070
8750
3634
827
7638
5914
3983
4119
1429
2429
2042
4726
9324
1815
5754
7259
2431
5211
3332
8492
1132
2371
2387
5319
4504
7908
7865
1830
7754
6974
4474
8811
2639
8595
9288
2116
2532
1904
7601
2097
2296
3934
8632
6237
3911
4534
7271
7598
6313
181
4318
6306
3676
5807
4372
6507
6629
2514
7408
3250
6043
1226
1823
318
8757
3466
4714
5556
4284
1447
6400
8180
3768
3050
6522
6993
9827
1276
4549
4225
4395
4898
7481
14
1787
1726
426
7603
8530
1745
7606
6130
4127
8410
727
6189
6097
3917
2954
8887
7933
7684
2667
7426
8157
6230
2140
4026
6080
1815
3380
5049
172
4663
6799
8668
2250
2256
4506
4929
3099
4181
3254
3466
9319
5922
1226
1653
4949
869
7169
7048
5080
4452
1325
6924
1467
198
2690
9036
6253
1493
8515
2766
3274
3832
9927
542
7355
72
6052
8441
6826
1281
6311
7659
4357
2033
5266
3498
5896
2575
3453
9316
8874
6005
1247
7725
3927
5480
6673
6251
5760
88
1352
4203
6313
6228
2095
505
6758
3775
4133
3158
947
5909
7977
7934
2929
4880
5055
9958
7071
6124
4427
6900
754
6961
7795
6493
7133
6783
474
7212
1355
91
3284
1881
6175
875
2540
3399
903
4111
9160
4395
1663
9918
1442
9859
5934
4270
355
1683
669
8865
9980
6849
703
3954
3536
9669
750
6108
4139
3996
9483
6945
365
1080
1342
204
9249
1665
6063
3165
9562
8457
2202
6889
8027
8452
2535
6102
4568
8846
6235
9761
2026
8071
7566
9187
3112
1594
4807
7635
4713
6372
1960
3730
6353
688
6306
928
6266
175
2924
2195
5061
7410
6657
8564
4082
2360
6825
6146
787
5724
3711
5354
8307
4016
5768
8023
8834
5241
3623
6891
4402
1591
7811
3233
1321
1284
5353
3994
7472
1733
6076
5153
3170
8488
6745
6838
6029
8320
3223
3999
1484
7822
6895
2060
2035
7481
4647
1269
3483
4864
1856
756
9804
4586
9502
5403
1859
1039
9228
2889
468
5160
198
3917
854
9406
3688
2672
625
7481
1701
8482
809
7579
8369
4368
823
3682
6432
7391
8624
2400
2726
9452
4591
6708
748
808
24
9747
1900
5866
3609
1729
7483
3826
7916
1718
3983
9383
8851
6665
7319
6185
6567
1906
8492
4372
2183
5463
9086
3698
230
1232
5188
4542
7052
8418
7050
2135
63
635
2033
5044
942
9292
8533
9032
237
1043
4049
1259
7720
2451
8135
1868
9818
8813
9152
7100
5022
923
2835
954
6731
6816
990
4561
1239
8771
1275
4197
3674
3160
7967
4247
9446
3588
6970
6821
4601
8889
6779
1424
6360
7578
2364
2379
8297
4154
2498
9012
1033
8312
8182
9102
4072
4135
738
9320
5902
1080
8735
2398
8899
8826
6682
6285
405
5140
3098
1607
1699
3974
2832
3213
1979
8099
3389
7062
368
9431
6533
8873
6816
6538
8455
7724
1203
1672
6064
1247
5483
6512
6551
8340
9458
5160
3734
9921
6420
6783
919
7530
1018
4287
123
3450
3054
4270
2588
5990
2648
8317
7160
9060
3842
1607
40
3483
2298
2311
7192
5320
3266
5276
8476
9928
7377
2506
2007
813
8677
2883
469
229
2567
8879
935
7024
8
7479
265
9554
3767
1975
5925
5171
2369
8659
2981
6834
2265
3829
9311
3844
5036
4493
7193
4790
7549
5850
4245
9161
446
7251
1584
763
2182
5955
1990
8499
6236
6767
1802
8639
2174
3644
6559
3678
2222
455
7211
5145
1771
4255
2929
7950
1136
6850
7719
782
5515
4743
3000
5978
9863
3417
130
8312
8623
874
8609
6190
8871
3841
4629
1392
6601
7774
1677
1212
3491
1402
3993
7793
7914
4687
7947
9236
3721
4652
4816
8880
4608
7264
508
9253
8228
5791
8983
4708
5355
5552
7231
2058
5864
6138
3570
2353
5171
2292
7458
3617
9918
6290
3876
3985
3783
6891
5203
8430
7977
2521
275
8059
7591
1916
4170
478
9170
5516
4846
7396
3870
1566
5041
8290
2371
3713
2203
4252
8335
5319
7064
5408
9323
5537
1624
1305
5391
4184
1409
7584
3530
4664
1011
8623
6818
2305
6812
4236
1347
7886
8456
9830
3632
4097
7021
8462
4993
5005
8560
4638
9674
5465
6007
5123
7726
4008
7989
541
7869
8824
5389
3460
4830
5327
5648
5123
9505
6193
9711
7750
6578
5960
2646
9527
8986
6542
4916
8463
7244
7614
1822
1752
687
100
1094
3486
6221
1886
6662
3477
1147
9268
3906
5100
9884
9104
8497
4081
4034
3995
1878
1978
2311
4269
8320
3173
842
8054
7875
3275
3786
8022
5551
4045
46
536
5301
3574
5025
8779
1178
7926
5615
3813
3079
7611
555
6679
1069
1056
2601
4552
6381
3673
9783
8701
6518
6377
4096
9944
2408
8655
1979
1171
9822
2943
5303
1044
8414
5541
8282
3116
9036
7701
133
1280
2862
3798
2368
2952
4738
8106
1018
2328
2956
9843
661
6978
3658
8088
534
7585
7759
7683
1202
1366
4552
5686
5698
7399
9149
9869
1571
1032
9936
6506
8673
676
8589
3847
7427
1824
4469
9983
91
9122
1400
7118
4903
6719
8296
540
5054
