3283
2118
3689
9845
3473
2278
9918
6009
6327
215
2297
4615
4464
5248
6667
4918
906
4370
1951
2873
8148
1073
206
9355
7628
8374
4821
3770
2381
5952
9284
1273
3218
3387
2266
3003
537
9514
1459
4514
5765
1676
5206
6083
3406
2588
9996
8078
5991
9951
2280
9818
1739
2969
5960
1784
3395
6211
948
940
4948
5594
6024
6548
8267
467
1223
7818
9149
565
2602
2986
1502
9521
6737
4187
8951
4402
7178
4908
4850
2666
3583
4513
2399
4865
4848
8971
7760
8515
7380
3484
4437
7526
6163
3889
8981
9470
711
4310
2767
5965
3540
9793
7896
770
5088
1957
3500
2995
3955
791
6363
110
2983
1841
5203
1971
4261
9573
1225
6471
6410
6767
3570
4418
8484
3607
5397
8293
1822
1045
7563
1084
4847
8583
1730
1084
9401
6023
4182
1985
3421
5450
5931
8401
1278
5310
3770
6939
929
8711
237
9177
5963
5399
2221
3363
193
2882
7385
5857
3603
8683
8168
5665
1162
1997
1643
4363
6901
4202
4187
7190
7654
6450
9644
6423
1794
4027
8060
1747
8260
4731
5582
6311
9103
1764
2759
9647
5969
4968
6215
8061
7524
2011
9812
8924
3234
423
4228
1709
2211
8310
3276
7760
3482
8629
5510
4637
1099
135
1803
1537
9020
7316
4755
9891
7952
7417
6890
8827
2486
2132
3234
9019
3633
7239
9892
5949
4345
1816
7907
1022
5410
6872
4114
2619
7516
4421
8666
5790
975
5709
8619
3210
377
2968
914
1416
8368
5913
1565
772
3555
7508
2299
1356
6503
3082
3386
7715
1593
7745
6637
6059
2532
7078
7756
3224
7817
3592
233
5986
6317
9314
2511
3809
1825
721
4660
7940
7417
4869
7380
2959
7506
1734
6465
3041
3876
479
6169
3263
4530
4035
6926
2459
2518
8892
4328
3215
7996
2109
560
7790
860
5526
2704
4361
775
2846
3464
5589
4476
4096
5496
5062
1896
1265
674
2022
2771
7829
7711
4319
8172
6691
3152
5130
7484
5856
6778
2791
6233
6674
6006
8184
8227
4516
7633
6555
6073
2500
561
5642
4038
1902
968
5058
4716
3776
1997
6914
8486
9305
2133
3069
7597
6384
8633
9819
5381
9118
9011
5532
622
3613
660
7308
308
656
8442
1249
5294
3456
152
6523
2462
4051
3272
5721
7381
7908
7508
5555
854
4583
6216
2760
7414
1328
2332
7137
2574
4487
709
2469
2021
6572
9242
8346
770
290
6662
2325
5663
1981
1264
3705
6307
8676
8973
8956
7396
3312
3297
4988
3740
6342
7009
4165
7865
5202
8914
5823
546
2552
1891
1432
7137
4858
653
272
8389
8851
9659
8382
9905
8846
5766
5369
9774
3918
6163
4420
6010
5120
3779
9296
728
3527
4612
1911
8731
6121
1876
4583
4231
5330
7281
5091
1881
8564
7991
3555
7866
1426
2813
4288
6395
8568
8576
5811
3604
2691
4279
5826
6199
4962
3632
4919
8203
4481
1124
1452
3444
2610
1314
6548
7458
1520
723
7045
4953
5149
8888
4403
5458
7439
5779
6220
7518
9571
7921
4422
1832
6027
6131
5860
9481
3008
2487
112
2829
7028
3019
5877
9503
1473
1553
9939
643
3077
840
3281
6575
9784
9617
9941
8674
2002
4910
6983
3717
6913
6149
9491
3272
967
2644
170
1609
5909
4541
7462
697
8676
7027
8070
5932
6870
8619
5866
6803
9670
4903
9771
9571
4583
1950
6128
2607
3033
46
7004
5506
6622
4547
3175
7033
9785
1534
1110
3143
3041
8379
1179
4609
407
6170
6173
5275
6389
8632
8090
1824
4811
6035
5298
9794
7551
6547
4610
9879
7048
3872
8172
3584
2483
9450
9767
7353
3762
5994
8519
57
2022
1655
8167
3578
3108
813
3940
9414
9317
5546
5112
4368
8511
6077
1889
4368
2017
7141
3835
2943
5110
5024
8641
9696
7875
1211
8243
4822
2346
9159
2553
8018
8769
4159
8247
6211
2966
5550
5781
7679
6063
8612
7454
5061
4710
8684
2243
7540
1126
9527
3959
2452
764
7295
2001
1397
9099
5792
2752
210
1561
5484
9264
9347
2516
4722
1445
3833
9935
9005
7024
1615
7329
8353
7969
474
989
2807
7773
4421
7489
1984
7486
8782
3111
9345
7648
8361
5721
3660
8045
6711
557
6008
2131
3809
7490
5178
266
4751
2113
8906
2301
8574
2470
30
8177
5136
5890
5622
4148
7588
6875
1791
4372
6000
7450
9933
285
7542
6540
4294
5786
9506
3848
7116
4121
5501
8243
7144
3031
1750
2051
6502
8339
3236
2048
807
4139
1077
8836
1366
3217
5997
2892
3277
9737
118
8972
4080
3744
6252
5721
5200
169
4849
838
9209
4406
2085
8059
7191
5866
9622
5691
7853
9173
4795
8704
9622
4993
3113
4933
2371
5627
6124
4902
784
2750
7130
7225
1659
1334
5607
2996
9077
5119
5782
5521
1177
5694
883
8695
3128
1036
2798
6070
1182
1277
460
1118
5877
29
8182
3118
3124
5162
6920
397
6775
8832
4484
8229
3723
5632
2393
8540
4391
1719
6492
7008
7392
8950
1983
5685
7642
9374
7615
5550
2455
4642
4475
9936
825
5355
7007
5145
8900
7562
147
3171
8451
724
1490
5572
2601
1226
8875
4296
8274
4703
9545
8300
1912
7349
3996
6555
1450
5759
9609
182
9086
2654
3247
5859
9768
5995
8018
6913
8658
8889
8680
8122
4353
7783
4391
9355
4321
9491
7505
2752
3242
7885
2101
5583
1849
4119
2718
5165
2821
7368
9935
9343
3451
3187
8177
9152
2864
5234
9355
7830
4551
6116
8431
9478
3976
9560
2652
7158
4289
4842
443
4999
1948
8641
1292
4484
6468
921
7453
5808
2496
1459
6234
7993
2677
8646
31
957
7638
3788
9112
4945
3071
7243
6787
5274
6060
67
9902
2538
9382
2591
3561
7384
6346
5789
3762
1450
9703
2248
770
6089
1694
2753
4959
3900
5936
8590
387
2590
9920
9369
2562
9088
8193
1464
4782
7843
5935
842
6360
5728
4149
8545
5764
6828
2507
8774
271
9291
5301
1739
951
7299
341
7325
4385
7233
9637
8797
3344
3416
