7250
4747
6734
1746
3647
3572
9333
5388
519
2058
2114
7921
8535
505
8406
6949
4848
3976
3675
7851
9548
1702
4003
9181
9166
2484
148
1601
6256
4329
5718
6501
1469
8943
9749
2178
9570
4296
2698
2001
5714
6358
5207
1026
1928
2049
8943
2230
3080
8677
6442
2762
3489
8173
8710
7271
9679
2426
4409
5691
4824
8289
5358
7788
9706
9630
2378
3579
6240
4030
168
5301
8682
5004
2038
4421
4170
1277
5130
225
2898
5797
3478
698
5714
2328
8809
776
1912
388
7188
2887
4994
2012
9650
4555
9718
6051
9311
6447
754
877
9875
8092
44
7819
1316
974
9247
3128
8355
8837
3244
864
200
8370
4502
2005
2863
6966
1742
9710
4188
1063
8188
9121
4286
8291
8953
6019
2885
3745
9454
4658
9547
4326
2681
2043
3247
8068
3590
7484
74
6790
5638
1517
966
295
6126
7156
3419
8790
1093
5067
9235
3641
1360
67
2585
1281
726
8315
7688
4269
3411
9740
35
5793
304
8039
7126
1871
2506
51
312
15
4109
4643
8027
5286
7830
1719
6159
6889
7130
7867
2797
7267
5069
1711
585
1192
5484
2986
1756
9539
6707
2246
3284
8277
8445
598
3814
1465
8558
1519
5306
6167
1940
7941
6030
1726
2985
2799
8708
4312
1663
4081
8463
1530
5144
261
9553
1034
976
1056
9158
163
1955
954
7173
4184
5135
3941
2373
7925
4449
9149
4093
3042
7736
7553
1080
9617
7728
2528
1689
8949
2637
2664
7218
8383
7226
6963
3909
5255
4897
8768
4795
660
5876
950
401
8277
5211
9183
5148
5821
4157
237
58
6817
7650
2349
6510
6963
4914
1731
9937
6833
6730
4567
1197
6200
642
8606
9083
5032
70
8121
3406
4215
5387
9376
1170
591
350
321
1427
7183
6400
9480
7752
8729
6508
7963
6665
9599
734
9697
1101
1330
8272
3652
5779
6673
8525
9995
4236
6182
4487
9225
9075
5482
3748
9806
4212
940
670
8534
9248
4702
6513
9689
365
840
4746
9926
1427
8910
6956
9521
4886
5893
3027
3000
6846
5384
7465
1290
56
201
5141
996
1730
2879
7525
719
5074
5307
9409
1025
6622
966
2690
5994
3455
1774
2534
5344
725
3725
716
8426
2198
2339
789
6188
1698
3547
5806
742
8568
1982
311
2180
3167
6123
6933
4650
9257
9048
6490
2871
3955
8930
5332
4673
6409
1683
995
7896
7430
5969
6140
5314
7514
5694
4746
3339
5214
5704
146
3270
1000
1030
5793
1747
8123
112
6591
6462
2522
4127
5513
9104
3492
4128
6462
6793
7351
4822
8020
1869
2759
6757
2487
1685
103
2224
7225
678
9462
2684
8886
3740
5095
106
8790
2896
9266
9584
6130
7056
5634
7556
3353
2777
1505
1421
3134
7640
1905
1247
2177
2843
543
9937
608
3825
2146
3646
5955
8295
5764
5627
2503
4254
859
7918
3835
3988
9053
6892
7447
6145
7418
26
4657
7704
9456
2778
3038
3349
4175
7659
1429
5854
1092
2079
5077
9798
8623
5322
3373
2218
6955
7205
1555
1173
1049
3979
3416
1002
6667
5441
6438
676
2030
1805
4195
8181
7183
4073
6978
8765
7017
3455
3488
1003
7386
8059
4172
6766
5392
8821
2933
643
3050
4923
1876
6260
9583
6004
1921
8810
6786
9075
7368
7477
2577
1674
9784
2915
9973
74
7458
8735
1685
9717
4323
6333
7591
3604
1039
2730
6710
190
6014
2360
4854
3093
8239
4782
7796
8230
8496
8522
7950
5409
3760
1090
4243
8223
2663
6557
3232
6248
9706
7916
8233
4410
6234
7841
1437
7392
422
2985
2637
9146
3409
540
6789
2093
2490
7055
1579
6997
4701
3657
1994
4119
6136
7147
3150
1476
4694
181
9296
1431
6144
8418
5385
3850
9569
3397
473
4446
4807
7023
2705
740
7004
6928
1291
5361
8922
1176
4351
2830
1669
5799
2211
5001
6246
2306
8066
6668
5908
3550
4106
4291
3857
2145
8484
3852
1436
1556
9272
9553
6175
19
6401
6522
5010
1575
9344
767
5298
7709
9085
6731
5179
162
9273
5014
9261
6807
5668
186
552
1471
29
5984
2569
9374
4551
8529
774
5225
3852
5927
8651
5765
9818
8136
3645
9085
371
565
3336
2601
9770
3656
5802
105
9305
141
4071
930
752
8716
1585
4470
2083
142
62
4319
9035
236
4148
1318
9782
13
6720
9168
4721
739
1453
7240
2478
1423
8492
853
7478
9391
4327
6522
2605
8475
6480
9671
9402
1717
3803
4647
3546
3643
4899
2024
6665
8750
8091
9412
5050
9356
282
8971
5100
9871
1388
4791
1214
828
2291
2043
9990
1484
4923
3983
2483
1748
7676
8860
3755
9300
2648
5716
5045
6748
1923
5020
3379
6284
5908
6571
9600
2649
5264
6009
1068
6365
2384
9829
2832
9660
4429
5287
2035
9721
4849
8257
7254
8663
1377
8718
3845
7559
5607
5720
6684
9001
2923
7347
7578
6796
9140
1001
9885
3693
5020
711
8170
1051
18
2245
2548
8337
4577
1413
6750
3815
5992
3773
9853
7484
986
7972
1985
7988
132
7000
7237
2407
3653
4238
6764
1304
2009
8889
2869
8299
1501
6324
1121
9413
8215
9056
3105
3394
2045
7028
7428
1550
2456
6036
4065
7981
5809
8491
6660
5031
9956
3495
7437
8054
8788
7164
4793
7665
2292
6126
6138
5878
5478
9060
4316
4745
7576
3418
8316
3393
1460
8969
6852
1814
9877
5696
701
5608
989
2962
5631
7107
2086
1636
3652
6329
6161
8740
9097
126
9901
5516
9297
1088
620
9825
3783
5345
8598
3334
3335
9773
1966
6277
8471
108
6882
4869
6307
7591
6049
512
3579
7236
423
7730
1145
4706
4219
3811
6295
5101
9745
777
4021
8807
5303
4250
4558
7129
9003
9482
2737
7128
5038
4081
5233
1939
4160
1044
1239
4174
153
2744
7682
1856
2315
6648
530
9631
2061
9981
5539
4779
7468
1329
8765
9578
2841
7961
293
6144
783
7420
5335
4829
7833
2600
3328
9275
3564
4013
7699
4984
4955
2377
9992
6135
