3687
4163
7705
6823
3460
6686
5567
4427
1412
2112
2514
921
5280
5957
4526
6291
8214
869
4056
9779
7315
9877
1786
6824
3566
7263
889
5287
2033
5674
6948
4081
8581
8408
4888
8920
8250
7004
9788
1461
1700
1781
9692
9436
4235
5052
8282
720
9078
2781
5001
5388
4027
9291
390
3754
6150
7390
4361
3419
8222
2765
5677
9368
2047
4988
754
3083
4932
9540
3370
3867
1771
1648
2547
3967
7191
8478
4083
610
5604
2349
6576
1677
6817
2475
611
4175
1730
1527
716
6742
828
143
7785
7274
9318
2751
322
6067
6622
2988
2764
5719
446
2103
7095
2747
7865
3469
9384
545
3470
2602
170
4968
8634
9022
967
5453
1019
4476
1356
8640
8271
9234
8973
7423
4928
902
8774
5828
5939
3989
6674
2195
1119
5401
6775
5835
2237
6727
7884
3806
4466
6441
6655
6599
5328
286
3105
9552
2474
5451
4608
269
2342
5450
6719
922
374
7500
1561
2336
448
9672
3159
949
1502
6880
6811
5387
8019
8587
1738
7344
9869
2827
8901
541
7596
2402
7468
8929
3759
9797
6693
6265
7600
6183
1519
8068
9154
9921
4822
2551
4926
8140
1767
6823
716
7381
121
365
8804
4097
2057
8959
1982
3346
6075
807
7284
2016
3999
3410
5795
8760
9679
9474
7144
2571
4755
2121
5698
4485
5301
2932
4679
6438
4267
8366
1719
4775
5746
5885
178
8239
6524
1274
3809
2551
63
9390
3816
2208
7661
9380
9689
6193
2671
9288
9142
1817
4513
1227
6136
4310
8031
4637
1048
1837
6461
6670
7145
6378
3499
619
7294
3819
9361
3627
8554
3190
1686
2436
1087
7684
3868
9269
682
6919
3311
5772
7981
5962
4571
7282
8699
3118
3383
1190
1863
8382
765
7258
1491
5379
2787
77
2524
8612
9999
1158
2253
9739
6323
8885
9560
4879
6837
9118
9754
1615
9705
5518
6814
7169
7785
8269
3977
9842
2037
1243
8212
1582
7273
8939
4628
2503
2558
595
480
678
8759
6537
5795
2672
184
1613
5808
3297
3202
7613
7048
3400
1404
770
5483
8786
5571
4675
5686
5815
7122
4232
7695
1502
3239
1787
6858
5311
4020
5580
5019
8255
5344
2270
6909
8576
5933
3486
7068
8221
5826
3180
2545
7220
5545
8628
8163
9022
6549
6318
4483
236
8954
6313
6818
3680
3262
7555
1235
5507
8562
871
1140
2320
4992
8560
3004
9778
8542
3116
8782
7061
4153
3388
1159
1192
9348
2623
8233
6754
961
7107
5066
3334
8238
9769
172
8096
4534
7387
4544
3305
8553
7907
1725
4080
8010
1756
9323
9640
3511
9203
823
536
8690
229
9237
8204
8828
936
6905
2520
634
9511
2919
8958
6184
2758
1189
3738
5603
2226
6916
9309
6193
5439
3775
8997
9646
6949
9426
6305
3972
7134
7792
5279
8766
1158
9877
3852
3821
7214
85
6363
5888
1255
9882
1319
6987
6734
9731
6751
2599
1797
6752
7093
3906
814
7820
7736
3307
6545
7053
6865
7762
2318
9473
5354
623
8678
4495
1770
5315
9643
7069
7076
7894
1276
3734
5134
3962
4493
1722
9432
8606
1474
5310
8132
6894
2443
2503
1569
3176
1726
4137
1437
1555
8002
4568
7815
4902
6787
3119
5129
3035
8340
4079
3707
9313
219
450
1899
9229
1102
6384
5724
9854
1995
8037
7677
5428
6957
6039
2852
1890
898
7718
918
5509
206
7882
6163
6121
831
3567
7310
8068
2056
9801
254
5103
9639
7774
4334
7197
4353
7503
7747
3385
4853
9761
957
2020
3682
6784
6668
164
4562
3256
9561
9641
9106
3016
7581
2017
3164
5883
1984
6732
4323
3430
7896
4515
6257
8905
664
6379
7544
6796
8638
5101
9742
8201
562
518
1066
6499
3138
9023
5126
8235
6801
2945
6288
9106
6458
4176
4981
6843
536
8860
5914
3428
9543
6981
8461
9088
8350
3479
9611
5975
8967
2658
3788
6378
1025
3409
318
4500
5673
7488
5941
8191
1499
981
6606
2732
6838
8464
8411
4483
5468
44
2005
85
3397
2519
3419
86
597
7748
9378
8599
6980
1606
9608
6765
8406
3044
7968
7967
6504
7273
5238
3116
2244
8572
4458
6999
7634
7078
3890
2503
3423
9579
99
748
9659
2976
2016
2474
4466
3423
8652
9212
3307
9424
6382
8078
3027
2197
8268
3749
5469
6123
852
8252
4342
3701
115
1034
5096
7768
1410
5519
6840
7376
8240
6813
4731
3680
1674
6090
6272
5338
3496
209
3240
3409
3104
4327
8639
445
1431
224
4329
2663
7184
5306
847
1760
3914
8374
9123
9569
8178
9238
8813
5621
1141
6316
418
8638
2096
3954
2875
5561
2810
3657
6273
5035
8458
3279
3464
4061
7555
9077
1331
8862
7433
5340
8378
6900
4384
3464
2853
7550
6919
4627
7563
9419
544
3006
7581
4696
3019
4010
2274
6814
547
1204
2265
5470
8839
1612
7775
6600
8881
3973
9328
4759
2663
2384
3227
6494
7030
7441
9929
3973
4730
134
7952
4767
4587
6709
2825
4138
3499
6279
9369
1565
3353
2610
1479
2632
4674
2743
8939
4638
8241
4620
1077
6710
9871
5849
6592
6472
9773
6401
5969
9234
2947
9158
5750
7574
4701
5397
9421
2962
6993
7942
3994
3520
5527
2579
7576
7310
9622
4461
9098
8241
6108
1232
7891
1500
6824
7505
6191
3307
8382
8180
6983
1809
831
252
706
7859
575
8904
8449
5445
2250
1156
5196
1989
4437
225
1426
3539
6622
7875
8898
4254
2900
7703
8048
4614
4290
4314
116
9932
646
6416
5586
4119
1215
702
3157
6634
8808
6962
7822
76
9670
967
8102
8098
4845
7979
3733
6920
4753
8077
3642
9962
8156
5186
9912
3977
8484
8171
5303
8724
5439
910
3247
8449
2884
3878
4202
2767
3255
9151
8146
9216
6474
5422
5810
8657
9016
5987
7769
8769
3335
8844
5534
8258
5381
6488
4424
4154
7112
2299
5058
6206
6162
7542
1642
4523
5755
9186
4749
8992
8464
7834
3872
9613
2321
7555
2003
4625
4654
314
1102
1411
1875
