51
4286
2495
6974
3892
7661
5827
3371
2717
4294
1523
5120
8334
5081
7850
830
5405
7866
4834
420
3341
7894
3878
8903
2594
3143
4350
9871
9323
9009
3626
5830
3868
7680
810
9016
1686
1604
2808
4015
6679
2298
9760
9815
4887
7295
1970
9414
9758
3918
4983
3125
8190
7569
7232
439
252
574
924
8176
3957
9396
1977
1984
2266
1761
8270
9681
9132
6166
6165
8537
4643
3812
2187
4364
2164
1827
7585
8193
7509
5774
5006
7987
3341
7923
2623
8463
7388
5347
1977
3541
9823
1713
4184
5547
4244
7176
2162
185
2052
6171
9900
7039
314
4121
1543
9932
3817
3620
7157
205
8931
8724
3351
5978
9083
2824
4053
2812
9693
9635
130
3802
7093
191
8894
9717
8333
7450
3414
8082
3960
6303
5026
6418
7527
878
4884
739
9703
3385
7648
3520
7701
1446
4726
4896
8822
4652
2696
1347
8458
5543
6397
9169
1550
3032
4587
1504
6823
9508
7377
268
8777
5471
8091
9090
8846
4009
3877
2810
8565
2791
6181
366
8257
3782
1496
3575
1480
4269
2672
4459
5144
2734
7793
3609
2124
3564
4114
2784
7576
3634
8761
4293
1221
348
3706
5281
4721
1764
7759
1270
8380
6521
1558
3150
5561
649
1804
2981
839
8080
4043
1491
8281
7591
1694
6611
7034
9992
4211
8821
3834
9381
3347
7961
1045
4295
9343
4524
3611
9538
1759
9317
3560
7157
4429
5136
9141
7211
3452
5212
7372
5929
4618
3573
8339
4383
7595
2788
5115
5284
6010
7336
2650
1611
1272
2554
9474
4005
9642
9277
4701
9141
2139
4361
4595
1864
30
299
6277
8652
1262
3920
6944
2541
1660
2486
51
6543
6456
4399
8119
4022
3342
6982
2404
6568
2407
2417
4200
6272
4134
8370
1000
3314
8520
7380
1933
3775
812
2466
4716
2497
8267
6912
4058
9314
4097
2793
3208
6165
7485
6775
3320
7681
5625
4781
9215
1435
751
1275
3104
8984
837
9253
75
4636
5987
9994
9130
6533
2362
4789
6717
7310
7283
2004
1220
4491
6494
3720
1426
1994
6450
8188
7216
4090
5992
4567
8725
2253
1021
321
5963
6590
7271
7666
1717
6190
7129
3006
9181
9992
9943
3038
6014
4630
9275
3077
1047
5004
9611
9291
736
5525
5954
4713
8503
5123
1676
6223
5172
1613
2688
1812
8567
3971
2399
7652
1618
875
7884
4229
7729
9540
9674
5419
4859
9721
8147
8089
6138
2701
2363
73
2090
4557
7294
7172
4890
3217
2665
6074
6759
126
2357
3348
6110
9826
1093
5585
7952
1581
8217
6622
1557
3792
5780
3809
3354
567
1307
7003
8195
207
130
5977
6392
6630
5098
3071
3708
3950
4320
3008
925
4073
4606
2070
6806
6742
639
3204
9879
3148
7686
6648
1571
1317
8204
1526
5957
1483
1311
609
3992
8240
4477
801
1019
274
2065
9913
3678
4311
743
8694
5587
2626
1176
865
6692
5252
9281
8512
3268
3848
4351
9137
627
6814
5085
865
3250
5410
9159
771
8051
7996
2595
9580
1329
9725
2993
7586
9595
2583
935
5235
2578
4869
2540
7708
6545
5215
6964
7028
5995
8734
189
9861
3466
833
3906
5216
9744
602
3058
3884
8853
7601
2323
1899
9266
2627
7800
9710
6204
5697
7532
2090
3351
522
2031
1446
1729
5335
3280
2036
5190
6015
6035
7456
8709
606
7745
8251
9360
9017
740
4560
9738
1360
4142
3174
1193
3594
3559
1305
4417
6145
4331
9854
8596
4900
2192
5385
8260
6143
1806
3276
5994
5403
8508
8175
9072
1321
8846
1332
2936
1616
9943
3074
6099
7532
3539
127
941
7195
5836
110
7593
7407
5140
6307
2664
7442
2041
4501
348
3250
8735
7595
8105
2235
2725
4642
7844
377
2601
9954
5522
6398
7370
3093
5369
6320
8
5580
542
1841
907
2495
93
7021
9392
4027
4378
5326
7820
6251
9273
659
6537
6488
8739
2997
8884
1175
5819
4648
7862
7109
9121
5027
4312
7144
3805
5365
6631
5695
2227
7759
2855
8950
4406
174
779
1076
4988
9149
3357
4342
3628
8699
7370
1390
7160
6023
3805
9200
4959
4613
5082
1567
9654
533
365
3579
6395
8869
4690
5694
7420
5855
2885
2695
4734
8738
996
8269
9278
9104
8409
4325
6440
2939
1203
3585
8447
4943
6304
9569
997
5726
5630
4979
9927
7479
4257
3256
5785
4615
99
1885
1655
7882
3690
4126
2012
3277
2367
9033
2622
7184
8536
263
1957
9659
7606
342
5279
5071
7272
3873
8361
7290
5893
3788
3581
2230
6602
8574
4173
633
4927
3943
1950
3346
6105
4638
7427
9429
3751
3117
7607
9357
1327
7506
2474
4301
3151
5458
7253
9126
7706
9233
6420
6073
4215
7187
1494
3945
4341
7997
2744
1707
6350
4273
4353
5336
4256
5773
3520
7885
4914
1985
9237
7509
3971
3939
42
2041
9741
3463
7236
772
4315
1585
1029
179
706
9945
7234
5727
684
9374
779
7070
795
9808
9135
1489
8129
230
8728
8417
3542
6131
4424
9213
8871
5692
3538
2462
9182
7606
8828
8214
922
7159
764
9270
601
8213
3598
9285
8315
8590
1981
3400
478
3574
3668
7289
109
9840
6265
4105
8078
4939
5564
9209
1386
788
2251
6574
6477
575
6117
5686
7944
3708
8349
244
3787
594
9961
3099
8098
2865
3435
4950
3366
9790
5861
4053
7067
114
9419
4556
7437
2865
7475
1555
2783
3111
1770
6748
2326
2148
1863
759
9756
1888
2116
9609
6725
2337
6764
392
7336
3752
8693
2392
1042
3300
8053
6478
254
8318
7993
5552
5388
84
1488
5607
3872
8374
9237
4981
4533
9469
315
2888
2629
9962
6136
5584
8215
4103
6563
3043
7169
7309
2879
1409
6328
3030
7863
6628
9719
9408
8399
8246
867
9510
6138
4841
144
6020
8552
1386
3648
6618
289
5042
7078
1296
8511
3737
2090
8377
5627
9737
115
7495
2393
9931
8738
9986
4209
9453
4639
5394
9937
9781
8647
9289
4946
4757
784
4210
2781
8231
1034
2765
