2603
1758
5801
7317
6165
9704
8753
1120
6279
7775
9948
1661
4751
7448
5024
7910
1214
8814
6777
3653
1095
9873
5303
2829
6650
3167
4896
8364
7572
9082
8829
811
4487
7123
3471
5393
7820
9555
7951
9446
2635
6372
1480
7975
9490
6577
8263
436
8604
6353
8963
8800
7735
622
8999
3249
2636
6250
9046
9708
6614
773
9444
5002
3193
9299
3316
50
8919
1249
6549
5541
1465
1072
1689
8089
23
7635
2372
8459
7507
5221
3319
6825
8244
7082
1030
4672
275
3193
8912
1181
6942
1378
4953
8451
1024
6612
1297
8403
2018
6111
2945
1157
3274
5072
3326
6296
4382
866
7296
3017
612
6886
1189
4045
2189
3332
6133
9367
5183
2845
3041
6716
5747
7752
2241
145
2306
8031
9459
909
3580
2100
1470
2957
2850
7036
2050
2943
1974
2539
6532
4458
9150
4218
7421
946
364
5447
5923
5342
9995
1356
7196
5894
354
3380
1792
1276
3986
4819
3086
827
7653
3427
4932
1472
3473
5041
9556
2880
7589
496
1763
5731
8501
616
2016
2193
5460
9926
5984
4787
3287
3889
8345
3340
5335
3573
757
7721
1635
8823
1856
1471
3384
7463
3319
277
4523
4777
4308
3692
4398
7324
9139
3097
5136
2580
3556
3034
1112
9565
810
3526
9544
8391
4358
518
9019
2790
4566
7066
7407
5024
3494
6279
8736
4883
6743
3871
719
9578
2256
1837
8602
3540
2095
9959
7639
4279
1571
1211
9813
2652
5440
3060
6522
5550
825
1675
9255
7079
6195
6475
9141
7654
4746
714
4809
567
2483
7710
7003
3760
1911
1674
7302
9150
8214
8999
5431
2963
4314
1876
7335
5553
7535
1857
307
6942
360
3489
7815
2916
1211
7997
1305
9648
5569
3361
2024
5098
4885
5049
3413
1024
1566
8596
8140
3764
1015
9321
2842
6921
7907
8677
9319
6210
47
9055
3224
804
4218
5855
6812
9672
1035
278
4647
8455
1045
5071
522
5684
877
3593
3010
5688
7084
4358
673
9899
8800
8267
8095
729
5474
7616
8468
5214
6098
5181
7251
3022
9960
5177
8402
4682
4293
8076
4262
2157
4850
1896
4734
9838
849
9044
2412
5915
8722
1413
3388
6152
2683
595
3922
4373
194
404
4052
7089
3209
6296
4117
3190
1205
9138
9103
5989
5709
559
113
5888
7614
2267
6743
1701
9564
852
6160
4889
3520
9291
3681
7859
3357
9795
9729
1184
4496
9904
6794
449
2819
9026
7120
9217
9932
2770
5402
5133
6371
3453
972
2793
1958
4409
3330
4897
3010
2697
3519
7400
8778
1110
3661
9578
6058
784
1188
9243
824
4318
7379
2154
5180
2495
466
549
4283
5625
1715
1124
1055
5841
7658
5753
9017
7697
2268
915
1421
9700
3977
3770
31
6993
9010
9917
1166
9650
9002
1027
8963
2783
5489
4788
7650
7148
9955
3273
5940
2843
8793
7356
5979
6738
9935
1618
8506
5751
475
3476
4080
2595
9354
8793
2206
299
5079
8109
4406
7236
9084
2138
1549
9136
4775
1138
4486
1288
2261
6649
7875
3991
772
4401
1029
348
5102
4279
2688
1378
5656
4953
4253
5223
154
6002
2473
6861
7031
8113
3143
4279
1039
1286
7064
1134
7852
7027
7374
2444
3969
3589
176
610
7086
218
9139
1954
7163
6432
8175
4202
7765
355
3561
5222
8415
5373
1822
7903
9777
8509
5076
6983
1206
5577
1462
5218
4371
1653
3470
3874
5528
8661
3683
8531
4230
768
1495
423
4524
9891
1526
5894
7848
357
9350
2535
5283
5173
6660
5924
1048
3175
1530
2713
3549
2223
2534
5835
5637
9555
9625
640
9893
501
6205
4292
7162
6581
5912
6954
3398
4428
268
1765
3968
2672
1538
8966
3085
5331
6802
7432
8471
2621
465
3748
798
124
2891
4368
9180
4693
3162
4819
5521
206
4758
5485
1368
9599
7651
6649
2035
494
8081
7056
6336
1496
8536
8481
8760
6570
5011
3344
5858
51
893
1434
7580
9011
3811
7571
666
1408
2726
5255
1848
3263
6351
4986
948
2826
886
943
9449
3584
91
441
5917
905
9489
6001
4913
5234
2076
9573
5982
3442
3302
3971
5480
5747
9173
2705
9879
1270
2563
4039
9299
2490
6964
3855
7723
845
906
6223
7396
2814
4863
3377
4031
4791
1028
2115
1982
9932
2898
6345
9316
3026
3368
1674
195
7792
6522
9887
4890
3666
3489
9769
802
3930
3641
2230
3916
336
7310
3664
6313
7383
185
7518
4093
5230
2999
9432
4731
4211
9818
1409
5040
5555
7561
4474
414
416
3287
6406
9281
8419
4906
885
2718
7616
8920
2234
358
8059
3618
2511
5254
4745
8828
4725
133
1729
7336
8903
6057
7220
2524
2798
86
8212
1908
8693
2696
1468
6842
2866
2125
9819
1745
1701
8706
9345
6574
5893
7474
4472
20
9412
4410
7109
3330
1533
9490
6498
5964
150
6136
6498
7883
6137
709
5255
578
9719
1420
5449
6818
5230
7745
4169
4210
5468
5154
341
69
5755
4164
3004
2009
9443
5156
3931
1758
7439
7083
1857
5344
4403
4902
6433
8137
9223
4475
5035
8366
8531
566
6751
7686
10
6215
5567
9788
1011
6538
3054
9550
5302
5981
9672
4771
1156
8418
5874
224
1730
4226
207
9682
1740
9597
3670
140
9027
1778
8436
2142
864
6126
3522
8627
3539
8827
3664
6021
3432
807
74
3282
2580
5386
1831
8457
2801
4584
4770
2758
696
6423
9573
7026
2279
8620
9289
4697
1433
2917
8668
744
9260
2106
6812
779
5448
2280
5741
6336
3268
4174
8161
8796
9157
9036
8104
9087
1348
8103
9452
6172
9475
2063
4150
2325
2487
7893
9293
7241
5345
1607
6006
222
8619
3758
9731
4057
3316
5596
5697
6684
8656
5958
1194
3975
3554
4721
8713
1222
5606
9471
669
7508
4343
5902
2047
347
1777
9901
453
9920
9360
934
791
4410
3824
779
7592
8089
5916
1732
4048
1003
1094
4308
3172
1081
2238
2665
9899
5734
5132
6735
4572
9961
3862
356
6655
350
819
