6425
6543
491
8135
3747
9466
6782
2356
3809
2814
2966
5765
9124
4477
8885
3468
9863
7275
9343
4242
6412
2632
7889
6729
216
3731
8693
4798
3707
7911
6680
5376
6602
6804
142
745
4032
9732
1404
2450
6738
1278
7227
2636
4906
2693
4718
1800
1962
6971
3915
4176
8256
547
1524
3769
33
6364
4804
1015
5508
7181
6340
9412
6511
7147
870
262
6614
7223
258
5827
2115
6163
5881
9294
3692
9555
425
6380
4727
8410
6350
6661
5217
2964
1603
6514
8615
8357
4426
4131
5404
4495
7784
8951
6773
1827
4883
33
4996
5162
8428
5098
1539
1720
5538
679
5981
458
5534
7960
8817
3077
3807
6626
1441
3019
5745
3457
3654
2123
8523
4270
4059
9310
3469
7112
2585
6710
6249
259
3325
3640
4091
4267
4517
2644
3640
6771
9597
5010
7571
299
4920
6577
7079
9477
9477
7345
1760
1342
6976
8969
2927
653
3638
2148
4932
3303
383
1537
6788
4454
5555
8928
2810
2156
7103
1206
3911
624
3623
5901
133
7742
8683
7632
8232
3971
2400
2639
2141
3461
8986
4603
6457
6799
2223
6391
6864
2246
6435
1678
5460
1980
3560
7605
8391
5761
3928
1497
4172
4404
6274
1696
1062
6077
4583
4366
2951
557
9206
4256
4816
6972
7803
5351
8342
7537
5121
6953
6362
5064
4961
6581
5156
685
6980
6649
8835
6578
5316
4092
1223
2228
7287
8796
874
1628
5026
6524
1783
5356
5541
2634
3388
5820
5628
8469
7126
5535
4756
9670
7619
8104
2699
6242
9838
3124
2080
7776
9077
2377
2612
6341
6254
9589
1045
5821
1050
9988
4627
4699
2347
4328
4167
7717
4681
2475
1629
664
8563
3747
7884
4317
5421
5436
7494
3155
118
1413
9401
9488
732
2798
8998
6837
8116
2301
4129
8479
7895
4318
3042
5619
7913
9510
7760
4732
9976
8718
4475
8170
2404
9256
4289
8097
445
4725
7683
5885
4370
5884
9819
2714
2656
4669
2369
3430
409
5467
4206
4189
9487
2821
6505
5234
9770
3802
4878
3459
1384
7353
8018
8481
6992
493
6904
2187
1514
3649
4990
3828
5547
4120
194
1154
4687
3337
9371
8228
7383
5966
6368
2066
3024
4766
6827
4583
5448
2326
1446
3145
3373
7806
9984
756
9390
7029
1846
9618
91
1234
3449
8891
4266
9309
9835
5539
4516
2537
2766
3920
6997
5832
6430
7224
5134
7617
2329
6380
8719
9785
9575
7150
4341
7426
5446
1762
868
7897
5243
8916
4022
6009
6153
161
2106
822
2040
4713
795
4265
644
7203
5799
8427
9682
2881
3068
1151
2264
4139
7709
7602
3948
6155
6200
973
154
8639
2481
8593
9675
4917
3749
1557
2365
6441
6959
4417
9887
4307
3138
5699
4151
5785
3061
2178
9304
1052
8937
6433
2629
3427
3198
6974
4595
8439
1629
5567
9887
657
8430
6786
9145
8177
2080
1150
7185
369
6054
7311
3942
9407
3216
8091
2103
584
6345
2115
1161
8243
3928
9115
1439
3032
4000
6693
5686
8232
2585
3521
3490
8411
7237
7261
3475
5289
9224
460
1538
8933
5586
98
3715
7694
7646
4270
5590
4591
7479
2482
8156
9423
1317
3138
5800
5076
4690
8636
3975
266
6790
4550
786
8566
7142
4063
4416
7067
8833
3840
9896
1506
543
2001
8573
5796
275
1332
5650
2688
6419
5561
1926
4974
2161
8475
6281
2460
9641
3777
7098
7912
4003
8176
540
5424
2996
2067
4091
907
7942
7836
4105
6142
3013
9255
7393
4517
2128
9327
955
2366
8324
5487
6549
5633
2991
301
6395
9682
1208
1604
289
4596
4023
2304
1996
2967
1828
9638
3651
4174
1693
9286
6793
2131
4798
6497
8802
4902
474
1350
1960
1403
6538
9369
4761
8125
1600
5847
3461
878
380
6612
5183
560
2692
2406
1093
9519
461
6409
5798
5876
6699
1706
8578
5633
3444
3536
7601
7382
2067
6791
205
8856
6484
8859
7634
394
5188
3355
5169
2054
6744
3388
8483
7855
833
8875
1927
5731
5640
9535
8355
2012
3846
3056
4006
1328
9500
8236
6003
9593
1826
645
462
2601
4252
2010
2805
7297
6523
5896
1732
4483
616
8723
3199
1404
2431
7189
9154
3814
8326
411
5676
6693
4761
4164
5587
8975
1942
7033
8483
9902
8483
669
1817
6948
1082
8261
5192
4992
3950
5301
5163
1364
3766
1616
5741
9077
7231
21
2909
7158
9166
7860
4456
983
5202
8354
2671
7933
7843
1872
9694
6543
2529
6217
7181
7253
5615
5522
6193
2038
289
5372
7228
6981
7887
214
5224
9931
77
4786
3073
6418
5461
2002
3590
6040
5906
977
779
9456
8548
2702
6180
6306
7256
9225
4902
9534
4990
7674
5616
3545
96
4252
853
769
7788
6844
3630
2400
1187
7237
5803
8422
1292
49
2466
1418
5897
5614
169
2159
3709
2360
6562
3323
9455
6430
2904
6275
3479
909
90
1811
2745
694
1844
1948
6704
650
2354
1181
7037
3822
2067
8284
2806
2179
117
4831
1627
4084
4665
5132
7823
1732
7674
252
7838
8847
4157
1101
7015
3578
834
3209
8647
7103
4415
8148
8738
276
4338
1568
7838
1338
3714
5588
3226
8898
6674
2908
8438
5369
3751
1414
4762
9228
38
7676
7709
5069
205
1701
4337
8546
7759
81
4367
7853
5535
5035
9425
812
3325
7834
4621
5786
2500
2835
7607
686
4787
1467
830
9659
492
9120
7365
877
7949
6943
2603
3356
5420
4095
210
6404
7644
9842
5540
4625
2005
2825
4655
9566
676
8525
7646
6164
2681
246
2171
8691
3783
2146
145
3619
5399
7882
6726
1802
4397
6389
6079
2323
3358
6829
3625
1322
4919
9394
2442
5772
6045
3513
7814
7239
2085
2616
4545
6616
1969
4107
7629
581
363
8723
5232
3358
1236
2543
7022
3265
5239
2937
8793
7162
7606
3456
8903
5945
2373
1044
5163
753
14
6962
5872
7214
7434
3200
5994
7412
9271
8068
8174
9488
4615
7685
8832
4782
4318
6886
1418
7085
2623
3808
6804
540
