9343
3914
8121
1083
3054
3088
6843
6884
4195
4288
1650
1224
8436
2545
8198
7468
9257
1705
9623
2814
2449
547
6916
8456
3880
5549
2784
7343
5646
4244
2652
8583
622
2924
987
6673
2845
9209
9642
2402
5988
7682
9793
4786
6006
9993
9087
2204
5799
3133
3877
6084
9562
6608
8052
4437
7138
2452
8916
8593
8472
5149
4577
2368
8656
8277
9445
9589
2206
3398
7768
3668
9152
5108
5802
7960
3337
2157
6965
1082
5770
4131
6613
5768
1250
5810
3983
8832
7843
9497
7363
668
4148
8816
6347
5054
3124
5037
3576
7503
3722
9333
3956
3272
9363
1867
4817
7344
8558
1341
2622
6943
9235
8434
1395
7786
2801
593
3190
7619
4511
8925
2673
634
9553
2478
8367
7235
1114
9139
4934
1339
5571
1371
9983
5874
8669
5916
6308
2085
8771
1746
891
5170
8031
917
7192
9959
6294
6628
4640
400
1506
4946
955
6572
4682
6630
8765
3786
710
5087
5138
3310
893
2507
2203
3511
9342
2988
334
2403
4653
2375
3338
9868
395
2218
8990
340
2011
8911
4721
5155
6329
9926
8961
7165
8620
4160
2659
4793
4524
9379
9645
2045
8070
7577
5099
9339
7262
4452
939
7292
2622
7612
3042
2059
3934
7287
407
5297
4893
3138
8612
4527
7208
7623
9995
3890
2320
3201
7975
2208
8114
7852
1450
7270
348
4677
2321
7150
8345
7100
3222
575
4231
662
4100
4709
1566
4379
415
3145
9764
1786
7702
3421
9136
1740
8253
4987
74
2765
4509
7654
7989
9181
547
7287
5756
384
8971
154
6513
7493
8643
6175
244
7394
5838
8252
7897
3637
2535
8793
7242
4545
1208
7820
2862
6834
740
8884
6699
4367
607
5122
2347
939
5975
1833
2248
7503
599
4440
9908
4962
3545
295
5538
2294
4141
7014
2736
264
742
3142
109
7135
4175
1794
8890
2545
3438
9164
1496
9828
9316
7727
8561
4614
3301
3039
6236
652
4751
8702
8413
3478
8552
893
4358
1786
760
9973
4589
1589
3070
1050
4580
951
1201
4418
9580
2282
7605
3502
4479
601
7502
4907
4598
3425
4959
845
4499
8470
2713
2196
4074
7198
8479
1372
7350
5595
1767
1386
6153
8140
6588
4331
9712
3515
5738
7490
4094
3354
1410
2045
4807
9474
3240
6601
367
8039
8591
1799
8356
2606
4422
8768
1774
3658
743
6055
5768
2138
8550
7931
9484
7027
8884
4253
9733
6697
8905
9314
4638
7396
2627
4006
1569
3806
7887
5253
719
703
6672
3979
3415
9687
9542
3342
8873
3249
3351
9026
1784
9297
8857
7907
3968
180
9384
3783
2191
1686
7904
272
3662
4066
2229
1446
6280
5410
2731
3073
292
613
9304
2086
4441
3452
2730
2900
9481
138
6090
6630
5797
7288
284
5986
1788
143
6760
1387
5282
5654
5886
289
1405
8615
5979
6121
9431
4508
7402
3582
1540
3955
4482
1303
926
164
8742
2761
9504
5309
632
7877
8495
6937
8468
4689
5966
1396
3478
5164
6833
2197
1081
8806
8460
5024
6260
1955
68
6081
2142
4607
7673
4680
3385
8079
382
9667
7552
3792
8202
5663
4297
9128
9476
2566
492
9780
137
2181
6900
2057
5372
222
6314
742
2559
691
8765
7844
8312
3724
8377
1511
5108
9010
8112
7760
165
1617
7741
2899
342
8040
6406
4467
5357
8992
2463
9175
5075
9379
6558
9715
4037
7407
4920
682
5532
5899
9021
311
7323
6759
763
9516
8701
9931
9214
6469
6079
7029
5836
8105
5818
5576
4400
7801
4956
6066
609
2950
1823
2730
58
217
5966
6756
6340
1048
3813
2082
4958
8861
3913
855
1448
7507
6609
754
6321
645
8769
1328
4453
5985
7295
9289
6977
4075
589
6898
993
8299
2217
4914
7903
3638
1140
9241
5941
1759
8262
3891
5623
4925
1713
5244
7918
1088
3432
4776
6543
9686
2896
1959
4367
5034
1456
2918
7196
9351
308
3205
6741
9998
1796
3771
4371
8863
7840
5867
3426
5409
159
5960
952
4847
7350
3903
1045
7456
8860
4100
2446
8275
3310
3837
1761
701
3030
9291
2086
4377
4553
2800
3771
3742
5524
547
4750
5151
8972
3858
5963
833
2476
3334
9674
9027
4908
8437
395
9746
9134
8835
5638
2727
8024
4434
5790
671
5647
1883
6236
8613
4494
8039
3229
9427
4888
9076
3819
3771
7728
3662
5984
6662
3936
5981
31
6202
6023
8854
5511
265
6380
7080
8269
5559
6073
7809
2420
1705
5739
4468
7925
60
2572
4055
4909
3410
5101
1617
5730
835
351
8134
4305
1486
7414
5779
1634
891
3490
2127
8372
6535
2749
9149
5190
8290
5385
861
6258
6004
2823
6183
7779
9028
1555
4574
8386
7572
6971
4616
8647
6712
2928
9897
2127
4553
696
826
2954
992
5021
6073
5603
4591
266
8350
3263
270
5957
2533
8947
7442
3808
4688
1147
3802
9745
4241
5800
5283
9716
8292
1210
539
4555
203
5910
3696
8306
9387
8187
6079
8147
5158
4854
1236
76
6311
3603
7065
4680
32
6499
763
3171
794
285
2585
8277
6025
9906
7756
4739
2031
8725
4050
7860
7562
5839
4788
9993
2613
5461
4146
1508
7900
1858
3678
5349
7649
2295
6914
932
4713
9661
9923
4069
6111
4481
6723
2794
326
2766
1716
7578
9675
577
6838
8245
7426
2427
3021
2115
7085
7864
8635
527
8885
1660
6981
4022
3914
1079
8582
6768
7664
4240
4754
2378
3736
3571
7287
2424
2807
7774
6783
9955
8056
6005
1108
2137
4825
6546
3556
4022
4924
3922
5800
3439
8990
8853
6150
9103
392
6942
8850
943
7092
7597
9218
1889
6726
9661
778
681
1982
533
1922
6445
6293
9520
6043
882
3368
9301
8330
2087
939
3223
2694
7830
8451
2088
1873
5237
2891
6597
3249
5752
8021
7889
9373
8821
8151
8201
2674
6992
2156
8382
192
5490
9373
3748
8019
2149
4585
7227
904
855
7459
2870
1364
8831
1626
59
822
4702
2826
9907
2935
8111
7279
255
787
