2998
3812
2929
1515
1144
6398
8572
6883
9365
4125
2233
8649
8922
641
6269
505
4355
1062
5729
1675
378
7149
6322
9657
3576
8254
4254
1635
8620
1320
5719
4466
2064
5482
6253
3526
1579
9919
8567
1846
3313
3027
5909
1617
7912
5108
6661
9594
5472
3879
6543
6591
1540
8058
9519
3540
2804
1006
7737
2774
7037
86
1554
4027
2801
3615
1707
5642
6458
9440
8274
8557
67
5916
1729
6330
3793
7888
9867
743
1655
247
261
1270
4495
5680
8440
1908
4698
1493
845
2446
3141
394
8978
1252
1660
144
7650
8326
4751
9794
9530
7937
7250
3116
4778
5468
60
5305
425
7998
1747
2627
7177
5356
2409
2170
484
9535
9535
906
4627
3387
3048
998
396
9490
4157
4581
6815
1141
7941
1468
713
2947
3781
6401
9022
2461
7033
3056
4329
4241
6050
7792
8492
4236
35
7862
1894
2322
1572
5088
5330
5527
9626
327
3149
2938
3766
2966
3902
6331
4777
2107
8040
7804
6545
9772
4978
9303
9892
219
63
2216
9734
2170
6524
6004
2785
384
1009
7544
8737
2504
4507
7279
9034
1462
434
9046
2376
5437
1927
2016
9862
2413
3517
4355
2259
9394
1696
1536
4414
8742
424
3597
4390
9730
8056
8921
6004
3591
1407
3469
7680
9041
2687
6784
9839
371
8750
9005
6594
8667
172
2692
9104
3167
5833
6721
8205
8774
8364
3041
7213
8172
510
7761
4722
9416
5183
4138
8000
1595
3329
9007
8743
8422
9824
6806
374
3769
1941
6049
9955
2936
2827
7560
5648
5856
649
3743
1468
2057
6448
3247
5219
1016
5438
8986
5985
4937
7505
3682
1770
1802
1015
6280
7254
3099
3422
8593
8432
3563
8064
4843
9751
1052
5355
4218
7185
5827
7876
1351
7371
952
9954
3211
4906
8522
5600
9646
9241
2898
3591
1169
883
2495
7354
7701
3387
9265
100
3900
8467
3173
3372
8389
5480
4875
3156
9573
2785
4565
719
4423
3756
4671
329
6425
3127
4548
6448
9484
1674
2474
1829
4108
7918
5941
9793
5224
4974
7051
3856
2370
2722
5429
3881
9624
6798
2399
6758
8164
747
7034
907
3038
7500
280
4390
3949
7146
601
322
1695
4681
2003
7371
815
7545
8477
2733
8713
4339
2897
3702
6517
783
9731
2250
9171
8576
6646
2775
9054
4773
4684
3149
3484
4638
8242
1473
4788
5576
5539
7239
6602
7764
7905
3026
7864
1934
2269
9645
6894
7207
6033
5268
9002
9626
2923
7524
8815
2934
5271
1867
4917
9959
7506
1967
5096
2040
5216
1575
837
2639
9178
2277
6425
9112
4569
6786
9281
8428
7489
7387
9638
728
1609
6586
7298
7098
5588
2563
6154
462
74
8070
6132
362
3810
5507
3271
2692
5110
4173
212
3961
9912
7971
6385
6646
8262
3678
4472
9613
5273
4179
3026
6383
2439
8103
4592
5472
5971
540
2562
2479
3878
9978
3709
8169
5947
1737
141
6656
6768
894
4512
4035
8545
4997
7545
772
8797
960
3274
6764
703
8863
835
649
6931
7555
965
306
9282
4091
319
6147
7801
4628
6976
6480
5271
2306
3733
9758
7502
5043
6761
9781
8545
9251
7149
952
312
8872
7183
1566
4901
4688
5488
3344
8849
2708
5076
219
5825
6794
6617
6133
4556
9827
337
6261
579
6596
7398
8102
7482
6467
4471
4002
2996
7231
7985
8810
6167
2267
388
465
5429
9285
4082
371
3992
8637
2530
5872
2123
3937
5757
4452
9506
4830
6264
5965
8477
5367
1701
5978
5595
1693
4894
9211
6337
334
6318
4023
9237
2860
1925
9140
5482
379
5125
225
9174
2986
5018
2650
5001
6342
2550
7087
9513
4297
2889
4153
5383
8009
758
72
4585
3194
7763
8359
8145
5772
7646
2177
8380
1130
5477
5104
3674
9529
1171
3858
5057
4451
1666
7073
6579
2462
3703
5391
1907
6635
1110
2793
5187
7032
14
6161
2980
977
7017
1650
2982
9613
5303
4926
6498
7073
4607
3101
2812
5735
3930
6826
6961
3056
7509
8044
4910
210
910
2720
6970
8165
3585
8991
3542
8221
6550
3801
2010
7190
3528
4177
8273
1040
3505
7640
9685
6939
8110
9370
7596
9352
3468
6404
1791
401
3244
8743
37
7108
3248
8722
1794
6124
8571
6381
4183
5365
4661
2397
8758
8795
7558
9289
157
3932
363
8055
7683
3416
4773
9201
1499
8682
6034
5237
6909
1802
2326
8427
1493
7302
7920
5724
2807
5503
8137
7834
4227
9699
7725
4024
717
207
8450
6677
9800
5278
2552
111
1306
6573
415
106
3029
558
112
147
6698
6827
9111
4749
3533
9966
7974
2084
1053
37
5136
9450
2866
6455
6254
1484
6365
4559
8349
424
2801
4949
7424
5276
90
1093
5468
9388
4777
3305
2529
8311
1061
422
699
7972
1102
7338
4113
9526
4327
1088
3881
7152
1404
4403
4806
435
8062
5188
5730
1356
2085
6523
2408
8763
478
4775
6826
8635
4842
7506
3953
4540
9373
1576
1298
4979
9053
8654
5810
5796
3442
6627
3062
8112
2609
2306
7412
5371
614
7877
8354
4407
4473
6807
3355
7124
6548
4322
9258
6970
9169
266
9520
7758
3720
8918
604
7534
3625
969
5748
3814
9079
3465
4692
2096
4628
3775
3348
8109
6834
366
747
7687
9844
2966
4334
4187
1277
4801
5627
9866
5972
5618
7433
4773
6538
2594
960
2629
4627
6604
7453
9360
2807
3045
906
8346
7886
152
4978
8537
6510
9538
260
3758
2080
6186
6712
9036
4699
418
9692
759
4440
9362
6565
4194
6235
6065
105
2138
8009
319
6323
2461
2820
781
1348
6894
368
3575
3462
9564
1899
285
8403
3066
4979
4290
6685
6361
5212
4671
153
3060
7159
8437
3364
9455
6342
7162
2630
2031
5076
5487
8981
3109
521
560
803
3657
7604
8149
4888
9925
105
9144
4902
781
1427
2090
3398
4710
9610
3348
2255
6400
1631
1911
2833
9244
7705
5844
1408
2879
9509
1548
6842
8640
8518
1137
2573
1349
4450
6648
527
