8668
2922
6069
1100
6359
8100
5790
9224
4873
7234
2742
1949
2651
2328
482
2285
1787
3555
5906
6327
5495
1890
8303
9812
5962
8311
8202
5314
6396
3431
816
8411
7079
7536
8901
6172
9383
6494
5787
3186
2472
5123
6519
580
7028
1897
8597
3737
5121
2661
1532
7208
5562
2150
8692
7321
5013
6802
1218
890
4215
9328
9923
6256
4346
362
9057
6286
4868
9412
5129
2835
1194
995
4061
9442
1776
2929
2297
7746
102
8231
7859
4493
7533
2516
5793
3315
7995
3382
7435
5694
4460
6372
524
4802
5380
5190
9548
8246
5030
9619
5754
1756
584
693
1258
4468
3683
2313
2744
5072
4634
7825
202
9612
5901
5087
1384
7264
2132
1324
7149
1515
8088
4918
9788
3975
1067
196
9260
7578
8493
5439
5286
9736
4141
184
9486
4758
600
2629
4620
1865
1611
703
549
8035
170
5617
4774
3716
6915
6666
8433
7736
1461
2612
6678
8572
4670
3002
7246
3088
6655
4192
6508
4219
2156
8665
8703
1099
1134
6024
1638
3052
1354
1301
421
1254
5775
8101
1025
5906
5829
5131
2083
3693
8756
1812
2887
815
818
4379
3055
4843
933
5888
6871
3043
2554
3501
4714
1166
2032
9648
8686
9626
2159
3041
3724
1395
4020
4488
3464
6702
243
8317
1164
2477
3969
2428
8431
813
9853
2711
7913
8644
4641
4971
5707
5411
7630
4642
139
9837
483
4574
9473
3540
4903
2819
7069
8459
2593
4791
1878
9267
1328
2348
6789
7150
4141
4579
2693
9219
366
6175
2518
7111
1589
3709
6071
9942
3362
7502
9489
195
753
9455
7494
728
5310
9889
3142
7277
4925
3913
5296
1587
7739
6289
3218
1244
6207
5961
9246
3931
5026
4562
8437
8544
4607
8200
6603
8927
6306
229
6787
8745
6853
594
7740
6663
7187
8030
1152
3579
8666
3661
5425
1584
8681
5426
9710
300
3723
5952
2341
9410
8516
8016
8600
2294
1819
1678
8194
9968
4503
5375
7911
2045
5227
6960
5982
724
6805
23
9222
1449
6964
1088
3552
4103
9988
4714
6718
3601
9047
4363
8617
2475
6091
9787
2461
610
2790
9553
6275
6477
8262
2120
2097
4488
5797
8909
3297
4676
2170
7812
1519
8358
9701
6997
3484
597
1907
7951
4862
4309
5281
8978
9905
5322
8024
8549
4413
4065
3886
3701
6531
2938
5018
9997
6489
3565
68
1858
1499
4635
5966
1641
7188
77
3846
1399
9803
1911
8403
1844
528
4445
2280
4486
5266
9474
8959
4169
2693
9552
8222
8461
9865
8585
5737
7766
8091
3449
9780
2457
7762
8320
3151
4593
7859
1621
4191
6020
5892
4101
8099
1644
8580
333
1082
8317
5212
3029
5934
9063
7564
7238
8761
3478
9152
8526
1730
2661
6238
9785
7368
1322
2924
5027
4332
5196
7535
7771
5522
2367
6609
251
280
4533
720
9785
3718
6082
8658
371
2627
7563
692
4200
7817
216
2688
8891
9585
9686
9767
2320
7692
4057
4444
9236
9234
6744
2725
532
4759
1655
3922
830
8057
3392
7777
5037
2877
6440
8391
161
6402
820
6656
6715
7035
5872
9074
5548
4371
7644
2145
7903
6379
1787
1087
1842
234
5967
5011
7930
425
7520
9023
6347
6707
8392
6539
9656
5399
648
4449
9036
8633
9726
8903
7776
6642
4423
8792
7621
5107
3222
574
9665
8113
9885
135
8156
4258
3255
1443
7371
642
4034
4042
9229
909
7188
5760
6287
1947
8326
1372
3682
1433
5047
4570
4068
2827
1626
9505
5772
3501
6322
3473
2416
8929
7331
2329
7406
9598
2736
8600
8292
3251
5605
2438
8221
8302
6669
2720
4564
7966
9489
7451
5141
2197
8311
5180
1621
894
9150
9370
4800
8683
4627
3506
2200
3152
1920
6134
3292
5631
1619
7707
8082
24
7845
2414
8020
976
7150
8647
1373
4204
3315
4973
65
8408
9658
5049
947
7191
6566
4049
5242
8315
7519
2049
2203
4699
2787
9890
5541
2162
2673
7839
5988
7192
2675
8369
805
3815
2656
5791
6506
4717
4901
7879
9138
227
8022
5510
7907
3521
9051
9163
379
4045
4587
1249
3380
1421
3754
3182
5630
2230
9062
5417
290
5631
4405
4497
5819
462
597
2464
404
3734
3515
6464
6083
2925
9041
8043
4923
2253
4731
9756
3334
6575
3216
761
8850
3092
4453
4783
6593
5388
7613
1743
5150
7829
2950
8567
383
1753
5916
1605
9712
7977
3894
1311
8573
2028
4609
6958
7467
908
4561
4753
1076
6070
2410
2409
1464
5029
8383
106
4755
919
2017
3956
3333
7665
9536
4945
845
5196
9010
2611
6747
2032
5456
5391
2133
5878
3878
8022
5454
456
3330
5841
3895
6654
8835
4802
2023
2357
2681
9827
5314
47
2859
6596
2365
3937
4866
713
1844
8791
7467
4170
827
1076
921
5361
8294
5107
1186
7285
6516
9020
771
9643
4097
274
3603
1512
8213
2339
5458
5277
8465
250
4891
7103
7654
8079
5510
859
4635
7571
9519
1391
2528
1785
2411
4890
2755
7752
415
9818
943
9300
3050
6034
8021
2536
3502
6587
4271
2576
6401
1129
5425
6749
4201
8831
920
1705
67
7402
755
5574
9949
9551
7473
3530
7940
6453
728
4361
1849
5910
1417
3187
9561
4682
8932
5043
4831
6575
3811
1513
2318
1056
4926
9697
8677
9666
3326
8242
8088
9785
1827
5196
1908
454
6590
1821
9986
5112
4194
6406
7985
3822
7955
6793
1812
2676
610
7031
5412
5683
5694
4122
1885
8134
3770
6631
8722
4780
5112
642
8685
3988
4888
454
2584
88
6961
6020
1091
6191
4682
6480
8501
6388
2974
9122
7991
2177
4607
186
371
1109
3932
1112
4906
8409
5115
5508
5138
2125
1904
781
9847
7406
7242
5693
8319
1035
4999
4281
4848
4324
3382
32
4687
1179
397
938
2466
3398
8071
8193
3747
9505
8195
5316
5052
7098
5565
2197
7331
1688
3447
8003
2428
4940
1583
3907
9920
8355
9235
8977
4064
9463
6880
2930
9497
1196
9442
8435
9266
3009
9998
