8304
13
3191
3354
5531
4805
6758
5254
4474
2527
8096
7558
958
5328
6543
8824
1483
5710
7467
7422
4778
2619
8114
6351
6655
9273
997
5546
5633
8671
8724
7676
9783
745
2707
578
4100
7375
8789
8579
4362
6779
4535
8094
6593
6659
3059
4601
1722
3077
2553
5064
576
3156
9707
3398
5763
4260
664
4307
2108
7647
962
2527
9501
9383
9221
6502
2247
8168
718
3437
1231
6332
6241
2998
344
6998
4829
7010
5522
468
2938
2104
695
700
3009
1458
9515
2500
6932
6609
9663
5215
793
3163
2327
7176
8315
9398
8200
2446
3423
3646
5812
4079
8188
180
4820
8615
2442
3447
1559
743
179
3029
582
1305
3317
5739
3303
8706
298
8669
5729
7515
3305
7654
4215
2674
5180
3055
5418
6329
8483
7297
4815
9882
5534
8200
5948
7677
4172
7659
1524
393
7519
9752
7944
6517
9384
2451
8976
3985
6555
3363
8856
9774
2620
2240
6666
7930
5910
3370
8289
1635
8108
4786
9780
2631
5005
3382
7346
2067
3534
1901
9027
2097
9860
3543
5085
5343
3841
1678
5639
2310
2343
675
6030
2528
2455
6784
4482
1317
1681
7410
4033
1016
2143
3381
565
445
4024
2199
3685
7044
9314
1598
6501
686
3970
3571
396
3703
2357
4058
534
616
1251
7260
3943
1348
4144
108
8284
5163
7874
9671
978
8262
3829
9152
7002
9786
2847
1340
5789
2368
8516
7832
7788
9641
5014
5330
2485
3901
9680
8677
6673
1019
9104
1187
6001
6374
5738
1187
6190
1968
9458
681
9174
6359
3636
481
5721
8112
2223
5655
4153
4351
7081
8749
7905
9478
2878
70
1449
6890
8357
3119
7584
4601
3725
1347
4841
9310
1961
2201
762
6000
1057
3457
4084
8778
2226
4076
5562
1754
5780
8099
6307
2330
6561
8079
1308
3424
5520
4500
6964
3109
3186
8048
9260
1527
5014
8611
8879
1849
6692
2042
8158
8709
2954
4800
9354
3189
4309
6671
3757
9279
8464
7428
89
627
2266
9293
1672
8839
3532
5610
6988
7187
2604
5211
2068
6692
6432
4503
5926
6887
6054
9234
2776
1635
9001
375
2087
3649
3468
7066
1907
5181
8146
9735
72
2817
3546
6296
948
4715
2793
6512
3004
8267
4649
3060
1595
1276
6423
3056
7919
6149
338
6405
8323
4247
6146
911
5545
7944
8607
3556
4663
9185
5554
3832
9571
5050
6864
4799
22
6845
1758
5787
2539
5484
9530
3924
3368
1150
2294
3943
6256
397
340
3280
5189
9175
7827
8065
8607
3876
5392
331
2060
5188
2031
7390
7801
9760
5506
5323
2697
7382
7917
5237
2628
8676
2291
5341
759
4426
129
8068
101
9031
9255
5088
351
5369
9374
1014
1622
8048
5154
438
7109
4892
577
2227
6001
5521
7327
5432
9604
2542
1478
3611
8409
4541
7091
2598
4946
1127
5142
8677
6639
6199
7109
6886
8579
4292
2325
6793
97
6524
8326
3932
8580
4761
5163
9808
9457
2732
3042
6226
4597
7737
3862
3348
7431
9661
2071
9236
4919
7330
4612
5093
6087
236
618
2213
3125
9919
5143
6488
6391
123
9175
7573
3832
2294
8372
784
145
4162
1490
636
1496
537
9270
681
6257
4699
3395
1139
515
9701
2502
902
6600
4976
5080
9166
3665
6968
8759
9846
4338
1706
2803
9037
3274
5
3045
4317
2514
685
9880
4031
5719
5625
6233
2850
2195
1208
1927
6574
2260
8602
8718
7576
1270
2832
7247
3430
8445
2636
2831
8871
8187
7785
9439
3986
1253
2398
6636
787
7207
2752
7675
1680
4063
2913
3919
7275
4193
6143
1685
3426
356
3491
2253
7536
318
7696
5928
7113
5737
7849
5245
8645
727
8755
7305
2033
6929
83
3820
2696
8490
3756
6342
3346
8125
7206
5997
634
4718
4455
9559
8399
269
9217
284
6540
1240
8766
3451
7517
1063
1411
2055
5413
3667
6365
2092
47
8327
4114
220
3724
8977
6213
970
7475
589
8384
5901
6380
1997
9959
62
5748
1866
119
3895
1127
9080
7667
7633
7442
7196
7919
3140
5252
4880
7072
99
1503
2184
1092
7325
5300
799
4833
2594
3318
7264
3219
5667
2903
6970
5794
4413
9208
1091
4215
1613
9979
5058
39
2055
3973
2980
1607
5662
6505
6905
1773
7982
2095
6981
908
8846
1470
3285
7704
5711
7208
7898
9602
9100
3798
4070
3736
8016
4496
1025
7413
707
5823
7374
5548
5279
7886
9458
5351
9703
2888
8152
9903
9069
9775
720
891
7678
4054
4418
3280
3910
3007
2854
5428
6581
1397
211
3262
1577
1674
1477
7900
1561
7081
351
8952
2112
6906
8834
8805
9119
2265
6607
3134
2838
8279
607
3078
5469
3937
4455
7453
486
5263
7731
967
7119
3735
2431
4662
857
362
7289
2692
5716
4628
522
7935
622
5235
6925
2229
626
7856
1917
1153
2216
2495
7957
8440
7763
9209
1030
6960
878
7736
4618
6493
5833
5197
8581
1907
9070
3832
6065
7763
6707
9467
3674
5654
8058
4479
4520
5247
2685
4114
3692
8181
9934
4043
3708
5597
8644
6398
7121
8515
308
3086
3944
2347
6024
5213
9738
4072
5932
7120
766
496
5552
7981
1578
478
3153
7727
7740
1957
5816
9398
2568
2199
8821
3979
9009
9997
2281
8191
8883
1031
977
9167
5114
8115
3149
156
7645
5535
9851
4193
8904
6378
2979
9687
3463
5865
690
1465
6771
3774
6723
248
4371
8697
1932
5250
4291
6889
6921
8135
1308
183
5500
4494
5504
8269
6686
2251
1121
9932
9170
5689
1609
5862
9039
6086
3589
1570
8811
104
9559
8438
7450
7811
4967
6707
1487
5788
8892
7767
3949
9183
9666
9983
2725
6279
6119
9706
1136
248
7178
7625
7601
6796
214
4482
9094
2737
3712
4526
7968
4903
9460
7790
3711
4743
9723
604
7879
274
84
4066
4687
9511
217
1892
815
3322
5844
6309
7301
6918
2928
775
186
6245
7319
5040
481
2184
1509
7900
2988
1811
9637
4709
5896
532
5816
4077
549
4938
