9816
1489
9116
1248
5475
1108
8693
5235
6644
4942
5849
9520
2651
7037
8306
7975
2247
8448
2364
8374
4827
5054
4197
9113
9514
9871
9443
6113
5324
2717
9465
1302
8636
4056
1460
6893
8016
631
5484
2759
7731
3680
4780
7384
7335
6768
4830
2625
6870
8203
5948
4280
9620
9712
4139
917
6827
5534
2884
6053
7238
4714
2444
370
2770
2280
5010
5445
9507
7906
777
2947
6038
5580
6962
7685
3997
2844
9977
2747
5295
6283
7433
8085
4163
4694
7105
6261
6096
1228
6222
6614
5787
3979
4558
7928
9115
3678
8402
5309
5542
3370
7718
2308
11
8901
5168
454
7219
5629
8357
4598
3265
3820
7606
7242
96
1922
6254
6273
4681
1112
1914
7297
4436
6904
3294
5997
6621
8624
9298
9070
4473
3726
7499
2005
9249
6907
402
1191
4622
6381
658
8439
2155
4750
3696
7945
756
5006
654
8888
1895
7684
3868
8477
3574
9025
5375
6991
1024
6353
4117
5419
1490
9001
4267
2750
7391
1319
2398
5606
6246
2206
9724
7588
2142
8480
1031
3696
8384
681
1864
4059
7181
3113
6928
8693
7891
7790
813
2353
6404
8701
8188
3118
8052
9246
7935
7297
5324
6938
8108
84
5078
8489
8188
2118
4099
6941
6556
8231
1433
3312
8482
3105
2894
8317
1816
668
5952
3024
9458
4745
7493
1430
3235
1583
9619
259
960
2804
8163
2150
1902
3138
4596
4263
5775
9304
5147
9119
6447
4570
1381
4390
771
4575
4473
2972
3262
2736
5051
1737
3157
3618
3463
9288
4718
6746
4070
5931
119
658
1229
6886
2908
9309
5265
7427
2256
9938
627
8140
1255
8990
4596
1522
5457
5647
7793
5681
9364
8449
6560
3273
5793
8400
9471
4828
9018
2271
5082
7704
7864
5139
9174
7054
3539
4503
9097
7584
5473
3243
9446
9943
6177
8507
9155
5416
26
8636
9474
7623
7945
8025
9855
2364
7424
36
1971
9737
6899
9117
8115
1770
9030
6907
2963
7736
8548
6820
1791
7045
4880
4994
239
509
3029
8190
5823
6050
6343
3224
3362
3864
725
4841
9243
5264
4390
4722
3777
6210
212
2664
6571
2626
8803
1243
1007
1094
2425
4166
4921
4155
8844
4367
5193
4526
7230
6373
4929
4980
5001
4
967
9069
5424
6803
1476
3824
8395
8105
4218
153
2326
2052
5567
9351
9563
317
8453
3761
7932
5088
3646
2556
3752
4839
4161
4149
4281
5295
916
9119
2290
5577
1806
6526
3637
6409
2822
3599
9851
871
7991
9736
6655
2808
3545
3146
3486
763
9605
1085
9356
5966
3962
2656
8274
7172
5248
8662
6808
1534
3891
3698
4743
8552
8912
7247
788
1945
3972
6447
3513
55
5415
7795
8555
2949
856
9354
9390
3806
1122
9621
6375
7298
4969
4165
6555
6837
4534
308
3654
8104
8888
3934
2621
4424
7843
4798
4573
9144
2189
7946
3935
6447
4643
467
2192
2235
7543
7640
8375
4621
2012
5393
2815
8100
5714
6692
7132
5597
4635
2521
6076
8539
6289
1392
2148
8335
2510
5547
622
8857
2907
3251
4852
2982
7732
5677
3457
8429
4089
8072
6577
5219
9300
9461
6412
5792
7525
9406
688
5030
6206
2115
9772
844
4767
1417
6012
802
4671
3476
7836
9134
8331
7626
2070
483
7362
2014
8568
3306
5412
3456
1150
2329
1917
3811
563
2319
398
7415
2125
4742
5928
5522
158
9756
6745
5309
5923
6629
142
6035
3317
1304
6100
6991
8599
870
404
824
17
945
5880
672
5310
8738
6604
8739
7452
2402
9359
2545
6973
8951
4819
3577
7439
4820
8935
2725
10000
507
9059
2838
7700
4216
6930
4415
3710
3821
2422
8463
9970
4925
3877
8166
6879
7762
4410
8435
3316
4829
3272
7115
6322
5507
1061
5142
4946
2798
9554
7558
14
7806
1700
8800
5992
72
5411
653
4536
4915
3905
7079
1181
2845
7923
9688
1432
4265
5520
8097
3439
5599
1644
2487
1632
7525
5015
1686
4376
8123
2098
5248
6343
5360
6985
2433
4800
21
1210
1619
4806
9503
374
1540
6242
6745
2021
3095
6684
5318
499
4047
2620
6950
7881
5787
4066
9950
273
4273
9004
7721
7828
3581
5203
8372
2877
3080
6366
3333
7324
9525
6435
8520
9962
5233
6025
1767
5720
2474
7360
1210
9970
9049
2601
7132
666
44
495
3398
708
4766
2752
226
6644
4029
6718
1571
7229
1548
5749
2542
3795
4905
5595
9374
1077
7424
5584
3217
2980
6390
4981
4698
4889
3412
2108
8979
8472
6141
9050
6795
8233
9558
650
458
1683
8531
6156
243
6873
334
8839
3599
3485
1722
9227
4947
9727
7850
4543
815
5511
3121
8465
130
7830
8072
4785
8105
5395
8741
3216
7599
9647
2972
8733
9980
8246
9628
2808
362
8490
2427
8594
6450
160
2673
1400
7100
3683
5600
5872
3811
2963
7572
8363
2816
8798
1227
8055
6061
4900
1063
247
8440
1330
379
2086
8137
6978
4176
7205
9162
4810
6288
2507
8835
1022
4717
4538
1682
7727
4816
6423
7798
40
8875
7095
7043
451
2371
7090
1060
7985
5483
1772
7196
7511
9496
5640
1837
609
1141
2367
50
9112
3656
2220
4178
8416
1339
9001
7904
1322
8664
1319
6733
5480
8395
9451
6610
9605
7667
6233
6426
6548
8041
8926
1089
9874
7253
5992
5121
5921
7049
1688
1015
3951
5631
3998
9492
4530
1276
2708
7107
9892
6525
8886
1768
2042
9891
4599
2828
32
1612
6337
6003
2811
4809
8984
6423
1719
5774
7056
7228
9581
3258
319
7268
9574
7571
1746
8139
9232
5977
3585
1004
5390
217
4334
4551
4850
5205
8144
3804
792
3035
5852
6109
114
7559
9909
7772
2050
4717
8253
4198
7341
5492
9613
5355
4797
9243
4240
40
8654
4798
1383
4119
8373
5572
867
2720
590
9353
1234
2686
2410
8573
413
3802
7250
8316
2653
2724
8481
723
7597
7575
7940
2089
5397
4922
5330
8022
2779
160
2832
5564
184
2406
9270
2197
5607
7336
5302
6067
6957
3551
