2583
1038
8855
5129
8018
2887
7727
5598
4455
1446
6106
7913
408
5889
3523
4620
1801
9439
9824
8721
7670
3082
1804
9592
8970
7689
652
9161
5845
2017
8135
9232
9457
7814
4456
8262
6882
5419
4611
4034
1431
10000
7831
2987
6429
3272
1115
5856
6209
517
8565
8559
9645
4006
9588
4076
9234
1011
9821
1619
8015
5479
9192
4736
7545
6602
703
4573
5706
4215
8308
1865
6119
865
6843
6435
4520
6831
2273
9422
7661
9707
4022
1163
4196
2108
7729
6625
3326
7708
9842
2614
1061
7694
6912
6025
9229
831
2023
4694
4972
153
5229
8822
2212
3209
1541
3200
6771
3791
986
781
968
6402
5415
5356
251
5498
8890
8537
8314
6224
3233
2682
646
3308
9299
9302
5295
6761
1761
459
8513
7914
289
1978
7451
4565
7640
5050
4023
2635
2622
5889
486
2919
7124
9780
1758
3211
5191
4088
4934
9270
4872
4660
407
4182
8998
142
5209
6873
2051
6406
2754
4366
2099
2253
7866
7217
1046
2571
2355
6628
6022
5471
867
7870
5750
1960
2423
9288
715
3156
148
1605
6985
2319
5664
8909
2793
5079
6377
7756
1835
6740
5441
9618
7867
5564
8415
7870
8731
3370
8411
8181
4443
8446
6850
1037
4716
150
3381
3136
5648
185
8146
1715
4616
1599
9343
5036
5659
8568
6906
2540
7523
3887
1180
2993
9664
9455
3576
6635
7275
5276
7395
9700
5407
1324
7563
6905
7954
603
8700
1139
8570
2306
2901
4175
7396
8906
1991
2308
6406
6065
8004
8711
7992
900
6830
5528
7526
9610
8615
8200
31
1972
2780
9327
3787
4401
3888
2195
8863
1288
6164
6031
9402
6049
983
4262
237
455
5936
8665
2043
1696
144
9103
6780
4638
5123
1545
708
7009
4905
1645
7352
4985
1756
3009
9656
154
5511
315
631
7654
8134
7903
200
6288
8303
4751
7481
8497
1463
4674
1750
5614
4090
483
9063
1170
1574
2301
2488
6201
9064
7367
6283
7237
2348
2381
7423
5234
9513
3578
351
4697
2687
4101
65
1306
1525
4073
1557
6485
1879
268
1605
4543
992
8835
2886
6058
7333
5857
6231
4734
7603
503
2422
5708
1828
5986
4074
205
4516
5899
6996
9518
1964
5262
6415
2512
3184
7193
8511
2151
8588
71
9351
5112
2415
4844
4035
9654
3109
9712
646
4286
2616
681
6188
9210
9570
3126
1151
4754
9027
3993
4301
3368
9912
7184
1915
3342
4794
3646
907
2026
9363
475
8626
7058
9183
1425
993
358
7522
3921
7236
5825
9803
3467
1321
8410
515
5461
1861
4435
9154
5490
5718
4117
7016
6800
220
9173
8216
3750
8726
4735
878
9783
3077
5696
7439
9865
7583
9693
8769
5463
9093
4515
112
995
9810
305
5722
9611
5597
2252
7949
5630
8727
9537
782
2907
6352
3848
6447
4957
4597
5694
4084
6840
4789
3384
1661
6451
4121
9510
3515
5783
5940
3489
3073
2855
7923
2491
2214
8437
6501
8728
5847
6232
5306
5995
3148
2159
4241
9782
3247
9672
3033
2097
9112
8681
7016
8190
6623
9746
4832
1420
2849
488
3590
1514
3485
7189
3953
915
6331
5415
3611
3925
2114
1997
6130
6292
2988
1758
1024
5336
7120
2249
5308
6960
1884
6445
4286
9163
721
3863
2132
6571
4155
6482
9416
9067
9781
1354
3153
910
8663
8082
2403
7082
7759
562
9694
503
7934
3477
5704
9554
9806
4345
4975
1297
3106
8257
419
8486
9538
2181
520
1431
9735
4754
5299
4430
3738
8948
7049
7235
7329
2079
8292
4767
6613
4041
9846
6196
8707
7390
98
9524
9779
7692
6052
3541
4963
222
830
9478
558
1176
2772
6496
1524
8267
7047
8869
4178
849
6530
3330
9365
8649
9732
64
1644
5355
715
79
9777
8183
6746
8647
545
5667
2820
8104
6217
1024
4208
9894
7238
4577
2806
5238
8977
1686
8505
8975
8724
2643
6179
8818
3681
6789
3547
2211
4547
5058
7391
4974
7866
8477
8852
1754
4279
6220
8033
1541
3154
5658
2418
3419
6471
1018
2848
3204
3863
8070
6399
8361
701
2692
9344
6449
6217
4158
7851
7911
5011
6435
4284
174
3665
3227
9750
6179
2559
9456
786
4267
9871
5342
534
8547
9015
3118
4130
9606
208
8217
5314
3443
4447
8029
164
4144
2374
6351
3626
6257
6401
426
2635
5290
9581
7347
9210
7550
2431
9096
5954
5254
905
7043
1866
3088
2977
417
679
7488
6359
6016
4800
1134
7649
7115
7092
8081
2075
8200
3383
6407
2141
9252
7155
7413
1837
3240
7571
3585
7681
8329
9288
1490
6314
5714
3254
6528
847
3392
3874
9324
8212
4521
8637
8865
391
9798
7300
3757
1558
207
3137
5564
750
3720
9739
640
3315
2312
1733
1963
1301
1713
2185
2682
1112
2485
5087
508
8407
5079
9070
2539
4434
544
7346
2083
6039
6416
5370
5088
9162
9296
2290
3685
406
3085
7631
1374
3683
5215
2112
4079
15
1623
3550
4248
8586
5033
458
757
812
6553
7236
998
7885
9384
5280
2739
833
2283
279
4480
3807
720
696
4796
4182
6926
2854
1841
9903
9620
8150
1197
8864
274
9738
6314
7047
3525
3599
5755
7717
6421
7050
4949
2498
5366
3362
9781
7031
1981
506
4270
5931
8410
6793
2702
908
7539
8305
1121
5431
8583
1685
4977
3435
7771
1289
8839
4633
5085
5320
344
8851
420
7801
7410
3922
6503
4050
5689
9523
8110
5072
8928
5161
1354
6989
992
2493
2048
6539
1321
9271
8573
7972
7930
668
5715
1096
3821
4279
3415
4367
5951
2942
6090
5190
7608
4911
9511
2832
4943
6296
3538
2819
2186
6993
620
3595
6549
7948
8543
2601
8710
7590
2933
8742
9320
6583
5961
1823
6597
9077
1146
6869
2273
8408
3923
2942
3877
9772
1064
3087
8590
948
1394
6975
9923
3881
7097
4841
6546
4362
1099
4716
300
5498
1213
5228
9717
9726
2874
3029
1513
8036
5757
7814
6301
1125
4610
4551
8910
9862
5376
7368
9161
