1652
9845
4477
6235
2820
7739
9979
6554
1317
2449
4991
1172
9386
7370
3255
777
5698
7323
9809
8277
5597
9828
5955
5462
3462
8203
818
5730
2627
6466
410
5890
9655
6800
7413
1830
2811
4294
1713
3444
3249
4303
6430
8092
888
6764
5496
4443
1539
7867
4111
2872
9345
5473
5412
8520
1930
5893
5826
913
1309
1321
1339
5024
6087
6063
5996
1183
6961
4581
1000
4805
1952
1695
7339
5881
8207
1052
459
1103
4560
7198
3402
7547
5953
908
4350
3803
6428
1444
5905
6039
9973
6285
8176
2194
1869
5790
6826
9064
4651
3168
7619
8017
2320
4613
4762
9759
6679
4463
7679
6492
5887
8851
7332
3220
3284
5301
7778
9454
3361
4477
2195
7154
2722
1900
5113
989
53
9927
6497
3986
1174
4845
4323
8708
1417
4483
3835
516
3705
1718
485
5415
5491
3589
9911
909
5370
848
6726
2108
7302
3030
4348
5078
3722
930
7617
510
4614
1185
2975
2305
4555
2462
3992
9135
7945
6803
5951
1573
7043
4215
124
5208
6653
3546
6142
4614
9478
8007
7004
28
9289
8045
1642
6771
6039
4147
8240
619
1358
1386
2106
4427
2499
636
5960
7283
1845
8373
8496
8149
1588
9963
3623
5203
7091
4794
7073
7591
7667
8359
4254
200
5335
5463
5817
8850
1056
6783
8310
2275
6708
6673
4137
8370
871
1625
3476
5067
5226
7482
3472
8867
2770
1813
3013
3286
4095
1878
6272
1690
4390
8164
2083
8169
3513
8082
3423
9086
9920
8276
8024
3986
5029
638
2719
8897
7046
9239
2609
330
1490
9915
9196
4362
8170
1436
8032
5395
8678
4879
5759
6172
6678
2565
3249
9510
8742
9354
9646
3998
4869
3813
3867
3176
2660
2380
5825
3554
1066
2674
5883
4926
8364
4144
2948
2681
8096
6110
8796
3419
7716
8049
2430
7310
231
9745
2565
6238
1544
576
3159
3166
9008
1995
6652
2066
4906
2413
927
1353
7982
1600
7974
170
7433
6279
3927
5225
6688
9135
7893
500
9294
4016
3963
6503
3391
5508
7813
6701
7991
8017
4893
1149
9933
6192
9855
2736
1866
8020
7631
6358
8785
673
1378
7460
4261
1167
6574
261
4644
7217
9195
5908
4553
8413
6737
3517
62
5446
3715
6646
2105
3605
2575
4376
3916
1107
4083
259
5903
5494
461
3177
8612
7959
7933
2386
7754
2768
8549
1089
7096
8866
9892
6383
5671
1370
2203
2795
3282
3270
6496
5772
4706
250
9267
342
3584
1692
5984
4947
9460
5419
2140
1722
5538
7490
7340
3612
3317
2795
4271
217
1704
2086
2731
7136
6495
7264
5761
2377
5747
3010
9327
5800
2604
776
2235
7644
6996
5547
1006
8677
9051
6447
3343
9291
1640
1294
3930
7665
2605
8804
4268
6903
808
3985
9862
3036
7646
8704
6550
2539
8387
271
3910
5431
7178
9251
1967
6251
441
5295
1605
2559
3009
7326
2824
3115
8008
6818
3419
7247
2934
6842
2595
1931
9312
7979
148
7351
7908
7502
4832
5036
1422
8610
3074
603
1427
9006
3686
4520
3863
5774
8996
4432
7790
2717
1329
2913
187
6869
5397
6148
7583
5104
9401
2078
4716
1206
5165
5609
825
100
9383
7102
2489
7998
9658
8120
5977
8815
1474
7569
2167
8961
9968
8578
4169
478
137
6788
9472
4653
1117
9509
4752
735
372
8433
490
2461
5649
3799
7336
65
8626
7502
4175
2439
8355
6986
9466
1357
6415
5532
2783
2734
6384
2460
2259
5798
2190
5541
486
6982
7375
6983
180
9662
6098
2645
8935
9755
3939
2038
6807
4210
8420
3537
3301
4849
6461
425
7893
709
4265
2352
5476
4499
6936
4691
5567
8357
3704
7822
5698
2040
3688
6090
8334
6860
5027
2257
2991
6497
3777
542
5855
9761
3201
2002
9937
6058
4141
7745
8365
5866
8186
8974
8143
6182
6180
5619
7086
9836
1768
9577
7025
6890
129
6127
2153
1131
200
7365
6365
9838
2695
877
4796
1684
9783
6195
6010
6889
1842
6547
2350
1544
6905
7758
6733
467
2298
5862
9527
320
1105
6545
9776
3901
2666
5082
9880
7698
8494
2411
878
2317
1384
749
2486
6042
4251
9213
3658
6999
205
665
2458
7716
9648
5227
8387
6639
6129
147
5309
5057
8249
599
4967
5523
5081
9291
8335
4201
9358
4301
329
4529
7797
8189
2390
3278
5847
6398
5290
9441
6243
1993
4809
3475
2584
7641
5276
1574
5618
8424
2148
3957
6848
4558
727
5075
9854
5495
4986
6553
2975
3082
5734
3622
1258
5113
9475
1216
2582
3720
4662
4185
6807
8452
3660
1
7048
2110
8715
8659
6878
8405
8053
758
8192
9243
4992
7968
6801
2936
2341
2439
7412
4322
4887
9852
8564
429
2230
4361
7245
5953
1062
4107
8282
4666
2003
9094
587
2167
9975
9012
9222
6521
8443
8498
1103
8501
5159
3126
3302
8929
4669
843
5400
5376
9970
21
7123
1271
151
4371
6298
9193
8484
580
5148
3929
8857
7047
5425
2512
4952
787
2390
3129
6851
6038
6544
1117
5452
1125
4300
4117
8169
8941
3215
8222
4489
2881
2525
2068
5612
8686
4085
2660
3613
2252
6700
1886
7972
6848
5437
4593
2608
2442
5076
5759
2420
885
7594
5665
7997
9528
6213
5174
2534
6235
6302
6745
7174
93
933
6824
2795
9347
3324
783
9597
3394
6147
151
687
8682
4438
7121
6425
2159
7518
3862
8088
8587
9969
5636
9986
5170
205
276
6346
6444
5145
740
3851
347
4641
3158
1536
8595
5658
8091
4591
6200
6508
610
4820
2563
4959
2659
1713
4511
7028
354
6852
7876
7972
4615
469
1872
2933
9732
7535
3100
616
3064
1831
1070
5678
5902
8255
8330
152
8744
7625
7579
6762
2561
6822
3185
58
5581
8087
9531
4662
9913
9928
8281
8289
3182
6552
178
1979
999
2616
524
8759
8777
4577
573
8199
487
4776
5858
2426
1395
7470
3936
9590
9474
704
426
7172
6652
3407
7583
1800
1465
1842
9175
9015
1555
6826
5671
7306
3837
