6690
7146
5819
6355
8391
1457
7352
1462
450
2989
604
8919
5069
2251
1076
2794
2530
4026
792
3047
9741
8433
2416
2595
2563
3731
5836
9321
2227
1013
4381
5391
2889
4837
52
3831
7645
213
8589
9254
7677
6649
8328
9302
8051
2753
4912
4851
7420
1823
7247
4030
2645
1682
3465
4075
2491
5419
3161
6881
5957
4030
77
1097
527
2211
5262
7770
1519
9438
606
1628
1470
4023
4350
6438
9858
7646
8605
8381
2404
9084
957
1323
9671
3434
4946
1062
5885
3223
828
5160
8680
9066
5179
8672
2130
6000
923
192
2529
3066
6210
4578
3772
3969
2370
8571
2099
1967
4165
6689
7826
1177
3737
9365
1579
2467
2689
7712
1545
1640
6804
130
196
6097
4851
1989
382
7826
1791
6822
1643
3281
3640
7505
5705
4859
2473
1001
2000
5311
7768
4682
1393
9047
2842
1270
97
2520
3411
4681
1948
4096
8614
2030
2923
500
3208
1326
2409
5780
1597
6387
4402
5213
6
5295
2746
6600
5788
2584
1038
1036
6818
9885
963
4110
3319
597
8935
8399
5859
1086
6958
1551
2587
331
7731
2172
1173
4495
1605
623
1062
5865
4129
1018
5029
7458
7044
3739
5913
6250
2668
309
7362
1500
1797
261
444
1959
4289
3380
7659
1209
8628
1064
7148
4293
1024
5339
5789
4651
3264
2715
1743
4300
3396
908
8090
7250
3895
5191
7969
54
833
9021
8182
8432
3336
715
3260
110
2158
2275
3766
2934
1966
7844
8837
4950
9307
6314
7903
2904
3117
390
6826
9692
5159
566
223
5577
7109
2104
7022
16
7431
6951
1850
8894
5397
2485
8770
1098
9127
5441
5481
4361
7479
3672
3437
9400
9690
6011
6322
9869
4526
5459
7434
2688
9777
9602
5884
5143
6255
3364
1276
3445
75
4570
7123
242
2710
5306
2536
5776
1959
248
6474
9910
5356
2162
2614
7989
1120
9557
8954
9451
8161
5910
6174
1284
9780
3304
9470
3042
1524
2256
321
2934
8989
5017
1967
9983
8135
6451
4577
4217
2637
1326
287
2240
4363
302
525
7046
8880
4829
6852
3244
1056
1862
3181
4569
4778
9333
9067
2487
9451
9782
5816
2970
7275
9625
3327
173
3224
2039
2662
2951
4253
9464
2324
3178
4661
8034
7535
9564
3321
7347
5887
4498
8257
2164
3633
151
4533
9994
9132
9117
7226
9299
2677
3151
3702
396
1703
3359
9754
577
4268
7110
4721
9522
7429
94
7521
591
760
1285
8980
9600
4460
7770
416
1236
3574
5295
8148
6652
6162
2572
2708
9062
3447
8510
1582
3125
887
3881
6465
6720
7360
9714
446
9071
5435
2921
3201
8206
8056
9107
5017
9162
5185
351
8863
6828
5710
1707
8893
7477
8303
6342
570
7503
918
9121
157
1544
9511
9049
5931
4052
9617
795
5994
7563
830
4719
8469
1667
9223
6007
5597
5023
6704
893
3750
7203
9984
6735
3934
3054
4248
3490
3862
9401
628
542
7128
8328
6522
4291
3775
2282
1940
4713
5583
1315
2201
77
6197
350
7873
6427
5508
6053
6758
4979
8068
7476
8404
2817
884
1087
6686
8391
3524
1263
1646
9904
6165
4328
4954
2581
5180
1717
6925
936
5360
8690
571
9631
5465
9927
6347
3100
5619
7082
3766
3928
2527
5338
9172
2525
764
3855
5660
9823
7827
1015
5722
1095
9514
8463
7110
272
8752
3219
2504
5025
1357
4180
9655
9459
6843
3693
3830
9297
9786
4248
7067
8810
7689
5112
555
9478
6233
4266
2119
7022
4271
8473
2233
3686
6484
3572
4967
6663
9792
3014
9495
3321
2364
1679
1200
2887
1647
7231
7238
3484
4346
2675
5431
3300
5279
8741
2868
7052
5345
923
483
7573
9588
7243
3100
4144
8786
9943
1311
3163
7888
2889
1644
6803
151
1722
7104
6336
9302
5863
5815
6353
121
9024
961
2543
8805
2090
9493
5024
6104
8137
2835
1225
5308
5648
1111
7181
2694
7386
9212
4785
1984
5909
1616
4151
1811
1257
2224
2303
5349
6451
6344
7035
2534
315
4542
2570
2492
2953
8952
9617
7921
3689
6323
1690
4325
4411
3975
5248
5758
2055
7464
3579
834
2464
7620
4702
1612
1333
6789
4816
8956
5263
6412
5323
4687
5654
3704
6061
8611
511
8624
185
4679
7622
5934
1451
5483
2458
4271
3735
2409
5785
5559
9563
8971
8866
861
5722
3034
8746
542
3339
3294
2686
1968
4493
9241
3714
8104
5331
6967
3119
2794
5728
9272
3982
1872
9103
75
3936
8917
7831
3675
8601
8238
1077
8417
672
8070
8391
6344
9848
1462
7573
1093
6556
1269
1753
4490
8051
1096
4359
132
6393
5736
4354
8200
9684
2200
2560
4921
3972
3614
1747
5090
2864
5211
5264
1463
5421
8870
6755
1061
7193
430
2826
462
7871
3384
9954
5442
8894
5268
5264
5939
6566
3316
104
862
1846
4670
4881
8946
3969
5673
7672
8303
5301
3718
6635
9473
4811
2139
3687
6465
3787
5675
3200
4929
5527
7494
1050
1493
3394
2536
7929
1159
2833
6990
3507
1599
9437
8973
3559
9682
8742
3825
8640
5240
5219
9728
1155
9565
5419
3807
3217
6512
7453
6041
7853
8213
1728
9123
5922
6830
7382
104
3353
3960
1447
128
4513
3229
8393
332
5341
2941
4008
4455
5169
9725
7976
320
9945
490
5177
5838
6626
8412
3510
1930
3771
6945
3830
7064
9864
885
9876
769
4953
2800
7345
9337
5020
9477
386
8095
976
3954
8996
2573
1478
3336
8802
7682
4352
7085
4073
4884
773
3554
2072
4779
4463
6627
8606
9640
4168
7131
6345
313
5566
5774
663
1503
8429
1642
3223
8074
4002
3914
6667
7799
6899
9686
6744
1197
168
5784
1141
9175
1174
4939
2998
624
4734
4267
6089
6061
1631
8568
2761
2489
7990
6683
847
2022
1320
7611
8182
1482
5149
5869
6110
5406
3357
4155
7815
1316
6173
9087
1240
8236
7894
5700
3852
3638
9399
4786
7155
1845
7286
9722
3229
9724
2009
4522
7937
6090
996
7798
133
7330
6989
