5025
4031
8909
6153
6639
4610
5249
8283
3443
6537
5974
2005
2695
4625
8364
1108
2799
9286
6414
6873
3765
4497
7875
3331
3452
7373
323
7450
4959
4957
8007
8425
8606
2608
7884
7468
6881
7186
7302
8058
9426
1416
9118
5918
999
4868
8703
9808
6305
4002
4341
9148
6691
81
795
2734
9182
9363
437
2071
2060
3638
864
7957
7009
7040
4781
3038
9601
8423
5130
7889
2814
276
173
243
9866
9291
2977
5309
2038
5217
5434
8606
3619
8041
4118
3119
6398
7419
3747
3310
9459
3247
7341
3409
4551
4261
1344
5905
4721
3069
4945
6643
9774
7500
5152
560
8967
5459
6123
9423
9773
5580
5641
5330
8158
9999
8608
3678
9631
7229
9737
9142
2387
464
4653
956
1591
4539
2879
5988
3827
7480
5412
3051
2532
1786
3219
461
7957
7098
9804
2493
6478
7672
4794
905
8671
3854
9381
7853
7848
3136
9956
9048
4660
9248
5321
8102
7572
2238
907
4495
424
2701
1733
7421
9285
1507
1016
7617
8665
8298
3889
3872
519
1988
1951
3482
5734
7812
5480
948
9111
4415
348
2128
3317
2153
1777
2376
6950
1034
7100
7226
1742
7864
6667
6444
9071
8208
1228
8400
6093
432
8100
5607
2090
5724
2780
1565
7207
3818
7860
4901
3865
4500
7402
2870
9715
9619
764
5928
3443
4292
8541
9366
3492
9590
5147
3534
9586
3664
6778
4130
1260
9626
8258
5535
9902
3134
8998
2673
9268
6713
9794
407
9377
8520
731
8820
6454
8400
2740
5998
4148
3856
6461
4893
847
9837
9106
2066
3061
4610
5765
1861
7107
9066
6452
7462
710
2599
4312
1690
8901
2821
734
3215
9074
8954
9524
2096
2877
6036
8056
5898
7155
6092
7804
6232
9720
8882
9988
3265
1926
6391
6266
128
5391
5715
9979
6529
6618
149
1927
5959
4483
5168
7978
1072
2979
1799
1413
4771
940
9861
5419
4994
8070
8536
9270
8098
9798
6964
3877
8881
2064
5201
8571
9253
5128
6106
2896
6875
6484
6090
3304
8316
4594
5712
6194
7748
7629
9903
9191
3302
6131
1492
1286
8467
4544
330
8409
9637
6701
8652
4276
3002
1946
6353
2939
1835
3243
2390
1595
1898
7623
6347
4364
2617
9973
1797
6516
5065
9747
5663
6492
8604
6362
4478
451
6667
7934
216
184
6559
5503
6076
3998
7669
694
8353
7679
945
8480
3579
4730
8552
5897
412
9933
6451
5864
7936
7008
7710
3058
2664
6058
677
7805
2731
79
5449
5232
955
8196
7615
4370
6287
8832
8551
767
6931
216
612
4307
2226
415
7523
3409
437
4058
697
8139
5809
1273
1464
9763
29
1321
9989
8480
6425
3708
2529
3200
6107
2173
1246
5752
7
1241
6520
2243
9747
8205
2447
364
1525
7908
7817
9434
4913
1457
8043
2303
5617
3993
4474
1589
662
9920
3844
1564
7262
9584
6321
5033
3602
2117
2582
8785
3288
6837
8303
8487
6397
6193
1976
1411
86
2442
2309
7943
4432
1513
880
5719
1046
5201
975
2797
7362
2239
6323
4290
1886
8189
3298
7937
3808
750
4264
8352
1845
7416
49
8721
4196
2200
6354
6770
6508
6113
9301
9180
9932
9954
1661
1418
6519
237
5236
5668
9490
8030
4066
2609
4432
4530
5390
3708
3040
1724
4661
666
5230
4010
3322
1831
764
8604
9065
4767
6757
299
4177
607
9653
6115
8006
1588
8510
5518
226
4902
8456
2747
8615
9844
1999
1637
6929
7351
568
3711
6630
282
5239
3984
5360
8998
3411
8014
8060
9483
431
5710
2104
2802
3788
5453
3344
7767
6486
6986
8467
435
4877
2609
6316
2335
7725
476
4685
5822
1339
5666
8371
7080
9015
7211
8663
7849
5567
8125
7014
4375
8402
5274
8890
5177
4403
6019
2262
6274
6576
1337
9463
7656
3083
1422
3004
6378
7716
6386
7903
8018
2112
9007
7588
576
4706
1453
5310
9324
913
5262
2757
2868
8611
5041
1089
9935
3518
5358
6275
4729
8614
967
9299
4
6487
6617
6526
6501
3915
8054
9005
4900
1813
128
5187
3371
5787
700
6456
8991
8439
3189
3679
7140
8801
9596
9731
2151
9163
8098
1814
6211
1395
9640
8049
1390
8569
1731
5619
2174
9050
4246
1787
4084
7574
6634
9177
3304
6484
7430
5426
5664
2409
7921
7106
5452
9906
1039
2210
5608
7231
7724
8699
3943
9573
4105
2966
1036
3770
7009
31
9383
2418
229
5393
7174
17
5587
2258
7745
5290
8314
3487
9680
9914
167
7108
7956
2844
6608
6300
897
2403
1197
9234
696
2314
5879
6863
4205
1787
9622
3401
9864
1582
907
2722
7541
6905
8440
6513
3609
9640
4786
2541
5850
4832
5018
1294
2703
1748
3659
9518
1505
1886
6478
3083
5282
3815
6355
5811
2384
9884
3520
532
2388
8649
5857
5483
1037
2492
6445
8478
7310
7099
1101
8082
9868
7032
7007
3163
379
3474
5482
7621
7785
1629
3629
6392
8044
9983
1911
5604
2306
4433
3404
1697
1091
4732
4200
3644
4838
9275
5772
9730
1726
7212
8688
6218
7880
2833
310
7320
9497
1450
5435
6052
2785
3452
8560
4606
2777
2184
5747
4036
6408
9475
6739
7945
5061
9918
6848
5815
6642
7019
6421
2490
8624
3020
1612
538
2772
5272
4162
6163
1548
3397
2806
7695
3980
1526
2416
3878
513
9145
5551
3505
6046
5437
6158
2396
2253
6123
6382
2853
6676
2760
905
8608
107
3978
5128
6954
6030
9973
1412
9104
9689
6271
8482
5411
483
6743
8195
1595
781
8386
9526
592
180
8629
909
6725
517
5925
8977
9718
1791
8593
7300
8155
1865
8920
7710
3402
2434
3764
7597
960
9871
9395
4951
5953
3814
4330
2629
5468
2664
278
3966
5943
531
5289
4411
7976
7729
7801
6669
2602
7564
5221
5688
3618
6403
3890
4018
7190
8297
8098
1455
7124
3063
4269
5313
7147
4385
2567
1408
2411
697
2178
9308
3620
4932
7657
2969
526
343
2152
4967
2354
169
8108
7734
4627
698
5774
1001
3890
