5269
2671
6158
4851
6134
2857
5553
2183
49
1689
3439
3907
8279
5302
612
5981
8159
2886
7990
956
6249
5125
8389
6493
3377
1830
4860
94
6794
9415
7469
8101
2907
4341
3009
6041
8566
9679
8306
8280
3482
3262
6673
9182
7727
9610
7255
2194
2320
4984
8337
6432
4854
5919
612
5349
4945
9788
6127
8984
1657
3668
3079
6904
1164
9303
6188
6576
2826
749
795
6219
2207
9632
3670
2274
9531
5428
9226
7445
8570
5860
2895
1126
2614
1670
4831
9087
864
2461
3144
2500
741
6604
8209
5954
5061
4415
3028
1680
190
9029
6918
8595
5334
5058
8069
4262
6928
2855
8895
5264
4226
321
5965
498
3162
1096
4785
8197
6023
6510
229
8686
8851
664
5203
9362
971
4005
8921
7278
377
2493
4732
8168
7027
8993
1036
930
5369
1444
6544
3230
3508
86
8872
4413
8801
7703
6011
8036
9641
8585
3066
1510
5294
2195
6537
8860
6041
4344
2302
8163
2492
3926
8499
8987
984
9516
1855
8345
603
7886
5948
5392
4346
3798
9654
8310
4908
6543
2752
3047
756
9524
3917
7996
1589
3695
396
6997
3411
6530
6302
1399
911
9547
6368
5168
1828
4912
4171
5248
4331
5700
6657
1806
4866
1049
2526
3140
8100
8327
9267
3650
9855
1451
6810
9429
1784
1556
92
1991
9970
9065
2824
2819
4755
4921
7288
4957
1145
6394
3896
8061
8485
9387
5108
2936
7908
7376
2383
3038
5021
5983
5255
163
6901
6782
2405
8203
3909
7550
4708
7398
5709
6079
7883
7401
2438
4224
8109
106
5000
4498
7612
3218
4290
8795
4709
1864
4895
6732
8441
8233
8426
5576
3463
5928
807
2666
2791
2374
5636
234
2288
7781
312
1457
2878
5255
8993
4012
5543
9181
5619
8956
117
316
4824
2225
4226
5060
9982
4968
2600
8906
8392
4067
5982
6747
3025
9195
4743
684
3445
7680
2714
731
9775
6695
7362
7229
4257
1548
4240
1533
5408
1650
2022
3123
5714
1855
4189
91
8791
1695
261
2883
8342
4219
1023
2759
9740
7323
4003
392
2008
5944
135
3061
3729
3605
5013
1769
3318
5474
9782
3117
8047
4935
8829
7790
109
6361
6625
395
1892
5295
7089
3416
3958
9031
74
2200
5072
8250
3244
9407
2331
8314
7617
2918
7814
8434
4751
7988
4555
5141
2341
9062
3595
401
9009
8795
9596
4059
4858
1814
3273
4439
477
8042
3257
9978
9547
9021
9666
3375
4711
3300
2283
7391
4707
368
7374
4234
2715
4927
5364
3707
6511
1328
8356
4625
1031
1573
2404
2654
3234
8247
7515
537
5369
1725
7295
6064
1570
5456
4215
6299
282
7632
4058
8070
9889
1584
1293
9384
740
6978
3543
7068
5468
9294
8179
2582
3150
7396
1242
4683
2495
1868
6859
8533
7383
2294
9852
9568
1243
8787
1505
2957
5016
2971
1347
2507
3280
3152
9055
3114
2476
6702
3237
1521
200
6153
7438
728
2744
7457
5407
5735
2270
9198
6626
5046
1277
8673
740
1145
2479
6498
8757
223
1810
9266
8828
2629
1918
1527
3590
49
5042
5452
3005
3949
4586
1638
8803
9493
5698
6001
1540
6036
2796
2282
9967
2567
741
9607
2451
148
3607
2022
1085
6919
5400
2661
4724
9557
2307
4028
1933
5631
3408
7936
8309
4852
2112
3044
4713
9515
407
8893
3653
7402
6969
4740
2570
6477
6710
6613
495
1701
7608
8561
599
2562
1552
2865
6272
3461
5338
4316
5777
964
3237
4626
9608
8933
9824
5560
7877
2149
4225
2366
9503
7120
6310
6298
4326
5759
3215
58
8516
8114
192
2248
617
4430
8795
426
7587
9470
1480
4252
8358
2307
7242
4202
2700
5609
6236
5451
4467
6745
982
4682
6862
9321
7390
9915
9432
3951
1264
4880
1784
2674
2373
6805
7157
2493
9491
5063
5799
1307
8708
3179
883
2761
7008
3170
8319
2696
2476
6290
5664
4237
9789
240
739
7256
3294
206
2905
1547
5073
9533
8623
8513
3367
3411
4965
5716
4731
7613
9030
2791
7537
9354
6535
4304
5137
2867
4761
8101
6986
4284
2491
4333
3038
7502
3910
2515
6227
6082
7112
9597
2159
775
2589
9151
7800
2304
5737
5112
1219
3239
2430
8741
5620
9401
2000
1446
9816
1144
5970
7556
721
9307
4665
8089
30
1939
2873
1271
1233
2742
808
5292
96
1344
6356
3136
3940
3114
2203
201
6674
6489
6054
5144
4329
4101
1095
4536
1019
6841
6244
6386
6710
389
9704
4996
5351
2958
8302
728
3605
6791
3209
9113
5139
8187
444
3172
5547
6863
2927
6928
6912
8306
7803
6254
9118
1947
7933
3620
2662
7868
6556
999
9262
9679
4000
7282
6578
9579
6149
1662
6022
8963
931
1910
2933
3942
6973
8358
9968
9012
9556
6386
4598
9363
1186
7829
7873
7896
4547
2932
1775
5919
1211
8204
2974
7817
8600
4081
2767
2923
388
6283
5950
352
233
3527
9643
5938
9800
3017
1245
4586
5357
116
4142
9623
5374
2727
3973
7844
9363
2974
8429
3017
4330
9278
5228
8059
2654
4350
337
7597
2986
904
6195
4075
5709
5354
5276
9430
3243
2586
2904
5032
9224
1416
4933
3455
5940
2537
9394
8804
8966
8282
3340
3078
6537
6214
9470
8919
2324
913
5170
5687
6363
917
1106
2530
4964
6911
9901
2225
7222
2881
1184
3030
5301
2585
879
2386
8001
2786
7897
1501
1353
7048
1694
5944
8398
4826
6422
8084
4477
961
5483
411
5121
6147
2979
3183
1018
8049
5076
1774
4693
4880
9537
6619
2419
1097
8221
5695
1460
4124
2530
319
9012
522
926
8010
221
6211
8409
6350
901
7874
564
8952
8600
6994
5870
458
4156
4133
2612
6709
6831
1755
84
6279
5824
3140
9516
9345
5190
5650
7519
240
7838
8437
9233
8366
8078
5012
5743
4155
7490
8853
5920
4745
1119
3950
7833
9800
7522
1652
7316
8926
7694
7584
6659
3694
2430
9374
1062
132
7861
4918
4375
8884
7270
49
4016
3841
3869
2274
9132
947
