8368
220
1770
5325
6060
3877
319
8209
6030
4702
4746
1087
1089
399
8746
5736
2037
3397
1880
3625
5088
7731
8926
8769
9460
7698
209
8758
2816
8976
4556
1526
2490
9136
5068
7751
9565
2024
6873
1079
9412
6573
20
2408
8391
4141
2990
9277
4928
3807
5601
514
5798
6544
5858
7320
4572
654
3942
4031
6531
4287
7878
5622
335
1599
89
2918
6358
3294
37
6030
3501
3561
870
4117
1606
7956
2678
4159
3490
3337
218
5169
7714
6094
5411
9588
6189
267
4885
8750
93
1726
2897
297
3288
7969
8772
2397
9627
3436
3727
2404
6816
2399
4045
8482
5498
3485
9111
3974
2306
2558
4966
1056
111
6949
6254
3471
7211
8281
8583
4474
1766
4222
737
6645
9138
704
5806
2139
4856
2253
5154
688
4613
7694
5037
3308
6581
3578
1240
1035
2083
7906
2347
6153
3375
6775
530
6076
9921
8326
2913
3897
2916
2469
6159
7676
5830
8582
2383
502
7289
8409
6457
2817
5829
3086
7720
7674
8563
7522
4192
2092
4572
6550
3418
5866
5421
5358
9554
3230
1906
1891
1762
2756
6411
3459
8898
6897
9355
9637
8070
1376
3018
9714
9344
7048
6212
8985
7094
2769
4270
9506
6491
4581
4416
97
5517
7348
7698
3784
8345
7887
804
8680
9096
5546
5982
4663
9996
8326
1034
4424
8450
9198
4397
3496
6561
9575
2648
2718
4012
9901
2686
1375
5815
8581
1660
5501
5488
581
6372
8799
8037
8070
732
9519
1812
5571
4856
1129
1811
6400
6512
4455
111
3652
8448
5330
7551
6613
2301
6313
2094
9357
4142
6609
1374
2599
7846
5470
7373
4893
1049
5350
6183
5469
6505
7487
7091
7874
45
3809
4634
3778
6933
1229
4660
657
9445
5700
3187
7777
6998
6067
2661
8863
3044
4559
7157
6684
80
1890
8695
1938
2683
7978
4263
7734
280
4971
7930
1986
6693
707
3945
9398
7415
4866
2753
592
9538
423
6609
753
5681
9750
7430
982
7631
6477
5755
9573
5568
9039
4448
8076
8500
3292
5753
4924
4204
6035
4877
3363
6021
8895
7036
8113
9214
3765
4781
1160
3837
8898
5017
6774
4020
3166
7825
1940
1868
9503
326
2852
9044
7404
2254
2021
4977
1186
3667
1339
7210
2753
9473
1591
6510
2779
9852
7343
2943
7146
8415
3879
1828
9543
5863
4716
3598
9690
6375
3120
1131
4975
8570
1172
2283
3986
7047
8520
2331
628
2818
3800
8992
9293
1632
5144
4421
8355
1902
6765
5116
3323
6713
3505
2243
6266
9602
5456
1119
1788
821
6918
7522
8850
7677
4773
9016
1153
9064
5650
7913
7100
8067
961
1310
1645
5579
3562
1545
1320
2778
6866
2775
4777
3218
3553
8236
6724
4746
3525
9015
919
8657
4645
2434
2234
396
9662
935
2998
3024
3599
8948
4778
1847
7990
4140
7929
8632
5858
52
625
1083
7499
2714
4081
5096
249
1478
3634
5130
6021
576
7660
9339
6588
8304
3625
4295
7691
5883
7808
4524
692
1686
2618
9562
5920
6450
3425
762
389
2407
8940
8537
8608
8813
5751
1430
5578
5115
481
3156
6602
2578
3603
8767
5280
762
3986
3104
7058
2696
1959
2872
7370
8933
3233
220
4689
6794
8895
3014
4578
1063
7736
8193
5364
1044
3175
7030
8263
6436
3375
1616
9283
3080
8962
949
5302
6362
9371
8320
1843
1151
6823
1263
8672
7430
4507
8253
4320
89
7631
3245
7933
3261
1236
2554
8544
6001
6173
7055
3900
1689
4871
1383
2490
4087
8504
3389
270
9399
5040
3227
6163
9035
2967
5431
3332
6542
7699
6197
8758
5371
4514
1736
4153
4068
4098
8280
184
7977
6584
9758
1869
5501
4397
4784
5048
9385
4008
2143
3921
5357
9656
2652
120
3973
6061
4310
5221
8701
8715
3608
8247
758
4757
3271
4660
5247
7081
1629
5896
4997
6529
4046
6360
3322
5164
5719
7096
9913
8968
2886
3154
2646
8254
1211
471
1751
8607
7023
6473
9038
3884
2839
2228
2952
8700
3530
4619
1343
8041
1828
2294
5341
5703
9700
7153
9465
1526
706
2542
6733
5797
8355
5262
2504
3466
1137
260
7035
9582
3247
2695
2879
625
7557
8933
5409
4302
749
4463
1172
2599
9650
2300
9735
3489
5939
7736
5789
9586
5271
9712
5346
319
8912
9879
9577
9101
8604
1997
7661
3990
3020
1016
4469
5096
8910
6678
7119
4679
4874
8456
1834
1997
2588
3273
5564
250
3368
2814
2930
9376
3677
6891
2791
5933
5357
5344
586
4330
2707
7416
9387
4161
6161
2309
3264
4506
340
8221
8305
9545
9421
3686
293
8766
4202
6465
3767
1945
9572
9836
3315
4597
197
2021
8212
4358
8454
4544
5783
4161
3412
7284
1600
8820
1577
7925
1232
7250
5670
5289
2825
7775
692
6737
4063
4298
3255
3893
466
2751
4666
2422
2420
2803
6190
8558
5450
7908
1201
4551
4299
7698
7069
9697
1570
1516
2984
7644
4217
5067
608
3932
5006
2546
7356
9913
4408
6157
9136
5367
6950
2283
8362
1083
500
6478
4150
5035
9651
9115
3364
4913
6005
9291
9855
377
5879
6372
7871
669
8789
8616
5639
2525
2066
3404
1476
1995
3321
1469
6912
3460
6099
2242
5832
2200
9490
3962
7560
7221
9958
1024
4024
4588
4462
8596
1105
5238
335
2700
8921
2298
9394
3552
6515
3324
5515
8881
3462
2541
8844
1982
6722
8729
2154
2560
689
4913
7503
8555
7863
3488
9115
5733
6279
6673
4467
6192
7814
5051
6227
31
8449
7843
9261
4921
4268
2195
7976
1860
5569
7108
9686
9070
262
4557
3831
6955
8196
1031
4502
3622
4950
2360
1836
4530
4650
1057
3262
6163
7495
2030
3748
7437
9644
1202
8519
2725
3508
1742
5422
1362
5955
3675
8869
6830
5282
9347
8267
9482
7343
7845
7
4888
2115
3888
477
9939
3272
6149
2498
7097
4576
8895
4754
5418
6959
4499
6295
1486
3684
7811
2344
2405
5551
2026
5182
5620
2316
9688
5008
6765
3229
4871
6742
1218
3577
2453
