2112
5555
150
3450
7446
2183
1151
4825
3612
7811
5336
796
6759
5461
875
11
9264
7729
3434
691
1792
5201
1502
8444
5161
5257
3308
4172
5097
7368
7815
3887
6171
5439
2630
6338
4711
7016
2132
8410
1099
2919
9794
5212
4070
7259
2081
5307
3830
6420
8032
4700
4497
6320
3619
9114
7727
6197
8364
2489
9275
2608
8210
3386
1034
5348
8324
6411
9324
4412
653
4726
7337
947
5343
8923
4250
374
6988
7202
7256
6738
358
5823
3573
6107
9806
8957
9513
5628
7990
3067
4062
9955
2588
8067
1295
2142
4561
8222
4107
3461
3477
1207
3202
9212
6106
3151
9745
3876
133
2991
2615
89
8429
3603
9794
4575
9826
6135
4859
4013
3169
2011
2145
5299
7887
1650
5488
2224
831
2830
6639
5939
4222
8728
7635
1983
1272
2799
9460
9976
3531
2865
7821
5370
305
840
3779
2601
1337
2786
1186
1572
8673
1665
2664
5630
9506
8862
5491
6346
9581
3519
8138
4867
5661
4550
1840
7499
4286
2130
466
7927
217
6682
582
5443
1787
2899
344
9341
2307
7783
2671
7920
8967
7119
1643
9528
1540
3678
2335
606
9012
2555
8244
338
7026
4230
2798
4245
7867
8429
7343
9294
3658
8518
354
5376
3225
6780
8032
1162
255
9147
4199
1524
9066
482
785
1254
4239
610
8924
678
4354
1063
9549
3144
6888
8147
7219
9952
9538
8311
6399
5062
2262
4825
2746
2995
1672
1085
8699
3795
1402
7608
3136
1495
6012
3550
2988
1002
2576
5671
1739
1219
9267
3653
3944
4144
5004
9869
5300
5935
9326
8584
5052
5003
2117
1378
8705
1552
5412
42
1539
5538
4050
4641
326
4385
1020
2743
6607
3415
2746
5569
3135
2119
6072
3450
1578
1203
5612
2205
3972
5985
2127
2633
5491
2418
6299
3624
6898
2643
4555
289
4363
3322
7011
2472
8206
3723
6633
6351
4584
1966
1974
3932
9407
5770
3306
8283
2262
4837
9975
7883
1119
2312
4868
9994
5708
2951
7490
2178
7642
9002
6147
4861
7669
6050
6561
8391
4626
2264
6281
4490
8483
9381
697
2467
4717
2269
706
1549
3381
5516
6511
175
2618
3550
9383
7550
6288
1676
615
2096
5671
6124
7148
156
7941
9502
9736
2446
5499
9264
338
5200
168
4854
1298
540
3149
4390
903
5570
4159
6596
8013
7986
10000
8145
2914
6427
746
9486
5485
3166
9090
2338
5719
7475
1132
757
7943
1524
7342
8128
9833
3806
3872
1924
2007
5587
4319
5932
2284
1769
5408
8018
2704
1581
4464
8479
2813
6087
7647
8429
4490
9995
2405
629
8932
9095
5890
6119
744
5899
2325
8065
5620
8150
5600
2366
3868
4259
5451
5149
5292
6377
9676
2537
7403
8221
9772
1902
3636
9444
6131
3471
7118
9035
4211
9782
8561
7585
7321
4199
1658
2458
5878
7715
1000
3549
1443
625
6685
9839
6547
6135
8175
6684
7605
6514
7344
344
6378
7036
3068
5814
3954
4534
6853
1828
5232
9002
1403
8339
8696
6887
8274
9928
226
7744
2981
6774
4580
2064
6274
9351
6969
6623
6394
2037
5205
7109
8454
3269
6962
8498
4719
2905
7486
3246
7749
4642
693
6708
718
1534
9435
8490
7773
3528
237
1660
106
7061
8529
1125
8830
1761
1637
9642
43
8884
2757
5138
6970
1117
9116
6904
722
2109
3413
5830
7451
5886
2320
9909
5289
6529
8064
218
4444
2435
3267
5241
2473
7450
5413
6780
8227
9306
8783
3024
9941
3559
3490
8675
4006
3829
457
9090
6245
1962
55
6802
5246
3612
7893
6217
5521
7565
1278
9137
3641
3278
1145
4703
2511
7757
643
7955
4547
7171
1736
1302
8100
2109
8387
6893
3738
5861
4948
4929
1318
1180
5920
7759
9967
2045
845
9820
6174
821
3488
2329
3041
3161
5936
8994
1976
7160
5226
2165
3004
5485
2003
4871
432
9970
3930
1404
1642
3150
6368
8174
8490
331
9543
6593
6025
9068
582
9857
9099
4300
9018
4010
2322
5470
7483
5844
4713
4587
588
2383
5439
1577
333
147
9852
413
2063
442
5557
773
9547
9764
7798
6790
7809
1985
9835
9670
5365
6285
957
9979
9149
5364
7406
7089
3036
9090
9647
3402
9480
525
4945
9036
84
8939
799
7025
5540
6387
6201
3648
4438
8516
229
5099
8453
7485
2528
1253
250
8429
4752
2917
3409
4497
6959
9242
9645
3234
59
3701
5623
974
2753
1765
3217
2851
2070
7242
1779
3339
8506
9182
188
7573
3074
7488
3803
4459
6758
3196
8499
9558
7129
3223
6052
2986
5239
2539
3519
6968
9208
9935
2591
3392
7268
3035
5689
5083
5708
2653
9847
6283
6831
6554
1088
5127
4022
8526
2959
8832
8573
844
2149
6765
5808
518
196
6365
6074
8803
5390
6689
3380
6929
1868
9127
7371
3362
5031
4848
3599
6184
2787
1785
2976
4549
2572
7930
8025
4819
3535
8450
6995
234
2854
1249
9854
1318
3656
257
3907
4436
601
8221
4323
219
5033
7008
7362
2018
7875
9816
6677
9462
2516
1976
989
7642
6557
7165
3194
4273
1064
8578
8878
5228
9891
3019
2873
927
3626
5888
8563
6715
8
8615
287
5289
1707
4547
3094
6731
9728
250
8452
6434
4584
2461
6840
1220
5354
3781
1978
2517
7659
3409
9431
8603
6559
6365
4406
9986
148
4292
2593
4070
7707
6300
2780
7172
4637
600
2614
5612
6406
2658
1713
8378
71
4849
5486
4985
9043
1711
7150
5089
7228
8717
6915
2504
7731
3970
5005
7093
1033
3917
8704
1808
5827
8754
6167
4031
6375
8792
5996
195
2843
2976
5824
1654
5973
530
4843
1626
5310
4063
4915
2601
8673
154
9837
4248
9512
4860
1423
3448
9166
9815
4623
3387
4254
5440
2293
7927
2286
9331
4412
7630
2201
7449
2506
4679
7513
1980
7933
9035
6393
5940
3544
5209
1513
2931
8357
4159
6113
4516
9333
4920
2396
7495
5395
1051
5057
5481
9397
7418
2664
5594
2910
7696
407
6934
9523
8978
7874
5782
7807
1527
