3752
4483
4453
4331
1601
6737
8863
5632
4105
102
7980
642
5211
1635
6075
7496
2134
6443
8520
4747
4806
213
5542
1593
526
4152
9708
3825
3859
7268
6809
3368
343
4544
5576
819
4571
1993
6176
8297
1140
7518
5814
3834
6966
6279
5102
4996
9645
9850
3606
4537
7251
6794
5932
4469
1289
8185
9389
4036
6756
3481
3012
2193
9011
4674
1450
4158
7585
7388
9664
7513
9843
8062
4072
3001
6174
2333
5844
4418
8588
3852
2055
6235
8193
8652
2365
1206
4755
2236
5881
1248
4327
7138
2624
116
6798
9190
6023
4894
9293
2263
3540
8562
8318
4997
2309
4869
1416
3111
1759
2748
3741
4415
7413
778
8091
8806
6354
265
7671
3150
6353
58
937
5460
3012
6059
8666
7411
8727
59
5575
3138
7776
4422
5586
2818
1611
5939
2182
9559
3113
9425
8245
3347
8829
8808
1336
2609
5729
5464
9358
8162
1984
8678
1998
7425
9520
7925
4298
2949
3504
923
1546
4422
6504
6194
6177
5142
4391
8944
7364
6909
5581
308
2063
116
6957
6396
4190
4932
745
7780
6262
6159
187
8469
7506
2549
708
6659
6782
966
6645
5740
1513
4073
3666
1271
1041
1334
1245
3482
9509
7504
7327
686
8744
8116
7352
4189
9323
8136
5894
4528
2027
8388
4322
1594
5105
7213
1273
1943
5590
1796
2482
298
6054
269
2882
5447
2120
5952
6313
613
3169
7008
2969
1966
6719
4887
7712
1965
4854
9203
5766
1269
1080
3334
3138
5083
6631
435
5266
3167
4929
9829
9539
9825
7376
2236
3653
2393
7523
7109
8140
4134
4072
6177
6096
3240
641
74
976
7602
1390
9742
9246
9479
777
2253
1045
8088
8339
503
5363
1777
1388
9432
3123
665
5024
6392
4199
8938
1610
5969
7468
8129
3163
4228
2966
5072
3861
6
2144
260
533
5090
1095
524
5296
5397
2395
3376
4348
1233
9561
1442
2588
4476
1401
6243
2946
7429
8944
6506
6421
5621
9456
2457
3521
4049
3933
9713
4190
7275
8597
7524
773
9441
5475
6897
5374
6289
5726
6682
5418
7333
2234
3929
9598
2661
3730
9818
7728
3006
3688
3632
1851
8708
1009
8484
6645
9381
1799
4525
4952
6672
8075
3234
2260
9792
4909
3431
1328
6462
3273
8134
6044
3483
9622
5373
2125
6498
267
2769
3385
9229
6706
6870
2439
4421
7948
7420
4598
4271
9849
5482
6042
5081
4628
9488
9955
7595
2710
566
7185
7869
1347
9004
7536
906
6184
5887
4191
5412
9923
7414
3402
1954
7211
7340
8487
9127
5258
8777
715
4827
7176
6152
2132
9811
8336
8263
3825
832
3713
46
9284
1275
8718
8271
7559
3310
104
867
2075
560
9918
3877
8915
2799
7820
311
751
5381
110
4280
1377
1261
5090
5140
7982
1710
9869
6499
5116
3361
3578
8725
8514
2789
2546
7742
2436
1709
1482
7974
3340
4706
9551
7681
4562
521
2871
4802
1859
1654
3966
5556
5195
8318
7146
6365
2294
790
7795
2761
6688
644
4732
9498
2666
1225
6520
7428
2156
5019
6340
5571
5554
220
9467
90
1842
211
8344
4730
9299
4602
5160
5156
2445
4570
5993
702
2665
8914
2318
32
7152
843
6829
3611
4406
2065
3953
6666
8300
278
8614
974
4307
4441
5513
2414
4454
8583
4810
8795
5395
2783
152
3909
156
9644
9494
4342
5542
4950
3882
1467
6649
1650
6738
1166
3606
2368
7036
8121
7968
4437
2169
2165
6134
2386
6978
4743
2949
9688
1286
7963
9796
8032
2252
371
3905
1630
3709
5526
6485
1572
1356
6765
6285
1408
7812
4053
2041
9092
392
2378
839
703
9042
9192
8580
9510
8568
8861
186
1170
3526
7021
2317
9985
2923
3158
1452
5880
6451
941
7593
5324
9748
3328
6340
5203
3828
712
1089
6912
7379
6360
4478
6352
7697
5194
3686
8353
474
459
4588
9425
3094
6590
6786
2798
9292
6569
605
1673
2994
5253
7848
2334
2594
6631
4911
4490
2165
5280
7889
3951
3582
6011
8863
8874
2018
8185
375
8019
3438
5214
1281
1474
129
3763
942
132
5961
7703
464
329
7422
7327
8337
9727
3578
3316
2526
3539
473
6866
4184
5525
4845
4336
2322
5946
4189
9540
693
2674
4543
2998
2715
9002
574
4240
3368
9044
580
5770
6786
6408
2136
6028
3570
6541
9203
8695
9865
9417
3462
5702
903
3640
9270
9399
6339
2937
6385
7623
8246
915
3104
5808
9757
7354
4294
3150
6264
8419
2372
417
2463
9526
2215
3202
6786
873
805
2912
6618
5205
9785
6671
8729
498
6754
9998
4806
8577
1926
2726
6800
7919
486
2471
7679
8520
1265
708
2674
1687
7148
5302
9097
8389
3931
6321
7018
6688
211
3594
2202
1559
5310
592
4483
9420
6117
2535
2934
3219
5068
9784
6685
3961
5264
1953
9340
2471
521
1206
7506
1715
3820
8945
4057
1971
1921
1660
587
924
1868
6386
5758
3485
1296
6926
6242
4868
2792
4786
681
5673
4816
7774
1912
198
7174
5955
1497
2996
9013
8569
8235
7753
1896
3845
9475
2205
3227
1635
6833
9280
2696
5711
9062
4785
5238
8162
9918
1165
4099
2101
5696
2402
9654
3644
9942
364
6417
6736
5783
9158
6042
7309
4751
7879
2234
1315
7914
8541
7898
4288
754
9806
1559
8616
1131
3859
188
7366
8336
6663
623
7287
4840
3410
6010
8032
7152
2032
3163
8267
9619
2979
6790
5401
3593
3815
4048
1847
5907
5518
6274
4485
3238
8813
7813
9970
3432
9024
6337
1008
6398
5516
5925
83
735
711
3597
780
6563
3057
8105
478
1176
3691
6303
8804
4074
7967
3604
2621
5976
3673
4388
7891
7564
3317
8028
5174
6837
1413
6771
2569
9277
164
5386
6106
1912
9468
182
1706
7526
3531
3799
3878
8478
5807
3111
3478
2539
8312
8602
7244
4112
6337
4753
4911
7700
3882
7482
1918
2379
1113
9913
8040
8359
2860
7099
1625
1684
2121
5518
8822
9392
7492
1363
8127
6674
7706
8936
3207
