2586
8013
197
6019
9251
5524
4914
2921
6694
9797
2455
9868
9469
1973
383
496
2399
7364
2343
160
2419
368
3458
3287
422
2366
406
1672
8997
595
8838
1720
7687
291
3401
1953
4279
2192
4789
4105
1557
4230
2989
4851
6363
5192
4658
7810
1402
7495
4824
7699
8724
8401
4128
2466
2373
2936
2767
6558
4374
1335
1204
730
3018
8328
2778
3190
9969
6992
3947
719
6193
504
4366
7365
9924
7395
9227
7893
7650
5922
7391
5518
9220
3677
9853
987
4084
1460
7777
2331
5567
2893
4099
6023
5335
9887
6281
9024
1460
5614
5588
6293
9722
2538
3941
6284
9639
1567
700
9097
2072
9783
7265
5911
2073
6128
1688
2020
4489
7537
2469
9098
5671
4582
6849
8034
5622
9453
3344
58
5911
8653
6750
4498
7386
4012
1073
9044
6564
6934
7757
4275
3725
3280
5096
7257
3669
2359
2272
4260
7802
3688
5126
9784
8652
7687
885
181
743
3561
4675
722
4077
1429
4812
5299
5262
2258
7125
7798
4409
1379
6793
2971
3423
5696
1684
3331
8263
1438
5230
6309
315
5852
2089
4874
9757
1618
6249
4819
7680
4820
7216
5712
7991
2770
7279
8532
2900
8986
7091
8125
4902
7202
3607
4692
4631
4965
557
6597
8464
8857
7398
5196
2879
1437
3510
5841
4741
893
4854
4554
783
5412
9537
4696
109
8627
9662
5006
7231
4083
5557
492
9473
5556
2453
6198
8345
2053
7670
6534
4065
8734
8952
615
82
9753
3896
5299
9545
4776
4170
529
8634
1715
5031
8501
5137
2712
2943
2228
895
6498
5286
278
6543
3666
6439
3150
6500
8842
7265
9341
6224
1654
4416
1970
4859
5336
8317
9534
2363
7711
309
6941
3753
2711
8022
8004
6900
8732
557
8065
7242
6096
2405
8553
7512
683
3604
4744
8122
925
9732
4763
5019
3269
6779
6905
9208
5157
4895
9503
6771
8388
3106
8514
9375
502
4356
4623
3362
3680
5942
8533
7344
9425
3319
7153
7471
731
635
6216
6952
2546
2181
459
403
1723
6955
355
475
2503
6675
1081
8902
6790
7794
3379
6507
7311
1341
4883
6204
5965
2178
1124
5426
5179
3867
8961
8537
6893
1736
6302
3647
101
3781
3195
5833
7495
2032
9964
881
8387
5151
9259
7023
8449
9699
52
2716
7457
4792
6807
9821
2562
8193
7314
5745
657
9956
2487
9103
8458
6043
3879
545
9977
8289
2357
2691
9789
9222
9453
2037
5644
3749
2801
4368
4549
2981
3638
5512
8847
7121
615
2865
1111
3489
6567
5270
2807
7670
5492
2139
9046
1008
8464
9037
8298
1002
9949
7921
3413
361
5054
3836
3217
3995
1579
6768
3274
9533
4694
5011
9680
1260
1669
8631
9763
3106
6955
5971
2075
276
2244
3863
2013
963
5628
9020
2917
7405
1574
7263
7396
6629
8219
3416
730
7789
7811
4552
1232
9904
433
2622
7919
2968
4419
7682
5477
7448
4569
8464
7369
3360
5666
2706
9695
4688
7589
1462
9289
9235
1381
5186
3345
4741
1011
8732
8362
8200
5402
507
6001
6607
7672
2890
6445
8437
6941
1711
1079
8374
8656
5670
1396
2205
4599
9930
2908
340
7914
7620
1298
888
2936
6196
4800
3033
2751
7251
8038
1302
6924
7678
2718
917
1452
2332
6521
4912
4373
5500
4426
1803
5676
1851
6277
7111
5495
398
5152
1175
942
8741
9273
4947
7628
7946
8895
9836
7072
4435
4474
5060
2697
3508
558
7178
1304
1890
4814
9350
1186
7450
6706
8308
2909
841
4795
8392
3218
1591
5575
3343
491
6959
7654
8513
7589
4102
5670
7354
8500
4711
4125
2865
4763
6390
6898
2248
9647
5569
3086
4746
3950
7200
8527
2195
9504
8559
687
6097
7206
7763
9356
5073
6943
8050
1552
6415
4122
7788
8403
4420
1012
1825
1005
9557
714
8196
4155
2077
1534
9857
806
5545
8538
4001
5448
948
6104
4966
5784
8364
520
3630
7834
8619
4872
2249
8654
8550
3363
4573
5289
7700
3798
6758
7759
5552
8711
3050
3945
7309
986
9788
7237
6911
1241
401
4222
6280
4337
3940
5901
3745
5455
909
6799
7456
6524
6571
6530
3865
7120
6253
9532
5780
90
3525
2373
3784
1490
3284
8321
7117
403
2500
228
7917
5924
8445
9015
3672
6261
5603
6978
8198
829
2106
9078
682
1083
1405
7171
6876
3236
2953
4661
2488
9335
3593
1325
7768
3642
3070
7469
5339
591
7252
1880
6926
23
7117
600
1690
1221
9829
5044
9220
8577
3784
5618
5352
361
7330
10
6362
990
4851
9105
9035
5544
3520
3671
6460
2007
5880
7779
9736
4118
7409
480
9442
9087
4007
2274
2174
1879
2747
5298
8853
2239
9671
4413
2653
3154
4945
2748
9994
511
7913
4731
4213
3534
7110
7977
9615
4240
4472
4557
1424
1193
4223
7066
3140
1414
4580
8121
6744
8282
2865
2353
5608
2845
1095
4826
9678
5280
7308
4432
2674
1943
1887
9601
2739
9282
9594
355
5789
9339
5722
2219
8577
5607
8138
7914
3303
1102
4376
4646
8484
4668
241
4143
7989
9618
1101
924
4092
2848
1010
8920
8117
5998
9023
6335
8315
7854
8221
4414
6394
6457
5910
4991
2770
2255
5405
5064
6413
8378
7911
704
7368
9083
3909
7028
6303
6677
7142
4253
1877
5420
9651
8094
3515
5478
2894
8692
67
9463
2172
9817
5202
7686
2061
5435
3033
2083
4272
9644
6457
9171
1526
3284
8023
4151
1844
3039
5126
369
6766
5880
967
2969
7502
3127
8736
5695
1069
1486
2382
7514
2861
5092
8931
5491
4799
8284
2604
7318
2196
6146
6508
6982
1794
7450
6077
9298
4913
2586
1255
423
5468
9489
1182
4934
459
5462
6220
4759
1997
3603
7165
9661
8685
8166
6313
8652
8467
2225
3354
5353
4850
1065
160
4329
8676
2829
6456
3962
4142
1629
7272
6584
7844
4632
8048
2712
6046
4330
7285
6499
8052
8225
947
7768
4806
3589
1515
6425
1120
5327
5897
4392
5583
9505
5131
1649
9701
30
695
3626
