9079
6470
4075
6555
1113
427
5688
6121
6518
6442
4544
619
7709
6839
7175
1808
1211
4344
5116
6897
6261
4390
1030
25
6414
9064
7768
6207
7513
8501
6479
2235
6364
8620
7174
7068
1356
3065
2667
3240
8594
1915
7078
7733
7819
2041
170
2035
4445
2524
5264
8344
1258
2781
712
3996
289
481
1846
3454
1008
3054
979
949
3952
6799
1229
9092
8488
9882
8433
5059
2383
32
2468
8900
8732
9039
2353
747
3410
4944
14
7490
204
7457
8859
6330
7514
5422
7754
8026
3987
4400
9017
7466
4021
4684
1495
9501
7534
1580
1160
3596
2796
1759
8995
7096
1590
6928
1287
954
3332
4693
8747
6460
5638
4258
983
3915
2027
3671
3692
6137
5243
2932
5107
8132
3658
1439
3728
1656
2675
6632
7125
8062
4824
7420
7864
9728
5879
8173
7846
9445
3154
112
6104
5291
3810
764
410
3414
6346
680
7209
9852
6252
7589
3283
9448
6150
5572
6715
8700
802
4570
6761
7712
3108
6934
5359
3205
918
5360
988
1810
1529
3145
1508
9437
7682
8114
5021
61
8338
2901
5752
3696
3416
9093
6549
957
3729
5703
4066
8583
9829
6609
201
1861
878
2427
3436
280
7404
7196
1602
9038
1210
2990
3650
3775
2944
8843
2242
6106
1990
9124
5012
2488
6716
861
3382
6960
5011
1787
8074
7599
3746
7946
4474
8878
5402
4769
6560
7049
6640
6812
4676
2095
6778
6513
3196
3431
5716
9835
4673
572
800
9624
2608
1259
1824
8458
2866
7789
9723
4401
807
7084
5023
862
6618
293
3913
3829
7459
4634
1494
6655
5354
3672
6593
5436
9756
355
686
6909
8419
4895
7033
7045
3709
8034
486
2835
6246
4166
4179
427
4791
5989
6528
3629
3083
934
8422
2578
3068
3634
4507
6706
1537
1275
7398
9162
4497
3619
7599
6846
4283
7705
7090
6131
949
5225
721
8181
5821
1899
8732
4655
2115
134
485
8510
4217
2377
5587
1747
9642
1818
3047
9114
5526
3032
2371
8418
3815
1316
4413
3819
9330
7682
5985
7945
5281
6129
8596
2014
5044
303
8367
9748
3417
3539
7573
1286
1130
7881
4908
5796
7692
931
1567
4208
3541
7270
8877
8701
4976
7520
6994
5422
8383
7783
3769
564
5730
3252
852
2639
4722
9129
8379
4100
7364
7837
2539
2879
901
2949
6464
8240
9019
6871
1005
8228
6913
4371
7093
870
808
8294
4267
9057
8310
1855
7203
2435
633
4990
6914
9275
3983
6546
7718
3757
7418
6150
1864
2328
6284
2541
2733
4613
4623
6654
9130
4730
6794
671
3452
5835
8980
7924
3455
4657
3763
2340
7250
1297
7364
9144
6719
3856
6300
4422
8269
3750
5850
5785
7335
1541
9764
992
2678
3076
7868
8082
5655
2862
2809
5055
4628
7193
6879
4824
3657
9694
3055
7886
7085
5725
9136
3181
837
7561
6716
9319
9179
9549
5348
9344
9953
7777
9456
9677
5060
577
4612
1775
6298
9209
2939
9843
9206
5911
2927
1628
8730
5274
6626
8267
1645
8055
6079
5108
3879
3695
8453
8795
1722
2876
2824
3115
816
9273
6537
9752
8783
5691
5389
8740
2282
5094
5693
3975
7729
7672
3651
5072
397
478
5262
4022
4427
4631
2915
6614
8036
6733
7153
8065
279
9941
2984
6778
9239
9146
1781
9201
4319
9350
3010
2568
3760
1624
7717
9016
5773
781
196
9199
2183
1234
7810
5472
9816
4114
8998
5937
9210
9273
630
2164
3060
4348
9005
2370
8200
7207
6275
4149
7192
7074
6774
9638
2824
2313
647
7497
4678
208
1641
5387
2709
8613
9311
7440
9673
5715
6230
2358
8204
5358
3143
4622
1602
2514
5133
8859
1867
2829
6894
647
8951
8124
3934
4806
5293
5328
7858
359
6575
186
6699
3357
4588
6323
9407
9976
5829
7134
8050
9227
5550
9278
4258
1621
299
9648
2296
6879
248
4980
5400
1331
8610
7293
5257
4636
7672
9288
3849
441
9602
6662
2316
3079
5479
9230
4104
3193
2972
8247
5207
3581
620
7172
5896
7360
4586
3866
4006
9332
8051
1164
708
6207
4534
8099
5798
5611
1488
6594
8156
1847
1724
5611
7579
9167
3330
7230
8477
6724
5684
6343
2431
2229
3676
5502
953
6510
303
8443
6070
8339
1269
3971
2077
13
4681
4614
3759
5289
1169
9744
8020
6068
8738
7383
53
5084
3992
473
6177
427
6598
2928
496
3754
3516
1507
7195
9359
2528
6053
8652
8916
86
3788
5232
8510
3952
144
980
7328
705
4203
3141
8701
8670
1377
223
7918
8968
3046
3102
4804
273
3265
316
3994
9471
2209
4282
2624
5880
9339
3109
3151
2184
5789
6527
26
1575
9013
5650
694
1383
5299
9676
5403
5447
3580
6394
3787
7625
1630
4699
7164
3427
4543
9575
9678
2420
6523
8430
1259
6414
5351
8367
2404
5726
8393
1116
625
8316
7797
9089
5639
3868
2353
9661
7581
6647
1443
3749
9993
9703
504
7184
202
6629
7993
6142
6816
5527
2900
5738
6057
6593
6871
5672
763
582
6388
5922
4150
4897
3865
315
9978
7625
5985
6361
3156
7586
7972
9807
5619
1361
736
3582
4900
497
3699
9066
7919
1766
8107
2041
9922
4395
5796
4576
4200
7121
2038
6258
263
3817
1450
3836
4869
6007
4435
4017
8333
9089
7655
3449
2206
3910
1131
3769
9711
9227
4077
6671
9123
5561
3731
1084
321
9535
8054
169
845
6676
8222
3934
6189
6971
1426
3844
1761
5004
7045
9889
5755
5426
9526
3017
8479
5756
5420
9864
90
9059
3488
3167
1531
5598
5260
2738
7392
5222
5111
5872
9422
8980
8807
7575
9864
113
7619
7805
9698
3494
2839
1301
9975
7099
372
4405
9901
3407
1488
8097
7580
1149
5275
27
8044
9734
3225
6682
2194
4227
33
1730
1590
8803
6213
5733
9276
2614
1727
2408
6403
2750
3431
3493
8872
5541
6902
1031
9088
2357
9772
9918
693
7747
1837
7692
8548
720
2984
905
7007
3831
4498
9277
2098
8649
1572
7006
9155
