8333
9506
7874
2791
3842
8761
7639
5163
8764
6832
4346
1801
7404
421
1969
6623
3082
5024
7407
4042
462
7998
1516
9865
9611
7188
2063
6294
1058
286
6709
1794
88
3814
1818
3799
7485
4015
7612
608
1939
1712
3151
6736
8682
3562
342
7583
9274
7647
5312
8664
401
4983
1253
8648
1328
4787
2649
628
1362
6456
8846
5782
1598
6546
3652
2729
6785
7084
9100
2842
4099
1434
781
8456
6242
9092
7345
6680
7612
4424
1440
8250
3223
158
6683
5170
5883
6167
8066
2790
5780
5552
3230
4584
699
7684
4462
3209
7431
8968
976
2450
4311
1471
7803
1472
7316
6893
9961
3109
2828
8295
3376
7215
5933
2491
4326
5103
3780
202
5783
4020
5431
5083
4699
2171
2097
7935
1824
3956
4438
8272
6648
4720
2345
4198
8811
5183
3416
831
2788
9301
6100
5053
1239
4850
4176
4168
5371
7097
4167
2322
2120
6156
6592
6485
1525
3349
234
9175
1257
4819
1823
391
9146
3646
2247
1523
9374
3793
7030
1871
6894
5397
1921
3120
4001
8567
4130
8667
9501
1047
8735
9834
3789
5224
8439
8511
3543
1839
3617
4618
7826
7510
8283
1631
5573
4348
2323
4091
4820
7138
4280
4606
28
4810
6234
7324
3441
1890
7941
1977
8562
2629
7124
1304
8284
8540
8226
4142
4098
17
2711
7953
9709
8640
3053
138
1381
7240
1037
7154
3505
2949
1766
52
1812
2956
8126
9733
1533
6104
5659
7735
4928
9558
883
9258
6175
1155
4446
5629
1122
6376
8177
8219
6680
4468
6903
9892
8802
9639
663
693
366
6219
1238
4160
145
2216
4619
3037
1724
6930
3994
5616
2762
5795
1437
3521
2627
6867
3190
4
2557
6803
9840
5839
9251
6263
988
4834
6634
2679
2094
1761
3866
2797
9051
7277
5757
1947
9299
5379
6609
1695
3740
3490
1568
9467
1673
3822
3420
9107
1371
8354
1659
7561
2108
4057
411
462
1171
761
4055
5721
6806
3247
5992
2649
4450
8083
8202
3730
5779
9974
1531
6769
3091
883
319
5380
8199
1369
5361
2626
3268
6399
630
1843
1160
4145
7541
2360
4129
7197
6167
70
1725
967
8332
6974
8533
1106
7751
6453
1904
9274
7285
5414
3539
5355
7207
5635
4579
9088
8460
2345
7512
9515
3919
9335
470
3345
6443
8978
8986
3879
7103
8643
5549
1636
7587
2610
1998
5832
3466
6494
2511
6864
9828
7808
9603
6308
4839
5331
7148
9076
1393
4810
4035
5755
3091
1804
3632
7683
4012
230
5055
3127
6199
5882
3599
3699
1984
316
5581
5919
8222
3279
9770
1054
5606
3062
5357
3456
9778
8446
7832
1862
1629
9964
9354
4227
6905
6646
2839
5273
581
9504
1800
4349
4675
5544
8904
6629
2489
8394
5374
684
9456
9295
5813
8185
9667
7354
7552
445
507
955
2657
953
7596
8762
3981
5795
6017
7105
1426
2663
8763
3211
940
6486
5311
4374
3320
7500
1048
2966
8156
495
9363
5955
1695
7901
9237
8542
2493
6440
2857
5304
8758
4990
510
8009
1907
1232
575
8439
9001
7808
2732
5115
5847
4671
2503
5214
5849
2451
9607
9045
4666
5487
2499
582
5976
4772
9845
2764
6047
9220
3621
5271
4416
7449
4454
5160
7185
5738
7030
9894
9286
2933
180
8073
8477
5136
6075
5397
1096
9405
9422
4297
7834
298
571
4948
5494
7824
5436
7256
616
9690
1048
3810
2621
1266
482
5262
869
483
5409
8597
8444
1297
2135
8202
9412
1119
1930
3530
2951
6074
2523
5523
8742
9949
8275
1833
1649
345
7428
5018
1811
4942
2559
3151
7145
1761
7821
1071
6028
3089
8326
7589
4932
7775
1075
4418
9474
222
6109
2122
624
2610
4911
8415
8603
4313
9118
160
5225
3813
1436
9476
9601
6175
5625
5017
9770
6464
8471
8153
937
7096
9490
1916
159
6142
7530
4974
5914
2730
473
5305
6
1669
3175
8906
8093
5444
779
4287
8423
1372
7690
3843
4534
8944
1407
5177
5280
6366
9612
2869
1476
2119
5342
2289
1157
3733
3757
8494
9962
1845
784
4705
1665
2207
1074
601
4469
5672
4186
2653
1997
4152
6694
2046
1770
1184
2683
9020
6412
1919
7065
4895
5483
7640
853
309
217
4377
1408
8988
3961
5746
3259
3196
5321
3165
8274
7036
403
1689
616
6082
731
4731
2476
3983
733
9936
1480
8306
2746
1575
7737
1673
2326
3395
7370
6655
4354
3783
3970
1132
1105
2130
1196
1191
7325
5990
895
1221
6456
2257
3326
370
1105
4209
6317
2408
4529
5956
1905
9412
2377
2080
6056
9007
3749
7646
9191
9392
9059
1992
8067
1785
4347
7038
9475
69
8844
4538
5125
1422
1226
1032
4573
5133
5126
7255
1491
8689
3658
1160
3209
2991
6851
8690
3017
6026
9602
5533
2028
4725
6871
5986
2793
7245
2041
1154
3926
768
6413
3508
6684
6849
9282
3046
2978
9900
8460
8904
9813
8337
4475
407
4589
1395
6670
9458
9170
8742
3968
1503
5181
6835
2987
3101
6193
4785
9881
324
7663
2377
5017
4702
4431
6469
9890
9077
5404
7771
1743
8031
9741
4288
3663
9470
4909
1971
6569
3791
2593
4173
9335
1435
540
5144
9426
2032
1730
544
2724
8274
237
7854
7821
6513
8198
8138
1522
6632
3741
99
8499
1132
5270
523
3132
8581
7933
8823
3827
3700
6607
8349
8277
1176
2494
4758
678
5597
6586
8314
5350
4630
5923
261
5434
5207
3334
1630
2675
7137
1004
8593
4688
924
6290
497
2989
9155
7106
9444
3386
2646
5883
3742
2478
1921
5560
1011
7186
8107
5928
6326
7774
3729
6695
950
9941
1656
7969
3014
3745
6805
9339
7558
1319
5921
7761
6946
7108
1185
4360
2282
8856
9711
3658
5733
592
5532
967
2021
3585
5794
6787
1660
7577
3439
9330
8861
730
6870
5051
5888
4383
3698
8762
8166
5850
6375
9230
6851
9130
9454
2113
6403
3367
7996
8049
5634
7565
3829
5864
4048
9827
172
9720
163
8000
5152
2235
1966
