7012
1194
2380
2326
2787
9514
1233
8333
8995
5033
9544
6921
5699
552
5502
5634
8291
4529
6915
584
2717
4750
5951
3082
7784
1487
3923
807
1906
8608
6830
7993
2943
2806
268
9904
5474
7759
1539
8542
9568
7468
4244
3367
6225
1868
4679
7366
6297
6495
5847
9250
4609
698
8061
7135
8873
8888
9482
8221
5069
8413
1771
3536
9345
7596
2842
5742
2437
4046
4655
4652
3370
9564
5797
9326
4722
822
5019
6004
9814
9955
4020
4839
4250
3157
5288
2899
8817
6933
6992
2732
1048
5437
3063
8763
3218
8579
5671
4642
2214
9984
5468
4568
106
8127
25
5615
4002
9716
5647
6682
1262
6077
841
7518
5650
8641
7483
8008
5959
5344
2487
6559
1308
7603
2086
8792
2408
1957
9471
8356
5239
7447
5826
7253
3594
9761
2070
6486
6432
1487
7618
3309
8850
9528
1621
1671
631
567
9792
9731
7508
9653
4838
4444
6451
9404
370
2631
2762
8813
1771
3985
628
9187
9460
7670
9868
6425
5614
21
6666
9464
2800
2649
388
4769
6965
598
6863
6490
3967
1635
5061
4494
7516
2689
9595
7770
2930
1442
8336
7365
5918
2453
9851
9022
7149
4221
9190
4699
1902
2680
5392
278
7490
3463
7278
6269
6927
588
1304
5586
4585
8839
7098
6463
8488
7658
8119
2692
8682
1664
1113
5736
9608
1215
6465
484
6165
9141
5654
42
4525
5374
300
854
7151
8222
9475
2452
952
9070
3033
2001
7178
6555
8515
6045
8756
7072
6937
7504
6603
8327
6858
4654
1423
7376
6184
6248
7829
4598
2651
956
9821
1337
5286
4880
1050
6810
3020
2459
3894
1284
7157
7400
4561
4133
6928
4759
3354
7923
7222
2861
294
7548
2701
5420
2370
5892
6641
225
1319
7033
6800
1730
8074
1523
1037
3231
7780
1081
3420
584
7794
1427
2871
5908
8513
8131
5946
6862
7016
2588
2009
2228
7413
9978
634
9321
1590
7562
364
6063
8849
2350
424
693
5076
7767
2291
9944
7039
6681
1571
156
7968
9909
6813
3626
1374
6600
2293
5986
1216
9123
7325
6072
6780
4853
3639
2457
2030
9649
3205
3840
1347
7581
1114
3222
6315
6019
676
7844
2072
7410
6323
3933
2447
5030
4265
8424
7079
5045
1244
5643
5887
9468
7095
1887
9231
7332
4106
1390
9401
2836
9292
7669
8576
4465
2575
605
1118
5127
3403
1340
8151
9728
9342
2875
4260
701
8821
9660
3647
3568
5159
4995
4304
7068
1353
9947
8679
9794
3991
229
160
6049
4827
6108
7075
1141
1247
2411
8689
5554
4937
4022
4078
2849
6860
9248
16
4245
9233
4467
4801
8494
6929
429
3274
1087
7137
5430
9789
7278
9072
1096
3189
5011
2985
8575
8334
5999
5347
5223
4784
1126
1114
8906
8767
8739
3734
536
4880
5622
6448
7805
3816
2971
8559
8969
7076
942
4683
9131
4866
9275
5908
427
3530
9615
6028
265
8177
7633
4802
1071
4871
730
4983
4713
3042
1690
3952
1837
2390
3582
2366
5138
5673
1244
7155
9133
5718
222
9121
716
3076
9321
3759
4025
6037
9372
5070
625
6467
5867
7189
3247
8314
5395
6041
466
9977
1279
5576
4597
9177
8138
2040
9965
7203
5928
4122
4443
1561
5394
2169
412
4300
1906
471
2635
5
2721
8351
417
4845
8013
883
3991
502
3334
8940
9990
255
9144
8383
7474
435
2283
4687
677
1455
1749
2165
3674
8743
2669
6420
8879
8626
4692
3994
4380
6472
9494
1863
5464
6328
9139
3290
8703
3942
9826
4957
6092
336
4876
5190
2646
3545
4028
4851
4455
1886
1731
3238
3192
4520
7495
4871
5994
2606
7996
1977
3134
8374
9290
3342
1197
6549
3460
9685
4002
7947
1363
3613
958
6826
8708
8937
2266
6770
7801
625
3638
8755
6900
5353
3423
411
5753
7823
8109
9181
1972
8788
6621
6578
9103
3390
634
1748
5404
3440
1530
3166
618
7001
575
2960
9482
2729
3466
5146
2496
7856
7052
9969
7408
3865
6472
3387
7444
5995
4317
2236
6926
2811
5055
8601
4190
1258
3338
7666
9045
6780
8771
9645
1414
7702
6136
3007
3614
5498
8582
2224
5207
1552
6529
8951
7395
7195
1254
9204
9760
4234
552
7391
8171
530
6257
6336
8139
663
1802
4992
8664
5020
6984
1429
1286
3009
2374
5243
7885
9689
2214
2069
1081
494
5472
7402
2224
4995
6656
9213
565
2086
4122
6662
7785
7739
7457
4425
7470
8115
7124
7451
3047
1147
359
6851
1601
3978
256
6789
6380
6608
6173
2959
7203
486
2756
2563
2274
4897
9051
9791
9116
6467
7155
7564
1540
6138
7816
2919
8614
4575
1165
2093
5020
1383
3455
7284
9984
1528
9238
126
3715
7785
8746
9516
3696
3624
4274
9464
9492
7370
3621
9598
6619
1819
2733
8173
8009
5954
7070
799
9000
542
5419
4200
4576
9895
6076
8886
340
4858
3952
7396
6247
622
690
9580
6466
7405
70
740
9345
2019
7983
9081
620
7623
8257
899
7871
5191
1947
5926
7854
3601
9392
9952
2476
3996
8958
1335
7231
5813
9010
3128
9402
7460
6015
1638
3250
1895
539
3674
8195
7132
8711
5851
2954
4412
8049
3118
4965
7017
3294
2494
7977
4607
7025
5040
1173
8809
194
1594
8370
8664
538
1370
732
2376
8734
8174
3128
7801
9908
6720
2569
3896
7608
6394
154
2908
6906
4296
4228
1283
9186
8493
1882
5878
6481
343
8846
4499
1810
1973
5237
2240
1771
9155
7122
4849
9672
1394
6769
7801
4633
4697
7707
4353
2755
6516
3264
8807
2726
5036
6904
8082
7592
4005
674
2664
7253
6322
3548
440
2964
8718
3109
6991
7018
8732
5713
3591
5506
7400
3487
821
2866
7158
3267
7684
4619
7689
5900
5226
2978
7450
5071
468
1074
5857
2076
6559
8149
4720
7963
4653
9918
7049
6161
6699
397
5459
8423
4762
3560
1741
8220
7837
965
9694
4183
5201
8087
5132
8587
6368
1105
5144
6620
5212
6773
7780
3048
8729
267
4063
5451
