2568
6853
9082
2240
2174
7678
2777
9289
6496
3487
3342
8421
1981
6957
1360
8469
1453
4205
1449
2275
301
2249
2634
4444
4214
8412
1198
522
6332
4314
3767
6830
2873
8764
2199
1256
8263
1190
2059
1401
4389
1353
4835
1645
28
9863
7879
9958
1388
1324
7343
8744
8285
837
3029
6337
9202
7481
1540
4287
5975
3268
3998
3694
8262
2918
8842
604
8322
3297
8116
8772
6612
4504
696
7621
9739
4939
5406
8722
5939
8769
5661
1664
6011
7216
3323
2658
2188
4883
7502
4714
3963
9446
2122
4190
4649
2872
530
5460
5488
7481
6709
8286
6435
9458
5336
1227
6377
3567
6012
9559
5169
8185
9501
7879
7436
3167
1824
7338
5862
8000
3588
9116
3167
4024
5523
5495
8645
9883
4813
1825
7657
9529
761
8948
1039
2702
4848
9668
1108
3019
4731
5612
3269
9019
8737
2461
8641
6750
2583
8251
9558
9031
1967
4283
6802
5791
1273
9929
6740
3793
7766
3139
8779
8136
905
5448
188
9814
366
6518
7820
6288
4300
196
4092
3554
8349
9632
701
5490
3976
6214
3971
8139
5005
8300
2322
3353
3963
8545
8177
1349
260
3424
4283
8959
1386
166
8832
1275
1315
6456
73
7183
2890
8239
844
3021
7444
5128
979
7870
6194
7170
9609
4022
8102
4841
9341
5492
240
1817
1456
1871
9142
4801
8383
7777
3277
5855
6926
3121
4476
9826
3499
7971
5953
9184
9998
2872
6183
5426
9624
9438
7448
6718
7416
4821
8074
5899
2239
8079
8834
5423
5822
1777
4412
6949
6575
3350
7563
5185
2374
5908
2705
9711
3208
7048
3061
4803
5541
3919
72
9431
5038
2291
2429
9145
3414
8427
7780
7191
8901
1291
4304
5267
5079
253
4523
6583
6884
3940
6948
6025
5690
5719
5039
9837
7997
2665
6399
3173
6710
6624
8713
1280
51
6589
6744
1797
9116
713
9606
5260
820
8737
4074
1210
9548
4718
4069
2860
2805
5303
3076
7240
3490
2612
1465
1252
5964
4050
6625
3752
7717
3458
5750
5629
2822
7699
3209
1614
4394
9237
3267
5535
3249
1323
4954
9333
3875
8211
6217
8803
9997
2786
4316
439
1807
6147
932
3720
492
2959
2441
1586
1966
862
3172
15
1148
744
6973
2076
8707
1104
5302
4698
5959
8367
9702
9975
580
710
7384
6516
6294
6962
777
9537
2694
3266
5090
2616
424
8080
6976
7676
9329
4406
3171
1718
265
7648
4886
8775
1817
4660
4757
6831
7104
1645
6075
4718
4059
324
2550
1125
2179
9929
2807
6054
3242
1145
3635
1455
8064
7598
6908
3329
7921
5174
7980
3585
3053
6992
8452
671
2895
5305
4903
4927
5600
9108
518
2684
653
6793
5648
9346
2779
4955
3417
2702
7768
62
85
1925
5317
2696
9398
1603
6791
518
7304
8915
8772
5078
1782
6881
6137
3869
2057
9481
4823
3785
844
3260
5924
7018
7073
5340
5601
3588
3847
5652
2778
7692
5989
6816
9948
4080
7820
4829
5434
2740
8423
8023
159
1387
5796
6267
1302
9261
8321
1276
1728
2221
2730
2838
3755
4533
3870
591
7789
6437
1113
5436
966
671
5560
3232
3262
2321
7494
7324
8460
4364
1047
6646
2929
7165
2935
9056
3621
8655
9139
7581
2680
1515
6629
1040
5118
996
5416
3754
964
7599
8678
6750
3291
5844
4059
3935
6717
6912
2088
6976
2344
4017
2491
9284
3843
3429
5983
9808
6507
9453
2906
8982
6250
883
7681
4515
2199
3931
8154
1736
5345
5731
4756
9562
5452
7400
4355
2032
630
6062
7956
863
5037
990
6625
9115
2485
2836
240
6316
2530
9371
2417
9038
1047
5092
9747
4360
8801
7605
1780
308
3477
2418
1542
6122
4582
3313
1670
7838
1529
2444
6837
4224
3520
6347
8039
9339
12
6831
6816
3647
1945
214
2316
2386
5046
9378
1551
3557
6382
9130
9188
4886
6543
3294
3354
3375
3109
639
5243
8405
8473
3056
1462
6164
3566
6767
404
4626
2246
7691
9266
7347
10000
3659
3194
4415
3070
7968
6838
4586
5906
5162
4780
2482
3644
160
2916
9903
4143
9099
5622
8604
7830
3348
4130
1217
685
5225
4806
7229
9962
8872
8263
1291
8195
5171
603
1381
3577
5619
8622
403
7056
4873
3930
906
7147
6297
9754
754
5333
7713
174
4396
7861
9002
374
3338
6963
2360
6655
4676
5923
3392
1323
4399
6727
3677
6984
2182
7334
8236
7913
302
2728
4141
7409
9800
2670
6956
2644
7465
1348
4751
8801
7186
4978
6898
4906
484
2830
375
8878
8395
5342
9862
4150
436
266
7706
7822
9431
7894
5596
9554
9404
1496
2234
1924
6139
9229
4492
4608
1282
3331
779
4588
5994
9257
4292
6016
8454
9866
282
5498
3133
7802
7071
5387
8229
8993
4383
1527
2018
1255
7582
4693
9658
908
3155
3458
5485
7347
5206
3080
5780
9045
3008
8651
5024
2619
5616
2285
8913
4705
9821
8065
4376
7725
681
7552
462
905
806
3065
4728
2031
2479
3101
7645
2785
6680
7375
1353
9265
6048
8895
7807
80
335
7176
2973
6552
2168
2830
3344
6993
6414
8610
6469
6434
2791
2986
8045
6129
6253
3635
2236
4085
9856
4717
7529
3529
3287
750
3830
6956
8021
1818
7541
4910
2294
1275
5010
8868
3565
2978
1031
301
6329
743
4435
1170
4093
2766
1424
668
446
650
7922
6070
7519
2686
6596
3387
3892
2610
7664
9666
9550
4030
6621
7637
8493
5683
9835
9969
6200
9122
4538
7225
4104
5486
4384
887
7102
471
2919
1357
2516
1345
1796
2993
6784
1933
3225
8305
8267
90
9145
7434
9725
5054
8063
3837
1269
7334
5402
7762
1530
2740
6344
8119
1611
8796
3205
5918
8513
7353
345
8833
1534
3602
2907
4362
3218
9318
1301
5223
493
843
9323
752
1699
2298
2308
1186
4857
4291
5162
3548
7843
4526
8326
5387
3515
6505
2955
2242
9276
6232
6432
9592
1226
4772
4645
3020
3098
6195
5715
6599
7966
851
2852
7769
199
4184
5383
