222
5419
3234
8645
5118
8459
7494
9237
4710
89
7209
3405
1845
6189
4400
6641
7138
4924
958
3454
390
4511
3097
9446
3722
4755
2242
9495
6555
9067
3430
3701
2891
6917
1608
3258
840
5220
1861
3966
7149
6955
6803
6298
3732
1470
3675
2535
968
8819
2347
4390
9671
9176
3581
9514
5392
9273
6043
4234
2017
2580
5043
8849
7893
4915
3687
2172
2263
9247
7309
7083
6405
320
8174
7260
3176
1738
5294
6222
9774
524
2145
7508
75
9933
1063
3713
1265
8703
8177
553
6265
3930
8742
2997
7204
2421
8381
4031
223
5573
4193
6360
7117
5442
8642
5184
1205
6350
9379
9606
2249
5380
7680
4862
2644
7087
8026
2640
8327
670
4137
1151
2534
6836
5356
5580
8263
8432
5430
9107
6788
4326
2314
8860
7253
8228
5844
5425
9910
4957
533
4553
8700
3353
2718
7715
7504
3495
9003
4187
4441
9093
9114
7261
4320
5764
6412
4038
7802
1656
5811
3432
9336
5585
9645
5305
6837
5442
62
6973
1999
4311
6236
2277
9888
7478
2763
1599
3585
50
4
1816
6751
5521
7616
3421
5048
6727
8292
7939
9023
8974
8381
4013
844
8711
9584
6061
4574
6993
5161
3241
1797
1930
6139
5019
9776
9464
5356
3683
8194
7796
1938
9675
7483
4689
1796
5210
1439
4920
8807
4033
9438
8587
5283
6593
4192
1675
8959
9911
4501
121
4260
9294
9887
4096
9288
5325
5878
4638
9220
2850
1754
330
1873
7192
9522
4438
8062
5381
9427
3805
4932
8122
4998
5926
8953
6333
7945
1521
9100
8817
8766
7865
91
459
266
8432
3213
2049
6040
7974
3720
866
4190
5145
412
8249
8948
2903
7500
7422
7753
132
5750
6484
9157
8010
3134
9837
7767
4686
9530
6996
1123
1157
7021
2211
1594
1973
145
1503
2261
1424
2725
1430
3651
6635
1995
9015
4639
5869
6388
5653
6974
7731
1114
3318
3987
5640
772
9218
2990
9878
2685
5831
5412
9071
4821
3968
8295
441
5663
3027
545
9496
2400
7225
748
9973
9480
9794
5623
6381
1726
8340
7531
1650
1942
7264
7029
5144
6441
366
8299
5519
2023
5754
3706
4541
7253
9774
4193
6224
3894
1048
1515
6312
1492
3975
2937
9904
7000
9592
8506
5168
8181
9216
712
5412
8004
9866
9246
5989
2887
4609
6614
9582
3862
8177
1978
7939
9147
1439
4723
7779
5036
6247
3109
198
9143
7377
3554
680
7069
7433
6941
1229
459
7750
8288
5242
372
1434
5800
5430
7365
8214
6464
9026
4843
2949
1861
8806
9113
4483
6636
5482
149
2108
6731
2626
115
8755
4224
647
4087
2470
5672
9130
277
6833
7363
2027
7000
7236
5836
3581
4822
4771
580
7237
3323
3574
61
8829
7723
5239
7918
1095
9978
6816
6501
7792
2777
2189
1469
5670
5638
6669
4923
391
2448
9640
1338
7514
6594
276
2930
3654
3324
5089
3710
8313
9243
6543
5557
5968
9291
764
377
3690
3437
8002
7564
5742
843
6404
7728
1464
5915
1536
9248
3501
875
5806
2296
863
8893
688
3047
1485
2654
3365
2598
1049
8546
7230
2202
6080
9651
3974
7285
2630
3534
3184
5661
4236
5114
2171
2897
8371
9003
781
4587
5898
4718
9451
8887
524
1036
489
8661
4780
2537
8656
8515
7681
7720
8762
7418
3774
9410
6027
5354
4301
2456
3299
9531
2255
5692
9299
5320
6733
5940
1546
656
1838
9306
974
5302
3635
3733
7397
1759
1810
9400
2102
9713
2581
8668
9872
6473
5173
9164
3325
1223
1799
1124
6288
9328
4017
7619
4159
4006
5582
5318
3911
5458
8730
2636
3497
1446
1504
3845
217
3185
4280
1541
3032
3891
9974
1694
7900
3664
9569
1128
6353
2036
7334
8491
6298
3539
6211
2480
8670
283
7817
2074
2612
8825
3556
289
8600
9932
5901
5556
7074
5803
6607
1018
1649
5089
5334
3138
7380
798
8453
9351
2220
8410
1570
4917
9454
3017
8198
5682
7595
8749
773
8648
8924
7233
5332
9563
9273
2500
4970
9184
3281
4736
4502
222
9738
6195
4812
8676
6179
969
205
320
7204
5782
1008
6123
9682
5983
8804
8398
6541
8213
5520
9537
19
6721
8565
8197
8653
6360
9178
8466
1754
1499
8603
133
8735
4774
6615
4694
8116
4889
2971
2585
5732
2710
5362
8815
7978
1733
3405
1084
6695
8701
1257
5139
8230
8479
1161
6574
5111
3872
3330
602
9050
4126
4967
5525
6684
3308
4872
6973
7497
9671
8686
4291
2137
1423
5502
8328
5372
2681
3827
6383
8822
5062
6068
269
7388
9701
4820
5555
6816
761
4280
3312
3864
8324
8524
10
8690
9654
195
7670
8336
2150
752
4659
3566
3174
6257
734
9499
3723
8256
6113
5636
4720
7117
5640
5937
1341
6490
6078
769
2587
5750
3567
6232
475
7497
7571
743
7625
1456
9458
5872
7397
2262
3708
6599
8452
1926
5966
9120
1305
7792
6776
9314
1569
6334
5908
3328
2179
6600
2939
7840
5315
2438
1378
6278
8483
1687
7796
4218
1661
9717
6905
8763
7535
8769
235
4677
5254
9098
3436
2128
5951
5520
9141
7557
2209
3403
8433
6902
2163
3747
6240
7999
4762
3691
2368
9497
1054
6200
203
8021
2068
8085
8596
7085
6416
908
812
8723
3112
3559
1897
3379
1626
3689
2672
2130
5560
1622
7356
5869
2892
3308
2743
2129
756
526
1031
2566
1918
9558
1966
7427
4660
5716
4378
1836
510
531
1383
7803
8953
1461
410
6984
1047
9902
3048
6619
5083
9620
4461
6008
7676
4008
9418
8752
4719
7005
6070
4816
7808
9985
6667
5935
3061
6531
2729
3396
8495
8858
4272
9574
9377
6943
6604
3245
4467
9754
8237
9089
3406
9037
2839
7911
4600
9870
4356
6995
1667
7439
9473
4539
6039
2798
1682
5730
1230
8730
408
5789
853
391
7941
6014
714
4042
5918
7729
1011
9206
3039
2570
8446
3155
4880
2648
9344
3832
2073
534
1755
2546
6600
1746
3603
9428
5056
2749
8411
517
5271
5890
