6820
3445
6463
4920
5121
3644
2678
1236
2019
8470
5097
4996
3475
5672
4560
5690
6815
3262
6601
7710
1752
3416
514
4771
6062
6248
9318
9997
7578
1179
9731
9481
6606
988
1948
9652
5941
9656
2743
5190
2417
2630
5053
9930
8879
6546
5365
7030
201
8045
6777
1032
3071
178
8941
4450
5977
5329
3006
6788
489
6895
1679
8342
1642
1952
2169
618
4718
8968
9731
1064
5248
7774
1276
3323
938
2651
321
7046
605
2033
9
4941
171
7622
4465
8486
7150
7149
9812
4790
7495
4153
2229
4556
9034
8681
5333
7647
6049
4419
8035
534
6829
2524
5082
6667
1214
2098
512
4143
548
7711
7290
2594
6368
5705
3213
4593
6566
2721
8092
9939
6528
3761
9649
5494
973
7256
7959
2875
7737
2460
558
9484
1868
2898
6466
8421
1567
3647
9651
5256
4490
768
9563
4878
2687
4880
9159
4825
6162
8989
5890
2521
4709
8385
1086
111
6704
1039
6930
9242
3809
324
1316
3881
3126
5513
5502
7649
1366
4171
899
9889
594
7085
302
3971
9141
2987
2487
6528
129
3473
5296
2094
7965
7294
6679
4830
748
7050
338
1618
8766
5135
2341
439
5531
5664
2237
5830
4194
5438
539
2097
4020
7763
3566
5497
8877
4051
7052
802
9827
7370
666
2864
3338
5641
9997
5443
2343
1244
8580
1066
5962
2800
58
4803
1627
8005
4021
5859
8663
8343
6779
3534
5011
6882
2555
1780
2486
7191
8769
4722
2539
2816
3559
8294
7884
2109
7866
8315
8428
5424
920
2762
3655
4926
4894
4457
628
8997
2025
9607
2046
1752
3592
370
4490
9564
5843
6936
8056
4635
9803
3233
6673
7833
6280
5115
111
626
9363
532
477
2161
6850
4269
1145
4067
1658
9267
6146
9195
8457
8280
9720
940
7184
8086
7717
5170
1527
8546
6052
1248
8296
4487
9352
9651
4058
7148
4738
7820
8906
3690
176
2561
6056
585
6888
2854
2411
5407
7242
2044
5678
4109
7987
6976
964
7171
4674
1903
9894
8375
5703
4703
3128
1557
6798
760
9679
7509
1156
5080
9746
4330
7688
5356
3271
8783
2508
7168
9666
7548
7674
7338
2122
6964
508
5065
5780
4420
3829
9864
1458
9234
8186
5285
7718
4714
2652
3516
7735
9135
6381
8968
9652
8559
7621
3488
2070
3653
7432
7238
6957
594
9905
2603
5520
3517
4149
9392
3821
225
1088
538
4462
9897
5316
1955
7160
9270
4317
2054
210
2955
5971
9945
3281
7060
4204
6970
8102
6814
5019
8209
2916
6830
6907
5700
8426
7694
6087
3841
2696
766
4978
3297
5463
3620
6764
7641
7795
6665
368
719
9462
2523
3153
938
9990
2399
4543
9769
2633
946
1735
7815
5908
9694
8439
9397
3394
7947
641
8103
6908
658
5147
979
1664
4399
7930
7834
1714
3930
453
9483
4813
8381
6460
7227
2168
964
6843
5348
6703
8175
711
7965
7713
1843
2063
7792
1327
8760
8251
380
2035
7347
5643
6573
9936
4068
4430
9206
106
9535
7743
6178
9612
3070
9080
6219
4591
2205
5221
3061
1339
3492
1022
7778
9684
9453
4575
9415
9085
4464
1832
8113
4996
8234
4336
1681
1686
2557
1507
3782
2574
3895
9525
1979
4498
6939
6800
9152
2157
3426
7964
9815
5967
6576
6581
8634
3166
7817
3771
6058
6461
7437
6983
8935
8819
9690
6566
804
1572
9101
9983
5532
3099
1076
2470
812
4633
6436
9924
4350
5624
6777
2539
4089
999
5793
52
9146
663
8505
6806
1089
8499
232
9216
2404
9708
1618
1296
3711
4242
7424
5777
1065
5558
411
3066
8303
1632
9596
1417
7417
6145
4472
5474
1076
4208
2691
3582
841
781
1869
6248
5209
3413
9577
7376
6883
9476
3277
9385
8967
3915
69
5009
1814
9769
9994
8242
9625
2269
9229
7312
3499
4457
9234
5250
5270
8843
927
5872
7817
5420
8439
2320
3554
7821
656
1149
35
5037
331
4456
3194
1997
7893
7518
8376
5582
8459
7655
6737
1375
5316
746
3034
280
9318
6870
9547
4409
8625
4828
6841
736
7187
8184
8544
7470
1300
4810
6078
9199
6447
8060
1402
1187
2442
5274
6949
7451
6914
6821
473
4021
2527
8066
6970
8797
7142
7713
3587
1241
2887
5318
1307
9000
8894
7990
8845
5246
6743
8217
3431
6802
5310
2222
650
9293
3659
2908
7557
4916
4530
6240
5071
4647
8952
406
353
220
3827
5171
4083
7551
8819
553
9833
1710
1220
4390
5711
6825
3589
9514
3829
432
9635
6787
6643
3172
9892
1426
5805
1977
5856
6862
5238
9165
431
3276
1270
287
2280
3504
1192
3815
5485
4070
9296
52
1816
5872
405
919
9943
7533
5375
8001
125
7642
5923
6990
7678
2757
6738
1847
1339
2699
3357
198
2414
9564
3604
5789
3600
7861
2820
2744
9932
4232
9069
6907
2422
1577
130
165
4114
7837
4707
5915
8426
2138
7030
5356
8696
2093
5673
3163
3281
7814
8302
1493
1599
7574
5118
1401
2997
8393
7480
7946
3672
9979
8112
7923
7256
533
9188
6705
616
9499
1402
130
6450
3011
3886
8225
7405
7268
8373
2077
1830
4459
1413
7133
2769
3804
822
2812
7243
8330
5687
7437
3952
5676
9896
3399
8249
6986
547
326
3247
6444
795
3130
5557
9767
9049
9143
3737
4234
8416
3930
5287
3010
122
4158
6025
7292
6765
7673
4041
6764
8244
1467
2445
7442
1868
2823
1642
9711
2105
5783
2972
1205
1974
6860
9310
1272
8191
5050
9375
9712
1602
151
2794
5150
226
9987
7242
143
7163
6649
5718
7137
6133
3990
5299
9769
3333
2263
8462
1000
9164
8500
2995
518
1962
1190
3528
6305
9889
3531
8750
7124
7079
596
6750
3794
349
140
3773
7583
2749
7859
2528
6300
8669
8264
9489
6692
5754
8069
281
9440
7100
8610
6831
4795
9313
7208
9011
8384
6416
8412
1366
3656
9054
63
8745
1711
3690
3548
1671
6623
5486
5412
7583
5542
2380
818
9705
6459
2712
5132
5677
