7979
7450
3431
1729
8871
6220
7600
6046
7643
3307
4339
9705
7285
3466
5145
5396
9627
5736
2894
4154
5551
6641
2445
9382
9371
9522
4526
194
4995
4473
3546
2653
3531
2658
8224
6724
9180
2574
4224
6742
2515
9167
5844
5551
1313
2834
835
4948
6914
9302
2690
684
6273
578
1960
4136
7730
1011
965
2299
8232
8335
5291
5995
2342
7359
85
6557
7811
6599
9679
3902
212
2541
1241
3025
1385
3374
9816
976
2234
3345
2308
5913
4473
7013
4685
9937
143
9893
6977
1612
164
2635
2681
6420
6500
8809
6738
1071
3536
9034
4679
4347
6578
3516
2509
6663
5179
8857
5046
7790
2011
8036
4852
5770
582
9710
4496
4030
7234
835
1753
336
3475
9734
7933
5077
4580
4638
5653
3758
693
892
5257
7724
9241
6358
7462
1801
1598
6691
7309
111
9695
534
6160
6555
5422
1846
7201
1792
7007
1216
9260
9506
642
3761
8777
9553
1428
7033
917
1106
4638
9087
4399
2149
2727
8903
2134
1352
9870
417
4085
4040
5341
4583
7268
8662
6541
5909
4741
5621
1301
8846
1779
8704
9422
5452
2400
5405
6152
3320
3079
6144
4591
2989
3992
7158
3496
1442
4422
3234
8391
6717
6530
3233
2383
9590
7683
5428
4375
4425
414
2108
2380
7468
5744
7323
3543
7064
9560
4287
7240
8246
7625
9087
2447
3693
7310
998
1912
3098
320
3992
2151
136
4521
5109
7681
7731
2915
163
5381
7585
7811
874
6935
3085
6295
6972
7909
8781
3938
7866
4607
5018
4654
875
7248
5468
7240
9630
9291
6828
872
5529
7790
5212
838
9300
1560
4662
2988
2618
7982
5810
4624
2791
4401
8150
3158
2577
629
2690
4029
1578
7016
1580
6347
9451
6690
2035
5702
124
591
4332
2005
7019
3247
8877
854
1013
504
3108
3981
3115
9808
2918
1895
7276
7179
7546
3386
1696
6403
6148
2099
4292
2238
9354
9414
9465
7036
3165
8286
5959
2752
1640
3193
5521
481
5155
1876
4239
2798
4330
8493
2210
1257
1543
7777
5457
4391
6771
8135
3913
2013
8283
9499
4458
1318
1723
586
7687
7157
1875
4420
1970
3295
2992
1229
5618
3317
7409
535
9330
7611
3052
9556
3005
4623
6505
6403
1516
1237
3887
5819
407
6716
1977
9355
8723
3934
6226
5991
9879
7394
3383
1040
4424
8069
5885
3970
8820
7751
8380
9622
6980
1241
2847
11
9696
4447
7561
3982
5682
605
5338
4870
2472
1714
2382
1158
407
4222
8525
6174
9738
8658
6553
5863
8175
1985
9686
5147
7196
8069
1944
5339
9684
8047
5659
9417
5095
1279
3215
2290
684
2051
7003
4127
6865
6483
9704
5013
9905
9980
6685
3716
4521
8787
440
1979
4688
5275
7053
978
6453
3607
758
6602
4606
5062
3903
8917
1662
1230
6167
7600
2345
2664
1768
2184
5416
9354
6397
7924
8927
8531
4223
5101
5887
3170
3676
2874
5017
8562
8345
566
9135
4154
3044
7719
7076
3403
9942
1033
5501
3977
9902
5532
4346
2910
2319
4692
9577
8529
8090
5434
2764
4600
5252
1391
1309
2085
8829
5026
6794
242
4639
5725
6616
6999
8404
5357
5641
5874
4312
8608
414
2589
7487
5857
3572
3978
6789
4534
8135
7488
3736
9019
9225
3585
620
356
4346
2880
2656
9854
135
2598
9911
2705
1406
8017
9390
4702
4916
7296
2584
3734
9227
5072
1922
2834
8482
5481
9062
4223
5946
2190
8957
4227
3375
6592
5177
24
6681
3009
2040
966
9349
9881
8484
9706
7534
1297
7384
6904
7419
7156
5257
7695
4292
1060
1920
4215
6059
8126
7881
9740
6133
1274
5902
4050
2289
5728
6983
7864
9759
9353
2324
2158
987
538
5634
9054
812
9737
912
5141
7248
9751
8575
4739
2518
5015
6725
3891
9424
7429
8308
6430
8376
4073
2305
8120
6038
7964
756
3846
9222
5198
5403
5105
3256
9135
4103
4603
9256
5013
4100
4393
6885
5035
3673
553
2019
8082
7550
2235
9134
2696
1421
1490
194
3874
9007
1724
9613
1201
4881
1791
8256
8245
254
3866
101
1167
2619
270
7568
8158
8381
4190
4228
2645
6328
8459
5250
6038
1758
9047
660
1235
3859
5846
9160
915
6587
2754
9237
2534
8906
9405
1922
1091
8661
382
8312
2074
7661
4873
7870
7556
1916
6466
1034
8659
4292
8098
5642
3787
4579
5849
1768
5364
1151
5813
5519
697
3151
8024
9286
343
9545
2361
5333
2983
3008
2748
7687
7118
8133
6589
1614
5960
3419
5585
4831
6720
3980
4374
7558
6528
8886
6599
6943
4493
7988
26
8932
8702
7733
6766
2885
2026
9509
8744
7836
3499
6433
2142
8406
7999
3226
4140
3316
6109
6592
4708
4333
8142
6406
1715
3026
5529
1161
8699
2359
493
1775
6044
9712
1961
6829
1465
127
2197
6184
1079
8031
724
7940
4353
3621
266
6176
1212
8174
3393
3691
9730
3148
6312
4619
8360
5527
7847
9543
6842
9497
4013
4584
7344
5211
5481
5281
6100
2446
5509
12
9168
9370
8665
1360
1772
1137
2976
1446
7316
3506
2514
674
1071
4436
2928
6635
8493
5811
9908
8769
3266
995
2124
7344
9040
7161
9337
2689
4736
8553
8948
7867
7181
790
2502
3755
809
3715
6390
3614
6932
909
6396
2028
4364
4073
234
6137
4072
8094
2551
4492
4748
6572
3902
2172
7234
5473
8114
6901
4855
5472
5464
7451
1088
9000
5863
7351
5572
3810
1975
1893
4463
2863
4191
3704
552
7763
301
3764
7257
2490
3260
1719
459
2639
9378
7013
5317
7970
9133
3954
3712
345
3457
2782
6590
4744
1610
3129
6392
4992
2924
7321
9333
7499
3360
7042
9679
2785
677
7099
4963
6719
871
2526
6328
763
5015
6058
1086
3892
9789
3583
7570
3895
2014
1679
2692
681
1114
2739
191
6238
1688
2097
4312
8291
4396
7076
2910
4090
7503
7421
9052
3218
2499
653
9871
1252
5818
1688
5691
8001
222
6418
5234
1922
117
8562
2335
790
5284
8640
309
5550
