5872
9173
9701
4024
4984
8422
9246
4579
6925
9006
9720
3758
6925
6493
2191
1224
1902
9171
6471
4643
5534
8393
2871
2712
2585
1743
831
8479
9847
4662
5926
7387
2856
382
4073
8106
6514
5305
804
8523
4918
1220
351
9281
9330
5934
5558
1075
1993
2189
3368
8161
5556
7413
9443
2248
6703
498
8621
130
8369
1260
3983
6817
6390
6558
8817
6893
8153
1725
9750
9187
5570
7335
5851
4622
6731
3467
8137
5493
9350
4211
751
831
8858
4747
2602
7064
2420
3235
8383
4767
6253
4749
3830
1020
2498
2105
4197
6839
7787
1579
7231
3781
6474
4112
8793
5137
4647
6454
2751
4026
301
3775
478
9971
3449
863
9616
4557
9200
1086
8470
6032
7185
2954
6062
6515
4757
6138
7547
6239
2115
5391
5924
4890
3760
627
9476
1043
3827
5112
6938
833
8388
1291
4599
4464
1811
8937
442
4700
7650
6265
902
7030
568
892
5873
7508
5421
9562
3080
8978
9553
7018
5191
9140
959
4913
1221
8134
398
2117
9505
2073
1943
9365
7904
6569
3135
7095
9335
5281
4885
1331
6316
1915
2710
1569
8122
5763
5145
181
9945
7007
8478
6960
735
8806
6516
7836
5162
4642
6846
8294
5403
5201
7675
5151
6603
31
4946
4125
4416
5552
7365
1355
9055
3890
6555
7804
3208
2920
6878
2996
7883
8934
577
4535
3864
8419
5503
2116
2121
8577
6539
8235
3176
2534
675
7911
5527
7530
862
7059
3553
8750
5033
9247
3222
2376
6923
953
2518
9676
7289
765
647
3986
2789
8643
7059
2680
5958
2046
5839
449
9376
1872
7272
7436
686
4598
4419
9303
2317
927
6627
8566
4629
7501
9958
3476
4591
5324
3552
2231
109
9676
3645
9730
9715
7563
8381
9205
3314
7318
5807
6366
2104
5700
4473
8676
2741
7671
921
9279
8767
2648
9188
470
3493
7467
1877
1797
6289
3479
4291
5794
1362
4404
5914
3810
3920
1871
618
5022
2561
9271
8360
8199
8175
6406
5383
2371
9114
8269
5490
4069
1736
5043
3398
8389
4094
3099
6130
4835
953
9235
8829
5068
3374
1494
6951
5414
7041
7703
1866
3403
1444
7157
2795
2154
3413
9473
8257
8781
5198
8468
24
3961
7452
8990
7600
9659
4491
4474
1114
5748
1209
3576
3689
7287
692
7332
8670
6770
3605
2256
4160
4058
7012
8833
4205
9321
1588
953
6820
8860
4527
3094
8208
269
6441
2535
6628
1633
321
5918
4936
5475
5035
2249
5863
1207
3147
3408
3276
8301
2743
957
8234
8853
489
7599
651
9517
9082
6392
3889
1658
7232
5736
7111
7917
23
8730
2191
2506
5655
16
8735
7857
6633
6806
6708
8578
9103
6939
9931
6004
7038
1663
9572
4060
6668
9490
3879
9837
5585
5596
5553
9938
4703
2001
8011
6423
7626
9632
7778
3860
7084
6901
4839
4854
806
3168
2943
4707
3180
9111
4783
846
9599
5034
1027
9164
2025
1593
1163
2292
5953
7886
9495
8841
5126
729
525
9473
2694
707
6869
1809
9496
9770
7059
4550
2148
4296
1927
6543
6109
6181
7658
7498
4423
539
2117
6093
4529
7348
2981
6704
5780
1428
7543
2889
156
7523
1012
2511
3787
4911
6926
3829
2196
5994
7364
1133
2852
3223
7267
7940
6348
1145
8164
74
1060
2500
5188
7359
9845
2540
7490
1127
7600
65
3963
3200
5711
8469
2281
251
3671
6726
9954
3364
8324
9839
7835
9936
6184
2469
8068
7114
8205
8290
5383
3964
8875
7534
5005
6135
1822
8444
2046
2327
980
8834
9145
9362
8506
1811
9785
2089
4392
3606
4110
6334
3691
7881
2084
4331
180
790
8493
9355
8903
9303
3456
499
3243
9583
7686
6190
2442
1342
997
6433
2984
5313
627
8716
9806
6430
1380
4330
9155
6139
2387
8087
351
5876
2374
7085
5243
1891
6867
8300
5740
8316
7401
3027
2500
3166
7995
3517
3897
6632
6838
3779
9669
8725
5588
540
1477
819
5378
3167
4230
9559
7330
9813
8406
5954
2402
4469
8036
2074
3834
7357
4182
2888
5161
8023
3501
4869
3708
5285
9614
8649
896
8718
2636
9286
110
4500
9484
8632
3861
936
5794
6563
9378
1398
7106
8916
6423
7291
2001
3980
2521
6531
6959
3786
6625
4962
1351
5377
579
3997
1668
9297
4476
7275
4037
7184
5624
3020
7602
638
8480
2878
2668
8572
5638
8480
2982
5766
6005
4909
9166
201
5586
4751
4812
4413
8137
1884
3330
1929
3416
1063
2529
3489
4099
6714
6921
5865
7190
604
9397
4658
4849
5580
7897
7035
5464
171
7839
3661
6539
8096
1233
6063
7775
9266
2660
3112
5731
7579
9712
4414
9620
8578
8319
1524
1757
3471
5539
1064
8151
5453
5288
5408
8910
9616
9213
9414
8121
2770
8026
7721
2310
11
147
2045
3650
5035
140
4499
6235
776
9276
8762
9352
7248
2801
1793
4449
499
4361
3502
9258
6296
1306
3885
9293
7839
7411
2893
3658
4847
2508
7630
7116
4718
9204
2976
2516
6775
3129
6844
1299
9131
4366
6641
2392
187
1479
9047
3019
5348
1503
4129
1057
1403
5154
5873
2211
4579
4555
1391
3688
438
6053
7349
6860
4280
4575
9192
6312
9649
103
4669
375
2641
1985
9107
2868
4718
2884
806
8061
7587
1063
7012
6523
2278
9974
7656
8466
3334
8756
3355
6987
6642
8802
9112
87
2750
1242
915
2835
8578
5040
4810
5956
7955
9864
8475
7540
6465
6143
5878
7125
2721
5991
3727
3178
8011
3375
8099
5631
7352
7903
4527
2074
5204
5678
1262
6869
7922
1554
7824
9142
3262
9019
8555
3408
6641
1077
7640
1299
1537
5881
7909
3342
6792
9760
2597
4162
2313
2185
5073
6429
8648
3395
5335
6524
6287
1600
7773
6004
5745
2936
1129
9645
8848
9622
2579
8174
2612
3676
4845
5248
6657
2679
5577
3747
3494
7045
1768
4555
4044
4356
4751
6066
6243
5118
1495
4827
1629
1748
7762
4517
1205
7967
2761
3861
7356
6302
9026
6023
4902
4475
9487
4429
6253
