4034
4052
6966
482
6269
1553
2831
7518
5449
5849
7698
6326
9002
2531
1619
8525
5546
5891
9747
125
6559
5686
571
6076
5351
775
8267
2177
3474
7682
4490
146
9846
6911
6681
5963
3600
1905
4323
3444
1510
9044
978
9883
7935
127
2618
6536
9164
6728
7800
1661
5961
9466
9351
428
8364
2615
6518
2180
8265
8523
684
883
8559
1739
3560
9890
9311
3281
247
7838
7783
4169
5251
1125
1831
9651
3931
1988
4461
9552
205
808
6969
8633
7801
8362
6286
3668
4146
5078
5355
7035
5528
3519
3578
3919
4803
5117
5599
834
6360
1549
9454
7840
3826
2065
993
7509
5438
6773
6306
2644
5403
6580
8261
4297
6079
3472
1689
5075
2681
7736
4579
3844
7619
7290
2173
7226
6122
6798
9490
8108
2334
4253
3435
347
7966
5445
4510
5144
968
1030
3310
6665
6615
3838
9420
9635
3065
9656
2824
3550
4663
4035
4783
2218
4630
229
9641
4000
7598
1207
3613
999
8937
3603
1939
9181
7601
1225
8658
6975
5750
5302
3227
7047
6616
9710
2301
9933
4153
3739
7102
8156
6672
8415
2980
9452
8136
2178
9642
9760
8830
2566
5384
5367
6580
8965
5028
3432
6092
7543
3556
9014
3101
7686
145
3447
2883
978
4634
2969
2215
3567
6669
2492
2868
7183
9395
3118
3764
4821
5600
3808
1813
9203
9014
5241
1568
4070
799
4214
894
1078
1722
1348
9278
4069
1829
6870
8648
8457
1465
999
1049
8505
3804
781
5826
5864
2907
9210
8895
6676
2636
1593
2525
6232
1621
7260
7731
5244
9977
9996
5756
6748
9186
3926
2783
1980
5934
8679
1613
4875
570
8034
4673
2604
1671
3671
9051
9791
1548
1596
7130
3613
8056
438
3538
9576
1951
3851
9056
1969
7753
783
7063
7735
2441
3031
4235
1955
5919
5756
9891
1613
3124
3950
4870
2693
7735
6463
5171
6271
2886
2567
7381
8024
7970
5656
9084
3155
2919
4318
7429
9919
2298
1888
5510
670
5750
4685
7756
3093
425
9732
1046
7750
3899
2441
605
8891
5332
9199
3289
7301
5099
9470
1090
5385
8049
7512
58
1326
3362
3304
8182
3761
1958
5287
9630
7937
8689
9775
2820
1259
8414
645
7435
2028
9081
1432
7598
9011
2939
8513
5481
1989
8676
9735
4307
1399
3135
5073
3917
9534
3451
6187
1399
3638
9373
9173
9912
8333
3431
5612
6828
437
7139
5483
4858
3979
2739
3507
3125
3079
3747
2549
5349
2213
3370
6528
5142
6961
9770
5875
6830
8609
7598
9341
8863
8827
1254
414
6031
5152
5599
6724
7867
7863
8373
6205
2726
9337
1012
8617
663
5093
7155
9909
9781
5608
2435
1158
3034
7210
2527
3538
8413
8450
3938
258
7134
9880
8246
6710
4427
4854
1531
9381
4285
8597
7263
786
814
9813
8572
7978
3455
4920
5791
7067
1823
4476
2937
3957
1083
6361
8737
6660
9678
7898
5113
4857
8610
9672
8496
4681
4519
6890
7771
8602
3410
4922
9017
8535
3628
3822
1477
4852
1539
9884
2096
4078
6565
5170
534
4626
5723
944
2229
2462
8507
3988
7216
7922
8588
4541
8474
4764
9657
4848
2395
4357
3132
6639
5282
6928
2886
2114
8865
3477
7723
2357
9205
4988
749
2018
3611
2055
2735
8440
8803
7433
4430
6890
780
4809
8291
2476
8595
4227
1212
1880
5038
9777
5764
6552
3918
4800
2096
6278
1328
9641
4445
3964
6319
6770
8779
9917
9155
878
3356
2455
7362
1620
9586
5044
1444
1360
6950
3233
8125
5177
6810
466
2485
5416
6687
3082
4729
4170
1534
9624
7759
754
8946
4986
895
8369
2770
2122
6631
7458
5436
9823
7248
3273
8260
7225
8756
8915
4215
3964
3131
5199
8512
7926
2607
4836
7543
1736
2622
8303
6735
4864
5750
5131
7186
8439
8090
4179
5160
1085
3442
1997
8621
3677
5018
5626
8850
7157
933
3482
7987
7094
8653
871
7708
2014
6411
9954
2617
7854
5709
6267
3013
8021
617
8787
2681
4101
15
4948
6286
6025
475
3184
2358
6874
3884
9809
1944
5292
6511
6292
8259
5717
4368
947
2721
7187
8687
5774
1051
9155
1519
4617
6746
2316
3352
8779
4968
1757
6546
1130
5760
3569
6765
7412
503
5127
2338
3949
1068
5502
7712
9275
2960
8203
2734
4219
5420
4749
6740
9112
2163
72
1995
2079
7737
1895
5342
953
7839
1695
7971
2296
3113
2518
3387
8023
1630
5497
4760
6268
5797
6452
2270
6921
7920
1198
6704
6716
9402
5530
9235
521
3839
5281
9378
171
9198
459
7627
1037
9652
8318
7156
4356
8555
578
4906
942
8400
5333
4689
1903
7064
9619
5290
5366
456
9853
6756
4011
8424
9436
7127
1339
1439
734
7929
3190
2896
7655
16
5095
9498
1442
822
5394
6664
7255
3051
4748
2084
9611
7632
556
4117
9400
7755
9518
9050
8273
9143
5448
1026
5016
5551
5409
2914
2313
4825
9014
9259
8008
7246
4090
1389
9086
4855
122
9163
9533
9279
6768
1621
9846
3406
2581
8411
1975
6968
6940
3326
186
1234
6875
2760
4902
6807
2694
8560
7188
9946
1903
2566
3026
9269
2482
9806
5266
3341
5771
2089
3261
5081
1585
3666
1591
3287
9407
7969
5728
5740
2601
2564
2582
3666
3105
8361
6375
6273
3982
6103
3915
3649
6533
6291
7463
1621
7892
2285
6821
6575
1927
3333
5093
309
3640
2540
5078
5650
3157
6324
6489
930
7349
6878
240
2163
8049
3423
771
2457
664
4467
2072
8113
4061
8123
7975
7417
1203
371
2153
320
3678
3761
3196
3762
6891
9025
170
8535
8115
712
7752
6932
682
9519
7936
122
4265
9869
2901
458
6936
1734
8260
5591
4236
7177
7506
7155
2012
3161
644
3271
1737
2761
547
3242
5489
9699
2350
3630
8570
3728
7263
4460
1410
2393
1662
6130
238
9602
1501
3575
3316
8898
9336
5820
2926
4525
6020
5016
8145
356
9288
6239
4230
87
4895
5780
2923
996
8607
3026
8810
3844
9281
5551
9238
6683
1691
