7026
5592
1512
3049
7921
6394
2882
4710
9736
2295
8746
454
8210
3393
984
8326
5489
2714
5968
3025
7116
2038
9571
9411
5551
1449
9969
7953
3365
9640
3797
3320
5077
5412
9590
6522
3113
789
4205
3969
5827
7622
8874
8029
6981
5115
3682
8910
7371
2382
8830
8137
2050
9078
5238
8659
2567
8485
7785
1885
8007
9434
5342
6977
9361
6172
6548
7049
7926
3622
9712
4218
8133
2182
733
6983
2031
8592
9375
5625
6884
9203
6718
7444
4981
2281
872
4081
6602
1063
8905
3800
4112
3609
5194
7314
6619
1800
7858
3065
5987
1138
9006
1682
1068
9312
4051
7535
4053
5563
6910
2684
3560
8630
3042
1866
5196
9423
4271
1385
7665
4838
9165
3579
8959
9956
7420
2632
6717
1567
4223
252
6553
7109
8199
7244
8893
8985
4541
1698
1009
1524
2570
1390
2409
3378
8482
5647
5584
6400
2674
8624
1298
9352
952
1480
2202
8834
9684
5739
9780
6568
2835
5125
1110
452
5508
9845
2374
5164
8513
7522
991
3212
9449
5986
4078
2046
9546
6175
8959
578
9471
5618
5428
1369
2491
4266
4565
2151
3430
4830
856
1034
7399
6708
5641
2971
2150
1666
4549
159
9109
5730
9703
6424
4045
8812
9515
2212
3489
4809
3198
961
8504
1407
3323
4501
3913
2088
2932
5571
9281
2595
1061
7185
9137
3763
2636
694
9625
4630
5226
9372
3522
4583
7219
6697
7944
3891
5240
4264
581
9338
696
3155
930
4211
748
8185
722
1720
7710
9124
8618
3262
3402
4786
3145
5607
7376
2187
5832
5791
7909
819
4492
8633
5705
4054
2052
4177
871
7595
7300
5380
7520
3387
1763
4553
9137
44
3772
2381
6602
5605
6593
1351
2130
8869
7743
7849
3152
5218
1452
6743
5129
2788
5763
1914
6729
4459
9923
3654
3071
418
9276
5580
1349
4402
4040
4741
8743
8571
4248
1451
6279
7791
916
8165
616
7500
6485
1102
2512
2665
4345
3188
2757
6378
1986
2304
369
7812
4645
5565
5986
8721
2893
9735
359
1676
2792
7991
6721
3608
1359
7818
3014
3802
8869
3262
8469
705
3580
778
7401
218
4436
9581
7583
9835
495
2783
3230
8280
8632
8809
8766
4411
3258
1168
4023
6612
2233
6376
9746
7378
1236
4799
4628
4504
415
84
6790
7118
6628
3489
5622
5684
2734
7209
8117
5640
7445
279
5088
3548
6156
8
1310
9285
6256
998
2221
3357
552
5709
5962
1171
690
5967
2569
2657
929
1366
4353
5719
6862
8712
1420
5004
9308
1632
4333
3905
5835
7648
4709
2820
3329
1067
8174
8580
5931
7431
7692
8479
778
3061
8455
8964
1756
429
3106
8258
8089
2208
6497
3134
5321
7066
2492
1401
651
6732
3383
6756
7216
7496
936
5859
957
6015
8169
3936
9015
3152
9063
4652
8081
5352
7244
5017
6734
9010
6499
5983
1694
7316
919
9756
5971
5602
9318
3750
5196
4672
4839
8457
1378
7280
4628
97
6566
1871
4852
1744
2038
591
8562
513
8149
9402
2552
200
9841
3083
5357
8318
482
3776
2366
1481
9196
7854
1994
114
1721
3543
3219
6661
2985
4742
333
3404
618
3124
3902
1967
3052
3277
3962
6434
6228
2892
5590
7754
5141
505
586
4169
8713
1550
7313
7865
2279
9561
7045
7959
8536
3153
6404
7276
7717
3970
4382
6450
4992
8050
4794
1231
3218
4587
3586
5080
4534
9370
8850
8806
9669
1780
362
1629
6420
3213
9421
4441
5226
2648
8663
3191
5231
6424
5186
7021
6771
2303
9883
852
9522
1575
3210
1695
6903
6896
2387
6956
1987
6183
5838
5659
8754
9876
313
1340
5342
2876
5204
9057
2674
179
9904
5164
3553
5725
325
2218
6543
1789
1839
8280
7031
1925
1430
3138
459
2615
6223
8446
9632
7956
513
6239
4424
1449
1626
6833
87
7400
6449
5845
2911
3850
6339
163
7333
8289
3167
2684
1860
203
2408
5274
4700
3800
5578
6456
9259
5716
7335
2452
363
8516
4172
7017
9788
3680
5660
7085
2849
9220
8637
5880
2919
5470
470
885
106
2863
6699
4243
9228
1572
9618
3483
2299
4795
7630
4968
1018
7762
1731
1010
1593
5071
3407
9943
303
3104
5625
8651
705
5599
7052
2542
678
8433
9525
8685
4490
929
823
6865
3642
7722
8376
9160
5023
3624
5511
4765
9853
2797
3513
2747
2069
2431
8354
110
2414
8933
6960
9267
8671
2326
9037
1742
6426
2286
5502
3228
709
2537
5607
3499
8595
5639
944
9547
4462
2563
1777
2813
5713
5871
3864
272
1212
5323
3606
1753
2097
1466
4352
3289
6306
9095
7263
1571
6174
7925
5056
3753
7615
339
3803
5511
7322
803
4992
5256
7420
7724
6517
3209
7288
4251
3283
5233
7789
9179
6471
8905
4659
9572
798
1940
3604
7471
7082
8924
1800
9550
6226
4147
7288
8976
6921
8521
2286
9674
4184
7644
5872
4856
1840
6758
2919
5773
6153
5807
6945
1432
1218
5682
4501
7274
7951
468
2417
687
2325
6020
6903
5059
50
2570
7518
1458
9382
3688
726
6609
2228
5410
2881
1157
1461
8860
6717
1416
6945
4229
6769
1692
7083
8834
7055
9218
5060
2108
6836
3124
1367
6655
2076
3336
7811
5266
2217
6536
5956
7281
514
8491
6636
1233
8585
4512
2026
6185
5388
4946
6185
3498
1614
137
6056
9944
4695
8701
8594
5192
6997
7085
8979
1301
4643
4928
853
5126
9317
4753
905
177
6111
829
9916
5376
9009
9704
8521
7784
1697
316
1967
8825
8094
3856
5042
2354
9826
4914
4172
2475
5854
7615
4986
6009
9629
8404
4570
4315
3043
4961
7646
1094
8067
4718
986
5656
6752
5712
7000
2717
4078
6396
2987
1389
8356
1065
6433
5242
542
543
2211
9792
7103
6104
744
133
5401
1659
693
6785
2419
1579
265
7952
5351
4453
9342
4197
5184
4914
5379
2168
9083
6775
5421
9523
6101
3201
8545
3642
6817
6118
7862
6510
8679
3782
3495
9071
9557
8546
121
3576
4242
9596
