6279
6100
1385
2571
5275
4125
8474
3727
5645
8721
3227
3546
7758
4567
3586
5235
1227
8024
2841
5220
8174
8621
3081
2139
8538
1262
2398
6438
9823
3363
847
927
198
9058
192
6472
9172
3029
4973
6635
1751
8815
3786
1273
5255
5352
7691
1041
3271
6847
1374
562
6522
5012
1036
8645
4005
4880
8958
1498
9493
5551
2053
1700
6879
9683
5321
2160
7369
9731
7647
1598
3416
2563
5825
3591
7186
9355
9057
898
610
8077
518
1505
3360
7897
7488
5479
7926
318
8892
1700
1799
2435
9097
9384
1814
7061
7936
1007
2557
9005
929
1301
3160
8994
2133
9453
5300
8721
994
6531
271
7
2102
2836
664
5443
5927
9241
1083
7348
1182
5374
5009
9869
1908
5049
5279
9411
7463
7055
6417
504
5423
5953
9861
8318
6068
3833
3064
1360
8327
5157
5151
7945
2118
6226
8611
46
9124
6302
2546
4755
3864
8593
1095
7758
4807
6250
9145
7984
8352
4008
5973
1654
4909
9646
6170
3001
946
716
5401
1305
6722
1392
4987
7892
4001
4241
550
9925
8060
9718
6500
4833
6811
103
3727
6129
3627
9332
9484
2009
6229
4875
1085
9891
6087
4693
7292
236
9836
8180
1339
9989
7083
4299
6430
2756
2676
7448
1818
8193
7270
4442
2097
3068
9567
8461
8981
3952
295
4814
9217
3728
4604
5067
4452
5669
5022
8053
36
5518
6
3920
1608
9633
9127
7330
8101
1717
7047
3147
402
2269
5046
8159
5333
3339
968
4394
5842
5328
173
2355
6083
247
7359
9117
3115
391
8538
1824
2951
2355
3436
6798
6751
3606
2728
1499
1921
4079
7380
7096
4584
98
1113
767
9491
7764
8862
8469
7204
1767
2123
5697
8605
89
9920
4182
7720
6599
2640
2239
7799
1319
7160
3969
9605
7489
3749
6405
576
7769
983
5585
4592
871
3368
2203
7168
6592
8186
4058
8813
471
2890
5071
4076
3793
9446
2079
4955
5739
5902
8334
8298
7630
3203
8232
1243
957
2695
8023
635
7347
5303
1086
3456
800
3906
3915
6737
1196
6524
9603
7014
3272
4205
9602
4556
2388
2924
2542
9896
8748
8074
8286
1308
3262
7205
9404
120
7721
8324
2387
8474
5909
8079
3013
5318
9197
2356
2308
142
5608
1877
5702
495
521
2233
5164
5361
4328
4874
3274
2291
581
2678
7077
2838
9046
3285
7904
4479
8915
9524
7745
9705
3430
540
9049
4973
7250
2934
3114
5092
9785
2096
8260
4209
4453
8792
1785
4402
5473
9172
2863
1111
4558
2187
2536
5849
9730
494
2371
7610
3984
8781
1534
8665
3064
9719
5672
6205
4933
5054
1519
1822
6488
9115
5796
420
9520
4947
2332
7572
8405
7066
1735
1697
5009
7082
6522
4179
3058
5091
9576
3334
2689
2230
8584
7258
2616
6137
9865
5411
9085
8832
4725
9371
5955
3326
7545
7057
7832
9239
8397
92
6036
6922
6072
9832
9732
9467
4518
9346
3922
1984
4096
4504
2257
3215
7436
3148
540
5966
8263
7018
7455
391
7201
8916
6124
5400
9678
7607
1418
7499
6912
2745
6258
6004
4439
7009
6610
2330
6478
3166
8489
8921
9887
5678
3867
269
4684
5273
1554
5252
6357
1184
7972
5681
6708
4745
4525
8101
4492
2677
5870
9283
6712
5721
1296
655
8736
580
4548
7670
6669
8246
1
4243
1152
1323
1224
6807
4786
3246
8720
3982
8949
3115
938
9083
5968
8836
6802
2115
3805
9029
6046
9721
5189
1470
9632
2745
371
9334
5448
4453
7363
9340
8239
9924
5186
171
9415
6988
3043
2544
4871
7112
9532
8139
9469
5934
7812
4358
8651
5719
2953
2956
1450
3832
7113
4815
1905
7830
1765
8040
5911
4073
5708
1406
2647
879
968
402
1349
6202
8078
1709
9918
892
6477
9136
5484
6142
5162
4492
5267
3340
2053
227
3305
2766
8644
6738
9206
2597
6127
7284
2566
5274
6738
8239
7027
130
3748
3429
9182
2202
6971
7114
6154
9954
5831
33
8455
6968
3559
5578
4050
766
312
1260
678
1325
9271
1757
8975
6055
4121
8791
8973
1559
8925
6058
7510
4696
2030
4894
3175
5530
7952
7532
7458
2844
6191
7174
9159
8805
3872
5687
4623
7093
1690
8972
6688
2135
2381
8182
9661
987
84
2496
7896
6249
9596
8266
6942
6184
9442
6179
3517
8534
6639
4444
8532
6055
331
3629
6641
643
1657
4296
2187
4120
4459
9332
7907
2184
5126
2949
1476
5707
3435
6970
8799
3597
3102
2335
4189
3331
2504
9462
4075
1374
6271
4215
6072
3504
5878
8120
1503
7077
7696
8369
5756
8749
249
6547
7327
2200
2833
7697
285
4125
4511
1898
9965
2675
1888
9703
1248
3664
1948
3275
8461
9246
3082
545
9900
1849
9325
7801
9357
6054
6980
7925
9264
626
5791
632
4876
7866
6096
5095
6412
3984
980
9795
3794
9703
2413
6337
9480
5273
1282
2999
8506
8983
4659
1437
7408
2182
5350
5560
3746
2765
4823
9389
5847
9338
2374
4577
13
9
5735
1429
6070
3713
598
3221
8571
2411
7968
7582
4844
1492
9452
3504
6686
6766
2641
3530
5258
4785
4960
2517
8597
9227
6248
5426
2770
4404
7747
2892
6657
9070
5310
4339
7738
8416
4317
1669
5436
4867
7912
3315
9468
6163
5213
1175
5518
8386
4744
983
2456
6582
5101
9196
9035
781
3917
6501
1306
1556
7959
666
1162
7019
909
7003
1601
5250
4576
4333
3395
8779
5073
2826
3690
7051
3715
6005
9382
9941
8104
7706
9097
4846
624
7451
4187
2257
2466
2459
4591
4201
3363
3503
388
120
2727
3929
4386
8209
8741
5667
4173
2700
5616
4021
9131
1318
6718
5351
4804
4299
6826
4142
314
2570
2985
942
7566
6036
2274
3672
1335
3009
2492
7495
5968
5893
3110
3878
4043
4707
9621
5293
6051
717
5454
9639
4302
5883
7240
4434
38
6851
4419
740
1583
2541
7720
6869
1439
1482
6888
1727
3608
6186
6288
7179
6894
3958
4697
9399
1285
6658
3294
4088
8279
6617
5549
