7108
1157
6527
4733
3307
8161
1667
7780
9259
222
948
1549
8119
1143
7353
7371
4252
1086
9137
3541
7744
6913
4957
4900
7981
1982
8620
9495
1969
1002
6588
1949
8465
5480
6338
2260
5736
3913
3005
476
2062
9395
2248
5903
4635
2873
1854
4633
5305
217
5297
9182
4941
3324
9983
3804
8541
4493
2595
2472
6380
4721
9803
3703
2094
8382
1111
9022
5214
1233
8439
2870
8563
4064
8159
7696
3068
1890
9996
2504
6768
154
4799
2706
5622
1940
3934
2792
9729
170
6406
7206
952
836
7877
8331
7810
7540
7443
8366
6543
8392
3123
2619
6568
1971
6555
4091
7354
1705
4395
4691
715
8953
697
9469
3846
2220
9432
2465
5388
9407
7685
5074
5597
7105
7201
1375
7928
5812
2154
8066
1040
5972
8573
6894
8450
4979
6255
1714
3707
4816
9019
6785
8042
536
3036
5074
4454
6751
232
4379
5344
9289
2628
5673
5188
2247
7677
2428
4463
4878
3627
4750
4989
8525
9806
6064
5411
2001
6399
9482
4804
711
3897
3578
818
932
2405
7294
6958
6765
2760
3872
1731
4561
103
9215
1217
1668
831
4876
2266
3282
6433
3369
362
6546
1071
1344
6930
1433
7591
6459
462
2186
2227
3584
79
4882
8666
5788
1736
183
3196
2210
8780
9410
671
4327
6720
5842
5630
6866
4068
7171
7908
6169
1537
749
3098
2297
586
6642
6862
8565
2155
3963
3530
7225
7940
280
8627
2170
6442
591
7459
3685
6955
6550
3158
6252
6814
6351
993
368
2991
7589
3098
6472
1420
4672
970
7310
8787
7748
4818
4461
908
3073
2098
1864
8088
6780
1479
6843
9871
6908
8615
60
9187
8779
2990
1635
4633
3822
146
3200
9917
3453
2361
1765
9422
855
5796
1218
9105
5905
3108
3701
6281
8780
6627
5486
6046
4774
2214
3697
6159
2074
7492
6478
1121
2404
9026
5629
2459
3252
5978
9609
3609
9706
7072
4513
9338
9896
5527
1589
4252
9310
8316
2919
7220
1643
418
1634
8708
7021
5652
8458
9578
2711
1273
8898
2991
160
2678
2260
8174
2102
7739
6431
5098
2228
6196
4536
8280
1
8978
5682
7310
2980
5894
4409
2039
7323
5307
3795
8747
4063
3987
111
2007
3903
8703
8719
9922
9750
6070
2169
4199
3375
905
5836
3608
6520
6945
442
7250
8701
2876
3160
8495
1331
8676
9266
8745
9225
3168
3349
894
6827
1162
8696
1682
192
7603
2960
5779
2301
5514
8710
6081
3732
8440
7926
649
4775
9017
7587
6058
8374
5136
6657
1808
4106
7319
9525
9999
7844
5429
4189
5857
7941
3633
5904
1384
7686
9911
9675
3176
9444
2187
42
9628
1680
155
4780
2626
8678
9486
7003
6803
157
8391
6427
8887
654
918
6338
6305
6747
9572
2606
5652
5206
6568
3710
305
6925
5654
558
6594
4089
4225
4732
9791
2924
1724
8025
7933
5891
9771
6166
8280
9778
4890
706
7435
2876
1576
5351
1528
7664
9192
9041
4582
9013
3494
718
4560
4796
54
9160
1281
2568
8293
5847
2328
5558
7695
9465
7150
3539
9433
8195
8149
731
9206
9605
6095
6647
2685
2654
2505
3168
419
434
1112
2520
8288
6919
3089
735
7250
6203
7018
2125
5788
355
1656
8967
758
5621
8858
8232
2433
5564
8502
1194
5939
2859
6564
5800
7313
4263
4944
7360
1710
4611
1274
8364
9436
2223
4277
8508
5327
3175
9684
318
3243
5706
7607
8101
8767
1992
472
3600
9439
9131
8418
7638
9634
2277
1860
2303
8183
9530
4490
3014
7005
1723
2259
6410
3485
2979
6621
7629
3883
324
1688
2449
4828
8086
2138
1093
5731
857
1652
8440
8705
9309
3608
3758
1206
9992
4573
2243
2167
5173
6524
9284
4218
7243
6547
5073
8010
5113
9243
8443
2409
2359
7481
9070
7672
2427
6286
4419
4182
3196
5697
4348
2217
3069
9898
3044
3761
6933
6704
2364
5184
6079
7204
6137
3061
8673
8568
5241
8922
289
1735
9522
367
3644
4963
7524
5690
6874
9795
6771
6477
526
9459
2106
3822
9681
6137
3010
3376
7097
7081
6866
4389
7573
5108
719
622
3703
2625
7912
2460
4796
8067
8271
3857
8811
1301
5633
778
2944
9334
9883
2972
6231
2610
1449
1163
2080
2595
8538
4663
6176
3522
6291
79
7334
1864
1636
7028
9497
310
3533
9917
3326
2542
8103
4910
75
6627
4462
2394
5127
6895
9195
3838
62
8364
7136
3669
3708
6455
5469
9635
596
2360
4026
119
576
5951
6863
3133
2647
7076
6012
4662
9909
5652
2848
7049
2682
2598
2408
3895
9905
1071
6475
3326
6694
7584
5977
9383
5571
6411
319
8818
7648
8230
7503
7084
2470
210
4116
163
3926
8967
6785
4187
8073
9285
4150
2285
1644
4306
177
128
8653
1679
3796
5810
3937
2759
4734
6171
4008
8100
4431
4796
7896
6112
1452
4840
923
246
9347
9635
971
9597
5301
4696
4910
5600
4936
6931
2379
2395
3394
4777
4461
3522
9382
8821
8992
2590
1239
7955
3501
5180
7073
1086
7182
1472
4483
6791
8614
3579
9291
5310
7744
7358
4919
2938
2230
5278
7720
3685
8713
5677
2149
8738
9115
3732
9600
3894
3118
1945
4735
8251
6271
3683
4133
5691
3374
1928
6991
5411
7771
6272
2300
195
5851
7116
1469
9183
1893
8897
8587
1438
762
7741
1113
6952
8184
5935
4794
534
1715
9933
8636
422
5835
4370
4259
166
4847
2962
9452
2505
247
2649
4973
49
4929
6740
3904
2972
7622
5726
7785
2625
2123
147
2529
5243
1939
6320
6092
9571
8373
2325
1186
3792
9367
9114
9835
9483
1288
1131
6710
2035
6840
8571
1128
2597
6661
2329
7929
4764
8741
7775
152
2737
7634
4983
3759
5162
1900
7554
3856
2916
970
8066
1169
6142
7695
6476
6518
6489
5878
8914
9295
2196
3883
9213
9677
3862
474
4459
4031
8061
717
5826
3820
9551
867
7480
8775
5642
9285
1104
1413
3640
6044
8207
8269
3153
672
3639
9936
4231
2134
