1303
4272
1523
449
6406
2285
5031
929
4354
4598
9684
4759
8095
9221
3974
9390
5524
6973
2416
3279
1295
7991
3495
2940
9010
7880
8457
3365
5305
8353
4834
1999
5758
3635
7832
258
8125
5216
9457
1279
3569
2905
5082
622
6466
2360
8530
8722
4257
5757
1094
5163
2247
4302
4275
9980
4655
1453
4890
2088
6236
3126
5100
8941
8501
1996
5060
1105
7340
5901
7654
5033
4949
4926
6232
8512
6282
3789
7736
6957
5024
516
5627
462
7091
6370
6499
7422
6802
9606
7260
5080
3265
3149
2559
7860
2117
1927
1790
1581
9364
4438
3443
5725
1573
2733
5017
7140
7358
383
2687
9159
4915
6786
1261
2227
5412
7525
8438
2015
2204
1515
4117
3384
6388
1342
848
4469
5865
3235
42
224
7982
9463
4182
7853
3533
5038
7185
9186
9275
5807
8045
6960
6882
9444
8844
6307
7927
8449
9285
742
8459
5191
1612
3390
9870
9689
1313
5271
2717
3043
532
6767
5778
6906
3994
6154
3679
520
7642
2896
8055
8802
9735
9075
9485
3488
3629
1468
3299
9145
9645
7036
504
7653
2142
6206
7343
7178
8471
7951
2437
3302
5338
9870
8897
8373
6592
928
1648
6734
6115
9134
9607
4069
6447
3150
7003
5364
1103
3433
6327
7592
5392
4048
7469
9453
3429
1322
6024
5161
9026
1455
6515
2323
9947
2708
6380
7481
727
7672
9972
9158
8773
4723
6175
11
7568
8799
232
2913
1708
2367
6356
645
4475
1063
2416
3615
6897
9310
6738
7035
8185
7031
2257
9127
6623
6593
3364
2349
5659
5971
3191
7975
746
5539
8865
1630
755
6793
6959
5079
2231
1222
5139
9633
1144
2779
2297
7793
6211
5487
7252
1167
411
1400
9929
196
3431
2147
5842
1068
7657
3789
9632
449
2446
4957
5845
1856
3496
8331
6485
1531
8152
4725
9199
3482
195
4161
2846
6056
8274
9846
7349
9869
5298
240
3085
6933
7302
3039
6263
4235
1178
1035
1375
9521
738
9550
4883
9270
1053
8165
7678
6677
4569
8847
1257
5783
4313
2969
9408
1485
1488
1382
1882
4039
8255
8653
1930
5514
2410
4517
6216
1089
194
4811
2765
125
5447
5651
5109
3243
1637
8036
9990
2435
140
6002
9115
4297
6464
7984
2995
8801
2802
4186
9798
1751
5191
8148
9638
7968
4813
5761
809
2373
7895
3202
4270
3312
1698
8173
9900
5484
1316
5316
5619
5561
8382
4515
2001
503
3015
2548
4455
3891
4458
3116
5160
3498
7409
1317
4693
2359
3854
1692
8269
4203
6626
5109
4832
8876
5082
7377
5968
1530
571
2325
2531
8512
6787
8863
9920
4674
3777
8650
6473
7285
6764
9291
7909
1667
6612
3076
5849
8565
6292
1040
4469
9150
7592
4898
369
6142
2595
2919
1793
8647
8113
8554
1680
3541
2990
2681
7859
1038
4404
3012
5624
6361
7138
2574
5462
4135
6277
4150
8888
4291
7844
8256
1914
8243
7577
494
6672
2170
7441
7554
512
3174
2589
1475
8930
9177
3757
8542
9712
5925
9377
3930
8335
5663
2767
8652
6739
6843
7694
9458
3164
6638
377
15
5130
3748
6741
6847
4735
4996
7296
2729
3148
4814
7764
2148
4716
974
1424
9629
7180
5267
2042
8853
2466
7690
9187
574
6765
3813
4690
3128
1835
660
7860
4698
459
6542
8811
6297
6963
2821
8907
7384
7676
651
1950
234
496
2608
9985
7694
6324
3591
2446
6311
8130
824
4810
6637
5166
9747
8406
4284
6977
2631
472
5157
2036
2370
8952
1407
3882
9722
7646
3597
9315
5548
1293
261
1927
3109
1274
9234
1701
4683
3776
9342
9226
1213
9174
2568
4893
2242
9079
5322
4576
9576
2488
5749
3280
1232
2313
8907
6277
5032
7713
577
8607
4290
9905
6271
6450
9799
842
6411
2990
1763
5275
6725
6643
9325
3658
2238
1077
2419
6165
9483
5171
7551
2959
5057
5288
1740
3726
1692
9952
8250
3990
1955
3149
2731
4369
6794
3639
7320
1149
8047
3477
2124
2854
8375
4428
8747
3450
9406
259
2243
8552
6633
2495
8592
624
2781
3750
8256
9813
6702
4916
8631
8579
7830
7358
4151
9145
9333
1772
9956
1889
1723
4875
7654
4340
9117
8973
3483
437
3718
863
7724
4774
5724
3724
4410
5109
298
5163
7254
6616
299
5258
3163
5022
6381
4087
3353
5040
2346
6200
9771
4504
7542
3513
7094
5240
5947
4059
7492
863
9943
3629
610
8716
2764
9822
4855
6561
2430
8218
3634
3709
6450
4083
3178
6193
5419
7467
473
2692
2450
6095
7556
8913
7009
6112
2058
7180
2331
2695
515
9636
6970
923
3375
9692
8610
2848
983
7852
7143
7065
552
3389
1892
7985
6928
2689
7273
4958
6694
6686
8070
457
9097
776
9233
3687
5930
1950
4632
9054
4932
5994
1080
9277
8195
2149
8379
1530
4194
7456
128
373
733
5054
3006
1692
1496
2494
2925
4904
6074
3084
506
6351
624
8362
6200
2235
3123
3267
4841
1108
9356
1034
4190
7235
8071
2384
125
1492
2860
7634
7592
2538
7478
8433
8096
4529
5532
6032
1217
2933
3914
4389
1195
1851
8612
5488
2245
5945
8944
2638
3066
7271
260
7286
6462
7542
8052
6079
1178
6125
7935
833
6497
5959
7634
8282
8186
8122
1792
6511
4847
9182
8317
4507
5501
1253
7350
6356
4340
4452
6570
2375
1131
7427
4319
2507
7990
3596
2394
7515
9074
4379
1310
5229
7150
1687
1697
9752
2741
5087
4814
5237
1656
4605
4951
9134
201
4439
9014
5811
3141
4451
6493
3025
3945
8862
7869
3010
3113
8742
5507
4573
6856
457
6820
5118
6088
7778
6201
8555
7034
8320
7260
6530
236
228
9000
8868
9969
2680
2629
9083
6772
6182
3253
6792
4115
4168
5631
9006
824
6412
9221
5767
2294
4182
7366
9252
1275
9974
4657
2740
8198
8327
3291
9830
7047
833
5123
7973
8764
7113
2606
5364
8228
7500
9444
5667
9111
8005
2159
4635
2085
3960
2965
9421
2237
2092
6737
1218
1407
3079
1659
8238
1273
