6597
9856
967
2608
3384
7186
7638
3490
282
4198
237
8642
4832
6792
6101
2405
556
1998
3135
2914
9788
7733
4349
1166
7100
5306
5122
5587
3859
4322
6990
1315
1536
4104
6122
2956
5523
9695
507
143
7852
5496
9676
3188
7622
2328
9471
3751
1827
1495
190
1818
100
6452
7679
2474
1988
3688
7447
6222
6266
4764
1178
4909
1902
2238
6272
4572
2268
5408
8279
234
1879
4735
9892
8129
2633
8010
5334
2479
3311
2065
609
2831
4786
7181
4525
8119
9287
7971
8931
5115
5045
7531
3594
889
5572
2069
5341
157
1500
4774
2963
8886
2020
982
2602
200
4699
5312
5533
992
3075
7497
7280
960
1327
6739
9643
4985
4551
4583
9956
3140
9268
1435
506
7565
2052
4613
5988
6844
559
5612
9311
8281
6858
6603
6393
1517
741
4210
6924
9867
5375
1694
9447
9974
3992
5053
4348
2974
3296
1407
5175
7332
2620
7759
2593
6381
9569
2687
1610
6196
9474
8938
8491
1932
6500
4448
2894
6894
7945
1584
2718
1216
6231
1728
6918
395
9596
984
6299
5355
1441
4947
1947
4880
6272
8252
6195
3602
4139
8000
4532
4722
7908
8484
9670
7943
4373
1916
65
8924
5996
1127
9319
6448
9000
8835
4880
8244
1373
6622
8274
23
3672
8573
5538
1635
9974
2602
7828
3735
2251
7652
6478
1965
7741
8231
8345
629
7792
6365
6211
9177
515
1945
5356
7006
6508
2704
5125
9655
3706
2522
5242
6187
6784
9175
3555
5236
8653
7210
8128
4139
590
3809
6743
2305
2655
8540
122
7064
99
1230
9879
2241
1363
7924
8267
2933
2085
7572
7648
1879
4064
2916
6786
5865
6351
8846
9331
7727
6688
7400
6536
2642
6527
8003
3796
4813
1674
4579
49
207
4921
7622
2395
801
8938
7530
360
3643
561
9219
5047
2971
7175
1773
8499
7012
6108
4957
6908
3213
333
1659
8233
5636
8157
3775
7722
6974
367
9095
8522
3592
8370
3988
5535
106
2547
2049
7340
8509
5134
4862
4185
4004
5863
8539
3008
5959
685
1092
7618
1390
8219
4854
4415
4672
5861
3911
2970
1990
5357
4861
8909
8499
8473
267
3803
3128
865
7525
1324
2411
7268
3014
9263
3897
2453
6700
5633
2702
416
7758
3398
5787
4436
7741
8180
9204
1520
1184
2609
1382
9157
997
2266
3948
5540
4008
6304
677
7920
826
5806
5279
2
2512
7925
8583
75
49
1768
9340
3046
9641
5341
3911
8117
231
7512
6349
5007
6766
4196
6143
1368
8475
9652
5582
8871
8650
7877
655
9493
4230
7592
7295
9279
8403
2496
909
7204
6972
4642
8331
6496
4368
8444
9745
8044
3315
3902
4158
3632
1260
3559
2573
4855
1763
239
3474
2174
6887
6413
242
7280
743
932
8280
7371
5375
3217
8798
3947
6073
5107
8999
2713
6046
3585
7501
9274
6550
4238
4646
6773
5347
739
209
7057
4693
3227
7532
5604
6147
2387
5227
6991
7967
1065
3328
8940
5689
2138
1159
8660
8490
8241
5253
4390
6879
7746
1090
6262
4450
8388
1599
4558
3453
704
2362
2252
8521
1249
5059
8115
9100
9420
9810
9278
7925
7963
2769
6443
7773
7627
4273
780
4960
4070
504
706
9027
6758
6078
5403
3955
7948
7360
9127
998
9069
1593
8374
2102
9378
4871
3424
2128
2069
1696
8841
3022
8681
286
4900
8939
1114
7567
1869
6531
1713
8475
1748
5066
9391
1787
7169
3938
1785
6750
2863
2566
453
7051
9551
9071
7781
7950
3676
1516
3071
8993
2805
8248
1760
9042
396
3762
3582
7605
5992
9207
7416
5475
4111
7858
3306
1406
6860
3670
1875
2064
7135
5992
2360
7631
5729
5569
7749
5882
2494
6071
5726
3872
2833
3544
1365
3600
7812
1226
5913
4913
6584
4180
1794
6106
4585
8471
338
4315
5895
9101
399
9966
3020
9967
503
7425
9575
8690
3536
3952
5430
5663
9636
268
261
2928
5778
5675
3724
6646
7559
8471
2698
7449
7287
9209
9104
9623
3462
2486
3547
6970
5056
1514
2333
6587
7084
8874
8547
1581
8305
9784
4744
568
2655
4900
5621
7285
1376
4048
6602
6011
2076
979
7848
8954
1090
8691
6410
7043
3889
9552
9621
3124
620
7649
7292
4584
2038
5416
7795
9407
7263
3127
7449
2484
6354
8235
9288
8285
5318
5429
5896
826
3242
8160
9077
7330
469
4249
8186
6431
423
2869
5132
1534
4336
1120
8944
2579
8651
1155
5290
7838
7862
3926
7536
7510
6454
223
7255
8263
3181
9503
8152
6790
668
5592
8283
6389
9819
6302
3001
5603
4813
6431
4612
5269
1073
771
1202
1110
1323
36
8344
1401
4962
8102
6672
6913
2161
1912
5869
2308
6187
8296
3199
7440
649
6132
9716
3680
7001
2769
9670
2863
5968
5978
818
3578
533
5710
1407
7050
2068
5769
9937
3694
54
555
1838
5385
9682
6294
9328
5744
6811
9362
4991
7029
1727
3397
451
5617
8664
6111
8335
5909
8111
5793
4953
3593
1351
4279
8670
1992
4925
5416
7446
1387
2780
7409
9487
4582
4054
8520
4664
2819
4112
1644
6898
3577
7695
6873
9731
8383
925
1500
4340
3375
9601
6195
46
109
2643
9127
5157
3977
3562
4056
5116
7101
226
2284
9066
941
8989
1736
7223
6629
2343
5938
9399
8890
4242
2206
4003
2485
8757
7647
2201
2681
1471
5727
2837
7828
2503
5557
8207
4883
4559
8408
4337
6029
5175
5369
1351
3735
797
1853
6387
5776
6893
74
1700
6079
3607
2032
6823
8982
3299
3815
5834
4824
2836
9545
2116
2146
5205
6155
1663
7328
5123
6412
5612
48
5083
5803
8633
203
8238
159
277
2644
6278
3643
7204
9587
3641
9901
1646
5234
1292
2117
9441
5872
680
2550
6204
8627
9796
2313
3386
7339
4134
66
1983
5554
2888
2149
8582
1782
3845
300
223
3718
2938
5508
6695
3675
4246
1706
1923
6199
3946
5654
5
5819
8900
4340
6086
8066
7072
5888
8339
9050
2263
7519
6252
4478
2644
4570
