6910
5917
5767
1857
5171
3995
3805
4497
8814
5235
978
6216
9372
5146
9989
2879
1185
172
5108
6037
7213
4753
2298
957
699
2928
263
9411
4439
109
9660
2434
3151
2678
7754
6670
1975
8347
7543
4842
5051
6778
7439
7540
3760
6683
8678
7640
2861
426
7372
8235
7614
1276
4360
2103
5056
7797
6703
9051
9249
6724
9008
811
6300
6537
1887
2972
5596
7526
6970
174
1665
7952
1620
6973
741
3770
6386
9100
3561
3971
3608
3664
4860
7392
2057
9121
3925
4884
5059
2858
3852
7262
5082
2345
9471
9059
977
3436
8643
430
192
5531
146
2180
5457
9937
334
9781
8116
7143
815
7105
6129
5465
7163
4967
6362
2386
223
7167
4921
4843
4660
4706
6574
5445
2073
8925
8964
3188
6
3477
3341
5268
8906
5734
9954
1335
6091
7034
5058
3011
5638
8876
5049
3825
1528
3999
1139
7593
7695
3337
3288
974
4243
2614
2953
6442
5750
5330
709
8687
1947
561
4532
3637
3076
3912
3976
2279
5234
1815
3311
8136
9199
306
9043
8797
9839
5533
504
9579
739
6324
198
5049
5054
6606
6666
1030
5339
1462
5870
2785
1132
3613
8712
7018
7948
9902
4602
3782
153
6424
6878
3161
3566
2112
9877
6489
6982
2890
1962
2258
588
9022
7059
7320
9726
5347
866
7920
6055
1908
902
5813
8851
8964
7034
5044
5506
4821
9948
862
6281
8113
5020
6950
5712
9997
7269
2013
1101
5733
7486
8584
7749
7589
2562
706
3611
2921
2002
6617
9321
3906
5077
7950
8756
6910
4416
7833
9263
1384
8823
7391
8940
4419
6436
533
8020
7758
8811
2805
1713
7485
8186
8569
5801
3383
2689
3604
7190
3395
3364
8816
9280
5317
1663
2353
7027
8538
9279
6837
8583
2476
5379
1941
7689
6029
2668
9772
7996
2381
5968
8191
9404
7792
5621
4337
5999
3715
2896
8030
5086
8623
2792
2991
5690
9400
1508
3725
3326
2036
7987
4364
7559
824
6333
5729
3966
2860
3448
6093
7804
1115
6002
6145
6164
6004
1362
761
4629
8709
9171
8526
1205
4620
4463
6895
7101
1549
3224
5558
3314
4072
1593
9339
6225
1749
566
3962
2789
3101
4906
6096
5446
5137
4130
443
3436
6292
5560
394
6747
6183
5951
2957
5031
4732
5001
5221
4055
4276
6741
6406
5159
3821
3826
8420
8584
2084
950
372
8655
4323
5280
497
4464
4250
9121
3961
7328
3926
96
7736
9904
9257
7570
6157
8764
7716
3119
5916
9090
9062
3583
3094
356
9029
5366
1414
4247
5927
7779
7028
5990
2031
8669
5022
8338
4588
6960
8469
6581
4782
8159
4214
3695
9990
2817
2607
1762
8309
7650
4501
9081
9913
1346
1311
581
4402
2523
7615
8222
6556
6527
7254
5930
3421
1152
8531
5518
6490
2820
3281
4740
7038
6691
2709
8645
5986
310
3178
3363
9069
8172
1781
2416
3103
7749
4203
108
9694
5859
7965
6848
9145
3687
5372
3938
7702
2166
7319
6663
8980
9965
7399
4218
8092
1953
5147
3678
4087
2487
5740
3247
217
694
7340
334
8248
4178
3534
121
7825
8223
3604
8144
7851
1653
8267
3606
6442
4294
4040
2352
7081
7908
9732
9947
1281
7909
1621
1632
2149
5433
8646
3188
8039
8601
4905
6105
4322
8987
4115
7785
9544
4262
775
9165
838
4425
6972
8144
7545
6543
5799
91
6628
7977
8027
8340
9768
5895
3709
3745
1951
7273
6061
5059
5004
1292
3830
1675
9422
9579
1448
242
9027
770
9147
6654
4465
3309
4903
4229
2750
3407
9719
4702
7357
2523
8501
3140
4322
2346
7202
8441
5283
2002
9983
8615
8062
6373
8208
6843
305
5369
3599
3839
6966
782
7862
9994
3521
1245
1313
7163
6469
9779
1519
719
1151
8599
3194
6604
9150
964
1901
5590
4654
2513
3401
4815
6494
4664
828
4724
3651
1261
9140
5371
8818
3273
2600
3043
9184
3306
9825
2353
6767
6138
7141
6469
4024
6149
5275
5094
6405
8502
8570
4172
3918
9314
6573
2443
9198
6114
5216
3850
1167
384
5039
5349
8561
2508
7210
9513
4170
9648
8272
6016
413
9026
9696
3478
414
9858
2230
3710
100
1829
4083
6205
897
4218
7663
9632
9801
9009
6172
7133
695
6813
7219
6546
1662
3763
2688
4105
6845
67
6272
5422
5554
3450
225
454
4940
1748
8832
2744
3956
440
877
8113
8714
6203
4959
3741
8920
1610
7890
3459
4822
8972
2062
6489
4153
4464
5487
4306
963
5206
3871
5566
8299
7123
6746
3987
9301
5627
5944
8218
8711
5125
2340
5359
6712
6154
7666
9317
8940
7568
9760
197
8365
2965
8444
199
6651
8724
1451
458
6346
4593
8433
7588
2766
6560
8616
1962
2918
3125
1292
5730
4790
88
7501
9719
3158
2284
9173
8728
8952
426
9498
7441
9147
725
7116
8428
4122
3824
7144
3893
4790
3377
3848
4782
8806
6826
1994
4285
6053
6389
3143
5600
2510
223
5239
160
7125
94
5187
6022
9253
1815
1121
5351
895
9905
8049
7919
2083
1219
8419
9
4046
6669
1841
4881
9413
1408
7610
6589
563
8070
1434
9251
1495
7499
7746
5401
3076
7147
7408
7845
7383
1362
4795
4119
5834
10000
5412
9557
1035
9138
6069
3186
2792
9186
3856
2097
7093
244
5076
7198
7423
3087
8698
1038
4879
6717
9250
8293
8395
9546
4794
8141
8092
8484
8915
6956
3544
4163
3319
2164
7925
9322
9267
7878
6849
2312
5890
8951
4738
8801
5691
2898
9470
8862
8400
6311
8680
5576
9627
8735
8191
1544
4313
2461
6467
3637
9079
4410
3847
3776
6815
3586
8182
8702
996
9447
5937
8116
1384
7196
6961
6338
6264
4518
7727
1385
2355
8557
4422
4343
407
7302
182
8461
8072
2415
4517
2724
8873
8139
1886
3488
1179
932
1847
8126
9860
9592
1387
5397
5694
3352
183
3929
4083
1405
879
6137
18
1519
8995
3723
7709
3890
7461
6314
1396
1712
3603
4350
1185
9716
2823
6022
8687
7687
8188
1187
5841
