4552
8747
8583
8464
7932
3072
2934
845
3116
4655
1117
2711
3412
4729
6737
6545
9537
3805
1330
1009
6730
9129
1373
6734
9704
2585
619
9374
8442
409
7494
8547
3299
6111
5376
6794
4288
1803
830
9763
330
504
8152
4824
521
1473
5649
8334
6907
5569
3445
9478
2442
6515
519
8426
7265
7303
9780
1242
8518
180
1556
8150
7780
3232
5249
852
6235
6336
9775
8114
646
4838
877
9578
2287
2154
8287
4904
2492
9554
7506
8321
7719
8774
8769
9028
2644
1532
2253
874
2672
8915
3381
8361
9094
8777
9014
6366
8588
3558
5220
7955
6086
6580
7776
8495
482
4570
715
263
1397
9084
4032
1865
3718
8334
818
6670
2635
5620
7181
4300
3086
7627
4482
1523
2067
3604
9438
5350
2165
1744
97
8104
7731
3742
1298
5541
2167
5542
6370
5626
4877
632
7225
7974
5596
6337
9502
5908
7733
7568
8934
5313
3312
868
5959
2844
1639
8947
7506
9
5951
1872
9155
8058
4439
4993
3228
3961
1923
5814
2065
8903
9027
3481
9669
5487
7403
1668
196
8961
8474
645
4225
1859
9595
2956
3814
4843
5627
5978
1200
2702
1644
2738
4474
9938
3244
4123
6481
5094
176
2266
9959
3652
6600
1144
3386
2831
1791
3620
6574
7217
4114
2222
1872
1882
5300
6885
2007
7986
5760
2903
5752
9464
7742
152
2013
5127
2679
8392
8904
1913
7295
8271
7065
5383
6072
2525
5589
1990
3748
2577
8483
2874
1517
2196
4882
9489
2248
3859
5591
7082
69
9915
967
349
5006
3834
4544
5203
2520
9529
623
4152
9044
736
6084
8323
4626
6152
8390
9984
7994
3873
6991
6940
5242
283
6642
1675
8473
2508
3567
9711
7063
3577
1762
6356
6565
2277
4215
2537
2476
2854
196
1309
8495
4773
2222
5085
2336
4985
6131
3583
3262
7684
1577
1582
7224
7093
2394
857
3586
6388
8968
4136
1835
2135
939
6255
3253
3662
4261
6210
1891
7016
1900
4742
7937
2366
1727
7273
816
6896
7255
3086
5568
5575
5089
1529
9255
1720
5476
4812
3260
5973
2922
7395
5122
3170
7098
5912
6790
3324
5013
3363
6493
9751
3134
8876
8350
8572
517
394
60
8189
2100
2904
3939
3395
3352
404
3617
4487
7420
6645
4033
5752
1245
3764
9150
1782
4224
374
3418
4924
332
8893
3996
596
486
5724
6595
1498
1985
7041
9950
5002
4304
7040
2611
3965
3550
9572
6798
8995
7598
9438
8973
8948
7163
9345
7672
1390
8322
8277
7643
5122
8745
8822
9819
6352
6682
9481
5657
588
6905
5418
5144
3767
686
4662
344
5044
1159
3898
7207
8584
7226
4066
9935
7720
7204
3665
6091
7319
7503
161
1090
2048
5598
5420
2544
1793
1384
6656
6686
6490
6679
3500
8347
3269
84
1030
6371
2928
1023
5560
1653
7231
412
8998
9222
2799
3968
3634
7533
5891
7114
9276
2961
2228
9389
9710
6893
2188
9186
7635
79
7743
2161
2960
110
2486
1299
8928
168
1576
2171
4815
1532
4001
9839
7121
9007
8745
6330
7816
2258
3671
3076
2333
42
9750
7315
229
4474
3219
9163
577
1951
1401
5097
1088
3983
8459
1829
1441
6718
3465
2485
92
2870
679
827
3860
5513
6892
1169
1571
641
446
7665
1248
6205
9637
9893
914
7528
4341
3857
7939
1200
7154
7822
9318
4543
8893
9830
6454
2496
7085
3673
7297
8353
3599
5336
1238
3586
2085
6505
5101
205
6292
759
3055
26
9947
1261
4407
5630
673
8603
3832
4239
5024
1621
2931
163
2062
8980
4393
7410
3361
4772
1169
3832
5509
7955
8942
3626
9865
9490
4287
5614
6009
395
6176
8742
1909
9698
6581
5698
3179
4275
7516
5145
8241
4358
7560
2775
3791
4196
7058
9974
7131
4021
4906
2400
5427
3785
7176
8203
3092
2344
3801
1469
2889
4969
6521
1209
1566
8261
5789
8491
4911
2983
4532
9432
7048
1730
7594
1963
7549
2275
4582
6842
965
3133
1254
9182
4873
3182
5106
1721
4747
525
137
6575
5590
4857
7091
7429
2914
4754
8268
9154
249
9108
7938
507
9933
3962
5532
5561
1941
5617
1396
121
3233
7626
3859
6482
4641
493
86
9931
6877
7941
9001
8091
7181
2834
8416
218
5899
1886
5503
622
702
3044
382
3428
8077
7080
5456
4097
2338
1458
8945
3697
3341
8739
1328
5321
4049
7989
4481
8904
4483
8251
2127
8837
3388
7508
5939
8266
982
3686
736
6225
4519
4283
2206
526
8249
4897
2335
9565
8655
127
502
5596
1302
8390
1367
3833
865
3809
8685
5736
3060
7795
4196
178
8225
2688
758
7318
8307
977
7537
1813
2507
3689
2289
1964
1554
9355
9477
4747
599
1356
6840
4309
9896
2643
8578
7563
2934
5529
6037
1994
9215
9598
4664
7626
5192
1129
8737
6737
5404
1191
5121
3288
8802
8339
9057
8728
9356
1199
953
1782
4612
3237
2326
2807
2828
9518
6517
2330
8758
8662
100
8518
1562
5868
7826
4312
8144
223
5194
1979
4390
3827
7301
3610
8744
8003
3438
7168
9931
7167
5261
1092
9532
573
9093
6448
1751
3727
9684
3534
3747
7526
3089
6077
1857
8093
7051
1271
9686
8989
854
9369
2085
5355
140
3367
1985
8965
8700
6601
7699
2116
9208
8550
2881
9045
5989
8764
9979
3282
6001
9773
8810
7351
8734
7184
1189
460
9236
7394
4318
6791
3601
9713
972
5022
7867
4698
4681
9330
8757
184
175
9384
3451
7902
2194
9930
2250
9328
9062
9730
2873
8021
5316
5154
901
7870
6110
5310
3636
5582
1662
5548
4350
2459
6240
529
6960
5672
2891
6311
8475
3526
1256
3431
569
7300
587
2490
9010
4457
6982
7157
7602
3982
9388
8217
4911
1874
9352
2414
1117
7278
7470
7246
4807
6386
4435
7323
2298
113
7430
2911
889
5923
2854
3710
3911
1947
3287
2789
3038
8087
3507
5134
8650
1995
2456
6543
6132
8470
9289
6635
7189
8193
590
571
4771
3423
1762
9176
5302
