3289
8072
1715
7126
1822
9301
373
8129
2704
9826
2519
5494
5912
1474
1954
7137
2502
7252
2416
466
37
5658
9756
4130
7693
534
619
1505
8813
7301
3816
3031
8436
8286
310
5132
3088
4764
2449
8272
1290
8689
4717
3971
7544
9894
7186
6650
6222
7727
6292
874
2183
3641
2780
2337
6946
2528
9057
9266
5995
5738
165
8582
7644
4333
1130
3851
7556
1959
8885
2591
7840
6476
1854
6100
2063
8434
9264
6401
8840
9355
7395
2272
39
789
4582
8258
9083
7285
3859
2050
4126
9441
9167
3350
2602
2522
9203
2028
8456
6798
5598
4144
9396
8575
970
2664
2996
241
6086
6927
7397
9623
3040
44
6717
1889
8889
6928
7219
641
7610
8579
670
4751
8398
4726
5915
8202
6781
746
5092
7618
8070
5823
1228
8923
8419
931
5774
1214
1095
5260
877
8674
6481
2318
1807
9923
2130
8147
4019
7102
1254
6473
9336
410
8745
9902
6623
2212
3128
2731
4467
6512
1890
1010
8708
6074
4206
8778
8998
8901
3886
4565
114
2449
6558
4514
5483
7823
5184
9563
9595
7689
8483
2424
2755
417
6895
6745
2217
3081
1230
423
8587
9049
1483
4328
7333
2700
4040
8756
4222
5376
629
4381
6191
9303
3977
7984
2114
9551
2567
8371
4651
1302
4911
5973
7470
2765
4230
963
5772
7476
8050
5771
9556
6547
2961
7276
4792
6544
2372
9645
7102
6913
1692
8720
6041
8261
3781
4585
3521
781
2437
1374
2792
414
8759
5909
938
1410
2675
178
6436
7888
9157
6836
8886
1037
5511
2107
3799
8792
1577
3740
7509
6885
218
2394
9534
2099
8296
8251
7935
9409
2932
2603
7324
5384
4529
7520
9831
6777
2836
3883
358
8616
9108
1610
4313
8281
8489
5655
2322
7137
7191
3561
6260
6601
6383
6530
8070
1058
5437
7661
127
9597
2950
5509
7777
9646
6739
7685
938
8970
6562
7895
3894
8956
2035
9705
3240
681
1098
493
3523
8385
463
841
4138
9741
1320
1442
7291
4145
3979
8693
9786
9142
2151
2110
254
6326
9143
729
7265
1101
9073
7291
6441
1853
7441
2601
9374
603
1838
9108
3860
5595
7891
3128
9537
8936
3558
3190
168
2881
8253
3049
3949
9999
1910
8074
1875
7221
7083
4488
7053
9984
1353
5335
9387
1495
4471
7405
8825
1386
3054
6988
8744
9408
3878
7281
3457
6906
7442
5050
8754
3675
3916
4886
9105
3135
8191
5148
3134
6326
4336
4431
7710
4898
7198
8869
9323
1382
7198
2920
1174
8034
2026
7587
1150
3135
9786
711
7307
369
287
7115
8380
125
4925
7815
3266
5389
5870
8513
6303
4551
1871
4660
5605
266
4497
974
3880
7375
5955
1739
936
9438
7926
4104
9727
9079
4872
139
4751
9777
8722
9634
5641
4170
2704
6409
5006
2462
9291
125
9001
959
67
2230
4078
4751
5059
706
4685
8055
8278
2757
391
9003
3061
1244
3692
1776
6111
4024
8902
3038
9047
2100
4118
2936
4990
4034
7145
3632
613
967
1755
3134
6178
1220
4086
7576
6222
5193
7970
6773
1587
6451
2538
7102
1145
1476
4536
8157
8238
4922
7283
8421
4725
9533
4841
1688
7843
1651
3579
4230
7234
5385
1527
1124
8847
346
8953
4934
1096
3953
4938
8069
4106
3517
5250
1275
7788
6891
8118
6256
1434
5151
8317
2572
7274
2394
1444
4171
9537
4682
9125
9066
8095
4613
7155
4089
1500
6560
8490
4063
1307
5519
6060
9675
7167
9599
9616
8509
744
9059
2644
5850
6465
7176
6536
2644
2462
6911
1193
2759
292
2052
1734
9813
7426
8925
1617
3183
2654
1285
4593
995
6387
4092
9739
4868
8629
2093
2830
8426
9963
1585
7454
865
4671
425
1186
1512
79
6209
1991
5815
1485
8879
2737
399
7675
1091
5844
3612
497
6541
8817
6513
3635
7138
7913
7604
416
9500
2965
1789
1256
8335
1591
7809
1253
5787
5781
4721
1202
8247
2283
8327
331
2069
3314
3690
1465
5519
4836
5287
7493
8168
4684
525
8571
6535
216
6374
2427
8864
3655
5276
2525
5351
7742
5591
7353
8606
1040
3313
4729
4581
644
9215
3364
1964
2463
2222
4858
3227
9628
5231
1395
318
2597
2783
2502
9968
8659
625
806
6544
4922
5179
7131
5374
9110
8522
4620
9466
9929
3923
5446
9845
6507
857
8482
4543
1405
2145
8206
6099
5668
8326
6175
9370
9662
4536
9635
953
1003
4813
5581
6185
3936
5690
7918
6239
9101
744
1005
7936
3645
9756
4759
3553
1614
2689
6414
3076
2596
4549
4864
8883
7973
3939
1737
6850
6110
1874
3285
4622
5908
9421
2509
8547
3693
2960
4208
1108
3487
8739
7050
3715
6449
206
7875
2739
8462
7200
1555
9795
8782
9850
3757
2263
8339
957
6636
404
8210
396
9306
7661
4273
8429
1532
1907
4827
7419
5931
560
2861
9386
4906
1343
8379
2374
6483
8672
8286
3747
173
7576
8666
4309
1351
3694
856
4494
8940
2265
278
7929
104
969
4697
8542
1543
798
3516
2798
9393
9496
1568
4232
1663
5402
7573
5509
8588
8498
2094
6446
2945
7921
2399
1433
9753
3594
1673
1490
642
7550
7893
7389
4097
6570
4916
834
942
8949
6433
5898
6841
7259
4951
2321
1812
3896
8667
3456
3554
6545
1331
3882
3663
5930
4091
3941
3907
1835
4642
7622
5005
3446
2015
236
6195
9194
3039
9868
5089
8718
9680
626
3696
8582
2012
9218
7092
2524
5631
1412
1816
7232
3479
9750
8092
9602
6984
1207
95
2255
2184
448
8442
6801
5943
9381
6416
9760
812
8285
4076
2574
8711
732
8119
1895
4896
8768
8868
509
1640
7995
351
8045
7976
9393
6903
1440
7436
4447
344
99
8483
2512
3086
2092
2274
4995
9280
5941
9693
9956
9011
540
6629
2694
3569
293
9959
8191
9310
9339
6204
590
1581
566
6581
9354
5878
884
5859
8128
3789
8487
9323
2582
9971
1786
1492
7359
1867
9756
3450
9388
3507
5023
7822
9302
7088
5257
