4172
4197
5898
2041
9080
4875
5955
760
6532
6560
4344
3235
6944
198
4507
4914
2284
4733
2937
1354
6270
39
583
6676
3806
8152
803
5613
104
3736
627
3663
2956
302
614
5785
5673
5546
4711
5496
3547
7039
239
5443
3900
5471
8669
9650
5840
8889
2567
4363
5318
7250
793
7516
7369
7113
4311
3201
1923
6144
9025
7582
4081
5020
6269
3149
4667
5503
5994
9462
7813
1487
1240
6008
7770
7308
1573
9290
3768
1454
5255
1760
3914
2575
7292
950
6982
3363
3914
8700
7672
531
956
4596
3708
7115
2714
1362
2721
2973
6634
5348
6781
3213
5052
7229
4432
2955
9987
5917
2634
6361
6347
7079
6229
5019
3392
1604
4855
2123
3386
6019
638
6589
8087
8198
354
619
2112
582
1562
2277
7845
2001
6439
7280
4709
8720
7856
1108
5629
3262
5384
8453
6098
7223
3501
9056
4887
6878
8452
1310
7366
2546
2899
9142
7612
4056
2209
4536
5105
8553
4702
4893
9037
8300
7610
1106
7376
5270
2390
8544
9732
3613
85
3485
897
8790
6777
6308
4601
6062
3792
8814
2837
7392
4343
6840
3123
6137
7764
410
8971
29
6061
1116
3857
2630
5688
3699
5802
9339
3256
784
1968
2180
5605
2786
6464
4079
1963
1062
7222
4045
61
2724
7143
9805
810
2382
6905
3310
9468
6623
950
3338
8624
5540
1307
7458
5773
2525
6057
8161
3890
4026
4041
8107
2446
203
2544
5487
6724
241
7970
4077
2650
7338
4841
3856
9138
7699
882
9946
2296
5240
2939
932
6333
2955
1900
133
5904
3087
3266
1759
2542
9499
1473
7454
7810
512
7480
6894
4061
996
3389
5467
9185
7215
8037
3272
4122
788
5521
5095
9911
4862
3221
2844
7394
4887
658
7761
4600
3842
3543
2188
202
4615
3622
4289
5369
318
3377
6007
7542
7945
366
3868
7247
5834
7868
2110
7013
4990
6401
6280
3345
8894
7814
6288
1609
1229
9239
4431
1638
5322
2940
5136
5066
7545
4432
4414
183
8068
7526
797
8024
6786
6096
2656
6756
6955
7384
9053
3556
5249
8509
2903
35
4977
4879
3528
9739
8893
2094
7591
5271
3170
3224
8173
9049
544
2802
9928
514
7493
2725
1024
3756
4842
6579
7471
962
8733
1296
9479
223
693
1744
245
8530
8714
7363
6783
3306
5698
5109
1192
9751
542
3338
1456
9534
5881
2616
6967
6443
6980
519
6379
8073
3403
2968
5158
111
430
395
9951
7532
358
5354
2621
7344
5384
4832
7306
534
6999
840
4386
3134
8246
81
3889
4010
4863
835
8554
2380
7758
6811
2752
2554
4988
3692
2544
9120
5293
475
7852
3343
4521
8587
3077
9513
1271
9392
8248
7100
838
6653
9844
8461
9123
2901
2499
2867
9306
8616
7436
3078
8600
6988
6626
2710
1701
6230
3873
7272
1442
7733
5079
9538
908
637
8961
6046
253
566
9243
1785
5098
7296
2698
2050
3248
8794
6939
1314
1163
2826
9683
1539
1801
9796
6861
3678
8721
9452
1555
9769
9311
6309
2704
9211
5534
9168
5112
5700
7790
5896
9348
3869
62
6553
6883
4664
2686
1916
9022
3605
4433
5230
3854
5419
5249
1007
9629
9603
8842
4667
6688
3104
274
9165
5117
6879
7262
1333
8993
9281
9634
8208
7028
99
15
9607
8846
3621
1178
5039
6967
3254
3361
5536
3996
330
9739
5155
8354
2621
6615
2721
5207
5110
407
5322
1645
327
7722
9304
9548
3951
9595
4154
7446
6108
7574
1306
5620
5121
7893
5637
6510
8795
5058
5818
9780
3355
9204
6842
63
7920
7105
2441
5132
5383
8265
3581
6187
7592
3261
4993
4435
4893
1162
4756
7124
6415
681
9085
6155
3215
3531
6275
3996
890
1453
75
5706
9782
7190
2289
4625
2488
2129
7845
4956
4849
2580
5574
9482
3844
937
6586
4542
691
9783
2581
100
9972
4691
6250
6505
2019
6678
6248
577
3333
7330
2366
3970
7103
6548
5372
1216
1268
9472
6194
101
2135
7568
905
6491
8716
9904
5122
9563
7908
7214
5620
8571
6278
737
6221
2944
2456
5568
4159
114
4772
3027
5506
4723
4505
9978
8374
1703
7678
8883
602
6652
1868
6293
1016
2534
9210
3563
6336
6099
7405
847
3980
8921
7614
9303
4040
5548
7180
2563
9979
7790
6331
4483
92
952
7867
191
8337
4057
7082
2372
9679
274
8865
8535
4751
5549
8173
7654
6249
9501
440
1338
7004
1423
1953
2026
6979
5381
1742
3554
7718
5848
3779
4533
2884
9460
6382
3787
3357
4444
5657
9111
463
1602
2487
6217
6218
3636
3044
1105
7219
5972
8627
337
4041
3562
7707
9333
3233
9109
2737
1887
2404
4549
7124
7218
11
1254
5950
5863
4141
4255
5142
1004
9400
5441
6725
5224
6093
3008
2748
8555
4070
4437
6924
8916
5419
6970
9471
8034
6627
7367
5004
8802
9029
2005
6761
3745
1004
3609
2518
2690
1932
8658
7682
5450
4467
612
2671
8768
8979
2292
3903
6824
8905
3785
8059
3129
9069
8016
8172
5291
4988
6
8735
7027
7359
985
8601
5273
3119
7548
7198
2865
8760
3750
534
6635
7756
958
2971
7932
7531
2865
4720
8717
1742
4711
5057
1646
2469
794
132
4667
5299
6012
3356
3704
7514
6193
3132
2300
7589
5565
7424
6039
9948
8380
1741
5776
9822
7359
885
4036
1741
5378
3043
492
4086
9819
1529
4542
5580
2214
3796
8840
7476
6546
7316
4030
6861
6891
1555
9623
5170
8275
5118
2489
8810
5949
94
7859
7984
3097
5591
3863
8537
9728
8447
8806
1518
7060
1671
9545
2714
2156
3900
9569
9635
9161
8108
5598
4718
3747
9198
5158
7083
9553
3840
3834
7898
7960
4580
2465
1754
4475
5820
5997
9087
8150
8862
962
2797
5669
3515
675
7477
9396
6979
2523
9403
2602
4967
293
1008
7002
6763
3705
8296
9005
2393
9089
1767
6780
6479
7187
9752
1439
1169
3831
6509
5979
6890
6494
461
1499
2638
4741
1096
68
7340
6049
3255
5376
