1108
9096
7991
6663
2067
9906
6368
7605
4377
1849
9717
9289
4952
4504
4632
3817
367
5361
7105
4517
4738
2587
7318
7384
438
9469
9647
7135
8139
3275
8814
6012
9003
9339
4502
2913
6947
2669
1415
5424
9210
8554
7243
6815
9300
7712
5652
5398
246
8065
7375
8952
5310
4340
6313
1216
5508
8753
5483
3334
7518
5739
2940
4950
7428
9346
6376
7765
8528
4560
4966
4086
9133
7281
7003
5948
2333
5289
6281
1507
3077
5552
7876
2087
5299
2117
7533
8275
9620
9005
1983
2782
3176
7131
4656
2921
9678
5299
590
3184
3229
3535
9485
2345
8589
2642
9594
1085
7741
6867
1087
8209
9618
210
7978
3538
4704
6115
4796
3028
827
4713
243
4274
2689
9436
9071
856
684
2976
9726
3487
703
6052
8975
2172
7446
8308
7014
4898
9560
396
6887
5462
1920
2760
1868
5209
8163
6055
8427
7931
1301
6377
8098
6284
5940
1547
1401
913
2098
7291
7928
1479
2079
4612
760
2676
2139
307
7799
3813
3813
1117
8758
7425
2661
7685
1346
5734
6231
9601
1747
3221
6292
8997
9160
3492
6148
6666
5452
6035
7435
3557
472
1792
6049
2306
725
5316
5260
5346
986
3300
2340
7395
214
9547
9257
3357
5962
6906
8158
1328
8013
361
1175
8667
9306
4202
1943
2821
6006
9399
6573
5083
9932
820
1165
8190
5453
2305
7450
4866
1297
6674
7428
7967
5329
7983
4742
7620
3974
5546
217
3535
8711
4111
2971
8258
8388
82
7051
3254
9745
1785
35
3441
3199
8639
2762
5316
5271
3144
1465
1445
39
2076
6717
8414
9756
2667
5316
1100
1918
9613
5136
8544
7677
5213
347
219
7661
3229
6550
4006
3260
4236
4363
8037
1428
6450
5286
4616
4609
5413
9309
3541
9902
7888
6428
9048
429
6632
8512
8445
8203
1935
8680
1233
7818
5092
1031
2462
7333
8102
3482
5966
9487
4937
2481
5032
5021
4308
7319
3747
4606
9264
5964
1662
1691
6496
6640
1487
9086
1769
4890
1337
4420
9405
5804
7445
7584
6044
9382
9873
1141
6009
2999
8053
7773
624
244
8946
3949
7621
1300
8941
2576
8436
2192
8760
8501
4369
4386
6246
3982
4998
5296
2319
4938
1171
1216
3199
4583
1464
4853
8561
6160
6339
6157
5770
4691
5733
4628
7461
1968
5662
5636
9332
8595
2858
1240
3895
3883
1427
7463
6977
6301
4675
6195
8942
4227
2921
7636
1986
7148
723
5523
5840
254
9185
9179
4814
3200
8071
4912
8764
2367
4927
3333
117
1879
7880
7663
2954
1172
3813
9940
8295
9288
4283
2413
3869
9386
5105
9127
6945
1212
3240
2469
2040
155
9926
4506
9850
6986
6500
5439
8752
7822
1738
6328
3387
4411
2576
5650
7523
2794
6666
5392
836
5677
2574
7726
6284
9712
9338
946
9955
6246
231
7544
3616
7866
4564
4306
2582
4451
6984
3577
8176
7274
5675
9280
2390
5214
1148
112
964
559
8755
9376
87
4818
1418
7648
4013
7050
9748
1075
4501
5312
5038
4079
8545
948
7564
2548
6849
1652
5793
7300
8352
5168
4637
3024
397
8924
5805
4405
2057
7598
2947
1832
6950
7105
651
840
843
3870
1053
6685
1030
5689
371
7
4497
4703
3174
8956
7796
2204
4151
3383
8060
9573
3338
6932
9851
9414
5131
5577
9309
5091
2209
1320
3053
9391
318
9064
4787
4256
2742
632
5913
9388
683
6411
5119
4201
419
5786
598
508
7780
3608
8794
511
8701
6051
3571
92
9486
5055
5270
6854
9030
4972
9138
1355
4592
4154
3875
6731
2421
9134
8712
9480
5489
632
4872
9346
2303
5500
2167
2542
3767
1582
7234
9931
7300
9917
316
1001
7632
5588
9761
8062
3925
5574
7023
8448
6022
1584
520
584
198
1944
7415
487
2435
9530
6800
5963
6961
5848
4629
7020
466
4373
1016
9273
8997
541
134
2066
48
6212
4833
1908
6639
7180
2238
8719
1239
3850
4038
4852
7560
2704
9951
3748
9207
5068
164
8477
9444
8642
3646
829
5547
1097
1
5186
9348
8787
1784
4910
7458
3022
5154
2782
1361
8257
9558
1995
4284
3771
4708
7176
558
8911
9433
829
2453
1659
4353
5170
1024
967
667
6485
9281
1448
4109
3995
4067
6053
2426
1477
2785
871
8143
6831
2247
4005
7376
1941
5993
7112
5568
1023
7661
3495
3573
9019
7012
217
5672
454
458
4199
6393
5299
2707
4244
9683
5170
9770
943
7769
3466
558
413
7953
5853
9750
9646
6770
2472
7486
4538
8448
9025
931
1377
7840
2332
2633
2731
7242
7517
8161
5884
6046
9994
1156
3473
9206
1637
8882
6105
2408
5938
198
7583
9756
4450
5750
6787
7784
2174
4256
510
5974
899
1668
8189
634
5630
4423
1424
1197
9383
3860
1483
3991
5424
998
7046
5833
4537
4588
1575
4115
6671
7771
8957
1102
4695
4038
3305
168
2133
4293
9013
7687
6108
8932
9000
860
1075
4010
6054
5437
1556
1387
9479
4443
809
6000
6452
7915
5568
3585
4448
9890
7314
4108
9713
8073
5533
6319
3170
3013
2405
825
79
7384
1598
1173
4786
7441
5383
1581
658
5526
340
8111
9963
9824
7202
4195
2087
3446
3984
7774
1607
4741
7931
4378
5720
661
3757
8758
4101
3300
1880
8177
5506
7871
747
705
8929
6311
2071
4839
1865
3489
5514
5545
8555
1708
6332
5238
8306
6440
5239
3448
2918
1139
6478
3000
458
6784
5432
6401
7327
4082
6154
8820
1416
814
679
1120
1044
611
7580
7035
4101
4180
6728
8884
8562
5344
7770
8613
4870
9396
6427
6852
6745
7608
4086
9660
6050
6984
8309
5131
29
7654
8408
2547
5968
7206
8567
943
1325
8453
9381
7891
2875
3766
4655
9534
5548
9630
8629
4221
3237
1565
4703
2879
3397
2839
3103
7562
7819
6028
8783
461
157
2180
4884
4943
45
3562
3000
3299
1055
7496
2639
5851
5563
9110
6863
7072
9562
3629
2887
5912
1824
948
1835
8229
1615
1951
4011
18
