1614
812
6229
3410
6868
4050
1047
1945
2242
9737
8743
8128
7672
3128
6879
9396
6568
7312
572
4275
9377
2723
6523
8878
1575
4407
3823
8957
4501
6026
6546
5509
7438
8228
8784
9915
2165
5853
3032
6271
7343
4579
2711
3007
4483
3482
1794
8418
4928
9413
3710
4379
1223
4121
5977
9687
616
2719
7709
1038
3775
1843
9939
6905
1761
4099
907
3029
1192
5927
9230
2124
4343
6862
9321
6633
2249
2575
8702
4425
5200
9780
1367
9921
1353
7980
8494
7295
4860
7635
2360
7998
1252
1324
7173
2182
2236
9037
6445
4641
6016
1486
9357
4736
3746
7511
8207
4700
1625
670
9863
8881
922
289
9525
8774
2711
2577
761
8355
475
2562
5126
1657
5122
3592
3562
2970
302
4194
8760
4847
7607
7798
5404
5890
6503
264
3640
5621
1220
2913
1254
8479
3614
2339
7363
8152
581
7903
9116
3566
7190
1816
9038
7662
3683
2889
3591
6828
6763
338
6001
7819
9452
3934
4283
721
8982
9934
7605
5358
4646
6454
5604
9550
8441
6802
7433
1102
7734
4403
5177
1065
6468
7954
7874
2370
9781
5511
3475
2926
6858
110
9490
9727
355
4280
8005
1058
8061
1188
3609
4441
8971
3701
6221
6246
1672
7974
2710
7236
2341
9101
4642
1682
6730
1862
1543
2115
9706
1945
4679
8988
9467
776
3006
891
3722
1800
4009
7921
6745
1259
6464
9543
6337
2770
1444
3742
437
5821
8490
1094
9110
5774
1703
2830
1223
3105
2895
2565
1577
2716
1787
4080
7067
9056
8198
1531
2583
4843
4504
3420
350
7174
5063
9536
8977
2770
3304
6429
6364
6152
5195
8962
2484
2271
233
216
4134
9328
9063
5582
5453
4783
4643
4587
5801
2483
8697
4516
9308
7600
2420
8103
1985
8920
1692
7252
9552
8158
8938
6401
1518
8211
9564
3780
878
6131
8956
8390
7348
8920
1238
6549
5366
804
6185
2964
4317
1075
7861
7155
4988
453
6119
9871
8633
3868
7201
2391
4909
5247
7510
9778
4556
3162
3004
7255
5721
3855
7896
3092
1942
2237
289
7018
940
8336
6597
4167
7262
1925
791
3593
6034
8736
7419
904
8657
4548
1587
9287
4864
8746
1288
1917
997
145
2832
8699
5410
889
908
5803
5615
6670
1471
1782
9677
7956
553
2565
5473
5916
4999
5813
6000
9178
3319
9874
327
1103
1742
5374
6253
4377
3154
420
5269
7557
6545
4545
6674
1181
2507
8913
9757
131
5179
3354
3236
6388
5309
4475
4965
1798
5550
4775
7181
5668
4749
8007
3790
4093
5451
9512
8774
246
7757
9473
1124
5458
9523
3769
3469
9356
2139
9794
2599
4126
1090
5494
6948
1987
9412
1974
1046
3833
8252
1164
1678
5276
2681
6310
9926
2614
9274
1843
3244
8490
2158
8164
6744
7556
8174
2400
9362
5218
3387
998
6513
7586
3822
7505
5478
7524
229
8088
896
5154
7173
4151
4633
8591
4288
4475
4412
9965
9923
4517
6428
4448
8088
2858
6416
7203
570
794
6641
5961
9802
9913
1195
4248
4992
6958
965
9313
7660
8224
8055
7743
1602
1005
8606
1503
7261
4096
2246
4993
7097
6801
4186
986
1025
6793
7700
9053
840
6930
8266
3154
5840
9134
3840
351
6482
5363
5646
1785
6234
4190
6503
4627
473
4952
1356
2020
3609
4798
7095
9304
668
432
6211
2908
7932
6358
3539
6614
2730
9675
3998
9992
6942
8933
2312
5327
7227
743
9862
4433
1011
1388
9652
3281
9962
2494
6
4162
813
4725
6300
9782
2938
7574
9254
5486
6436
317
4017
3611
3435
8109
1883
2985
3977
8774
9974
6640
2971
3110
9898
4970
9950
3282
9206
4707
600
2731
8156
37
5718
1977
4017
9951
1104
6836
2966
2736
2861
3589
2537
9206
5843
8794
9479
8536
9830
5681
8508
1286
5343
4437
2274
6309
9213
1851
8705
264
3500
7449
3254
7041
4687
1288
1926
9412
3568
2140
5913
2177
8342
9448
8534
25
5862
3779
854
8808
7403
6233
594
1916
1238
8308
3668
2869
6419
1608
6075
4680
6819
1554
175
6479
2456
6432
8195
193
1254
8840
7506
5403
4773
3873
8071
6702
4500
9089
9786
3111
5057
1755
5582
3483
7023
8050
2421
8752
2357
1532
2243
5881
1469
8567
4097
5118
3085
1921
6094
4636
6333
3743
6474
9356
1079
4478
8352
2043
5330
9193
3986
4276
6527
2764
8454
9942
2087
8680
3826
1502
3566
2953
5942
6761
3165
6248
6524
8537
1221
9502
933
8972
7176
1107
2960
7907
5645
653
995
9327
1222
3066
2798
9838
1064
4979
4427
1929
7729
6049
5426
7735
8417
3272
2816
5816
7437
2841
8617
4475
3426
251
7639
3485
97
8249
7234
9772
2566
4455
4173
2313
4194
6562
1029
7900
5616
1076
9924
8939
1110
8276
9343
6484
5011
4957
2151
8207
2073
6708
8616
4669
5785
9675
2132
6250
7105
9874
4462
9093
1814
3547
2509
9368
6477
96
4012
3642
6323
7628
6120
623
1881
1953
3391
9229
1365
570
3427
4346
7028
2452
2587
6915
4618
7267
6208
4706
3865
6271
4403
6355
2240
4845
6453
2448
7368
1750
7247
9630
5534
8696
7153
2195
4933
3020
5767
3157
6530
5188
2490
4189
8717
2071
1027
5501
6902
7734
1672
7122
3246
5471
3200
6876
5761
9469
7842
8040
8492
5456
3089
2521
6894
8095
8928
1620
1288
2823
825
3960
3027
3609
3687
2800
1383
9984
2259
921
995
7878
2965
6727
5979
4681
264
587
4568
2716
3484
7305
762
8163
3631
1482
7367
4994
1439
4920
9963
6881
5129
6318
9456
8031
4299
5193
7467
5708
633
6648
6284
8556
4328
223
1713
3749
731
5032
1642
4976
9384
498
1628
7494
8925
1836
2073
5940
7150
48
1409
8254
8917
9978
5673
6723
8345
2635
2465
5977
1793
65
6012
2854
5031
4984
7095
624
4108
1244
4999
3583
8777
2558
915
3916
6007
9370
8733
6365
3351
230
2518
9840
4206
2567
5649
2536
2502
9615
9117
2466
2601
1873
7573
2653
