9217
3508
6331
4141
9550
1443
1555
7098
8007
2732
7052
6764
65
8711
1556
1020
2596
1589
1519
194
7315
6883
6553
5007
7941
411
3918
7110
2901
9667
9651
8193
2737
8661
8360
5513
7830
4239
6417
6188
204
4791
2033
8365
9898
2509
932
1880
7384
1594
7822
2965
7507
8342
4757
6075
1481
7681
3748
5442
7278
4201
3914
9453
9198
9463
1990
1040
724
4895
8226
3743
7884
5119
4098
2314
7168
1660
8156
3336
3917
2079
332
6146
9764
11
3838
4989
6964
8760
5307
4224
7018
6287
9707
2950
8156
646
6024
9066
6282
1533
322
1125
3932
447
5731
9924
1737
9825
6476
2981
4340
7422
5953
1703
6750
5300
4003
2646
9630
8836
5789
4548
696
6770
9327
5454
6863
88
3845
7673
9052
1709
6768
5335
2458
1376
3754
7990
8501
1017
4585
4564
1044
2370
4645
9600
4374
9016
5663
9511
6235
1890
5259
6627
1535
8011
9175
4204
5800
6683
611
9275
2858
7989
9453
8434
3486
7313
5655
8881
2123
7218
1881
4839
2954
9527
8932
7394
155
1882
4706
8475
8034
7022
5287
3393
7359
1060
4999
6664
1828
8401
7140
6321
5049
7993
884
3396
1397
517
8728
5887
3651
6674
8043
4439
394
8159
6916
4707
8027
7158
2320
9205
8734
3895
7428
7229
2551
1002
2335
3892
7323
8381
9633
9445
9270
6588
8266
9542
6983
1152
8328
8166
5864
7089
1988
4094
149
1947
1890
5924
2601
8212
5210
8654
5661
8686
9830
1571
2084
9700
7955
4106
8468
6392
1441
4341
6678
4158
8149
2160
1957
5867
5931
8682
9242
7002
9906
1274
6168
4274
8864
1958
4562
1328
3100
202
9079
6618
2291
9099
5863
4182
6144
4180
6053
9192
7501
9763
293
4682
7417
5682
7009
5875
9395
7488
2130
7465
9013
6795
3160
7065
7317
5917
257
8683
2328
545
3884
4583
5646
5067
8195
531
4733
2866
987
3102
9743
8271
2320
5861
570
4228
3669
9663
4245
4911
8929
5406
388
5865
5632
1316
6310
7987
2288
51
1645
2621
7269
9204
8243
6315
4194
8394
7563
2025
2676
2703
8127
4643
2086
3937
3761
3288
7934
2335
395
4069
7622
2261
9514
5713
4430
525
1370
1050
7143
6007
4012
5937
5833
2603
4231
6612
841
4139
117
689
8322
3826
2266
1597
8230
8397
4705
6247
8703
903
1939
2162
3694
7905
6633
9985
4679
7358
4287
6065
8861
1005
9631
7470
923
3318
3075
3450
3942
6012
586
8534
6122
6152
824
2477
1799
6999
9075
2441
9458
5748
4631
7796
976
8410
7745
6918
4751
7174
3532
7313
7719
7784
9965
684
8854
5465
7788
6547
5717
9846
4703
1458
2532
318
2784
6235
1433
3981
6492
5748
1906
2848
6655
4960
8684
3449
8202
4233
8397
7367
5101
5597
3013
3616
4695
6328
8853
3440
3010
2336
7040
3898
7232
2749
5167
4767
9872
8751
9882
1613
4916
2158
5821
5449
7038
9021
6932
1067
6010
9516
8907
5171
3481
1291
7868
2536
3483
3
5209
2772
8982
8084
4414
8997
1979
7572
8265
1512
1033
5103
19
1513
6729
3645
6865
7564
1878
1382
4916
7817
4218
242
2427
8899
5340
8215
3029
6425
8432
4506
9783
2183
8203
5634
4231
7416
6321
9877
1024
8695
2280
8584
2730
3065
8129
6675
5757
3523
8078
9142
4510
4827
2372
1850
888
5805
5540
5011
3965
8643
8088
2549
451
382
4923
5963
2849
7299
1149
3216
2567
1417
616
3541
7862
2041
7453
9819
918
4459
42
4456
6237
1910
9038
5247
8812
9486
6838
3448
5842
2241
3836
914
490
9930
8619
6494
9509
5189
3475
8298
1272
1948
8972
602
6813
5715
9322
8940
3906
2215
6508
3308
5242
9800
5499
603
9033
6603
7303
5638
4344
3953
1874
6484
5653
9771
3283
981
929
797
7240
7509
6988
1477
6571
9077
3476
6530
8550
4546
4455
1881
2238
6148
3644
8189
6423
7030
4345
2239
2187
5349
7732
2724
2257
4991
6492
8567
6033
8754
178
9208
2519
1024
7675
4439
4706
219
5224
6860
9625
4352
3749
1131
6584
5501
1522
5527
2897
7069
6483
8999
9583
9243
3573
1705
4287
1554
1816
6229
635
1185
6871
4146
9959
9945
874
3160
314
4539
2285
8001
8235
2015
5439
7907
9633
5392
7754
9519
1428
8647
8466
862
2240
6338
3863
7528
7407
2692
8561
3606
110
2331
3998
2419
3477
64
5531
5274
3541
937
6169
9933
7444
2858
596
9650
5121
9108
9208
9312
5676
2523
5373
316
556
4089
7982
8278
2957
8265
7239
5075
919
5727
2297
3559
3740
5409
7079
6363
4316
4243
9057
6586
1973
1988
3534
6097
9270
2392
5114
9593
5376
3777
8309
3956
9039
9294
8298
9079
2751
2630
6067
3503
3072
2837
4515
7866
666
2380
9263
9420
6040
2264
5858
5886
5534
6203
4652
7487
9482
3984
5027
6011
6379
5313
842
5704
8915
1584
7175
7470
8801
5939
8648
8354
3101
5142
1248
924
6672
8448
9384
8375
8640
1358
2254
9077
368
1607
2723
9597
8835
3508
9156
9524
2560
7014
5291
5692
2990
7193
8092
7133
9163
4932
5894
4930
8129
403
4574
3226
391
1237
3063
1810
8248
619
8994
8170
671
6489
2719
8337
9672
6760
8965
2497
829
35
1327
1990
3221
6912
2797
2537
9192
4115
5183
3200
8139
8318
9879
7394
9843
4878
3976
2308
609
5730
2904
2112
5472
6745
7986
5543
1800
1671
974
7755
9800
7660
9712
9232
5186
4323
3635
7831
4006
8925
8086
7134
2385
6915
8193
1483
2184
8388
1542
4110
3871
4185
4681
9144
8623
7201
1420
546
4178
9168
2555
7661
7872
2658
4420
2037
3728
4090
3117
2574
6392
4025
2745
9840
7696
9435
3142
5150
2732
4227
8400
7504
5681
6220
3364
2533
9729
7845
8368
4869
7277
8546
7768
6802
6228
3712
7818
8590
2860
68
9169
3
4590
9449
3095
9503
586
3472
2964
1265
3232
106
716
7991
6367
9416
827
2067
8249
7856
