6617
5507
6458
6513
3480
3247
6900
9492
7607
3250
4277
3947
6287
2665
2716
535
5181
4691
4821
8726
1538
8546
7620
5014
1110
3642
8353
7766
5423
7791
4620
7151
2233
5067
3070
4104
847
1566
8354
909
6670
5609
3819
4697
9292
2070
389
6110
6175
3522
158
3123
2335
9246
4041
2291
2064
4247
5803
6693
5361
8944
9956
8921
264
4262
6076
3652
3699
2939
6017
9367
5126
5105
2209
2205
7528
2240
1793
4830
7704
9896
764
100
7553
5045
9513
2908
2824
9545
4717
2375
3265
4271
518
8318
3581
110
9612
2179
1159
5286
6987
7547
4868
4677
8149
4850
9081
6381
159
1124
5079
6438
2958
8449
6317
6574
3108
5682
5302
498
8613
7472
5315
3775
1233
5475
4026
3082
9689
981
7685
7380
1590
8346
7820
2604
1872
1471
7681
3353
7423
6052
473
4559
7636
184
2680
7261
7827
3901
7350
5408
5693
8527
6211
454
4329
1173
8751
5681
7960
2899
6040
3067
805
2417
2114
9344
652
3008
7867
1515
8746
1805
5646
2657
1298
8634
1368
9419
8148
1396
1456
7466
9095
5592
7160
7293
502
1262
4359
6606
4451
2459
9743
4990
9094
6547
2884
9796
3268
5143
2540
4262
9682
5741
6183
2228
2539
8243
7345
5660
2203
616
4563
8913
4787
7795
6774
9426
5016
9350
4073
4149
4210
3062
5398
7452
8926
2305
1346
6623
2869
9034
8161
3402
4479
2619
4742
8151
5095
298
5919
1242
3142
5094
4018
2850
7118
732
1604
5016
3325
6575
1863
730
3202
7441
7163
2751
4860
5874
8988
1913
4145
9351
5735
8084
1252
9237
1019
6345
5432
3452
2508
7290
2893
811
6475
5091
9216
7616
9075
7946
6012
7147
8992
5139
4005
4951
2104
6161
8950
8170
7027
1481
5361
7138
7975
3596
1301
4317
4382
8434
4037
3383
5329
3709
7566
6291
9091
8687
5778
7215
4226
890
5038
748
3199
7849
2429
3187
1936
5015
2878
2323
8548
551
4557
6151
1554
7805
1169
6984
9845
2052
2686
6916
3697
445
5590
9186
8053
8143
3302
3497
1151
121
2824
8722
6149
5377
593
6008
3867
5975
8499
422
846
4453
5563
4555
1870
4774
5186
3121
1621
7703
1495
2717
2674
1606
1491
4691
7056
6575
3177
4086
8343
6703
641
3939
7759
7729
9892
344
9136
3283
3459
5542
9917
2232
8718
5477
5415
6649
6142
9686
928
7328
7130
1117
8602
2153
1995
4629
4587
6903
3647
5594
3579
7367
6289
2011
4949
8712
457
7617
5958
4116
3336
9275
9681
6500
9216
3996
6001
7504
2714
3328
368
3622
1311
3442
5632
1986
2428
6860
1749
6561
8930
6578
4505
5240
2544
6899
269
5216
6649
3983
6049
9468
4452
9205
7725
1223
7859
265
3662
1375
1428
6719
6537
4515
9193
4784
9514
6907
821
8153
1343
1969
5775
8513
7583
5670
9770
8524
7902
7894
216
7162
8805
8769
9895
5937
1983
3682
1337
9299
4008
9803
4885
8011
3761
9797
9228
5100
834
3689
9806
1046
4475
3484
289
1378
8310
2876
3770
7349
1402
7766
723
5171
7437
8070
3480
5067
9953
803
5805
9435
4791
954
7588
2204
7408
6780
5883
7204
5960
9769
8992
5621
6606
3312
1872
1164
9868
633
4121
4952
8237
5201
7384
931
565
3360
5300
5152
7433
8477
4454
5291
5667
4855
2883
481
4615
5769
7859
276
8160
1132
2878
4683
566
2403
1798
5481
2485
178
3731
5006
9738
283
4416
4770
3808
1234
669
9649
7250
1776
7347
3841
4764
6017
3940
7056
7078
3927
5627
6805
9741
2546
26
8029
3187
3547
78
530
3655
9229
2262
1599
3989
6390
160
9967
1988
5928
6785
5439
7764
8768
1866
1543
3478
2746
8349
619
4639
4335
5368
7163
351
4629
2026
7318
8859
4788
624
7593
9353
8825
1168
8110
2648
1453
2244
5449
2469
3405
123
7083
4122
7138
4189
1398
119
4421
7265
3949
9842
5147
1951
1066
5280
2483
863
1545
7006
8319
6031
2832
8609
8596
9071
7553
993
2669
2692
853
6031
6702
321
3172
6769
2286
9020
4503
5114
5151
8473
4865
1255
7817
3622
4800
7616
6866
5352
9077
7073
1229
9085
9492
3582
7312
9128
5083
2601
313
9424
698
3317
6820
6263
2697
8300
9446
4309
2123
8520
2970
437
7997
6683
1011
592
6776
7584
7931
1437
3819
8160
8931
505
4511
5710
1800
7616
1400
3307
6989
9414
2766
5951
4443
597
2641
7104
3083
2768
2987
1129
3140
2309
5403
1141
6695
3331
9039
4530
18
3400
156
794
7741
715
3052
1241
1553
185
9015
2710
9489
1810
4061
8175
6869
5272
3953
4311
1154
623
315
1351
1460
5164
3235
4699
1214
4233
1056
8008
9014
4320
9917
9434
8800
5576
8199
4928
8224
9174
6789
3967
4184
2724
7248
2589
2879
894
4565
6420
5455
9529
9808
9975
3386
9638
7004
1761
6494
8839
3146
8959
7641
3059
3942
695
390
8059
2155
729
6986
5456
4995
3921
9297
818
7828
4579
7521
1979
1047
6305
4158
516
997
1740
5498
2506
1854
9471
7005
5240
2188
9881
4989
6023
1341
3767
1546
1758
7842
9171
6225
7558
1335
3350
7263
4356
7541
2710
1761
6377
2829
683
7442
2527
7610
5115
6475
959
9144
2086
65
9912
5437
7872
3863
3347
9921
8329
8279
4303
6758
270
6345
2755
2440
1762
3816
4580
9966
2495
9859
5055
7314
4626
7037
5394
7503
4160
187
9333
3018
4823
7434
6614
1985
6755
2930
4772
2883
7320
7528
9545
924
5217
4258
4799
8016
2205
7025
4930
3067
2554
6160
6215
2820
7393
8640
4018
5594
1957
7961
2926
9402
5053
8724
9158
7183
958
9677
7623
5364
2074
917
9579
1746
4303
4901
4300
5810
6670
1125
7492
4356
5480
9480
8458
1330
7445
2912
3928
4027
1809
3719
4392
3722
809
6338
1215
5140
566
5488
746
2772
4858
3684
7710
9854
2187
4932
4064
2810
1645
5578
3832
9013
1434
4488
5453
2748
