394
9512
8369
3043
2268
6809
4859
9319
8074
7074
9794
1386
8177
6966
4930
1363
7301
1329
4773
2014
7110
4089
5215
2570
8247
5819
7728
2071
9673
4503
3492
3152
1114
734
9417
2150
4477
6123
5399
4337
2122
6820
7640
5925
3524
4187
6002
2056
3567
7832
9531
647
7602
4432
9796
590
2749
5782
2484
7638
5694
8785
5253
3345
2628
6864
2608
1678
4096
205
5933
2532
1541
8359
8811
405
9451
6423
5489
5648
5435
6865
2985
3065
9377
2483
7767
5848
9047
9789
8236
979
6504
4875
2852
8585
6658
8670
5693
1205
9589
2035
6144
2231
2703
9427
2478
4722
3289
3299
3482
4163
7433
1149
5946
5750
9443
2346
4478
8599
7150
4074
9930
2267
6988
6073
8191
894
1519
9984
8288
5002
4223
2767
5487
4743
4303
3095
5894
5263
2110
5356
5810
9642
874
5865
3109
6550
394
7256
9574
4889
2431
4639
960
925
2009
2497
997
5245
1318
4828
7185
7748
8565
4453
1284
7286
5153
3679
9982
4118
9844
6373
404
7662
715
7183
3765
1120
2062
9731
9165
3657
1135
5821
4260
6536
4048
999
8639
3363
2861
2656
6957
3308
2546
5336
1325
8492
2373
9798
4799
1267
4401
6098
5044
9040
1503
941
1222
8081
6380
4808
6795
5526
9322
9213
8790
2168
8359
1454
715
1428
9222
1451
5999
2036
2439
4283
9387
8168
3495
157
2176
8329
4919
7238
57
4250
3141
7474
7269
4719
8675
8873
9984
1085
1568
7752
4945
2504
5850
6375
508
1542
1548
3961
2179
1561
7643
3241
1779
2024
3359
9296
5067
8077
2202
3113
3052
2965
1167
8042
918
9282
7652
6805
3408
585
7495
9885
4045
8992
5185
7515
3449
251
4837
2632
7492
3606
8718
6798
1624
7940
5457
6439
4760
8459
22
8574
342
3255
7743
3561
8336
8838
5161
888
8472
2960
8460
6159
555
2283
8924
2659
3414
9210
8032
8581
920
2892
974
7152
5210
1451
5332
2460
7193
2703
6421
139
4031
452
9509
2305
1800
7737
8698
7221
2512
4661
5165
4083
1602
1986
4760
1967
6574
1917
4858
3521
3610
7516
5778
7541
8165
9875
5610
727
2928
7946
9478
5459
5971
1017
7030
3365
3874
3246
181
755
8076
9897
4961
908
6836
1473
7987
1076
1655
5858
648
9701
4261
4236
1784
4719
1882
8920
7850
5326
1779
5625
9156
3529
8338
4082
4654
7698
8542
3001
1828
6990
3508
5793
9603
715
6922
3265
3916
9840
4962
2762
9755
1967
4377
1076
5822
4500
7725
3729
1303
1192
2196
5277
9516
6518
9681
142
325
9924
9442
6653
8213
7200
5116
9711
2438
1460
8740
9895
807
1070
9057
8657
8409
3124
5913
7970
727
7848
3618
2160
792
4359
6541
5516
8913
6124
4281
5361
5852
9264
4994
6460
7
3594
4181
5671
9705
5130
2359
2794
5422
1977
6734
5925
4604
6402
9537
2188
8847
1256
5260
8423
9205
5099
7141
6713
702
7562
5489
4376
9554
3783
4567
5899
7880
1531
7926
6765
8851
2632
1125
2334
3585
6685
9432
2177
2167
8019
3520
4648
3071
1675
1057
8430
6270
6335
4681
6665
9290
6829
1291
1919
7302
4214
8328
6038
1310
4698
5743
6924
9900
5235
9952
8649
88
9772
1462
9374
6420
4003
1905
894
916
2187
8394
9013
715
6118
2227
8586
3990
1732
8180
5539
7521
505
5711
866
2083
1750
38
5442
3099
2669
7422
6784
4962
4704
7703
9867
7179
7203
493
8215
3974
8298
1923
4683
6915
1457
6735
7077
4113
5982
2580
8544
2812
5840
5443
4793
6092
6011
6571
7240
5891
8428
7894
1314
6652
8
9036
1247
9451
59
2219
7627
4848
3028
503
1379
667
8283
9310
9658
2428
5794
3671
8004
3236
3364
2309
1393
165
7008
8406
3375
400
5093
2696
6784
8552
1309
4276
330
3037
6251
9924
4080
2627
131
662
575
9296
6858
9707
5373
5964
1231
2865
4562
9056
8492
9460
8007
2677
2414
1263
7827
5295
8234
5462
4421
2953
8514
3313
5578
5178
5715
3147
2701
675
7364
4306
5270
4619
6560
3460
6492
7792
9095
15
6533
7372
3816
578
7325
9272
6005
3042
6888
5102
6648
5869
9985
8664
1008
1529
4234
789
3121
3475
7690
6840
7116
8937
132
5502
5643
9324
1278
9217
7735
5152
6800
1420
4956
7207
5223
8323
9360
2636
830
5182
354
7638
3478
3639
5194
5055
6499
7878
4884
3192
8826
2078
5886
5732
385
9210
730
8865
7982
3080
3451
547
9340
6232
6707
4514
4382
6619
6358
353
7451
8744
9040
3441
5530
579
9506
3940
9268
8170
8347
619
5335
5736
5170
1920
5032
7796
3662
2298
7325
7886
6574
5742
2997
7711
4976
4462
9771
4374
861
4904
4467
297
604
729
138
8054
3950
5435
748
717
8945
8272
2217
9863
6616
7771
6445
3826
2755
1311
4342
3793
1516
6316
1508
5591
7131
4994
8254
5949
1162
9396
1932
4104
9567
970
748
2022
7610
5235
9982
9330
5408
4942
6246
4026
8906
7828
1796
6394
2314
9010
3290
1322
432
8035
3051
5993
649
7416
3690
7538
2411
4973
3332
4912
4432
4046
1973
4140
9057
1690
617
7742
7425
603
9602
4514
4714
7768
5004
1682
3398
6796
5290
5311
5638
7418
8620
6860
1647
4509
9272
4219
9620
240
6514
2266
2573
4679
6892
7405
6142
7186
1258
5884
4697
7809
6753
324
3006
6320
9355
7897
643
3769
9125
4119
6574
3833
9013
6485
1704
4014
1876
8671
9799
224
9094
3614
9890
904
1062
6332
8791
6103
1613
8640
9676
4050
2035
9470
307
4329
2095
7120
9453
2925
8095
1923
9684
9069
2754
9043
46
5756
6544
1316
4503
3338
1065
9630
8428
7628
4620
4829
3500
6872
8433
391
8353
2687
4829
5849
370
7350
846
8139
3948
7301
4701
1030
6375
5005
9599
7817
4248
4824
3503
3424
3052
3984
4497
7163
4668
1836
9096
8756
7569
7912
5281
1760
8783
9367
3870
7159
9837
9190
33
