8734
7026
1273
276
7588
9365
760
3393
3942
772
1299
995
8205
9797
6407
7988
7795
9032
2656
7635
8368
9558
9458
7030
2581
7149
8388
3480
2296
5053
366
7233
8535
9198
2270
5558
3139
6622
1061
8944
1538
2810
8091
7885
3078
7062
1655
9727
9402
9160
2515
8052
6288
7753
2462
5181
8711
8871
9440
2012
4747
8016
7236
489
3637
2697
4625
5739
1833
9151
3275
6502
1407
8023
4480
2877
5046
1458
5836
8203
4463
7494
6416
9670
5772
2785
4477
2863
4427
4085
7583
4134
6402
2345
741
9527
5866
7482
5090
3028
357
8500
1506
671
5316
4982
7077
8002
754
7612
424
5299
6612
9902
119
3604
1297
3560
1961
5747
7903
5659
3103
7086
8432
4110
6005
8008
7959
1141
4983
9187
6635
325
2754
9782
2524
9748
5551
1529
4940
7606
6396
2389
3825
343
2823
8112
3412
4137
9850
9115
3463
5981
9031
468
6009
9084
4690
1995
7886
1407
6945
1726
6024
8922
255
3342
9088
7251
9258
2781
9001
3903
52
573
6055
2687
4966
780
3322
6904
4572
9493
2942
2457
1167
6071
9750
4109
759
5305
4509
1365
4001
4332
334
8217
875
9761
6420
5189
4914
4151
4423
9195
3849
4029
3504
8989
6498
2986
707
8435
5781
3749
8312
4594
9373
3596
7227
3716
2953
3147
9831
3025
5751
3837
7954
1173
8663
4162
4031
7232
127
9439
9731
2139
6701
3602
6665
3019
5852
6840
7105
5758
7424
7452
71
4775
8168
1791
212
1075
3991
4087
9383
9470
8554
6991
4327
3731
361
2684
6079
2974
7471
2791
9153
8121
5220
6782
9364
4574
1495
2495
9153
6400
5339
2911
3248
6390
5580
3171
1660
6479
8282
7942
9928
7579
1665
7261
5785
7304
651
953
6567
9750
4480
2504
5733
962
6374
5585
1315
9736
5108
9836
7387
2500
674
4255
2156
5793
946
7861
9019
5974
9700
3102
4190
2655
8812
6892
5033
1977
2241
3805
8596
8860
4147
5397
5602
7260
8332
2272
2679
7391
9308
6391
6171
5890
6348
8778
7076
2913
8004
4517
838
4676
1869
7727
6374
4050
4318
9043
380
2572
6623
840
5010
1957
5651
5679
1302
62
609
4456
9701
1240
6784
3387
8207
2768
3841
1902
9680
1038
309
9589
9262
4034
4606
364
5798
28
1442
2997
2024
1634
8924
5625
3732
8634
2486
7773
3041
4223
3205
1603
8710
8060
7609
9762
8534
5954
8612
5758
4207
7826
3560
4920
2901
2465
4101
4015
103
7595
6653
8889
5726
6961
2332
9963
4515
2048
3937
7416
5202
7610
312
7542
642
9033
9208
3078
8889
2523
8322
2662
5497
8893
3902
6579
2961
1000
8330
6572
5467
8414
743
6234
6549
3308
1627
1737
223
1527
2880
665
7956
1697
6591
6779
8883
5025
5011
1804
6892
2379
6521
116
1254
2980
8587
9477
1116
6439
3070
532
8617
890
9689
5809
4298
9725
4075
2685
2031
964
7163
2042
1660
7504
2363
7352
1046
6155
4116
591
1110
4745
703
3509
8243
5748
6086
378
8362
4476
5776
827
322
7650
2247
8828
692
9281
5002
4715
6494
5854
9854
3592
5670
7934
2820
5259
1455
7197
4526
3394
9481
3933
999
6810
3341
39
1508
1812
584
7400
5346
2583
4731
7221
6359
7846
5089
4038
491
9966
9643
7154
3907
3690
9843
6943
2138
3256
5628
4613
7622
1909
1938
1691
9858
3965
9806
879
3243
1068
928
396
860
686
3729
6946
7528
8933
1816
5142
4377
7940
3746
2952
211
7390
3473
4212
23
8387
4259
9212
4295
7110
518
1669
4338
8052
26
646
4955
4850
2231
5774
9948
7271
1657
5466
4456
8171
6689
2048
9452
1070
3514
7018
1378
8319
6169
7374
6814
3718
5214
6379
3965
6673
4988
6877
8834
6227
2828
7123
1124
2502
7272
6697
3741
5867
2443
8510
988
7199
1188
7200
8667
1337
7905
4518
2912
9860
4409
3688
9835
5770
6338
9746
1650
8347
5086
8119
9214
4489
3123
4092
9349
4561
160
9065
2828
1917
4574
8699
445
7085
7151
1374
1802
3131
1768
4511
4801
7854
6276
7181
8655
832
2628
6106
8304
4995
8386
8335
20
1349
2283
4124
6888
24
1203
9796
7628
435
8943
5063
3927
883
516
7803
6991
8986
3338
473
1427
1998
5935
7745
6635
2290
7154
2502
8912
7591
336
4805
9511
4194
9403
1594
3969
2665
302
6893
5086
2367
8061
9876
6483
3630
6819
3429
3086
3673
54
1747
8466
6950
2206
2737
4362
9391
1285
2966
685
750
7087
6362
3760
3967
4543
2145
4573
7573
8066
8459
3069
3604
2381
4175
7089
6793
5343
3351
9119
2567
1636
4107
1480
8818
1901
5341
2986
2751
988
9439
7507
8274
8271
6877
7906
4848
5994
694
684
2629
9635
4434
9062
9572
1071
8930
4567
6684
4180
228
3287
7376
5333
7301
8132
9751
642
7244
1388
5144
1754
6854
2870
5819
292
2773
3987
913
5260
4871
3204
9561
2191
9661
8761
8600
4057
4429
5309
2180
7641
5334
7472
3105
704
98
8781
2254
1457
6310
1944
9632
4780
7276
7116
2613
3431
3322
3610
95
4801
8135
1975
3257
1290
7023
3476
4382
4928
369
2366
652
5382
7224
9277
1091
6091
2536
2700
1333
9613
1764
7208
4185
7061
2416
3661
4409
7757
8169
2608
6626
6414
295
2609
5592
1789
9925
9043
4287
8398
2952
6299
2475
2604
2297
1593
2985
6861
4400
9804
1261
5061
506
2436
3997
4971
5894
8942
6186
7413
5571
3998
8572
9632
4759
9212
8764
1409
5014
4682
5872
9029
3374
2720
3132
2034
4735
7541
1293
6844
8613
7771
14
8494
7025
2068
9476
7276
8839
5918
6250
3286
5844
7179
2790
9133
3464
2870
1672
9026
7507
7693
6244
9719
9138
8801
2239
3837
1189
3974
5195
7324
2417
1185
2654
4739
5372
5119
9163
9846
2676
5233
1141
1251
1969
2685
2252
6906
3013
8909
9827
1222
6735
1438
5876
2123
1016
3628
5608
1823
5422
1308
2797
