39
17
10
41
45
43
1
3
46
41
43
30
23
31
8
25
5
28
21
15
14
29
48
30
42
23
30
25
20
1
23
35
31
18
25
30
8
10
21
47
30
1
44
36
31
31
41
16
38
8
32
36
34
22
45
49
40
26
46
11
2
1
32
42
27
46
30
24
6
10
43
7
31
14
40
23
8
22
47
31
32
37
9
47
22
45
40
11
38
50
24
7
47
31
48
48
27
31
11
31
22
26
44
41
17
30
30
27
11
2
22
44
44
47
18
12
18
19
5
41
30
2
8
44
5
38
12
49
23
1
24
47
32
13
1
20
38
30
30
18
2
6
43
47
11
40
32
32
44
40
42
21
37
22
4
2
38
47
31
34
39
50
48
4
31
10
39
14
32
32
5
50
36
47
37
11
48
21
43
19
12
46
38
11
26
38
26
28
47
26
28
8
9
30
45
41
8
1
18
39
44
44
41
16
1
17
37
2
2
7
41
35
41
25
34
18
31
6
13
46
34
20
34
15
29
46
39
36
47
5
11
43
8
33
5
24
3
25
15
41
46
16
17
17
47
45
9
21
31
26
49
3
48
39
12
42
12
9
33
32
33
40
40
25
48
38
30
33
44
28
26
12
25
1
3
31
11
16
27
16
14
24
35
16
12
38
49
40
22
32
50
10
38
37
50
42
3
19
20
40
35
27
9
50
33
14
9
4
33
42
49
36
42
23
3
1
42
22
14
50
4
35
42
47
36
31
5
13
23
49
42
4
32
2
24
7
4
36
28
44
2
15
43
47
32
25
50
21
24
18
7
31
14
15
30
4
14
20
2
49
5
49
16
5
4
43
6
9
21
13
45
41
27
32
2
34
41
33
37
33
27
2
39
5
29
46
21
40
28
8
23
18
41
44
26
11
10
6
21
8
40
2
47
12
48
28
13
34
27
5
31
40
8
34
13
27
45
13
33
5
3
26
32
32
41
12
29
28
6
33
12
46
18
24
40
7
8
14
43
37
23
43
9
33
37
9
34
50
33
15
38
10
16
16
2
48
35
25
6
10
6
19
2
26
5
35
29
17
45
20
50
11
50
37
10
22
39
32
46
48
47
43
17
29
19
11
1
32
1
29
39
13
43
31
17
38
34
14
21
18
23
8
34
50
8
8
21
38
50
21
5
9
38
21
41
3
50
6
32
33
38
36
41
21
12
21
8
42
19
46
25
4
10
2
14
48
46
16
26
44
1
44
46
27
30
34
7
33
19
48
34
4
42
21
34
34
2
23
20
44
24
10
7
15
47
2
44
48
20
11
30
37
24
1
2
14
16
33
5
12
50
29
25
12
25
12
10
42
48
17
42
40
43
49
42
32
35
50
17
16
33
14
27
29
32
24
32
17
49
47
44
23
46
20
19
20
14
21
20
4
35
34
35
23
48
41
33
32
14
26
37
11
46
5
30
31
9
38
13
11
18
7
33
18
19
40
44
38
37
11
40
13
3
10
22
37
19
15
42
7
40
37
25
16
6
42
11
20
17
30
14
23
17
24
25
25
41
38
19
14
42
34
6
15
10
24
34
28
18
7
22
3
29
36
1
6
29
9
32
14
14
44
4
33
41
9
34
12
19
21
25
13
26
2
47
34
19
18
7
10
3
40
48
32
25
35
50
2
35
36
29
3
22
41
19
28
16
12
44
36
45
28
40
24
46
28
8
30
36
6
36
38
4
7
24
17
8
15
13
1
44
42
16
26
44
21
9
19
5
11
46
18
9
49
1
25
6
47
34
11
28
47
12
23
50
30
5
45
27
23
5
29
26
31
4
41
27
33
10
47
2
38
1
4
19
43
50
49
15
14
13
22
7
29
25
42
16
16
44
20
33
9
34
31
39
49
35
25
39
20
50
46
14
42
44
31
14
13
8
14
41
11
29
47
47
22
30
50
24
5
11
35
49
13
2
38
45
6
46
40
32
38
49
48
26
35
4
8
17
43
33
45
40
10
4
47
28
18
16
13
30
39
45
17
14
46
12
43
45
45
30
34
17
28
6
29
5
46
2
28
38
39
3
37
48
28
27
31
31
32
9
32
16
7
34
48
31
45
35
50
9
50
29
32
44
45
27
35
14
33
10
37
15
32
31
2
21
13
47
24
20
38
38
36
1
36
15
1
40
28
13
37
47
17
42
50
35
46
12
23
50
33
14
13
41
22
12
11
6
36
19
3
25
39
45
34
17
17
38
1
9
15
10
39
31
26
15
23
22
24
4
36
50
35
21
13
17
42
20
3
