33
38
39
16
40
34
34
4
24
1
4
49
49
47
44
9
42
1
5
31
41
22
37
11
43
23
3
24
47
15
46
19
36
40
3
20
24
7
42
29
49
6
33
17
3
12
33
32
44
14
30
38
39
42
23
3
4
9
36
44
19
41
44
28
49
13
23
2
16
33
8
3
7
3
29
7
19
21
30
14
15
30
34
34
13
40
48
2
29
24
12
46
30
28
33
30
31
32
18
20
31
38
5
16
30
3
29
43
36
12
42
34
47
3
31
41
38
39
12
15
49
23
9
39
26
39
42
1
25
15
38
36
6
19
35
37
35
44
39
37
20
9
39
24
37
41
11
33
21
10
43
22
3
32
29
13
26
50
42
14
50
49
39
25
29
30
3
27
9
42
39
42
7
36
38
19
13
42
31
39
45
11
48
4
30
3
24
24
2
5
32
42
50
26
12
20
14
50
22
48
4
6
4
8
12
49
1
13
7
49
29
48
44
41
25
22
1
10
11
27
40
19
10
14
1
40
9
21
21
22
34
6
47
30
22
33
2
2
40
22
48
42
33
36
37
44
17
38
9
31
31
29
43
41
11
38
46
7
31
50
26
47
50
29
10
25
48
9
26
39
28
35
22
38
11
49
35
32
2
3
34
31
37
17
14
26
44
41
21
46
1
47
9
33
9
14
47
16
34
32
43
49
4
16
18
10
40
10
12
8
48
3
35
47
26
30
34
18
13
38
50
9
6
42
2
5
39
33
35
15
25
2
24
45
4
8
25
32
5
35
48
16
40
6
42
15
28
50
24
6
17
26
10
41
23
24
31
40
21
49
21
15
7
24
39
9
17
15
2
18
12
14
16
18
30
37
45
12
34
37
44
24
47
6
34
25
27
42
16
48
18
12
19
19
19
3
1
13
30
41
20
37
5
8
46
27
19
21
23
17
25
28
15
19
30
12
36
3
13
29
26
29
45
50
34
24
11
29
25
19
17
50
15
35
16
2
45
32
36
40
30
47
34
21
50
26
27
33
39
49
38
12
1
46
13
44
2
20
1
50
1
44
46
13
28
7
26
15
33
47
19
3
27
36
8
42
27
44
23
3
11
38
11
8
49
38
44
43
34
25
27
15
16
12
11
42
50
13
6
38
4
30
21
10
21
49
36
1
2
48
48
47
21
11
48
44
19
40
8
26
42
4
7
43
42
46
13
1
47
44
26
24
18
23
18
1
1
43
24
9
14
24
29
31
19
11
5
7
12
18
30
33
34
8
37
50
11
49
14
39
50
19
5
16
47
2
46
33
39
47
31
16
41
25
48
22
39
3
32
36
31
17
2
35
42
15
28
7
18
3
17
47
18
35
49
38
9
34
39
8
16
2
2
49
33
12
15
42
3
35
10
25
47
48
16
9
17
1
17
39
45
12
20
3
41
31
1
21
48
36
6
42
37
40
40
17
33
33
19
26
7
38
45
8
16
33
4
41
31
3
21
37
12
14
41
41
44
47
31
25
18
6
30
4
22
1
20
9
17
27
30
22
49
36
31
36
49
16
13
46
9
7
34
17
31
32
48
36
11
8
11
18
39
44
42
48
25
40
3
27
24
49
9
47
26
27
39
50
17
27
16
44
42
37
33
15
47
5
8
9
47
4
14
30
13
1
47
44
9
9
42
24
44
10
34
22
37
3
23
17
10
28
26
13
16
29
25
17
31
26
36
8
33
33
42
21
37
1
46
12
35
50
22
38
42
43
5
6
6
18
31
26
12
45
19
42
6
3
4
12
26
15
26
32
29
35
17
35
45
49
37
38
22
43
9
35
5
10
7
27
19
47
17
22
14
40
26
6
30
21
18
8
10
41
31
31
10
40
28
6
13
10
50
26
49
22
11
36
26
2
31
18
21
23
39
23
30
27
22
38
7
44
9
24
2
34
48
11
26
28
45
35
13
28
37
33
7
20
47
16
36
35
8
28
21
48
6
1
38
26
38
33
44
36
9
34
28
19
30
36
21
27
25
43
44
28
37
28
5
48
2
35
38
44
46
44
34
26
15
26
4
48
7
9
42
39
4
34
35
48
19
32
17
12
3
22
32
47
5
8
19
39
32
14
6
7
30
1
43
3
20
8
1
19
38
33
24
4
20
43
24
4
16
31
48
38
3
47
29
23
20
19
12
43
27
32
22
15
17
17
23
4
41
24
3
20
4
42
4
46
2
18
28
16
40
17
44
13
36
25
49
46
1
36
4
22
39
39
29
35
16
4
38
9
17
21
38
20
32
1
