17
23
19
35
44
50
9
2
49
33
6
6
36
18
40
6
27
30
31
31
31
15
32
9
38
4
18
24
48
35
48
28
3
19
29
5
40
3
3
43
2
44
8
13
41
22
1
46
9
37
50
14
43
46
36
48
12
24
34
35
4
29
49
28
38
11
7
24
36
27
14
3
8
47
15
32
1
50
25
10
4
32
35
6
21
14
26
34
44
20
10
46
1
28
12
49
42
19
49
10
28
8
11
8
20
23
34
24
14
37
13
7
13
30
7
34
23
22
12
26
25
37
35
13
35
11
8
8
2
4
44
31
45
8
3
19
9
24
22
1
23
32
24
27
29
29
40
46
46
37
11
37
8
21
47
31
29
15
3
40
42
4
26
45
48
48
33
40
42
31
27
5
32
23
50
14
20
4
42
1
22
7
26
10
19
38
38
17
3
4
34
33
23
4
34
7
41
49
4
17
34
43
16
14
18
28
26
6
11
29
49
27
7
50
20
25
17
16
48
33
39
25
48
42
49
41
30
32
40
30
45
17
7
5
4
31
18
43
21
14
3
32
30
5
33
3
39
22
45
9
1
14
20
34
20
45
31
40
23
36
20
14
38
27
45
1
29
19
17
36
8
40
22
25
50
13
36
21
5
24
10
13
32
1
42
47
44
20
28
20
19
7
18
15
41
4
18
48
41
5
45
25
49
33
45
44
1
38
6
46
22
36
2
33
45
27
21
48
18
21
2
29
50
40
26
12
27
50
47
28
8
31
24
32
7
47
10
6
1
41
24
49
19
10
47
2
42
8
36
6
29
5
17
37
22
45
8
25
6
5
8
2
30
16
31
37
45
30
47
42
49
27
12
16
43
8
38
37
24
45
4
9
37
19
4
9
49
29
10
50
37
50
16
25
49
12
9
12
35
37
24
31
47
10
35
35
2
43
30
47
22
13
30
9
5
25
9
17
42
14
10
21
20
21
34
47
40
50
9
14
30
1
3
37
2
25
7
31
32
12
7
9
8
49
27
33
4
17
30
32
38
16
10
26
23
14
48
16
5
34
8
19
6
20
11
2
44
8
48
42
1
10
10
15
18
21
40
39
4
42
5
11
12
21
24
17
38
12
47
4
32
20
1
27
47
11
44
19
50
40
13
43
22
42
6
37
42
23
25
33
30
14
16
1
37
50
24
34
46
4
45
47
35
43
11
4
50
14
36
41
28
24
3
6
8
40
9
3
11
33
9
31
33
2
10
38
21
1
2
24
39
43
18
4
1
35
47
48
2
23
1
48
49
42
39
44
40
48
20
14
19
44
1
13
34
1
47
22
45
39
48
37
12
16
37
8
8
13
33
35
47
24
44
12
24
26
8
29
6
27
4
42
19
10
11
34
1
5
49
7
9
30
21
36
14
10
22
36
23
48
32
9
39
1
19
39
6
32
18
1
21
46
22
43
49
32
25
3
6
15
38
36
17
20
12
40
19
38
27
32
37
43
35
37
43
36
13
30
31
42
24
15
1
22
37
25
38
34
47
42
30
44
3
5
32
31
30
3
47
41
30
8
45
17
29
8
5
28
44
8
18
48
31
16
5
35
8
44
24
1
50
47
40
50
48
37
10
32
11
6
39
4
46
8
12
34
31
36
4
21
23
47
4
50
39
50
29
22
2
47
15
15
22
41
12
35
29
2
13
30
20
27
46
31
45
17
21
40
10
12
14
11
20
27
40
3
21
39
37
4
22
37
25
32
29
47
20
45
45
30
27
12
27
31
41
12
40
13
28
50
8
11
7
35
32
26
28
26
37
4
34
48
40
13
8
21
27
49
29
49
12
39
41
15
20
3
40
39
35
11
23
31
3
9
49
7
13
23
33
3
47
9
47
35
38
11
9
49
40
41
37
7
49
48
14
23
2
6
33
50
41
44
44
14
47
44
5
23
10
27
3
22
22
41
40
48
11
17
25
35
14
15
14
5
30
19
25
39
28
18
28
13
45
40
33
47
8
30
49
24
50
36
20
46
15
50
15
45
42
24
12
34
33
27
22
28
2
19
27
39
24
48
7
27
40
12
47
50
47
31
38
42
27
46
48
27
3
34
30
46
33
33
43
29
10
30
41
11
26
4
21
23
32
14
17
27
25
24
8
48
13
30
33
15
36
16
10
2
37
5
30
32
38
26
25
35
18
26
50
12
29
3
31
4
29
22
12
12
25
32
28
24
22
50
38
42
23
18
1
17
1
35
44
9
23
3
32
4
2
15
5
42
17
20
29
41
1
4
7
24
