7
6
15
24
23
19
31
24
43
29
6
47
39
34
26
7
21
17
42
4
29
31
47
2
46
2
17
14
45
17
13
48
5
30
46
40
3
18
25
7
5
42
19
33
36
11
39
30
2
4
26
34
39
1
40
26
7
11
24
46
2
14
21
8
38
46
15
43
13
48
41
11
16
6
50
25
33
12
20
13
38
24
7
18
21
38
10
40
4
15
2
36
7
9
34
35
46
2
13
37
21
7
44
22
13
43
48
39
49
6
5
37
32
45
7
16
24
2
26
43
33
28
29
34
43
12
13
42
31
16
47
2
29
37
17
23
19
25
49
26
34
15
12
43
49
17
47
45
27
5
28
6
41
50
5
43
45
5
29
3
43
5
34
14
42
46
24
29
38
2
17
47
32
16
28
23
19
3
41
40
10
46
26
49
45
34
50
2
35
13
30
42
8
29
20
3
4
35
41
20
20
31
44
33
44
25
6
15
2
10
47
44
30
8
47
44
31
16
19
25
32
5
11
48
10
19
42
13
4
3
10
21
44
40
35
1
43
19
40
2
16
10
45
10
30
40
10
28
28
34
15
7
11
46
1
20
30
24
40
24
37
7
12
48
31
4
31
42
49
28
41
16
23
12
28
20
32
35
47
28
34
42
37
4
33
38
20
41
44
18
6
28
8
11
10
9
10
36
9
29
14
18
47
45
12
8
30
1
17
8
5
32
12
27
44
20
3
49
14
34
5
41
21
43
48
36
39
36
1
20
26
44
33
18
26
14
31
17
6
19
17
5
29
49
45
38
35
40
49
14
16
25
29
13
33
37
1
16
31
35
22
30
15
17
22
37
33
47
23
21
40
12
21
49
36
34
5
48
27
28
7
4
9
44
1
17
41
19
38
10
38
44
28
38
44
15
16
40
42
35
15
13
1
19
12
47
23
14
26
28
42
4
47
27
14
14
19
25
42
1
41
11
5
39
6
38
15
14
39
41
1
25
44
15
28
23
27
6
47
47
26
13
13
3
26
23
34
31
47
49
4
41
29
47
33
14
31
48
50
1
30
20
13
29
34
23
8
33
26
32
8
35
9
22
4
45
17
10
36
23
31
21
42
46
33
38
39
49
42
3
29
11
38
45
32
22
48
6
4
48
38
32
25
15
6
28
49
47
28
7
15
1
42
49
2
37
7
11
31
8
35
23
33
11
39
30
34
35
38
17
27
27
20
35
39
22
49
37
40
28
25
27
40
28
46
28
9
28
20
10
28
6
14
26
18
44
25
44
4
20
11
39
46
6
34
31
6
28
42
1
18
43
35
7
28
30
2
8
50
47
41
30
41
26
41
29
25
42
16
4
46
20
40
45
25
34
30
27
12
12
24
35
46
3
38
27
42
50
11
16
19
45
43
45
44
1
43
2
45
34
45
17
27
15
47
5
30
45
16
11
33
42
18
6
5
49
25
42
34
44
33
12
6
18
4
35
14
19
9
30
47
15
8
17
9
37
45
48
37
29
32
14
29
29
20
1
14
47
28
44
12
10
1
21
49
22
22
37
33
12
46
46
11
12
24
33
23
42
27
26
22
21
22
28
6
15
12
25
30
46
42
7
49
30
9
1
24
40
30
37
27
46
10
13
18
14
38
2
48
44
34
13
15
50
11
3
25
22
21
48
2
18
50
28
24
8
40
29
8
25
45
33
33
8
18
15
34
38
42
20
19
1
12
32
17
33
7
38
38
3
48
28
9
32
8
39
31
12
45
2
43
6
49
25
5
9
12
36
20
40
16
10
10
15
16
25
39
29
48
26
28
32
39
9
47
10
13
21
43
1
30
19
4
23
22
11
45
38
40
47
40
3
19
11
44
45
41
23
35
21
7
36
28
31
14
25
17
29
11
46
10
30
19
8
44
29
32
48
39
23
44
40
50
26
8
49
48
2
28
22
20
12
5
16
8
7
43
49
21
12
8
9
8
44
28
25
50
33
42
17
14
40
41
50
1
17
25
45
22
30
25
48
33
22
22
36
38
8
24
36
44
14
24
49
23
9
15
28
20
38
30
20
30
9
8
1
2
35
12
9
3
49
48
38
41
35
48
41
10
36
8
35
40
46
30
28
20
35
50
14
6
27
29
23
50
46
43
21
22
12
10
12
28
26
4
36
4
13
45
46
10
48
24
25
21
7
46
16
45
24
28
7
43
47
17
17
25
29
3
10
37
31
43
48
21
45
4
20
23
38
25
26
41
20
33
39
16
25
50
48
2
14
16
21
45
37
5
11
13
43
