36
36
42
25
31
23
41
26
4
40
8
7
21
24
48
43
15
47
35
43
47
32
35
5
36
20
21
49
30
45
41
26
45
4
3
46
3
32
29
9
15
21
42
7
43
14
31
22
38
34
47
25
47
4
11
29
23
5
14
40
11
17
22
14
36
49
44
3
4
23
4
18
9
29
28
41
30
34
9
3
13
26
32
30
30
10
34
29
8
33
11
27
35
32
14
2
22
46
27
37
46
28
1
6
6
42
44
5
15
3
36
39
16
19
34
14
21
45
12
24
28
12
43
27
33
14
18
36
9
21
9
27
37
34
45
3
18
25
1
36
8
47
34
6
36
2
49
34
47
26
30
50
13
26
9
20
50
13
21
30
34
12
4
33
37
1
7
19
31
23
13
21
9
30
12
33
27
44
38
23
39
28
10
36
40
24
48
6
37
10
21
46
40
45
42
38
40
46
4
12
23
39
12
3
45
3
25
20
14
50
30
16
24
20
38
49
27
32
36
50
33
34
38
3
45
38
45
14
38
10
17
13
19
50
18
18
49
32
40
42
2
8
21
42
6
29
31
4
20
48
39
15
30
30
38
31
14
32
44
4
21
23
28
5
31
2
44
4
22
2
29
41
23
40
12
38
19
39
49
20
19
25
43
15
48
32
31
37
36
16
35
11
32
6
23
1
33
39
31
30
37
14
39
34
2
47
17
35
37
47
25
45
42
6
4
45
25
47
21
47
20
38
8
39
22
4
30
9
17
30
8
40
31
39
18
48
43
23
24
21
37
22
3
23
43
13
44
10
8
23
26
18
48
35
43
35
22
41
32
17
20
28
27
25
4
41
42
23
31
25
15
47
20
47
47
42
36
31
10
50
2
6
3
27
14
32
14
37
41
21
21
15
48
18
39
16
20
27
30
5
16
49
1
46
17
4
44
26
40
25
38
47
21
18
50
1
14
5
21
50
49
12
18
2
7
30
35
25
43
34
38
42
20
42
38
17
21
43
43
10
33
16
1
24
45
23
29
29
36
35
39
32
33
47
9
50
43
35
1
8
33
7
29
23
39
27
14
19
44
14
26
42
13
16
22
14
42
9
12
30
21
12
46
26
17
32
19
9
4
2
18
6
34
30
44
50
44
37
18
35
17
18
34
20
6
22
46
13
21
6
16
4
10
4
18
12
3
31
23
38
11
43
3
9
1
7
13
8
36
21
12
7
15
18
13
30
22
46
34
34
21
25
11
46
41
22
3
20
32
4
48
21
10
39
29
46
40
12
11
37
7
3
10
23
29
19
38
14
38
47
28
11
28
44
46
40
33
49
38
15
6
1
27
8
43
28
29
24
1
22
31
49
5
43
30
43
39
3
11
12
35
24
8
13
47
41
12
10
46
36
44
4
20
9
15
21
15
22
6
20
21
9
16
8
39
31
37
46
49
20
9
48
20
15
28
24
42
8
38
16
26
50
13
47
42
49
18
31
33
8
12
10
28
37
10
17
12
15
33
16
6
12
11
27
10
14
25
1
36
34
36
11
29
26
50
9
45
34
41
34
2
31
40
44
24
34
41
20
3
14
22
33
3
15
39
10
22
12
39
38
43
31
34
42
1
39
25
41
17
44
42
46
34
48
22
45
9
34
47
39
32
6
48
3
25
3
12
13
35
7
28
8
28
4
31
15
12
41
12
24
10
11
7
41
38
38
41
20
37
14
23
7
38
16
14
17
42
41
6
16
29
29
24
43
29
31
11
43
40
39
9
17
47
20
45
27
41
5
16
39
7
48
17
41
32
31
1
3
16
16
5
5
42
4
4
10
9
30
32
7
45
30
8
32
5
48
33
33
41
10
7
22
44
44
36
25
40
21
37
2
14
28
20
33
33
37
14
43
35
20
20
18
14
47
12
42
32
9
35
30
1
14
12
24
14
4
47
3
31
35
33
2
1
19
25
45
15
20
42
36
48
46
25
12
14
36
40
20
33
49
24
17
4
43
4
3
17
40
33
33
36
47
1
50
49
22
41
18
48
21
6
50
47
44
43
37
39
12
8
2
32
23
30
28
11
37
17
28
4
37
22
41
28
27
25
22
33
31
20
35
33
46
42
41
22
31
49
50
11
16
32
5
15
10
47
24
20
46
29
15
18
26
39
47
4
13
32
9
22
8
22
9
40
5
46
4
42
26
25
1
39
35
7
4
25
26
3
42
32
19
50
13
19
23
8
41
41
14
15
4
6
36
20
28
29
3
19
2
7
36
8
25
12
9
37
27
38
34
45
44
