22
48
4
31
10
22
17
48
8
13
10
39
4
3
48
37
44
47
18
26
12
26
40
47
38
22
32
32
20
33
32
13
30
1
29
50
27
47
36
42
29
31
25
2
10
9
28
18
27
37
48
24
31
49
30
44
50
4
3
16
47
5
19
12
7
41
35
26
50
49
46
43
1
14
17
33
4
23
23
37
6
27
13
40
3
29
42
48
5
44
46
20
38
39
9
32
4
43
40
39
50
37
17
49
9
31
10
46
30
27
6
25
31
39
39
21
22
14
39
34
26
41
31
33
47
31
24
23
1
47
40
13
6
23
44
20
33
20
17
24
25
4
40
37
30
17
18
28
15
29
17
16
29
19
1
5
4
48
32
31
25
40
43
34
5
8
33
25
23
13
48
32
40
29
2
4
25
16
39
4
40
26
2
18
13
43
12
33
15
36
16
17
30
43
24
36
31
38
40
43
50
5
1
5
46
24
41
9
28
16
17
26
12
31
8
45
44
11
47
32
33
45
27
34
33
50
41
10
30
5
41
36
36
13
14
41
37
13
44
34
35
33
20
15
6
23
22
20
31
21
31
26
30
40
17
20
50
48
37
50
23
37
9
23
48
2
5
43
28
35
49
10
41
44
40
2
34
8
22
42
39
44
9
47
22
6
48
31
14
23
7
29
46
26
25
11
17
42
36
15
27
31
3
26
48
2
43
14
22
42
36
47
33
49
41
37
17
26
9
6
37
30
28
29
14
3
46
21
19
12
13
4
31
8
30
8
42
10
50
48
36
46
4
34
27
6
27
25
30
43
41
40
38
32
11
37
12
38
13
15
8
37
21
29
7
16
18
21
22
38
21
31
18
37
41
37
43
38
23
33
6
30
13
45
30
9
2
17
10
38
42
43
14
26
2
3
17
3
20
40
22
39
1
49
12
33
46
18
10
20
36
32
14
36
46
41
30
33
40
26
29
1
46
45
30
2
12
11
42
19
14
47
35
47
44
27
25
26
15
25
1
45
16
40
20
31
10
45
26
29
29
16
50
5
5
3
5
33
48
34
18
50
23
22
1
33
45
28
34
40
25
37
25
14
32
47
11
45
42
47
24
14
32
2
40
47
6
44
28
19
20
27
30
34
9
42
32
27
12
50
26
1
1
31
30
18
30
22
47
18
37
44
35
26
45
33
44
39
37
29
26
42
46
22
22
50
50
36
19
47
23
5
17
13
7
4
27
15
35
7
33
30
40
5
14
41
6
36
18
19
31
15
40
40
31
48
3
6
45
43
32
11
27
8
44
27
25
36
43
23
46
13
22
19
46
31
4
29
13
34
11
46
36
45
33
25
7
38
27
7
21
29
4
36
16
34
22
30
31
23
19
31
39
1
49
15
29
22
4
6
42
6
43
28
5
50
10
46
19
13
42
32
27
35
44
35
34
45
29
10
27
30
35
29
44
12
35
14
19
29
19
7
39
13
10
39
4
39
11
8
17
5
3
44
47
5
36
46
25
8
47
40
24
16
41
38
26
33
26
13
12
37
37
25
45
26
3
16
8
7
48
49
31
21
15
41
13
16
9
41
27
37
11
4
15
37
18
50
9
4
45
37
37
5
17
15
47
40
34
36
22
49
12
48
17
36
30
32
16
26
11
43
45
22
1
3
3
43
37
41
33
23
8
7
43
30
18
41
41
30
49
18
12
2
35
21
17
6
21
6
4
39
47
24
24
33
40
40
24
22
20
21
14
43
23
31
37
50
8
41
38
1
45
7
5
18
35
13
3
13
15
24
41
22
42
7
50
29
18
7
20
47
17
12
27
1
43
30
9
49
22
5
8
8
5
42
35
42
42
16
34
26
4
17
46
13
26
13
48
2
5
19
49
29
23
34
12
3
36
49
41
5
23
17
13
43
32
38
14
31
47
5
7
12
30
34
25
10
11
12
11
13
7
39
30
19
39
4
49
25
26
1
34
20
25
31
46
50
36
33
28
31
20
36
25
31
20
21
19
22
30
17
7
13
46
42
2
35
43
19
26
17
50
1
29
25
46
47
43
38
13
42
13
49
34
13
9
8
16
42
25
32
34
50
34
42
2
30
30
9
38
45
29
35
38
8
21
36
28
33
12
15
37
6
26
47
22
6
8
5
16
45
43
15
1
32
49
5
25
4
31
21
27
31
40
43
35
30
13
35
7
40
41
5
4
47
39
40
2
19
24
28
15
16
38
49
21
4
20
34
29
23
1
8
16
28
46
19
14
30
37
5
43
37
5
11
26
6
35
48
