21
34
36
33
27
41
15
46
11
38
12
15
9
5
35
44
42
19
38
11
26
46
25
30
37
7
19
20
4
34
41
28
20
43
6
45
32
18
19
3
28
7
24
26
9
45
37
28
37
38
28
47
20
24
15
4
40
30
34
9
9
44
42
2
22
26
36
23
14
43
31
4
13
15
3
17
38
33
3
2
25
25
31
33
19
38
38
48
24
49
43
32
37
48
42
8
50
49
24
25
49
42
13
6
23
48
12
12
46
45
19
43
49
8
30
14
22
21
13
43
43
28
13
14
18
25
46
47
26
31
39
16
35
43
45
16
20
14
6
46
6
50
36
10
37
20
26
18
20
34
1
48
15
6
25
18
38
50
47
25
18
31
38
4
38
31
4
40
27
50
10
37
17
19
23
29
33
23
30
49
23
27
35
15
33
38
34
38
40
9
31
25
41
48
15
34
33
44
49
47
3
47
37
11
11
26
43
27
31
21
33
3
47
4
7
25
32
25
30
37
14
7
22
1
49
4
33
31
16
37
19
8
20
39
9
14
15
49
6
11
26
21
15
22
5
15
13
14
20
1
35
20
44
7
32
17
47
25
16
34
34
3
23
4
22
23
29
20
9
26
21
47
22
18
40
17
33
48
23
5
34
17
19
9
1
13
40
40
18
20
12
23
23
4
41
12
41
14
1
14
18
2
14
21
16
4
43
7
25
17
13
44
1
28
21
7
29
50
22
26
39
33
19
40
13
23
50
13
21
8
20
15
1
34
38
23
22
6
30
44
48
27
35
47
1
26
23
27
1
44
16
46
43
34
3
24
50
31
46
49
1
21
47
2
12
41
2
9
33
17
41
38
3
48
5
6
5
45
8
20
21
18
14
18
42
42
28
44
3
20
38
34
24
24
37
11
43
35
10
14
47
9
37
46
16
44
17
29
24
34
23
16
25
29
10
25
38
8
20
18
14
39
28
6
6
49
33
19
20
49
18
28
36
2
35
1
15
36
7
39
6
19
33
15
20
3
48
39
16
17
48
2
7
44
16
17
31
32
23
7
15
13
33
4
8
2
22
13
49
41
10
15
42
37
27
14
8
33
18
11
25
21
4
38
42
8
39
41
39
33
35
39
35
32
41
34
22
39
10
1
40
23
38
42
50
30
46
13
20
49
21
30
6
39
4
1
2
49
42
33
12
10
11
26
23
14
4
13
26
22
47
31
37
47
29
29
7
17
11
45
23
47
24
4
23
14
7
1
47
17
43
42
43
50
23
2
39
26
20
25
5
24
24
41
47
3
19
22
38
43
47
12
16
25
11
27
44
19
40
45
23
37
45
17
19
17
37
6
13
25
36
49
41
17
13
44
23
44
5
11
24
41
12
32
45
17
50
27
33
17
1
43
27
49
40
23
23
47
43
40
9
46
11
20
41
42
1
43
1
1
13
32
22
49
41
26
37
47
40
31
45
8
42
38
1
2
6
26
43
3
47
31
2
9
15
9
15
34
6
39
31
4
5
46
49
45
41
10
25
46
25
43
41
21
11
14
23
17
34
16
30
47
28
33
5
30
44
40
10
23
34
5
7
1
10
28
35
31
15
16
47
31
28
30
31
2
36
44
42
38
23
17
28
8
49
11
27
40
44
49
22
12
41
39
2
36
11
15
33
29
48
26
29
25
20
22
16
37
29
28
2
33
35
50
35
40
33
21
7
26
34
43
29
18
34
1
10
6
1
26
30
30
23
29
25
26
32
47
30
39
26
37
29
11
2
15
33
41
30
20
38
2
21
2
5
19
10
23
46
24
44
1
9
24
34
18
46
34
31
12
8
22
14
35
34
29
41
8
24
26
33
41
14
13
15
7
46
50
8
46
50
32
13
39
12
32
14
5
48
29
33
6
42
36
31
17
30
24
39
11
36
26
30
3
50
28
14
20
25
21
18
34
17
30
21
12
26
12
37
14
5
24
29
48
43
26
33
38
37
44
37
12
37
37
3
2
8
33
42
13
38
48
38
46
26
1
23
37
30
13
17
37
24
5
41
12
15
20
14
12
38
36
39
1
49
11
45
50
23
42
31
37
19
48
38
15
7
27
42
17
42
22
15
17
2
6
23
22
34
2
20
2
8
49
50
41
45
29
7
33
23
25
35
8
18
37
7
28
35
10
40
15
39
25
1
10
31
42
40
45
33
24
23
23
25
36
2
38
14
25
41
33
36
7
48
27
48
41
6
13
24
15
3
20
17
49
1
14
23
26
29
16
39
38
41
18
30
44
30
47
