18
20
48
23
37
25
25
27
45
19
26
43
12
37
38
1
21
13
47
25
45
42
3
25
12
13
31
33
45
38
9
24
25
16
10
40
21
10
12
25
50
41
8
41
17
20
1
41
40
45
20
11
36
9
33
49
13
10
26
43
16
42
12
28
42
36
44
2
6
32
33
45
35
12
48
21
39
26
35
9
43
26
38
30
30
25
3
45
7
16
31
27
49
30
5
5
38
15
7
44
45
48
39
40
7
47
12
34
37
3
3
29
5
21
33
15
39
46
30
6
21
41
29
44
23
11
48
18
17
15
34
46
33
38
21
43
3
46
13
5
26
38
41
30
41
11
33
2
22
21
45
29
24
19
9
18
36
37
25
1
23
4
22
26
17
43
18
45
7
42
14
7
34
10
2
38
11
32
25
20
5
21
22
16
38
22
40
41
23
1
15
33
15
13
43
22
44
44
30
14
30
10
23
6
37
14
48
49
30
25
38
36
2
36
39
26
12
6
19
11
44
11
11
23
1
28
11
49
7
37
14
41
25
11
5
39
50
43
3
7
11
23
5
25
32
50
39
37
36
47
19
50
17
50
21
20
34
10
27
18
9
31
16
18
30
17
22
11
46
15
40
43
39
15
26
26
17
41
18
28
5
41
37
9
12
31
17
39
43
13
14
41
10
29
47
43
18
22
46
40
41
21
27
24
40
4
37
12
47
17
36
38
37
50
10
19
2
23
1
7
26
27
36
31
45
27
49
48
38
8
13
22
10
12
43
37
31
39
23
19
8
23
21
6
20
49
42
14
49
25
45
26
49
38
36
15
30
49
45
40
4
32
1
49
20
3
24
3
11
22
5
38
5
42
28
15
7
5
44
35
16
31
24
39
4
50
46
14
15
16
13
43
40
18
40
4
36
27
5
19
29
2
13
38
42
23
23
16
41
40
9
26
45
2
39
24
11
33
23
13
12
11
49
2
47
45
2
49
49
15
18
18
18
6
41
3
22
32
27
48
23
40
18
31
50
36
13
19
32
34
25
47
3
15
7
8
20
18
24
23
5
17
5
30
4
32
8
5
47
7
32
36
41
43
25
20
47
21
25
5
31
48
29
4
22
29
37
33
22
10
4
3
18
49
12
49
7
19
10
47
45
33
9
49
33
21
23
25
18
46
19
4
6
29
19
10
5
3
21
29
34
45
19
40
11
7
16
37
18
23
27
37
48
8
12
48
38
1
19
27
44
27
43
32
49
12
5
46
3
50
32
45
33
31
39
25
19
39
42
22
49
13
24
46
30
28
19
49
12
30
1
11
47
25
47
39
39
49
1
26
7
34
13
44
18
31
47
45
45
7
50
9
11
43
8
1
3
25
13
48
2
43
7
43
40
2
7
30
37
48
33
48
7
21
29
46
2
32
28
36
3
2
19
2
23
3
26
29
15
5
5
12
29
10
12
18
44
27
40
23
21
13
43
10
28
8
5
5
22
31
15
33
4
42
5
45
26
17
6
20
11
27
23
28
39
35
10
34
33
33
45
15
38
49
4
17
8
34
48
13
9
48
24
45
42
14
14
8
36
23
31
8
10
20
47
31
7
48
32
5
50
32
29
38
37
50
43
20
29
20
22
26
40
4
16
25
37
38
32
38
3
40
37
20
35
26
46
39
36
7
16
38
46
37
43
16
41
30
16
40
17
43
20
31
12
29
17
20
22
32
40
30
8
38
35
26
24
39
44
25
7
28
18
6
14
4
8
38
24
2
14
9
43
4
29
18
47
6
26
46
33
4
46
45
6
30
25
30
39
27
22
23
14
6
13
37
32
16
35
39
5
8
18
49
5
24
6
18
4
39
21
25
37
40
24
12
15
35
9
6
15
25
45
24
37
29
30
44
28
41
27
38
18
47
45
2
49
12
42
39
25
4
30
20
45
43
31
49
46
39
9
28
30
7
34
27
35
15
36
19
46
29
43
12
12
1
28
8
50
40
3
37
40
28
34
49
35
15
21
37
18
29
14
35
48
29
45
26
13
23
15
41
4
8
44
31
38
40
42
46
21
15
43
42
25
10
23
3
27
13
28
47
30
36
40
34
9
9
10
30
40
22
31
44
4
29
22
43
23
15
42
33
38
21
37
1
8
47
32
7
47
36
46
45
29
41
29
47
9
18
3
42
33
50
14
20
6
22
9
15
6
50
10
21
13
22
23
10
17
38
15
13
8
21
40
5
26
36
30
4
5
49
3
8
46
11
27
29
24
43
33
27
7
3
16
31
11
32
41
16
