40
2
17
47
42
49
48
23
32
7
22
43
16
17
29
42
43
42
32
38
50
12
38
46
16
7
13
17
21
41
20
19
42
14
4
49
21
4
37
38
27
18
27
47
43
49
45
43
48
10
45
17
38
43
41
26
43
39
1
16
20
41
36
46
4
20
43
33
28
31
44
33
16
47
15
21
14
40
18
45
7
49
12
4
8
25
45
35
30
15
8
23
21
19
46
23
22
42
27
27
23
23
42
34
48
41
16
13
29
5
28
23
32
42
6
31
50
36
47
25
6
50
39
16
9
16
16
1
28
1
39
27
29
14
48
20
38
44
25
14
42
24
4
49
10
27
18
19
11
26
43
3
9
21
29
46
6
31
40
29
22
47
22
27
14
15
27
31
5
23
46
44
1
27
24
8
23
45
3
20
22
44
3
50
13
23
44
22
12
39
42
4
2
23
35
32
11
16
11
2
42
26
36
16
47
36
36
5
32
31
16
10
3
31
1
36
5
14
7
50
16
32
21
46
20
48
21
35
29
41
46
32
38
14
37
44
21
21
41
38
8
40
15
33
48
41
12
40
28
20
31
30
28
35
49
4
1
12
41
8
3
14
48
29
5
14
50
40
6
41
31
47
27
31
42
42
3
6
47
4
32
35
38
36
15
24
28
24
33
18
4
8
6
25
15
41
37
16
50
26
34
48
50
39
50
31
22
38
1
2
33
23
14
5
30
43
34
31
29
2
28
15
29
19
2
3
13
45
36
18
45
41
22
18
27
40
41
16
44
30
10
34
47
19
41
20
25
11
34
40
50
9
15
17
49
6
35
25
19
14
28
9
25
47
21
27
10
21
36
25
30
14
20
39
29
24
7
30
5
31
3
28
18
45
46
29
26
28
37
12
43
41
43
44
48
11
37
27
31
15
1
17
26
41
44
45
43
15
37
2
48
45
42
36
42
38
49
21
38
26
10
21
20
10
31
46
12
17
24
23
5
50
7
49
32
3
45
8
28
18
18
15
19
4
3
17
42
14
44
37
37
15
12
8
4
16
47
12
44
43
4
50
40
33
29
27
19
10
18
26
47
18
31
43
35
10
47
1
14
45
37
13
36
31
34
15
47
50
6
8
36
8
49
39
47
19
17
24
35
21
14
34
50
45
26
49
13
29
39
46
6
23
37
49
5
17
1
9
32
47
34
14
5
41
44
11
32
45
40
11
12
19
42
38
29
24
38
34
17
49
48
43
28
41
41
42
31
48
37
19
16
22
8
47
29
42
21
7
47
25
38
15
11
11
9
43
27
27
36
38
42
3
47
2
47
36
43
4
21
48
5
43
47
43
6
39
41
7
50
35
28
14
16
10
3
9
49
25
24
5
4
47
15
29
38
9
31
4
37
8
15
48
13
37
49
21
11
8
43
27
27
41
42
10
8
36
47
32
50
26
23
4
5
16
28
36
47
2
28
12
35
33
44
18
19
11
35
13
29
8
26
25
12
39
48
50
45
46
35
4
42
4
46
18
11
9
8
3
12
27
38
49
5
34
39
3
15
9
39
48
8
47
47
42
16
40
18
39
38
29
34
31
16
24
11
41
19
23
45
20
35
45
37
46
39
24
35
37
2
14
10
10
44
18
48
50
18
13
29
34
29
32
20
9
14
41
26
24
13
4
12
46
46
9
17
27
6
6
49
24
17
33
2
36
35
18
50
49
8
34
12
21
22
3
16
42
50
22
32
18
24
34
29
6
32
5
47
25
42
5
30
13
11
11
10
30
49
8
12
46
47
30
37
27
26
2
50
21
5
48
22
49
2
36
49
23
1
39
1
27
46
10
32
11
3
1
48
26
4
42
7
19
19
28
40
24
50
11
31
15
40
34
35
36
45
35
27
23
3
21
28
34
50
1
31
33
40
29
38
40
10
16
48
48
27
11
27
9
14
17
45
31
48
12
31
15
33
3
29
11
45
22
9
23
26
48
33
43
32
42
36
7
35
47
12
8
39
6
1
25
16
10
31
14
21
28
39
28
4
20
7
19
12
41
34
35
6
25
18
43
21
18
40
7
13
10
30
35
30
25
41
37
25
22
10
15
27
7
7
41
26
43
5
21
1
44
28
9
5
24
38
13
48
16
18
5
25
37
34
32
48
1
42
34
23
22
42
50
17
38
13
11
42
14
40
28
23
35
44
30
3
36
5
33
27
3
28
1
5
45
46
47
6
24
42
11
24
3
33
19
10
40
2
18
30
42
48
24
16
49
46
49
7
27
19
13
22
1
14
5
