8
22
17
4
21
42
23
12
50
35
27
14
17
15
32
2
13
27
23
36
29
14
14
13
21
34
17
37
12
14
13
7
37
19
29
1
14
40
1
5
5
14
3
12
19
39
3
43
36
22
50
29
40
28
48
25
19
18
43
47
19
33
32
1
36
5
6
46
42
49
34
2
30
35
38
8
5
24
26
8
48
40
16
14
47
25
12
21
22
15
33
11
14
24
3
4
39
36
6
6
34
43
19
44
25
49
29
10
37
17
5
3
11
31
44
28
41
34
3
34
33
15
15
9
10
13
33
4
48
16
42
28
6
3
43
13
40
18
46
10
31
32
31
18
40
7
7
38
1
13
33
12
45
31
19
28
27
31
13
43
7
36
17
31
40
10
45
15
35
24
34
10
8
36
17
9
33
26
33
21
22
37
29
12
50
47
44
27
7
16
31
45
50
28
37
34
36
18
29
4
37
36
7
9
1
48
29
50
21
30
37
37
4
37
3
1
12
41
21
1
22
18
49
22
23
9
42
31
40
11
8
3
28
19
39
43
18
36
29
33
3
21
40
47
20
22
40
47
24
47
39
49
9
40
49
15
33
27
29
15
1
15
1
7
15
17
10
32
10
39
33
6
30
23
41
45
47
43
44
29
32
43
29
18
49
20
8
17
42
9
6
27
47
15
24
20
41
15
36
26
31
18
31
10
46
44
38
36
17
24
45
18
39
25
44
43
20
3
2
42
46
8
8
1
41
14
23
50
19
38
6
43
1
40
4
32
5
42
25
20
33
18
10
23
28
38
17
21
18
49
45
5
4
48
2
13
42
23
38
29
12
15
33
16
47
32
20
30
5
17
35
47
40
41
24
42
33
14
16
37
32
1
37
10
12
7
18
7
11
16
37
42
10
21
6
46
13
45
4
45
39
5
32
32
48
29
44
13
2
22
32
36
3
14
7
38
3
20
25
2
49
11
21
33
15
46
37
45
12
24
45
6
26
34
35
50
5
17
18
27
45
47
22
18
13
19
34
33
3
19
38
37
10
44
8
45
17
33
43
25
28
21
46
30
50
33
26
47
41
2
38
25
42
3
36
50
37
16
3
20
4
49
38
7
14
21
43
17
50
2
38
47
17
38
33
33
48
3
28
2
3
38
46
5
32
14
1
12
10
29
34
41
27
16
31
7
39
47
4
29
45
34
11
47
8
31
10
4
35
30
45
2
25
15
48
34
15
35
40
49
26
28
40
9
7
17
13
2
36
20
22
45
26
18
2
22
14
14
48
49
16
50
19
3
11
42
9
16
39
35
21
45
50
6
12
30
13
20
15
39
6
35
41
11
29
27
44
28
2
3
24
17
45
2
23
1
29
23
2
29
41
35
9
38
43
7
30
19
9
39
45
27
4
19
45
50
1
14
42
45
18
50
50
15
5
20
6
17
35
27
18
23
15
37
23
46
12
47
36
35
44
17
48
50
5
26
47
33
10
5
39
16
48
7
47
25
32
45
31
2
38
41
23
44
10
33
21
10
31
41
44
32
39
25
45
17
19
39
20
37
26
21
45
4
47
22
5
31
19
19
14
24
15
21
28
45
37
45
10
12
26
3
10
14
22
50
40
21
47
13
13
11
37
3
22
12
8
30
25
11
41
18
3
37
20
37
47
29
31
7
22
26
48
49
30
42
39
50
25
21
21
48
27
35
45
12
33
32
16
39
16
41
9
20
4
30
33
19
8
7
43
41
28
1
19
46
24
17
6
19
26
29
35
30
23
49
25
2
48
14
29
9
3
44
13
1
43
49
19
21
37
16
7
8
42
49
39
29
10
14
29
24
2
4
23
18
4
28
16
13
46
28
20
22
38
35
35
44
6
40
29
1
21
11
48
39
26
1
6
21
40
4
23
39
32
43
21
6
2
2
23
29
48
32
13
1
45
49
13
35
20
22
49
25
28
3
25
47
50
1
42
17
44
14
9
46
8
25
9
30
21
15
42
37
19
30
38
11
19
48
35
48
35
17
10
1
25
38
25
3
23
4
25
20
31
33
32
1
7
36
10
46
18
22
4
41
31
11
33
1
30
4
13
40
17
37
12
38
23
16
23
50
29
27
38
3
43
10
6
49
22
39
5
43
18
6
45
37
8
38
14
16
10
29
21
12
19
44
35
5
37
15
2
21
31
43
35
29
25
47
21
34
17
22
17
24
33
44
30
38
16
42
43
16
45
18
9
47
43
22
10
44
1
2
50
14
40
46
7
42
50
50
41
27
18
22
26
24
34
48
