31
15
23
27
33
9
25
48
29
43
45
17
2
7
44
48
29
27
33
21
12
8
36
18
2
24
18
48
44
44
33
20
40
24
42
36
15
25
18
44
34
18
2
34
8
39
39
46
49
2
37
12
7
49
31
34
45
6
12
48
19
49
27
34
43
10
26
16
18
21
41
44
41
49
47
47
6
38
42
43
8
35
27
23
6
10
48
31
27
10
18
3
30
24
34
27
37
20
29
6
43
14
9
20
42
28
11
31
40
45
50
22
35
33
20
4
24
28
31
14
10
31
17
3
45
22
6
24
23
16
40
3
31
6
9
49
1
44
35
20
37
26
7
12
37
21
46
49
20
5
32
35
30
20
44
24
50
30
37
28
35
44
24
24
11
34
37
42
38
48
16
10
31
47
31
22
28
42
16
14
30
10
42
42
26
13
27
16
46
6
48
15
18
24
18
12
14
37
30
35
19
17
27
26
35
25
29
20
37
4
44
19
22
7
39
36
17
36
42
50
12
3
4
16
36
24
15
36
14
49
19
14
11
6
36
28
45
19
5
34
39
21
21
6
21
14
31
35
24
32
29
27
18
27
2
12
13
2
49
43
49
36
42
13
45
25
39
43
45
12
45
14
9
37
46
25
32
48
29
33
10
5
38
5
17
29
36
5
38
10
11
30
32
45
31
41
50
16
18
23
26
23
2
46
39
23
15
40
16
38
30
29
44
39
23
18
15
43
23
39
26
7
13
38
1
13
20
21
35
50
8
43
11
24
2
50
26
16
20
27
35
36
1
21
39
25
27
48
49
21
24
48
9
35
15
4
3
19
23
25
39
38
26
48
26
13
17
7
1
22
49
28
16
34
38
45
11
19
15
45
23
31
3
46
8
3
40
9
38
5
14
18
2
45
47
43
44
20
10
27
30
42
16
10
6
16
21
50
30
33
44
8
12
18
40
4
17
22
19
16
50
28
10
30
25
16
41
48
34
32
20
10
5
31
21
19
40
42
46
2
44
15
19
9
35
9
44
6
7
7
34
49
37
3
27
23
48
9
47
20
46
30
3
45
18
11
1
35
20
22
4
29
10
3
4
12
34
3
46
42
34
23
40
8
11
10
37
18
48
31
36
44
25
24
27
35
20
25
46
27
3
3
12
36
34
12
37
13
48
6
32
6
6
9
9
14
14
8
42
47
19
12
45
19
18
46
44
49
15
13
24
32
28
44
11
48
5
16
41
29
28
50
20
42
6
26
32
42
7
20
40
5
9
16
5
40
3
45
44
23
46
40
14
49
17
28
11
4
31
18
39
22
17
4
16
36
38
14
7
19
22
9
23
8
20
22
10
7
22
32
26
8
9
8
24
8
13
12
23
17
1
37
6
39
9
2
8
15
36
28
24
38
13
8
15
6
32
9
45
29
47
5
27
1
10
3
20
9
11
32
41
14
26
46
50
20
15
16
13
36
18
42
42
31
33
37
28
14
19
45
43
2
34
12
47
10
1
43
13
11
5
13
20
12
16
8
1
28
38
29
28
47
39
47
10
1
31
5
50
31
3
3
30
17
11
21
1
29
1
38
29
42
50
25
37
19
17
36
15
3
31
8
38
12
38
26
12
40
35
1
12
45
10
46
1
29
27
33
38
11
8
21
18
42
37
42
15
28
29
46
25
24
2
6
4
36
8
2
32
44
23
2
42
6
25
22
34
45
25
45
16
37
33
46
4
15
32
8
9
14
16
36
38
18
15
22
3
48
15
10
50
20
41
22
47
6
32
22
32
44
35
20
20
9
8
47
2
37
50
9
11
29
32
31
22
42
11
37
29
39
44
29
1
37
48
13
34
47
4
30
2
27
49
24
13
12
10
12
13
7
30
13
14
41
28
11
17
14
27
4
6
30
32
21
36
47
35
3
49
50
15
5
36
20
34
29
4
25
35
50
6
26
8
15
45
39
4
16
20
22
21
39
41
25
13
23
9
48
41
10
48
34
18
37
29
20
6
37
18
44
24
11
17
44
25
15
10
22
15
7
15
12
49
17
35
8
5
48
50
12
48
49
34
50
21
11
9
49
19
47
39
22
20
45
37
7
23
5
33
50
44
29
49
44
15
7
42
8
8
4
25
26
9
3
47
11
45
19
22
9
13
37
11
6
5
50
22
43
22
36
37
16
20
5
19
16
10
36
36
37
3
34
5
32
45
4
30
47
12
43
48
4
33
37
1
28
4
11
21
46
7
18
21
38
45
43
8
36
36
46
50
5
17
4
45
35
13
7
17
37
