43
17
23
41
21
35
10
5
8
43
29
2
28
26
32
7
35
23
23
23
45
9
6
4
5
17
3
48
2
45
5
21
7
25
32
27
33
27
20
24
49
8
21
36
18
35
16
25
36
18
8
5
21
40
45
50
12
43
30
17
35
24
48
26
38
6
26
37
49
37
14
43
46
29
17
27
6
15
5
33
11
44
27
9
26
49
4
43
7
49
31
17
10
29
28
29
22
10
39
38
32
50
44
31
32
2
49
46
7
3
15
42
38
1
50
39
6
42
28
15
44
49
7
13
46
6
22
8
25
47
22
23
26
6
43
20
42
46
3
18
43
23
18
49
2
21
36
49
14
48
2
28
25
19
31
28
9
1
9
10
21
45
45
49
34
6
21
39
31
43
50
33
11
27
45
29
27
7
48
37
35
36
16
6
38
10
23
13
8
5
41
14
13
35
39
17
27
43
2
10
45
20
46
42
49
16
35
23
2
36
41
5
49
36
24
30
25
4
18
37
24
17
5
34
16
30
4
49
11
45
43
15
46
6
6
2
7
27
22
14
18
43
44
36
50
26
22
50
25
25
47
16
35
36
4
10
3
21
45
23
33
21
19
2
9
48
30
20
2
25
37
50
31
8
46
35
31
7
40
5
22
36
13
31
44
21
15
7
21
10
38
2
17
6
39
33
46
28
34
26
6
40
11
18
32
15
19
29
31
45
18
45
50
4
30
43
43
39
48
1
36
13
16
11
34
25
7
21
29
5
43
50
34
46
40
49
1
14
20
40
32
45
42
33
48
38
4
49
4
22
15
9
40
4
11
31
46
44
24
22
3
47
28
32
8
30
12
20
29
44
18
37
47
41
5
29
23
7
39
37
15
15
2
46
10
22
32
12
17
1
8
13
3
9
45
26
5
13
10
17
16
46
39
10
14
11
48
32
1
29
19
38
33
5
5
33
43
11
1
27
21
41
11
45
13
49
11
16
19
35
13
12
35
41
29
9
47
14
46
18
36
19
8
39
16
42
13
25
46
9
36
18
20
13
33
19
8
6
39
4
32
48
2
3
6
13
12
42
15
44
36
41
32
4
36
22
31
2
20
13
33
49
3
19
8
11
27
28
20
6
25
2
31
18
21
10
2
21
27
42
41
47
46
12
25
24
33
31
18
2
25
25
25
48
16
6
19
38
28
3
23
27
44
32
47
48
30
42
28
14
18
23
27
32
46
39
27
40
15
30
24
3
44
41
47
37
5
33
46
2
41
33
36
6
11
26
23
5
30
7
17
37
39
50
17
32
26
3
26
14
26
37
1
2
42
8
11
21
32
26
48
45
28
21
18
50
37
35
50
45
5
38
5
16
38
11
13
5
26
32
11
43
41
7
30
4
50
1
30
26
16
39
48
49
10
38
5
12
50
2
43
47
35
19
45
7
37
5
26
3
37
36
13
42
2
4
39
4
40
44
38
17
38
5
23
16
16
32
30
15
10
32
21
43
20
28
15
44
45
44
3
36
6
13
1
42
2
47
23
11
8
22
23
13
11
10
14
35
35
3
33
38
4
44
8
31
28
46
35
1
32
16
48
48
36
27
46
16
12
39
25
38
50
38
28
48
14
5
6
17
39
33
15
31
27
50
28
37
6
46
15
25
16
7
45
24
33
39
23
38
50
26
32
29
19
15
5
13
26
38
16
46
1
18
2
36
22
39
18
49
10
23
1
1
33
14
49
22
4
40
15
17
6
34
26
48
28
39
29
34
12
35
43
37
35
27
32
34
49
50
7
17
47
41
24
14
31
18
50
28
32
33
21
24
8
47
49
17
22
6
38
21
41
49
25
4
9
25
45
15
18
12
35
32
14
35
36
35
22
30
34
39
37
24
43
13
36
8
32
12
18
5
30
30
49
36
40
31
20
13
48
20
1
31
50
42
2
43
12
41
29
16
43
47
37
44
6
46
47
17
40
10
14
43
23
13
48
2
45
50
14
38
47
9
6
45
49
50
40
4
17
45
45
20
32
37
32
48
7
8
9
8
43
46
48
10
2
20
36
21
17
30
28
50
36
49
49
14
44
49
37
18
22
44
28
19
36
26
40
32
39
18
33
46
18
18
31
40
39
13
36
15
8
34
37
36
21
10
40
12
8
35
45
13
47
20
36
20
20
38
26
43
16
48
25
41
22
43
29
34
47
32
4
5
49
50
41
20
28
30
11
24
19
19
45
5
26
1
4
7
11
40
49
13
50
15
30
27
1
36
35
16
49
4
45
24
28
35
29
40
