13
46
37
27
47
2
4
45
2
47
12
18
49
42
35
1
5
40
36
39
2
21
48
49
42
15
32
21
40
38
33
12
5
47
39
37
11
8
23
27
44
49
16
10
19
11
13
48
23
24
4
47
10
44
17
22
47
48
46
36
39
19
33
30
38
5
43
29
46
48
27
9
38
7
15
38
43
31
33
25
45
9
25
41
28
13
35
26
23
20
19
27
48
5
25
16
38
26
35
20
13
44
50
17
22
41
46
17
4
48
26
1
19
43
15
45
14
17
2
13
13
40
20
19
5
38
37
34
50
21
49
8
15
17
31
49
33
21
15
42
2
9
23
27
21
9
23
7
41
39
26
48
22
44
44
41
4
50
43
36
13
13
6
12
7
22
8
11
38
17
38
47
35
37
5
11
18
14
15
3
34
18
9
24
29
44
24
39
33
49
42
50
8
18
37
46
15
8
26
45
21
39
46
19
38
33
11
26
28
49
18
10
1
38
47
5
5
14
29
16
39
18
11
46
16
7
36
16
22
35
27
38
43
16
33
44
28
39
28
39
49
12
28
48
20
17
35
27
1
14
7
1
28
3
50
3
5
1
9
20
24
31
15
1
27
18
35
36
46
32
8
41
19
43
15
43
11
9
25
23
24
37
39
48
26
29
21
36
26
18
37
7
44
41
24
34
41
47
8
48
32
25
47
25
14
47
5
20
42
31
41
42
11
32
43
1
21
41
31
3
17
50
14
10
18
35
42
44
15
32
41
36
45
7
16
43
32
17
43
45
2
21
27
18
12
49
36
22
31
35
20
6
22
17
48
32
21
24
33
9
26
39
19
9
44
28
22
27
25
36
16
47
26
44
3
25
19
42
42
19
2
32
34
33
31
44
20
28
17
44
44
14
3
40
17
42
4
5
20
3
34
50
49
18
29
27
22
1
7
46
36
9
19
35
42
38
8
17
27
29
2
13
41
27
18
47
7
17
31
46
49
39
8
25
9
5
15
16
37
28
43
20
18
13
39
33
36
39
34
26
13
23
9
35
36
47
7
36
19
39
31
7
34
1
13
5
24
32
30
46
49
37
50
5
7
11
21
40
7
7
50
16
34
20
8
1
7
47
12
40
8
28
11
50
48
26
49
49
49
48
7
50
3
23
29
27
20
16
32
36
43
32
22
20
20
30
30
49
4
1
8
31
38
27
29
20
14
42
26
44
37
49
16
24
29
10
16
26
34
48
44
12
20
18
10
49
48
20
2
13
13
10
47
29
7
6
6
47
3
33
19
12
38
12
12
23
43
1
42
41
37
16
26
16
4
5
14
47
28
10
50
7
17
48
12
29
8
33
31
34
25
9
43
3
37
41
43
13
11
36
16
7
46
44
14
22
31
2
4
32
44
11
21
47
2
44
41
7
19
38
20
33
34
12
15
3
37
41
47
32
9
8
29
33
15
42
45
8
46
43
23
12
34
30
23
1
3
26
33
24
46
41
16
6
41
40
25
37
43
48
30
36
22
15
5
46
28
47
25
32
26
40
27
26
46
1
48
4
42
50
18
31
49
26
40
27
18
14
36
38
38
20
14
8
16
19
1
41
34
33
28
16
22
49
23
43
39
7
5
19
29
40
23
32
22
1
31
37
44
1
5
8
47
22
36
6
6
6
42
8
37
23
5
50
21
25
50
50
46
44
50
27
12
31
39
36
30
9
15
10
22
36
12
50
13
3
39
3
8
10
3
1
37
26
1
49
29
27
48
15
26
35
24
44
43
4
43
41
29
5
48
24
50
39
49
27
13
31
48
21
11
45
30
35
11
32
17
13
32
38
25
32
38
28
44
46
7
33
34
19
18
44
19
13
23
4
14
29
44
39
29
3
47
37
29
47
31
15
30
18
6
26
14
43
41
33
2
14
10
9
45
2
14
22
7
22
8
42
24
2
38
18
17
14
4
7
27
27
5
15
7
15
6
43
38
47
48
15
45
4
4
8
23
31
13
37
14
7
34
19
27
41
5
5
4
32
24
30
16
14
39
35
2
36
22
12
41
46
14
29
13
40
19
16
35
7
18
36
14
37
35
26
32
32
12
13
39
39
26
2
13
42
27
4
38
3
5
1
13
19
48
22
11
23
22
12
17
39
47
33
15
23
14
6
43
8
32
46
7
32
18
14
45
28
17
27
5
7
35
46
37
13
44
30
45
18
33
49
44
4
37
50
12
33
38
21
6
41
27
31
33
50
27
3
17
41
36
19
17
19
22
34
8
46
39
34
13
45
42
10
