13
8
23
23
33
5
44
28
16
2
3
18
15
22
30
35
1
44
26
16
42
20
22
1
15
36
42
3
19
16
40
37
48
38
42
5
22
24
48
47
44
21
25
10
32
10
40
2
31
13
20
21
42
43
12
40
35
48
22
50
50
14
12
5
9
47
49
40
23
25
36
32
42
41
5
8
37
9
14
46
2
42
26
44
17
35
50
6
24
42
41
44
50
14
36
25
19
47
5
2
21
10
43
1
9
3
43
17
21
10
49
29
17
7
1
18
38
24
5
14
38
25
47
14
41
3
28
27
31
3
40
14
20
35
33
49
33
40
42
30
16
49
49
41
19
42
47
8
21
43
1
49
35
24
27
30
46
25
40
23
9
29
3
39
9
18
23
38
23
8
18
10
49
2
7
43
20
33
30
3
37
9
25
26
39
37
19
12
42
31
6
2
47
9
43
28
33
8
43
43
45
10
11
45
47
7
5
8
2
41
13
14
14
45
37
13
14
5
23
27
24
1
23
29
20
17
31
4
32
38
1
41
19
33
14
12
23
33
15
4
17
11
34
19
37
18
23
23
2
4
17
9
49
36
37
15
33
29
36
48
44
7
2
10
23
36
13
43
33
46
15
49
45
50
42
26
21
40
6
7
5
2
25
30
25
29
43
4
9
43
29
1
29
31
12
13
39
6
44
8
37
3
17
17
12
15
21
10
43
18
50
46
49
4
29
14
21
20
40
7
36
31
6
1
45
28
46
44
3
32
17
38
43
26
20
49
44
27
17
41
18
38
12
12
28
45
11
17
37
6
15
13
45
46
7
9
12
46
11
40
6
37
28
25
16
23
23
26
4
7
45
20
14
20
20
5
39
15
44
18
5
23
22
24
13
32
16
26
45
41
1
14
18
50
3
25
25
23
47
7
50
43
42
2
3
50
37
33
35
31
49
41
50
21
24
15
22
14
15
35
43
13
31
9
9
14
24
12
44
8
1
13
2
1
19
29
41
17
44
17
33
31
23
48
9
50
48
5
27
41
21
46
1
35
22
6
33
25
18
19
46
17
29
8
11
17
28
16
15
13
10
5
11
29
29
6
43
2
10
14
31
15
24
41
8
47
19
49
25
39
34
15
44
2
45
5
17
10
20
26
50
3
30
47
50
41
32
32
19
29
19
24
7
28
17
19
27
42
42
3
43
1
21
26
43
20
6
5
13
29
43
48
31
32
23
32
2
29
28
34
39
22
48
6
21
4
40
48
33
16
25
39
1
23
14
31
42
20
18
1
11
25
5
27
28
21
29
29
5
2
10
31
7
22
20
13
42
46
16
39
37
38
21
13
49
37
27
6
27
50
47
42
1
42
5
28
32
40
36
11
11
25
42
36
44
15
9
32
33
50
16
37
36
30
38
1
7
33
37
25
22
35
43
1
8
36
6
36
10
4
47
46
49
12
32
29
5
45
27
35
47
24
22
14
47
20
4
7
17
10
13
41
22
42
26
2
39
11
42
34
25
8
26
29
24
39
28
42
33
27
35
50
1
23
39
33
18
40
50
9
30
41
6
25
38
5
21
19
8
14
11
40
21
13
17
33
19
49
14
43
44
39
19
37
9
39
46
36
43
49
20
32
46
24
18
44
3
11
6
4
3
33
32
4
49
42
20
17
45
16
50
47
47
46
6
24
42
11
18
49
29
8
33
24
28
5
47
18
32
32
29
45
50
3
39
50
36
8
44
33
16
6
46
39
18
21
38
50
3
41
32
17
34
32
23
33
31
48
32
42
14
33
34
1
14
26
30
1
43
33
4
26
27
16
18
25
50
10
35
30
31
21
31
19
19
46
17
48
4
48
38
34
21
27
30
6
47
29
23
5
46
36
18
25
8
18
4
28
31
44
5
19
2
11
2
45
12
49
4
13
10
45
23
47
9
43
40
40
1
15
28
48
21
50
31
25
37
48
5
9
4
19
33
21
31
26
48
4
20
7
15
21
33
19
35
7
1
41
50
47
46
12
43
33
30
17
29
3
26
16
15
23
12
22
10
20
6
15
31
11
36
20
33
2
18
21
4
14
4
16
15
2
45
21
34
27
36
30
33
1
40
46
32
3
20
5
14
34
14
2
10
43
49
2
8
25
26
18
39
32
36
13
12
36
5
22
50
31
45
39
38
39
26
9
11
41
4
24
13
33
13
16
11
42
19
46
41
22
47
9
46
33
4
24
33
17
3
5
42
48
40
42
28
35
21
26
41
7
24
21
8
46
37
26
31
14
38
19
43
15
