50
38
28
42
8
18
50
22
43
21
50
11
8
31
10
13
2
11
48
49
45
7
20
49
11
25
2
46
36
42
39
16
25
50
32
25
19
13
19
6
41
29
47
36
8
23
28
42
14
22
13
44
30
17
48
21
40
29
2
1
47
8
31
23
37
39
18
50
26
32
6
40
13
19
37
7
11
36
15
32
48
50
48
4
16
7
50
50
34
10
20
28
44
1
4
37
37
39
50
30
29
2
32
29
4
44
50
34
29
23
17
13
45
43
10
1
50
23
5
31
3
12
7
49
20
47
21
34
40
5
40
1
10
23
6
20
20
50
23
11
36
43
22
7
19
11
40
33
2
16
37
32
50
5
23
5
28
29
31
4
40
23
9
7
16
13
16
5
26
49
9
13
42
20
24
49
34
49
44
50
6
37
24
12
10
42
3
25
28
7
5
48
46
35
2
18
12
16
45
20
44
28
1
50
35
39
41
5
15
49
14
23
44
10
38
41
28
47
42
4
19
24
1
3
28
24
7
42
42
34
49
3
50
2
46
21
4
48
29
12
7
6
43
9
3
28
13
7
31
21
12
9
35
20
3
39
36
30
8
6
17
39
22
32
46
1
46
8
24
25
40
21
22
25
49
27
33
40
30
22
35
41
29
6
33
3
22
42
9
16
15
8
21
12
44
21
47
34
13
21
20
38
30
36
16
39
17
47
28
41
22
10
41
35
34
30
12
4
24
2
31
28
19
48
34
6
3
31
50
30
36
23
18
22
29
49
6
33
36
32
23
19
43
18
49
14
17
50
44
2
38
4
8
11
34
46
47
41
8
16
23
24
47
30
47
8
3
8
10
11
49
18
18
29
44
10
14
6
38
3
33
17
9
11
35
15
16
30
5
25
11
31
31
33
43
26
50
4
44
45
29
15
42
24
23
18
22
5
32
4
34
46
32
22
34
38
21
18
22
9
2
28
43
5
10
34
9
36
34
17
31
12
27
45
50
17
17
26
1
11
45
37
46
46
14
11
26
4
9
22
47
16
4
21
31
2
46
34
36
32
48
32
21
13
35
26
31
2
2
11
16
44
46
26
45
16
30
24
11
6
7
16
13
4
9
22
3
35
39
39
5
11
49
20
17
12
11
4
1
28
32
19
12
48
18
3
31
8
9
11
11
14
42
31
27
35
5
32
23
10
7
24
10
8
41
28
11
36
6
6
15
14
19
32
39
46
37
17
17
44
27
6
6
36
4
50
26
27
42
20
41
49
50
16
19
22
32
7
31
15
15
31
20
26
45
16
17
47
27
9
43
13
22
43
7
20
24
21
18
6
21
34
22
29
25
9
12
44
4
19
17
14
45
50
33
3
36
10
49
5
27
1
38
6
14
25
15
17
46
44
36
44
3
14
19
45
17
15
42
47
40
28
49
38
20
8
29
7
9
39
10
40
19
1
6
43
35
36
35
21
23
39
37
27
45
37
37
24
26
50
6
34
17
37
33
36
4
13
23
37
32
23
16
28
37
13
26
38
5
21
19
6
9
17
14
47
15
14
18
1
14
1
49
50
5
9
36
32
9
22
29
10
11
26
40
38
17
41
3
42
21
24
42
6
41
26
3
12
32
47
24
47
5
22
26
10
44
39
10
35
46
8
20
9
30
4
19
4
2
1
7
18
25
16
42
27
30
47
25
37
15
34
27
10
31
25
6
7
34
14
38
33
21
40
30
2
10
15
17
49
32
19
27
43
7
2
46
30
47
18
5
11
32
11
7
13
7
46
13
28
50
16
45
48
35
48
32
40
12
26
13
17
7
13
36
21
24
24
50
15
34
22
41
41
18
46
14
24
18
49
45
7
28
5
14
13
5
23
2
48
22
49
50
14
13
20
29
20
32
2
26
20
38
42
26
41
8
8
36
39
25
39
31
37
6
27
13
26
22
1
41
8
45
47
26
7
4
39
22
46
3
35
34
24
31
16
2
21
8
24
24
5
43
17
13
30
22
1
35
19
21
48
42
47
43
28
27
32
10
10
50
34
8
23
9
47
4
25
44
42
11
44
4
46
2
35
38
17
37
48
20
9
18
8
9
2
3
18
34
47
7
9
46
36
14
17
21
7
6
8
22
22
11
16
9
24
44
1
48
18
19
47
1
15
44
3
8
33
31
45
37
22
31
12
34
37
41
16
38
44
28
31
28
36
49
16
9
20
34
5
23
10
33
10
41
15
13
7
16
18
25
29
5
22
36
40
28
23
12
50
37
20
14
15
48
19
27
27
43
38
