44
40
45
25
35
2
7
29
10
8
43
12
20
14
28
13
20
50
33
26
26
4
16
18
33
40
42
17
6
49
17
34
34
32
39
9
21
23
37
48
24
24
20
45
9
15
12
7
25
8
39
32
48
6
28
9
22
40
32
33
5
46
12
42
39
45
30
42
25
12
28
18
29
39
14
26
14
46
46
34
19
47
50
36
50
3
8
13
35
39
26
38
50
23
1
40
34
25
24
20
2
45
13
9
39
9
32
14
30
36
18
15
29
31
23
38
16
37
23
28
27
43
19
9
32
30
43
39
46
21
29
19
20
20
47
21
46
3
9
35
41
38
39
35
22
17
29
35
2
47
37
42
39
21
49
40
41
48
5
44
41
15
7
25
41
43
5
7
33
22
48
2
37
41
28
44
21
15
33
28
40
23
31
37
22
22
30
27
29
30
25
5
14
29
41
6
37
50
39
44
27
25
33
23
18
12
11
3
10
20
8
17
43
6
32
50
4
37
36
17
18
24
3
43
39
32
24
44
36
25
32
13
50
27
39
36
16
5
12
47
3
39
11
29
43
42
10
16
14
5
9
25
43
43
15
28
38
5
1
15
49
13
18
35
50
34
37
33
6
8
33
13
12
23
24
42
30
25
24
5
29
37
23
8
37
34
20
35
37
10
15
11
35
13
24
11
9
21
49
19
26
50
43
17
50
5
35
50
4
5
6
11
11
9
48
7
50
17
40
5
46
50
7
37
35
45
13
30
18
20
42
36
21
38
27
46
20
16
18
47
50
36
13
15
37
34
42
42
1
43
34
3
8
21
28
42
31
8
28
41
8
38
35
19
30
22
31
1
32
30
22
49
6
13
39
44
16
33
34
33
6
11
17
10
22
23
50
34
2
22
31
41
37
17
25
40
5
14
6
50
47
30
23
40
40
46
17
12
32
48
34
12
32
43
45
43
9
29
37
3
45
42
13
23
24
39
41
6
27
50
17
50
27
23
8
9
39
42
25
9
50
24
20
32
9
26
3
13
20
40
4
11
34
7
46
22
50
50
8
49
16
9
39
9
45
40
36
44
18
11
45
23
17
26
20
46
14
17
47
19
22
29
15
29
31
33
45
50
23
22
22
41
24
18
30
32
33
11
31
32
26
43
32
6
40
6
10
5
35
25
48
21
36
43
37
12
23
35
20
42
24
19
7
26
35
42
50
26
34
27
2
39
25
25
43
35
47
31
14
1
3
9
36
19
14
41
29
44
39
36
8
47
29
23
12
41
23
28
46
43
18
44
29
11
27
4
21
10
24
11
29
34
11
2
34
1
3
24
43
2
32
26
10
34
30
40
8
6
41
2
42
41
8
23
3
31
12
37
46
30
29
26
48
38
43
9
12
30
43
47
19
21
21
22
45
45
30
39
47
46
12
39
32
22
41
29
20
44
14
7
7
50
35
14
45
44
8
9
24
42
34
44
10
41
42
8
32
14
39
13
29
5
18
27
7
42
49
25
49
9
19
21
13
28
37
35
41
3
4
36
13
6
18
46
39
23
50
14
35
25
38
37
17
49
27
42
16
15
31
6
24
37
12
45
10
24
5
45
21
40
25
41
8
24
31
30
43
44
4
5
43
9
18
9
26
36
44
13
16
42
4
15
15
35
32
36
50
35
11
25
44
3
25
50
46
19
23
38
4
42
32
7
12
3
16
23
13
9
3
12
30
15
26
19
27
14
26
13
4
25
11
32
28
29
26
43
10
28
13
31
25
10
4
49
5
41
13
17
36
12
9
24
15
13
37
38
6
43
40
37
9
21
16
35
11
31
36
9
50
5
4
11
17
36
50
37
45
43
23
7
6
8
25
12
22
2
26
35
10
19
34
43
40
4
33
4
20
39
11
44
46
1
14
17
24
34
1
23
40
13
36
25
12
17
22
13
35
46
7
35
1
41
38
24
12
15
11
13
14
46
25
23
18
23
42
13
7
26
2
35
29
25
6
26
42
1
26
30
40
4
42
18
12
21
16
50
47
3
42
39
17
46
33
43
26
4
8
48
19
9
34
28
9
15
4
47
50
8
28
44
7
10
17
13
31
21
31
10
8
19
6
47
18
32
21
37
46
38
22
30
27
42
37
44
44
19
11
42
34
24
47
29
43
6
41
6
14
34
41
12
3
38
4
6
12
3
15
25
20
39
37
46
17
32
39
24
42
50
42
17
45
43
33
36
28
49
50
10
7
45
21
30
18
28
49
16
9
29
42
8
18
24
23
9
1
28
25
46
44
23
