37
47
34
8
35
35
42
19
7
24
3
20
35
15
20
27
23
42
13
7
19
11
6
45
32
29
46
42
42
50
30
21
17
41
10
27
30
47
24
23
24
14
17
29
26
23
19
36
49
22
26
37
45
30
29
1
22
13
7
34
43
3
31
46
47
16
14
22
42
28
28
19
37
46
14
29
22
34
11
44
1
39
15
43
37
38
31
10
34
7
21
21
38
20
38
46
4
34
11
22
36
37
48
40
44
47
8
38
48
16
14
12
46
39
35
35
9
15
6
10
1
12
37
17
16
43
5
44
21
33
8
24
38
30
28
17
14
9
21
35
21
1
5
43
7
3
28
17
43
12
32
48
28
49
23
21
8
19
25
28
34
49
45
20
7
30
26
31
43
41
50
15
9
14
7
13
40
47
42
29
43
38
40
45
30
12
33
17
41
47
47
8
41
32
5
32
29
10
49
39
48
15
34
7
6
10
36
49
1
31
23
15
47
8
46
5
47
41
7
7
16
11
44
7
19
20
8
28
35
25
26
47
15
1
15
17
13
24
5
50
39
35
45
5
48
30
38
34
30
18
11
34
2
42
50
9
32
12
42
5
21
25
39
34
10
47
25
7
17
40
19
23
13
30
39
6
45
47
38
45
2
21
31
14
13
2
40
25
23
3
24
14
47
31
20
18
13
24
7
28
4
37
31
15
43
9
12
47
1
1
4
7
37
44
20
47
32
1
17
43
41
1
6
8
26
37
7
21
46
50
33
33
46
37
20
43
6
38
9
34
49
16
41
9
31
50
26
48
17
21
13
21
39
14
14
7
25
5
25
25
24
29
28
41
44
8
35
34
38
6
45
43
9
25
19
38
4
32
40
18
2
4
33
50
35
36
24
45
22
3
16
26
38
7
6
43
14
25
28
5
15
45
47
45
4
28
26
5
13
39
15
25
34
46
47
33
50
5
38
38
13
7
43
20
17
28
7
32
1
24
45
13
10
22
36
10
49
7
24
20
4
39
24
27
23
44
12
47
46
47
41
49
11
13
38
49
46
16
44
28
42
14
44
36
25
32
48
39
27
14
4
47
21
2
1
4
38
36
7
33
45
7
35
44
48
21
46
34
21
13
27
37
41
41
47
2
38
44
23
23
15
23
12
41
33
39
14
16
45
32
30
33
24
38
9
48
44
43
33
7
32
16
43
7
3
24
37
30
38
6
16
2
3
39
40
44
39
6
3
23
22
7
13
5
17
16
1
2
36
5
18
47
33
20
33
13
25
40
35
36
16
4
20
35
30
33
36
35
11
3
21
17
38
1
34
11
30
26
26
19
9
4
34
48
7
16
11
44
29
39
46
28
35
20
28
45
9
36
19
42
24
31
3
19
34
50
48
27
47
10
2
15
25
24
29
25
22
10
30
48
41
22
29
16
46
48
49
24
34
21
10
41
18
41
24
45
32
30
12
4
28
34
12
42
47
31
14
13
43
2
45
23
15
13
28
13
17
42
28
32
15
27
6
10
5
21
12
25
44
18
21
49
17
18
9
28
46
5
45
43
21
7
15
10
10
4
16
19
40
50
23
13
41
36
29
22
20
46
48
24
40
6
2
9
43
34
21
48
41
33
25
2
3
29
31
18
31
8
44
11
19
34
35
21
16
43
7
5
37
44
47
18
34
48
42
44
27
48
42
29
29
38
38
34
2
18
41
14
37
22
48
47
24
34
29
43
24
32
8
31
32
39
50
6
11
45
25
25
7
3
48
14
20
29
9
41
27
24
46
36
26
15
43
11
29
29
37
45
28
13
32
23
32
39
45
18
48
18
26
14
19
3
49
46
34
45
28
21
24
49
2
22
4
24
41
22
16
33
20
44
7
15
35
17
45
25
49
2
39
46
11
8
31
18
45
20
14
13
43
2
18
4
26
33
12
47
5
29
47
27
13
18
16
14
11
13
45
4
15
37
49
40
13
26
28
47
28
3
23
40
22
44
2
32
8
42
23
9
20
25
42
21
28
26
50
7
36
31
4
21
47
29
45
45
7
4
48
33
45
33
21
15
35
11
28
50
31
3
37
16
16
21
37
5
8
45
40
28
47
4
32
21
28
21
36
44
21
26
20
4
35
46
21
38
22
41
38
24
15
20
31
31
12
10
11
4
13
6
47
27
50
36
2
50
45
35
48
7
35
10
8
33
1
6
1
19
25
7
14
12
49
41
38
50
38
50
2
26
24
3
29
17
41
21
9
21
11
14
4
25
34
27
25
35
13
43
31
49
28
44
