28
28
48
19
31
29
35
35
10
16
26
31
6
40
11
45
30
21
4
35
2
23
21
16
8
36
24
40
21
11
14
50
49
8
23
23
21
49
12
40
44
15
45
28
23
46
18
27
23
9
16
48
40
41
42
24
37
29
31
26
47
17
44
40
20
25
10
28
45
1
14
44
50
29
9
31
8
33
42
1
24
1
32
35
44
42
29
33
48
32
14
37
27
43
33
39
37
13
22
32
14
12
6
15
32
18
33
14
48
7
49
5
8
28
39
6
11
21
23
5
25
41
17
36
21
2
6
37
3
39
32
37
26
16
5
13
3
37
6
33
35
25
38
28
3
27
41
38
34
35
33
34
43
26
4
13
30
22
21
10
17
7
29
16
37
20
41
46
31
37
29
47
27
46
25
25
2
3
32
21
36
12
41
42
13
15
13
36
46
24
3
42
12
32
30
32
30
2
23
35
36
8
44
17
30
22
8
50
26
6
19
22
23
29
43
10
46
50
16
42
20
7
35
25
34
14
20
50
33
10
28
16
12
19
4
26
22
35
9
47
48
2
49
39
5
10
37
44
11
35
21
1
16
14
49
31
31
11
2
40
23
31
11
5
18
1
10
11
19
49
11
44
24
26
8
33
45
30
47
38
3
8
34
5
32
2
16
30
40
28
35
27
7
10
29
23
45
10
50
4
44
9
19
35
26
43
9
45
13
26
33
23
47
45
40
29
17
16
31
43
14
33
25
26
50
29
32
8
25
39
36
21
35
6
2
28
18
44
35
42
16
2
30
42
30
32
46
31
22
2
41
25
25
34
41
4
39
30
1
29
44
2
10
6
43
28
13
6
5
37
12
49
7
38
28
45
33
44
19
20
18
1
41
9
47
26
36
30
15
34
4
34
18
43
13
39
48
31
5
28
37
35
39
6
13
36
38
3
41
48
15
10
7
24
12
14
25
42
23
50
39
13
34
14
23
48
10
42
3
47
14
29
27
4
36
8
8
7
32
41
35
27
5
49
7
42
15
28
39
40
7
25
43
43
3
40
13
36
18
37
28
35
32
43
34
28
22
48
5
36
45
42
19
34
48
22
5
39
9
9
12
19
22
50
6
41
13
45
11
2
35
20
15
1
48
17
11
42
22
20
33
47
29
24
6
21
30
45
38
34
31
1
32
27
36
35
12
34
30
24
49
37
8
50
46
15
50
15
10
3
10
11
41
1
38
44
40
46
35
38
9
28
50
40
49
11
6
11
7
38
22
50
16
44
39
33
39
48
28
38
29
29
43
9
4
28
27
34
25
8
2
5
26
3
44
10
20
35
35
38
41
37
33
23
7
3
18
11
45
25
7
5
47
50
9
39
45
21
10
11
2
10
10
47
44
21
12
24
45
31
16
3
36
11
49
8
9
49
24
19
33
14
4
20
7
16
32
41
32
6
34
3
22
43
24
41
29
4
46
26
6
30
26
50
25
44
4
5
7
15
48
41
38
19
35
32
31
12
22
40
48
30
3
27
35
32
35
41
5
8
8
5
43
45
11
25
41
6
28
22
6
49
36
16
45
41
42
6
15
21
45
24
41
2
10
30
21
24
11
2
26
26
13
42
4
8
44
17
25
18
16
9
33
35
15
27
44
4
46
19
33
32
25
34
13
18
34
28
33
50
33
43
45
19
47
12
9
3
16
12
11
50
17
34
26
14
11
29
47
4
20
3
49
5
7
17
22
37
29
46
49
40
45
20
12
34
11
18
50
43
7
50
21
41
15
19
24
14
38
31
42
19
21
17
38
30
24
25
25
50
25
8
21
48
34
3
8
17
44
41
8
8
28
17
16
38
4
18
34
39
19
34
14
32
5
32
32
14
17
16
1
18
30
14
17
16
41
21
42
29
2
9
7
24
33
15
47
7
50
37
46
29
25
48
50
7
29
32
48
20
30
14
44
37
36
48
28
50
1
14
20
39
6
33
48
2
21
49
16
50
50
16
10
16
23
37
7
40
28
26
26
43
32
17
24
24
16
4
31
7
18
10
36
38
30
1
39
4
45
2
29
19
48
31
11
6
40
17
41
19
6
21
43
19
42
6
17
10
48
49
48
7
10
31
17
14
3
50
31
26
20
18
34
43
4
3
31
14
41
7
12
22
22
4
21
37
49
42
5
19
25
28
14
17
11
36
17
42
12
30
34
21
2
5
40
15
4
36
19
4
23
6
41
44
43
35
11
18
45
14
40
10
41
48
8
9
42
6
28
11
42
23
44
36
39
19
28
37
35
43
