36
34
18
12
43
9
6
50
20
32
30
32
6
34
45
29
49
29
24
2
20
14
24
50
16
34
5
33
45
46
27
27
4
48
39
44
45
29
28
18
32
22
42
41
38
32
38
39
45
31
28
23
45
33
37
37
46
6
2
3
35
19
6
47
45
38
28
18
34
14
1
35
48
24
3
5
44
35
45
31
20
13
47
17
13
49
14
39
40
14
32
47
12
46
50
47
20
20
23
24
43
32
28
14
24
6
5
23
29
30
29
37
36
4
46
41
16
37
21
23
12
34
30
17
17
42
14
34
39
30
3
21
35
13
19
38
47
23
15
6
30
12
37
50
1
22
6
9
10
25
31
41
33
5
25
48
22
39
28
18
26
26
22
49
7
45
45
18
9
17
48
12
39
13
17
27
39
2
37
5
9
32
21
41
6
45
43
8
31
14
22
26
30
42
50
36
45
42
7
30
17
27
37
50
16
29
48
2
13
29
31
9
31
32
11
7
4
30
5
8
5
11
33
5
47
21
2
34
24
1
8
7
49
29
27
30
15
44
41
44
31
2
21
30
33
20
7
41
44
42
50
7
34
24
11
31
39
32
37
44
35
45
19
48
48
25
26
18
49
21
14
26
24
25
16
47
31
8
30
20
41
12
24
24
46
50
24
1
34
6
19
50
37
22
26
20
32
44
50
11
42
10
43
16
4
17
4
28
46
16
47
12
5
21
39
27
47
35
16
27
19
9
13
14
22
21
6
41
17
29
24
34
4
4
17
20
38
7
36
46
2
5
25
11
34
35
11
45
5
15
9
11
26
31
43
18
38
41
28
4
40
36
44
31
12
3
5
44
13
16
17
2
36
6
46
36
39
26
37
38
11
23
43
31
4
29
42
33
39
27
38
26
11
21
10
8
24
5
19
7
3
21
2
9
43
16
9
20
9
29
33
36
33
22
19
16
11
34
30
44
33
10
45
27
8
3
7
34
18
16
18
5
32
18
7
33
46
37
22
40
29
15
34
1
36
34
35
44
6
48
24
18
18
17
48
33
44
6
1
43
22
2
39
40
25
9
36
18
14
40
18
16
17
50
23
35
10
46
23
43
24
40
42
46
15
14
22
48
7
27
50
29
4
9
26
31
37
13
2
49
35
34
16
9
6
9
30
37
17
23
30
12
7
22
27
47
15
42
43
12
29
47
11
26
21
38
12
32
20
38
30
32
43
31
22
47
43
21
6
24
28
22
33
17
1
50
14
16
50
6
23
34
16
23
16
43
18
32
7
4
6
45
43
30
43
28
12
17
33
49
26
6
28
45
38
33
50
11
4
9
17
36
26
9
35
5
25
23
1
10
32
49
1
4
42
36
31
37
48
14
15
35
32
13
38
33
40
14
41
35
6
47
19
2
43
21
21
24
43
21
12
47
21
27
27
10
32
21
28
9
25
33
29
18
28
18
45
42
44
8
30
47
44
3
28
46
21
19
20
4
34
11
48
8
43
29
18
15
46
12
37
39
24
46
17
41
29
37
34
6
45
48
2
30
23
45
49
20
33
46
35
18
19
1
14
19
26
20
32
2
39
48
28
49
48
9
4
46
14
38
30
31
1
40
27
41
16
49
50
9
27
5
1
17
37
16
46
37
27
31
25
40
8
24
6
4
21
6
44
41
10
12
43
41
14
36
48
35
37
17
21
50
34
12
36
3
45
37
36
43
42
47
46
11
28
23
48
27
25
3
35
25
2
35
5
21
18
3
38
28
16
3
5
31
42
37
34
4
27
28
33
6
6
49
33
25
10
2
13
37
16
17
24
13
15
27
41
29
12
29
7
24
16
37
17
1
42
38
4
48
31
18
27
13
19
30
19
21
9
37
44
21
13
2
9
15
20
21
48
26
4
19
14
33
30
2
50
32
32
16
20
24
7
18
42
28
43
7
45
4
7
35
25
28
16
20
34
16
26
45
36
25
40
29
47
5
33
5
8
26
24
29
26
27
39
31
26
3
16
5
28
10
5
18
35
9
42
10
42
43
16
20
41
29
11
38
4
7
25
29
5
4
16
23
4
43
35
27
16
13
42
4
6
7
33
29
16
7
18
2
32
20
1
21
9
42
9
48
41
7
48
22
8
9
29
45
47
41
50
2
7
29
35
12
36
44
24
6
6
35
36
6
9
8
1
26
40
20
33
46
13
37
2
26
7
17
34
12
38
33
15
26
4
50
48
45
37
42
1
43
7
6
18
33
25
45
4
10
33
27
36
29
18
31
9
35
16
1
45
32
