25
29
39
30
24
46
35
50
22
2
26
16
5
7
46
33
27
25
9
35
37
25
28
2
1
49
49
7
8
33
39
33
11
40
22
6
3
12
27
22
49
2
40
43
45
47
37
30
35
20
2
25
32
2
37
22
36
32
46
33
21
46
31
26
30
43
4
19
50
48
17
21
14
35
49
21
14
16
2
32
36
46
43
50
50
48
27
43
36
44
14
27
45
14
38
11
8
14
46
25
45
40
26
40
41
16
39
19
38
38
14
49
28
32
23
3
16
33
34
14
1
27
50
40
22
45
50
26
15
33
10
6
26
24
36
41
15
26
44
7
43
25
31
21
38
17
1
44
39
29
24
13
29
11
8
37
22
36
14
48
40
34
37
42
29
21
20
36
42
24
2
31
20
8
37
9
32
31
32
8
45
21
43
24
9
48
1
13
48
21
42
39
10
47
37
36
11
31
36
33
22
3
40
14
4
40
46
12
13
40
8
44
12
31
2
19
31
2
7
24
15
16
25
16
17
29
49
29
25
22
41
15
50
21
26
50
42
34
10
42
12
22
23
27
44
3
47
13
4
28
47
7
7
25
37
4
5
42
13
21
27
29
36
10
23
20
44
49
47
36
24
18
22
32
45
26
15
27
8
4
26
40
36
37
49
47
48
5
48
48
29
6
24
40
45
1
43
4
8
17
42
12
35
25
36
7
14
27
20
43
21
1
22
37
12
23
16
32
25
4
21
39
50
32
36
18
34
23
39
18
40
15
28
17
8
40
7
35
13
28
45
34
47
5
42
22
13
10
17
31
43
16
50
1
17
7
45
3
23
32
16
5
45
6
42
19
31
33
42
32
25
38
15
34
1
36
31
18
50
18
20
35
17
44
30
41
19
27
29
24
14
15
21
20
18
49
11
11
35
48
22
4
25
17
1
32
4
27
44
28
21
43
41
9
9
3
18
10
12
15
20
40
21
7
37
8
43
38
6
34
21
8
15
21
31
32
19
28
45
29
46
38
21
29
13
42
17
39
26
10
46
48
25
39
19
30
11
46
16
46
41
13
1
13
17
6
24
4
25
25
7
26
15
38
10
2
20
46
35
2
46
5
34
49
6
15
15
11
48
12
22
39
38
36
21
25
39
18
8
46
28
17
38
11
44
44
4
7
13
45
13
2
22
42
26
29
27
15
12
3
32
48
10
43
11
43
36
44
40
40
43
2
12
3
28
29
48
46
7
36
18
11
4
13
28
49
6
30
11
49
40
43
2
13
8
1
47
35
40
18
36
14
28
50
6
40
36
46
41
39
31
1
13
40
6
50
13
48
21
39
50
24
3
49
37
49
49
5
24
40
28
22
13
49
11
17
49
22
41
35
7
8
29
29
47
24
28
40
44
44
45
45
28
47
22
15
24
10
26
39
3
6
4
45
14
31
24
34
24
18
45
9
34
32
7
35
14
27
47
25
10
38
16
41
6
31
10
5
24
47
4
41
13
46
35
26
36
48
32
4
30
16
12
15
14
49
29
34
46
39
47
36
32
33
3
22
35
10
20
3
49
38
27
29
26
49
33
33
49
42
26
21
30
18
9
20
22
38
28
47
47
3
31
15
35
45
25
2
8
3
45
34
13
4
18
20
14
17
14
27
42
16
46
15
41
36
11
44
24
36
41
40
50
31
33
16
10
2
33
11
44
31
10
29
30
2
16
19
2
42
27
48
6
18
16
23
41
31
44
13
25
15
28
13
41
26
23
35
47
48
38
38
6
24
16
23
12
37
12
42
29
6
7
28
12
18
11
29
47
27
46
28
25
21
23
23
14
13
47
34
48
4
9
47
36
37
7
42
5
21
8
46
15
7
27
35
38
6
26
49
1
39
14
9
13
2
20
39
7
44
9
32
6
22
19
27
27
1
29
47
9
40
42
10
29
15
35
2
2
2
31
16
32
34
37
42
10
46
38
21
50
15
27
32
8
46
45
42
34
33
37
30
41
26
45
29
1
43
19
26
29
12
42
50
38
42
13
28
37
29
30
30
23
32
1
38
10
34
10
41
21
43
25
20
5
3
25
39
8
19
30
12
26
14
30
34
47
24
17
45
21
18
12
11
48
20
16
45
3
9
12
26
44
28
23
22
34
28
49
5
34
6
6
26
36
44
27
19
8
11
2
44
47
25
24
43
31
28
28
23
42
29
23
11
26
5
46
20
40
22
16
48
32
47
20
40
25
14
44
9
24
46
40
43
25
23
11
19
19
47
49
31
2
30
7
47
36
43
42
16
