28
45
5
41
1
14
41
35
19
44
10
10
29
26
40
6
48
32
13
26
43
44
47
20
33
49
45
26
3
24
16
33
28
18
8
37
40
12
8
40
8
8
4
14
23
1
8
45
3
31
34
4
9
19
22
4
18
17
33
47
20
50
26
44
44
41
31
2
49
30
42
48
46
32
32
9
3
10
42
12
2
45
46
31
1
7
24
18
27
41
22
4
2
9
42
34
10
37
8
5
32
6
19
3
24
46
30
8
23
46
28
50
38
46
26
20
19
37
40
50
10
14
25
14
3
21
40
16
7
43
38
48
20
24
25
28
27
34
21
46
21
3
50
29
34
37
49
5
21
50
10
30
38
16
9
44
34
41
47
24
12
45
34
11
4
15
28
48
6
49
28
24
33
15
49
21
34
21
24
29
42
47
11
21
12
2
5
17
10
19
13
26
46
26
48
22
47
23
20
49
42
45
25
7
37
17
4
11
27
30
49
3
18
30
21
46
32
29
23
10
18
48
10
14
8
23
13
26
47
44
35
47
46
26
18
40
2
30
48
34
11
37
48
4
45
9
8
5
27
46
9
43
42
44
28
26
13
20
32
4
34
31
29
35
12
49
11
30
22
16
39
30
27
12
26
50
17
11
19
18
41
34
42
13
11
42
15
23
37
20
20
33
25
6
40
39
27
24
37
15
35
41
41
36
35
21
11
9
26
16
11
37
38
11
27
27
26
3
36
46
45
10
19
50
19
19
6
12
50
45
44
16
5
17
13
19
40
45
21
48
47
6
30
46
44
12
23
34
9
24
17
11
10
45
13
41
13
25
12
34
2
29
9
46
47
50
19
25
16
42
11
5
24
45
10
30
27
24
42
44
37
43
28
15
40
22
30
44
37
49
43
45
50
40
30
50
10
21
24
41
16
26
34
8
46
11
36
42
48
34
43
13
47
35
22
43
43
14
21
32
44
48
30
3
11
40
4
32
41
7
31
22
47
30
16
14
34
1
44
16
43
27
43
19
10
44
45
45
32
26
30
15
50
2
31
19
27
13
9
49
28
4
19
21
13
13
16
16
12
45
24
34
22
36
3
40
8
37
9
23
8
11
42
1
42
14
12
39
9
49
23
29
4
46
42
47
3
30
27
46
4
11
9
25
21
6
26
7
48
4
42
30
12
29
49
26
28
10
3
12
49
12
43
16
8
6
24
32
49
8
11
47
50
32
3
33
39
38
40
6
10
2
34
24
13
13
3
38
34
27
37
48
34
32
38
35
17
34
34
28
37
32
44
10
30
34
40
48
25
21
25
44
12
32
22
7
2
44
27
17
10
20
15
14
23
42
39
14
44
7
13
8
19
28
10
31
5
21
31
46
21
48
36
34
32
13
50
28
32
19
50
29
33
23
11
10
30
49
50
15
16
10
22
21
22
39
3
18
19
11
18
43
27
15
24
7
7
47
13
11
36
42
31
32
24
5
36
5
3
5
28
28
46
34
25
27
16
37
34
20
50
31
40
22
16
5
48
39
20
15
8
48
3
34
35
15
4
49
23
33
45
48
14
3
46
43
15
32
31
12
29
22
31
29
5
23
38
10
1
26
5
1
27
15
5
12
41
32
48
2
18
50
43
22
10
8
13
7
22
8
5
10
24
15
10
31
45
43
2
45
14
40
44
25
42
37
18
31
10
7
23
36
41
36
18
48
22
30
34
42
16
21
26
50
20
48
1
46
43
9
8
35
8
34
49
26
6
49
43
47
21
3
10
28
27
40
40
29
16
31
38
15
33
49
26
49
6
8
1
17
8
6
24
31
26
11
9
14
5
17
21
50
44
19
24
39
18
28
38
22
19
31
11
5
47
30
22
20
11
1
3
27
17
9
22
12
34
44
41
39
33
30
45
13
20
47
4
8
18
20
31
38
6
40
46
35
45
25
9
10
18
11
9
50
39
13
19
17
25
47
32
47
22
10
6
42
47
19
8
32
44
12
43
25
40
43
8
19
14
4
38
12
25
29
26
14
7
31
34
19
47
39
10
20
31
11
43
20
23
22
5
17
19
23
18
30
15
43
20
15
13
13
21
21
20
45
45
25
20
20
36
30
18
11
50
7
36
24
18
22
50
15
26
46
25
8
49
23
48
43
50
41
39
26
49
43
43
13
15
8
10
46
13
33
12
2
48
12
39
9
27
4
17
8
32
16
24
21
18
47
35
47
40
17
25
9
2
3
29
44
2
34
38
20
21
40
22
42
7
32
43
40
16
50
42
5
42
3
43
17
