18
16
4
19
26
29
46
46
27
41
16
30
50
18
31
17
37
39
22
38
25
18
9
23
24
1
15
13
27
31
43
40
18
39
32
16
4
50
3
10
23
38
7
5
10
10
44
7
42
25
48
30
19
19
16
36
36
24
33
14
3
23
22
28
27
39
34
36
27
19
35
19
15
47
41
47
9
5
31
20
9
14
50
42
46
19
11
30
50
46
13
3
45
18
44
23
33
15
40
2
43
38
35
31
2
28
25
11
37
35
18
45
13
36
6
7
35
13
42
35
17
39
30
14
48
32
14
37
24
9
25
25
36
25
26
41
15
48
42
11
6
50
6
15
31
15
45
38
40
14
7
4
47
33
45
22
39
44
27
45
6
18
40
47
38
42
40
25
15
29
47
10
26
45
22
17
50
14
43
19
20
11
28
37
34
38
36
46
45
7
14
1
48
18
8
37
12
38
1
28
35
4
46
19
49
40
14
29
12
32
8
43
49
24
35
3
9
17
21
6
19
35
5
25
4
6
32
10
3
42
34
44
48
10
31
16
43
39
23
15
29
8
29
37
24
23
18
8
10
50
45
30
42
1
13
30
3
16
16
12
19
47
3
36
6
47
50
10
44
21
18
27
12
46
36
24
10
37
3
32
21
24
10
4
3
29
14
41
23
25
45
9
36
36
4
31
7
5
25
34
23
49
20
9
32
14
28
7
44
1
39
10
48
32
5
40
27
11
25
25
9
27
8
50
28
32
36
9
13
16
23
4
49
23
8
33
31
36
39
42
3
36
13
8
9
12
48
38
18
46
1
9
50
36
20
15
19
3
18
4
27
3
48
15
31
16
29
4
50
41
44
10
1
20
46
17
43
34
17
43
33
5
5
37
4
12
16
17
6
38
43
37
2
8
36
3
38
11
32
3
36
7
45
16
14
17
25
17
38
35
46
13
45
42
8
44
31
9
29
7
29
17
6
24
21
32
17
49
14
4
40
40
43
33
8
39
5
4
15
33
15
2
45
36
42
16
9
29
2
16
2
50
28
19
36
26
30
9
40
13
9
32
1
17
16
20
27
30
22
34
34
32
9
28
12
2
17
31
46
49
12
50
12
50
18
33
4
27
48
18
45
29
31
23
29
47
23
48
25
27
37
22
13
17
40
9
3
24
8
16
19
14
1
30
33
37
29
18
43
18
11
34
23
38
16
26
39
1
50
18
15
14
4
17
13
38
50
22
25
25
32
4
10
38
16
3
13
18
32
46
16
30
14
31
4
3
26
11
34
23
30
13
21
3
23
26
21
47
1
30
1
32
32
48
13
50
14
23
14
11
7
1
34
7
33
6
21
49
44
49
21
16
15
23
22
24
42
24
25
44
44
33
31
4
50
39
42
40
13
48
19
11
22
45
45
31
5
33
41
39
22
45
46
47
49
28
11
48
36
8
34
46
6
22
21
32
2
3
42
37
22
41
14
49
7
44
21
47
6
1
2
31
20
48
38
8
8
36
33
50
47
44
33
14
10
8
5
17
43
34
4
9
44
19
31
9
50
35
38
8
41
24
38
38
41
29
41
42
7
40
5
22
31
33
11
43
41
26
9
38
25
5
26
42
5
20
17
33
32
8
41
10
38
43
26
9
45
5
34
18
38
32
35
16
11
35
5
47
37
6
44
32
41
3
40
14
25
33
32
10
2
31
31
36
30
50
16
34
41
12
16
34
16
9
44
5
20
14
43
3
42
5
41
38
4
30
15
29
32
19
15
4
29
3
30
37
43
35
30
5
8
10
5
30
42
9
15
31
21
8
2
28
21
11
25
24
24
6
22
45
9
44
13
26
17
46
48
30
12
32
15
6
45
43
17
16
6
5
28
31
19
39
18
17
1
9
36
2
12
37
18
22
17
13
27
37
13
24
48
43
27
10
30
45
14
31
9
36
29
33
32
36
4
3
28
46
15
18
35
25
35
4
33
20
14
3
29
40
22
26
18
33
14
38
17
7
27
39
22
32
47
50
10
49
49
30
48
38
24
38
49
34
27
22
26
3
5
40
20
46
37
43
32
2
16
12
9
27
15
3
5
46
50
1
16
30
30
17
34
27
45
47
22
48
8
43
35
42
45
28
22
34
31
18
29
26
35
45
12
41
32
22
15
43
3
45
25
25
30
18
1
36
33
36
10
22
35
46
35
37
23
23
41
25
42
1
48
36
7
39
37
7
37
9
29
45
5
20
36
46
29
22
6
12
26
49
12
25
23
20
48
32
27
3
22
22
16
22
2
4
