47
45
16
17
46
34
30
39
23
35
2
12
11
23
31
2
7
45
42
20
25
18
30
19
28
16
50
11
38
41
18
9
1
10
27
13
6
6
9
37
33
24
49
42
33
28
34
27
28
42
22
33
42
28
8
13
29
18
37
10
22
17
6
44
14
44
12
9
25
6
44
32
50
20
4
17
39
24
47
39
38
25
40
25
39
5
26
15
30
35
7
28
4
40
15
31
37
48
37
26
1
1
25
4
7
48
43
19
21
48
30
13
18
45
3
26
39
13
28
36
21
39
31
40
49
6
50
43
29
4
29
10
6
13
1
18
11
8
45
29
44
41
7
11
5
19
42
50
22
23
34
13
11
26
37
22
2
21
9
40
3
46
32
33
2
36
20
28
22
30
26
24
49
10
50
27
50
42
19
17
26
50
23
8
12
8
40
23
14
39
44
39
16
47
37
23
10
8
43
16
6
25
47
47
43
24
11
23
10
4
34
25
43
4
17
4
29
23
9
13
44
48
50
35
32
41
48
12
36
43
49
31
7
9
19
37
14
27
14
50
39
33
28
11
40
33
18
33
2
25
48
2
44
42
43
21
28
12
6
26
20
32
13
20
4
49
2
29
26
21
37
35
38
37
34
14
26
10
49
11
23
47
43
50
42
11
31
32
10
8
47
16
2
35
8
26
12
14
31
17
47
24
47
46
16
37
1
45
38
14
35
22
47
33
27
8
23
40
13
40
44
13
1
38
50
22
26
11
37
33
44
27
19
1
2
20
36
35
43
39
16
9
47
13
15
25
28
11
45
11
4
30
18
3
12
45
40
2
33
16
50
9
32
41
20
36
20
25
5
35
8
19
16
17
13
10
28
34
26
41
3
17
34
14
50
49
22
48
23
37
49
31
8
31
49
27
17
37
32
31
9
24
5
17
12
27
4
13
20
28
23
39
22
37
30
31
35
39
11
8
40
19
41
1
1
44
25
34
22
22
32
29
36
15
2
3
5
39
41
27
3
17
22
11
33
43
8
22
5
42
31
37
4
13
25
24
41
49
47
8
29
40
16
6
9
18
31
19
47
32
12
22
19
45
9
9
47
37
19
38
5
7
38
29
50
7
46
19
1
12
11
34
10
46
12
29
6
24
28
17
27
7
12
28
16
35
29
12
3
50
13
40
18
36
7
36
39
8
28
20
43
32
18
16
12
20
23
10
33
45
35
3
12
11
21
22
39
45
26
24
36
45
47
34
46
48
47
24
40
1
41
17
12
24
34
43
42
36
16
12
8
4
48
12
28
4
37
47
28
28
50
22
43
34
22
8
4
9
5
24
24
18
33
13
20
21
31
10
16
33
48
37
19
24
14
10
19
31
17
2
48
39
43
49
35
13
30
28
22
33
19
27
36
38
23
2
19
17
1
33
2
38
45
28
6
17
22
30
2
49
14
21
4
5
8
3
5
35
8
6
42
46
36
42
14
45
40
25
1
24
21
3
42
30
42
11
28
15
36
28
35
10
21
41
9
32
30
17
2
29
50
25
35
46
9
48
30
43
39
42
6
37
28
15
47
16
42
48
19
28
25
35
13
39
13
19
13
8
32
6
14
14
28
41
37
24
24
10
43
38
4
3
12
44
33
15
32
47
33
20
41
19
26
20
2
7
10
24
28
45
27
2
2
2
13
48
14
39
22
1
1
33
37
20
12
35
23
34
3
40
42
37
14
35
48
49
42
1
41
7
16
50
7
24
32
11
32
36
26
26
10
21
3
14
17
38
7
50
3
42
44
8
20
47
11
31
9
17
19
36
26
13
1
13
47
21
20
24
32
19
22
40
49
28
27
24
4
32
12
31
41
12
48
10
49
5
42
19
29
1
8
10
26
43
38
42
30
37
32
38
32
24
17
31
4
24
50
5
16
38
29
11
10
1
41
21
12
43
8
7
28
39
5
34
33
37
48
48
20
46
14
15
23
36
2
44
32
12
22
4
24
25
3
26
20
22
13
28
43
24
7
16
38
21
20
32
10
42
38
14
22
45
34
15
16
40
37
3
29
35
38
4
21
39
20
21
29
6
37
17
38
18
23
11
24
41
27
21
35
29
30
8
40
46
49
41
10
43
14
11
25
7
29
8
9
35
41
39
37
37
16
31
43
26
25
23
9
21
8
41
40
5
12
50
34
33
47
5
43
22
23
3
8
21
19
7
20
49
25
21
14
4
32
28
47
17
17
50
40
38
2
5
23
31
24
43
46
32
15
3
23
18
12
8
39
9
4
49
29
9
