36
22
38
25
19
16
18
18
22
1
42
29
20
18
19
5
29
21
17
15
49
45
20
36
31
8
22
43
20
47
10
16
15
39
7
50
40
36
35
10
43
30
21
7
36
4
6
49
49
6
49
13
39
16
18
10
22
39
1
25
40
15
19
18
6
21
23
24
12
10
17
39
23
37
35
22
33
42
38
48
47
13
37
3
39
14
3
1
41
33
13
35
18
16
34
5
46
11
16
21
28
1
36
36
18
31
43
42
28
43
50
50
32
15
12
9
34
29
37
34
2
19
46
44
27
43
33
29
16
28
30
3
31
25
14
49
50
20
29
36
33
9
43
14
8
46
28
21
24
46
4
2
24
33
21
21
11
25
31
47
36
39
13
1
47
1
48
45
41
17
25
35
23
39
17
16
38
34
48
34
34
29
49
44
46
37
11
45
19
49
18
45
26
14
38
41
15
8
40
12
9
42
35
34
28
25
23
15
43
41
33
22
16
1
5
18
33
30
15
44
33
16
30
29
6
33
31
18
23
6
13
7
42
9
7
7
12
26
3
28
49
45
9
10
9
20
3
26
1
35
31
12
43
8
1
4
39
36
35
9
9
31
38
13
26
2
19
1
14
11
4
45
8
20
21
28
39
2
6
24
10
7
48
12
28
46
32
32
5
44
26
17
6
19
3
17
35
22
9
19
49
14
48
26
45
2
21
5
7
6
34
14
4
7
47
22
45
37
38
7
18
31
7
47
1
49
9
43
37
17
7
13
30
36
18
12
49
3
38
16
20
38
16
45
22
2
39
36
35
40
6
14
14
29
1
20
11
15
35
2
13
36
48
33
17
18
38
47
48
22
38
10
13
31
21
42
19
30
2
14
12
43
7
20
40
34
33
4
41
31
28
25
3
2
45
28
11
30
15
17
12
32
29
32
39
5
3
2
11
32
7
22
49
50
36
13
25
49
8
6
14
35
29
14
43
29
34
46
9
24
1
47
36
7
29
30
47
18
9
31
43
5
28
15
14
24
28
34
48
4
26
13
41
17
35
37
47
41
50
16
32
19
45
3
3
37
37
25
28
14
31
9
42
25
13
18
17
9
47
24
28
9
8
15
9
20
43
43
18
42
46
18
40
5
39
29
24
31
49
3
21
32
43
38
25
32
2
39
31
35
8
15
31
23
12
27
11
6
14
49
6
22
44
42
9
18
36
50
25
22
6
2
16
32
10
21
4
18
49
31
8
21
23
36
22
18
14
6
3
44
8
15
48
12
49
27
41
39
21
26
28
18
50
10
7
6
46
1
5
41
4
15
17
17
39
22
21
5
32
1
31
35
42
15
12
1
15
32
38
6
11
21
10
9
44
17
35
6
3
21
3
5
16
9
12
46
2
45
10
45
2
33
11
4
25
20
20
14
1
46
21
19
49
23
18
3
13
7
50
34
10
22
18
8
31
13
21
30
39
38
41
6
48
12
13
20
50
31
11
28
25
20
1
1
18
19
9
42
46
25
20
16
8
42
49
31
27
17
7
46
5
50
48
46
20
5
3
19
10
8
47
42
39
22
37
30
31
6
3
3
42
10
33
26
44
7
15
8
26
49
21
45
8
26
37
45
25
41
29
4
2
10
42
14
22
28
31
2
42
6
6
24
44
27
23
20
27
21
29
13
33
15
29
30
50
47
48
41
5
27
45
25
33
17
20
20
21
47
40
39
48
2
45
28
16
26
22
33
2
40
4
26
34
36
23
2
11
47
14
6
34
22
48
6
46
38
24
40
11
31
25
43
27
31
33
27
18
50
9
24
18
3
1
25
15
28
34
36
46
10
12
5
50
2
41
30
5
28
42
8
23
14
15
10
17
20
5
46
36
30
43
42
31
15
25
38
16
2
29
9
5
26
4
11
5
13
24
2
23
20
38
25
50
23
45
40
43
11
7
2
6
47
33
25
44
43
35
31
27
16
46
16
20
10
24
43
18
6
48
42
14
41
25
26
12
15
24
22
22
49
35
22
17
19
38
36
32
13
23
14
30
16
38
32
1
9
24
6
33
49
35
17
5
5
26
34
43
21
18
41
49
4
32
8
14
46
2
35
38
19
42
28
22
45
4
29
37
15
22
9
37
28
30
30
28
41
13
50
2
22
13
23
36
18
26
42
39
14
14
9
17
5
30
4
27
49
8
26
34
19
12
46
41
38
28
27
8
43
38
6
16
32
35
8
48
44
38
8
14
38
14
23
38
40
21
24
31
48
46
12
34
40
12
37
36
15
2
22
10
6
