50
44
27
28
27
34
39
1
18
2
24
45
13
35
14
14
1
47
41
45
4
8
17
27
37
32
13
49
1
42
42
24
50
24
38
37
36
11
7
25
7
36
29
17
9
12
28
24
41
46
46
22
15
2
41
6
17
10
49
12
31
30
48
48
1
14
17
12
33
6
7
14
7
26
20
30
2
50
33
32
26
7
22
17
1
15
12
10
44
43
40
25
4
41
37
37
29
31
9
31
5
46
25
26
32
39
22
29
12
39
38
36
33
15
30
6
44
48
4
20
4
43
8
33
28
13
10
46
35
26
25
4
26
5
40
19
40
3
32
36
45
41
22
7
29
33
29
35
22
8
21
18
5
6
38
41
41
39
37
29
13
35
15
36
40
32
13
12
16
22
50
10
14
41
46
33
25
34
13
50
20
49
42
33
50
12
26
8
31
28
35
9
37
48
15
41
12
26
3
40
50
22
3
29
27
3
41
39
39
32
6
10
29
43
25
9
34
44
36
49
49
31
27
37
17
21
16
10
37
35
19
16
22
2
2
16
46
21
7
9
47
34
5
26
47
22
32
50
22
44
47
41
15
5
7
14
44
21
46
22
8
43
40
23
21
8
1
30
22
4
6
47
13
36
36
21
42
35
50
50
27
22
36
32
29
23
30
23
33
15
32
30
20
16
29
15
46
27
12
14
41
46
16
47
8
23
32
38
25
30
11
5
33
42
21
33
47
2
16
6
27
32
49
30
42
16
5
47
15
11
38
29
17
49
21
33
42
39
3
33
31
49
34
13
42
41
33
5
23
26
4
18
12
34
35
24
28
22
2
16
23
33
18
30
1
18
18
1
43
18
19
37
33
44
39
24
27
3
12
38
41
19
29
41
27
30
21
4
21
5
2
39
34
39
38
50
23
38
43
49
12
47
49
12
10
32
9
11
28
44
27
42
41
4
12
7
44
4
27
40
19
10
1
17
37
42
14
44
30
20
36
35
30
36
14
38
49
28
13
33
11
42
31
17
39
24
2
24
6
34
15
48
25
8
45
10
11
3
30
12
42
47
45
11
15
19
13
44
2
25
1
47
34
33
5
4
23
38
45
16
36
43
49
21
8
48
12
19
46
4
41
13
38
6
49
27
33
27
49
45
31
44
33
7
26
47
45
28
9
25
42
14
6
36
21
44
24
33
10
1
24
46
22
12
5
43
49
24
41
28
42
45
37
49
48
9
47
33
15
11
31
20
27
29
45
25
8
17
22
38
34
37
24
8
38
16
11
9
33
34
35
49
20
25
25
42
17
16
42
1
17
23
1
14
19
17
18
17
22
13
11
32
27
49
29
8
13
2
5
14
10
23
36
23
32
4
9
22
27
10
28
23
36
2
43
8
44
4
28
27
39
4
46
45
5
12
16
44
35
17
13
26
41
9
15
42
33
17
38
31
14
5
8
20
37
31
18
18
18
32
21
4
9
47
41
19
11
5
32
45
36
30
46
10
1
24
47
39
18
32
40
25
13
41
37
47
20
4
14
28
42
20
46
23
5
5
46
31
28
50
19
25
9
27
27
14
14
30
49
33
28
7
27
16
49
18
44
15
2
8
14
14
35
14
42
40
11
32
47
17
40
34
14
10
28
42
45
44
25
15
42
14
32
22
13
16
23
43
28
35
39
7
50
8
13
16
45
46
10
3
3
15
2
5
25
31
25
3
36
44
42
30
44
45
11
18
17
19
16
28
49
46
42
7
37
40
6
41
27
3
12
5
5
22
22
20
35
6
44
45
44
7
10
49
43
2
44
45
25
7
23
32
8
27
46
33
2
18
21
11
34
28
9
31
12
15
3
41
21
20
17
29
47
47
35
29
5
4
23
2
17
44
46
7
27
22
27
41
23
2
9
15
6
32
4
32
29
42
35
25
33
41
31
6
8
36
32
1
44
18
19
16
12
20
29
40
21
27
6
45
48
44
20
49
32
15
31
22
40
41
33
43
11
48
43
7
22
7
11
36
13
21
7
25
5
44
6
27
2
1
17
45
36
32
27
3
6
20
6
20
9
19
7
24
23
41
42
39
29
34
12
23
31
46
17
16
34
10
31
31
4
18
37
5
39
6
2
46
39
15
8
15
30
45
47
28
22
8
31
38
9
19
45
31
39
12
48
1
9
36
21
27
49
14
31
47
48
44
28
35
41
33
31
33
26
22
43
16
26
24
1
32
9
25
33
28
13
9
12
36
45
6
48
2
28
18
48
13
3
33
1
38
28
32
5
40
19
43
35
30
