4
18
45
41
18
17
10
48
13
21
25
35
19
20
48
48
2
48
4
19
34
18
37
3
28
14
25
4
32
7
44
41
30
44
45
15
31
15
2
6
14
38
29
39
21
35
14
12
10
24
18
4
23
42
45
16
5
11
26
20
15
22
29
8
6
22
4
20
37
25
29
2
37
34
5
30
22
15
26
11
6
42
7
11
16
50
46
30
8
2
30
25
28
43
23
5
10
45
18
39
33
10
27
47
42
39
43
5
29
18
5
36
20
23
48
31
18
1
29
37
24
38
38
28
47
31
20
33
18
28
16
14
21
8
28
41
13
29
27
33
13
25
40
15
20
10
16
22
50
32
2
32
7
23
18
40
19
5
8
45
35
29
4
36
14
19
37
42
36
40
7
38
31
9
26
12
6
48
19
29
32
16
4
50
10
12
12
21
23
7
14
45
42
15
16
49
43
3
10
1
8
19
20
50
39
24
27
25
13
7
14
16
29
7
9
30
36
24
43
1
44
36
40
11
45
5
27
2
31
5
17
44
23
12
12
19
40
12
25
10
36
32
29
25
19
32
10
16
50
25
32
39
21
27
20
27
15
10
47
33
8
6
39
20
35
18
23
4
17
36
34
38
18
3
35
2
29
7
8
28
11
39
1
43
41
18
11
9
18
24
35
22
24
14
32
9
45
7
15
2
30
44
11
37
42
27
15
7
14
8
22
32
18
16
9
19
22
17
3
47
35
8
34
32
15
42
42
24
4
4
24
20
1
17
17
13
14
39
22
13
3
10
17
39
7
32
4
45
35
40
15
33
12
12
19
44
31
1
34
37
3
26
29
26
47
10
14
38
38
20
38
20
10
1
33
8
5
4
49
15
25
7
18
2
29
42
42
26
48
28
36
15
7
47
10
8
17
43
43
48
50
42
8
50
40
10
3
23
21
16
5
9
43
5
6
4
31
17
36
42
5
32
13
13
27
38
15
38
36
48
19
28
14
4
28
5
25
12
5
16
17
46
18
16
40
43
4
23
49
32
8
8
39
43
8
44
40
25
17
2
28
35
42
44
1
44
30
7
48
44
50
7
2
25
20
9
12
1
48
45
43
47
29
23
41
29
17
43
21
50
16
14
13
9
50
28
40
17
7
9
2
8
21
50
37
38
35
40
12
34
21
37
12
2
20
4
7
34
21
28
47
24
35
19
37
2
27
26
18
20
18
23
34
28
42
22
42
49
26
8
42
11
41
18
8
4
16
33
20
31
31
30
47
5
21
37
48
29
49
26
1
26
47
18
47
7
5
3
46
11
34
41
24
22
46
13
40
33
35
46
23
6
28
41
33
42
43
43
26
3
8
15
21
31
22
7
2
31
16
42
49
26
14
24
11
12
42
22
25
48
3
26
34
36
9
31
24
16
13
25
33
18
34
4
47
7
36
24
30
32
6
48
2
46
48
5
25
2
44
45
24
44
37
11
39
4
22
41
5
19
30
2
36
47
6
9
3
26
4
19
5
32
26
14
42
30
25
23
3
23
36
7
22
21
6
9
43
49
24
28
43
47
21
32
40
44
4
12
3
13
27
31
49
33
18
26
41
4
35
42
35
23
26
13
27
37
18
31
7
41
6
26
14
27
37
50
34
46
7
35
5
42
48
50
23
10
33
14
45
5
2
24
35
26
41
42
35
10
29
2
25
16
44
43
5
40
3
20
36
11
18
39
45
21
48
28
45
22
30
24
36
33
43
45
41
1
21
25
9
40
35
29
1
4
21
48
47
6
11
4
26
21
38
23
40
3
6
45
7
10
36
24
6
29
38
34
40
42
14
32
33
47
24
32
47
41
1
3
43
35
21
31
40
48
37
32
5
7
39
21
22
38
12
28
44
4
45
15
3
2
25
42
4
32
3
28
34
16
1
50
49
27
49
17
22
25
36
21
29
3
7
44
14
3
39
16
37
26
40
48
6
19
8
35
36
43
36
1
26
37
10
21
41
40
35
26
7
43
21
42
43
3
48
17
10
1
3
9
15
14
49
35
7
5
19
14
10
9
12
38
45
15
40
10
45
17
13
33
6
15
45
23
14
36
4
30
25
49
42
3
35
35
46
48
6
23
22
31
38
50
48
34
8
42
40
44
1
15
50
3
42
23
37
4
37
11
17
6
10
38
18
17
1
41
1
5
48
46
2
31
24
16
33
50
37
15
48
16
36
34
26
11
35
23
5
41
26
5
34
18
46
47
10
24
36
13
38
15
3
31
12
8
30
16
6
21
40
44
46
15
