13
16
15
9
29
37
18
41
21
24
31
26
41
24
38
44
37
46
3
41
34
24
48
25
3
33
19
12
29
26
14
34
28
20
22
35
40
8
9
4
5
42
22
32
35
29
24
25
15
22
20
15
47
6
19
15
23
42
24
2
27
8
47
23
22
14
44
41
21
12
4
13
19
30
43
29
16
44
12
5
7
38
2
35
49
44
15
6
33
11
33
36
19
23
31
31
27
17
47
40
42
33
24
13
47
45
8
22
44
28
22
35
46
36
48
46
17
36
31
49
6
20
48
13
6
4
18
1
38
6
43
48
36
1
41
4
11
34
17
32
39
12
4
5
25
49
44
32
3
1
30
40
32
27
29
44
46
2
48
42
42
49
22
35
27
33
31
1
20
42
17
25
6
34
44
27
39
34
16
42
40
49
1
28
48
38
34
34
44
10
27
17
47
3
30
49
38
19
29
10
33
37
11
6
1
47
7
6
11
7
48
33
22
34
31
11
22
32
19
11
18
42
22
45
48
47
21
12
40
33
48
15
16
3
7
25
40
35
6
6
8
47
16
44
49
22
40
19
2
19
23
41
43
47
7
37
7
25
19
46
10
2
12
4
47
44
31
1
46
24
14
16
49
33
43
32
20
5
30
16
32
30
38
25
29
7
25
1
20
49
12
4
6
22
41
43
7
36
31
47
19
34
21
7
1
2
8
8
2
45
47
33
35
15
5
38
38
19
25
39
17
8
33
12
38
2
22
24
38
22
22
18
38
34
46
38
23
1
8
34
31
2
43
8
42
32
1
33
8
45
30
20
22
11
48
36
43
43
18
38
42
43
17
43
47
36
3
32
48
46
31
49
7
20
47
42
14
44
18
23
45
13
43
9
8
30
1
41
42
48
45
37
9
46
2
44
38
20
45
39
31
34
32
41
1
31
22
7
34
9
36
37
39
48
24
7
25
14
13
26
24
9
38
20
23
33
7
45
13
32
26
50
37
44
20
24
29
40
6
15
20
34
47
38
48
28
25
40
20
13
30
22
30
3
32
42
50
33
25
30
29
11
11
35
16
17
35
17
47
37
21
4
36
11
6
10
39
15
42
24
19
10
17
16
16
19
47
22
40
31
17
41
41
47
19
15
26
33
12
7
18
27
47
27
18
17
38
8
42
8
48
50
5
44
28
48
19
18
30
11
19
27
25
7
4
3
47
21
43
44
2
19
25
42
7
39
25
43
27
41
27
23
31
26
25
5
41
32
8
41
12
39
47
37
19
37
25
37
3
11
46
42
46
26
43
41
28
10
26
29
28
34
20
23
38
9
2
22
5
42
8
28
24
30
24
13
5
21
45
23
25
7
30
15
45
21
43
37
28
28
20
8
8
20
30
36
41
17
12
18
18
30
9
25
19
12
11
4
28
6
3
6
29
7
10
19
17
17
18
40
33
26
37
8
30
42
22
50
49
34
23
24
29
16
23
34
8
50
36
16
43
21
48
6
44
31
46
28
2
4
20
15
7
38
20
41
14
7
34
14
4
19
39
42
30
22
37
17
45
19
32
27
18
37
40
32
26
23
4
5
23
46
11
31
40
17
50
17
43
33
29
46
27
7
33
27
50
31
46
30
1
48
26
33
48
20
30
18
21
50
24
12
29
34
42
21
35
35
35
9
44
37
38
3
47
31
8
47
44
2
48
29
16
41
1
5
34
47
47
15
14
45
49
41
8
22
19
49
46
17
42
40
18
25
45
7
38
29
11
15
12
34
24
50
16
24
17
40
35
31
35
23
32
19
18
24
36
35
3
21
33
21
42
6
14
45
47
14
1
16
25
36
15
46
41
33
21
11
21
16
9
15
22
50
21
44
20
13
22
15
22
50
23
8
10
17
38
42
3
46
9
10
3
45
27
18
41
20
23
4
31
39
37
32
25
9
42
41
16
13
42
39
19
35
17
23
18
40
11
39
21
6
12
41
25
4
45
48
13
3
18
41
34
6
41
19
46
46
43
30
29
20
30
31
39
49
32
40
12
48
43
41
28
49
23
44
3
18
1
39
36
36
2
30
1
43
19
13
11
37
18
31
24
8
46
10
20
49
31
31
13
32
15
10
38
16
6
41
13
29
26
50
2
1
29
6
31
6
34
8
34
18
39
3
50
3
34
7
41
31
22
47
6
25
18
5
44
4
43
15
46
33
48
49
35
14
35
40
14
18
31
34
13
12
8
38
32
47
37
1
40
25
3
38
8
28
38
16
3
1
44
21
4
29
48
5
4
27
28
46
