44
9
36
18
46
37
5
8
21
32
28
13
42
24
16
28
35
4
49
24
5
32
30
30
22
33
14
11
27
36
8
36
32
24
38
22
2
39
33
44
50
6
29
38
24
47
48
42
10
13
22
48
13
31
24
38
47
42
20
22
47
23
37
4
35
16
38
19
7
34
9
27
34
22
14
31
20
40
23
16
3
37
8
33
44
31
27
2
24
24
32
5
39
34
37
18
19
40
19
47
38
15
34
37
15
19
45
50
43
5
14
12
29
2
49
3
25
31
3
16
34
32
29
35
5
26
21
37
23
31
26
48
19
16
15
2
29
20
15
23
20
37
8
23
42
10
1
5
7
50
31
43
46
21
44
25
42
31
13
45
20
20
24
40
41
29
26
47
4
28
32
13
44
41
8
41
42
11
47
25
1
23
44
31
19
47
23
22
30
5
43
30
32
30
5
41
47
42
29
22
6
19
44
45
33
35
43
3
41
36
15
9
39
46
8
8
12
21
44
33
25
23
27
3
25
16
28
33
15
28
37
23
4
49
45
30
36
25
24
23
46
7
10
44
10
5
12
6
20
34
25
3
9
9
11
21
18
43
5
46
48
48
39
35
18
48
8
21
25
15
24
28
5
16
26
9
29
40
16
26
27
42
16
31
47
24
1
22
34
4
48
46
32
13
12
31
25
35
9
34
38
42
50
26
2
30
27
20
42
45
25
18
48
9
19
20
38
4
9
31
20
2
21
46
5
43
10
41
14
33
31
46
44
41
7
50
7
30
44
17
21
16
17
27
1
24
10
2
9
13
23
3
8
40
16
35
10
14
21
37
17
32
22
4
46
16
34
40
46
8
24
46
28
33
13
33
38
45
15
33
41
39
15
6
30
45
22
1
2
17
22
10
3
31
37
7
31
15
27
33
18
16
26
33
37
47
46
34
42
26
12
17
33
46
36
47
42
15
12
4
20
19
4
39
36
16
41
5
46
5
28
18
5
6
19
33
42
31
38
48
1
14
11
45
9
9
27
42
28
20
38
13
18
4
22
26
23
8
43
14
25
47
27
17
39
45
6
12
6
49
35
12
38
40
30
39
29
3
38
19
34
4
44
16
16
41
28
29
40
26
12
18
14
37
33
12
3
13
5
50
7
1
32
34
27
50
43
15
5
18
33
46
16
49
26
47
1
15
20
50
38
3
43
9
4
33
33
20
4
10
41
13
16
5
16
9
28
33
36
31
35
22
33
49
28
22
22
30
40
12
34
39
42
43
42
46
24
8
7
30
18
13
5
41
26
9
9
23
25
31
17
3
3
44
2
21
15
48
18
43
42
30
8
23
28
19
12
37
6
19
2
47
15
39
25
48
23
30
28
21
18
20
27
10
1
19
11
22
37
12
9
2
37
50
11
15
1
20
7
24
50
7
26
32
13
20
43
48
47
49
2
5
39
19
3
15
22
34
44
50
5
2
38
15
7
47
49
35
5
4
22
13
22
47
35
16
15
15
13
13
22
50
42
41
23
43
29
21
2
5
5
21
36
14
27
45
18
7
45
6
42
1
11
18
49
30
49
25
32
45
6
50
37
3
33
40
19
11
2
36
3
32
49
14
36
41
44
14
13
1
1
29
33
33
41
45
39
1
46
25
23
50
6
32
25
41
1
40
41
43
38
1
25
42
20
49
6
38
38
38
36
8
7
23
22
6
11
43
12
9
41
36
50
19
33
41
49
49
13
44
49
6
50
1
33
37
1
29
13
22
26
20
33
29
50
1
2
24
26
26
36
44
13
19
35
9
29
24
48
49
26
39
36
19
20
9
30
45
1
7
49
17
31
2
33
1
43
9
30
29
46
24
14
45
39
32
4
43
29
6
8
37
23
32
19
3
1
1
42
22
12
39
25
20
19
13
48
43
20
31
1
27
39
24
10
28
5
48
37
49
24
5
45
36
47
3
40
22
36
2
40
50
9
30
48
24
27
45
43
11
46
29
4
32
45
46
44
24
15
1
21
13
31
1
49
25
24
12
37
39
23
32
28
16
8
46
12
49
6
42
37
46
10
13
18
20
15
43
16
45
15
21
14
34
42
32
17
22
5
29
46
38
19
28
31
9
24
29
45
9
33
43
42
44
50
41
22
26
36
21
4
31
22
38
24
47
48
30
4
35
1
19
15
40
7
41
30
48
20
16
28
44
26
41
32
35
20
45
25
28
13
36
49
32
41
50
40
27
17
50
13
30
23
48
49
43
46
37
28
21
32
40
6
48
43
26
28
8
41
2
