11
42
5
13
49
21
26
8
5
27
10
21
30
16
19
17
46
12
50
20
44
40
40
11
33
39
18
34
9
14
16
2
47
35
39
45
39
15
8
32
40
18
6
45
6
22
23
40
43
22
23
8
7
12
49
3
15
33
19
6
46
20
40
19
31
33
39
9
17
24
23
4
25
23
38
36
17
14
8
18
15
12
4
23
50
7
35
47
39
18
39
5
18
25
3
6
23
47
48
27
28
3
10
17
41
23
3
2
26
47
17
34
36
21
20
8
46
40
23
28
24
44
33
1
42
39
16
46
34
42
44
18
9
50
46
41
1
1
50
42
49
47
3
48
15
21
26
44
39
40
23
26
22
13
29
11
5
21
16
37
23
25
42
28
23
49
35
22
29
30
10
13
50
6
43
26
50
43
21
11
26
44
35
18
10
50
33
46
14
29
35
42
49
12
37
41
43
1
29
43
17
26
25
42
37
43
6
3
31
6
32
37
49
14
20
12
2
26
1
1
23
9
23
42
28
28
23
1
1
39
21
40
21
35
8
29
23
43
19
12
42
23
48
43
6
9
30
22
8
24
35
30
19
47
10
35
24
24
31
2
25
16
40
4
37
46
31
17
25
1
29
25
37
41
37
25
21
18
19
41
48
45
44
46
38
17
10
15
40
4
44
41
19
46
45
50
21
14
9
11
41
30
16
28
48
6
40
9
41
2
50
50
24
14
20
39
41
30
45
44
8
50
48
40
18
27
45
19
10
1
20
24
8
44
46
36
49
33
17
9
5
6
49
14
5
27
49
33
45
17
45
3
16
43
33
32
16
12
17
43
9
12
36
33
14
45
44
29
35
44
28
27
43
22
11
46
31
19
28
13
37
38
22
35
42
20
19
16
1
50
43
15
39
6
33
26
50
8
15
8
41
26
28
40
13
1
25
42
18
44
21
13
35
4
28
22
42
20
25
26
20
49
47
29
8
11
26
8
11
18
13
21
4
13
9
22
23
15
3
29
31
31
32
26
41
3
38
28
17
24
40
16
6
28
5
21
1
18
41
37
39
12
29
34
26
7
49
47
15
49
5
26
9
8
12
43
22
27
49
34
7
33
45
33
14
31
26
12
6
29
3
4
43
32
25
35
17
42
46
26
46
48
7
3
19
6
30
42
26
28
3
36
7
5
12
17
3
40
39
3
45
1
25
14
43
27
6
19
25
11
23
7
29
31
24
13
29
38
41
9
26
15
39
22
19
4
2
45
20
32
15
49
32
31
6
12
2
31
42
7
41
33
23
23
38
16
6
15
26
49
32
33
16
6
9
47
16
42
5
37
29
48
33
33
36
26
48
24
12
42
6
19
41
49
5
14
50
32
33
5
7
6
50
26
8
43
21
7
49
49
10
27
40
46
44
32
2
26
9
42
21
47
35
43
3
10
41
12
50
7
8
4
38
43
31
34
34
12
34
7
50
35
31
39
29
39
50
6
42
39
42
20
39
36
45
16
12
1
21
4
33
7
12
49
13
41
29
26
26
10
2
16
47
4
24
4
27
4
25
50
25
6
24
50
23
15
38
28
50
9
27
50
4
29
39
10
40
27
12
23
31
1
13
31
30
19
47
44
35
17
50
2
1
44
40
48
31
33
45
8
8
33
3
29
47
33
9
33
46
47
45
8
49
48
17
43
44
16
45
2
6
41
50
38
18
2
44
36
31
22
40
40
8
31
30
17
8
35
6
6
3
39
24
43
49
32
42
6
5
9
13
25
38
20
37
41
23
32
28
32
25
13
50
15
12
48
40
22
41
10
12
50
47
43
19
36
3
27
3
31
41
16
13
14
19
35
32
27
8
28
25
27
31
9
20
41
10
47
22
17
34
49
38
48
19
20
21
3
49
43
3
32
23
41
6
33
30
30
12
5
26
21
29
5
29
44
42
35
20
34
18
43
24
23
22
8
34
18
48
50
25
13
2
5
4
11
45
42
20
45
24
36
3
36
2
6
30
36
29
49
22
3
46
32
4
25
19
22
36
19
40
7
34
10
15
2
25
2
8
41
42
37
36
47
39
10
22
5
45
44
50
23
12
14
1
27
27
25
33
19
22
16
36
24
35
14
30
10
35
39
12
17
8
19
9
38
47
14
8
35
47
40
13
29
14
15
15
41
12
11
43
48
35
41
43
14
11
17
38
24
21
16
41
5
45
1
29
6
41
23
6
49
31
48
28
29
16
4
7
8
32
17
43
3
43
44
14
9
23
31
22
36
23
17
5
38
27
32
6
43
