47
30
49
43
5
30
28
23
47
46
15
27
22
37
43
30
39
34
28
26
40
2
24
25
32
10
7
18
35
33
1
3
10
13
43
28
1
2
28
35
4
42
13
17
45
16
22
23
49
43
33
25
8
16
21
19
24
19
21
28
7
50
24
13
8
3
10
45
2
6
8
4
28
3
29
16
22
20
39
18
4
37
25
31
10
42
30
28
18
41
15
27
5
33
11
23
21
10
50
49
10
42
15
35
46
22
11
40
16
21
44
8
36
47
18
12
22
42
16
5
9
24
19
1
6
14
17
40
3
12
36
31
50
49
1
33
21
18
50
40
48
44
1
41
23
37
17
36
8
31
19
18
28
5
32
41
31
10
13
45
24
50
4
45
7
47
25
12
22
42
41
16
13
3
28
31
40
20
31
22
18
24
23
25
30
43
50
47
23
9
10
20
48
42
8
37
7
10
21
42
34
5
21
27
38
20
50
19
25
10
20
50
5
45
29
11
44
2
30
39
33
4
27
5
32
15
12
18
6
49
35
6
28
29
11
2
39
50
28
44
3
18
22
44
10
42
12
27
4
28
24
37
50
13
33
19
18
21
20
13
47
50
13
2
5
10
45
35
31
46
19
27
3
38
25
48
32
18
19
12
27
14
3
3
27
19
6
38
7
32
30
13
43
19
28
14
21
28
40
40
5
22
20
24
31
42
5
17
21
48
43
26
1
40
38
29
18
13
11
10
11
42
42
41
41
7
24
46
2
16
1
22
7
19
38
33
5
3
48
27
42
42
41
50
4
35
45
35
44
30
7
29
40
15
25
15
29
48
17
43
35
7
9
26
44
3
43
5
27
12
13
5
18
20
25
28
15
22
50
5
19
41
37
24
48
20
45
33
33
31
1
9
18
35
24
19
40
42
21
11
23
18
49
37
22
46
5
38
50
13
11
37
24
32
39
45
33
25
21
27
3
15
18
49
12
26
1
49
32
14
25
18
3
40
4
34
27
1
8
39
5
18
39
10
39
31
47
37
34
31
21
8
28
7
24
16
5
41
39
17
33
1
8
16
18
47
15
40
3
46
24
24
21
11
34
8
8
42
42
21
19
7
32
40
15
29
6
47
49
41
38
17
6
27
50
17
28
8
39
29
24
22
5
43
50
47
47
38
9
47
8
32
43
50
26
19
35
2
44
41
3
6
26
19
46
30
36
36
45
30
23
28
37
18
41
9
3
17
26
10
47
8
45
44
39
35
23
9
27
20
28
38
34
20
11
41
6
27
32
49
32
34
27
36
42
18
35
34
12
20
49
22
18
37
37
7
50
7
45
4
10
48
7
30
46
17
10
45
6
31
35
38
21
49
34
37
31
15
12
35
47
17
43
49
20
32
47
26
21
3
45
33
12
34
9
34
24
9
5
27
11
48
18
32
28
16
50
42
35
38
35
21
31
30
45
47
1
6
21
5
41
29
18
49
20
10
6
30
41
28
21
14
28
24
11
40
4
2
28
21
1
41
44
17
48
3
25
44
38
11
41
34
42
38
7
28
27
48
21
15
50
34
19
37
27
5
28
19
39
4
5
45
23
22
32
27
6
11
50
12
13
45
7
7
49
24
28
7
34
2
6
25
3
3
5
48
20
8
36
34
40
32
39
8
41
48
9
41
33
46
7
15
23
28
46
35
4
36
2
5
3
4
34
25
36
40
33
40
8
14
33
20
38
11
40
29
22
14
26
36
16
42
27
16
49
45
50
35
18
49
30
28
24
39
44
39
30
34
31
7
22
22
36
25
9
31
26
2
39
4
20
6
36
35
12
29
12
45
32
35
48
25
15
31
29
42
3
41
11
50
39
30
30
21
36
14
41
19
50
27
12
17
9
44
16
13
7
33
45
17
14
34
45
12
15
41
49
9
9
4
46
34
36
14
15
46
8
15
26
34
1
42
34
44
13
43
34
34
14
25
30
50
2
31
4
12
35
27
8
4
15
9
34
50
4
12
23
1
11
44
49
30
15
46
42
42
43
15
9
41
24
35
30
1
13
27
33
10
34
6
30
50
34
21
16
48
26
4
26
35
6
8
20
44
25
10
27
22
11
20
19
34
14
39
17
8
31
32
6
9
39
38
49
24
49
48
22
32
14
2
35
34
33
13
11
26
21
38
5
2
28
48
43
43
50
43
6
29
13
46
15
7
29
21
34
48
40
9
15
32
34
44
21
25
50
45
15
5
10
14
32
24
13
36
2
31
28
24
8
7
48
26
16
22
11
31
9
47
30
33
