10
46
38
16
29
46
18
12
42
22
28
28
25
27
33
10
6
7
26
12
50
43
15
1
42
47
17
25
23
44
34
39
42
31
36
47
29
40
24
6
31
16
43
22
9
48
48
35
39
12
13
44
5
24
5
46
2
12
15
27
47
24
8
30
44
30
17
41
18
42
11
10
13
6
39
32
37
3
25
50
15
15
17
2
22
50
15
40
4
31
7
19
23
14
38
45
16
5
19
45
27
28
15
18
8
26
9
4
50
18
25
31
43
2
18
1
23
41
36
10
4
20
46
38
22
46
22
2
21
30
50
30
34
13
14
42
11
50
40
15
31
37
30
31
19
23
11
21
46
2
28
42
9
15
40
28
23
45
27
10
46
2
28
43
12
13
43
41
44
36
38
5
33
43
23
33
20
9
50
42
14
30
32
36
42
11
15
1
5
28
39
21
36
35
18
15
25
40
26
12
43
18
41
49
20
39
38
39
46
22
5
36
33
47
39
26
19
49
37
32
41
30
8
50
38
31
26
8
28
35
44
49
1
18
36
9
44
38
4
49
14
41
43
6
45
41
40
27
7
17
50
23
23
47
43
33
2
20
27
24
34
16
1
24
25
19
40
39
45
31
44
13
29
12
2
27
36
13
39
9
48
24
41
35
38
9
25
35
10
32
45
23
34
9
2
30
41
16
46
37
38
23
48
33
36
32
28
20
1
16
24
31
37
24
12
1
1
1
7
3
6
38
24
32
27
43
34
17
47
16
30
21
10
16
12
39
29
31
29
18
37
50
19
48
30
13
26
37
31
31
39
6
37
26
21
3
2
46
37
22
21
13
7
35
25
6
41
48
47
34
4
21
6
18
21
31
16
7
37
14
19
14
6
19
44
12
7
27
36
47
2
42
44
18
40
17
23
12
27
39
46
18
40
14
10
40
6
48
37
48
13
17
49
33
31
34
13
3
20
14
6
48
12
2
35
34
48
8
27
38
17
9
37
14
48
41
40
8
17
10
5
15
19
2
48
31
26
48
37
36
22
5
32
32
40
48
23
15
19
28
44
16
6
43
11
46
11
3
3
49
33
47
16
45
12
21
25
26
14
39
25
6
40
21
40
40
33
21
21
33
12
46
10
14
27
31
27
28
45
37
40
39
1
9
27
33
38
10
31
46
10
13
17
20
21
31
16
23
19
39
47
25
50
19
4
7
29
43
33
10
18
46
2
6
23
48
4
22
48
4
3
17
30
45
35
8
46
47
29
16
31
49
4
23
5
23
14
20
35
30
11
10
15
39
38
42
4
38
9
42
42
2
19
24
39
6
14
22
3
8
32
1
39
50
18
35
25
26
48
19
15
37
15
29
32
31
18
24
27
19
46
34
14
24
32
2
46
43
43
46
21
27
14
19
7
23
16
7
34
19
29
45
38
12
9
31
30
50
49
49
44
49
10
50
7
3
45
39
29
47
34
46
30
25
3
46
23
48
21
24
28
10
27
50
48
1
39
26
22
16
29
1
43
5
12
40
38
23
32
18
26
21
15
13
33
24
14
35
22
16
10
27
45
12
21
11
25
9
31
33
44
34
9
32
14
41
47
7
14
39
24
36
37
15
7
2
40
31
30
27
43
24
11
25
46
13
42
13
30
28
46
42
20
19
37
6
24
43
42
30
25
45
15
37
1
24
26
48
46
21
30
45
24
30
23
17
44
37
44
31
2
47
40
5
39
50
2
9
13
11
6
6
19
26
39
29
6
10
41
6
24
8
19
6
41
36
49
6
27
40
47
28
12
32
23
25
47
8
9
28
20
4
31
29
31
46
48
41
21
1
39
4
11
15
42
34
36
34
47
32
14
31
20
41
8
48
42
14
15
47
34
27
17
2
14
22
40
7
9
32
41
30
40
42
16
32
44
23
4
18
30
23
3
26
38
14
28
37
4
40
6
42
49
17
27
29
2
33
6
46
37
1
35
39
25
50
1
12
14
49
20
36
7
46
18
7
50
50
17
33
40
35
9
27
10
32
6
4
29
45
21
46
24
17
38
22
9
10
7
37
28
23
43
2
23
48
38
47
49
31
20
15
50
24
2
28
42
44
25
17
26
41
5
9
37
35
13
39
10
27
42
2
46
35
38
49
24
42
31
50
30
41
48
8
27
46
23
44
8
32
49
11
43
23
36
34
5
23
8
40
20
20
35
39
14
15
40
10
23
47
40
37
46
17
29
40
41
32
33
23
42
18
32
49
17
4
13
37
35
47
13
25
8
35
4
26
25
1
31
6
