18
45
20
30
33
6
28
36
20
45
2
25
20
42
8
15
30
10
2
38
47
20
20
40
38
8
6
32
47
13
34
23
47
39
40
39
11
22
24
5
30
50
50
39
35
44
10
13
27
28
49
36
19
12
4
42
44
14
3
2
22
25
27
13
46
2
46
11
8
25
39
26
33
12
3
4
15
49
40
9
44
34
18
4
43
3
10
16
36
38
2
26
9
50
49
40
18
3
33
21
7
12
50
24
26
18
12
37
46
28
14
5
15
18
7
32
50
48
1
18
12
6
15
35
45
40
34
25
50
18
34
50
41
26
16
44
29
37
34
12
36
47
18
10
15
35
24
12
8
5
22
1
36
32
11
37
29
1
21
4
17
36
37
47
45
5
5
33
36
50
17
10
24
13
30
43
50
7
4
26
47
12
3
7
21
17
17
26
13
35
4
47
28
39
28
45
33
15
12
15
4
44
30
35
4
25
40
21
14
1
37
17
47
33
20
29
18
47
22
49
11
32
15
30
9
13
28
17
12
26
47
46
42
48
27
4
48
14
8
24
42
5
17
35
3
8
33
22
19
15
42
7
27
11
4
28
26
3
29
2
28
22
5
41
50
33
44
36
34
36
22
40
4
17
7
2
24
21
31
11
33
14
46
9
37
19
38
40
4
29
5
10
11
12
13
32
41
43
48
22
37
25
6
37
35
9
2
35
2
42
30
22
3
29
48
40
20
22
24
50
48
46
39
33
48
17
9
2
23
4
37
30
48
4
50
50
42
20
23
8
14
34
1
37
16
14
34
24
14
7
23
7
42
45
27
32
34
24
18
34
12
44
45
13
34
43
14
41
11
42
20
29
33
3
47
10
9
47
6
7
21
41
46
3
26
23
47
30
8
16
2
47
21
38
2
15
45
27
32
2
27
2
4
36
3
19
31
38
28
7
24
50
30
28
47
24
43
38
48
23
28
24
44
37
23
50
38
31
38
13
2
26
38
17
4
41
16
27
25
33
18
19
11
48
4
37
33
10
8
37
19
35
40
10
2
32
17
11
27
47
26
3
40
14
14
12
35
21
49
32
32
48
48
28
12
45
50
31
4
38
43
38
44
11
27
34
43
31
12
1
2
16
28
22
32
16
43
38
39
45
38
4
13
20
47
29
28
39
43
43
5
20
1
32
35
46
16
34
13
30
19
43
46
23
7
39
44
3
19
8
16
36
26
34
8
35
6
44
36
16
4
12
32
10
19
6
3
7
16
3
38
32
36
45
38
27
15
14
47
7
38
12
48
11
10
17
20
40
28
15
31
21
2
34
3
42
3
32
25
41
30
32
31
33
9
5
28
12
15
31
23
11
30
30
43
10
20
14
46
39
47
13
42
44
41
25
29
33
9
45
44
36
25
2
27
11
16
23
4
1
23
14
27
24
5
49
14
17
21
32
48
45
45
43
4
48
4
41
27
6
7
11
8
41
31
2
43
50
42
6
32
19
9
35
27
11
50
2
46
6
43
6
7
42
25
49
42
16
43
29
40
48
1
31
47
35
41
43
43
1
27
46
23
45
8
2
2
47
43
29
40
30
33
49
10
5
19
12
35
37
20
48
27
29
1
16
21
11
39
43
30
43
2
47
42
19
31
3
15
40
23
1
1
21
14
26
43
26
22
18
11
30
41
31
33
24
45
4
15
17
49
3
41
47
38
6
31
29
34
15
39
11
23
48
18
44
18
41
35
35
41
28
12
26
38
11
15
9
31
26
10
42
16
33
6
42
30
19
32
17
40
20
40
49
14
38
47
41
29
35
5
46
39
42
8
14
3
47
34
11
2
43
35
48
31
38
49
12
25
46
13
9
28
40
6
49
31
22
11
27
7
15
1
40
44
2
25
41
5
1
21
14
6
13
23
9
1
12
3
50
41
28
28
5
1
7
15
21
47
24
43
30
19
20
13
38
3
47
10
25
2
33
32
1
10
24
26
38
48
42
21
27
9
35
18
24
26
46
15
18
16
17
13
30
19
35
32
15
31
26
27
6
23
43
46
24
3
22
3
34
8
4
1
29
6
35
47
33
47
45
16
46
18
38
43
1
17
46
13
37
34
17
21
28
18
20
25
38
7
31
8
24
19
35
2
29
32
40
36
46
25
27
27
38
22
49
36
26
42
1
12
49
33
17
24
9
21
44
29
40
15
8
4
21
41
14
4
30
4
42
29
25
14
27
2
7
34
31
39
20
29
36
22
2
6
16
45
50
14
9
50
13
39
18
7
22
17
18
41
14
