44
40
50
2
6
46
33
43
13
48
19
28
29
37
17
47
20
22
14
33
30
46
32
29
41
6
5
16
50
47
15
25
37
6
5
18
4
33
38
40
10
45
3
47
23
41
11
31
43
14
9
44
10
7
46
26
37
8
29
30
12
17
32
32
28
34
40
47
42
50
42
23
48
39
34
22
46
23
25
2
1
19
4
46
32
29
10
5
8
40
24
7
9
45
24
33
14
1
27
24
46
39
33
2
4
46
46
25
10
27
16
32
27
34
21
43
47
21
29
46
33
17
46
31
8
35
48
12
4
23
25
33
21
37
10
32
44
6
50
23
32
28
11
8
24
37
30
39
20
26
34
14
17
9
3
40
8
36
38
22
41
48
21
4
45
10
23
18
42
21
14
33
8
9
1
16
32
43
4
6
50
9
42
33
3
4
32
7
12
18
36
10
35
47
34
15
22
5
6
29
48
46
31
14
23
30
28
17
50
8
30
30
48
36
21
35
25
44
46
33
14
17
8
41
37
35
25
32
37
15
1
48
46
21
15
8
25
49
49
45
12
8
40
34
2
40
10
16
27
19
26
24
7
29
23
27
17
49
46
29
23
49
4
49
23
41
36
37
7
14
48
36
2
17
4
36
20
20
10
44
19
31
29
49
26
45
30
13
25
23
15
20
4
22
13
24
44
29
45
29
25
2
16
37
15
4
37
27
29
45
49
7
22
28
43
37
10
18
27
6
31
47
50
14
44
34
48
32
20
4
12
8
5
22
13
15
48
22
34
36
29
17
7
44
4
3
44
44
46
21
27
42
11
34
18
42
35
9
16
15
47
14
38
10
22
40
27
32
12
37
20
33
30
1
1
41
14
24
6
40
28
22
25
12
5
1
10
5
3
11
30
18
8
40
19
18
8
20
1
11
36
15
3
11
50
39
9
16
29
28
15
7
2
37
10
40
5
4
36
25
6
8
15
34
17
41
6
1
5
19
47
42
48
13
20
14
26
13
13
4
15
4
23
20
14
31
38
49
11
21
3
12
44
35
14
6
15
43
36
15
21
48
49
45
19
12
13
13
38
6
36
46
1
11
47
26
3
36
38
41
6
14
44
27
37
35
8
43
44
42
26
24
35
11
44
25
8
50
44
11
32
49
23
14
26
24
14
42
6
5
50
11
42
39
13
11
10
42
9
25
24
43
10
50
40
31
35
35
40
41
7
30
28
48
20
46
25
23
25
24
28
45
7
10
28
48
46
27
3
30
2
35
43
38
24
34
49
44
47
20
10
49
30
33
37
5
48
22
9
48
34
43
26
10
19
27
15
36
19
14
30
20
32
30
31
48
44
28
41
23
33
38
45
40
16
7
44
8
39
38
43
10
17
5
26
32
35
30
44
50
46
6
49
14
33
13
12
32
9
25
35
42
10
40
16
14
30
20
44
28
13
20
31
7
11
24
14
36
4
49
25
22
15
49
15
48
15
20
10
24
24
26
22
15
42
36
20
36
47
49
13
6
19
42
48
50
44
49
48
46
28
6
6
6
6
43
22
34
12
4
27
25
47
30
3
27
35
50
34
4
17
11
4
37
23
35
50
36
20
34
11
45
48
29
22
44
46
13
5
31
31
41
34
24
30
40
20
16
21
30
14
37
3
23
40
38
5
15
2
11
16
34
12
24
39
11
6
4
3
18
12
47
4
28
11
46
40
5
11
13
46
16
21
27
33
28
41
21
35
14
46
15
43
32
22
20
42
24
33
13
32
50
43
50
40
42
11
32
49
33
30
9
14
12
15
28
35
49
23
50
40
35
49
15
15
30
47
45
14
17
2
26
47
36
28
44
28
50
21
10
24
48
32
35
22
22
1
48
37
4
12
32
31
20
50
29
12
36
16
29
41
23
27
17
26
7
1
36
50
27
13
20
22
35
9
33
45
47
42
17
41
2
23
49
12
45
23
3
19
3
46
18
44
9
2
10
7
32
16
42
15
22
28
30
37
21
26
42
14
38
27
50
24
48
2
13
41
27
37
8
7
50
17
8
2
5
24
27
41
2
44
28
12
49
31
33
2
4
7
17
3
13
31
47
10
42
20
37
8
20
1
1
30
44
9
36
29
19
26
50
37
6
11
5
31
25
26
46
44
7
30
3
49
49
50
19
40
50
25
19
29
24
10
38
35
15
5
39
19
5
19
21
28
39
28
34
7
13
18
50
33
26
30
23
17
40
40
20
21
50
3
37
46
50
30
36
14
38
38
36
6
24
31
37
17
4
36
13
1
42
