21
24
6
13
31
41
22
29
49
48
47
3
45
20
13
28
8
16
42
20
13
4
38
46
32
48
7
29
16
44
47
39
45
1
48
7
7
38
36
8
29
9
24
23
13
25
20
5
40
10
28
14
49
33
7
37
11
13
12
5
37
11
17
43
32
43
26
14
44
41
48
2
18
3
10
22
31
37
1
14
11
16
21
27
6
30
47
19
39
24
33
4
34
20
40
27
15
12
4
41
36
3
31
17
25
7
30
37
35
2
21
39
3
10
7
14
32
8
47
21
19
17
4
19
46
40
13
20
17
32
45
46
1
26
38
45
41
28
8
43
46
31
43
6
34
7
34
50
7
21
7
9
23
35
50
37
30
15
4
21
31
35
17
15
9
40
31
30
9
7
30
36
39
41
23
43
47
48
32
5
39
37
42
30
6
26
10
48
29
48
31
22
8
46
45
43
6
40
27
48
25
14
20
8
4
4
12
38
47
31
17
12
12
50
14
21
5
4
15
10
12
24
35
3
38
33
37
37
36
39
9
32
40
16
22
33
24
20
23
16
34
9
41
30
43
40
46
46
24
46
32
21
4
18
26
34
18
3
37
29
37
5
4
50
33
27
28
26
7
35
7
17
15
11
14
29
35
3
41
44
45
20
15
45
26
3
29
36
4
11
35
47
26
14
35
9
14
26
44
47
17
7
10
34
6
33
3
14
3
27
3
35
21
34
20
37
19
2
19
21
21
33
38
6
13
28
11
30
21
39
44
34
13
49
4
48
19
31
1
6
23
41
11
49
25
32
15
40
35
3
41
16
30
46
23
14
48
6
29
4
47
8
42
1
33
9
30
48
5
30
44
15
16
47
27
41
15
20
46
45
37
28
10
42
26
2
29
6
23
44
45
25
6
37
50
18
25
23
33
35
34
28
28
14
34
17
29
50
18
23
35
48
7
37
8
28
45
33
10
4
8
13
44
42
6
7
42
3
45
46
34
35
33
11
44
38
42
12
33
49
16
28
2
31
40
49
39
18
9
30
5
25
4
14
9
12
5
3
26
23
40
35
48
33
24
15
29
20
33
41
25
48
33
7
39
32
31
40
41
33
42
36
17
20
12
9
24
20
12
49
24
42
46
9
5
40
5
40
7
23
35
2
41
10
25
22
32
8
17
14
33
39
9
11
50
36
35
19
27
30
42
45
37
11
33
3
29
48
7
17
12
6
17
16
44
24
15
10
23
19
33
28
38
20
1
50
13
50
19
42
35
9
22
27
48
9
29
48
17
1
22
5
23
10
14
7
20
40
46
25
41
41
42
6
36
30
33
33
36
33
26
11
30
42
41
48
36
21
19
43
26
22
28
22
7
48
35
16
45
4
8
16
47
34
45
34
9
19
4
36
8
17
27
46
43
14
19
48
5
27
27
22
24
50
9
29
48
21
36
25
13
36
17
50
31
44
30
32
10
1
33
5
25
22
14
28
40
20
3
19
46
7
6
31
13
16
28
21
36
8
6
44
15
20
28
37
7
31
8
8
45
44
10
39
48
18
43
35
40
13
7
12
12
35
21
36
24
5
6
2
4
19
30
41
40
1
33
38
27
18
2
50
50
39
40
14
20
14
9
21
49
50
3
40
47
18
16
11
48
12
8
39
32
17
4
19
18
48
41
36
1
11
20
10
40
29
6
3
23
23
42
18
30
31
47
40
16
22
45
17
47
33
22
40
44
32
11
32
43
43
23
4
20
23
48
39
37
21
23
3
49
35
49
46
25
34
36
15
10
14
48
50
22
23
30
12
30
12
11
16
38
21
23
2
10
18
8
12
3
36
4
48
47
31
14
29
36
30
43
23
9
6
43
8
9
6
2
5
19
13
36
11
21
18
24
37
3
2
3
1
21
5
34
33
6
50
32
41
45
45
49
8
47
30
39
4
10
28
42
25
50
2
47
15
27
24
5
25
15
34
24
1
22
26
13
10
9
49
28
9
46
38
28
39
22
27
45
39
43
23
29
34
38
29
35
31
47
4
38
11
5
7
6
3
27
2
25
19
8
41
28
15
47
40
23
25
23
29
9
49
22
9
16
46
18
16
20
3
9
23
2
28
49
43
7
26
42
23
17
13
8
35
35
23
35
41
37
23
9
9
8
18
37
18
42
17
30
34
42
15
28
2
37
40
30
42
50
5
23
34
14
23
14
7
27
12
10
44
25
20
38
20
19
24
20
1
45
25
43
26
29
48
40
21
43
33
24
24
50
21
28
24
38
2
44
37
38
37
14
29
