4
15
20
36
4
33
24
25
33
30
19
16
49
40
30
42
32
43
5
37
37
33
32
44
22
33
3
11
1
46
31
11
31
48
6
27
40
45
40
12
9
7
1
1
21
28
41
43
29
9
48
50
29
30
14
34
49
13
40
44
28
6
27
1
43
16
13
42
43
17
46
40
40
11
38
24
38
36
23
29
36
9
43
17
15
36
23
5
44
24
14
49
5
49
47
9
5
49
10
25
20
36
13
24
33
30
3
49
28
15
49
14
21
44
18
44
26
43
24
20
41
22
45
13
31
30
30
30
39
43
27
39
27
32
34
15
41
15
6
2
6
48
39
17
2
6
40
50
38
33
50
9
1
45
43
46
31
2
1
8
26
9
37
10
34
18
13
17
28
42
13
38
10
2
23
21
11
42
44
21
34
26
21
11
21
18
29
5
28
27
39
9
14
10
15
4
7
16
41
1
45
44
13
23
48
42
18
30
46
11
34
42
2
38
42
30
44
8
22
2
22
26
9
19
42
43
47
15
46
11
6
8
43
8
25
35
13
23
23
20
1
47
13
26
11
34
28
42
20
31
43
38
31
37
38
21
16
28
17
31
28
31
23
39
9
27
25
5
7
10
32
45
20
40
14
7
43
50
25
3
39
25
30
23
24
21
9
47
9
48
37
25
3
42
41
37
17
5
36
19
20
9
26
22
6
28
26
29
38
42
4
3
13
1
28
48
15
4
38
16
37
14
24
29
50
45
25
31
18
37
48
12
35
1
45
9
19
14
3
49
24
30
23
45
50
44
32
18
42
7
13
34
7
13
14
11
15
36
5
35
27
39
8
11
8
12
44
11
33
17
27
33
36
1
26
23
31
33
28
44
2
32
16
14
14
13
46
8
47
7
28
31
31
44
28
32
42
50
34
31
3
33
41
40
24
4
7
18
20
41
40
4
23
43
34
17
3
27
35
32
25
45
1
31
34
37
17
42
19
44
6
42
3
42
18
44
45
8
28
46
33
29
49
36
21
32
2
11
23
46
25
5
10
17
47
22
8
32
27
5
43
44
7
39
16
42
27
36
29
1
42
12
31
31
20
36
6
13
18
6
50
1
50
29
3
26
29
13
25
21
36
40
48
19
33
11
31
9
22
24
50
50
12
48
19
14
1
36
49
38
17
47
26
34
36
47
11
24
31
13
2
7
21
43
24
16
31
43
21
16
25
33
29
19
16
6
17
37
41
29
23
42
45
4
11
35
29
11
29
16
38
12
1
38
36
10
25
2
17
33
3
41
12
5
16
34
10
40
31
21
39
11
23
11
22
32
36
37
9
35
50
4
44
38
12
44
17
10
29
5
5
13
4
4
50
44
10
35
41
13
38
4
30
39
40
10
41
12
36
39
35
42
47
13
34
35
22
13
22
4
16
15
10
8
33
47
39
17
9
46
43
30
21
28
36
21
22
43
29
28
39
21
40
2
38
9
29
29
6
3
10
45
10
22
13
20
8
31
44
40
8
38
15
1
24
19
43
30
36
43
46
44
34
7
29
50
33
27
29
38
20
23
26
39
37
24
22
38
1
46
10
36
5
46
5
49
26
9
42
49
23
7
3
36
22
46
39
36
22
37
5
31
36
4
27
44
45
21
19
37
46
46
19
5
41
13
22
2
44
7
46
32
14
45
30
41
9
48
2
20
16
13
23
11
28
44
49
25
25
39
14
35
44
33
1
11
19
2
13
17
26
26
6
21
6
31
5
3
40
21
36
39
15
47
30
22
23
11
39
16
41
17
2
5
24
23
14
25
46
26
17
37
4
19
39
10
16
33
46
41
43
20
1
29
47
3
13
41
3
28
1
9
11
2
39
10
20
39
22
10
29
34
10
13
24
27
13
6
28
42
28
27
35
9
31
43
43
9
37
7
31
24
7
1
28
23
43
8
27
13
36
27
48
45
25
20
8
49
26
25
41
19
36
35
37
36
42
32
48
6
30
5
19
34
9
25
11
46
31
11
27
13
1
43
32
19
15
23
7
22
3
32
16
18
48
13
43
14
46
38
30
13
9
2
1
17
32
11
41
3
18
49
10
6
34
47
40
50
49
16
47
5
48
40
49
21
22
38
26
12
41
31
12
21
46
31
5
41
41
30
46
24
25
38
49
7
19
44
32
38
48
30
22
44
4
35
32
20
31
30
19
28
41
15
4
8
31
1
38
4
40
33
26
8
42
32
25
35
16
21
36
23
49
8
27
5
5
37
29
16
31
40
5
27
50
33
45
34
40
9
