26
49
29
17
11
39
36
7
42
28
7
3
17
12
39
39
50
31
23
17
7
40
37
16
32
14
1
1
36
33
35
6
31
43
35
38
45
47
49
43
24
22
12
40
29
26
40
14
13
6
22
7
9
23
6
36
44
47
6
25
14
13
50
35
7
25
49
40
28
3
43
16
8
16
37
28
48
2
28
2
4
11
9
39
46
4
45
6
18
46
18
19
38
13
2
4
29
18
26
23
37
5
7
32
1
14
39
26
46
12
1
28
26
1
38
29
35
3
21
46
15
15
22
10
9
29
3
25
11
11
22
27
8
35
33
16
17
16
41
36
13
32
34
34
45
37
10
12
22
6
12
42
33
14
5
33
47
17
15
36
18
33
28
24
23
16
7
28
37
7
3
29
2
38
17
37
32
29
44
20
46
11
35
9
39
40
12
35
50
19
27
42
48
34
49
21
29
27
42
17
16
43
47
10
17
49
50
4
18
36
39
36
16
14
19
12
26
41
50
6
24
14
50
42
28
18
23
10
32
25
4
10
7
30
42
27
9
31
35
44
11
32
46
27
11
2
49
30
22
50
5
50
37
12
8
4
45
47
27
38
17
29
23
22
14
25
45
5
40
26
42
34
32
26
32
25
8
21
11
28
36
28
20
1
21
34
32
45
44
41
35
15
3
1
3
9
19
47
41
16
4
21
7
16
10
41
50
35
34
39
12
8
47
47
29
3
49
22
38
20
43
36
4
33
23
44
28
17
13
1
38
27
9
32
8
16
16
39
42
23
39
8
14
20
28
37
15
1
20
17
7
38
24
41
48
20
50
35
38
32
40
19
44
37
7
20
50
31
44
24
7
3
18
25
12
34
40
9
5
37
22
5
2
47
39
33
35
3
24
36
27
44
28
4
15
32
47
30
4
38
30
3
15
34
20
9
11
24
1
3
18
46
18
24
1
41
40
22
13
21
27
23
38
23
48
19
44
48
16
2
25
41
6
44
12
25
31
43
1
18
13
15
21
40
7
32
18
45
32
29
11
10
5
6
28
2
40
28
31
14
29
32
49
15
47
25
10
18
39
31
1
40
49
31
13
48
19
36
43
47
5
41
15
25
18
17
46
1
28
3
31
17
43
22
6
44
44
42
23
14
50
47
2
3
28
1
15
42
14
22
50
16
12
3
47
9
39
39
30
6
48
29
11
24
39
22
37
37
18
9
35
50
16
35
8
13
13
26
45
29
12
34
32
23
7
37
40
2
17
47
23
22
38
21
7
7
33
6
5
33
40
49
14
44
42
13
2
15
49
7
20
46
14
2
48
32
7
33
43
22
20
36
30
46
20
27
47
33
41
7
35
32
27
36
6
4
15
14
5
30
35
23
25
3
14
50
11
42
32
37
18
42
12
3
19
8
16
40
27
5
22
4
10
9
31
30
3
8
36
12
38
19
20
48
7
23
33
26
21
36
9
33
22
39
10
30
5
7
40
9
17
30
23
34
39
44
19
15
4
33
6
35
34
23
27
32
1
41
30
8
29
37
39
31
47
23
1
41
15
27
17
50
14
10
13
19
32
42
46
37
25
24
48
16
35
11
25
25
31
15
32
32
5
24
30
39
21
4
35
24
36
18
23
23
49
19
29
34
30
35
15
1
47
19
16
31
5
21
4
37
40
12
28
31
49
37
42
1
9
23
45
39
36
48
31
38
43
31
45
28
50
39
37
24
12
11
27
16
39
35
38
47
2
15
20
5
22
42
38
31
41
46
17
21
4
20
29
28
35
45
45
19
7
41
45
16
32
48
49
7
23
41
16
37
41
15
3
50
39
43
11
15
20
15
11
46
38
15
48
22
29
43
50
20
25
45
19
38
38
27
25
35
22
15
29
44
33
12
6
11
47
2
2
15
15
39
12
14
49
27
27
23
8
44
24
42
2
19
6
25
42
34
23
40
14
10
44
44
24
12
50
6
20
1
12
25
24
41
10
40
26
34
6
4
17
18
14
34
42
8
39
25
42
36
27
8
26
18
1
9
32
38
14
23
20
5
49
37
45
47
2
13
9
20
8
49
29
47
5
11
39
31
19
11
45
31
48
20
29
37
50
18
22
20
25
35
29
34
4
23
6
48
49
33
3
32
34
45
37
22
17
50
30
8
35
3
12
12
30
45
8
21
23
11
21
1
49
9
27
43
27
8
36
2
2
35
31
9
28
24
27
11
2
9
13
50
6
15
22
9
9
3
33
50
48
34
17
22
36
32
29
12
30
9
41
29
20
22
41
22
