34
23
40
3
9
45
16
41
19
50
27
27
20
46
38
27
24
48
26
47
39
5
46
26
50
21
30
8
37
34
26
27
41
20
34
42
47
5
2
26
11
42
5
37
45
41
33
33
20
25
44
40
4
11
12
3
47
47
8
17
37
48
20
3
40
9
29
11
16
8
1
15
13
31
42
16
2
35
11
2
14
50
40
32
43
2
45
41
3
24
45
32
4
47
28
31
8
44
32
43
11
20
24
7
25
24
44
21
28
49
11
30
49
23
21
35
12
41
41
21
14
33
42
13
37
10
3
16
29
25
30
27
39
22
18
36
6
2
14
46
18
36
39
3
1
30
39
39
45
35
15
50
15
2
19
12
26
33
47
13
25
41
42
25
27
46
6
16
47
28
50
25
19
36
37
40
22
50
15
33
39
9
18
12
19
31
37
19
23
19
9
3
33
15
30
48
35
40
30
41
35
3
18
46
42
6
8
33
36
35
29
34
20
38
49
13
11
12
5
28
27
8
50
24
38
49
9
4
19
13
4
1
45
6
20
42
9
15
43
45
33
8
13
22
36
22
10
29
22
26
31
18
25
42
13
24
26
28
32
14
15
28
23
23
31
21
5
24
37
36
5
22
16
18
31
39
12
20
22
11
38
21
37
35
1
33
44
7
29
27
20
37
37
2
49
36
16
43
14
3
42
46
6
42
41
25
30
30
45
50
49
18
31
11
48
32
44
33
41
27
2
12
50
32
30
1
18
21
36
14
42
3
33
43
6
44
16
11
11
24
35
46
10
5
20
31
29
37
4
22
15
26
28
37
17
1
32
5
17
30
24
28
15
8
2
22
44
40
6
33
28
45
11
50
16
15
27
6
28
38
30
45
5
7
9
9
24
48
43
39
2
49
46
6
9
26
36
49
17
38
12
22
26
45
20
27
46
9
26
36
25
13
41
3
29
2
13
13
46
5
1
27
5
15
50
20
14
37
28
17
44
31
11
30
10
1
18
11
1
13
1
12
47
24
46
46
40
17
50
46
45
21
25
11
16
32
3
17
6
4
47
23
9
31
3
16
46
36
35
16
12
34
5
36
48
1
3
49
27
34
22
38
40
46
50
25
24
20
11
10
41
15
39
27
43
27
15
20
26
30
36
29
43
24
17
25
48
20
13
49
36
6
36
34
5
3
28
1
8
50
14
10
21
26
37
17
8
49
3
45
5
12
8
4
20
33
45
39
29
26
35
29
14
39
37
39
12
11
15
30
10
38
47
10
20
15
44
30
22
17
8
4
49
28
12
24
21
24
33
39
18
28
21
2
50
33
49
45
31
39
26
31
47
23
29
7
11
28
2
48
7
30
6
15
36
11
13
13
33
12
15
7
47
31
39
46
24
35
23
9
20
11
19
33
12
16
23
28
45
17
46
42
49
17
15
45
18
25
23
50
46
19
28
24
6
37
33
3
3
22
17
17
10
7
17
19
17
7
19
28
10
1
26
12
16
34
41
22
32
13
20
10
4
26
11
14
24
14
22
46
41
39
7
50
27
29
19
35
4
13
43
29
19
14
35
48
25
5
42
16
32
45
11
30
43
35
49
4
31
23
46
19
41
11
29
8
48
23
22
29
11
33
45
22
31
27
23
26
3
25
27
47
20
22
1
39
30
24
1
11
36
49
37
26
5
21
36
15
30
11
27
25
9
21
1
23
10
13
41
6
50
40
2
8
18
35
5
2
32
14
13
45
49
47
42
38
9
16
48
17
23
38
43
27
45
26
30
28
12
31
28
42
3
25
48
47
35
22
8
31
36
16
3
24
47
39
23
13
13
14
20
20
44
13
31
15
2
6
38
34
13
12
39
6
11
16
28
29
45
25
37
4
30
25
32
18
15
39
38
30
45
32
7
48
6
19
6
23
10
22
1
10
49
3
4
22
4
38
39
42
37
23
10
20
21
42
25
8
44
10
36
41
38
21
14
1
33
47
39
37
49
26
11
45
28
21
12
19
49
50
9
11
43
1
31
17
41
4
15
26
45
32
23
36
31
15
32
8
6
14
6
40
26
40
4
46
13
7
19
12
34
47
12
49
22
11
28
7
45
21
24
46
37
33
13
28
13
22
21
49
45
8
29
9
15
30
10
50
33
33
18
22
23
46
43
27
2
13
40
29
17
46
13
20
50
27
18
9
21
37
42
12
36
23
44
46
39
28
19
32
10
1
36
5
49
16
35
8
42
31
36
48
28
19
14
5
36
25
19
32
4
43
10
8
49
46
8
28
7
32
