37
11
31
19
39
40
47
18
4
32
28
17
34
43
45
26
26
43
44
13
13
32
22
20
18
37
6
18
36
33
32
16
1
41
36
33
23
21
29
33
33
8
34
38
34
9
11
7
10
22
6
8
50
49
3
41
47
10
45
14
8
40
34
14
41
31
49
26
19
3
25
8
15
36
48
8
38
30
47
41
24
9
6
17
34
44
10
9
24
11
23
31
24
19
9
42
33
5
28
26
48
32
26
44
29
37
30
3
12
1
40
24
16
30
34
11
11
29
5
47
23
44
48
20
22
23
1
7
50
21
36
1
23
37
43
47
9
50
15
44
49
13
16
33
42
9
31
30
50
27
28
28
11
32
6
33
1
38
45
21
7
47
37
41
21
28
9
35
8
45
21
47
7
23
30
33
21
3
46
25
12
41
40
45
33
46
23
42
30
32
36
30
45
9
17
23
46
26
25
41
49
47
45
5
32
20
20
28
27
9
48
27
40
9
26
43
49
12
42
29
7
31
26
22
15
30
36
44
42
48
50
19
6
31
35
27
18
18
6
11
23
20
20
37
50
29
20
31
16
39
14
43
44
37
49
40
10
19
22
30
17
43
38
3
17
19
47
8
21
19
21
10
17
3
13
11
48
49
41
47
11
1
20
27
50
47
8
6
20
2
22
10
35
5
17
5
25
22
3
15
36
17
9
6
48
40
8
45
2
15
4
29
28
6
48
42
38
19
13
25
23
11
33
29
40
42
26
27
34
25
20
29
5
10
45
40
3
11
19
49
4
8
12
44
28
11
50
36
22
36
14
3
27
36
44
25
28
28
18
32
34
10
20
16
30
31
1
28
7
8
46
6
4
50
49
36
20
8
26
10
33
32
8
44
29
11
45
17
30
23
38
13
21
7
38
31
45
23
7
42
18
10
28
36
46
22
37
46
16
33
25
7
24
26
17
31
19
20
32
9
14
39
10
27
22
41
35
15
41
6
27
40
41
35
19
18
32
1
30
42
14
49
34
37
30
49
21
22
8
5
19
19
25
36
34
26
5
9
34
47
8
50
30
39
21
33
11
15
30
44
1
12
34
18
23
25
41
7
29
38
35
18
2
14
26
11
25
8
17
31
5
1
7
3
32
44
7
36
26
22
8
44
21
45
33
33
2
10
30
39
41
2
18
42
8
46
5
32
18
43
21
26
18
2
42
44
26
34
18
1
31
29
38
8
28
44
32
40
25
32
25
30
48
20
4
20
46
35
36
29
30
8
11
38
40
17
36
10
10
11
9
22
8
36
5
38
40
47
49
9
41
40
12
13
14
7
38
41
5
28
47
8
29
34
44
7
47
5
24
19
42
2
5
19
6
47
47
12
8
10
28
44
50
13
39
9
13
36
34
25
2
10
40
7
32
19
9
50
14
4
27
36
4
30
11
43
30
25
18
2
37
28
45
14
44
15
41
27
23
42
38
9
4
14
6
43
24
31
36
10
48
8
44
4
19
46
22
18
6
23
2
25
3
26
16
25
8
33
5
9
32
41
7
33
44
9
26
2
45
39
47
28
47
21
45
49
34
19
12
41
26
23
4
6
26
20
5
48
12
19
14
36
14
28
25
48
2
37
41
41
39
10
20
35
5
38
18
13
28
34
40
35
12
1
22
50
4
33
36
11
10
11
37
36
30
29
20
16
18
35
13
20
4
44
13
47
18
36
33
12
47
5
39
29
2
4
12
1
50
27
28
32
17
7
40
38
8
3
9
23
1
18
35
30
3
38
1
35
8
39
44
27
13
22
13
7
10
11
43
48
40
26
20
43
15
22
40
21
7
25
12
25
19
50
24
31
22
18
17
31
49
21
34
39
47
45
26
1
40
36
17
41
29
20
48
35
40
1
46
45
29
11
11
15
23
22
10
40
9
21
44
21
35
35
19
2
20
14
41
29
10
5
40
22
39
29
36
28
32
26
38
18
44
35
10
26
4
16
11
5
3
37
49
46
16
27
49
5
6
35
14
1
9
36
11
9
10
22
26
25
4
18
8
49
34
28
47
9
45
43
39
47
8
18
45
18
48
21
30
19
4
21
14
34
37
37
33
8
7
17
14
13
24
42
27
30
31
9
34
34
29
38
3
42
28
11
46
25
3
20
38
4
7
34
18
26
41
11
42
18
19
3
28
36
27
42
47
16
19
35
16
43
16
36
19
8
41
36
33
47
39
37
45
2
14
48
39
49
5
39
41
28
33
13
18
22
47
38
8
24
1
34
38
30
50
36
18
6
22
34
