18
7
49
10
23
11
30
45
11
6
10
49
16
20
1
38
42
24
11
45
50
19
5
26
45
2
40
9
21
46
9
32
5
5
31
1
39
12
36
29
32
36
17
50
4
34
16
13
16
12
5
49
42
25
9
9
10
19
6
25
1
36
47
29
33
23
8
27
16
10
24
18
34
41
28
11
2
36
10
18
5
6
32
30
16
39
43
6
33
13
1
50
38
23
6
5
48
11
28
19
7
7
47
45
26
12
19
39
34
45
1
22
17
2
1
5
40
15
7
7
28
24
43
5
22
11
40
49
13
5
8
5
30
6
48
8
39
32
34
47
13
20
7
44
47
46
30
8
19
50
35
6
30
15
24
19
31
43
24
50
40
31
6
15
10
32
37
24
17
25
26
33
9
40
23
22
6
40
42
18
43
32
47
33
26
30
34
45
21
38
45
8
27
28
33
4
17
36
16
27
29
8
5
27
13
43
24
1
9
43
24
47
14
1
17
32
10
10
4
15
8
6
8
23
7
29
27
10
18
27
29
14
30
35
7
23
35
30
42
5
8
40
7
50
33
21
22
47
39
31
22
21
10
43
1
23
43
35
22
7
47
25
31
24
44
39
32
16
6
23
40
27
48
42
11
23
36
20
23
44
24
9
29
48
10
41
28
40
21
23
4
45
30
5
9
17
48
22
35
13
47
42
3
17
10
28
48
46
35
1
9
9
35
2
3
13
2
6
18
11
32
35
24
25
49
46
27
49
38
3
46
27
41
48
10
31
48
32
39
37
50
18
49
27
15
16
9
11
4
29
29
34
35
3
11
26
3
42
43
20
18
11
10
50
28
7
29
27
37
5
39
30
48
35
4
43
4
31
43
1
34
13
18
15
18
1
38
37
21
26
48
42
20
30
4
44
4
4
14
40
41
17
5
25
40
40
8
43
35
13
32
14
23
33
1
23
25
2
21
17
11
9
12
3
12
34
24
44
5
25
25
40
10
43
16
40
41
19
15
20
17
10
40
3
24
18
17
45
16
6
8
49
49
35
2
10
35
34
50
46
35
38
41
36
23
38
42
37
42
5
33
11
9
28
27
49
13
13
9
29
12
34
19
18
47
18
50
16
35
43
15
21
18
8
19
12
28
4
36
14
47
8
29
13
50
25
23
41
13
31
37
37
3
1
41
26
34
24
48
3
46
23
5
30
6
36
3
2
1
19
25
5
9
46
10
50
8
4
38
24
20
28
17
39
23
12
45
3
25
14
42
31
35
40
32
17
1
35
23
50
7
16
50
24
40
8
31
5
29
13
47
10
39
20
29
11
30
24
11
25
31
3
25
3
10
14
10
39
44
40
6
8
21
42
22
44
43
16
2
45
6
42
39
16
49
50
29
49
8
47
15
12
14
21
44
50
42
40
44
46
5
46
41
44
12
22
30
10
19
33
48
19
5
29
45
16
20
6
4
30
2
46
26
24
29
19
15
50
9
14
40
33
38
47
17
3
1
33
5
20
19
22
32
34
14
11
1
42
35
23
33
50
45
3
38
23
27
14
18
34
43
40
11
25
34
42
21
6
19
2
42
14
32
31
18
30
24
34
18
4
25
7
11
30
40
16
13
32
32
7
41
44
32
3
36
41
18
9
46
26
24
15
34
9
4
27
29
4
35
49
40
39
42
17
24
26
42
22
6
18
10
26
36
37
50
11
21
46
22
21
47
41
31
27
3
30
26
5
14
29
16
17
33
34
4
21
13
19
47
2
21
24
16
38
33
48
11
11
26
11
27
13
33
23
3
44
24
27
28
36
22
35
16
49
29
46
11
28
7
7
15
43
15
42
34
16
50
14
38
43
29
30
44
21
50
46
34
14
15
35
45
5
42
10
38
13
12
13
43
50
40
5
23
29
1
33
17
12
39
6
37
32
27
36
46
46
19
49
45
7
44
35
27
50
5
45
34
47
26
46
19
42
7
15
42
13
48
49
14
33
2
38
44
29
48
28
3
27
40
32
35
47
16
27
15
29
43
21
6
35
3
37
35
44
5
17
3
44
13
14
44
37
41
35
48
42
21
13
23
25
43
41
41
23
25
27
42
17
30
35
28
40
47
43
7
10
11
11
24
24
41
11
21
29
43
18
9
47
5
31
30
46
5
7
16
1
6
21
39
33
13
44
47
19
50
19
42
25
28
43
7
24
34
41
18
3
50
46
2
27
13
17
24
11
44
29
29
7
9
33
42
45
31
9
5
26
48
26
34
39
11
27
45
34
18
1
30
44
3
6
