16
37
24
22
36
44
21
12
7
1
26
20
16
27
19
35
5
6
15
3
22
18
26
2
31
3
34
37
30
28
38
50
3
41
49
8
50
50
23
42
27
16
10
31
6
18
48
43
23
9
25
43
7
12
20
22
10
19
27
36
3
11
43
39
33
29
38
50
18
33
42
20
49
9
2
14
46
17
4
46
3
43
6
26
15
15
13
29
26
26
3
7
40
22
11
15
15
29
44
36
34
3
32
27
26
11
10
41
36
29
37
49
17
35
13
34
10
20
25
17
7
40
13
29
10
2
34
23
27
3
21
22
23
1
15
38
16
38
50
2
35
28
13
18
24
42
25
27
24
50
24
26
14
24
3
30
42
30
2
20
21
45
42
9
11
27
16
41
43
38
46
41
13
25
1
20
39
22
21
19
37
5
30
38
27
38
15
49
50
46
6
42
13
33
25
10
24
24
39
37
7
30
44
7
14
38
4
47
14
4
37
31
48
21
20
11
16
5
5
29
41
15
3
37
17
35
11
37
42
26
43
17
10
29
9
27
16
5
14
20
6
42
34
30
43
37
26
1
44
13
20
4
24
30
29
13
5
43
46
26
34
13
24
11
28
47
46
36
47
27
18
27
25
39
43
20
9
38
20
32
26
49
11
36
35
36
33
40
5
8
22
17
11
30
36
44
37
17
4
22
2
31
29
24
20
38
6
36
2
4
31
21
28
20
26
14
24
46
19
41
43
39
15
24
17
39
44
37
20
25
50
25
8
23
2
26
2
50
45
45
25
3
41
32
3
35
17
27
1
2
27
4
45
4
25
10
37
44
5
36
23
38
48
35
34
1
2
40
7
23
23
27
3
10
42
21
50
50
48
49
22
32
9
5
44
39
20
3
38
33
47
4
48
24
33
8
27
37
20
41
47
10
50
49
3
43
48
12
11
3
13
6
44
44
23
39
39
49
29
49
46
29
40
25
42
48
21
30
25
9
10
9
35
27
44
23
10
42
17
48
49
25
5
9
36
3
26
24
23
47
29
40
33
23
50
7
22
9
4
20
19
28
36
43
47
24
37
8
21
28
24
40
15
15
42
40
22
36
5
26
38
2
25
10
37
40
17
12
23
43
20
20
39
15
41
40
6
1
12
45
10
8
17
37
11
38
23
1
19
40
42
44
8
34
10
47
41
23
4
7
29
40
50
39
46
34
45
50
21
31
13
43
19
30
37
28
38
21
31
32
19
27
29
15
4
33
33
2
21
20
50
36
41
26
17
45
9
40
43
49
14
16
16
3
50
14
44
21
8
42
25
25
46
27
40
4
48
16
15
37
23
47
46
36
1
44
12
39
42
26
28
45
31
44
34
26
42
14
36
21
31
37
4
16
47
39
27
2
24
49
50
8
43
40
48
19
16
11
41
26
2
40
7
41
4
28
42
26
6
37
30
42
40
37
46
1
28
4
13
46
34
46
23
35
21
38
29
34
45
8
42
5
19
23
35
2
3
6
11
31
27
37
34
18
42
24
14
11
29
10
7
46
15
20
8
41
16
43
14
11
6
14
41
38
38
29
35
48
43
39
2
2
14
7
45
13
2
2
8
6
23
21
5
15
35
25
36
47
42
2
20
35
26
25
43
3
25
41
50
18
17
26
1
34
43
25
23
3
19
48
17
19
47
3
25
44
31
34
27
21
27
30
24
4
30
35
22
26
32
31
4
36
28
3
34
18
49
25
35
39
25
20
18
8
6
2
49
17
19
40
7
38
12
5
31
35
44
31
37
39
14
45
34
41
43
15
12
28
44
38
39
26
26
23
37
10
26
17
35
3
5
22
13
43
27
11
42
40
14
43
17
22
35
14
34
50
8
24
32
39
6
19
28
46
2
17
13
10
43
38
44
48
26
13
10
41
19
43
7
14
23
30
29
21
27
12
23
39
18
14
29
47
6
49
25
25
47
8
4
1
20
31
37
40
16
35
30
18
21
28
5
4
38
32
7
36
42
7
37
39
14
12
26
24
20
20
21
21
28
19
29
29
10
39
34
43
38
1
38
50
43
50
15
17
37
13
3
27
9
49
47
5
7
45
23
50
36
47
33
33
3
34
48
47
11
39
15
23
44
22
7
19
24
20
21
38
31
25
45
44
15
28
23
9
23
23
20
40
35
17
10
49
42
12
28
3
28
39
17
5
31
12
38
7
34
3
47
26
22
31
27
13
12
2
42
15
1
21
36
1
24
20
41
21
17
45
6
21
6
38
31
38
12
24
37
14
28
43
35
26
