36
14
46
17
25
19
35
10
3
27
37
38
50
14
31
38
40
20
45
24
13
46
49
21
1
7
41
9
9
50
27
14
5
17
31
37
1
20
35
23
50
48
18
26
23
48
42
5
25
11
6
5
4
1
15
15
9
3
10
42
10
8
39
23
17
13
25
7
15
49
8
33
17
6
34
40
16
45
49
48
45
45
3
4
41
17
23
14
32
13
20
46
16
10
3
3
20
6
10
19
2
41
5
14
7
26
48
45
35
9
35
13
42
21
20
12
28
28
30
5
13
23
30
8
38
13
50
11
46
49
15
23
36
18
34
20
21
33
24
22
45
38
39
43
47
4
8
11
28
38
49
25
48
21
1
32
7
12
48
25
6
28
23
40
5
49
45
49
40
26
36
44
47
29
34
14
36
10
39
43
6
27
20
37
6
21
7
39
3
41
47
16
19
12
6
33
4
29
31
23
18
14
41
36
30
6
41
39
8
32
40
46
34
1
13
43
46
16
8
29
16
38
20
5
40
45
26
14
5
18
36
25
9
21
43
45
17
46
44
36
11
36
15
2
37
24
48
3
49
39
42
45
31
34
28
4
15
24
46
12
3
49
15
16
4
10
14
2
33
8
2
10
12
6
7
5
19
43
5
21
5
10
46
26
19
22
48
5
31
5
49
43
41
28
47
14
44
40
40
30
36
2
21
16
31
3
19
5
47
27
46
45
35
1
50
38
43
48
15
41
10
50
25
50
35
9
12
14
4
34
3
26
50
23
14
41
7
34
36
39
14
45
26
10
13
19
5
38
20
14
34
36
34
5
7
37
10
18
7
30
10
9
13
7
23
2
14
3
49
9
29
10
40
34
39
33
27
12
24
18
39
38
16
7
18
24
13
24
16
8
12
4
4
36
2
22
33
32
36
38
11
23
2
34
36
38
41
20
20
14
38
16
6
20
47
12
20
27
8
27
39
33
47
49
24
23
12
6
44
11
24
25
41
16
24
16
9
30
47
25
4
41
40
41
9
4
31
7
40
44
39
3
12
1
45
15
18
2
8
8
6
48
38
10
2
15
12
40
16
25
7
16
1
10
50
14
2
27
44
37
39
50
16
13
47
7
42
43
49
7
33
25
46
10
27
8
21
26
32
50
2
32
26
38
33
33
44
16
43
26
39
8
49
45
10
19
35
15
45
31
36
4
42
20
31
39
45
47
47
47
9
9
3
26
22
38
17
47
9
25
38
39
48
26
25
40
45
12
3
31
37
41
38
6
40
31
25
38
6
1
1
13
43
17
35
45
14
44
50
48
26
23
23
5
31
22
39
30
7
29
47
15
2
39
3
26
40
41
18
1
10
34
1
47
20
4
16
37
20
24
41
32
8
26
16
1
49
29
33
4
19
33
13
39
19
1
14
27
13
14
1
43
18
35
18
39
46
32
5
17
13
2
35
36
32
35
36
22
47
9
5
24
18
50
50
37
49
45
18
31
43
26
19
4
37
29
13
35
13
23
46
28
7
3
40
20
29
7
32
47
16
31
50
20
46
47
15
9
47
29
15
27
32
28
20
2
46
8
25
23
20
4
8
23
48
20
47
44
6
47
9
8
36
31
25
25
20
43
15
30
19
42
27
39
38
8
34
1
7
18
48
34
8
32
46
37
17
22
28
35
2
47
45
48
3
26
30
33
2
20
44
2
7
50
27
21
24
5
28
8
44
5
49
8
27
10
38
4
39
10
39
7
3
47
9
32
21
50
30
15
32
2
44
10
36
19
45
10
38
28
30
33
33
28
43
19
20
4
35
31
29
23
17
32
7
8
36
27
38
19
17
49
22
41
35
20
41
6
6
15
35
8
18
43
31
46
37
14
50
9
41
25
40
38
33
10
42
27
46
13
44
39
50
29
15
8
4
9
38
35
40
3
35
11
46
34
31
47
36
2
14
34
1
6
41
29
47
48
19
38
40
49
19
17
18
19
40
14
39
5
21
37
14
13
45
17
28
8
42
8
2
41
3
10
34
43
43
29
9
46
46
1
36
35
38
1
42
40
4
10
24
22
49
47
35
34
38
40
12
16
15
48
14
1
41
9
6
37
16
34
25
15
42
39
1
49
41
20
6
8
7
48
17
6
22
8
4
18
1
1
35
44
40
41
43
40
29
32
40
32
34
48
12
50
42
14
25
18
19
9
33
6
20
16
34
27
12
24
10
25
13
46
2
2
40
22
13
33
36
49
10
27
2
5
44
2
2
44
39
10
17
46
19
20
36
4
30
40
49
20
