25
20
44
24
44
42
9
44
11
44
37
48
35
50
49
10
42
25
6
32
9
48
33
4
33
18
8
23
22
30
45
49
37
25
26
21
23
37
46
49
33
22
33
23
22
28
21
9
21
45
44
50
33
9
18
4
19
27
23
1
19
35
39
32
23
46
20
31
7
2
32
49
42
4
20
29
48
40
44
37
6
24
27
37
22
33
12
28
28
31
34
37
24
10
46
25
48
14
22
35
3
26
39
5
12
10
8
16
39
13
8
44
8
48
35
14
6
26
35
7
28
8
14
15
31
2
42
31
49
40
28
24
47
39
15
22
2
45
22
34
25
10
32
4
35
21
24
20
27
28
33
22
19
34
27
6
22
28
44
13
37
48
26
29
46
50
31
40
33
26
23
42
19
27
34
35
43
39
49
40
22
37
40
4
48
23
2
43
25
10
23
5
45
19
21
18
36
49
16
17
41
32
20
10
42
4
40
23
42
27
43
2
42
49
33
48
8
2
35
30
47
35
30
10
10
5
16
38
7
35
30
39
28
49
29
46
10
44
23
6
45
48
38
50
9
48
47
22
22
14
41
46
20
2
28
35
32
34
36
30
44
18
19
37
26
5
10
29
46
32
14
28
43
46
45
33
8
13
9
32
5
25
16
20
14
29
22
19
26
13
4
48
1
22
38
22
34
15
38
29
44
18
7
15
20
42
36
23
26
8
34
10
9
32
48
46
18
1
27
5
48
50
34
10
31
7
12
46
38
14
17
4
40
26
8
34
33
41
17
21
36
2
6
30
35
50
29
30
25
39
36
30
32
19
19
6
23
41
18
27
12
28
17
44
16
9
24
1
49
46
31
41
29
33
28
22
43
24
42
48
35
48
26
8
41
9
14
10
14
36
13
37
5
4
35
3
22
49
11
10
37
47
38
48
42
6
41
30
14
16
26
2
2
32
40
17
15
28
6
32
20
10
35
5
15
45
19
20
49
5
7
27
14
30
27
26
8
19
44
30
35
48
46
1
39
5
3
50
19
39
44
37
48
13
42
23
25
46
3
5
34
33
39
40
31
39
48
9
45
29
1
16
6
26
47
48
50
13
15
11
46
47
1
42
33
18
14
41
3
34
32
19
15
33
40
45
47
28
34
17
1
24
21
13
13
11
4
46
48
24
32
18
15
16
25
33
46
22
42
24
16
21
5
32
24
27
34
17
21
11
17
41
19
27
41
23
16
32
43
15
24
27
26
41
3
39
22
41
49
33
46
2
13
15
45
14
17
23
4
30
9
3
31
7
22
13
27
2
30
11
14
9
35
42
2
50
5
13
42
44
23
45
33
7
5
40
29
25
9
9
15
34
11
4
22
29
45
26
47
14
46
16
6
35
41
50
3
43
48
45
45
20
17
50
44
48
3
22
23
49
41
29
31
16
4
47
30
35
48
2
45
5
20
32
7
19
11
2
9
36
46
43
21
7
30
22
19
44
14
36
40
5
41
8
3
13
38
8
24
10
17
29
42
48
8
21
23
13
3
42
9
5
30
27
49
3
5
23
24
22
14
44
5
40
23
23
11
42
32
49
21
14
30
5
14
47
24
48
33
7
11
48
36
3
6
26
13
49
30
2
40
19
28
37
8
34
6
3
37
7
20
39
49
9
45
30
8
1
48
5
42
39
9
17
49
18
48
47
21
48
12
12
44
14
21
47
21
37
13
40
27
1
9
32
39
23
36
38
34
23
24
6
31
37
24
12
17
43
8
28
41
25
20
49
15
11
2
28
4
22
32
9
13
48
48
28
34
41
15
32
42
30
31
27
33
24
32
35
26
37
29
7
35
32
39
32
36
3
16
39
39
12
37
19
49
49
44
28
1
8
43
49
48
8
6
20
49
50
12
20
2
9
15
4
21
48
45
38
35
37
30
26
45
15
5
25
33
21
19
37
31
44
23
24
39
8
44
30
29
43
36
19
32
36
3
42
26
40
5
48
6
3
50
42
48
45
14
30
28
5
13
22
29
13
46
34
28
5
15
37
34
24
36
24
22
17
15
14
43
6
45
23
44
31
34
6
36
8
4
45
18
9
15
17
26
35
43
25
43
45
7
18
19
25
15
28
29
24
48
35
39
11
15
15
11
25
34
27
39
20
16
20
29
34
40
33
34
4
19
8
2
50
40
11
4
28
44
14
28
16
28
33
13
46
45
43
31
48
21
43
13
26
23
25
27
7
45
9
4
31
26
18
5
43
8
19
21
48
21
13
3
44
34
27
34
13
22
16
16
26
