4
41
43
8
32
26
48
16
2
11
37
8
15
29
15
47
7
33
48
21
44
17
26
27
6
44
8
6
47
24
41
5
12
23
38
31
12
2
11
30
36
42
5
12
12
31
8
1
27
49
35
22
6
40
31
47
1
34
29
12
29
39
8
14
42
46
45
25
39
26
42
44
50
42
2
5
21
11
46
35
9
2
48
10
2
47
41
5
5
20
28
23
14
14
44
18
43
50
42
43
23
12
8
13
18
16
14
44
23
36
27
10
19
22
15
39
32
9
4
9
33
42
21
44
24
36
16
29
34
10
24
26
30
37
25
47
5
22
8
42
25
10
42
31
41
15
50
24
1
34
16
14
21
35
49
26
39
15
20
30
32
22
22
6
4
16
41
36
19
35
43
17
37
22
23
24
24
40
25
42
11
27
25
16
5
23
13
15
44
18
4
27
41
4
41
21
45
29
44
38
25
43
39
19
12
38
32
37
5
16
46
30
13
24
14
14
22
16
16
1
8
30
19
43
1
36
24
35
34
29
11
36
6
2
47
30
6
50
26
17
32
31
43
48
4
26
21
50
21
31
6
35
1
42
35
12
44
42
39
17
27
7
12
36
17
42
35
10
31
24
13
14
34
43
7
49
12
44
20
28
32
38
39
25
24
17
48
42
8
50
34
49
9
47
46
32
12
30
40
5
15
3
17
3
40
46
40
30
47
5
15
50
27
3
40
50
40
29
15
41
27
37
36
1
33
25
29
17
19
6
1
11
7
14
42
21
6
5
32
25
42
15
50
28
10
27
9
39
35
36
15
25
16
18
8
13
49
34
43
20
48
19
45
19
34
11
47
17
6
4
31
27
24
19
23
15
43
10
35
33
6
2
7
33
4
45
33
14
10
47
11
5
22
1
22
30
25
15
8
44
11
48
30
46
48
47
48
38
25
11
41
29
49
1
33
25
5
22
19
27
26
26
14
22
50
30
3
29
25
26
11
47
26
3
25
37
36
9
31
2
16
8
37
8
45
3
1
18
8
11
28
20
3
31
48
17
4
20
11
16
24
3
16
12
8
11
45
11
29
21
19
12
6
14
25
4
23
38
2
2
7
8
31
17
41
34
28
15
28
49
20
11
21
18
8
8
37
41
45
30
42
30
20
32
50
42
23
9
5
22
44
18
40
43
7
11
9
32
35
27
29
44
26
3
15
21
5
23
40
5
14
13
46
46
2
50
12
38
39
28
16
1
3
50
23
50
46
17
16
4
17
24
33
37
13
43
17
18
30
32
50
35
23
25
36
6
39
31
32
29
3
32
21
48
37
21
50
37
11
13
36
28
31
14
44
47
26
35
16
50
7
48
38
25
41
12
9
11
42
32
35
13
41
43
47
34
11
4
8
39
8
11
23
4
39
1
31
37
11
21
44
33
23
21
44
31
34
8
19
35
25
44
25
23
31
14
46
39
19
32
36
44
2
42
48
35
14
50
6
32
7
6
26
14
7
48
6
43
46
48
8
47
12
6
10
47
46
35
41
26
37
20
5
48
22
27
16
4
24
40
33
38
14
46
43
18
6
42
37
29
29
8
30
30
45
39
19
50
11
26
29
23
4
40
22
44
1
22
37
8
27
29
17
12
4
36
44
6
17
2
45
42
42
43
24
6
19
16
25
29
5
26
46
22
18
39
28
17
34
18
50
42
49
19
38
35
31
42
18
34
16
25
43
37
44
47
46
6
38
14
7
27
20
41
5
28
40
48
24
20
15
13
49
41
4
46
8
21
48
27
27
14
40
39
33
38
32
41
49
34
23
33
48
35
40
32
22
21
41
21
24
39
12
6
18
19
18
18
1
39
13
22
16
46
37
1
2
23
47
47
9
50
7
23
40
15
8
12
6
22
19
6
49
21
20
6
48
46
2
22
12
29
48
2
43
4
35
33
39
8
4
42
32
38
46
39
4
24
8
34
17
7
1
26
13
38
9
2
41
5
19
32
4
49
27
6
19
10
27
39
19
4
7
7
31
24
18
43
21
33
50
13
35
44
1
48
40
42
38
39
28
42
39
39
30
42
4
31
3
24
7
3
48
1
28
49
50
45
42
29
17
39
42
20
15
24
34
49
14
23
28
36
32
40
21
21
31
14
47
34
49
9
10
45
44
22
42
38
1
35
32
45
31
43
19
46
25
37
23
37
15
21
42
10
28
43
6
17
40
3
47
40
33
44
24
40
45
21
14
38
17
38
49
28
8
6
25
13
8
33
42
26
10
35
44
30
47
21
20
23
