6
5
26
40
40
17
46
1
12
26
42
20
25
17
46
18
49
46
20
26
36
11
21
37
23
12
33
16
29
3
6
29
23
40
33
18
40
36
3
30
2
38
21
17
29
16
41
25
30
43
27
38
38
20
50
26
31
46
42
26
10
7
30
43
27
21
6
11
1
43
9
2
7
4
50
25
6
23
38
21
4
37
42
9
33
18
44
7
39
45
2
23
36
29
13
49
28
13
49
48
22
36
19
49
36
4
9
28
22
17
10
29
49
49
9
25
24
25
6
30
9
29
23
47
12
47
13
31
6
6
4
21
2
48
8
29
48
6
18
20
19
7
22
31
33
17
22
42
14
39
46
22
18
41
10
19
47
38
18
4
8
3
48
47
33
14
24
22
6
14
1
4
41
20
31
1
16
19
41
34
15
33
38
15
40
24
17
47
1
2
26
13
44
31
37
34
18
22
42
7
40
5
48
37
20
49
1
19
4
45
22
38
23
12
43
33
41
42
50
39
10
19
30
6
49
28
8
34
14
22
13
28
25
6
44
43
32
23
39
36
44
26
36
1
11
28
34
41
36
34
33
29
38
4
26
45
9
35
7
3
35
13
18
35
18
25
1
27
47
21
10
37
5
46
5
36
46
47
4
29
39
4
21
22
8
8
27
21
26
47
30
12
43
2
45
43
29
50
26
6
5
16
48
8
16
4
38
4
3
5
45
16
12
36
47
48
5
9
19
7
35
20
30
39
38
34
35
19
47
30
2
21
4
36
2
48
34
11
14
8
48
50
24
44
36
17
41
48
4
10
43
25
37
28
49
42
16
6
2
26
40
23
19
23
25
18
12
30
35
47
20
5
15
15
31
13
7
16
22
5
31
36
42
26
6
4
40
36
35
47
8
49
30
41
3
8
39
33
35
7
27
39
15
22
12
32
17
12
28
30
14
15
12
27
23
9
33
34
11
35
43
5
34
50
16
33
22
41
18
26
21
15
40
26
22
32
4
15
29
18
21
7
36
1
49
18
4
10
41
15
23
28
20
30
17
26
12
11
2
33
48
18
4
4
13
48
1
24
27
16
42
19
23
37
21
17
13
45
15
40
36
7
26
4
3
35
9
37
27
27
23
48
22
47
8
15
13
18
33
49
39
32
4
37
40
42
18
23
43
2
41
28
24
49
21
10
33
21
5
22
32
34
19
38
28
48
24
26
49
32
24
37
48
22
49
14
12
21
6
38
31
37
42
1
24
11
47
39
38
36
45
36
27
11
30
9
11
38
19
3
1
32
39
48
15
31
1
40
12
5
19
2
45
8
40
32
29
11
4
41
45
15
11
39
17
45
4
12
21
47
39
27
42
33
31
47
15
48
1
25
15
19
7
31
26
11
3
25
31
21
48
19
7
4
47
28
40
29
4
11
46
9
46
49
3
7
38
9
18
15
41
13
6
23
46
19
15
8
46
37
18
32
16
27
26
42
12
29
45
30
26
50
41
29
34
23
2
34
18
41
29
33
16
8
6
3
34
9
30
9
9
28
1
20
42
33
5
26
33
12
23
34
42
3
35
37
7
40
14
29
10
5
36
14
4
12
44
1
18
45
34
6
20
49
9
22
6
41
4
12
1
5
47
27
36
4
47
4
33
2
23
37
29
11
17
21
15
39
48
43
3
21
14
2
37
13
42
31
39
42
24
21
5
46
11
40
10
30
34
21
20
30
50
45
26
43
4
16
19
25
36
40
41
47
18
26
46
5
8
20
43
43
2
8
45
33
13
36
5
32
44
25
3
28
24
49
25
24
43
25
33
48
38
41
30
3
3
3
41
17
28
2
42
14
46
24
16
41
13
37
12
44
21
34
43
44
37
20
23
26
1
26
37
42
18
19
12
5
12
23
6
29
30
3
38
27
11
13
47
16
19
11
8
47
46
22
14
30
44
29
25
22
22
36
45
17
12
41
33
41
41
20
43
5
23
24
49
49
35
33
48
50
22
45
3
18
49
10
13
33
49
2
47
39
9
50
8
37
20
34
23
7
19
34
18
31
5
17
38
16
6
11
14
36
49
40
46
35
15
1
37
38
35
2
5
18
16
4
14
48
15
7
27
33
32
5
44
10
30
27
11
17
46
18
23
10
12
43
12
26
5
5
39
41
4
34
30
23
37
22
36
24
38
7
36
45
2
42
17
27
32
11
39
40
32
23
7
25
49
25
10
1
38
17
32
13
7
48
43
37
5
5
10
6
28
22
15
16
19
30
11
44
46
12
5
7
41
29
39
47
