37
44
23
11
4
26
29
35
30
32
16
43
38
27
13
47
6
32
9
45
9
1
23
26
12
9
34
18
29
36
18
28
16
3
23
28
48
41
1
23
34
3
46
17
44
13
19
17
45
30
35
49
42
15
14
45
41
6
7
47
36
48
26
21
8
8
17
16
4
21
48
7
35
37
17
33
12
30
30
19
29
9
21
21
38
50
38
42
41
5
2
1
31
40
13
19
28
47
37
5
26
1
35
24
29
4
19
26
7
7
26
8
8
24
48
3
31
30
46
32
36
25
36
40
25
44
39
27
6
24
46
38
39
44
30
46
16
7
32
5
45
31
25
30
36
8
35
15
22
11
32
50
36
18
38
18
16
22
26
39
25
13
34
11
4
8
34
18
2
24
18
16
43
44
19
15
34
23
34
30
30
25
3
6
8
11
2
45
41
16
21
6
40
8
31
24
38
31
29
10
27
28
48
22
18
33
33
49
40
27
27
4
36
30
45
41
33
31
5
49
12
40
50
47
27
45
30
22
22
17
16
16
31
50
12
37
29
48
30
47
4
38
38
37
20
17
5
47
47
3
22
29
2
23
42
40
48
36
47
21
6
35
3
8
31
1
50
46
17
8
48
49
5
42
18
15
27
6
26
16
18
32
44
20
15
32
6
46
15
7
38
6
24
4
40
21
32
20
3
43
49
13
10
35
19
45
25
14
8
1
43
21
21
16
42
9
20
35
9
48
11
31
38
8
35
2
36
23
31
33
12
15
46
16
39
2
15
45
21
26
31
10
30
2
41
2
1
6
12
7
49
27
25
34
34
31
37
4
43
38
29
28
12
15
39
35
47
46
4
5
34
20
3
35
39
26
17
26
31
46
28
24
22
41
12
46
49
34
45
16
19
2
14
3
38
42
18
14
50
20
43
50
48
40
7
18
26
22
25
10
44
33
6
18
41
23
31
8
41
15
21
10
5
7
50
36
7
34
38
38
38
16
5
11
37
50
41
11
1
9
18
49
30
14
30
38
1
28
14
14
9
12
41
38
40
26
15
14
7
45
5
12
43
15
42
18
16
38
12
13
13
45
41
50
47
48
39
3
42
22
43
17
41
25
14
27
32
13
42
39
37
50
4
17
36
6
10
40
1
42
45
19
33
17
9
12
47
5
16
26
1
32
32
10
8
30
43
15
16
33
50
37
34
22
33
27
41
11
17
30
16
38
10
20
39
14
22
33
25
38
14
27
49
23
40
4
18
10
6
7
28
29
33
26
3
11
14
46
25
26
1
11
22
37
36
27
31
2
13
29
48
45
19
27
43
31
46
24
30
6
2
26
5
36
38
36
47
41
5
22
6
5
46
18
1
25
48
47
40
27
8
33
3
46
13
9
27
9
47
1
34
18
25
23
23
7
34
3
33
23
11
10
2
30
45
29
1
40
30
13
21
30
4
32
44
33
15
39
22
48
20
24
19
46
27
43
10
26
25
42
27
46
31
23
9
41
12
43
23
21
2
15
39
17
6
12
47
8
11
42
46
2
49
16
3
29
50
9
23
33
4
46
46
19
12
1
10
18
18
33
45
15
10
23
31
32
28
43
14
33
50
11
45
17
45
13
36
50
47
30
19
6
20
8
46
24
50
3
24
36
1
18
21
47
47
44
6
21
41
3
40
30
6
4
12
33
48
13
6
30
33
34
8
20
25
14
39
9
4
32
18
16
9
24
42
22
7
28
16
25
38
16
39
31
45
6
50
47
16
35
44
21
30
26
14
40
2
17
35
23
47
8
30
37
29
13
7
43
18
12
1
44
36
35
27
18
33
41
23
14
19
13
46
14
24
26
36
4
14
46
12
4
19
47
47
9
20
20
14
11
47
40
22
3
46
2
2
48
38
17
9
3
23
1
48
22
28
27
36
34
38
41
22
10
14
34
44
28
1
31
20
37
13
26
16
50
5
1
10
1
13
15
2
21
31
8
20
46
44
35
36
43
30
1
23
15
7
25
11
16
32
21
15
5
32
32
17
29
44
7
23
13
49
34
11
29
10
48
31
16
1
14
27
26
21
33
46
25
18
4
47
19
14
39
26
1
49
39
31
12
19
22
23
23
14
17
18
25
8
22
17
44
39
25
15
5
47
23
43
41
4
17
35
4
46
37
8
14
19
30
20
38
45
19
25
19
46
41
24
2
33
41
8
19
5
7
32
28
48
7
32
42
8
36
17
40
24
41
5
16
15
39
26
47
27
30
43
39
43
44
5
26
17
15
37
16
14
13
8
33
