21
37
32
50
18
29
45
42
29
10
20
34
44
50
27
37
23
25
9
4
20
24
10
36
21
1
24
21
33
49
50
42
11
21
27
20
38
43
37
48
20
35
38
38
28
50
38
14
35
48
43
6
26
10
16
23
35
6
40
6
28
22
32
41
40
24
5
34
26
4
8
12
5
2
31
10
16
19
17
5
1
48
17
40
17
46
8
38
13
28
29
9
43
10
34
19
36
32
20
36
2
29
36
14
19
47
49
19
41
6
17
34
12
24
21
20
49
12
34
44
26
45
2
46
1
18
15
2
44
21
3
12
27
36
31
7
29
29
48
35
49
48
36
26
25
49
33
42
33
35
27
29
38
35
2
15
19
2
39
33
35
37
41
21
44
25
23
29
28
50
7
47
31
15
9
40
12
16
32
39
28
24
15
40
33
40
6
5
36
26
43
46
32
9
26
1
19
19
42
8
27
6
16
33
10
26
26
20
50
5
30
19
5
37
10
32
18
42
42
16
3
33
13
45
24
13
26
29
15
30
40
23
49
19
46
44
47
42
50
49
48
46
21
39
50
26
13
10
48
41
44
47
9
19
33
32
38
38
10
21
38
39
16
6
13
21
29
12
29
3
2
44
1
4
43
6
15
18
3
15
1
9
14
37
25
41
45
17
20
12
25
46
39
20
15
34
21
16
40
44
9
32
18
49
48
23
38
34
21
17
35
24
8
14
15
19
23
23
14
50
9
49
9
4
13
28
42
48
10
49
13
25
13
22
42
32
39
15
40
18
36
29
38
35
42
46
29
4
47
28
41
7
47
12
20
48
21
12
33
1
50
11
44
26
29
33
4
10
16
7
29
10
40
18
5
19
40
1
16
48
34
21
37
22
37
19
50
13
12
9
38
19
26
50
28
47
31
33
45
40
7
18
28
16
23
42
47
20
39
2
28
1
49
1
38
26
41
2
7
10
13
18
47
5
49
29
3
12
48
50
24
2
38
11
36
11
10
26
36
37
39
16
1
31
20
12
31
41
35
24
46
21
26
34
32
47
43
3
34
47
41
31
42
5
24
13
42
16
4
39
11
30
12
2
15
10
38
50
41
42
31
39
31
4
29
32
21
23
8
26
11
39
5
6
34
46
49
50
3
42
48
35
32
29
29
41
43
36
23
12
29
35
4
48
33
32
21
3
41
24
28
42
16
20
14
2
10
16
50
47
41
32
13
9
40
12
6
7
8
40
17
41
19
30
27
43
16
34
4
12
16
21
12
38
36
47
31
14
35
26
31
47
24
37
34
50
14
6
23
10
43
50
19
50
50
10
31
3
18
6
45
28
26
50
32
14
39
45
18
35
49
5
25
15
43
15
8
29
43
6
34
3
17
41
41
30
8
17
11
19
37
11
43
49
39
6
2
20
1
26
42
50
6
42
10
13
27
43
26
38
7
22
39
8
6
41
16
27
21
16
45
45
25
21
34
39
2
1
45
13
48
28
38
18
45
17
48
18
21
49
14
18
35
31
13
1
33
17
15
15
2
11
24
12
12
13
16
27
22
1
40
42
16
48
28
22
19
22
12
8
23
24
27
44
21
3
47
42
49
13
6
19
5
26
2
40
7
39
17
47
34
12
39
1
21
4
32
22
14
25
4
28
31
4
2
38
15
29
10
25
12
37
2
24
38
14
47
24
27
6
9
36
48
12
48
42
13
41
34
24
44
41
27
24
5
4
18
47
19
44
20
5
6
6
44
16
38
16
4
36
17
10
31
23
39
24
47
44
38
44
20
30
46
48
31
8
30
49
30
22
2
2
35
8
34
7
6
38
8
45
34
11
47
7
5
50
11
37
19
8
22
47
38
40
10
27
8
8
19
18
25
40
28
15
30
1
40
8
24
2
9
23
36
26
37
50
13
8
44
11
6
35
39
30
35
24
48
8
41
31
33
5
50
12
33
36
2
43
42
40
42
37
28
28
8
18
28
21
47
27
49
49
50
20
36
25
20
1
45
44
42
23
2
34
35
38
6
4
12
4
36
7
1
20
46
22
28
3
22
43
43
40
23
48
30
34
5
17
14
32
42
39
7
16
43
46
27
6
50
38
22
16
43
12
25
49
21
25
43
18
9
47
29
38
2
9
17
33
12
34
40
48
1
24
38
27
4
49
42
25
21
24
3
32
27
6
39
30
3
15
10
28
49
26
40
10
46
26
2
15
21
43
8
38
49
4
41
2
24
44
42
8
36
41
39
9
37
42
19
10
32
23
26
37
12
8
17
13
40
26
