27
3
48
47
22
6
19
9
26
34
6
4
26
35
49
2
24
50
15
13
7
35
31
18
19
39
17
26
23
3
47
33
11
39
42
21
16
28
1
45
46
3
33
21
6
19
8
30
17
3
41
3
38
34
32
40
35
47
12
50
46
33
2
38
46
34
40
31
2
3
34
27
7
2
34
29
49
49
20
39
34
41
39
6
6
33
49
23
42
36
49
4
8
44
40
6
16
18
46
9
2
42
48
28
19
36
14
10
43
41
16
33
50
19
19
13
36
39
30
32
33
37
32
38
18
45
33
1
9
13
12
20
3
12
11
19
20
7
8
49
29
27
8
22
11
6
46
10
10
42
22
26
18
23
25
16
29
30
19
4
31
9
30
50
43
4
45
8
45
10
48
27
26
33
8
33
16
43
21
7
42
31
36
4
13
24
16
40
33
3
40
24
23
42
38
20
5
10
43
36
48
21
18
50
35
43
7
3
14
12
32
36
10
50
21
5
34
13
22
41
5
44
8
27
21
19
10
7
43
25
41
39
39
2
31
31
26
42
1
6
12
45
2
16
39
30
3
39
13
17
6
42
4
39
22
27
46
23
24
45
25
29
32
37
43
25
7
33
34
21
5
3
21
19
10
2
42
16
39
8
40
25
39
47
36
45
27
40
6
41
28
39
4
10
14
14
18
45
23
9
11
19
5
37
50
39
21
28
2
2
9
13
50
38
17
12
41
32
11
1
49
19
18
2
15
13
30
41
18
36
20
2
28
33
39
11
16
15
44
35
50
9
29
2
3
34
33
39
33
40
37
7
8
11
23
49
22
12
36
12
34
26
25
11
47
2
2
38
9
4
29
9
5
42
15
15
27
41
2
23
50
20
31
5
12
10
33
25
10
30
12
14
40
37
24
10
9
7
5
50
32
31
11
36
15
11
10
46
50
22
12
14
23
20
14
45
10
3
36
3
13
42
18
11
30
37
17
5
19
8
39
37
16
6
13
49
38
40
4
20
50
43
40
33
13
46
21
29
45
47
49
47
22
3
48
7
5
37
24
3
13
37
1
34
34
21
6
36
49
46
35
6
41
14
47
2
7
44
42
1
38
12
18
22
2
44
47
28
42
45
34
41
5
46
36
19
45
28
12
20
43
45
2
20
4
32
40
6
4
30
45
18
4
37
24
23
24
1
39
28
50
47
2
41
5
27
14
30
45
18
14
47
7
17
14
37
45
34
43
6
4
22
46
2
50
50
6
49
16
36
34
25
38
8
8
23
23
17
3
27
23
10
26
40
6
28
42
23
44
7
30
42
10
48
40
25
5
16
22
19
40
41
13
26
20
17
24
14
1
41
22
6
12
24
24
10
40
8
33
40
41
44
34
38
47
50
12
19
7
3
15
30
47
5
14
11
15
7
45
14
6
10
40
15
41
10
45
35
45
33
49
32
46
3
44
17
2
9
25
46
35
30
26
4
50
41
35
22
23
46
36
31
8
13
11
10
31
13
44
48
7
38
17
28
47
40
20
39
23
6
17
18
32
34
1
10
5
26
24
29
22
47
18
23
3
33
16
35
27
35
44
25
8
11
37
41
20
5
11
20
15
5
13
35
12
32
41
29
29
49
49
40
41
49
24
48
46
44
4
9
36
15
42
16
45
31
49
5
11
17
49
27
12
23
22
50
18
2
12
13
2
2
22
21
13
2
39
24
22
34
32
22
9
33
10
43
25
10
33
40
31
27
46
3
24
29
46
20
12
31
8
6
18
30
4
39
9
23
6
30
15
45
18
10
37
42
45
47
25
24
10
34
41
21
38
38
18
3
26
22
22
11
42
41
3
16
37
47
7
16
40
23
48
19
17
24
34
21
4
27
34
9
15
27
2
33
1
8
32
23
49
9
17
31
21
2
31
48
20
12
13
27
43
24
31
44
5
23
23
3
2
6
36
9
28
43
38
45
36
37
28
15
9
16
11
4
12
31
17
39
2
30
39
43
14
44
3
45
48
41
41
31
42
31
20
42
21
9
12
31
44
20
46
1
8
4
48
1
8
41
46
40
32
13
22
9
50
6
30
31
4
10
32
6
48
11
20
36
6
41
16
30
25
27
1
36
36
46
12
21
50
27
7
9
13
34
30
39
42
50
32
25
3
42
49
26
3
32
25
14
16
3
48
37
39
45
3
18
43
6
37
20
50
27
8
29
21
33
3
27
36
29
48
33
49
49
3
39
1
43
8
8
2
12
6
9
19
12
39
9
6
48
15
37
2
2
1
17
50
23
