23
17
19
36
11
9
41
25
9
17
25
22
10
15
47
40
8
25
45
34
1
42
43
12
41
12
16
47
36
26
34
43
14
43
42
20
30
44
13
1
8
50
35
27
46
13
47
39
11
19
47
32
46
30
22
47
10
4
49
11
31
1
13
44
44
5
38
30
36
46
16
43
12
50
13
19
33
33
6
44
40
5
32
28
11
42
14
49
7
50
21
8
23
27
37
15
22
29
8
2
35
36
37
44
14
13
43
47
18
39
33
6
44
41
24
17
13
23
21
14
5
27
28
33
37
6
6
31
43
44
1
32
36
40
29
8
1
6
19
50
32
49
4
33
45
28
8
46
29
15
29
43
27
25
37
27
46
50
4
29
31
30
45
12
11
5
47
13
30
28
24
49
10
38
1
17
2
9
37
8
14
16
27
29
20
39
18
36
27
12
31
45
9
17
8
38
29
18
16
15
24
9
12
24
38
35
35
12
26
6
45
12
37
12
22
4
18
37
25
45
4
18
44
42
29
48
48
16
14
11
30
11
49
6
37
32
7
25
15
19
28
36
36
50
3
15
32
1
2
44
20
6
12
43
41
40
17
16
23
25
37
50
45
40
20
35
49
29
35
45
31
20
24
28
23
40
9
48
39
34
18
11
43
36
1
16
35
9
25
33
23
16
23
34
17
41
34
36
17
14
5
37
38
5
31
14
38
35
39
25
37
12
26
13
14
1
41
12
19
15
10
12
23
15
44
8
37
36
19
32
29
25
5
29
35
8
31
41
10
47
20
4
42
17
34
18
19
16
11
44
39
20
28
42
36
35
45
4
11
35
30
27
27
14
29
1
30
50
23
10
25
5
35
27
50
23
12
37
44
10
27
39
50
33
24
12
5
44
5
33
3
50
2
24
7
20
27
4
18
7
39
23
38
43
30
35
43
12
31
28
30
31
35
18
12
2
36
47
32
48
34
25
6
12
4
25
49
19
7
24
11
49
31
39
50
27
37
15
3
50
38
30
45
11
43
36
32
3
6
39
2
47
30
2
11
31
12
45
19
7
15
15
22
31
10
45
12
39
5
38
33
6
17
33
10
18
32
16
25
13
32
4
5
32
39
35
33
5
8
44
17
39
36
26
39
20
24
23
31
22
40
21
32
25
14
36
31
1
28
15
20
7
8
10
7
43
46
10
50
25
23
38
4
27
35
21
33
22
24
2
20
49
26
25
47
6
1
46
43
27
42
17
43
44
35
8
28
16
30
42
36
42
42
3
25
25
40
49
49
6
12
43
27
14
18
25
20
33
37
24
46
24
27
38
47
2
38
3
23
28
18
26
5
34
48
15
44
35
22
12
34
46
25
39
18
3
39
40
4
18
12
20
8
12
16
20
9
40
48
46
43
12
2
22
29
26
43
31
16
41
12
22
35
32
39
42
12
28
7
20
47
34
50
26
33
8
34
38
50
5
9
28
48
22
17
5
21
36
32
41
38
24
40
29
12
10
21
41
7
28
44
19
45
9
28
3
49
28
3
5
40
40
24
47
17
2
22
35
27
22
34
15
11
8
12
22
23
31
32
28
11
25
22
47
19
48
16
4
5
20
20
1
31
15
41
30
24
18
13
8
11
40
17
25
27
30
37
33
33
47
15
43
9
43
43
19
45
31
29
26
22
24
36
27
32
24
27
28
11
27
20
1
34
1
23
35
23
29
39
22
43
32
16
10
27
11
31
20
6
24
4
31
3
9
21
36
42
12
24
3
49
39
3
26
25
48
31
9
7
50
10
7
31
6
33
6
35
35
38
49
15
37
6
13
26
5
43
14
13
20
10
26
3
39
23
4
18
25
15
20
43
30
18
19
37
45
34
50
1
22
42
17
19
42
31
5
40
20
27
5
5
12
9
25
1
17
11
10
12
37
25
20
37
27
24
26
36
19
16
11
38
41
29
20
8
7
28
33
47
46
13
32
22
27
37
5
18
19
8
44
24
25
8
4
10
40
11
37
36
35
9
4
46
49
34
49
21
48
19
39
43
11
41
47
1
12
1
37
11
47
11
40
21
31
24
34
8
27
43
33
21
18
23
17
6
6
10
41
42
34
21
4
38
46
2
21
2
26
37
19
9
37
50
23
34
41
31
19
27
9
24
38
32
22
10
33
1
6
24
3
3
2
7
22
8
2
35
30
49
15
41
28
11
46
48
24
7
20
23
12
6
3
18
10
7
50
50
41
40
13
10
34
27
8
5
20
11
49
40
36
19
13
13
16
48
38
13
47
8
30
