41
3
3
24
27
24
8
29
3
48
34
28
9
46
8
36
5
20
1
4
2
15
24
4
7
23
36
8
36
8
40
48
28
28
5
28
16
6
42
24
15
50
3
20
41
3
19
9
16
21
26
12
34
23
35
33
30
10
22
46
33
38
12
41
29
8
34
45
49
29
27
31
49
28
29
16
34
46
4
27
18
33
3
41
8
22
15
14
18
16
2
35
42
27
42
13
35
33
44
20
30
21
19
24
13
13
14
32
20
17
38
49
18
48
41
2
32
42
19
21
30
7
6
11
12
48
1
50
35
40
50
39
9
15
49
32
42
29
19
24
30
14
26
12
22
37
12
40
30
48
19
6
40
18
9
30
24
29
49
6
11
49
1
41
27
27
36
46
4
38
13
39
16
19
7
38
34
26
10
24
22
22
38
28
10
37
40
11
20
4
35
48
16
41
10
31
45
42
28
4
36
4
41
37
43
3
27
34
1
7
45
11
50
42
48
38
8
39
16
9
8
50
34
18
11
2
1
4
49
47
9
19
26
48
39
33
21
2
22
37
43
50
15
28
8
10
6
15
11
37
21
38
13
48
42
9
48
48
10
6
11
40
2
30
33
12
39
20
26
15
5
9
3
15
24
30
41
1
7
3
31
38
11
42
37
31
35
24
7
15
22
34
14
40
30
24
30
21
23
21
30
42
5
6
19
6
22
8
46
32
39
2
20
49
18
2
14
33
31
15
30
40
11
31
41
39
46
6
38
41
10
33
22
17
19
1
19
31
50
15
4
12
36
26
27
19
10
2
39
18
43
16
32
48
14
1
38
26
29
1
50
17
37
14
42
16
19
22
48
31
18
3
42
26
43
15
43
14
25
5
7
5
21
3
4
18
34
33
43
14
41
37
50
38
2
44
2
28
23
6
12
34
36
37
35
22
46
6
25
33
21
45
27
39
28
44
44
35
27
18
40
16
36
34
15
36
39
32
37
32
12
36
13
1
36
41
33
8
32
20
47
14
22
37
42
24
12
41
23
24
13
24
17
14
28
36
42
19
13
44
8
26
45
15
20
18
11
1
35
26
36
29
37
34
39
13
38
49
33
31
11
15
20
31
4
39
12
3
38
44
26
43
47
14
19
32
7
11
25
15
8
1
37
36
16
28
45
38
17
1
23
7
23
39
41
22
2
19
28
29
33
24
35
44
30
46
27
47
43
26
39
15
1
28
49
18
2
22
33
17
43
7
46
44
3
41
25
28
9
22
49
37
18
6
38
28
7
34
39
44
34
25
41
16
24
19
11
26
41
18
23
37
7
4
48
41
24
3
22
10
39
50
36
37
42
35
5
48
13
50
12
42
5
17
19
16
24
36
24
41
15
28
30
8
9
13
25
20
32
19
1
31
19
23
39
32
13
24
32
7
40
17
2
47
41
19
23
27
50
39
34
3
48
21
8
25
46
20
21
27
17
31
41
20
18
20
4
12
21
37
39
8
45
48
15
49
47
3
43
9
37
47
3
42
31
11
22
4
19
22
41
24
17
21
43
43
15
39
3
7
32
19
38
50
30
27
22
16
36
30
7
16
21
1
19
44
14
50
38
4
32
29
46
50
8
20
42
13
22
32
33
49
11
4
39
14
14
2
27
23
9
1
24
2
13
2
47
23
2
10
32
22
35
30
25
8
4
46
26
35
5
5
28
42
13
3
47
37
33
38
41
18
31
31
42
34
21
28
28
30
41
49
25
1
49
8
16
30
31
32
26
24
48
36
37
5
43
22
30
15
20
2
35
3
13
25
2
14
15
33
26
24
21
11
33
45
41
23
42
47
28
8
30
27
11
16
31
23
24
10
40
1
48
42
5
12
37
3
47
14
25
35
18
14
13
2
13
22
38
13
28
20
48
5
31
19
42
2
2
8
42
15
26
46
34
2
3
27
47
5
48
10
26
49
35
31
17
45
2
16
12
31
47
10
28
25
15
23
25
28
17
7
29
26
19
27
24
10
44
39
30
9
21
13
41
44
19
44
37
47
42
47
48
47
22
34
48
41
10
18
25
11
36
17
18
10
35
34
12
30
26
8
22
50
43
10
18
24
25
17
46
40
38
46
18
12
16
26
28
41
8
40
40
9
35
9
36
42
15
29
1
49
38
48
27
32
44
9
33
13
13
22
26
49
15
32
28
5
25
47
38
24
38
1
47
9
5
1
47
43
50
3
32
3
30
35
10
22
47
13
48
39
41
35
38
1
32
44
9
47
3
46
48
12
21
18
29
33
36
49
