39
46
50
22
24
28
9
31
16
28
9
3
16
15
33
29
4
13
16
33
41
50
27
47
7
24
45
38
38
30
46
29
25
11
40
18
10
38
28
43
31
37
26
12
26
4
14
10
45
3
31
16
33
43
45
30
5
22
35
5
20
1
16
31
18
23
5
41
47
48
35
42
49
4
30
50
46
17
46
33
29
34
41
47
4
16
8
45
42
22
35
21
17
28
4
50
50
5
3
43
13
36
17
4
3
33
35
5
16
40
27
25
10
28
19
34
19
5
3
38
20
24
15
11
35
5
49
21
17
47
32
8
15
17
31
20
14
32
35
3
2
47
18
2
38
42
19
43
4
22
32
7
36
35
44
6
18
8
24
37
49
22
33
48
26
41
43
11
15
26
9
45
31
50
23
4
4
42
4
16
18
15
8
33
15
14
36
39
50
13
9
41
39
40
20
6
45
14
47
23
4
44
45
38
1
13
28
25
10
15
28
19
45
3
28
48
24
13
34
14
33
32
17
34
7
36
48
7
25
14
27
12
16
42
33
12
18
39
48
48
14
24
16
48
19
14
47
38
35
3
41
1
24
45
39
8
7
36
28
31
47
35
50
40
16
16
46
19
33
40
2
27
27
33
47
37
48
25
36
22
36
36
4
24
14
38
23
17
50
11
22
28
8
14
46
21
13
4
27
30
4
22
40
49
33
6
25
20
12
3
14
29
3
2
40
13
44
47
47
40
7
7
36
47
17
11
45
14
2
35
46
12
32
40
6
26
20
6
13
50
38
46
3
8
32
7
8
33
20
45
8
7
35
23
28
18
48
23
35
40
8
18
2
45
23
13
32
2
2
6
44
21
39
24
18
26
2
16
25
33
20
9
47
5
17
31
49
32
14
45
31
26
37
16
36
7
2
46
18
25
10
24
23
22
10
10
38
49
36
3
30
23
25
18
7
18
8
47
38
12
28
37
24
23
31
49
2
4
7
45
5
10
17
6
5
49
4
6
49
42
35
43
50
14
48
37
43
17
21
15
43
31
13
1
24
37
45
27
1
8
26
25
24
2
22
27
35
7
23
23
36
29
45
17
10
14
32
23
43
12
47
18
4
10
46
8
8
28
23
25
27
22
34
9
20
1
29
47
22
44
15
4
25
6
50
2
35
44
33
19
42
30
27
5
37
23
27
8
36
22
39
9
5
36
33
37
10
21
43
22
35
46
45
10
42
39
14
19
38
14
9
26
36
32
26
23
7
24
7
27
18
28
47
4
39
19
31
25
39
18
27
4
16
13
16
46
8
5
1
12
18
43
8
38
37
40
37
17
6
40
49
12
2
26
42
39
43
35
27
38
24
27
2
33
49
32
11
20
31
10
4
17
39
4
9
40
7
11
13
14
1
45
31
29
32
41
14
26
2
18
34
4
47
22
39
20
29
18
11
36
19
30
29
46
15
28
4
45
35
1
33
20
13
6
10
14
33
20
39
27
34
44
49
18
1
43
4
28
17
28
39
17
28
30
25
50
36
20
44
37
2
1
12
17
28
9
23
5
46
16
14
13
41
23
1
2
50
50
7
27
31
27
39
34
29
44
36
36
25
10
14
17
37
47
31
45
45
8
25
18
43
13
8
33
28
32
12
9
40
18
6
50
43
24
40
29
49
25
14
37
14
22
12
10
30
40
27
24
39
32
47
39
44
49
4
18
47
24
16
35
19
36
11
17
13
25
14
23
45
32
45
35
47
24
41
10
36
19
23
27
24
48
49
10
48
30
40
22
15
45
18
46
18
47
1
40
3
39
35
40
42
17
1
10
44
24
43
31
28
17
50
12
8
44
4
27
24
4
1
45
14
43
43
33
27
30
5
44
12
9
11
32
1
6
35
49
40
19
49
12
30
12
3
1
20
20
28
40
24
8
45
15
19
26
43
24
25
32
11
29
38
44
46
6
37
10
34
36
41
1
5
16
29
31
19
46
1
33
38
6
39
42
19
17
5
18
41
46
26
17
36
33
50
34
1
8
49
27
47
26
22
9
2
11
1
10
46
20
13
6
40
13
27
9
45
4
38
10
12
32
29
48
42
22
42
39
35
45
29
31
30
49
25
33
15
25
32
5
25
6
48
16
20
47
17
20
42
48
38
17
22
36
4
1
20
50
8
27
42
9
11
37
35
21
36
41
17
43
24
36
6
18
19
1
36
50
35
46
10
2
14
49
12
27
20
20
37
25
32
5
38
48
36
41
6
27
46
50
2
23
14
34
10
10
12
20
21
10
6
21
