49
30
6
7
5
2
18
45
31
36
20
24
1
12
26
24
21
32
44
18
11
26
21
30
33
15
6
45
35
3
40
49
43
4
14
39
34
44
42
46
27
19
39
17
12
44
38
29
36
28
11
21
28
44
16
9
22
3
40
36
21
35
17
30
7
40
36
19
32
1
9
37
39
27
2
29
24
27
45
5
45
45
18
42
35
15
3
48
46
28
50
40
49
32
34
18
10
20
11
11
23
31
38
48
31
48
31
39
15
41
16
42
49
46
34
29
17
27
44
22
50
17
1
44
24
11
18
42
8
34
16
23
11
13
37
50
16
18
4
28
12
4
16
2
25
41
27
27
4
50
16
2
11
26
40
40
47
24
48
47
23
7
22
13
32
21
42
31
33
10
45
34
29
5
16
12
24
23
31
35
4
22
48
32
26
29
13
34
47
33
41
26
49
24
13
2
32
50
26
12
16
12
26
30
49
44
6
30
40
42
21
18
35
43
24
38
5
26
18
16
2
14
21
41
33
29
24
48
28
27
37
50
36
20
30
49
14
2
21
43
29
23
30
1
22
9
44
20
22
34
20
10
35
14
30
10
18
5
38
24
14
26
37
6
2
33
2
37
4
16
4
33
14
12
24
8
9
18
50
32
18
3
42
28
16
18
50
4
30
49
46
37
12
4
8
18
8
39
22
24
41
45
1
42
27
50
27
17
1
34
7
8
28
37
12
40
39
31
12
20
5
1
5
46
3
3
34
13
16
41
8
18
12
49
36
19
11
7
30
47
37
41
36
12
32
1
46
22
27
8
43
29
10
1
43
22
13
44
50
11
5
39
16
11
8
46
50
17
5
30
17
16
45
38
15
42
32
26
32
8
8
26
44
30
39
34
11
11
19
1
15
28
20
40
49
31
2
39
35
24
42
31
4
29
42
7
43
17
27
28
25
37
35
1
37
2
50
21
37
40
8
2
24
14
5
21
43
32
29
12
27
15
1
36
30
44
6
34
32
20
40
40
28
4
12
1
32
21
4
22
26
29
49
39
47
3
44
46
26
10
1
30
35
45
19
16
2
31
32
44
45
17
2
46
45
3
46
22
14
36
23
21
20
13
17
22
48
12
5
38
36
35
14
13
17
45
30
3
9
2
13
27
18
19
46
20
37
30
45
45
36
22
12
24
22
10
30
38
29
40
41
14
2
23
19
46
28
50
18
22
15
28
18
22
34
16
26
5
41
31
6
22
32
40
39
12
18
48
25
11
47
30
22
2
39
22
29
16
42
29
4
13
16
19
25
36
37
20
8
20
49
1
15
47
11
50
35
4
25
44
6
48
26
17
28
21
1
17
42
46
46
45
34
11
7
17
4
38
26
38
15
9
14
33
14
19
17
44
33
50
25
32
20
31
7
1
21
8
42
5
9
30
7
12
41
29
42
24
7
48
24
48
43
27
32
34
49
44
4
49
26
3
18
22
4
44
39
15
20
17
30
35
40
42
30
27
7
4
40
34
12
27
13
27
34
17
45
5
42
44
6
7
22
14
7
45
1
49
50
28
8
42
13
11
20
23
5
44
21
13
22
46
1
27
48
49
47
24
43
22
42
28
41
34
46
31
19
40
48
47
12
45
34
16
20
30
4
10
28
21
5
2
16
31
35
38
34
49
6
50
44
29
40
16
7
22
10
13
38
21
50
14
40
20
12
41
30
8
30
8
7
46
1
18
2
30
28
50
46
34
7
15
19
47
5
25
3
30
41
20
16
13
20
42
38
40
36
20
40
14
18
44
42
41
31
30
33
5
15
40
38
50
8
39
3
41
2
49
31
34
37
25
23
40
29
11
23
3
14
21
3
22
39
19
1
24
2
17
27
22
3
27
25
30
3
25
48
41
10
20
11
44
27
9
48
32
26
17
43
19
9
13
44
28
42
17
50
6
24
49
35
2
9
4
10
9
43
49
50
7
47
40
49
42
34
18
22
35
36
11
30
26
11
29
42
39
38
33
8
19
27
34
5
19
29
2
11
29
3
10
26
43
48
38
31
28
26
23
12
50
11
30
30
49
46
38
20
30
12
24
4
8
23
30
15
8
21
6
24
2
25
5
38
10
5
32
27
42
18
17
29
31
22
25
9
39
34
15
3
34
50
19
15
48
8
26
19
12
4
3
18
25
17
5
7
49
44
38
47
31
12
22
39
8
30
47
45
9
50
37
39
19
4
40
14
33
14
50
37
45
20
41
32
42
13
1
26
2
24
2
16
16
1
38
43
28
1
3
17
9
