45
26
13
6
31
21
48
46
5
5
12
19
2
21
16
38
28
24
42
50
37
39
6
45
28
5
28
37
49
20
49
20
28
43
16
1
28
40
35
49
3
43
8
7
10
28
37
31
2
9
9
35
19
14
19
6
27
43
44
6
30
39
7
43
17
33
30
16
3
19
41
46
44
49
23
9
18
42
14
10
18
47
14
18
49
49
33
13
30
50
26
43
10
13
2
26
29
5
46
2
27
17
5
30
1
30
43
10
26
26
40
25
3
3
15
50
29
30
37
15
35
46
33
14
19
16
2
26
39
25
5
24
38
9
27
45
29
41
16
8
32
9
3
25
38
16
17
36
39
31
9
48
45
16
39
1
34
37
13
42
1
50
21
45
27
12
9
15
22
40
6
12
16
26
21
21
38
19
42
43
21
41
45
30
17
39
23
10
48
46
36
16
45
10
42
23
32
29
34
11
6
22
5
34
33
15
39
22
16
22
35
37
39
19
41
26
34
26
19
32
25
12
14
49
28
35
30
32
46
6
26
19
3
11
36
13
39
5
27
43
38
15
21
42
5
3
47
26
22
3
5
44
13
11
19
12
26
2
20
18
9
24
2
1
18
29
27
38
10
32
40
42
15
45
8
7
11
23
3
15
47
7
26
22
1
11
48
16
20
1
24
41
36
34
15
24
38
5
19
4
17
23
22
15
29
27
10
41
35
24
7
29
44
36
38
21
36
36
16
44
16
43
2
49
27
21
40
47
3
29
29
20
31
20
20
3
44
26
27
30
33
19
42
29
26
27
23
17
50
29
29
50
50
38
23
17
41
1
20
12
44
40
43
2
45
25
23
34
28
47
11
8
22
6
2
35
28
12
12
37
20
37
14
50
3
28
1
42
24
18
14
48
1
5
15
31
9
6
17
20
19
26
10
3
14
11
34
7
46
29
29
24
22
20
46
8
11
9
24
44
18
46
15
13
7
5
14
13
2
50
28
30
26
6
12
2
4
45
4
11
32
25
18
32
24
48
2
14
18
36
7
8
42
22
25
41
27
34
33
18
14
35
14
41
23
33
34
40
2
31
32
4
39
34
26
29
7
28
15
28
7
32
11
44
48
9
31
22
23
26
40
25
34
10
5
11
29
35
11
21
7
28
5
49
38
3
11
18
30
27
14
5
22
14
50
17
14
30
48
15
5
44
5
37
50
12
2
5
45
24
30
41
38
31
29
30
15
1
5
28
21
13
12
42
11
25
17
13
1
41
15
33
23
2
25
9
13
18
15
13
42
8
36
31
26
19
42
3
10
23
30
10
36
27
8
4
36
6
35
13
2
35
17
25
27
17
12
36
21
32
20
46
39
13
32
40
1
30
35
7
21
12
32
40
44
34
21
17
3
42
17
30
43
29
33
35
30
11
42
42
43
27
42
18
6
19
12
49
17
12
10
49
45
15
25
46
23
32
8
44
36
32
47
40
38
5
4
48
31
30
41
43
8
5
42
31
11
29
12
20
46
9
24
1
14
48
48
14
30
26
9
10
36
35
49
43
50
27
8
28
4
34
12
25
29
31
31
14
36
36
27
24
14
33
40
19
16
1
31
12
22
16
20
47
46
46
15
7
1
17
33
33
50
2
46
10
41
21
2
32
5
42
17
7
17
5
28
12
23
2
15
4
23
28
15
19
20
11
35
27
25
6
29
24
11
50
7
19
3
16
2
24
44
2
36
35
42
27
50
30
16
43
3
15
28
25
7
24
28
33
8
21
41
13
30
47
31
29
25
4
17
42
9
3
24
31
28
21
18
9
14
16
14
36
10
37
36
41
48
9
17
21
27
6
33
5
31
48
44
20
19
16
11
33
28
17
20
3
3
16
4
9
28
41
2
32
45
6
22
1
20
50
29
40
16
13
46
50
46
34
18
22
1
7
31
44
23
33
33
11
43
45
40
28
50
29
34
1
5
38
36
24
20
11
36
25
8
18
47
32
25
8
41
12
4
16
8
34
28
13
21
20
46
48
9
25
42
47
40
38
38
21
11
27
50
35
37
11
11
33
27
33
16
27
41
37
9
49
40
21
49
41
22
50
30
34
31
11
7
20
2
48
46
13
17
22
30
47
2
5
26
12
27
19
11
1
14
6
44
7
48
18
17
14
9
25
47
48
8
45
32
11
17
46
9
10
12
19
41
24
38
21
11
1
47
5
28
42
21
1
42
3
32
18
23
46
30
14
27
11
10
41
2
8
13
28
44
27
9
8
38
3
25
46
3
18
21
31
37
24
