44
37
25
39
13
15
40
47
35
9
40
14
19
33
38
34
18
10
31
49
47
34
28
5
20
24
38
49
5
2
20
14
1
43
18
36
45
2
21
3
26
46
50
39
13
27
25
18
18
31
35
6
17
10
8
19
19
47
44
34
39
40
7
2
22
3
17
13
49
31
28
30
5
36
6
12
21
38
39
44
28
22
21
50
26
49
41
38
42
24
19
15
45
32
13
13
30
33
5
26
8
24
50
39
6
37
21
49
50
8
6
19
34
35
28
45
41
23
48
44
36
17
2
11
3
3
18
4
22
49
11
18
45
23
9
28
37
42
32
2
44
28
13
15
9
47
20
11
49
48
39
15
3
40
39
7
4
44
23
41
36
45
13
31
40
30
27
13
13
9
17
39
8
22
48
27
15
2
49
21
9
41
20
34
30
50
49
3
29
4
15
21
21
5
32
50
43
46
48
24
39
21
23
49
2
23
35
21
2
38
2
34
2
26
22
19
38
1
24
26
47
9
42
40
26
3
39
30
28
4
1
48
46
25
3
6
7
21
13
37
15
47
21
24
2
7
34
9
32
11
30
21
43
36
35
38
3
49
48
45
16
30
41
45
21
20
6
22
12
18
47
44
13
36
36
40
37
36
44
11
14
6
30
36
17
29
47
20
34
29
42
34
6
22
49
39
43
43
49
49
21
42
48
36
9
44
2
31
7
44
1
50
16
32
23
17
45
1
40
8
34
17
5
40
50
7
26
27
36
8
36
34
29
3
3
22
38
38
2
48
44
17
24
19
7
19
6
18
44
43
6
30
20
30
48
36
37
43
36
20
27
37
15
16
28
24
49
1
14
3
41
24
13
8
8
12
23
33
32
5
18
31
8
27
24
15
37
43
45
3
34
11
28
12
42
42
38
42
35
47
19
34
41
9
12
40
14
22
8
7
49
35
7
16
19
9
27
23
15
5
23
17
41
46
25
49
11
27
3
2
7
36
3
43
15
40
44
34
46
18
43
12
1
9
38
21
24
16
40
42
4
7
42
37
20
35
23
22
50
48
31
38
2
37
18
19
43
31
49
29
7
4
3
25
4
12
21
23
16
47
29
33
19
44
50
8
14
21
27
44
11
36
44
43
9
29
25
47
38
48
41
50
38
24
33
35
25
1
9
50
37
18
27
20
2
25
4
12
39
23
26
11
28
10
13
14
50
3
18
31
15
22
12
12
38
15
21
46
13
41
34
6
6
30
44
41
22
42
10
48
5
35
14
14
9
27
28
15
29
5
14
1
21
30
3
50
48
22
14
26
19
17
11
42
42
30
5
30
15
42
18
46
27
40
46
48
33
47
12
14
5
22
16
43
17
50
42
18
21
6
23
4
15
36
18
36
9
37
42
20
32
8
37
30
3
42
38
50
38
50
12
5
41
29
50
26
27
50
14
4
38
14
7
3
7
9
10
34
12
23
23
26
22
1
9
45
50
7
43
5
36
34
27
48
43
3
40
19
36
23
1
16
14
44
40
42
16
31
13
39
19
7
20
39
18
15
28
40
15
49
5
31
33
37
14
37
30
34
9
7
16
19
21
3
46
44
6
38
26
21
35
12
6
23
43
42
48
16
1
50
32
27
47
25
7
12
45
24
5
5
12
40
45
8
49
35
6
29
13
25
50
44
39
24
32
30
39
32
38
48
37
41
7
30
38
41
15
3
45
29
44
7
19
48
42
46
15
15
38
23
48
17
46
30
25
11
7
32
3
17
48
21
48
15
5
13
25
43
37
31
3
28
11
24
22
20
14
6
3
19
46
25
26
44
23
29
38
43
41
25
29
24
6
8
47
2
3
8
21
50
42
32
24
14
29
27
26
20
32
35
37
4
6
6
49
9
10
44
16
37
29
18
16
41
35
5
30
13
49
26
42
18
5
18
13
7
19
35
1
11
12
14
23
17
29
16
47
9
29
37
36
38
35
18
21
11
40
27
48
25
28
41
3
30
29
46
44
43
40
27
17
12
22
19
20
34
34
10
12
3
17
13
50
33
32
15
48
33
35
42
38
2
1
25
16
41
37
10
5
20
43
43
25
40
41
13
30
22
41
3
42
19
3
33
41
45
27
3
40
14
7
2
35
48
24
23
30
3
50
12
5
17
49
16
32
14
42
22
4
39
36
11
44
11
2
42
22
30
12
23
7
7
9
19
50
39
20
25
12
29
19
39
17
37
24
46
48
17
46
47
4
23
5
3
14
8
50
10
20
2
11
19
22
34
19
50
16
30
10
44
