25
31
25
34
12
21
20
40
5
47
36
10
9
6
31
12
2
24
35
50
24
24
4
25
30
4
36
49
36
37
36
27
9
40
49
7
40
10
20
35
33
6
8
18
4
12
9
12
49
17
4
48
20
38
16
12
22
16
35
22
18
39
23
39
30
13
12
37
15
33
49
41
4
42
29
48
33
39
45
10
38
36
43
27
17
8
1
20
36
7
8
31
11
5
26
14
50
49
19
38
13
31
44
1
27
50
50
22
40
4
46
41
2
11
24
46
44
15
1
41
45
12
26
2
8
44
15
31
30
2
18
37
48
24
41
38
32
46
2
37
1
10
17
16
46
38
7
35
13
38
30
9
27
9
26
13
15
33
20
4
4
46
17
42
40
34
30
20
13
42
17
23
42
5
8
9
14
18
27
26
23
40
47
3
16
9
22
14
20
6
40
31
43
12
45
11
34
37
31
9
49
28
26
43
32
2
26
36
27
46
32
13
20
19
34
27
10
12
8
28
4
43
24
34
37
37
7
23
27
40
31
23
41
19
31
23
35
12
16
50
7
46
20
34
36
37
23
12
13
7
19
21
27
44
43
27
19
23
3
41
32
29
39
50
30
14
1
21
47
48
43
6
31
6
27
35
18
21
39
41
44
32
25
1
50
32
42
24
4
3
2
46
45
30
25
42
6
50
13
34
31
49
28
29
17
2
36
31
40
17
45
32
8
18
7
40
3
31
33
8
4
26
47
7
26
19
11
31
9
14
36
33
40
32
7
32
35
26
33
11
22
22
21
49
10
3
36
2
22
5
39
26
37
42
28
20
2
21
37
20
24
1
45
32
50
42
47
4
24
42
23
39
20
18
21
12
29
16
45
13
3
34
2
8
35
37
33
2
11
36
18
27
5
46
24
31
18
1
1
6
42
37
48
33
29
24
34
16
30
15
6
28
24
38
33
41
43
4
39
29
46
6
36
28
48
10
45
34
28
9
32
8
44
14
23
44
32
26
12
29
2
10
38
20
16
39
29
26
12
23
38
14
8
23
1
9
32
24
31
46
27
13
35
12
48
22
41
39
38
19
45
35
44
36
8
18
24
41
38
31
19
14
30
43
13
47
34
25
41
41
2
22
42
23
6
28
32
7
50
31
40
8
8
46
12
21
48
8
12
1
44
32
31
12
36
27
43
19
12
23
6
17
12
6
25
9
32
18
23
32
20
26
41
21
4
37
33
1
41
9
21
48
22
26
24
31
29
8
31
17
15
5
3
26
13
45
45
6
7
38
39
2
41
10
14
2
5
20
26
28
16
35
44
35
23
44
34
5
16
20
17
22
41
44
16
42
8
47
9
27
35
14
31
34
42
5
41
38
46
22
40
22
37
3
29
4
40
11
17
9
11
13
40
7
42
19
13
18
34
17
32
6
28
28
13
30
27
39
40
12
16
12
4
2
21
20
10
13
43
47
2
11
29
46
3
47
33
48
5
49
48
16
6
24
22
17
17
50
34
15
44
42
49
18
13
33
47
4
37
39
30
21
27
50
2
29
41
34
33
18
43
34
27
42
17
22
42
21
36
36
43
25
35
4
35
46
10
10
50
47
10
30
45
48
48
46
40
48
47
33
34
47
38
2
15
30
22
44
25
24
31
13
20
23
37
9
29
1
40
13
13
45
14
22
46
11
6
25
32
21
35
16
40
42
24
30
4
22
32
28
8
42
11
11
23
27
2
10
25
46
26
26
42
44
13
40
10
43
6
10
29
24
19
10
40
19
48
25
38
41
10
39
20
37
8
45
4
20
22
6
6
46
32
33
10
25
45
39
20
36
45
38
27
34
7
18
16
50
40
47
27
36
41
49
39
49
42
16
38
19
29
50
27
44
50
33
43
11
46
16
43
27
33
8
36
30
33
40
19
39
18
50
2
21
9
48
10
9
44
9
35
17
39
29
14
12
46
50
40
32
23
17
5
7
40
47
10
8
15
11
43
30
8
1
50
23
32
9
23
41
27
1
33
9
6
32
3
30
48
50
43
9
45
25
4
39
6
28
14
22
36
19
36
30
23
42
9
15
45
7
36
19
2
23
39
36
2
22
40
43
23
40
49
14
2
12
18
41
20
1
9
31
26
47
43
14
48
16
28
35
17
21
43
37
33
16
24
38
10
43
34
28
49
6
10
11
7
30
20
30
25
50
3
38
18
42
27
35
39
40
21
8
36
4
16
34
4
37
13
3
24
22
37
38
49
44
4
29
26
13
42
7
45
10
38
33
45
38
1
41
