35
24
18
28
28
17
6
9
39
19
23
42
34
47
29
5
35
17
41
7
43
43
23
21
37
13
15
40
33
11
2
3
14
43
48
21
6
13
48
37
6
25
29
5
23
7
40
23
19
44
17
47
45
47
17
45
13
37
19
39
42
44
43
34
27
46
3
28
49
35
37
36
39
45
18
31
32
6
43
27
46
44
24
16
5
36
14
3
44
19
32
12
44
16
47
27
31
6
22
11
22
50
20
50
31
36
42
1
44
5
27
3
37
23
42
45
29
27
38
29
13
39
43
47
40
33
21
3
47
3
39
32
33
19
26
4
49
49
20
18
41
12
4
17
17
23
39
7
18
29
37
27
26
45
45
40
9
38
33
21
45
41
13
44
44
20
11
46
12
4
44
34
45
46
33
13
36
41
36
41
38
37
26
41
31
22
49
23
41
21
27
9
40
21
38
49
38
10
3
22
40
48
12
17
42
17
42
35
31
15
37
37
43
39
12
34
20
23
11
7
32
43
6
14
34
20
19
20
26
42
42
1
44
8
17
15
38
22
39
29
17
10
26
46
15
24
12
8
46
40
17
35
45
1
12
4
22
7
21
36
32
46
23
13
6
19
38
13
34
38
3
13
9
36
15
16
2
12
34
5
6
46
30
25
39
50
35
11
22
2
4
16
38
13
11
42
33
25
28
31
28
38
47
24
39
4
5
1
32
27
5
5
32
35
40
33
13
25
1
29
21
47
41
2
5
30
11
45
37
13
1
7
46
39
18
40
40
21
19
45
33
20
23
15
46
1
2
25
15
10
43
31
45
33
24
20
40
13
30
3
47
23
42
35
28
31
44
37
45
40
9
45
20
49
13
49
11
7
32
7
6
21
25
30
14
10
23
11
7
48
21
49
42
48
35
9
30
36
17
19
43
29
22
45
10
13
38
7
29
32
41
4
47
3
35
29
10
47
44
24
35
48
15
3
44
1
31
23
45
26
43
44
19
30
22
44
23
33
12
47
18
47
4
27
12
27
50
43
17
49
32
18
18
31
3
1
32
22
50
33
32
11
42
7
36
43
16
23
37
24
2
47
45
3
49
10
24
32
1
12
24
14
22
5
25
8
33
44
44
33
6
17
47
19
25
50
1
48
42
33
6
50
13
3
19
28
47
19
47
1
19
18
18
25
34
31
18
42
23
48
41
22
43
22
8
33
21
7
14
37
2
11
2
45
29
31
44
1
8
8
1
12
35
41
20
44
22
38
24
34
11
17
10
49
16
17
45
23
42
7
12
47
37
28
19
48
41
31
23
7
36
23
47
40
25
27
33
9
7
16
38
8
20
28
6
45
47
14
9
49
29
48
50
40
46
4
50
46
22
32
41
18
35
30
23
41
48
10
23
33
47
49
46
6
42
42
12
47
20
47
26
47
30
24
10
7
8
2
24
12
36
44
44
18
35
12
20
11
11
30
24
7
12
36
41
7
32
20
12
45
20
2
16
48
42
50
36
23
30
36
17
25
15
36
14
5
21
13
30
7
29
50
28
22
35
36
13
28
35
27
31
38
3
45
47
44
11
42
43
31
10
43
26
21
25
5
28
38
38
42
2
19
47
48
46
34
42
17
43
8
35
16
6
3
30
27
42
3
33
27
32
48
45
25
39
37
16
4
35
31
47
6
2
43
4
2
39
38
9
50
22
14
6
33
50
17
16
44
45
47
48
31
47
7
33
25
49
32
11
11
8
9
20
43
31
4
42
40
6
23
33
17
49
18
47
45
30
2
11
9
9
46
47
40
1
9
43
34
1
19
6
33
36
27
19
37
25
26
26
8
5
5
47
46
19
17
32
47
10
45
34
20
14
28
26
7
38
29
10
17
12
39
35
30
23
39
2
48
44
11
6
12
9
38
12
17
21
26
36
14
48
27
26
2
32
36
45
24
26
12
29
13
39
34
22
1
27
3
33
13
32
9
16
23
37
9
12
32
17
22
21
41
27
36
43
9
43
8
42
18
24
4
11
41
36
41
19
29
39
44
44
3
46
24
25
34
19
30
7
2
10
8
34
4
12
26
11
30
2
6
9
30
22
49
22
2
21
17
23
34
41
19
32
6
17
12
22
16
50
33
10
29
14
15
36
41
12
15
5
13
9
2
9
22
34
40
33
47
8
43
49
24
9
28
26
5
26
30
21
35
41
8
24
44
36
45
9
17
4
29
48
49
11
5
18
26
40
7
5
38
32
6
46
41
24
32
11
12
44
36
49
15
34
2
21
14
24
31
42
42
