37
18
3
5
7
3
17
6
6
40
4
2
1
4
19
24
21
10
5
7
20
40
21
4
18
32
49
25
43
48
50
25
20
4
8
34
49
48
5
12
3
40
33
35
44
20
34
23
32
44
24
8
48
43
32
32
21
47
44
4
41
5
38
35
50
29
18
34
5
31
5
36
4
8
39
31
36
38
26
29
9
41
1
15
47
4
14
10
44
37
8
9
10
27
2
25
8
23
22
14
44
2
20
33
28
14
48
21
27
39
22
48
47
14
11
22
16
34
26
6
44
32
21
12
29
6
9
33
7
3
15
22
12
27
50
5
16
11
40
47
37
5
18
13
21
8
3
46
30
23
40
16
19
41
47
28
17
25
32
33
45
22
7
31
9
39
40
15
49
37
27
5
30
44
43
27
30
4
34
17
4
25
30
15
29
16
5
7
28
35
26
11
28
43
18
3
28
48
1
26
23
43
29
2
31
43
39
9
11
19
9
26
44
5
4
41
38
49
19
3
38
48
3
38
35
10
9
40
16
41
24
16
50
7
25
39
14
1
8
40
35
41
33
19
45
50
11
28
44
26
36
4
30
43
20
44
31
21
9
4
35
21
35
21
44
32
17
9
20
21
42
36
10
14
20
50
31
12
26
43
15
13
38
22
40
3
34
47
7
31
15
41
6
5
19
26
50
14
49
4
30
32
31
34
1
39
27
22
14
27
5
20
26
22
4
49
37
49
49
14
10
21
29
20
19
50
24
40
33
18
31
39
45
48
41
44
7
34
35
21
50
7
12
5
39
16
37
7
11
1
46
12
11
32
10
25
31
21
35
19
3
2
14
34
43
44
39
42
24
48
22
37
31
24
1
16
42
3
33
41
12
50
42
48
5
37
46
34
15
35
48
10
11
16
22
8
32
18
17
42
39
39
15
9
37
23
26
36
49
21
29
5
37
27
22
6
48
14
10
50
50
19
12
23
40
3
17
44
8
1
45
27
8
41
40
36
47
24
13
9
17
44
31
33
39
42
15
26
45
15
44
20
22
41
25
32
5
17
11
22
24
11
34
39
20
37
41
31
18
17
21
27
25
28
36
41
42
21
45
45
40
36
31
5
34
14
33
34
29
46
7
12
3
7
44
40
33
15
1
45
24
22
50
4
3
25
7
39
47
36
3
48
35
33
32
42
12
8
11
35
35
22
2
47
12
45
33
27
44
15
24
35
20
47
9
23
29
10
23
28
28
14
14
14
12
4
16
31
20
46
25
1
25
43
31
32
21
36
24
7
39
14
30
16
2
9
20
8
17
46
11
11
30
41
37
31
11
21
36
13
36
35
26
31
41
3
44
8
9
37
16
50
23
38
27
8
13
10
31
30
50
30
48
16
4
37
47
39
24
36
44
29
34
37
2
48
34
18
3
16
8
49
18
49
15
18
33
21
23
36
34
41
13
25
2
10
36
28
10
24
17
14
10
48
18
42
26
26
40
28
31
9
4
5
2
43
16
25
9
22
45
38
32
19
27
25
18
46
21
22
26
13
24
4
5
39
11
10
15
41
14
12
18
30
6
30
31
38
29
29
1
27
47
36
28
3
6
41
13
38
22
1
50
22
18
41
16
16
22
36
6
43
27
49
10
28
46
47
19
25
19
28
33
29
33
41
14
12
16
3
41
4
48
33
39
21
48
11
38
40
46
41
48
6
45
44
10
46
34
20
44
23
29
46
15
39
4
37
35
25
18
22
34
11
35
13
49
40
49
29
17
39
9
3
40
29
50
21
24
24
44
19
1
3
11
8
49
20
28
6
31
36
37
8
43
14
42
26
20
39
35
32
36
25
8
30
6
1
22
47
45
43
2
25
20
43
37
2
49
32
22
34
33
25
2
2
23
36
3
39
23
47
21
5
19
29
32
11
12
6
15
36
41
18
34
13
2
6
37
26
1
34
8
7
50
11
27
17
49
30
1
10
24
50
18
8
35
2
39
4
12
46
32
5
41
40
35
23
3
19
49
7
46
27
28
46
10
8
36
17
47
48
35
7
32
19
35
49
10
20
10
28
12
34
48
8
26
20
34
14
3
49
5
28
16
42
15
50
33
19
2
8
46
33
36
43
11
19
11
39
20
16
8
7
4
18
40
39
50
44
11
49
13
31
35
1
10
39
35
29
33
17
50
18
37
40
15
48
49
44
48
42
30
40
40
39
19
19
27
49
41
40
19
32
19
47
2
5
36
43
37
12
30
23
47
13
13
10
25
49
14
27
43
4
16
5
25
41
41
12
