3
45
22
32
36
11
19
32
44
39
49
29
9
12
32
25
33
27
50
39
20
6
27
14
2
27
10
30
13
42
33
46
12
5
45
47
45
50
36
34
16
2
5
2
28
42
5
18
18
45
46
1
18
35
27
18
39
1
30
30
49
47
13
1
43
18
7
11
8
5
24
10
15
20
40
7
31
17
6
46
32
32
13
47
18
44
49
2
7
20
43
13
14
20
2
36
40
35
21
40
3
12
45
17
6
46
27
49
35
36
37
47
25
12
47
3
5
23
8
34
13
29
6
2
10
14
23
20
38
2
13
31
9
2
26
21
39
29
18
18
48
39
23
16
25
31
32
17
13
30
10
23
6
41
32
11
49
8
37
38
35
39
19
40
14
44
1
14
18
2
26
6
42
10
37
48
16
44
10
33
27
25
18
27
24
28
33
11
43
27
43
22
18
6
41
43
17
9
43
35
5
20
23
38
8
34
35
50
38
3
10
48
17
6
29
27
27
32
48
48
7
45
4
47
36
31
28
27
44
47
13
41
29
13
14
13
48
38
33
31
12
50
27
40
35
19
26
22
34
21
44
12
10
41
31
20
45
36
15
29
40
19
34
5
19
17
21
33
49
28
32
27
34
19
16
27
26
22
42
48
47
2
40
16
10
41
4
14
17
12
34
3
39
47
22
47
8
19
5
14
49
3
35
30
43
9
46
30
42
16
5
36
17
4
21
46
16
17
21
23
48
21
45
13
11
17
3
21
30
38
4
37
21
19
37
18
42
25
31
23
32
49
6
10
10
46
25
16
33
1
5
18
36
10
3
44
29
4
32
32
32
47
48
26
20
9
7
5
42
15
13
35
36
11
49
47
45
5
16
31
41
36
41
38
10
37
1
19
20
13
23
18
43
46
2
18
9
3
4
4
39
13
5
12
47
46
36
31
30
33
12
40
18
31
37
19
16
48
26
45
19
7
44
10
16
41
16
46
49
11
29
22
32
26
41
10
8
47
36
43
29
20
47
32
6
50
48
10
7
36
29
31
19
20
30
45
42
10
49
45
35
47
49
33
48
6
27
49
12
43
26
34
30
1
6
23
36
39
32
14
8
19
32
41
44
47
50
41
33
9
39
19
26
7
45
30
28
40
9
26
39
46
30
14
34
24
2
15
12
15
41
1
23
41
28
32
14
17
21
46
7
47
35
22
15
17
13
18
39
28
12
28
3
43
17
24
2
40
24
40
26
50
35
23
42
7
4
46
22
15
1
50
25
28
29
25
43
1
48
14
34
18
29
46
2
6
3
4
28
25
13
5
10
1
48
45
22
6
39
24
20
5
24
50
17
43
30
21
29
16
5
4
34
33
35
29
27
43
20
7
24
49
17
36
50
46
9
2
23
26
33
39
38
25
3
40
31
21
36
31
1
36
23
24
13
6
8
29
17
50
21
15
44
4
9
47
39
35
35
43
10
17
14
18
2
6
23
24
45
5
34
43
10
34
16
6
19
4
49
20
29
26
6
17
45
24
9
28
39
50
45
42
41
29
12
3
22
41
28
49
47
12
41
24
28
44
1
33
41
30
19
32
12
48
2
6
43
4
37
38
19
35
34
45
36
41
48
38
12
20
47
7
16
34
39
25
18
30
18
34
24
30
9
18
5
33
46
38
20
50
14
43
21
45
18
14
38
36
16
26
45
2
34
46
12
18
42
41
9
14
14
10
4
32
31
48
33
17
43
33
10
42
17
1
31
16
46
37
4
17
33
8
32
33
4
31
47
49
22
6
14
19
15
31
4
50
48
40
43
31
5
7
15
45
12
31
9
42
49
34
15
27
33
35
32
41
11
5
4
33
16
19
49
38
20
42
41
22
11
29
35
34
28
41
11
13
25
42
12
21
27
34
6
14
21
38
50
15
14
31
43
5
28
27
46
3
22
10
35
6
33
39
28
32
18
43
33
37
34
28
18
9
45
26
37
14
26
16
47
19
31
2
41
11
24
38
23
6
1
40
18
7
49
11
31
30
16
46
43
2
30
14
49
19
5
9
15
19
28
15
34
50
47
33
2
25
12
46
13
18
6
18
22
38
2
35
23
11
31
48
37
28
5
32
17
42
6
30
38
42
39
49
41
7
4
50
36
41
23
27
10
21
23
4
34
31
17
24
39
33
2
28
45
13
12
19
5
6
25
21
42
12
48
25
20
26
45
3
10
13
12
44
29
43
12
29
1
32
44
14
29
15
6
21
22
38
2
10
13
38
18
6
43
6
35
7
23
29
49
42
