20
42
48
44
2
5
14
26
47
8
32
47
28
42
18
43
49
6
45
36
3
7
20
18
36
42
18
28
35
10
43
14
49
12
29
33
16
12
27
41
39
3
15
45
5
39
50
5
44
35
34
47
45
1
29
41
24
29
23
24
38
20
26
9
48
14
1
44
39
48
37
19
49
5
27
27
34
21
34
8
48
4
24
46
21
17
33
50
24
9
50
1
22
4
43
48
43
33
34
22
24
8
45
13
46
11
46
31
44
22
39
33
24
2
43
4
39
45
38
36
22
37
29
20
23
2
25
41
14
1
34
15
31
12
44
33
45
9
11
25
43
33
43
24
30
30
50
46
47
22
38
9
17
3
35
41
17
38
25
34
23
11
20
21
31
16
11
10
46
41
40
40
10
31
18
42
7
38
30
36
42
28
32
4
20
34
40
46
21
38
8
47
22
45
35
47
44
16
7
27
31
41
39
12
22
35
36
50
17
45
5
2
21
43
48
46
19
28
38
6
27
11
47
12
40
49
30
34
36
10
44
41
34
37
30
10
8
39
12
44
39
20
43
30
11
49
15
39
46
1
23
32
18
20
2
43
47
33
33
7
21
39
44
28
18
28
49
25
39
8
34
45
45
44
26
29
40
48
23
23
5
18
23
17
13
16
22
2
31
32
7
43
3
44
45
39
19
21
11
42
12
5
28
33
10
7
46
36
4
46
23
31
20
36
41
36
27
10
5
37
49
17
22
47
17
21
28
3
27
49
26
37
45
13
21
30
19
21
45
1
4
21
37
29
24
20
10
24
30
44
37
1
40
30
17
37
36
21
35
15
37
46
37
21
7
27
14
49
6
19
20
2
16
25
19
15
22
40
43
45
28
3
27
14
27
25
12
20
1
25
16
50
47
23
7
24
32
10
38
3
6
8
37
28
47
48
19
39
4
35
11
34
50
34
26
1
24
17
29
48
37
1
30
9
24
8
22
39
1
16
33
50
40
5
12
10
25
13
26
2
15
12
40
42
17
34
31
46
7
20
45
39
47
7
12
28
47
18
4
34
27
9
11
17
27
1
36
25
33
49
39
19
10
42
19
5
25
44
32
46
10
15
43
16
7
5
27
4
1
44
12
18
22
48
10
41
38
6
18
36
8
37
34
9
41
25
7
25
1
41
35
38
29
13
5
26
4
39
35
33
40
35
4
21
9
25
1
3
12
43
7
47
11
30
15
10
21
29
32
26
40
37
10
25
5
41
27
22
1
33
4
39
44
34
11
22
21
39
36
49
16
44
22
33
29
27
4
47
30
22
37
41
26
21
43
18
22
9
37
42
32
20
9
7
39
30
11
34
40
28
35
11
1
31
11
16
30
28
3
1
34
27
33
37
3
18
41
47
41
13
34
27
7
49
28
29
10
43
24
38
48
23
13
20
35
28
11
17
11
17
43
29
4
14
44
3
30
8
8
14
14
48
42
16
9
50
47
35
15
34
49
48
2
22
46
4
11
33
18
21
13
20
45
11
44
18
10
20
14
6
15
18
21
25
11
6
7
16
33
49
35
25
23
10
11
13
44
6
10
16
16
23
30
29
38
14
7
44
24
19
32
34
19
34
14
42
3
50
26
3
31
47
44
48
22
24
41
15
9
41
46
44
31
13
43
21
35
18
50
37
35
44
36
12
4
27
23
26
9
25
50
3
25
39
38
4
18
45
44
43
23
37
4
40
9
33
35
34
43
20
20
4
49
3
27
36
6
41
35
43
15
9
43
21
10
44
48
50
40
28
31
4
43
24
40
45
39
48
4
11
6
38
12
17
46
16
19
39
4
39
50
36
50
4
47
27
1
47
22
27
33
16
48
34
24
48
25
46
8
34
46
38
50
49
27
13
37
15
12
12
45
20
29
11
2
38
6
25
3
28
6
15
35
43
22
2
27
10
26
34
3
45
7
44
41
35
49
21
20
17
7
10
23
6
12
16
15
24
3
28
20
11
48
9
49
17
18
31
39
30
39
28
19
32
37
13
49
10
10
49
20
36
11
50
32
11
6
13
16
15
26
21
15
9
7
40
39
10
41
19
11
13
19
1
34
48
18
9
30
12
19
3
31
21
36
15
13
49
19
36
45
12
15
22
4
42
43
5
4
37
28
25
31
16
33
10
36
47
4
9
9
39
7
36
17
29
20
31
9
32
27
35
49
4
4
21
26
22
32
35
26
16
17
32
40
42
37
35
4
18
2
32
43
47
17
48
16
28
47
25
48
29
42
40
21
19
25
7
34
20
