18
34
4
44
46
3
10
33
23
37
35
20
7
36
23
5
40
32
37
1
8
43
22
17
31
21
2
39
48
31
1
38
20
43
44
48
13
40
47
31
44
42
29
12
49
12
1
14
13
2
8
21
38
31
23
3
44
48
28
40
43
41
43
23
38
43
47
20
50
5
47
18
39
1
28
28
17
2
23
19
29
46
24
41
35
22
41
50
6
47
18
25
40
37
46
35
43
46
17
20
1
40
36
2
8
44
45
30
27
15
37
31
48
10
18
20
5
28
31
47
29
48
33
29
18
28
18
17
38
50
16
35
7
10
27
31
41
13
42
6
19
23
17
36
41
21
22
22
33
5
37
45
45
12
13
5
8
15
6
17
30
37
38
15
38
19
48
14
40
5
17
22
6
25
43
36
37
37
20
18
17
38
13
36
31
14
50
7
27
27
14
24
10
8
11
19
39
11
12
25
19
4
49
27
30
44
44
39
10
35
3
18
30
21
42
29
37
27
33
44
13
17
42
40
33
2
23
11
34
8
47
20
20
35
2
44
12
46
44
14
36
50
5
9
50
16
47
37
30
13
13
46
32
37
25
41
8
43
20
23
23
27
22
45
49
42
2
7
46
42
2
8
24
11
4
44
44
10
19
6
40
46
37
3
7
32
47
30
1
41
18
46
16
47
35
48
6
28
21
5
14
39
50
38
20
44
1
21
46
9
39
4
42
31
19
47
40
42
6
7
12
9
23
36
25
9
18
6
34
34
18
28
43
50
25
42
13
26
6
43
13
5
5
12
43
46
4
20
46
12
43
48
17
37
36
5
38
11
9
12
39
20
45
2
4
8
11
32
14
14
18
15
7
26
25
22
24
19
30
20
50
33
35
27
48
1
31
49
45
19
39
32
45
14
25
14
35
18
3
25
38
27
48
6
20
24
43
50
6
50
32
23
23
7
44
18
42
2
19
36
37
28
15
43
2
5
48
26
18
50
42
19
44
38
27
44
17
38
23
8
8
38
42
44
28
40
45
23
38
20
27
25
36
4
23
17
31
10
50
39
50
11
1
42
23
18
32
44
5
38
23
42
18
35
15
1
15
44
38
25
25
6
12
16
19
15
9
29
33
25
6
21
28
48
21
12
7
50
17
48
13
31
43
14
15
30
25
34
2
20
24
20
9
3
38
45
24
35
2
30
15
23
2
44
22
16
27
37
38
20
19
4
18
16
22
7
40
31
10
38
31
9
14
37
41
47
23
14
33
35
10
9
45
18
49
45
24
32
12
37
11
6
18
19
45
28
23
13
12
22
5
22
20
47
15
39
10
13
13
30
48
26
42
36
33
14
8
37
50
19
26
9
23
29
17
24
15
1
28
49
14
39
12
20
43
26
31
17
23
15
14
33
10
22
14
47
26
1
2
23
39
27
30
21
48
7
2
2
40
36
22
35
48
33
17
47
12
13
30
22
23
46
45
12
24
37
10
49
45
41
42
2
19
47
44
22
21
6
1
21
9
1
7
32
25
44
30
44
44
6
16
22
5
33
22
47
15
12
11
43
16
31
4
40
37
26
41
15
49
28
40
35
45
43
35
34
47
50
2
18
28
37
28
36
24
34
26
24
25
6
1
14
42
25
11
5
18
15
20
4
32
12
45
47
38
24
27
4
5
36
17
33
9
3
32
40
19
37
4
10
25
10
5
39
20
32
38
19
49
42
36
43
21
28
45
44
3
47
35
23
10
7
30
42
25
35
15
36
47
22
38
26
35
6
18
18
1
2
37
30
35
9
45
45
29
3
32
47
34
17
45
23
10
11
14
34
6
29
8
17
49
46
45
42
24
40
10
14
18
28
12
32
42
25
50
19
49
41
18
29
11
29
35
25
11
26
47
23
37
29
44
41
39
22
32
17
13
13
15
38
11
35
11
14
3
50
8
42
24
28
37
50
14
1
40
12
24
6
9
40
50
35
24
30
30
17
15
25
35
31
20
5
46
18
48
39
17
35
30
11
32
21
4
19
46
46
22
39
46
46
21
15
38
34
6
45
20
4
23
40
11
33
1
41
19
43
46
28
41
32
12
29
34
21
14
21
16
27
2
1
28
6
43
1
46
39
5
28
17
4
11
45
22
33
6
39
28
46
18
2
49
33
27
26
23
27
9
35
34
17
34
21
41
42
27
43
29
10
29
30
2
21
46
31
48
41
18
5
45
15
30
11
24
13
49
5
25
35
22
39
34
36
29
46
15
45
40
40
16
32
19
22
11
40
42
33
42
20
45
22
