227
217
169
247
484
36
365
227
373
335
137
122
433
293
312
153
95
43
309
69
453
113
33
475
229
411
431
199
308
415
272
353
214
260
493
178
289
229
258
408
109
429
42
112
193
341
265
379
491
158
343
58
119
416
89
353
253
16
359
279
494
346
95
349
456
364
100
175
462
357
25
425
107
9
399
490
126
387
11
196
100
438
145
443
167
61
368
215
426
86
447
49
58
401
393
370
295
422
446
461
278
79
493
223
417
180
303
306
82
469
250
63
377
86
54
70
318
81
500
89
457
154
482
477
391
139
92
195
405
176
50
398
12
498
437
87
368
428
327
75
288
135
55
173
377
243
358
99
99
399
269
163
16
142
92
332
349
308
116
307
80
354
236
51
429
299
232
9
432
44
51
87
481
107
464
246
104
463
177
295
405
241
100
457
102
175
239
409
15
228
212
47
38
156
417
118
226
245
252
87
67
493
357
203
141
482
140
490
384
109
79
254
196
424
413
375
304
235
104
132
238
286
293
56
487
82
273
298
378
256
397
457
321
345
294
52
337
469
240
114
500
492
209
197
251
224
65
245
268
392
240
187
199
346
88
395
133
114
118
27
281
206
290
192
419
386
154
315
269
143
166
37
59
124
481
31
252
309
114
470
452
123
215
326
54
235
185
490
196
158
215
27
131
353
457
335
383
423
342
397
185
278
38
373
225
199
224
106
166
92
65
90
361
67
423
489
268
53
191
68
138
22
183
428
315
440
260
21
171
30
197
361
285
357
464
209
344
159
203
380
219
105
365
352
48
10
392
70
478
391
418
208
481
101
218
362
379
492
241
428
416
115
244
26
333
107
482
464
48
419
169
259
422
392
185
246
271
176
46
116
28
295
399
263
92
364
355
211
481
230
370
147
6
130
286
175
245
285
39
156
164
479
441
58
116
367
293
345
73
466
254
66
376
111
420
383
461
470
262
35
471
342
461
169
92
175
339
25
55
347
463
250
271
18
446
474
394
381
380
451
139
263
72
483
304
53
462
341
323
477
33
369
360
238
20
182
128
397
353
176
164
479
247
261
85
28
416
392
421
178
451
470
117
170
499
162
158
82
225
438
255
326
250
250
306
80
390
309
485
416
54
388
420
108
160
231
313
390
370
390
235
166
258
182
368
277
447
317
170
443
233
317
296
449
71
253
49
294
245
205
224
110
429
147
348
236
179
35
190
125
201
470
53
451
128
116
51
154
382
216
389
309
378
302
90
214
232
278
241
163
189
313
248
106
248
41
120
225
6
265
156
150
176
486
383
357
311
24
427
446
281
38
261
229
49
270
335
334
369
437
47
428
140
270
236
115
180
191
415
35
11
96
203
373
241
2
191
77
109
114
202
183
196
57
442
104
24
323
79
15
354
143
236
18
478
277
199
206
243
186
357
94
223
135
420
59
186
82
173
288
190
362
43
500
356
133
268
219
443
268
75
94
213
299
143
259
116
206
275
77
256
483
196
384
147
324
82
312
18
24
366
173
215
421
151
200
369
332
1
255
182
409
19
330
322
446
73
458
449
334
145
379
315
142
494
266
422
17
343
112
249
410
343
471
1
426
440
198
54
287
428
272
111
323
119
323
1
132
38
308
409
50
490
205
283
445
93
51
300
279
170
47
124
315
337
92
36
343
23
454
480
434
124
194
119
37
420
482
420
326
148
71
261
151
41
11
29
241
206
13
324
73
61
465
108
305
140
283
153
320
388
147
35
10
402
454
1
466
440
380
476
452
407
29
383
260
192
378
499
33
211
487
58
415
11
408
66
451
300
265
291
308
243
305
302
333
219
137
267
338
450
428
200
366
319
221
459
181
69
258
338
43
85
189
424
263
101
225
197
362
297
462
26
355
417
421
304
389
102
14
13
360
198
208
400
121
275
50
411
436
73
359
141
63
72
30
461
476
29
397
336
416
4
8
332
484
112
281
111
124
299
300
427
124
176
469
334
373
137
114
457
413
223
103
105
358
15
249
379
361
231
7
94
6
285
189
128
334
357
354
56
444
205
339
56
437
219
347
436
431
234
387
54
165
287
494
469
455
302
383
128
251
166
444
97
288
291
239
378
8
85
225
53
425
287
278
306
406
233
424
498
386
125
64
35
156
409
368
160
461
474
361
29
100
443
372
206
249
291
370
404
29
24
397
412
159
443
123
464
167
475
441
5
338
231
277
105
66
440
467
376
6
6
65
58
117
214
20
163
351
253
395
218
1
449
330
238
152
423
376
196
386
477
37
110
186
120
59
194
100
