424
352
249
455
210
21
355
283
393
480
448
432
325
382
499
487
86
96
16
490
55
282
182
408
428
443
113
419
352
231
20
292
236
89
354
90
316
492
95
5
396
55
336
33
488
304
204
476
157
18
375
405
87
139
423
406
306
457
35
264
404
2
50
461
167
178
183
321
268
358
43
181
283
121
13
246
391
14
31
111
272
284
482
265
122
139
205
241
310
204
129
243
289
358
232
271
285
171
165
9
33
440
329
159
133
79
226
431
30
308
265
480
334
499
332
187
286
34
253
404
63
50
360
283
373
125
43
3
125
240
184
37
382
245
371
46
213
447
426
304
116
28
8
276
31
35
94
234
265
56
339
206
448
487
450
334
26
416
149
433
321
423
398
411
354
471
228
398
431
132
27
242
392
205
30
328
150
160
44
382
126
149
176
18
421
186
159
485
45
357
340
192
84
382
193
429
294
126
32
1
325
435
143
88
165
174
199
208
286
378
447
225
195
216
69
459
48
271
381
213
96
91
241
106
205
461
478
121
360
364
452
433
363
282
438
248
376
319
269
132
252
360
481
486
56
177
282
20
36
425
446
329
381
340
306
208
83
401
170
18
269
198
33
93
62
411
237
276
167
381
39
319
370
164
373
400
441
11
338
426
120
155
187
93
405
129
39
370
160
315
392
273
100
374
423
322
149
26
290
480
157
82
377
291
65
218
410
231
310
237
445
475
24
419
249
284
258
457
186
446
90
56
500
490
131
82
360
410
344
457
45
414
358
82
386
393
271
466
478
255
251
311
429
304
27
129
398
155
140
321
347
368
90
352
331
433
135
8
302
166
17
412
325
312
253
51
432
306
180
212
365
394
8
202
126
157
388
372
23
23
408
420
15
434
16
258
473
232
454
470
485
262
500
169
144
59
350
46
78
423
12
405
310
137
394
290
356
201
135
327
214
455
36
104
422
467
276
496
330
472
15
156
418
206
485
474
104
323
280
423
156
172
278
385
400
352
266
87
173
269
50
358
1
399
242
332
464
174
205
265
288
1
363
82
454
54
418
411
235
435
341
30
207
384
463
386
406
232
263
87
313
497
462
116
341
209
271
294
232
430
363
450
169
225
371
221
286
373
158
357
446
455
485
464
440
168
405
43
499
205
192
371
94
331
50
220
124
159
81
249
406
428
490
452
283
130
388
312
229
367
95
247
413
168
259
99
137
110
61
387
427
6
208
100
382
402
384
151
104
337
303
191
2
321
8
273
118
457
224
67
460
77
297
376
415
211
73
277
56
124
52
98
301
294
270
294
384
226
415
296
498
350
210
345
453
314
254
282
491
443
404
443
75
53
419
60
237
255
356
363
125
22
80
21
212
15
483
231
277
171
134
20
261
347
306
465
215
192
59
174
496
225
409
456
379
208
342
105
383
273
388
279
253
4
339
499
384
159
469
477
340
1
288
219
163
454
53
269
91
339
34
20
470
76
309
273
91
92
434
446
70
298
366
213
481
423
420
139
306
10
240
106
460
84
143
130
492
435
156
38
23
13
258
233
285
266
158
280
301
484
426
479
195
468
445
75
382
129
320
152
393
174
131
325
433
66
257
149
276
314
155
313
390
458
445
386
277
188
481
211
22
93
242
75
116
326
122
360
355
403
213
15
372
152
180
403
203
60
348
340
220
4
53
18
131
64
360
6
326
45
407
387
492
499
361
284
198
260
152
98
159
124
117
93
369
2
69
147
269
345
245
132
122
226
273
306
312
213
300
411
240
415
454
496
388
62
228
423
345
358
284
33
227
269
7
360
176
374
214
286
466
250
401
453
11
431
382
34
416
60
42
204
32
92
441
492
29
344
213
188
159
35
65
354
195
42
444
276
6
448
25
200
416
108
481
67
433
104
137
380
295
302
295
227
382
249
367
48
94
21
62
196
203
22
203
140
36
239
183
415
176
487
418
414
324
123
489
315
352
69
480
411
88
6
9
132
184
46
471
82
357
82
133
487
488
478
85
32
468
142
87
362
368
434
383
325
486
431
1
441
92
197
484
434
438
177
415
22
460
432
372
474
338
100
299
390
339
286
296
18
279
298
315
392
367
407
458
489
44
219
83
24
410
444
17
481
285
281
212
306
126
444
278
196
344
39
92
391
176
443
250
371
455
453
458
385
151
379
104
62
12
474
424
472
270
66
188
280
463
127
113
263
343
344
201
456
491
224
462
184
461
216
282
477
394
497
159
189
188
453
467
89
214
461
292
63
395
429
241
60
387
173
439
391
26
315
195
25
2
375
