209
151
436
309
249
14
76
272
30
199
93
140
304
468
295
335
62
431
166
361
313
104
145
170
424
439
237
13
423
193
55
72
36
90
191
261
64
346
213
295
155
8
51
277
190
254
321
412
402
445
239
361
439
304
380
138
357
177
473
261
363
317
138
461
135
305
116
431
119
378
103
242
14
54
373
468
279
261
499
297
171
167
148
327
164
491
260
349
359
375
456
485
169
293
214
137
418
448
477
119
200
251
482
152
410
111
290
438
479
418
469
45
267
267
62
148
58
11
367
26
135
148
332
229
90
83
436
333
103
336
329
478
422
55
86
443
464
447
382
40
147
154
325
431
101
306
338
488
271
280
476
43
205
219
49
260
311
27
35
350
235
77
148
221
285
10
79
247
222
181
104
411
23
377
421
411
98
65
235
157
463
125
139
475
149
379
414
188
401
325
31
360
437
411
435
52
407
133
254
483
259
157
448
235
467
3
427
361
230
59
49
437
352
196
133
222
397
264
100
344
165
365
134
134
17
6
216
492
158
331
150
411
362
125
403
57
104
193
164
30
408
190
468
358
124
485
275
245
35
173
80
127
255
343
209
91
163
367
29
130
69
76
18
254
70
422
460
255
376
279
72
472
184
262
226
141
183
171
487
217
500
128
398
202
175
381
264
335
45
396
386
127
51
76
272
335
128
298
129
306
414
1
396
442
33
284
180
335
313
244
236
439
216
390
331
200
499
251
59
297
332
344
498
121
155
119
56
204
319
413
84
50
269
42
397
151
169
138
19
306
116
140
131
89
397
182
286
2
398
31
352
472
303
361
195
51
148
307
198
267
342
448
123
392
449
102
459
454
167
46
497
247
335
281
78
402
119
186
20
252
315
87
211
228
43
375
247
435
76
239
290
164
238
18
82
15
113
243
275
287
419
4
1
378
140
202
439
237
465
122
287
326
247
225
211
63
498
425
135
186
66
405
378
4
272
284
146
11
159
488
147
418
167
297
165
231
231
142
318
383
293
80
389
479
404
143
497
303
157
369
97
297
153
418
458
186
450
357
54
217
95
369
18
196
109
439
221
496
445
313
170
22
237
384
305
287
430
98
483
71
175
229
481
201
359
39
291
16
124
277
34
195
293
83
432
472
349
202
99
284
449
269
175
214
37
216
467
452
306
333
336
181
451
399
341
380
415
203
11
418
370
69
448
360
85
225
252
304
428
270
233
430
346
390
246
113
320
48
457
162
270
137
196
76
332
31
25
345
21
112
409
479
161
270
179
380
226
260
359
28
37
62
78
442
426
325
479
231
76
85
40
426
273
204
432
323
123
340
87
367
484
138
61
369
271
392
217
77
88
485
174
286
61
81
353
401
203
22
217
461
495
158
471
403
115
211
324
202
301
312
332
274
263
311
399
175
194
341
230
496
49
492
159
92
99
90
47
483
367
340
135
422
267
6
297
135
157
381
106
78
23
280
60
17
169
417
110
161
416
246
308
222
124
122
356
496
51
307
108
481
277
92
323
386
48
304
313
85
21
138
22
158
194
286
333
182
350
243
304
125
279
66
122
223
178
180
364
400
441
361
244
422
282
202
83
238
336
346
457
66
430
365
292
175
236
431
384
346
160
432
69
263
338
280
129
181
159
342
457
7
9
19
318
391
172
24
173
16
161
14
49
83
468
397
108
12
426
16
257
102
417
437
405
195
301
104
467
122
458
375
220
369
145
226
170
145
480
174
68
274
405
240
258
139
164
125
22
260
157
18
279
243
148
375
255
89
55
396
246
30
448
320
49
313
80
126
435
426
314
190
419
389
122
251
262
295
69
206
18
66
263
352
254
6
251
341
307
42
340
123
321
315
352
40
358
320
90
410
353
364
469
61
452
139
12
149
182
159
413
427
278
457
114
317
356
240
341
432
280
215
180
154
478
104
20
178
439
178
454
47
188
224
300
406
162
421
215
375
143
165
363
347
415
364
420
307
340
261
300
397
283
373
261
406
157
291
382
429
414
307
418
68
299
343
194
425
397
206
341
419
332
361
314
337
167
398
143
260
449
126
321
225
446
386
41
69
365
462
435
92
206
231
151
59
12
464
500
262
326
361
212
191
477
212
21
248
340
490
460
7
141
41
197
347
100
217
159
89
325
275
222
50
6
380
272
253
69
307
387
79
106
167
230
126
45
306
82
79
28
430
100
500
351
266
87
230
201
339
6
411
488
276
120
286
498
474
429
480
247
191
36
488
399
349
140
17
154
475
114
399
275
83
411
315
138
186
138
169
366
283
