160
1
198
136
302
5
454
225
95
442
381
344
372
233
58
200
228
488
152
440
359
444
277
75
280
194
368
156
136
421
193
111
115
146
116
352
356
313
75
82
328
372
90
114
314
412
210
74
113
204
41
24
250
232
402
451
49
282
35
251
495
196
163
122
233
55
308
271
82
113
229
452
340
398
274
110
102
343
447
427
79
149
53
444
225
72
325
128
196
204
54
341
53
143
362
451
236
482
182
332
323
386
62
57
58
306
373
364
33
365
429
191
455
48
252
421
209
482
396
268
366
374
239
294
395
216
39
290
112
65
317
356
499
24
474
498
255
313
133
419
90
87
120
493
159
431
292
262
275
182
206
428
220
132
169
403
440
432
30
32
184
8
319
26
423
221
307
315
409
333
164
175
78
317
354
312
423
353
178
228
109
257
365
345
39
390
125
393
375
22
141
76
364
326
500
317
247
441
216
500
125
15
197
177
482
319
423
183
475
83
445
149
265
476
59
109
249
60
463
393
377
40
459
494
433
85
486
157
470
20
47
405
20
301
83
474
12
473
14
137
18
459
204
287
28
290
48
101
388
231
482
29
425
434
496
483
356
41
142
119
487
480
223
331
422
438
372
175
320
326
485
140
154
433
144
346
216
83
383
213
5
461
355
196
71
101
459
309
497
75
260
348
131
394
23
266
367
469
422
242
401
275
232
369
338
25
261
397
182
280
83
434
289
412
495
226
40
42
63
207
340
223
270
400
204
26
66
406
39
195
379
248
332
419
399
339
68
487
154
320
84
349
427
90
113
226
229
30
16
77
232
255
124
262
478
336
198
190
313
168
327
423
11
430
13
130
455
216
441
460
19
348
452
53
243
428
487
208
418
439
132
365
85
79
202
57
89
325
256
13
411
448
131
461
498
294
255
366
12
306
334
334
204
113
16
449
462
107
232
138
466
296
242
29
21
306
105
294
207
217
54
411
110
2
262
491
307
150
201
296
1
392
226
461
469
360
377
232
242
217
206
464
479
94
151
2
391
272
105
255
347
198
78
78
477
106
136
356
117
235
87
103
71
362
272
215
432
399
323
137
179
486
280
59
55
119
320
360
143
257
421
146
495
237
207
84
35
272
301
359
500
414
137
55
456
160
158
443
380
487
164
319
117
214
123
162
427
315
149
85
22
245
102
457
6
182
60
347
368
7
474
66
336
151
466
13
218
195
426
468
133
351
443
436
490
69
189
335
43
308
313
412
95
401
252
196
26
169
101
234
278
37
469
375
362
171
396
301
415
122
171
147
351
271
278
336
19
13
177
210
184
166
70
314
136
220
500
34
317
13
450
141
273
418
40
171
146
500
307
185
14
189
489
244
294
389
411
328
302
422
483
206
227
346
431
476
190
362
455
497
443
25
224
3
271
434
155
397
393
84
422
148
305
94
221
326
326
91
125
152
315
105
400
496
3
272
231
381
492
404
279
247
156
248
76
436
143
137
358
443
444
242
248
354
281
488
241
187
28
403
25
479
409
371
471
242
72
23
292
114
173
460
440
323
52
329
290
189
382
194
82
35
460
145
113
11
257
1
142
127
56
326
362
384
258
240
106
281
341
96
433
317
422
464
50
412
432
137
77
373
103
4
339
271
269
73
446
82
171
17
181
411
92
70
122
77
350
365
446
407
24
296
7
264
79
330
75
456
257
96
476
194
317
123
15
415
203
432
237
177
339
382
299
290
391
127
164
308
466
132
116
463
287
205
61
85
156
446
346
119
78
215
328
353
436
317
80
285
37
31
240
333
158
256
459
419
410
18
396
484
169
69
499
372
155
440
10
152
13
229
363
473
24
239
79
346
497
343
135
473
323
479
58
307
35
146
11
259
462
459
78
35
173
388
342
386
105
139
274
343
67
252
140
359
444
498
279
299
426
83
140
115
450
452
383
285
493
365
370
92
464
183
270
250
332
16
117
486
11
462
173
193
334
51
95
160
177
237
405
56
286
178
281
419
489
76
54
277
449
52
326
258
142
279
261
395
57
352
283
499
221
272
357
72
217
158
433
382
46
430
140
262
381
427
480
365
416
9
57
427
68
171
202
120
379
328
157
405
143
415
356
364
170
438
194
91
127
111
255
225
283
238
445
164
456
44
46
197
113
329
360
228
222
277
12
447
59
30
24
4
422
245
319
227
265
402
315
175
77
29
437
342
407
454
106
155
168
212
244
57
448
332
255
113
263
107
232
474
296
469
147
169
141
61
394
47
102
186
193
76
290
95
292
112
364
18
313
80
316
411
