405
432
159
120
409
488
326
442
300
318
440
408
421
73
113
390
83
277
491
209
250
261
172
268
140
331
129
95
71
345
248
384
298
475
403
453
209
324
230
281
483
156
450
112
8
255
34
82
321
119
479
70
257
328
365
485
446
289
128
485
42
433
80
43
292
447
463
491
457
2
296
494
208
421
435
33
464
429
370
85
497
497
26
8
5
171
466
374
365
220
38
130
242
243
351
363
62
182
422
65
316
459
333
238
105
329
211
162
429
356
322
265
126
72
238
499
425
478
188
480
24
149
230
329
352
417
474
149
98
272
206
57
3
123
367
169
445
136
37
183
5
326
321
493
141
337
15
414
444
484
286
178
74
228
198
267
200
83
452
145
179
345
61
446
493
323
282
488
485
305
112
269
104
167
85
393
347
431
443
311
177
182
13
48
257
169
50
497
346
196
147
498
174
445
214
154
164
48
280
304
457
315
71
384
332
337
296
435
269
304
287
34
24
110
197
47
288
79
449
216
41
313
93
248
403
495
455
210
24
190
289
458
273
32
29
62
268
31
244
327
329
16
271
432
157
256
161
39
402
59
406
486
306
51
477
38
118
80
24
319
68
225
251
107
269
499
113
350
57
438
344
249
396
371
442
16
350
213
464
337
308
427
52
375
409
485
418
422
313
458
379
391
278
13
316
325
120
457
118
317
325
355
126
331
271
103
231
407
316
334
119
162
419
125
12
437
208
181
215
358
64
334
363
369
391
49
140
290
409
407
281
255
487
484
190
217
76
196
387
274
125
353
151
390
29
102
403
268
267
353
136
455
494
106
419
398
81
475
283
380
48
204
330
291
110
136
40
271
277
296
229
417
355
461
450
459
73
392
138
337
219
456
38
49
95
76
252
489
458
412
100
349
228
152
10
296
241
60
493
199
405
339
228
325
389
123
480
165
455
7
212
194
413
31
342
244
292
1
476
428
135
208
150
329
280
126
286
74
163
155
128
389
156
38
5
482
296
65
199
362
115
437
33
413
325
494
322
341
48
28
119
117
44
347
239
295
103
343
413
36
243
184
254
369
136
318
301
182
285
357
125
430
262
218
17
472
475
268
281
284
485
246
364
341
131
22
201
428
356
355
375
458
178
144
158
485
265
47
405
316
493
273
367
273
184
474
439
53
329
130
175
156
487
425
313
358
137
82
221
23
230
280
471
139
169
311
57
412
112
328
368
396
81
149
240
23
86
196
401
422
225
346
195
295
62
404
302
77
310
121
500
176
348
448
283
394
50
181
108
241
331
252
125
28
121
330
249
488
478
323
437
366
184
462
244
450
50
465
500
29
397
218
325
197
158
279
125
367
436
260
311
299
93
32
347
434
443
397
318
136
496
431
438
427
228
257
235
386
141
308
382
469
91
110
11
357
468
160
361
317
139
322
30
204
76
84
392
283
285
175
132
220
436
123
492
334
436
62
135
311
10
262
148
302
102
197
106
65
165
4
290
366
118
174
57
207
36
432
209
322
124
298
261
174
100
125
366
34
460
422
458
498
174
71
408
368
30
102
401
285
379
334
39
143
43
276
139
494
252
242
47
154
90
295
221
192
146
248
474
133
318
168
257
188
129
328
461
26
379
477
348
308
68
231
281
68
134
272
361
3
309
198
472
345
268
399
337
8
204
77
175
490
466
50
463
235
96
37
274
342
19
387
211
140
137
131
352
219
85
355
238
292
210
400
140
329
70
173
184
2
58
67
413
307
224
392
405
332
214
17
423
9
195
252
192
112
1
422
355
224
424
47
160
390
184
39
194
443
250
359
401
299
201
387
1
293
314
250
374
317
182
433
32
328
339
487
105
318
385
82
398
314
14
195
451
353
484
28
76
75
233
149
127
355
493
117
42
124
145
228
106
485
293
365
71
411
331
279
364
60
155
117
213
98
247
157
107
209
482
355
277
431
137
477
295
33
368
417
434
87
77
428
324
447
251
283
341
472
38
215
114
420
212
292
171
96
138
44
107
291
465
326
46
355
1
272
439
31
207
216
380
387
425
47
318
130
108
188
323
353
399
229
197
8
377
88
254
287
392
285
110
446
19
50
482
403
194
381
182
34
178
352
4
468
88
391
421
195
13
23
427
434
347
123
410
488
28
375
191
379
243
271
7
459
157
400
373
124
246
12
85
191
233
34
449
275
191
423
300
241
119
79
20
367
361
283
380
55
269
138
329
148
247
215
334
89
443
409
317
353
475
365
436
195
189
304
63
258
2
419
142
169
271
175
283
238
134
33
419
74
