471
293
140
178
77
223
79
82
6
89
361
80
491
116
148
495
144
182
492
269
41
466
243
193
228
417
340
201
478
377
226
384
29
32
37
175
308
132
185
28
37
243
145
446
391
19
243
475
162
125
213
416
319
321
16
331
83
155
24
100
437
440
73
307
53
86
476
306
252
50
238
369
489
329
227
395
10
362
441
349
185
167
441
299
73
163
426
43
452
310
416
357
24
420
477
163
165
20
351
425
251
19
462
210
436
122
49
331
151
83
45
102
203
60
21
411
223
390
324
153
37
45
249
282
423
374
319
184
150
334
322
316
263
282
115
279
203
416
168
130
94
194
98
123
285
193
339
156
4
274
298
60
37
150
126
324
471
416
251
34
5
117
278
26
283
122
174
5
22
289
454
39
338
226
334
323
290
18
205
28
125
340
426
276
365
450
483
305
285
441
477
60
11
158
419
458
429
202
318
392
200
166
159
142
243
288
383
394
435
482
64
234
149
16
340
11
128
421
323
129
233
145
405
76
240
307
337
271
438
327
355
286
392
258
307
241
244
316
4
465
346
58
497
372
39
385
24
322
407
6
480
179
263
227
405
216
328
155
151
219
441
74
307
442
277
398
213
282
314
425
214
331
473
347
232
56
439
187
59
249
431
222
332
492
134
395
120
356
210
170
45
91
273
128
423
447
11
489
296
320
39
488
246
81
130
145
47
462
219
448
470
83
27
134
318
453
27
277
326
129
343
97
446
9
455
33
46
91
108
300
226
240
236
67
55
447
252
493
187
29
405
291
331
149
278
82
95
177
144
128
412
68
17
283
490
360
230
267
353
356
450
72
393
377
345
164
53
304
6
111
222
22
137
376
289
71
127
47
23
167
100
29
273
351
86
16
346
254
377
457
388
303
457
262
328
173
219
345
239
80
195
295
193
490
143
241
241
183
428
417
235
323
446
184
494
420
364
166
433
398
151
74
442
13
187
467
257
443
414
24
259
253
89
218
207
171
471
213
239
12
280
186
171
473
197
83
109
398
409
283
489
83
91
268
128
251
130
456
24
69
116
381
223
15
483
129
303
123
157
209
482
343
376
157
366
267
356
58
423
228
290
464
123
178
122
500
59
49
125
174
335
129
162
241
336
491
364
250
4
345
27
446
203
432
119
190
197
374
87
405
149
101
472
267
496
245
108
138
148
99
222
485
270
388
254
434
96
136
294
177
367
284
299
175
345
26
111
146
157
3
391
483
362
87
41
333
113
318
227
96
415
204
450
129
210
193
22
394
185
156
283
176
227
132
116
493
476
458
369
478
476
222
497
236
452
24
416
279
359
254
466
187
278
162
153
91
478
183
1
397
400
213
45
157
259
435
213
347
168
107
173
296
456
10
25
234
99
402
202
90
264
472
27
458
312
497
271
281
312
25
297
453
268
47
179
241
341
479
117
253
189
56
309
11
249
176
437
183
470
454
102
24
152
378
67
59
325
170
428
240
394
54
300
445
228
301
106
96
451
52
337
377
463
116
234
406
277
200
329
113
456
246
46
175
373
59
16
246
425
39
58
391
364
206
343
419
176
367
105
70
421
90
252
105
172
107
20
127
427
60
259
154
140
104
201
124
185
185
28
194
98
76
39
492
421
62
463
354
418
260
213
158
128
40
344
356
349
446
110
117
46
90
401
335
435
156
46
188
338
33
475
73
123
490
153
487
307
224
200
219
412
176
421
273
139
445
470
50
312
190
440
2
49
229
160
16
87
37
41
181
237
480
127
253
396
240
399
189
71
421
204
58
453
228
27
367
44
376
191
188
349
139
6
330
192
329
322
175
102
292
175
122
267
329
274
132
46
435
300
451
63
7
212
445
392
203
99
63
417
409
129
414
31
304
320
7
162
320
391
129
208
432
23
85
348
220
360
99
24
149
305
203
266
471
385
460
63
378
147
419
88
400
125
140
159
357
108
199
213
462
186
137
104
361
442
401
465
384
296
50
350
106
493
42
75
478
387
300
414
310
269
318
132
146
116
469
65
142
239
397
1
304
448
83
364
138
116
85
421
17
414
50
229
341
347
477
267
51
44
452
471
127
273
83
431
343
17
95
232
250
242
5
198
60
492
124
496
367
289
26
239
14
223
452
435
88
496
130
361
79
432
364
305
249
228
320
391
359
226
124
393
443
465
136
268
280
45
258
402
27
446
31
287
343
180
55
269
275
82
398
306
485
222
1
182
87
219
323
2
476
282
27
17
305
106
197
106
61
336
296
455
138
336
379
282
3
65
457
379
470
