223
159
441
252
238
294
93
8
293
140
55
159
5
400
453
348
261
24
295
91
33
167
455
70
196
68
162
396
284
432
471
29
117
44
14
177
42
291
184
417
193
105
500
290
476
351
123
268
340
443
398
413
247
202
177
492
239
495
6
165
164
416
39
226
430
297
289
241
249
426
376
96
73
355
301
33
290
389
275
115
325
99
214
9
475
169
76
446
394
124
396
233
306
221
203
360
168
464
123
79
353
493
26
102
287
204
132
486
262
380
311
479
143
295
382
473
482
324
346
392
246
437
78
232
102
359
454
72
258
439
371
270
11
246
225
438
292
230
380
397
68
339
13
34
450
340
255
25
474
84
407
383
298
379
192
9
315
474
238
30
399
460
159
343
311
371
135
446
79
262
382
330
166
415
122
267
254
113
234
172
164
151
387
247
364
377
277
398
92
294
419
80
425
483
62
329
390
100
442
3
148
145
427
370
183
347
14
14
356
336
401
250
69
327
188
177
220
376
223
410
195
43
414
418
466
153
420
30
415
396
128
193
319
67
137
49
212
79
170
31
485
261
192
236
88
8
348
57
478
46
258
417
223
31
282
224
104
279
401
80
29
375
3
300
435
67
399
435
361
96
206
312
70
50
29
345
227
298
399
443
307
488
33
271
275
423
341
223
132
169
451
164
337
406
293
208
218
460
393
193
69
49
311
423
496
189
410
494
185
436
102
66
486
481
177
179
459
225
180
112
339
201
429
285
85
100
257
310
316
230
37
147
461
480
376
481
291
51
67
308
367
3
87
13
349
76
258
313
232
133
122
431
281
185
27
418
237
484
76
376
136
406
51
83
91
300
179
255
155
83
307
180
268
281
131
457
277
361
158
319
206
188
149
446
64
211
312
172
369
245
333
101
123
295
258
118
23
285
395
84
398
403
384
433
215
329
107
336
314
404
202
342
194
20
241
417
69
345
214
374
150
464
408
396
457
381
140
59
70
112
56
177
409
199
233
437
40
197
494
72
366
272
324
64
396
45
307
336
482
414
439
328
349
242
19
459
108
32
258
349
187
369
427
270
75
62
227
104
33
451
496
284
459
90
97
380
437
218
101
137
252
134
284
397
491
443
179
282
150
391
261
240
248
388
65
321
180
17
178
83
251
175
80
129
213
227
482
244
12
450
107
329
400
106
342
437
14
494
326
103
95
238
248
483
135
477
107
360
317
267
40
284
453
11
73
420
6
123
246
382
159
129
355
173
120
259
233
284
41
249
148
197
98
373
40
117
335
126
279
452
487
142
440
315
365
236
49
324
53
399
182
127
433
364
184
19
177
96
392
160
128
407
320
476
116
380
454
156
387
32
39
336
420
179
21
144
110
226
197
121
4
472
367
146
229
159
159
488
5
292
49
229
300
208
356
411
64
184
287
470
279
127
462
274
363
495
316
208
221
53
191
263
320
24
457
255
224
12
174
144
141
380
287
458
181
371
225
181
327
410
244
491
212
43
23
339
119
321
294
184
122
18
345
10
342
276
96
472
287
445
135
356
301
173
264
390
467
146
261
58
466
231
103
8
423
216
128
106
392
382
172
284
88
59
380
472
3
58
305
127
261
399
58
214
372
146
219
499
374
134
260
70
338
126
296
155
223
209
48
372
244
397
335
76
374
427
305
260
140
54
113
473
27
213
499
424
426
108
401
64
50
276
67
445
403
349
296
320
271
264
328
461
115
457
490
74
479
9
448
8
468
242
402
400
244
461
310
282
367
441
477
46
253
129
355
213
201
28
224
344
449
447
494
430
376
17
206
61
306
317
419
84
237
429
350
233
353
390
465
162
129
89
149
58
317
196
194
22
31
8
353
498
103
26
61
354
87
260
296
384
84
426
205
290
298
290
282
378
402
378
207
173
240
48
4
259
143
124
194
287
357
191
273
240
252
313
146
145
213
485
373
353
406
71
55
498
251
244
444
24
294
71
293
31
361
171
224
463
270
134
253
346
253
171
172
248
480
88
35
383
489
127
64
57
31
68
255
187
28
174
100
93
170
198
203
188
19
193
115
45
385
480
462
205
238
452
317
363
400
215
234
167
18
24
142
302
180
403
442
405
316
225
423
417
497
343
71
8
108
253
485
103
363
497
155
302
462
439
250
264
467
356
259
437
391
70
370
491
64
317
191
414
342
293
269
5
314
493
4
335
224
433
193
187
334
123
478
473
48
31
225
335
423
197
428
472
44
273
187
384
379
166
193
61
449
83
40
245
284
77
334
190
106
112
166
472
183
137
46
264
