496
252
434
346
148
76
261
355
430
201
491
111
184
218
289
181
88
499
219
2
482
62
165
304
67
481
121
370
372
165
443
412
129
489
256
286
336
143
285
39
142
413
394
179
103
99
66
60
22
394
61
51
52
154
450
410
87
84
226
225
487
287
27
426
426
284
303
183
21
59
208
372
197
229
19
277
276
228
186
245
82
112
229
500
102
66
407
145
140
70
245
161
381
261
142
74
245
130
60
488
104
394
279
435
241
31
452
439
89
363
219
10
274
32
95
485
15
354
363
141
424
353
240
197
500
282
269
414
221
418
404
332
63
412
147
365
24
196
317
197
164
378
32
491
45
467
12
391
28
312
193
471
103
430
137
375
332
19
127
425
14
45
229
425
37
211
153
308
316
172
113
284
351
310
334
303
351
220
301
114
360
228
232
95
228
337
355
207
400
38
130
341
96
120
392
427
150
113
242
414
144
37
58
444
415
413
452
52
361
21
322
108
489
284
430
352
11
379
282
346
291
33
453
153
361
72
344
415
398
18
447
23
298
485
457
182
352
59
314
311
500
493
279
248
271
199
472
363
9
449
256
204
293
422
500
132
391
447
464
176
414
330
10
421
319
43
295
120
363
272
344
74
400
284
492
338
363
370
450
423
142
318
53
8
458
433
395
143
431
410
32
33
256
337
68
419
229
437
34
473
66
270
331
335
468
443
460
410
94
167
82
449
341
492
186
159
28
190
61
182
114
336
251
117
432
263
468
47
1
352
17
193
475
198
146
160
400
247
178
141
160
286
430
375
381
245
264
285
359
217
4
320
159
365
138
258
92
101
12
185
248
18
279
499
307
490
171
405
55
270
51
251
157
206
251
174
35
70
497
59
30
346
162
4
421
420
363
220
67
487
317
432
250
397
465
172
380
119
91
226
467
317
47
236
436
123
497
102
13
396
301
218
306
24
338
291
265
155
79
96
31
339
464
373
267
478
173
43
348
137
307
451
34
67
386
323
32
370
349
333
272
326
442
175
16
205
381
72
309
463
326
149
83
402
390
413
239
487
324
339
356
186
137
26
41
361
27
190
103
353
126
369
119
492
31
428
342
459
176
425
297
482
131
467
477
287
143
101
111
132
60
456
239
469
453
319
257
231
134
466
447
333
299
494
209
283
435
330
245
378
222
284
38
378
374
52
125
57
491
274
16
277
367
57
294
152
143
307
164
285
464
384
19
23
51
471
154
25
91
121
233
461
59
248
97
163
382
247
86
236
269
328
427
143
22
412
334
319
380
421
288
110
99
102
455
237
457
313
116
477
23
42
463
438
362
302
11
381
432
208
421
226
108
136
441
170
286
478
452
114
342
430
179
228
189
249
227
251
12
46
85
285
426
5
458
158
224
240
248
282
423
289
443
68
21
390
313
178
147
76
6
20
302
197
387
204
319
112
23
422
208
69
22
427
268
192
299
218
63
253
267
226
251
27
404
80
307
169
430
465
265
259
412
181
305
410
81
338
102
202
68
178
497
196
294
125
426
251
111
5
232
246
167
97
403
435
379
38
274
228
255
311
112
141
422
331
360
238
27
8
474
304
205
163
256
143
361
305
328
161
56
178
253
62
460
213
273
266
101
357
392
6
466
260
367
401
160
250
498
48
60
390
471
319
222
152
322
142
353
254
266
291
91
463
412
28
388
484
477
443
36
70
290
319
486
207
216
380
87
439
383
261
289
21
39
435
325
181
481
167
366
112
97
392
128
489
102
24
140
291
162
102
344
302
345
391
72
403
370
402
330
216
232
302
41
160
223
461
357
57
28
19
104
336
99
209
12
175
44
478
188
366
461
292
180
329
324
436
321
488
401
285
356
457
466
495
27
290
202
71
20
467
209
364
178
215
178
193
98
146
362
451
338
28
54
207
252
156
467
74
478
165
473
5
318
39
174
246
461
322
309
475
498
461
122
488
268
409
79
282
256
342
339
163
449
304
378
456
449
394
146
41
155
70
461
148
228
307
251
196
31
200
327
333
66
231
323
117
166
415
314
255
447
136
125
137
374
497
89
182
99
126
165
333
418
238
42
421
307
26
252
63
481
338
192
243
421
115
383
96
381
431
441
363
464
158
145
80
130
43
22
75
432
253
416
316
445
477
294
5
287
102
28
378
269
347
468
320
266
274
139
127
320
431
321
263
103
334
459
252
454
49
32
455
336
5
352
101
122
192
221
245
332
499
371
53
415
148
178
349
48
425
224
355
354
272
157
96
47
15
467
179
169
162
391
393
414
317
19
413
