377
75
329
331
116
160
145
15
407
268
57
376
276
283
23
415
65
153
343
310
336
394
410
286
144
167
35
238
496
141
166
193
235
266
418
108
313
21
23
428
104
457
263
139
285
239
290
222
166
18
212
297
206
258
407
17
333
487
433
478
225
181
77
248
498
153
100
223
396
61
309
290
109
204
420
427
138
127
324
449
279
288
228
378
33
70
466
196
105
386
14
293
377
46
31
228
62
156
434
305
407
385
447
177
229
232
396
261
26
127
490
283
362
404
84
298
324
345
300
161
415
203
224
294
66
200
241
280
109
475
120
41
477
472
493
126
350
149
296
124
299
373
328
252
391
369
61
127
264
350
313
138
438
260
184
372
419
436
262
310
492
136
232
231
386
371
305
145
69
369
407
96
444
320
284
263
227
249
267
131
441
487
286
378
385
179
114
260
438
371
197
228
372
109
62
177
282
132
207
222
252
299
192
172
46
31
348
68
281
203
410
396
215
80
451
229
358
81
75
207
248
222
136
273
186
77
13
326
472
492
186
498
197
117
187
435
224
379
475
241
496
493
85
430
317
267
18
19
58
378
376
220
307
459
109
353
433
34
422
373
460
315
440
53
7
432
378
244
117
141
427
101
264
62
48
405
452
166
201
62
113
207
265
440
22
282
237
169
169
31
217
299
355
89
315
402
76
41
408
35
87
437
136
424
84
77
315
343
463
407
56
396
305
398
333
43
163
204
367
210
402
340
410
145
272
304
467
121
453
424
161
21
74
296
260
11
262
177
434
91
17
327
77
283
408
393
291
227
443
407
160
341
273
187
60
426
229
491
72
132
427
261
320
51
425
397
244
386
342
306
60
85
481
416
177
400
214
108
461
168
500
200
186
458
203
444
132
20
202
425
354
461
166
100
327
371
344
284
491
314
315
470
67
216
416
155
68
365
195
119
305
489
194
321
301
491
111
53
259
303
496
285
106
215
144
360
483
198
289
440
462
429
35
243
201
308
462
440
21
330
493
224
457
362
434
452
443
302
83
245
287
103
8
329
289
56
476
349
242
52
451
256
67
499
332
329
154
228
311
198
384
467
178
341
142
150
261
213
293
132
463
157
402
316
484
114
68
115
189
44
472
470
255
275
490
175
79
167
357
405
30
285
439
68
489
468
392
80
41
188
64
397
163
343
410
36
307
196
190
318
470
175
487
407
94
301
302
44
128
489
69
151
107
252
413
151
363
195
479
489
36
54
45
403
499
155
57
217
213
83
485
431
375
242
67
208
92
293
267
464
353
160
153
137
400
419
293
133
34
111
43
155
229
248
81
112
50
186
399
267
102
297
330
431
8
109
142
427
235
59
338
60
210
305
318
337
389
406
394
196
449
298
115
234
109
339
464
178
191
490
426
412
400
455
160
413
4
173
296
56
335
385
222
390
450
241
355
367
413
155
140
412
298
89
59
331
259
414
180
354
405
26
65
109
473
303
399
400
294
383
26
215
255
42
485
98
481
475
488
139
430
448
244
33
160
318
250
223
210
342
40
347
312
298
69
218
453
321
491
240
205
353
110
45
90
133
404
222
145
462
401
479
117
255
285
283
182
216
84
95
24
286
101
484
217
384
1
356
80
273
367
247
297
406
480
303
116
156
430
437
335
303
361
46
477
479
463
374
439
324
440
257
26
407
4
31
224
368
269
23
452
55
344
297
378
416
363
253
165
471
118
196
461
108
1
50
459
363
178
207
252
363
308
96
70
490
464
459
398
177
413
53
247
421
178
365
160
124
258
56
347
8
55
15
82
142
375
458
472
56
177
21
39
14
303
455
370
12
334
495
95
282
278
138
218
478
402
484
338
167
211
254
91
330
495
421
242
306
224
82
302
443
413
109
329
79
470
62
5
429
341
125
439
270
413
398
372
92
301
52
363
135
311
59
216
228
36
99
45
402
61
56
113
485
125
198
89
409
398
177
76
370
48
378
191
13
195
461
80
232
30
69
17
471
42
152
439
175
363
286
354
383
390
303
43
275
138
481
212
227
19
449
424
475
246
345
349
344
175
37
400
442
95
265
20
158
98
488
107
374
323
289
88
298
451
262
243
187
300
57
309
56
301
82
336
110
314
192
176
219
140
90
418
497
178
436
18
83
154
5
412
474
377
278
65
301
415
28
149
284
271
268
94
275
82
253
219
76
109
229
189
102
236
20
435
280
312
315
384
332
330
486
239
293
167
38
458
39
420
158
245
294
303
150
311
244
301
428
249
89
218
161
326
201
246
3
486
216
371
74
