282
244
271
6
105
45
451
316
160
191
367
177
346
79
199
176
13
2
498
201
60
274
129
429
288
137
428
191
232
51
346
26
407
81
390
316
4
406
170
128
285
328
281
251
104
35
480
208
307
8
426
222
137
17
189
236
265
60
286
74
22
396
478
323
367
480
492
121
352
84
427
270
134
218
397
137
21
38
200
489
400
101
306
201
90
121
435
325
294
38
175
88
61
312
154
262
298
97
177
450
233
63
208
310
497
4
199
83
188
423
151
209
203
393
34
302
227
197
118
249
135
179
480
378
316
59
229
416
160
474
226
366
241
112
241
309
474
201
35
374
91
233
432
381
248
410
333
469
199
32
454
317
314
210
33
450
118
49
208
243
151
190
253
91
194
392
363
475
397
406
355
372
58
121
370
279
476
184
288
426
356
95
362
137
439
146
89
40
380
96
295
474
195
194
483
425
369
314
320
285
126
234
147
319
447
294
397
179
44
131
77
488
379
372
468
80
15
489
306
22
121
459
183
210
205
450
261
440
210
403
492
100
118
198
365
449
219
213
396
11
282
65
425
171
57
193
24
264
422
1
387
50
134
328
62
415
338
442
461
486
160
145
268
408
173
420
271
14
209
359
108
379
239
289
405
432
292
380
380
423
365
258
497
134
376
237
227
34
371
57
476
439
246
141
261
482
403
445
197
320
270
382
405
5
134
76
436
116
66
383
462
69
195
161
484
205
275
128
447
298
492
199
466
368
76
164
326
99
223
376
344
407
325
188
384
126
429
192
412
272
7
406
32
327
477
154
171
377
431
24
363
389
40
266
398
35
479
337
128
247
307
240
422
213
234
373
174
39
10
158
205
186
276
188
280
278
401
46
380
446
500
250
267
406
116
436
347
214
295
494
424
376
368
285
65
347
365
14
7
358
364
326
370
91
124
251
385
478
98
18
351
323
367
437
404
236
414
17
329
304
207
96
298
20
102
462
229
105
255
142
214
447
430
29
165
317
134
286
30
308
406
294
142
179
258
391
347
339
349
320
423
128
178
361
19
355
74
124
381
51
112
351
268
377
399
17
309
155
285
406
243
225
360
437
355
244
29
272
184
477
105
265
421
159
325
406
297
450
169
119
142
32
330
93
167
174
154
255
414
499
407
86
470
438
329
63
457
173
150
322
473
478
264
116
315
69
344
62
69
5
104
299
303
256
126
143
353
284
48
497
400
340
296
66
196
83
424
46
494
103
192
44
76
456
410
492
356
31
7
291
282
334
461
477
449
476
374
65
247
150
471
154
398
438
376
244
111
105
82
317
224
433
297
346
226
354
448
354
35
43
466
208
37
218
93
384
196
340
477
23
142
184
412
329
452
467
58
187
53
379
32
499
26
430
7
380
246
447
160
364
218
371
349
86
381
99
63
197
161
11
463
403
346
335
23
182
444
83
70
193
153
170
497
2
212
218
43
336
205
263
465
499
354
365
11
97
168
152
12
177
231
317
263
332
363
432
243
269
196
108
89
35
91
141
248
305
186
427
47
200
444
443
128
467
392
143
233
300
178
146
435
1
273
221
374
405
97
5
91
299
436
6
138
359
343
38
102
484
247
457
65
396
118
20
431
440
288
71
369
142
78
257
427
154
458
269
247
457
307
329
467
347
224
227
188
431
393
378
333
210
468
77
230
271
194
73
254
27
424
152
478
497
280
335
227
494
26
467
202
154
327
139
314
397
365
496
368
218
422
284
402
453
477
317
314
391
341
210
415
259
258
24
498
232
318
151
89
186
87
378
214
197
381
198
487
122
429
453
1
17
294
318
26
401
420
94
219
227
65
249
18
196
358
182
440
288
351
184
430
259
278
154
41
101
274
197
299
264
213
350
81
288
396
60
445
142
201
183
355
292
210
262
361
287
124
151
179
157
144
489
157
170
130
18
348
20
169
285
468
239
492
1
334
238
304
481
423
1
220
417
81
45
140
249
18
169
413
147
95
441
119
37
320
445
157
61
44
138
453
116
400
414
260
490
148
125
235
75
341
396
398
316
444
197
333
184
47
275
303
339
416
428
234
189
412
126
277
253
297
401
344
460
207
481
237
192
460
69
15
188
261
131
153
253
415
182
240
125
406
364
28
226
411
99
205
417
126
76
41
86
175
44
86
343
260
110
428
180
481
136
377
382
163
261
115
197
479
222
451
8
148
58
30
178
173
52
280
489
5
51
120
145
168
338
294
193
231
168
109
73
487
13
229
498
454
37
95
470
447
182
52
380
334
457
203
473
481
440
294
18
