84
164
486
100
354
463
204
327
167
113
15
174
281
366
295
292
138
370
57
280
316
310
171
325
463
264
142
58
292
447
363
82
224
191
389
347
33
422
221
89
201
166
125
80
2
323
424
221
365
42
272
389
427
221
266
151
151
391
261
420
5
26
450
155
48
123
7
477
67
185
133
368
28
33
178
232
331
402
483
111
105
108
353
62
94
105
238
176
359
284
217
243
455
394
426
53
248
382
323
205
37
379
395
220
197
491
374
248
146
101
385
172
102
363
296
103
419
166
220
89
20
376
484
283
413
378
400
202
63
155
59
465
440
254
313
83
120
172
414
472
238
142
385
439
100
216
294
238
99
37
368
341
475
222
243
20
230
356
496
423
250
1
446
466
449
317
53
76
131
19
450
23
20
88
239
484
302
218
186
420
17
290
469
214
24
442
194
177
21
95
404
492
298
210
225
312
195
141
152
100
95
160
372
241
231
497
187
460
367
109
350
308
202
404
500
42
204
261
180
261
145
202
390
9
335
385
72
433
448
439
401
367
220
276
19
386
179
240
439
402
310
52
314
320
317
96
442
24
190
194
302
218
429
318
416
482
48
444
32
138
176
466
462
447
63
290
131
498
212
320
148
392
481
453
71
66
342
325
369
270
183
196
443
273
122
463
72
200
126
119
146
191
120
165
144
176
373
150
48
453
415
39
288
40
141
28
324
312
61
148
252
48
399
500
350
19
91
448
286
270
478
131
296
125
213
211
413
82
263
134
449
474
356
179
402
176
432
173
310
114
445
191
334
394
188
163
159
23
484
71
344
444
95
452
123
499
196
259
2
288
135
447
287
353
290
397
250
400
48
77
206
487
208
4
235
312
176
499
182
55
164
166
464
93
484
237
97
88
95
77
263
196
363
280
205
498
395
321
493
203
136
67
43
248
209
201
287
20
160
447
278
124
234
255
462
386
472
97
162
202
298
238
35
305
45
437
338
328
354
214
152
141
253
141
408
133
76
289
475
230
167
346
113
315
182
281
387
12
310
101
459
389
317
239
240
114
55
453
331
210
40
498
435
226
427
443
473
413
433
280
267
286
166
485
86
493
86
1
161
10
315
320
264
373
164
252
230
298
167
11
171
315
461
237
70
184
471
4
263
319
260
355
124
463
496
155
221
76
348
216
175
277
131
405
463
393
351
76
391
102
446
274
33
444
394
70
70
483
138
65
184
144
203
236
305
426
13
35
298
123
479
340
100
220
451
28
16
484
22
225
355
496
179
458
199
372
451
483
147
151
139
171
10
82
303
164
122
332
332
89
210
57
234
255
374
140
415
468
337
120
424
28
148
256
262
336
408
79
199
169
290
63
150
350
142
250
17
82
276
296
156
241
9
324
431
317
150
169
406
291
291
185
435
423
7
31
125
63
271
448
274
139
310
127
377
302
336
426
36
370
76
116
258
415
3
51
60
188
396
103
232
492
373
112
112
252
419
421
290
407
41
444
1
174
267
350
192
500
108
383
493
339
465
335
383
374
45
6
211
160
20
51
462
98
389
22
242
395
491
397
42
48
307
389
108
143
274
374
117
374
215
358
500
415
218
287
134
317
368
475
1
304
477
404
104
467
424
79
499
201
425
294
2
28
198
269
382
105
35
353
35
343
466
241
162
232
189
165
20
255
294
382
452
134
181
431
365
184
244
390
460
241
172
367
94
424
321
432
100
330
164
185
307
226
17
311
16
124
214
320
239
98
122
396
317
294
281
484
455
376
62
441
422
411
36
241
42
96
461
476
364
332
5
434
341
20
177
151
96
114
51
334
128
484
349
171
138
362
99
20
277
275
229
426
332
266
106
266
497
196
239
382
474
115
394
424
272
228
132
448
359
362
474
231
135
93
402
222
486
86
38
262
191
299
322
116
111
480
23
77
374
440
139
383
121
459
125
304
122
93
384
206
402
106
378
78
159
159
355
104
168
351
93
270
443
391
285
300
80
77
311
411
228
28
165
20
487
312
255
239
426
103
70
24
104
260
66
458
253
85
140
454
331
450
81
380
284
467
118
337
101
427
40
261
156
325
255
401
124
472
249
190
448
242
433
273
54
495
19
216
203
158
273
309
377
243
452
459
94
26
240
346
120
498
335
156
360
275
107
157
92
201
478
485
454
74
367
210
411
10
91
145
143
469
268
256
438
288
146
249
58
83
300
446
260
50
196
336
345
443
259
287
400
324
421
113
58
59
481
74
323
399
24
256
187
250
135
388
475
269
46
451
196
262
28
155
65
103
412
132
