488
19
164
50
75
132
320
167
91
382
486
358
265
178
223
198
15
251
452
109
222
470
239
375
155
407
472
247
115
377
412
74
362
178
216
457
318
437
23
315
276
132
121
202
63
219
388
201
267
65
449
109
306
232
131
372
244
58
16
150
298
79
333
51
493
489
375
113
297
392
365
470
285
465
450
455
411
465
328
261
46
468
296
172
219
328
208
411
291
469
321
324
47
249
390
68
430
435
195
137
276
486
176
275
331
479
155
206
340
346
319
5
411
414
397
63
222
78
477
180
122
132
430
469
190
208
90
497
363
176
72
493
94
333
143
432
294
147
99
446
146
497
328
365
271
131
471
473
290
407
422
94
305
84
377
436
144
417
19
237
472
135
481
66
99
420
315
362
173
303
474
355
261
234
395
2
262
30
246
5
482
276
117
124
298
307
8
112
77
261
254
141
430
102
92
485
232
197
361
150
387
144
253
418
461
297
17
270
90
121
273
383
398
191
347
462
93
331
466
488
278
87
224
211
2
38
40
262
325
373
131
198
107
380
318
239
194
144
218
485
168
168
308
226
274
489
203
391
106
22
418
369
26
267
105
74
324
158
139
407
107
301
210
17
266
267
50
481
163
195
96
206
217
280
28
176
15
153
13
77
391
243
81
95
241
113
443
82
415
204
41
91
427
408
152
390
430
249
382
128
34
185
471
61
290
235
198
447
420
190
101
75
362
132
66
90
219
220
94
215
8
383
338
131
131
33
474
123
130
34
152
363
216
61
380
214
37
38
229
105
216
389
365
396
435
370
482
363
199
159
132
99
500
213
247
417
462
177
330
421
33
46
122
340
97
318
475
388
277
112
198
212
402
15
65
38
297
65
15
237
73
334
435
214
416
63
56
142
198
272
463
249
364
3
340
214
362
197
52
53
280
199
439
153
115
370
360
381
294
278
490
264
125
338
452
420
195
152
77
334
317
169
274
178
336
100
357
321
300
482
227
451
21
209
317
429
128
416
17
381
132
471
307
127
281
170
378
245
156
158
487
265
231
139
244
107
478
261
97
311
467
71
47
330
63
347
231
408
253
212
493
477
5
410
253
73
447
4
72
467
160
241
291
363
58
373
41
395
222
326
373
35
23
20
124
78
252
97
93
329
136
33
93
157
288
180
5
124
330
50
265
474
239
298
383
187
344
279
53
71
345
476
445
118
244
486
481
15
91
324
263
411
207
208
475
71
453
277
393
36
101
259
332
114
409
134
365
340
137
390
208
460
464
10
102
17
500
369
17
117
162
383
287
327
351
447
183
190
140
401
320
322
242
140
47
63
19
170
472
231
242
471
87
389
23
69
205
311
23
481
29
261
213
462
32
459
242
99
417
458
291
131
334
370
368
453
32
22
337
338
440
298
195
119
309
329
54
439
477
16
204
111
463
74
236
157
191
154
143
176
297
96
489
429
153
88
305
170
322
116
86
283
408
328
140
460
69
285
76
71
484
326
413
112
264
135
176
10
373
428
371
422
92
137
325
372
324
99
396
20
121
96
13
100
468
32
137
293
287
358
475
60
27
194
82
161
86
297
37
280
445
118
153
270
402
327
399
73
425
429
66
41
10
284
141
192
148
206
193
441
27
340
99
349
227
36
49
70
494
400
330
209
73
120
428
25
288
463
319
494
26
12
226
497
266
384
257
325
204
345
362
376
42
351
52
284
8
458
168
184
417
409
94
214
282
217
11
114
50
213
64
388
238
198
452
334
288
171
7
360
330
314
439
30
247
52
135
200
22
96
250
490
303
363
117
29
1
156
323
339
91
440
322
301
381
293
303
187
361
249
379
393
174
250
176
392
162
79
41
32
96
358
16
7
180
132
411
167
317
247
302
60
115
429
13
421
310
81
177
82
350
102
378
80
150
223
99
486
64
443
72
417
284
445
116
136
191
37
212
416
231
425
149
104
189
200
164
468
219
47
494
480
277
254
182
479
26
80
313
240
394
399
325
351
160
416
75
482
291
277
401
320
224
40
452
260
306
172
30
498
18
146
139
64
20
482
244
22
350
90
500
38
256
22
442
308
497
216
72
279
226
488
74
399
461
87
374
203
325
466
240
264
42
303
391
307
366
187
373
299
79
180
275
385
206
106
377
390
374
443
251
368
440
421
129
209
463
496
100
489
468
481
5
435
394
180
313
350
19
251
159
118
135
498
36
278
479
469
492
249
237
430
252
233
425
158
440
408
322
207
338
402
216
219
457
209
179
300
102
355
263
177
140
13
395
337
388
246
348
305
