390
16
373
247
280
469
120
159
146
188
115
422
178
384
48
364
251
109
308
492
481
459
137
111
310
243
149
102
168
330
219
140
97
86
38
66
359
297
329
2
487
270
478
408
313
50
228
489
343
320
354
393
383
174
353
272
324
314
43
328
93
431
129
289
207
275
266
476
241
31
419
207
183
275
297
55
70
159
131
226
29
298
110
199
215
87
94
29
169
139
106
148
263
13
83
324
151
52
241
448
381
256
20
93
170
320
71
227
177
391
497
122
245
243
326
153
271
6
494
467
127
211
322
445
189
51
53
74
238
431
146
142
241
427
192
460
312
44
248
69
91
402
200
291
47
18
345
421
38
435
182
75
475
473
379
142
115
193
476
282
479
239
189
270
174
385
36
430
305
40
266
500
7
177
63
141
376
46
310
422
111
104
297
304
48
288
428
407
475
212
212
320
390
487
257
472
122
376
285
419
228
351
211
93
343
404
77
442
325
442
305
227
376
190
135
79
48
215
246
287
145
137
54
289
477
311
445
414
340
333
452
185
136
206
374
346
216
293
94
174
157
474
208
118
229
289
190
234
28
425
497
384
144
240
174
161
300
269
64
161
285
203
402
419
212
470
284
94
291
488
309
94
71
237
11
102
49
488
82
110
7
336
79
338
143
33
227
438
71
122
169
482
158
306
52
92
226
197
428
323
401
267
33
372
285
244
304
244
235
486
356
458
196
285
416
88
310
428
136
94
121
226
76
483
13
307
112
319
297
319
35
471
428
190
116
219
149
215
428
53
233
310
289
302
421
261
123
385
105
172
307
202
277
249
359
270
26
98
480
213
53
26
399
219
321
403
218
275
295
250
226
226
95
427
328
469
168
463
199
444
215
369
211
483
187
310
168
35
348
53
44
335
402
262
88
357
468
308
184
312
248
177
209
242
415
450
155
331
15
340
120
477
272
402
379
31
202
248
265
238
92
374
23
27
286
34
124
129
463
70
491
323
444
126
260
172
246
442
104
225
226
305
463
75
171
373
96
107
433
287
53
373
131
196
135
477
354
168
6
303
266
281
162
375
65
234
44
438
487
222
276
411
228
437
173
400
264
255
112
199
468
385
340
31
448
420
58
27
292
345
457
279
432
243
176
80
184
355
93
209
213
443
408
323
267
106
370
484
56
174
304
112
310
130
82
347
439
429
289
434
95
464
323
207
255
50
157
87
489
258
26
342
173
267
163
322
324
270
444
192
377
261
84
416
50
311
63
5
147
117
208
59
73
416
118
75
459
162
70
6
457
108
12
237
40
491
487
316
426
490
355
94
240
51
297
154
279
449
91
180
393
91
244
224
424
334
126
160
351
337
16
44
235
342
65
32
423
246
28
290
303
41
204
94
378
195
208
498
104
158
379
386
411
148
151
477
329
57
226
432
145
60
156
115
358
160
349
447
76
302
206
241
5
67
46
267
423
58
485
91
54
300
341
272
247
307
349
445
181
51
373
292
358
275
267
353
318
57
59
342
176
145
39
23
281
332
274
268
69
210
229
232
180
38
274
15
405
308
77
312
179
99
30
393
70
18
320
172
275
131
117
428
436
266
251
137
278
15
497
318
99
362
271
421
439
106
306
142
72
183
131
359
342
471
471
18
438
86
179
112
149
200
283
14
359
455
124
240
454
158
479
424
275
480
118
35
328
161
106
399
392
172
332
346
200
282
443
408
34
154
166
177
374
56
51
357
33
114
371
160
389
292
96
455
421
302
423
239
58
484
371
5
317
287
152
87
279
489
451
249
52
21
380
285
45
210
33
150
400
10
69
277
385
262
93
305
63
423
165
10
484
258
255
448
378
361
346
480
380
493
185
431
184
348
359
435
427
256
386
326
426
338
312
52
19
4
49
261
78
41
389
316
265
406
354
263
113
473
370
269
133
139
16
37
286
138
41
59
10
32
130
441
2
462
3
57
216
57
368
26
46
168
68
307
344
448
332
122
446
492
161
437
389
127
77
55
215
82
196
86
422
401
276
151
384
61
83
148
217
181
240
156
88
470
267
315
166
333
454
245
368
353
40
247
216
137
153
241
436
383
27
127
402
153
227
343
247
326
48
346
241
466
467
62
467
52
254
359
383
272
82
372
187
139
80
376
174
11
146
341
353
208
70
7
246
156
421
308
304
17
461
47
147
483
128
129
39
215
139
68
161
299
367
74
154
135
183
113
203
425
157
420
191
270
176
182
386
330
192
223
232
382
44
145
36
60
471
98
254
101
460
205
65
413
340
485
224
7
425
47
