462
45
412
33
96
477
487
461
219
354
88
417
458
383
213
20
369
141
139
447
453
110
319
243
308
122
176
351
61
27
113
125
461
63
362
391
354
339
114
214
332
337
205
165
215
161
241
303
327
328
25
339
118
477
42
76
434
110
438
222
19
262
178
183
159
102
466
391
94
219
107
450
341
417
87
62
178
311
344
377
207
434
456
178
187
261
314
420
141
182
443
459
2
41
247
408
61
433
101
231
413
29
471
247
331
286
29
15
118
185
218
332
154
70
417
166
230
247
433
233
259
131
136
350
296
20
345
445
67
7
163
139
128
3
442
463
4
496
26
399
189
71
7
154
420
6
45
246
400
117
442
318
191
42
320
115
159
8
297
386
329
414
219
379
349
14
16
69
449
28
314
49
33
155
445
402
315
46
383
386
276
499
447
229
451
342
321
5
175
446
172
113
214
94
257
72
325
183
377
188
109
12
485
188
130
150
427
145
430
312
211
90
497
205
489
156
279
83
20
102
394
405
141
110
181
429
483
492
319
300
217
325
46
151
235
347
458
17
80
182
482
201
275
53
175
458
373
232
490
460
460
22
317
461
275
448
191
306
320
363
20
186
379
429
353
182
309
374
208
290
149
166
195
119
365
128
16
416
260
55
327
166
460
165
30
164
425
99
354
72
317
417
398
417
222
373
143
428
228
133
252
297
413
275
333
436
494
493
212
424
3
199
419
416
499
355
173
300
144
295
38
424
478
3
260
100
25
204
162
4
152
463
316
107
15
303
250
479
154
125
26
177
477
491
92
40
234
40
392
246
323
18
29
258
329
169
488
302
237
399
402
393
385
160
353
348
2
295
212
450
183
421
416
48
423
466
321
450
290
395
250
352
85
394
226
462
450
65
180
146
310
487
302
261
342
121
343
108
404
333
36
272
258
203
69
140
404
149
379
147
450
113
415
228
92
323
238
357
156
19
123
376
279
138
182
263
395
433
310
394
471
463
318
174
330
222
9
13
195
181
342
269
475
318
383
406
473
172
401
467
17
489
22
337
196
213
150
364
135
121
23
292
42
382
379
449
348
387
250
189
497
281
45
144
128
482
74
408
436
382
300
63
24
7
118
118
264
102
393
398
412
6
433
446
127
404
353
83
30
495
177
144
398
68
308
15
441
322
368
193
472
132
444
228
229
292
277
484
399
118
115
175
258
429
69
259
166
56
143
148
220
319
271
66
49
296
172
304
85
29
213
297
29
82
129
230
416
152
264
418
69
417
15
42
184
91
367
232
25
361
486
441
179
285
163
469
283
129
101
399
161
470
7
280
306
390
137
408
193
235
376
335
338
369
113
283
229
406
178
79
232
372
452
6
129
89
130
228
33
441
381
14
260
334
341
450
498
219
98
359
29
139
496
296
211
5
403
371
22
411
335
415
106
43
378
349
260
468
165
496
193
414
20
176
404
161
335
327
176
406
218
57
325
159
53
75
315
194
234
293
332
246
158
135
28
16
451
135
47
128
405
302
215
333
132
77
30
497
394
402
300
446
440
325
108
172
477
335
219
55
79
337
489
203
295
403
332
145
457
308
246
180
233
271
490
96
433
393
94
409
93
431
419
23
45
361
220
407
241
427
469
245
365
264
333
164
438
420
172
82
446
36
6
367
334
173
119
341
408
157
291
272
178
295
482
138
282
330
457
493
321
372
394
469
43
1
479
500
290
394
327
330
76
464
182
443
430
229
119
156
271
422
213
340
41
351
276
112
200
234
131
42
456
482
476
273
285
271
377
96
381
272
3
340
128
285
82
204
118
89
98
418
31
192
261
251
59
146
146
300
185
311
198
435
39
15
381
280
24
474
438
491
114
344
193
178
135
136
211
413
271
423
407
99
352
2
160
407
466
81
249
230
181
138
37
449
468
181
421
317
255
390
403
218
166
26
255
60
490
493
244
472
426
75
196
365
193
126
369
348
216
352
141
173
242
135
140
45
77
347
333
279
269
117
57
354
73
437
63
73
231
69
236
477
462
484
42
182
384
319
481
377
421
110
312
437
367
500
33
343
111
351
395
271
387
335
478
198
324
176
315
216
331
250
143
394
64
307
258
355
416
151
185
6
111
442
247
268
60
30
491
429
215
127
42
348
13
245
223
477
123
314
49
106
393
233
95
52
463
29
164
427
398
437
484
64
208
252
130
348
481
279
389
129
343
494
318
192
479
481
497
66
109
380
484
11
206
454
24
52
144
266
306
281
447
54
150
150
324
15
93
295
330
229
352
471
153
13
81
109
