341
171
442
432
272
215
308
474
101
40
241
465
45
403
147
27
54
53
238
489
410
10
409
68
436
64
157
305
75
22
51
351
229
229
60
431
399
456
454
488
285
306
408
5
372
277
301
337
190
377
424
394
333
14
55
122
354
214
273
380
414
59
62
152
145
109
188
401
416
310
428
363
453
416
398
459
33
46
410
35
67
365
282
443
192
121
303
120
317
58
358
173
227
93
136
60
493
252
104
356
130
96
434
171
79
439
321
123
379
154
138
112
241
295
355
148
315
447
304
335
466
203
150
207
281
208
74
148
496
331
150
51
205
351
396
148
445
336
328
352
468
39
191
438
488
347
295
87
131
187
41
349
8
236
8
426
279
179
171
228
478
485
451
447
483
130
252
274
397
455
499
171
213
113
448
242
211
469
304
191
90
476
385
146
405
365
211
249
457
119
370
366
156
319
489
245
421
31
221
348
383
368
68
45
152
112
330
264
23
267
13
477
95
117
342
8
258
380
256
339
327
446
228
290
84
288
153
478
369
110
283
497
179
446
108
393
416
318
347
5
377
395
383
189
251
281
107
157
409
199
288
71
495
49
60
256
33
162
50
90
371
246
114
66
216
166
53
20
456
364
130
459
357
102
142
118
469
477
487
74
329
334
176
314
350
78
236
77
493
2
12
464
182
170
415
354
383
58
174
324
278
310
241
451
137
236
466
119
135
409
375
179
55
246
392
186
66
496
462
346
334
479
392
212
283
79
109
169
374
236
295
334
30
360
47
157
438
473
279
436
192
373
183
181
103
260
257
383
49
80
351
93
174
5
202
41
107
488
310
361
54
6
46
302
193
474
352
159
12
32
346
193
437
146
236
24
391
383
251
498
421
385
32
132
388
451
429
105
53
237
477
59
100
72
270
229
113
497
491
156
16
442
36
477
240
391
303
240
166
153
353
459
399
281
168
93
192
325
199
30
269
314
278
16
238
462
180
36
268
4
184
438
314
328
443
273
113
125
291
415
139
112
405
314
412
126
93
422
421
417
228
17
26
91
72
358
388
159
447
498
187
65
155
195
138
469
188
386
393
29
123
455
485
257
273
496
102
241
188
32
404
280
8
457
194
353
341
145
280
458
57
422
180
364
2
190
494
347
498
376
137
357
452
437
239
70
274
371
358
368
54
21
194
418
330
240
408
346
5
426
133
296
315
66
15
211
404
375
149
240
265
60
290
426
395
185
302
34
91
200
260
399
24
152
112
63
494
216
71
414
252
213
180
27
349
318
53
142
388
193
435
485
353
17
446
347
132
325
98
16
292
345
337
19
227
140
139
104
347
497
476
445
396
84
234
493
490
25
25
30
134
434
341
125
333
477
67
171
288
457
302
183
48
283
473
232
478
202
163
180
342
139
187
46
457
200
246
251
128
300
373
236
416
390
377
496
411
357
125
402
406
177
267
321
451
481
287
309
110
412
39
178
453
175
143
315
448
40
241
480
389
339
387
111
255
423
114
136
395
350
369
66
108
121
161
129
54
15
114
427
25
485
112
1
274
284
479
54
413
78
192
15
446
44
123
171
189
473
114
42
101
269
198
109
142
237
493
429
118
498
263
24
173
236
414
384
129
91
1
402
17
29
141
348
118
418
271
484
461
3
46
277
440
477
297
118
1
5
4
398
341
373
204
170
216
383
400
27
301
226
470
383
347
277
141
286
388
125
140
69
484
165
399
8
473
333
136
157
499
199
57
382
283
118
43
303
492
386
454
314
267
218
482
500
88
247
320
189
494
305
162
275
405
54
216
417
299
291
408
28
31
234
188
292
327
94
235
263
426
158
220
109
9
259
499
311
345
43
158
337
123
276
492
279
110
320
35
184
459
34
300
177
395
276
233
270
180
96
113
250
99
415
48
70
276
478
353
109
291
52
323
257
163
64
428
478
226
320
319
317
428
358
168
197
99
209
357
39
414
213
488
286
272
82
472
394
366
177
25
70
367
184
289
495
474
455
408
363
214
118
419
414
298
56
469
61
323
77
18
52
396
16
125
426
306
379
156
254
218
122
117
432
295
133
370
35
169
331
329
399
409
225
82
207
370
218
492
232
435
186
134
64
304
450
25
372
414
11
359
486
341
243
499
124
336
487
68
383
385
189
247
339
23
428
213
182
48
165
218
157
22
359
109
397
254
339
397
200
451
181
43
354
250
194
322
452
167
279
1
66
40
305
96
373
273
428
414
373
155
383
12
290
176
378
118
166
25
362
489
59
378
36
236
479
307
122
484
464
377
39
