206
460
269
238
218
186
331
289
312
154
482
59
489
296
92
365
191
440
121
131
156
90
399
402
429
491
338
380
86
295
453
52
383
500
458
267
20
130
397
151
346
105
51
353
436
458
481
445
257
243
341
395
30
342
144
135
421
324
430
408
100
72
36
230
372
48
102
52
329
35
500
426
350
188
185
271
237
365
82
161
200
259
207
282
193
434
313
154
478
174
481
325
220
12
123
92
204
396
60
497
236
159
62
481
372
132
255
257
359
136
234
80
486
315
134
270
411
203
93
470
66
383
269
489
339
219
20
27
470
365
398
473
116
316
286
184
153
381
395
496
239
110
264
144
246
226
353
318
140
246
251
60
33
487
416
12
434
142
286
202
216
388
290
383
211
96
374
331
40
265
27
237
327
359
88
102
402
37
42
82
51
4
116
366
168
19
336
369
304
248
346
1
170
420
279
321
352
493
76
108
145
52
203
89
43
481
95
144
267
48
395
164
54
172
315
170
123
69
321
249
241
107
339
84
347
412
448
370
54
267
462
285
487
360
405
112
90
331
380
385
218
253
489
463
358
148
9
340
214
73
456
247
172
164
37
268
38
237
42
164
307
292
62
156
199
161
14
125
367
311
376
252
13
159
127
10
356
247
369
132
317
10
496
280
495
290
106
66
150
206
145
224
382
30
367
77
31
31
405
18
490
310
229
395
264
287
293
415
68
281
24
4
33
227
215
118
314
158
457
85
34
297
192
159
272
256
291
78
176
318
425
482
37
271
117
384
415
440
121
5
235
357
85
172
301
383
242
213
356
134
106
120
336
237
180
388
228
426
322
4
3
482
293
163
322
330
213
315
145
71
429
54
258
469
93
63
439
385
379
274
319
68
75
283
419
31
419
56
445
373
354
477
255
201
449
83
363
126
413
235
466
113
334
285
164
368
259
461
54
386
311
62
170
416
63
486
27
160
381
191
439
253
82
447
43
219
216
422
235
475
489
465
476
317
24
394
59
361
113
330
279
479
485
483
311
49
52
157
252
404
168
474
179
316
383
141
403
238
330
419
441
418
421
452
21
260
350
101
65
444
339
53
290
28
210
414
260
468
404
392
136
399
23
477
237
215
150
278
418
375
93
202
274
186
449
131
11
269
62
174
247
99
156
192
455
52
463
151
384
74
367
247
340
130
444
121
406
83
207
101
63
396
145
423
373
249
97
198
426
250
314
239
311
196
365
57
32
161
226
292
114
482
78
192
139
270
126
295
19
151
127
452
375
20
135
406
387
20
80
70
390
394
185
102
69
138
353
419
215
63
315
112
55
10
18
397
456
389
65
102
332
320
15
333
277
281
39
45
186
18
36
361
231
454
467
143
320
124
433
119
209
403
26
263
379
84
34
468
283
399
164
206
121
219
139
79
258
288
429
457
115
307
2
155
159
149
280
106
186
5
351
235
255
237
180
195
197
445
452
35
172
206
308
8
138
195
38
470
82
133
337
411
70
24
455
220
136
285
251
281
419
173
274
476
318
31
277
410
5
394
464
333
276
98
307
23
113
96
246
420
165
166
313
376
355
15
130
322
158
280
257
419
338
39
207
153
77
183
95
212
49
397
233
56
26
398
238
398
57
490
354
414
317
278
451
214
222
183
307
156
230
216
423
333
457
162
422
118
391
490
362
434
29
349
352
470
37
159
111
419
178
226
484
230
78
282
439
191
303
106
408
417
114
77
345
455
353
155
389
39
291
62
319
269
268
207
111
125
25
379
133
490
381
106
360
283
208
461
422
333
208
170
278
38
358
76
382
53
19
97
269
214
236
227
429
339
260
269
296
340
136
29
100
290
415
261
286
12
158
434
163
266
141
24
132
345
474
175
499
259
239
500
240
330
198
446
134
276
222
411
397
309
220
25
276
464
239
234
53
150
92
234
100
312
216
26
168
81
113
439
174
404
459
241
213
453
119
25
428
356
148
338
94
75
253
77
405
347
386
179
27
75
431
433
451
284
168
124
397
107
452
380
495
394
297
121
61
171
117
249
440
331
16
379
263
261
260
203
399
466
132
374
329
334
383
414
393
406
22
310
313
323
468
5
189
470
351
258
224
438
106
28
58
263
30
454
404
172
213
265
450
182
50
45
37
64
294
405
469
412
271
407
145
110
406
190
420
408
412
396
386
464
464
10
233
373
218
161
15
400
498
136
60
395
224
173
479
164
45
129
170
58
120
21
81
366
67
483
461
308
478
477
275
139
259
468
168
263
321
31
142
161
464
330
341
60
388
336
438
281
