290
203
192
235
214
227
173
20
87
151
494
90
59
174
131
129
46
90
254
499
311
480
158
100
292
14
243
91
341
95
215
61
318
419
264
458
350
384
217
206
258
302
284
415
184
353
20
388
451
427
124
208
206
228
294
440
376
181
274
289
447
258
92
482
193
83
459
100
14
490
280
260
494
131
492
91
423
286
80
106
99
238
45
55
104
452
393
140
312
170
488
138
197
156
58
197
480
11
395
128
387
130
344
212
6
189
482
248
132
118
87
230
418
140
146
53
493
428
330
75
311
13
462
315
443
330
235
12
43
171
345
304
36
260
215
157
347
396
415
306
299
395
318
6
270
74
350
365
147
170
387
312
101
491
387
244
117
139
77
358
268
324
420
144
202
34
375
223
74
266
211
59
93
63
121
478
315
15
278
193
379
464
306
456
244
295
413
22
219
208
348
113
330
216
150
436
499
457
368
95
50
205
455
17
104
488
394
337
390
130
281
226
78
194
69
10
214
409
378
95
10
384
242
87
196
356
423
238
267
344
44
168
146
231
285
360
228
256
204
50
408
34
397
410
143
309
466
358
345
372
234
290
219
373
208
347
15
336
352
416
344
247
389
187
29
474
79
323
133
388
25
478
192
17
263
79
228
419
469
252
125
317
475
283
57
29
164
6
5
189
174
278
385
464
67
312
416
465
361
400
199
324
457
101
230
423
420
431
34
472
25
356
68
221
57
84
334
28
314
135
371
388
120
434
193
50
53
232
276
376
88
110
296
95
3
498
163
205
296
440
97
260
133
319
251
301
242
181
68
448
406
206
51
291
294
36
493
434
318
175
215
311
75
56
106
175
348
173
253
416
312
499
316
84
345
477
14
302
368
254
41
130
1
81
150
297
87
292
416
235
168
322
387
37
478
226
239
400
61
314
467
482
228
211
57
437
495
273
387
252
448
412
128
232
324
52
88
432
190
472
390
31
184
392
414
109
324
144
181
448
268
417
217
78
240
317
251
120
74
112
230
298
362
380
107
400
363
207
195
205
190
16
416
253
280
251
201
184
411
268
200
277
433
411
157
299
224
319
11
25
68
311
295
298
154
146
2
18
468
121
414
212
79
141
428
211
386
17
343
486
116
317
185
335
8
223
201
158
417
212
77
99
459
3
422
90
89
359
331
54
67
288
362
377
261
497
198
310
395
487
297
377
51
451
119
325
443
477
90
450
327
56
115
223
33
269
490
476
416
66
460
2
91
226
479
431
495
361
36
129
310
207
4
457
208
240
265
488
314
348
357
367
339
242
273
34
121
274
354
113
70
76
295
271
264
152
323
390
278
342
478
259
373
154
103
238
146
388
411
383
334
361
320
278
253
474
480
289
55
216
374
355
143
180
293
212
216
338
378
98
298
433
8
347
173
97
142
493
339
467
14
111
138
234
24
121
437
414
247
496
403
84
357
330
175
64
76
14
276
275
453
495
452
186
365
306
370
226
499
321
287
416
308
194
407
334
494
252
172
268
240
189
132
60
161
222
308
105
45
456
123
3
192
321
86
55
154
35
374
197
218
218
434
481
82
192
282
320
148
453
194
500
68
369
152
282
435
370
471
263
141
438
359
92
233
42
41
52
120
400
56
88
188
457
8
241
125
427
424
440
146
275
222
180
389
478
88
254
343
14
286
324
191
252
389
237
192
256
201
278
53
73
314
424
351
180
497
120
140
127
286
450
290
53
331
447
83
337
77
10
414
277
14
377
33
84
290
257
202
46
110
390
5
338
17
157
289
472
482
94
299
281
361
385
466
52
177
111
397
136
380
222
38
187
386
27
10
353
39
60
67
61
460
386
479
173
393
10
142
251
138
115
477
215
492
448
402
371
298
333
375
221
303
406
124
22
82
52
418
201
257
417
195
79
67
254
463
72
104
198
236
63
290
330
49
166
177
104
345
389
184
55
19
303
489
422
408
6
297
44
484
233
42
456
441
228
207
100
64
44
495
127
61
173
137
40
282
104
314
468
396
42
142
195
228
345
376
293
173
361
132
336
31
85
182
199
454
417
185
499
134
37
440
418
247
494
35
141
141
259
257
267
168
412
414
480
37
140
355
426
323
176
27
150
315
256
191
11
192
388
173
251
498
227
359
275
48
339
361
250
448
469
54
95
154
296
48
323
430
237
234
217
137
290
129
363
95
98
44
69
335
242
93
69
440
236
494
408
418
370
66
213
408
188
304
289
474
377
457
38
485
52
468
472
170
5
320
80
22
75
180
473
492
347
139
8
252
417
463
403
