268
62
362
426
87
287
300
168
413
344
264
387
397
80
384
143
293
416
343
25
44
219
202
359
66
408
302
462
371
480
233
336
110
374
280
487
284
237
435
64
246
482
43
418
389
95
104
147
431
492
52
12
382
10
19
103
475
419
109
221
73
298
19
23
498
366
411
371
210
6
147
435
370
117
379
191
100
430
245
478
41
419
11
237
54
189
397
304
441
487
263
20
299
288
166
408
445
412
423
184
3
205
104
225
300
190
189
313
480
243
133
187
70
208
125
412
304
423
327
117
261
9
402
186
189
449
433
219
143
237
451
435
118
77
402
133
137
227
109
328
286
411
95
296
130
238
360
403
377
319
266
382
153
430
483
51
260
43
283
38
306
113
35
345
329
106
326
472
246
56
202
78
260
242
393
412
345
122
177
224
420
385
320
199
230
60
72
243
397
315
88
404
305
281
17
215
332
374
244
52
201
316
11
157
227
105
279
403
487
459
410
214
389
161
497
24
152
190
313
464
270
326
290
96
274
357
62
186
211
474
331
63
47
344
60
302
64
300
16
272
251
460
314
474
472
34
162
12
325
121
408
202
365
271
172
354
321
223
15
472
360
173
324
347
210
247
290
312
463
430
191
246
420
133
295
326
199
469
271
139
191
47
288
463
433
293
256
22
422
258
286
308
80
349
330
263
49
366
191
202
467
322
215
112
404
192
75
486
487
213
98
266
343
362
86
67
149
293
60
481
289
81
107
340
182
399
49
493
158
44
304
242
170
338
231
19
470
171
398
243
363
124
430
293
82
208
213
141
154
428
320
429
340
271
404
72
434
380
201
258
475
168
147
439
451
98
212
430
310
188
360
205
356
325
105
19
177
392
434
167
500
370
413
473
214
303
117
253
22
268
153
220
223
436
233
148
188
198
43
151
73
219
192
443
111
129
279
73
137
452
285
315
286
100
159
21
387
282
273
285
319
277
105
448
241
364
481
138
433
337
405
482
120
122
117
103
171
32
264
411
163
286
70
213
150
416
182
179
56
179
488
9
269
355
114
250
6
280
352
405
338
135
74
37
124
11
350
263
403
254
148
143
166
18
318
6
261
458
80
120
308
277
423
333
286
338
457
394
338
160
345
445
131
22
163
250
230
355
228
54
56
213
430
331
414
413
463
411
380
98
316
129
264
302
372
291
373
156
493
174
77
156
166
361
333
342
246
123
49
147
307
403
23
23
180
246
42
274
422
80
420
431
240
370
375
288
336
352
25
404
331
382
379
447
126
100
38
190
345
237
340
436
307
161
498
186
491
483
471
460
490
146
120
95
289
298
409
371
432
408
196
181
154
112
451
394
137
328
38
423
228
116
474
2
59
390
82
302
355
493
105
310
144
7
197
374
180
304
314
125
373
280
193
113
247
302
117
108
352
425
382
4
248
388
273
210
164
120
480
122
245
441
138
166
304
52
104
472
402
148
314
64
213
346
500
40
58
5
391
91
223
182
36
324
207
186
327
232
32
89
43
122
162
115
132
91
171
421
137
39
445
339
67
359
314
351
239
325
492
1
329
437
277
190
82
413
492
1
155
187
280
199
199
290
406
269
324
312
272
322
66
42
236
35
57
124
182
424
56
195
106
132
334
37
31
370
181
483
483
29
279
9
124
209
491
300
293
282
133
82
401
250
415
334
198
315
107
198
42
410
152
335
375
29
282
310
40
295
342
34
14
289
26
404
157
348
362
401
34
207
202
339
27
407
220
151
255
50
325
258
406
464
66
231
196
242
296
382
42
150
189
126
490
310
492
368
342
288
26
430
303
188
430
112
238
107
284
17
132
467
449
439
392
74
208
3
6
419
436
42
49
435
95
405
192
409
284
204
422
166
320
136
442
350
383
337
101
468
196
6
310
138
292
135
450
182
218
306
426
272
109
14
446
110
481
172
110
392
404
413
236
171
205
227
487
206
282
341
130
235
246
390
59
144
499
492
406
283
464
40
306
407
489
443
245
182
432
262
467
393
235
226
499
366
117
315
225
195
468
497
251
450
87
264
185
3
174
16
400
483
380
377
478
379
142
288
228
203
241
162
21
466
450
399
148
195
81
338
249
131
236
159
250
388
285
30
124
81
358
451
8
444
123
356
166
315
341
180
26
410
476
417
325
11
284
343
453
237
191
209
383
466
202
138
68
121
104
329
55
280
232
403
146
468
448
142
76
117
372
47
182
108
205
401
116
226
231
175
175
170
21
199
128
476
177
500
218
317
158
203
439
170
328
471
480
418
91
11
223
57
