300
488
445
14
147
111
305
204
450
260
242
145
413
230
117
296
415
421
339
69
294
109
392
442
336
224
264
389
240
138
370
413
225
74
403
204
480
415
85
302
386
477
440
377
166
194
285
214
327
227
172
279
301
389
401
236
305
119
486
43
196
29
478
334
37
363
85
223
12
238
322
259
450
360
35
336
475
134
456
448
364
5
444
489
316
437
153
487
418
262
367
349
10
157
164
198
212
334
387
398
46
123
76
433
66
186
175
495
169
387
15
370
237
123
73
29
289
226
255
464
102
332
153
160
87
370
336
229
340
74
223
406
332
48
361
249
327
355
99
370
68
448
383
198
387
49
231
441
354
48
93
55
261
311
418
13
401
349
135
179
452
179
461
338
311
251
433
259
155
374
402
43
365
358
420
24
122
1
269
99
385
142
193
201
199
119
9
458
346
228
19
27
243
476
358
259
226
2
383
473
184
82
439
418
428
56
422
46
355
425
191
86
497
483
213
349
490
133
199
328
392
201
464
280
377
85
221
49
397
17
160
455
179
335
217
270
84
63
85
229
295
26
353
369
82
85
378
227
443
216
223
172
50
154
223
322
65
61
378
237
150
110
215
88
304
395
18
98
37
112
443
265
426
427
82
56
451
385
193
181
360
46
222
172
333
464
227
220
167
303
250
455
394
342
330
349
345
270
199
281
39
462
152
12
351
287
371
92
437
474
386
263
127
59
150
379
8
341
238
142
295
97
310
348
10
443
231
457
327
392
84
199
224
359
486
151
58
405
485
50
298
198
285
45
107
186
194
140
34
142
110
265
389
1
9
427
61
346
439
279
333
361
384
319
39
289
410
154
487
318
307
326
172
220
17
395
60
326
414
493
303
173
192
286
383
148
456
435
41
166
344
193
263
462
483
472
97
333
384
110
382
292
13
220
235
63
296
114
161
76
337
269
299
479
231
370
354
166
193
23
258
105
496
71
150
168
466
248
395
98
361
72
13
473
260
369
332
373
233
362
226
232
202
308
143
469
48
82
301
194
116
331
260
378
373
128
358
457
489
299
326
49
138
296
425
248
283
374
230
308
383
322
288
12
128
61
228
88
288
185
196
264
148
267
281
481
242
133
28
267
113
45
433
206
464
342
207
321
219
281
468
20
230
216
52
373
369
123
466
450
397
66
53
68
168
369
490
276
196
162
424
301
462
172
470
31
193
276
111
174
113
443
204
399
346
148
44
6
38
336
430
186
336
218
243
405
268
203
411
435
253
29
410
132
460
148
308
164
302
409
15
392
13
3
478
484
310
223
31
174
194
472
19
190
160
405
337
326
483
401
79
265
416
324
207
4
275
127
387
238
383
182
60
473
379
349
204
406
498
430
255
413
195
452
323
449
182
271
138
381
302
382
131
133
95
118
117
400
159
359
380
454
88
115
67
9
326
479
24
436
299
124
65
344
162
168
308
248
406
226
488
240
153
491
210
432
244
485
347
253
473
411
310
494
265
5
448
95
42
176
296
349
252
47
191
487
276
393
48
266
459
195
391
250
233
295
313
237
171
307
363
102
377
237
468
479
356
134
309
333
288
473
421
481
178
180
209
330
161
344
355
124
101
207
177
222
480
95
473
71
92
87
82
236
220
144
391
341
201
380
330
262
375
278
112
60
499
43
452
277
380
154
385
55
265
130
36
22
402
195
252
42
409
391
474
488
50
49
48
193
500
320
359
356
38
122
7
347
242
362
248
120
448
380
20
284
373
250
334
315
196
422
400
69
265
193
439
156
318
72
249
18
450
409
108
164
265
453
408
389
297
450
457
240
138
73
385
253
90
121
480
104
183
142
483
236
493
313
205
304
195
72
209
103
60
249
299
318
146
369
196
26
348
346
51
418
164
478
498
168
304
71
402
187
443
106
293
138
484
486
35
199
223
305
291
454
140
471
148
102
14
496
172
109
306
270
322
230
47
54
301
221
376
257
133
287
398
360
40
68
154
222
241
102
77
343
469
500
73
33
351
251
24
268
289
269
376
303
322
174
322
312
91
81
8
216
252
495
111
132
181
473
466
350
1
166
188
405
15
273
299
267
49
365
113
189
219
174
46
204
147
427
406
152
292
194
206
3
249
484
148
71
499
296
73
297
51
7
162
21
140
61
496
122
92
20
146
387
328
361
225
337
267
351
466
260
210
341
6
95
492
262
267
234
173
183
389
277
411
160
144
60
399
414
234
180
124
488
133
184
493
396
390
294
298
443
95
105
364
218
73
25
353
271
330
491
390
17
51
136
