500
403
146
117
299
115
235
441
355
75
16
500
397
173
184
234
317
223
348
359
19
472
493
123
235
228
245
494
291
29
430
289
388
117
246
109
255
224
234
404
283
124
364
236
486
279
368
106
110
69
315
494
61
343
465
226
109
240
416
158
338
453
249
30
56
71
348
308
461
433
5
355
422
334
124
240
73
21
360
135
156
234
64
163
156
278
447
408
241
475
483
210
393
87
3
397
189
496
88
186
410
4
339
145
423
483
93
18
436
116
132
381
374
422
93
339
230
177
47
215
286
223
92
121
206
295
426
270
306
8
487
164
195
306
400
78
476
224
95
149
211
467
497
426
274
478
227
185
35
355
4
38
37
489
276
123
446
82
79
425
284
452
375
107
20
268
442
492
38
304
498
260
182
369
125
233
476
50
383
392
88
457
49
489
22
331
495
392
496
194
107
432
229
73
359
159
293
125
24
120
466
430
378
265
120
273
134
29
369
433
369
406
245
26
408
170
164
55
232
410
318
179
52
402
265
359
402
198
460
474
2
60
154
94
479
222
333
279
291
318
9
44
62
369
121
114
145
411
212
386
457
247
93
332
272
333
174
456
2
148
201
121
4
400
210
123
385
65
267
60
168
268
367
498
492
169
451
345
75
54
397
32
451
420
499
122
41
282
71
21
253
323
394
134
307
72
379
377
40
202
495
24
178
325
242
113
118
230
428
46
253
24
350
229
111
194
53
455
416
340
132
274
255
37
360
240
387
294
327
475
151
485
404
466
46
205
310
413
250
39
83
174
383
207
168
252
368
352
19
471
382
489
29
102
235
413
213
300
216
484
451
253
370
475
17
354
368
205
12
416
299
73
314
397
131
45
332
191
181
375
424
171
34
20
184
408
418
120
354
199
426
370
264
366
123
222
36
48
457
81
41
263
78
80
427
309
299
128
475
177
304
80
97
444
364
441
376
151
46
412
58
88
438
24
243
348
285
427
303
27
384
254
37
259
268
494
344
470
436
406
296
197
8
288
160
42
37
146
229
62
244
265
268
67
199
403
310
71
65
142
302
82
118
360
243
404
11
315
391
93
79
484
401
50
181
26
353
104
8
276
348
492
18
258
400
423
412
201
145
405
36
260
485
140
265
420
336
316
408
326
159
148
335
353
126
29
22
146
273
92
124
297
283
316
500
45
164
426
217
148
278
50
249
483
365
251
39
7
112
74
56
223
299
83
303
37
286
273
96
186
98
144
244
442
387
291
27
107
271
141
72
192
351
180
146
215
264
255
442
16
36
418
208
294
236
73
272
229
417
39
5
98
134
362
326
168
43
445
6
256
389
60
266
254
37
483
48
336
265
193
387
354
55
108
485
26
469
200
444
238
451
486
90
402
30
125
438
182
480
324
146
189
61
240
239
5
69
79
89
223
357
486
43
170
144
353
356
439
37
175
2
345
452
401
302
278
152
168
192
407
183
338
457
209
372
402
275
138
216
106
362
182
148
63
375
257
198
396
272
476
418
63
311
135
385
297
14
291
397
274
266
398
23
351
370
394
233
265
319
437
134
69
422
263
387
283
134
173
76
198
402
200
193
313
165
216
214
428
39
412
466
408
74
291
207
298
177
295
227
142
398
435
245
271
84
475
430
270
379
67
392
445
84
108
379
63
176
212
55
410
143
129
164
192
384
14
194
390
329
453
288
431
139
165
371
286
40
478
372
87
97
38
484
120
132
260
473
259
51
290
83
78
351
297
474
141
238
139
65
15
374
312
266
482
67
24
122
12
237
242
217
399
388
335
490
468
167
257
147
370
499
226
232
460
96
484
273
67
474
236
146
327
159
155
59
21
400
101
241
378
434
492
31
143
273
318
236
331
71
371
433
265
453
418
87
255
376
493
37
393
467
160
317
151
253
276
435
444
15
70
64
71
26
77
380
293
110
336
109
463
443
335
356
393
103
181
282
351
378
71
378
148
291
71
471
233
62
471
323
59
107
169
97
470
93
213
67
128
243
388
154
365
477
214
347
351
232
25
277
122
309
46
52
297
284
281
207
294
61
357
374
253
367
74
125
19
343
244
491
395
472
209
6
192
351
402
251
363
172
388
326
389
431
126
196
240
283
81
244
411
461
457
160
324
280
168
190
349
340
489
16
222
364
495
306
469
409
289
91
114
160
181
402
120
139
133
45
195
132
258
475
15
452
90
195
345
308
90
313
25
495
363
273
355
244
76
379
273
105
197
322
252
225
458
332
49
99
378
260
169
32
130
73
95
355
35
454
87
147
67
