429
457
296
301
470
148
184
198
418
203
81
103
91
434
384
485
93
427
341
235
144
43
339
254
277
408
9
232
405
134
478
307
490
321
466
488
387
149
18
126
201
218
91
159
128
308
286
469
74
457
297
114
86
360
57
413
456
398
265
238
41
286
283
47
56
428
262
191
206
21
236
66
430
411
484
150
322
453
350
133
348
436
465
117
27
452
433
94
452
44
491
42
310
484
294
432
350
411
371
133
260
221
65
289
226
142
248
45
50
345
425
300
180
420
130
291
355
463
208
493
278
199
203
83
88
105
100
288
379
449
160
277
295
490
162
174
133
150
367
390
367
111
465
407
71
487
97
376
67
269
283
321
495
454
190
446
487
472
55
248
197
311
198
306
277
321
487
14
319
92
483
142
437
148
187
6
375
222
393
62
136
84
464
26
190
167
389
269
379
479
64
47
351
142
241
190
363
390
444
168
150
30
285
203
384
135
486
13
79
354
173
358
211
453
106
427
418
493
65
17
149
469
357
435
25
205
241
200
86
185
147
361
491
49
52
331
423
304
80
390
182
101
406
130
89
228
27
102
77
287
328
451
372
222
333
362
258
111
399
488
180
476
485
20
141
182
324
49
219
177
456
124
283
223
8
289
482
306
474
111
305
451
380
24
151
442
301
427
382
304
298
260
489
440
223
484
223
260
184
208
156
151
352
408
374
74
253
478
104
126
219
33
500
152
438
397
270
367
342
221
174
73
285
184
489
437
58
29
62
252
380
376
499
470
273
281
235
214
154
412
121
317
443
499
84
197
211
379
3
341
335
165
143
145
110
81
260
7
343
94
21
358
410
161
287
320
88
337
318
181
217
402
168
285
142
46
488
82
65
45
371
349
269
412
108
7
442
86
225
499
375
76
416
66
80
40
29
202
397
405
453
378
182
294
334
226
118
424
310
399
15
205
393
232
273
356
294
23
298
445
295
376
381
190
189
432
242
27
458
121
333
66
445
286
480
216
102
380
490
342
269
406
23
84
64
170
171
216
168
382
427
7
478
495
193
328
206
247
56
385
285
299
57
272
124
147
68
480
498
412
456
359
330
91
78
272
388
356
229
419
195
147
89
246
180
258
408
464
20
297
200
226
48
67
47
308
188
270
55
9
240
426
316
73
144
166
459
211
396
133
275
355
435
44
206
178
254
277
264
408
469
498
403
135
304
64
80
486
419
39
11
387
403
375
358
483
207
59
461
184
374
8
382
377
80
29
361
367
137
79
388
359
314
25
118
325
424
233
40
220
316
413
413
302
242
53
103
263
477
54
280
179
74
303
452
16
337
473
325
459
462
488
483
189
341
500
261
239
419
497
497
128
80
144
142
430
96
359
219
323
50
181
343
46
323
423
497
132
419
245
109
318
148
406
321
16
150
139
467
496
159
141
364
120
346
463
173
176
189
42
138
240
359
262
183
12
371
255
464
243
362
140
495
376
341
74
436
305
210
245
26
462
120
456
499
70
456
258
245
377
379
61
219
303
307
365
145
37
230
68
237
42
32
160
149
277
323
235
330
265
439
494
476
375
459
367
16
12
465
137
34
181
395
57
376
326
102
103
175
463
379
345
130
160
164
140
304
287
427
480
225
310
372
406
306
209
47
28
249
434
382
315
457
360
167
300
214
444
59
498
93
72
105
12
336
228
3
31
352
97
122
467
146
180
24
102
180
84
73
430
268
362
463
120
488
123
293
253
322
29
131
365
242
440
68
227
442
136
3
453
147
98
22
141
37
93
137
234
322
90
335
320
29
151
436
474
54
12
277
298
44
416
387
184
2
432
153
388
356
403
48
453
389
124
389
485
199
299
270
208
371
112
63
355
153
178
150
21
475
337
440
160
158
465
184
351
494
494
216
251
14
386
205
361
348
139
41
320
29
372
248
261
420
371
397
363
226
250
416
359
374
84
85
63
307
65
398
113
171
260
93
402
211
493
141
307
359
415
55
65
13
278
300
264
467
248
354
337
399
494
189
40
442
204
151
341
382
266
491
326
203
468
241
138
9
367
437
81
303
418
72
39
56
94
467
298
117
284
141
206
321
423
286
179
277
161
39
301
457
74
226
384
139
320
178
115
435
94
363
193
391
323
420
27
194
375
254
58
203
61
444
496
351
257
208
227
131
128
290
288
326
453
8
266
340
465
246
437
376
253
93
487
412
198
305
91
498
161
195
500
333
114
249
142
413
86
351
205
89
115
359
171
98
64
105
103
84
185
417
406
64
192
281
84
76
77
346
57
370
75
