187
8
3
422
438
189
253
209
45
42
114
195
361
24
257
396
202
147
377
47
496
115
228
63
143
411
130
234
345
300
303
181
304
304
228
146
173
356
352
156
29
218
167
302
400
426
59
123
370
498
186
361
370
382
243
76
292
240
168
365
77
404
461
39
26
81
210
325
239
58
485
235
180
151
137
81
145
154
63
393
32
281
423
388
267
204
354
174
329
103
264
456
28
256
421
418
348
478
195
277
488
466
27
340
229
23
16
111
262
236
148
119
401
344
96
310
278
224
432
446
454
192
39
449
118
135
114
335
229
458
291
96
101
428
39
446
65
306
251
444
257
48
274
458
221
187
365
88
476
136
375
195
302
48
65
397
338
155
411
390
112
281
113
148
61
341
400
174
385
380
350
377
180
3
190
345
81
26
189
498
57
225
403
24
333
463
296
280
97
112
435
167
121
17
3
455
139
170
109
362
137
104
483
116
405
491
174
67
418
179
368
3
53
9
90
20
451
359
89
472
110
409
367
435
250
429
374
158
208
2
291
101
302
212
278
250
261
59
437
181
216
34
107
26
93
374
210
180
378
324
439
409
317
310
380
368
65
107
489
192
470
221
370
48
350
452
132
90
60
187
78
144
389
310
280
410
471
311
148
60
483
178
236
295
384
161
110
424
195
16
245
226
28
62
252
153
74
285
276
277
100
188
392
480
327
228
109
448
417
123
308
466
248
65
180
253
254
97
324
265
274
112
209
217
404
186
488
103
496
41
457
439
411
201
336
456
69
239
121
134
81
413
236
260
465
415
219
209
63
82
483
258
217
382
494
389
12
232
26
202
174
418
285
39
227
243
75
159
58
199
124
50
183
221
413
130
466
412
487
475
235
475
175
444
244
331
81
51
346
397
384
164
229
464
307
306
473
288
76
297
337
463
154
227
254
166
289
431
172
112
312
338
167
125
460
16
296
211
237
408
127
258
47
74
428
53
136
308
44
337
485
435
232
482
499
257
213
488
498
313
53
192
401
51
344
375
18
482
82
188
383
406
52
78
154
77
83
325
95
487
437
453
498
259
103
160
161
241
263
194
433
156
429
354
27
219
55
204
302
323
138
263
408
360
227
415
334
220
113
371
15
250
403
43
142
480
376
458
358
13
37
127
179
451
165
411
113
284
243
435
289
279
313
178
279
329
273
448
334
240
42
482
128
122
35
436
418
97
146
220
451
488
19
427
241
200
90
107
408
148
392
67
444
332
161
214
490
400
297
213
306
66
92
483
196
198
5
183
204
444
11
328
449
67
321
441
260
483
179
499
140
319
458
335
339
174
111
166
454
23
144
481
269
371
452
133
149
390
44
140
276
69
212
378
363
148
20
44
291
4
250
291
194
364
335
285
75
85
127
223
201
53
335
56
318
211
162
384
364
168
258
350
472
280
220
186
296
272
105
406
130
80
230
67
411
478
314
8
192
300
265
328
236
490
421
224
145
152
175
341
201
243
196
259
248
194
3
181
290
249
440
159
327
332
261
353
121
331
118
287
370
420
310
419
483
137
189
450
376
319
162
498
201
338
156
432
54
168
5
205
77
349
301
145
338
399
4
184
111
288
406
192
388
256
158
403
6
378
66
306
122
479
34
391
242
81
308
196
335
306
4
93
498
71
259
283
216
404
93
276
382
127
56
140
21
288
149
202
192
104
118
329
387
244
67
242
482
8
301
109
66
114
388
110
438
490
199
411
21
88
325
79
296
27
134
319
238
102
127
438
441
275
375
396
101
1
318
287
353
164
401
35
59
87
496
278
23
293
136
435
6
252
463
118
278
66
348
193
25
330
466
206
66
87
195
488
187
280
347
34
289
329
146
465
490
321
485
337
454
117
45
418
70
148
105
383
84
499
349
148
470
332
485
196
102
67
331
471
310
413
443
30
325
209
34
314
342
267
211
11
20
481
84
21
240
17
145
275
354
467
434
390
206
473
468
230
356
174
79
14
368
102
97
426
439
448
96
150
331
391
402
27
235
129
56
345
475
121
164
401
47
12
121
208
390
55
375
280
158
428
28
495
428
4
329
201
426
65
289
70
245
399
232
397
79
296
196
477
394
370
167
230
337
284
75
347
153
188
82
207
226
377
182
314
302
296
351
424
70
258
205
171
480
29
240
152
185
497
346
79
284
89
121
395
494
426
24
432
472
405
208
80
102
176
75
231
420
276
314
40
356
461
360
384
19
144
443
122
186
104
205
60
141
473
193
273
220
393
359
218
174
48
86
433
406
315
400
334
84
293
