369
96
271
461
335
378
195
133
31
203
381
469
344
400
31
145
38
160
9
390
224
152
427
270
461
339
210
43
447
477
459
283
491
423
339
252
498
154
12
80
56
350
21
38
33
408
491
278
331
308
102
267
207
459
359
99
341
281
207
32
308
288
19
395
86
228
215
309
133
426
38
31
266
326
123
17
107
97
69
293
253
338
344
305
495
95
47
89
327
18
20
251
469
227
158
423
420
470
199
156
128
330
360
34
317
287
445
265
404
248
112
239
194
189
369
438
237
88
392
472
129
205
368
108
23
122
116
146
68
331
79
269
259
141
290
441
248
195
443
71
496
343
368
290
471
187
106
154
269
414
157
351
354
468
44
162
47
99
160
317
467
367
142
3
290
410
95
448
238
349
361
455
490
23
193
222
73
465
181
139
192
494
487
124
407
148
391
17
186
222
183
398
142
70
212
4
412
215
345
466
213
128
373
30
170
7
266
216
316
473
18
349
479
417
487
28
305
465
383
183
119
298
497
327
162
191
92
128
297
497
200
220
279
349
13
334
187
130
316
8
45
410
489
460
284
226
320
353
485
164
441
208
491
11
68
175
13
89
112
417
231
466
192
28
189
88
482
358
409
248
375
490
487
376
374
296
304
351
321
105
282
127
9
155
171
442
403
175
434
230
161
36
89
109
188
278
275
342
292
364
438
194
158
461
456
147
338
195
444
119
264
375
31
106
351
487
108
208
210
42
55
269
384
219
471
49
386
6
318
183
431
109
412
389
392
74
477
326
82
218
283
293
254
59
338
173
146
126
159
322
454
37
358
30
50
42
234
399
18
275
154
429
326
441
369
436
77
243
45
405
255
409
380
441
168
221
489
384
117
476
425
40
353
122
74
64
198
380
85
44
364
119
363
335
13
121
13
244
355
173
42
251
326
305
90
381
449
65
135
80
133
415
55
497
159
404
252
217
490
138
373
267
247
92
120
417
322
57
303
351
318
42
303
154
65
59
334
240
350
214
438
146
80
195
174
321
39
367
406
46
350
318
237
363
149
158
16
46
158
146
193
493
147
163
314
129
156
232
91
279
476
491
407
210
133
495
178
252
465
417
105
348
2
500
106
31
131
159
77
81
483
227
305
390
296
112
156
89
25
445
187
119
63
193
362
188
141
265
166
225
180
251
456
252
431
351
386
482
288
103
339
236
410
186
389
383
367
476
87
216
373
288
76
496
346
458
71
396
408
481
445
157
335
500
45
176
170
46
74
138
117
70
212
105
328
208
274
301
244
472
152
100
264
457
348
410
36
87
215
132
377
434
155
364
185
187
2
311
195
165
318
140
384
378
354
289
283
271
186
176
121
164
179
228
337
226
319
340
472
43
142
15
365
420
468
99
281
435
478
499
191
498
2
398
285
184
29
9
402
318
493
445
153
246
370
199
210
357
202
142
241
30
259
392
403
429
18
82
386
305
498
168
180
361
216
70
220
236
346
253
277
155
37
178
212
347
136
392
163
248
325
149
230
487
213
201
31
254
98
183
329
295
477
112
489
154
395
155
85
173
10
206
138
168
395
467
392
386
175
227
10
196
270
126
338
218
45
303
2
363
427
360
439
59
168
121
212
237
426
87
407
1
347
445
55
380
78
31
247
254
82
123
414
144
103
2
53
179
398
180
143
457
219
254
89
405
473
376
369
315
431
377
442
392
422
206
358
480
87
331
468
334
317
428
436
197
158
7
341
363
447
46
208
451
294
267
336
377
268
330
73
125
78
500
198
22
495
492
378
179
284
162
175
202
101
463
206
346
487
29
443
290
216
196
193
376
197
299
256
290
217
142
167
310
50
304
191
59
221
189
83
454
66
339
209
486
327
401
245
425
351
473
361
197
7
47
274
202
409
69
423
138
451
284
4
338
1
253
417
36
440
45
258
182
143
221
144
378
152
10
12
296
216
43
276
156
196
298
477
124
453
224
189
223
237
130
333
88
134
95
481
361
247
279
158
491
362
97
233
144
461
461
348
428
38
53
292
325
288
308
356
432
345
239
223
156
155
451
316
182
144
56
144
489
45
6
280
450
468
467
235
322
365
282
91
344
262
190
402
325
117
489
478
248
187
500
138
192
228
456
120
32
137
255
353
248
337
433
419
439
25
301
274
160
249
77
289
203
20
356
9
243
328
117
456
72
370
245
53
277
191
483
344
486
383
23
245
153
478
372
404
424
128
376
77
38
389
54
236
399
433
241
81
232
103
293
188
156
453
29
317
189
144
180
230
6
381
346
78
341
