142
264
492
314
211
291
329
435
482
29
279
358
312
330
212
306
432
257
149
221
136
394
407
31
258
35
226
14
265
377
249
327
500
485
154
98
441
281
286
69
450
240
209
137
321
12
25
296
53
255
248
209
278
215
457
205
404
365
439
255
69
377
371
411
401
340
30
460
343
118
248
5
208
120
423
472
142
218
48
224
469
477
58
166
178
422
363
408
339
19
167
479
209
349
170
132
55
7
497
16
103
414
112
65
81
182
20
82
384
468
466
43
165
162
372
227
499
478
404
271
193
352
285
262
399
387
123
147
240
384
391
422
240
269
56
216
89
254
48
86
89
307
100
389
500
464
188
494
219
38
9
18
177
169
107
293
133
315
498
384
360
343
107
355
265
55
122
325
78
304
303
226
55
175
441
178
234
145
92
275
36
59
33
415
97
423
170
75
410
145
385
230
334
49
147
226
140
122
219
202
119
132
401
217
189
185
267
350
183
286
356
417
265
73
9
94
234
484
212
481
249
48
156
157
300
5
16
444
267
443
389
243
297
49
390
450
375
39
464
431
53
479
202
287
449
330
371
478
452
7
52
82
334
24
174
429
370
19
356
372
385
42
92
115
465
140
486
431
320
21
497
194
2
43
338
422
102
257
187
472
3
133
54
36
337
6
399
64
464
382
130
483
109
462
138
297
80
325
467
367
410
12
50
430
71
1
187
434
188
290
62
113
439
65
485
270
225
164
132
328
135
374
421
90
482
136
164
295
492
364
362
435
32
259
495
246
148
125
250
252
237
185
461
328
302
69
429
401
155
392
496
424
241
269
353
25
122
227
40
196
159
262
252
145
275
75
212
202
483
20
415
24
255
276
405
477
196
136
39
234
298
282
163
250
335
138
372
385
20
429
421
14
266
102
20
109
484
240
470
202
163
268
476
127
297
435
175
326
125
128
211
326
464
208
372
80
30
470
324
387
6
316
184
104
300
15
77
164
230
227
455
410
334
479
366
223
315
479
217
12
465
319
17
446
193
352
199
177
188
474
410
299
29
113
368
7
331
352
474
93
366
213
425
408
303
429
63
447
209
127
390
420
169
179
19
177
268
189
339
52
255
443
341
107
167
203
252
150
257
279
459
266
350
112
106
154
297
342
493
298
443
162
422
361
444
463
58
218
465
404
181
409
254
210
276
303
420
421
483
448
67
499
336
206
228
395
364
162
491
388
476
165
177
342
462
393
468
212
412
350
300
332
235
441
107
82
195
388
376
454
284
288
22
104
136
192
385
169
291
224
338
217
126
261
384
130
48
470
31
16
195
351
470
412
215
69
377
269
109
259
444
281
359
102
353
157
106
299
154
272
30
272
56
129
413
44
144
411
331
153
167
176
191
13
136
492
319
107
60
299
157
269
96
374
370
410
110
218
282
143
495
44
75
493
285
261
257
281
379
43
304
247
491
210
384
240
488
56
317
190
222
15
154
445
479
117
496
440
468
335
497
259
200
15
431
160
239
319
320
430
385
93
265
127
238
445
451
171
123
115
458
425
410
179
86
286
163
217
438
432
443
383
235
101
147
161
49
277
369
470
419
140
328
489
203
14
289
278
87
57
421
332
96
139
346
77
90
209
243
468
142
406
494
143
287
438
5
15
392
393
355
162
133
332
285
432
427
29
65
415
462
421
267
317
346
458
334
270
452
315
4
430
57
390
465
398
85
96
435
278
10
317
11
10
109
7
429
369
339
186
144
280
191
119
55
233
134
414
88
177
356
348
22
355
244
184
250
437
327
104
111
324
208
217
425
338
321
16
45
436
246
380
223
485
221
94
286
45
52
27
316
371
368
106
249
263
43
413
270
414
245
2
384
430
278
80
447
174
229
239
404
445
186
431
436
381
220
214
74
297
37
333
265
167
218
211
350
243
26
252
291
236
41
379
397
437
69
304
206
384
189
407
129
476
423
152
376
80
127
289
466
183
62
47
431
413
437
412
287
61
68
148
276
420
97
143
1
212
118
251
226
322
423
490
319
96
346
247
243
193
454
223
434
111
493
382
298
328
283
137
310
378
263
126
239
107
388
236
297
47
332
89
186
312
269
171
483
293
450
167
158
463
440
45
45
101
451
363
147
406
178
493
227
301
139
56
190
391
150
311
216
312
488
53
201
19
307
278
495
121
421
179
259
497
462
345
239
318
320
445
85
448
10
387
168
114
429
361
478
226
283
274
149
231
475
446
339
417
415
252
268
325
271
383
457
350
429
426
265
216
41
140
147
394
204
372
397
95
411
320
