57
76
71
183
120
489
437
458
190
494
118
226
280
474
370
171
315
55
358
332
448
254
390
119
143
44
382
212
358
383
14
328
255
349
397
378
78
399
493
66
167
331
29
477
281
238
388
229
192
41
445
199
39
325
153
13
256
12
265
335
472
286
456
421
403
250
131
416
429
202
251
242
478
247
39
139
305
247
32
390
26
290
154
290
210
108
178
314
1
140
320
497
436
356
404
219
238
431
41
231
160
48
495
69
198
332
455
67
58
110
438
354
141
379
138
153
32
486
143
26
233
81
377
493
28
15
278
144
204
150
51
455
92
367
492
123
38
37
131
307
160
26
23
241
465
425
267
235
182
119
175
63
339
200
450
293
166
353
36
364
74
239
138
230
147
131
230
51
38
311
342
65
62
280
200
368
374
139
118
36
248
20
56
323
280
210
201
215
36
134
365
446
258
461
73
404
318
455
452
248
397
325
97
455
137
71
115
313
311
310
151
314
125
438
8
196
289
296
427
49
90
447
165
58
62
276
196
45
362
220
54
409
481
486
117
289
172
235
199
474
25
482
198
120
484
62
242
439
406
421
145
183
412
11
409
98
312
275
72
489
327
388
131
491
432
174
141
153
262
328
293
260
357
15
211
465
132
101
318
394
273
256
327
165
100
297
440
392
123
495
140
372
474
226
45
214
414
187
184
290
394
45
298
174
301
43
23
387
218
339
155
469
208
315
281
132
467
66
404
248
354
115
113
79
346
282
83
383
49
123
243
347
278
92
287
396
192
165
400
481
420
446
122
429
313
346
496
226
404
435
306
388
18
482
234
418
311
267
288
47
179
417
183
490
448
145
480
239
428
36
487
350
322
316
105
357
48
220
230
13
367
250
151
358
462
438
135
467
300
262
10
339
342
77
324
10
227
50
301
110
353
250
469
136
121
371
348
154
135
292
150
87
326
265
12
278
494
373
398
96
358
483
447
76
239
74
231
370
19
310
408
485
281
479
236
75
436
225
354
476
382
124
180
257
492
137
21
5
494
323
42
92
302
51
462
416
199
320
340
116
365
183
204
273
494
191
479
95
473
87
35
395
417
25
446
28
175
128
4
383
357
38
364
92
96
301
441
209
146
276
498
273
133
196
120
255
199
366
270
365
73
398
390
185
258
41
60
388
493
393
443
156
413
65
209
161
384
498
225
325
178
97
325
368
380
208
358
93
82
122
327
276
123
363
454
185
101
408
345
201
188
419
237
483
80
383
237
88
279
357
214
287
94
75
112
283
490
194
195
107
16
316
64
146
343
53
171
470
194
468
342
91
159
42
277
113
185
255
17
280
438
437
159
137
387
261
437
290
448
3
265
364
357
379
326
374
306
457
463
412
449
432
460
361
83
280
265
422
393
356
314
327
202
205
483
454
300
31
186
3
7
185
43
77
161
328
432
243
1
353
405
104
257
214
187
60
297
95
169
168
377
47
275
312
103
131
68
336
266
445
389
75
100
180
291
447
17
79
436
36
371
349
142
118
126
492
108
234
371
10
445
218
405
126
109
404
164
109
351
223
131
154
50
391
279
107
256
89
126
269
325
91
450
206
431
29
42
453
31
121
98
93
488
147
362
453
445
105
7
402
446
60
92
384
364
207
373
462
466
314
176
270
281
83
141
431
407
34
4
1
236
86
105
262
108
495
2
191
183
35
419
460
123
56
438
7
254
318
281
18
224
196
123
182
344
101
480
127
360
152
41
487
445
99
458
476
193
293
26
42
282
409
233
470
199
46
493
319
32
434
471
35
345
447
254
281
253
151
381
13
139
452
354
101
422
234
336
255
45
56
186
153
436
166
343
14
247
320
116
358
180
229
443
223
288
54
216
110
408
310
14
209
294
230
90
72
311
138
14
412
232
366
45
179
393
31
212
201
160
392
244
136
397
151
87
281
480
105
121
21
350
300
406
83
328
139
118
190
329
108
316
34
68
433
144
381
440
324
400
466
94
84
206
149
350
386
412
186
194
421
338
183
444
109
170
318
247
494
81
210
419
282
175
232
233
431
247
347
329
51
63
459
437
367
24
360
421
265
256
493
219
256
53
54
80
420
395
297
37
106
25
449
18
418
241
472
302
306
426
393
386
57
362
114
487
72
451
58
373
465
457
118
461
354
8
44
204
452
292
4
315
275
438
364
316
40
202
228
17
322
441
376
64
179
74
37
479
195
69
370
393
166
277
386
225
106
286
111
318
444
244
74
343
318
223
5
276
323
136
106
422
163
238
317
227
485
57
134
29
272
