461
394
164
216
270
289
377
155
25
292
442
177
407
397
429
409
308
24
472
294
81
266
241
442
411
418
90
25
131
227
118
50
35
390
149
44
240
244
328
153
135
193
378
421
10
122
408
133
143
280
227
209
410
141
411
159
343
84
313
427
337
282
295
155
315
319
12
150
463
375
308
239
101
435
255
38
13
485
475
428
323
129
237
52
483
407
24
443
183
74
97
428
51
447
280
271
159
281
482
326
282
165
129
65
206
244
58
54
332
72
1
162
443
334
220
243
369
72
142
458
401
100
22
405
395
21
23
435
427
428
363
498
221
128
313
273
249
356
470
368
422
303
6
47
105
368
322
171
222
317
56
132
108
291
405
16
379
427
417
125
115
180
353
274
13
456
358
203
95
232
115
407
32
479
433
325
21
12
442
208
52
493
426
145
62
425
399
130
301
453
499
121
377
27
349
376
340
353
470
90
102
274
71
191
374
183
36
253
99
192
103
26
370
148
492
35
166
423
449
294
326
391
371
456
271
289
139
231
223
424
288
137
389
13
10
85
254
340
87
470
315
357
418
393
388
190
295
83
288
80
184
170
427
82
105
406
136
40
139
100
462
31
442
53
440
263
104
326
420
182
495
323
300
356
500
19
498
107
474
34
437
3
433
176
291
365
279
287
313
332
104
417
136
168
123
371
366
234
326
85
131
173
20
293
338
118
371
496
194
33
202
23
345
6
380
366
89
111
128
280
342
345
281
231
309
312
151
201
226
461
176
446
38
88
85
160
407
138
247
160
447
495
441
274
301
32
21
114
110
73
433
103
255
385
173
484
279
99
42
3
354
163
159
490
301
341
155
257
70
75
176
437
220
2
230
133
374
121
480
456
187
219
181
367
192
78
60
495
75
380
168
172
320
427
214
171
474
248
488
403
62
382
167
371
172
391
179
253
300
224
42
293
300
118
453
177
219
55
304
366
445
389
64
73
485
324
396
120
444
341
310
361
52
267
447
341
138
276
207
55
476
116
344
492
316
273
204
463
276
179
169
142
27
316
276
15
106
177
394
243
184
422
19
128
10
159
206
186
179
402
155
191
384
121
169
430
264
18
65
104
339
188
42
331
418
477
314
164
463
441
422
264
77
356
377
218
133
433
442
306
227
358
252
296
170
369
63
357
374
138
459
111
433
314
407
373
46
377
315
164
269
417
338
128
410
323
435
396
488
448
280
202
202
106
319
270
299
156
439
436
282
325
269
469
454
311
16
400
414
237
447
199
273
57
447
232
456
280
160
220
205
42
372
411
12
249
6
437
462
319
355
406
394
51
484
209
399
260
273
349
342
244
73
447
239
46
99
419
167
179
338
108
377
420
203
435
443
46
18
274
301
180
411
377
410
223
118
118
432
118
418
187
113
441
92
256
22
142
379
271
18
2
293
356
39
187
455
47
363
174
430
239
280
363
470
143
410
350
267
441
453
210
422
86
75
338
228
334
337
103
29
250
350
133
82
439
125
306
235
222
175
472
342
421
165
150
352
450
24
20
332
341
80
277
81
478
45
165
383
480
365
467
37
306
188
38
250
463
280
276
51
168
483
152
54
488
223
87
476
433
254
85
273
1
182
389
187
1
133
372
276
450
242
95
389
125
404
446
109
407
103
499
296
67
179
308
48
241
181
330
4
293
210
77
278
320
333
339
78
386
368
120
28
90
113
365
39
289
250
307
255
397
435
341
120
38
192
128
317
193
20
289
121
281
378
51
44
174
44
176
64
116
487
334
260
314
96
67
317
360
14
263
58
51
99
186
307
391
22
64
88
126
252
27
9
324
396
469
477
476
333
370
40
337
249
235
80
439
81
478
112
312
260
430
432
64
38
238
193
454
309
411
418
349
253
126
306
385
436
232
86
89
327
106
197
222
185
123
461
91
50
214
264
488
75
133
80
130
54
378
83
478
280
366
439
336
471
273
446
415
23
283
23
218
107
113
169
407
69
237
429
63
457
500
382
98
287
129
355
436
103
88
440
114
216
79
88
33
121
119
144
232
21
63
441
484
124
13
176
121
469
14
493
350
67
123
347
54
417
337
338
282
400
90
277
467
181
246
376
281
148
485
500
35
5
27
246
187
238
323
460
233
294
261
59
117
396
461
214
63
28
454
323
201
357
17
166
420
139
448
389
376
462
76
110
397
328
293
178
45
130
387
25
134
242
203
293
436
38
384
405
24
252
466
73
182
358
344
235
169
260
336
26
31
358
377
214
252
472
288
52
103
94
206
374
367
481
193
284
185
