46
270
431
270
248
150
297
89
155
147
321
239
141
100
272
469
476
415
354
222
82
28
332
250
322
224
298
280
318
42
204
229
103
224
3
298
361
494
94
129
483
65
145
29
71
485
463
470
102
138
89
248
418
99
371
319
493
372
25
20
172
431
8
331
450
240
141
500
287
52
355
246
64
132
99
41
288
161
117
478
247
115
361
21
237
350
392
128
5
418
233
410
415
450
225
381
430
49
191
328
153
175
70
152
412
415
336
257
72
229
336
188
83
320
479
163
257
475
341
30
439
377
383
403
270
18
441
217
453
390
156
244
471
168
453
407
479
466
446
167
30
97
46
481
418
147
229
488
324
458
269
254
336
197
262
298
194
467
425
32
66
78
454
365
438
352
144
91
238
360
22
86
251
482
309
455
415
338
340
241
308
111
275
70
263
318
63
341
457
219
127
221
491
401
47
256
426
110
94
263
394
435
356
276
19
305
69
198
471
6
399
132
325
430
366
410
124
422
245
162
252
298
213
355
17
23
72
411
213
246
387
219
102
325
346
50
300
175
339
328
230
347
173
106
51
442
227
77
212
452
355
327
471
495
322
34
230
341
115
471
296
32
363
419
9
374
13
84
177
190
337
27
201
458
118
384
204
352
54
328
15
424
272
360
90
156
332
37
116
473
341
328
264
387
172
310
313
432
230
443
88
64
168
253
235
438
175
244
373
379
56
11
462
172
41
62
252
491
366
110
455
369
150
410
7
470
220
97
488
442
308
108
188
457
395
291
295
397
402
90
343
63
160
98
271
79
369
299
292
449
473
172
442
303
7
230
67
21
313
324
409
331
198
362
140
383
422
399
135
417
397
354
475
4
127
192
158
306
392
97
395
387
429
293
154
33
149
267
56
324
272
464
177
384
182
22
47
244
430
200
368
8
340
390
276
296
254
246
261
37
427
329
461
334
131
80
354
7
489
242
181
212
353
53
56
122
234
29
385
169
64
236
281
323
431
10
279
439
195
274
473
431
189
332
219
478
77
359
434
312
496
276
404
429
399
192
44
125
282
484
107
224
129
136
367
325
81
381
413
151
232
92
355
20
40
417
51
70
378
15
266
365
467
478
14
10
425
5
30
196
276
356
80
97
398
355
338
102
483
323
293
310
488
240
118
227
166
415
293
473
332
72
172
216
428
241
462
97
363
316
250
22
122
309
362
223
480
369
291
142
40
497
34
181
61
68
173
225
164
20
489
213
343
121
283
289
481
258
294
305
161
239
200
383
119
207
346
288
423
200
25
70
99
126
81
346
36
158
47
284
410
242
158
305
195
19
418
487
171
435
490
372
250
459
169
220
252
450
469
214
127
347
420
28
189
192
394
434
428
266
264
357
249
439
61
7
428
415
293
308
220
290
463
6
482
378
52
205
223
90
90
185
88
272
422
294
68
12
190
313
425
188
339
180
385
78
212
148
53
311
178
132
82
348
497
83
44
394
498
473
89
440
278
162
218
78
257
405
498
72
357
322
275
155
226
84
408
127
481
66
65
2
270
471
85
363
327
276
487
46
388
436
245
415
248
276
62
275
289
292
2
484
348
403
376
386
26
395
266
389
79
25
24
298
421
245
390
177
412
450
7
56
177
382
360
428
243
490
126
140
41
232
146
44
160
390
40
37
189
478
472
31
224
204
489
20
36
214
32
207
178
129
36
396
329
15
191
418
344
471
133
499
5
402
287
361
301
60
191
344
256
76
111
364
66
248
109
253
350
223
68
274
408
57
67
110
463
410
258
199
339
163
478
490
53
174
298
147
27
420
196
465
124
57
494
157
198
204
292
181
381
401
354
8
332
164
472
287
279
62
448
284
446
278
69
320
120
77
77
487
425
476
332
464
483
482
375
20
151
343
417
231
378
192
368
52
63
264
245
137
124
265
10
338
210
197
38
333
134
242
177
260
342
276
359
254
421
268
486
108
130
379
160
457
354
83
301
476
209
269
158
475
342
279
275
139
265
364
339
188
406
469
58
226
338
280
245
353
303
260
312
424
77
298
20
107
491
172
110
471
290
211
239
153
454
58
139
407
50
184
75
217
104
362
132
309
335
415
318
359
482
102
285
298
373
146
7
206
4
249
64
213
133
289
218
397
134
104
58
393
460
105
339
254
348
214
171
144
497
186
95
208
335
376
163
34
456
162
308
296
206
266
161
266
414
305
331
465
275
153
158
482
450
81
143
137
442
362
306
319
163
89
376
218
253
401
194
87
287
479
157
102
290
236
204
341
231
460
362
163
