242
364
6
59
213
288
11
465
203
163
137
108
216
462
282
199
220
302
177
89
289
469
221
148
200
485
26
287
418
307
378
187
356
86
355
14
188
305
204
282
327
7
425
10
318
74
340
32
85
15
122
369
97
169
350
470
197
178
184
431
431
430
272
56
352
441
405
62
367
67
122
174
431
272
71
449
432
79
300
126
444
12
459
127
180
357
269
373
372
18
484
483
224
7
491
348
309
90
290
162
305
199
259
287
282
454
283
169
155
285
12
148
26
231
267
225
123
26
236
271
106
498
237
464
444
112
336
265
420
362
131
452
324
378
9
373
486
101
154
288
20
100
199
408
43
188
144
492
424
84
264
82
149
190
271
297
169
273
432
232
283
140
75
80
79
484
366
11
186
131
134
241
111
107
446
394
41
262
410
471
276
288
200
344
166
346
38
182
232
260
18
339
260
155
28
186
164
356
375
460
249
410
208
255
470
445
228
130
148
491
251
208
325
6
398
24
293
90
491
148
238
54
178
202
476
151
142
166
493
339
333
181
113
472
121
192
135
165
149
213
148
126
275
359
93
201
309
201
428
361
118
281
219
390
339
11
51
99
478
73
9
289
64
71
483
199
135
367
241
336
350
123
101
179
270
258
395
30
471
379
297
408
45
80
146
285
129
306
361
249
462
16
144
352
479
225
128
277
442
253
252
91
42
494
71
386
436
484
83
185
213
467
409
393
377
110
120
426
4
37
68
478
17
72
163
53
153
220
247
490
486
292
20
24
458
491
257
473
306
8
196
390
131
283
185
106
111
325
131
450
283
474
170
153
420
244
213
376
251
61
434
164
378
346
452
168
409
266
113
489
36
16
295
43
241
222
415
6
32
33
467
23
272
28
209
346
322
452
370
389
414
18
330
260
244
309
4
105
49
298
5
406
227
24
189
491
380
231
128
459
241
101
246
165
293
40
266
273
223
463
447
350
140
34
416
473
194
74
498
36
402
263
146
135
161
123
61
156
301
221
184
400
25
21
380
87
36
79
97
496
241
22
117
466
296
245
206
472
82
287
38
474
236
165
101
11
52
246
301
88
248
206
349
136
214
209
52
262
292
481
366
447
270
460
47
215
261
187
182
145
386
155
164
120
28
38
490
204
77
439
173
297
41
253
57
423
207
228
285
102
320
362
449
429
153
387
445
411
218
163
381
48
136
24
104
403
29
358
155
470
243
2
410
109
329
236
354
22
153
294
499
155
181
42
268
96
481
476
360
423
318
334
375
396
29
434
24
393
478
184
247
28
198
191
496
469
212
108
65
214
342
207
31
457
456
166
122
422
193
155
276
411
133
171
38
447
24
456
106
83
147
327
192
99
197
496
374
269
373
62
498
471
402
123
393
278
481
193
268
480
185
483
118
477
405
34
217
99
412
397
122
230
327
115
225
497
124
500
481
427
257
15
201
381
354
156
296
430
44
242
289
433
128
347
287
338
229
229
354
141
338
287
11
253
178
241
283
361
160
214
50
73
148
432
205
8
284
314
476
221
422
12
344
137
38
66
117
90
68
171
177
450
223
182
231
44
218
354
2
261
118
173
164
42
469
1
280
157
371
304
91
26
381
127
499
339
96
18
226
368
22
4
289
148
149
134
192
77
6
271
437
161
420
230
411
379
309
339
215
224
248
88
430
313
40
437
366
110
308
176
399
126
41
151
131
220
51
338
480
454
101
449
184
103
67
18
442
400
270
347
303
95
471
290
321
174
61
281
244
412
357
106
378
417
184
394
313
159
87
375
454
299
429
302
423
443
84
272
9
54
46
437
297
432
478
6
236
134
468
337
16
444
271
171
361
41
58
137
174
240
72
178
265
254
410
451
163
466
288
86
160
465
461
417
234
445
376
265
257
480
384
286
466
292
74
2
427
14
197
453
2
366
18
54
181
30
149
13
455
202
317
314
458
377
390
354
162
15
381
418
114
238
198
377
306
191
16
364
153
380
213
75
214
495
231
465
40
157
304
417
66
479
76
481
341
357
497
120
467
62
26
28
415
129
332
89
423
340
122
316
194
296
44
106
351
460
347
382
209
45
232
131
86
8
245
398
49
388
404
436
216
57
193
457
67
404
158
31
443
136
135
69
350
192
456
277
385
302
460
221
59
183
220
22
269
23
459
154
352
439
211
267
271
224
64
292
4
223
117
9
285
480
302
178
254
435
208
358
87
9
259
220
350
441
240
357
217
23
382
1
78
133
113
418
53
148
110
104
328
189
288
42
375
193
183
285
128
9
296
73
