129
268
444
219
483
37
119
180
223
443
454
49
456
27
134
1
414
455
259
369
144
281
105
326
321
116
227
315
288
33
475
180
495
347
167
233
487
303
124
33
372
388
217
104
37
79
7
123
110
196
310
402
182
44
371
34
174
92
63
221
150
481
83
440
311
377
388
432
86
472
158
122
259
363
112
330
346
5
492
63
212
56
494
304
42
330
43
277
234
351
451
207
465
219
389
340
354
117
245
63
380
377
440
338
195
409
469
45
238
287
351
438
39
233
76
458
256
411
169
171
335
230
455
336
435
145
249
151
413
189
291
460
25
241
277
500
15
469
301
3
65
105
205
189
97
156
78
115
343
477
89
477
438
488
248
48
154
294
444
291
395
401
356
40
241
303
75
6
150
444
81
320
462
175
44
19
353
336
267
484
297
232
171
455
250
97
120
430
102
396
85
488
446
445
310
325
410
478
355
54
228
379
94
477
218
430
393
412
331
293
172
210
156
208
392
393
255
111
100
410
189
431
488
189
337
197
21
89
125
194
486
243
100
120
118
174
176
262
277
248
203
256
16
98
3
290
139
317
441
452
450
64
78
14
72
99
226
385
375
111
315
32
415
300
297
18
354
149
112
161
197
273
141
380
430
204
131
169
386
387
425
305
373
362
250
498
108
394
39
211
85
485
479
461
229
73
455
97
177
124
458
401
334
110
131
207
445
425
373
201
266
297
52
275
420
310
306
288
313
119
132
71
311
325
412
282
151
451
345
153
294
102
435
136
412
234
453
53
288
352
431
318
40
233
64
94
287
68
219
264
411
14
24
186
319
491
96
215
393
220
438
112
40
496
305
429
368
22
272
390
57
109
293
325
405
65
81
456
445
117
88
313
50
428
291
450
382
312
33
318
82
376
44
195
52
48
190
141
463
212
57
60
8
284
49
396
2
46
447
283
124
327
465
244
235
312
386
352
469
324
222
197
27
367
472
94
395
306
440
128
31
215
489
239
165
264
263
361
118
229
338
94
323
257
338
353
207
476
39
468
394
210
235
367
309
442
455
430
243
387
380
306
319
124
101
255
397
388
162
310
328
15
278
448
119
88
39
49
488
138
441
318
465
474
483
460
311
272
491
262
94
327
271
378
15
273
270
227
52
246
391
3
186
106
247
296
135
318
122
406
490
159
367
146
22
272
418
92
151
387
59
363
449
330
220
58
472
19
345
286
311
247
42
170
488
426
134
147
11
380
439
496
405
179
345
127
382
469
283
38
100
410
54
364
323
162
19
131
197
6
496
274
478
196
360
155
8
197
448
102
359
300
289
16
225
50
241
358
449
77
350
446
13
93
315
44
283
171
361
25
285
483
219
297
3
39
151
279
148
385
10
198
361
123
93
67
162
159
162
235
200
198
286
115
441
470
279
390
366
473
407
255
185
409
472
173
260
200
461
368
252
499
8
282
469
55
277
468
77
75
196
3
92
217
492
267
330
402
338
69
90
332
479
439
429
244
150
427
112
288
215
436
421
427
253
133
265
65
231
210
15
269
482
437
193
145
245
234
438
8
284
342
146
332
5
396
437
406
260
11
255
142
204
280
486
65
179
454
424
375
365
420
81
305
60
151
243
414
415
481
4
328
390
262
110
144
148
194
266
63
305
345
373
411
372
386
319
168
481
103
268
206
321
46
84
89
466
384
447
484
443
457
65
261
13
98
477
334
394
26
74
217
107
240
172
447
197
163
9
62
228
353
69
443
353
246
379
269
270
195
128
215
154
306
37
455
78
65
395
368
450
179
352
74
59
75
156
143
198
319
37
361
142
44
16
217
298
130
58
414
316
28
3
46
243
363
268
188
394
319
227
416
82
364
454
500
254
257
76
330
57
67
473
134
346
66
210
6
10
136
196
89
113
58
419
182
201
244
214
77
74
238
189
72
172
376
272
3
65
498
97
454
120
325
390
491
168
480
146
190
213
453
396
266
155
336
318
269
189
341
449
33
151
394
262
202
87
445
378
112
163
398
481
72
47
136
296
374
172
149
76
298
254
247
65
366
39
159
361
206
217
144
402
104
497
292
319
454
479
58
337
500
178
13
190
180
167
49
146
343
67
77
390
289
326
428
63
336
52
57
130
73
65
59
475
453
379
465
93
185
458
144
229
158
336
7
191
296
227
316
419
487
332
325
445
296
203
454
406
394
227
175
186
168
246
234
42
418
42
273
16
146
477
153
459
414
69
178
11
207
71
35
108
336
304
62
242
64
488
23
174
291
85
127
193
76
214
334
479
130
