195
188
71
319
105
170
232
115
476
146
93
174
223
492
392
60
123
269
406
90
411
437
455
285
68
247
178
372
475
50
449
201
51
43
194
388
341
121
322
265
44
157
181
337
457
401
402
130
142
184
344
488
13
329
471
437
199
43
236
468
180
195
326
315
87
241
190
373
319
468
53
494
417
170
462
331
16
356
174
423
179
458
369
225
296
131
397
344
246
181
278
327
30
201
388
469
169
371
118
138
494
71
238
274
347
383
479
413
64
417
216
291
117
184
54
490
174
460
170
188
248
152
89
423
336
315
81
144
224
474
76
356
479
44
438
128
488
331
486
487
232
338
136
121
395
470
297
190
425
210
223
363
257
24
362
331
151
135
403
260
197
182
143
141
191
134
135
448
330
500
43
424
2
126
4
448
356
180
60
441
236
123
498
486
336
357
352
231
196
93
366
177
82
348
305
134
330
132
8
214
44
483
241
104
153
387
111
492
358
267
394
91
76
25
20
251
135
356
235
43
452
75
445
199
444
203
237
379
488
210
75
69
185
360
401
90
95
109
119
211
429
117
302
442
103
240
241
419
465
405
86
490
286
377
371
243
132
286
319
433
414
21
260
308
333
30
368
167
2
230
145
457
363
422
196
292
168
90
416
426
210
239
67
334
362
342
390
218
274
500
133
404
373
303
218
168
63
273
172
170
20
156
101
228
214
496
163
183
63
119
219
164
293
200
292
365
441
204
95
422
142
13
305
311
355
391
173
235
407
261
124
199
266
354
253
32
412
205
455
231
450
233
482
107
54
382
283
179
59
78
108
285
3
468
379
474
440
333
125
235
181
340
272
413
450
478
89
362
384
217
368
433
476
3
143
130
49
158
214
450
176
78
316
461
207
234
417
85
308
389
124
329
178
27
478
419
150
351
136
16
41
429
349
432
80
98
142
34
428
195
18
191
457
275
85
31
227
5
12
254
254
253
79
199
351
46
284
7
214
232
347
236
232
62
362
355
276
86
301
74
322
300
263
346
430
473
81
115
347
422
210
258
164
252
139
42
387
390
182
340
372
423
220
365
232
120
264
314
281
406
475
178
299
476
312
298
161
10
415
62
56
165
479
407
488
80
81
47
219
257
137
101
424
167
453
416
119
241
175
484
84
368
445
406
195
492
2
101
375
138
113
462
271
247
212
81
46
423
459
464
261
339
401
400
205
120
18
174
457
292
493
156
241
5
187
61
448
357
200
209
179
348
116
9
317
415
161
85
51
200
420
458
56
253
163
474
334
349
429
183
409
355
298
375
80
495
98
465
20
97
281
471
80
345
294
14
34
27
380
125
303
64
310
389
428
284
211
309
160
38
397
422
174
362
100
53
471
247
137
75
21
156
356
423
398
276
439
490
333
89
465
91
386
195
89
192
66
2
119
376
317
301
363
197
472
249
76
405
169
493
444
360
358
132
232
141
61
275
6
247
157
415
460
477
393
196
13
335
280
93
411
190
332
43
486
383
156
79
178
226
439
94
182
202
214
372
233
408
216
279
188
490
491
76
156
223
407
485
29
217
473
427
401
268
404
488
283
387
497
174
274
107
429
380
362
181
266
52
386
158
356
467
42
314
52
212
446
27
368
52
134
321
100
399
12
496
34
256
232
124
289
303
499
120
209
213
424
449
386
326
188
231
478
341
282
430
184
246
58
400
6
400
474
73
90
454
329
420
148
85
85
276
418
238
479
435
397
163
261
287
151
444
57
435
249
198
202
429
184
357
320
490
471
173
144
237
178
401
346
17
485
153
355
294
291
316
442
181
127
483
334
12
2
40
444
361
119
216
296
227
133
126
142
169
122
94
267
321
443
239
428
71
394
307
88
417
224
297
347
100
236
309
354
63
221
77
166
35
369
399
344
208
342
454
357
486
170
194
347
371
49
89
401
172
144
243
429
195
455
160
454
338
136
28
14
470
105
341
433
117
315
280
460
335
222
231
69
27
75
386
156
211
71
87
288
356
276
38
213
463
367
207
115
167
70
441
492
184
465
20
95
91
472
349
438
202
258
261
487
269
278
302
196
315
53
246
70
251
94
417
171
232
84
473
238
121
14
160
188
401
53
465
160
471
439
89
106
114
103
97
500
419
134
498
147
246
42
451
307
369
486
465
341
220
22
99
14
272
90
420
5
192
171
401
231
470
26
395
258
71
272
189
495
195
464
381
82
369
278
31
178
153
460
356
267
147
105
300
83
13
17
82
249
273
406
421
430
246
304
486
316
16
281
22
140
293
91
484
192
260
