411
346
487
49
291
68
247
500
295
472
474
453
426
455
56
339
230
498
394
432
482
462
151
423
56
9
191
135
126
82
375
265
127
451
158
460
171
198
500
49
275
357
269
3
64
272
11
286
145
81
6
48
346
469
23
140
57
43
434
356
32
477
479
174
101
16
163
35
386
357
95
444
371
68
328
285
322
12
99
456
151
48
217
213
476
443
179
129
26
304
113
229
467
35
187
458
342
378
202
481
291
492
456
223
489
320
121
324
124
457
106
153
385
195
12
296
160
322
426
333
40
407
46
460
17
174
404
75
306
266
207
15
363
119
1
161
363
432
63
375
417
188
465
480
163
367
156
250
157
476
472
287
166
277
288
127
63
225
74
319
307
11
45
94
236
423
182
396
181
156
481
277
304
489
490
266
360
99
211
374
346
317
62
69
471
176
457
406
339
110
173
420
115
148
344
195
410
42
296
399
140
302
218
134
216
299
84
166
429
28
79
83
444
439
290
343
395
262
248
338
125
366
282
42
480
368
87
23
181
105
429
2
478
180
184
389
65
111
286
102
244
92
460
109
479
81
90
301
140
90
165
277
231
413
27
289
127
96
241
148
477
8
82
1
292
366
498
449
108
466
252
153
387
11
83
407
100
141
287
238
277
181
100
103
217
426
343
45
481
327
191
448
229
419
27
449
171
43
194
91
343
464
106
273
158
81
63
429
190
18
481
337
121
103
421
182
274
493
43
40
30
335
80
201
3
451
194
64
7
431
284
63
160
11
316
190
313
256
36
50
182
347
87
394
79
24
210
105
49
154
106
433
129
24
80
297
295
254
374
223
236
127
315
451
172
249
43
302
450
74
36
413
320
417
163
90
412
277
7
391
118
19
162
196
362
120
42
177
202
258
372
450
387
335
96
334
90
427
431
498
173
312
181
56
67
426
271
249
94
152
445
163
331
228
181
458
144
126
241
439
97
71
302
131
62
451
63
418
104
153
303
315
130
5
313
399
330
352
239
61
243
260
407
109
317
251
487
155
305
91
81
101
83
476
359
480
94
113
321
39
137
177
370
105
369
217
349
90
172
151
69
128
44
211
381
233
52
459
251
480
328
123
243
76
479
119
355
278
361
212
123
221
244
313
201
414
46
331
220
186
196
441
101
225
412
269
303
150
344
420
152
125
410
14
265
239
169
56
477
249
47
414
436
212
7
238
83
111
334
86
87
264
177
185
181
343
308
61
251
422
140
275
398
443
342
108
491
308
333
392
95
321
419
411
181
150
259
339
50
353
499
180
79
500
294
15
175
239
182
351
270
216
62
463
342
473
102
227
392
108
339
176
13
314
199
73
133
218
20
13
117
136
462
475
202
315
113
133
436
315
265
363
104
60
352
358
471
74
70
438
412
30
233
354
59
316
356
359
485
273
88
342
55
184
432
132
62
257
182
335
18
196
407
409
46
332
351
36
311
319
83
134
52
138
104
477
123
10
431
469
499
308
331
463
223
423
99
49
267
131
46
240
23
292
455
194
310
125
45
134
65
300
336
272
220
273
364
454
383
475
17
359
71
89
491
78
493
431
451
153
469
254
430
122
22
472
28
78
354
22
354
485
172
281
67
247
255
209
330
105
181
14
55
196
23
432
233
237
443
40
279
361
454
222
101
201
8
272
162
49
20
29
276
44
412
495
393
210
91
179
223
382
229
491
267
441
425
268
424
213
300
65
46
464
318
281
413
388
238
489
368
286
176
474
302
228
275
342
3
301
459
231
94
172
294
480
56
205
417
334
42
221
205
287
2
91
68
5
1
354
186
303
441
104
208
62
343
91
329
388
228
413
61
312
268
92
481
18
382
382
464
115
345
184
265
156
391
71
155
416
309
333
478
6
452
458
144
382
19
439
62
234
274
33
410
100
307
110
162
72
117
355
113
188
244
332
196
411
280
432
49
285
294
348
403
319
310
480
164
76
412
222
128
365
339
184
415
403
213
412
293
131
493
64
207
460
438
261
342
74
170
324
60
407
126
449
481
408
433
472
23
221
86
14
169
407
237
490
444
30
488
435
2
47
63
15
101
64
28
226
379
98
352
413
200
479
370
158
424
469
498
400
39
481
154
226
366
491
294
430
21
339
443
466
242
266
347
472
347
455
387
406
294
457
62
259
272
123
265
112
317
396
362
98
80
70
485
395
41
236
373
465
68
485
281
474
310
26
156
263
130
195
267
220
398
189
351
328
160
2
260
467
422
469
457
474
422
85
291
291
402
178
420
407
441
461
431
110
492
47
