390
169
64
40
471
434
430
228
232
186
274
371
299
125
264
71
220
464
363
51
255
363
120
458
500
422
435
65
99
282
166
224
360
333
202
476
188
138
457
316
287
355
182
49
331
325
394
239
426
450
172
401
390
286
387
427
442
271
306
164
161
240
386
450
477
330
347
440
66
95
368
263
100
462
181
378
262
255
413
215
164
77
342
415
449
435
29
400
80
20
405
91
116
126
274
140
272
15
125
168
409
415
217
475
192
256
96
211
287
351
307
17
186
93
363
57
213
339
255
178
426
177
29
455
455
270
264
416
90
77
229
45
315
196
370
79
477
478
122
22
199
96
207
336
488
339
409
346
39
224
261
431
398
94
259
483
135
356
145
197
20
179
21
180
82
112
179
251
315
236
495
160
204
411
144
335
388
109
371
202
282
307
451
214
419
404
171
172
129
8
307
329
170
401
445
403
390
345
92
148
425
73
357
436
174
318
295
367
445
189
307
114
288
369
23
248
285
463
254
252
390
20
486
359
203
7
298
493
346
70
186
477
289
67
366
419
494
269
473
126
309
138
467
74
298
432
484
135
43
73
158
315
391
346
293
45
261
318
389
76
363
117
318
206
163
23
414
422
149
313
25
62
453
473
411
350
43
333
322
161
373
475
190
485
322
22
357
488
80
377
337
29
116
7
197
426
328
269
39
458
61
391
390
406
123
324
177
33
43
440
407
59
492
338
452
324
95
270
498
370
389
26
36
310
207
151
456
100
379
187
273
87
402
32
295
241
100
179
385
284
20
387
396
267
219
126
153
273
82
26
99
291
105
296
204
366
109
326
247
3
121
225
153
220
70
414
458
16
290
205
424
15
499
297
352
107
32
353
228
410
475
140
397
152
484
74
3
431
282
71
442
65
129
87
66
126
430
487
293
252
309
491
286
155
417
359
79
3
419
2
57
127
125
441
297
348
227
45
77
270
429
13
403
102
257
426
484
368
374
46
34
40
190
458
246
379
453
170
421
291
184
316
261
58
62
214
13
43
81
297
384
185
221
467
215
19
273
80
314
129
163
154
176
129
432
145
51
93
144
95
140
435
442
9
321
424
354
484
168
329
433
5
128
44
482
219
149
27
229
442
428
173
129
317
174
265
202
124
26
303
288
17
193
299
245
484
473
281
32
82
498
271
209
306
431
232
318
405
349
245
197
118
9
18
116
23
201
171
387
126
431
368
368
413
317
240
191
449
46
412
93
184
339
386
71
378
177
304
383
379
155
17
180
124
472
329
199
81
367
67
125
26
365
25
28
40
441
431
230
470
146
141
66
19
27
90
15
421
320
458
377
22
339
116
119
487
125
317
291
54
449
317
117
96
346
263
35
479
204
114
327
135
195
361
186
50
364
174
233
451
35
447
386
184
295
415
164
370
42
287
336
46
145
247
467
182
136
121
154
289
149
207
77
363
95
309
139
499
4
496
52
53
127
372
464
323
198
423
416
373
141
469
266
170
167
34
242
279
495
72
12
402
329
163
262
67
144
212
145
177
337
3
196
368
205
401
227
57
364
208
220
151
437
205
288
277
44
285
276
90
481
181
297
437
159
128
20
398
208
216
142
466
312
232
151
82
337
440
381
30
67
435
433
244
60
328
12
235
143
68
497
314
242
483
298
52
157
88
20
345
294
32
280
229
93
82
293
432
1
308
472
353
198
478
335
459
246
418
348
382
309
269
452
434
464
14
19
36
297
350
211
158
36
109
32
189
500
354
73
56
101
166
331
375
185
230
128
168
241
211
94
359
460
189
339
155
267
265
249
257
140
156
222
1
409
437
258
484
380
342
494
62
255
239
288
356
469
114
298
106
363
114
303
25
174
443
240
169
295
112
342
350
90
68
68
243
48
56
213
375
13
126
264
228
45
409
225
314
54
190
273
291
363
91
124
301
378
351
362
358
68
469
196
383
302
176
407
120
69
220
392
218
210
365
117
208
253
283
234
312
188
218
34
284
304
280
279
84
223
274
463
449
177
45
345
41
203
287
436
196
7
112
190
170
141
186
264
258
429
220
183
285
334
221
257
314
480
424
397
117
392
285
203
152
104
427
55
318
170
239
111
5
40
118
375
183
137
13
442
39
27
78
413
231
113
289
54
98
433
468
77
257
217
275
285
104
119
164
430
172
17
342
257
8
278
163
56
109
470
174
175
134
146
8
325
249
166
43
36
234
148
216
111
167
87
351
426
211
406
67
70
266
352
216
167
79
183
419
363
93
414
270
44
119
359
298
169
466
104
60
