397
117
103
83
499
336
274
485
217
24
102
6
409
350
495
143
395
141
285
428
155
220
449
80
463
298
361
33
279
311
109
307
53
143
351
353
8
382
295
214
372
287
279
372
35
412
96
38
275
196
15
435
411
53
48
122
83
391
240
219
478
142
91
341
131
15
292
253
429
44
356
145
451
110
487
344
336
200
359
310
201
173
153
358
468
36
446
494
416
372
423
442
77
441
98
22
32
17
139
344
264
287
128
186
81
261
245
480
105
150
263
318
375
199
492
247
363
201
182
264
80
482
89
451
386
470
380
455
367
479
214
104
208
402
70
200
388
383
238
279
36
96
246
222
157
491
468
269
339
403
175
465
179
245
319
64
87
425
471
44
408
258
467
116
262
328
16
454
384
488
488
86
81
173
452
152
169
155
275
392
59
65
135
350
94
241
60
301
325
158
449
482
392
285
242
448
69
183
333
258
200
288
444
71
334
270
265
495
234
386
264
256
185
76
395
43
471
333
377
337
410
309
116
41
268
370
110
119
214
181
268
221
108
207
227
301
487
24
294
137
130
86
29
352
91
114
493
500
321
15
33
484
352
264
191
78
72
192
179
304
66
346
476
250
120
151
29
163
282
424
462
436
432
29
239
132
196
54
283
234
493
72
146
132
477
63
74
125
327
30
445
152
365
58
317
131
125
427
176
128
288
115
124
112
60
428
376
265
468
15
45
302
38
461
57
366
74
180
67
423
354
418
117
369
52
5
497
249
433
210
279
232
251
232
494
330
410
112
183
484
39
373
58
308
339
423
441
469
184
418
192
158
149
11
444
358
192
487
271
82
97
64
228
39
103
11
287
425
344
316
401
390
200
181
235
235
9
393
341
449
175
22
33
242
369
53
350
205
286
450
237
179
328
154
405
102
345
283
1
405
408
5
341
103
207
41
173
273
249
215
411
181
60
446
270
437
153
249
257
235
299
493
173
18
342
481
163
3
163
181
334
193
322
265
9
187
379
101
260
308
288
275
345
75
321
164
2
67
52
156
426
166
217
399
219
371
211
297
440
371
426
494
182
280
443
133
498
352
479
31
361
198
90
384
81
407
373
141
353
323
449
19
49
164
389
284
158
375
390
83
362
180
208
318
248
52
420
333
272
162
21
424
240
249
402
435
471
187
120
467
205
133
88
53
440
373
204
144
190
44
201
193
5
33
480
376
20
471
74
5
493
278
65
19
376
194
338
27
178
150
112
73
445
209
168
418
168
68
319
274
485
440
471
13
288
327
214
16
126
379
435
200
46
89
57
171
158
46
398
134
300
279
332
63
399
493
475
314
328
411
368
225
241
474
201
48
4
30
347
385
197
117
118
446
137
443
227
453
329
98
361
370
405
494
261
245
75
374
122
462
446
500
83
111
305
484
281
159
118
183
17
74
402
155
173
167
131
233
426
148
253
352
265
125
139
16
302
138
114
355
112
477
92
79
408
415
467
138
400
322
132
254
491
451
367
33
47
294
196
118
427
411
216
277
230
185
272
179
262
78
271
108
484
147
344
83
289
161
26
349
153
104
126
98
181
162
329
304
44
176
129
275
159
115
87
495
424
135
492
7
250
281
78
55
29
179
362
234
127
50
59
90
355
286
339
42
441
34
148
356
263
448
147
364
437
409
133
335
248
211
84
24
347
336
35
441
458
252
354
128
91
388
470
122
470
263
121
104
121
355
318
455
115
335
178
128
350
265
121
326
256
422
8
479
415
180
445
377
262
342
127
444
205
208
275
90
65
354
118
322
388
329
395
334
409
340
431
411
135
412
277
189
375
472
125
247
468
402
354
328
311
316
281
341
386
402
221
264
203
3
121
392
362
482
292
26
377
126
275
484
164
305
260
123
55
478
350
409
266
180
243
334
410
308
326
25
428
455
491
288
77
272
472
266
41
468
120
109
183
124
467
252
51
249
279
67
128
289
214
84
488
260
189
25
353
164
372
119
476
413
83
425
444
252
198
431
346
226
96
497
117
370
322
267
70
286
446
224
484
354
10
130
323
490
173
400
217
426
16
145
25
196
90
199
205
458
473
227
405
18
421
169
479
361
111
202
281
494
194
207
118
278
450
232
472
387
85
2
131
33
268
488
442
175
465
245
41
341
233
118
163
64
439
477
100
486
116
337
235
77
58
101
83
28
467
11
294
298
208
99
293
235
471
444
442
404
447
496
156
321
399
183
60
236
132
198
252
489
266
244
401
269
22
340
29
338
214
306
268
346
446
302
373
137
424
132
93
175
456
181
