253
475
464
253
472
69
404
470
431
168
109
76
348
435
257
262
214
1
26
166
60
155
134
116
195
304
128
422
447
173
13
266
226
397
53
169
47
274
328
74
408
4
434
375
75
329
251
403
349
461
94
179
423
287
250
187
211
390
250
123
142
196
444
23
230
138
379
371
449
410
55
275
11
40
201
285
51
328
238
89
387
441
2
169
432
420
269
199
249
240
288
426
260
100
175
182
466
399
205
9
487
349
332
499
102
201
343
299
436
161
68
108
159
6
384
18
65
456
410
26
465
333
239
239
266
26
443
355
406
76
106
292
254
72
184
135
370
216
157
381
492
329
429
182
260
434
354
107
115
199
474
198
401
174
363
497
208
322
495
256
2
278
428
389
58
43
409
393
22
111
194
180
72
108
86
379
474
77
414
356
415
351
266
420
262
365
28
173
85
178
169
234
288
103
399
79
413
360
40
18
130
450
184
102
400
446
141
106
218
415
470
430
335
279
339
341
436
444
55
151
346
444
226
159
307
261
87
190
201
178
169
303
464
41
222
205
247
291
327
302
209
221
296
256
264
30
184
189
223
105
388
358
371
294
160
160
44
42
48
361
91
175
149
417
105
222
453
432
274
29
143
457
298
347
9
103
314
339
130
485
292
243
320
465
426
404
52
29
271
440
58
470
304
375
378
248
266
132
3
457
266
414
397
430
132
369
411
13
23
447
152
434
215
264
75
82
258
471
67
249
367
210
160
183
295
140
309
208
345
28
484
261
233
150
196
484
398
144
318
438
245
457
179
366
164
257
50
162
163
190
298
365
373
60
178
241
349
460
409
394
140
5
87
354
246
1
425
145
254
347
52
132
85
163
416
428
398
447
193
102
97
252
484
190
431
76
313
127
262
359
437
154
155
126
90
160
259
240
7
335
390
189
161
210
381
91
475
387
31
50
388
324
438
417
436
443
206
447
57
361
281
312
249
10
305
299
365
239
166
432
184
444
336
439
116
117
241
158
34
327
273
186
306
199
83
227
176
118
191
320
216
294
306
231
261
35
480
467
225
26
100
410
449
449
274
58
91
230
15
293
185
126
50
1
200
199
13
32
465
379
460
459
492
182
142
78
379
312
317
295
167
368
191
400
273
68
139
176
422
109
245
161
438
209
5
3
129
31
472
363
295
109
391
422
242
299
178
235
184
480
190
104
172
275
147
202
431
163
414
255
256
270
267
365
444
92
31
28
24
422
148
38
451
37
330
1
89
476
331
409
58
323
214
488
326
153
89
54
268
403
92
432
460
172
181
375
22
74
55
179
389
237
499
390
20
286
465
317
379
132
120
477
467
366
428
470
411
196
273
303
38
287
493
74
257
98
460
143
491
52
69
246
222
306
189
432
336
189
162
113
137
282
185
429
257
99
17
316
311
204
207
77
2
292
336
336
130
384
87
247
461
6
375
266
39
238
395
366
261
299
280
101
207
163
383
209
120
241
330
125
127
363
79
131
100
106
94
434
126
316
198
92
100
473
340
268
335
139
426
179
11
108
320
459
198
61
330
309
456
359
211
43
263
452
110
112
36
301
155
256
167
134
344
230
403
336
43
11
417
134
34
29
249
207
313
310
98
322
103
42
117
134
28
347
412
178
473
49
139
496
127
56
98
56
464
110
487
477
397
190
94
278
22
441
482
253
447
96
348
282
59
46
258
176
452
401
129
254
308
424
320
27
205
374
324
403
216
207
257
462
59
413
28
330
106
70
466
304
137
220
213
207
459
494
258
390
10
470
5
256
451
473
435
61
397
112
166
215
47
215
120
287
325
35
431
284
455
462
466
68
356
347
413
39
128
79
121
303
3
314
182
176
227
414
25
118
427
474
306
9
357
363
77
348
87
300
283
380
137
475
30
363
348
257
389
473
391
171
497
105
375
322
29
373
283
363
255
14
446
13
258
399
421
251
41
104
400
330
172
80
3
26
152
341
31
79
136
169
436
493
130
249
162
428
100
96
195
481
227
360
25
14
196
80
146
97
455
313
57
94
461
72
394
246
331
32
460
372
489
264
16
254
201
348
93
401
207
207
157
86
481
411
202
268
307
426
277
171
345
305
93
438
124
276
249
472
95
340
173
492
206
474
356
135
199
21
100
364
346
111
477
61
162
77
416
119
186
220
462
284
202
490
311
356
254
169
480
6
144
140
412
341
366
433
414
326
212
304
287
405
312
35
333
139
74
458
397
108
405
133
82
361
281
85
251
77
460
382
271
160
60
173
335
354
277
49
448
138
98
269
