350
130
449
401
239
429
218
255
447
101
134
496
393
252
36
465
414
318
462
266
349
380
338
274
486
378
498
361
239
109
48
213
382
84
488
313
82
444
223
405
423
15
184
113
240
344
488
478
326
469
340
51
330
350
451
82
266
173
4
339
403
120
433
147
96
460
77
136
207
136
42
258
430
170
201
148
59
372
167
219
474
103
380
182
185
57
137
323
53
460
22
409
262
235
259
219
346
70
376
21
45
82
350
395
317
348
352
403
79
346
365
345
55
466
335
448
336
414
147
497
164
381
63
232
381
56
99
155
206
96
45
455
32
69
194
232
82
194
387
453
239
350
24
314
104
85
180
185
156
474
184
258
486
176
436
213
294
407
479
154
469
365
205
137
318
467
199
377
113
99
131
42
340
315
381
13
448
229
427
463
171
235
336
236
309
378
441
74
184
28
352
364
298
239
405
57
336
224
88
448
132
88
319
280
100
91
483
309
374
61
479
319
12
426
465
207
262
481
153
371
87
182
280
429
157
415
457
16
86
134
11
90
14
277
185
42
213
267
305
382
374
300
444
447
208
432
166
220
300
66
135
66
4
243
178
96
7
104
111
471
239
171
315
315
310
498
352
237
276
173
27
406
450
321
226
181
353
343
212
273
351
197
256
488
4
250
276
475
321
12
165
160
279
41
175
392
134
350
181
71
277
181
285
282
422
26
342
465
289
355
255
31
115
150
109
477
383
179
40
190
420
164
432
429
396
225
409
448
156
242
201
120
38
118
157
164
81
152
90
374
301
354
154
234
398
73
344
409
466
385
334
335
220
357
236
29
67
145
133
416
28
159
192
494
372
261
482
9
105
357
164
469
436
245
78
416
394
261
281
264
316
80
409
278
108
273
88
366
283
158
249
236
347
446
64
51
216
114
382
91
368
64
247
164
112
334
91
147
335
377
410
245
389
18
349
288
168
389
2
475
333
115
204
268
343
459
468
453
80
186
340
40
480
373
203
205
193
435
75
108
281
17
119
133
330
260
260
272
223
425
135
51
313
499
382
293
251
80
43
297
329
24
303
253
238
485
468
450
208
270
87
350
419
480
240
161
484
208
341
310
194
47
21
267
271
138
119
368
189
39
47
181
217
118
274
148
224
62
81
252
248
47
114
299
191
292
367
410
426
417
370
438
453
255
78
98
247
100
449
234
272
480
258
376
340
248
472
420
431
332
319
412
231
70
81
145
202
182
174
427
46
262
227
192
16
162
34
327
305
62
358
409
121
99
196
58
405
368
417
41
374
257
341
67
393
444
179
492
47
368
62
230
288
97
144
228
67
281
491
15
304
440
366
11
30
197
87
436
156
488
12
209
71
358
443
102
274
268
72
336
55
100
220
407
180
206
146
237
230
260
337
146
81
143
62
465
35
366
151
403
374
102
385
164
359
178
245
311
81
167
492
408
71
187
436
457
187
234
82
205
361
68
182
196
334
118
248
46
489
86
65
438
448
72
217
350
268
251
60
48
158
154
118
241
35
347
269
179
9
54
249
170
96
273
350
429
109
184
201
375
356
490
320
433
216
18
113
181
316
119
442
218
431
397
108
272
154
237
358
303
312
39
205
436
201
448
367
465
428
109
454
299
18
144
25
281
242
360
68
327
183
499
388
327
182
172
358
420
15
476
310
209
13
439
41
446
74
279
102
441
73
365
137
361
483
457
328
90
221
181
124
243
138
364
400
77
465
49
28
470
224
458
330
500
367
127
198
133
204
7
452
280
64
431
265
59
149
302
122
11
407
153
428
265
229
291
273
276
332
333
328
200
149
469
69
157
2
30
250
182
334
256
375
33
368
273
392
328
219
387
488
221
223
162
37
275
143
147
368
452
232
187
164
251
124
109
409
290
398
165
178
497
376
178
164
479
456
331
226
340
222
484
197
275
25
308
378
314
109
116
489
102
329
280
9
453
368
307
483
69
359
32
150
7
428
55
485
101
458
55
336
449
66
47
380
192
153
181
232
386
371
137
306
365
112
76
169
359
368
138
379
146
305
263
211
37
453
136
492
192
76
383
375
4
446
339
135
225
68
48
72
203
373
221
58
313
23
76
434
410
21
368
49
134
250
458
173
10
76
194
352
444
173
47
73
240
325
13
161
403
398
141
404
185
436
33
497
294
18
48
372
193
129
326
272
149
364
30
164
477
50
399
351
127
146
347
389
442
190
74
488
386
435
55
383
229
196
284
173
55
303
245
5
245
158
11
358
173
217
287
29
260
260
287
295
107
322
190
8
392
