129
77
320
400
26
310
499
384
366
25
492
150
423
20
181
132
255
444
230
60
129
150
460
302
209
37
21
392
121
448
128
233
194
483
254
423
336
208
352
231
207
290
46
118
53
14
76
27
108
144
182
368
297
59
20
305
65
7
18
35
177
462
183
294
432
248
336
143
459
370
416
342
68
417
114
468
190
29
368
244
412
248
137
398
129
317
223
165
101
375
472
76
35
145
263
380
417
145
291
327
386
439
319
78
29
379
47
469
61
211
176
499
4
388
95
262
39
171
110
468
468
285
262
19
49
125
397
277
57
82
230
23
222
96
92
78
178
39
309
349
34
319
330
8
188
73
493
370
411
283
23
81
73
494
466
300
59
453
281
439
31
467
35
469
412
108
464
225
46
61
479
233
37
220
439
217
379
171
301
279
416
135
391
325
164
265
142
197
35
90
185
47
135
73
56
17
295
414
18
255
18
38
325
421
314
169
175
230
157
19
480
64
142
224
408
232
181
42
448
423
272
372
251
149
95
168
298
83
391
61
334
360
129
59
147
304
353
314
389
402
357
346
319
38
281
352
461
8
28
346
469
83
375
270
198
324
456
197
328
61
57
357
150
376
469
316
86
10
125
398
209
487
258
72
426
447
155
187
143
418
33
100
423
236
356
328
488
112
252
307
261
118
325
464
377
106
11
205
99
212
407
449
9
291
385
29
488
297
10
383
494
122
150
266
101
33
109
174
4
31
116
10
419
362
416
200
220
190
21
172
330
63
259
451
449
128
175
362
86
8
419
214
82
225
377
330
253
129
223
430
14
57
213
287
397
447
374
452
286
432
140
156
157
450
147
102
448
80
84
133
11
442
186
401
124
498
106
288
467
156
36
376
138
172
3
285
406
341
408
185
150
378
273
384
101
191
77
448
157
103
265
186
27
365
191
270
78
171
486
308
404
3
271
54
165
316
65
272
252
418
104
7
96
97
41
352
76
338
270
108
165
63
256
204
63
282
352
407
388
427
107
238
1
216
16
497
64
155
88
325
353
133
363
207
416
34
193
111
174
88
462
413
392
386
147
263
179
106
46
44
79
420
295
198
27
227
108
380
41
63
480
275
479
106
170
356
366
142
295
269
273
415
435
46
132
466
273
224
213
168
265
204
148
88
150
346
336
344
432
426
491
445
285
302
129
477
481
407
436
498
403
423
314
400
426
330
395
67
331
63
373
462
195
36
91
259
476
276
339
482
95
234
209
118
134
191
260
213
262
206
11
177
385
261
105
238
3
257
232
486
237
305
155
389
216
200
286
83
122
493
64
421
373
382
70
258
352
439
99
176
238
401
138
458
479
4
450
29
355
338
85
456
157
24
361
426
284
118
380
126
476
461
377
424
411
407
343
51
227
158
431
20
53
384
433
137
73
354
326
404
142
69
181
67
65
381
385
248
10
71
174
53
123
328
351
295
491
494
221
468
162
292
136
111
184
188
311
140
73
111
356
157
35
113
46
209
329
136
74
242
102
313
144
327
103
376
319
150
327
179
336
289
221
247
166
350
418
439
222
327
434
11
469
29
178
415
422
402
281
474
78
393
371
377
282
469
179
176
27
245
28
413
387
11
365
423
262
498
156
450
271
296
27
185
222
199
433
33
65
364
56
184
310
176
345
500
183
446
373
324
187
214
210
248
81
421
133
198
412
138
335
361
488
146
25
344
208
92
454
233
414
443
362
434
74
416
232
423
59
363
398
199
328
398
384
166
467
115
85
435
413
407
237
257
230
392
112
140
328
273
425
62
450
64
182
341
348
239
318
412
437
160
235
62
423
78
253
230
478
13
315
328
89
278
431
286
37
209
311
486
94
231
484
473
24
167
48
479
276
103
62
343
147
218
175
303
77
53
114
340
155
311
433
74
266
325
36
370
307
191
142
115
158
496
41
107
446
118
42
463
456
259
247
170
17
309
399
117
419
483
455
258
96
385
315
80
359
95
97
129
408
242
251
473
117
248
108
489
227
234
321
278
204
400
11
381
255
212
274
39
95
339
130
396
381
232
4
198
439
33
129
387
403
479
322
11
183
386
155
210
324
351
323
200
294
481
12
207
292
66
94
147
66
356
268
292
195
324
91
211
34
103
395
244
472
225
65
400
161
186
198
114
424
324
136
213
440
154
323
438
79
258
99
117
302
21
419
347
393
124
372
400
61
430
54
25
73
157
426
481
288
305
160
55
478
399
113
255
111
256
38
16
412
334
388
346
481
36
270
298
49
257
283
303
19
334
104
451
149
280
