498
463
363
428
301
208
135
485
63
154
195
496
171
494
342
479
8
380
63
117
340
374
92
320
197
240
397
445
443
243
416
490
145
280
407
37
491
189
72
147
254
308
46
228
58
154
332
382
245
298
149
148
67
87
241
148
284
170
464
341
265
161
12
223
199
460
458
222
259
64
246
411
365
387
361
260
442
223
403
349
36
181
303
301
256
220
495
331
145
66
241
272
388
250
33
218
442
411
253
178
341
435
251
253
453
95
429
487
303
463
19
449
243
428
405
174
190
12
301
179
271
336
54
210
111
50
249
122
43
31
38
472
31
287
54
327
270
186
199
423
308
300
211
170
127
421
376
278
292
342
411
417
60
104
317
102
243
339
270
317
280
475
284
372
286
31
460
224
372
260
10
109
419
332
486
119
319
56
290
106
464
340
101
234
178
142
18
332
146
363
371
295
54
121
350
241
310
335
152
388
230
462
137
55
474
105
209
455
292
96
279
331
369
217
145
178
182
474
139
42
16
299
180
117
400
227
132
486
173
432
10
196
274
427
26
326
368
188
271
209
283
303
445
190
116
311
404
232
452
435
274
57
265
274
226
464
37
478
378
498
177
185
105
241
161
49
189
141
462
3
30
467
378
373
365
43
458
153
355
177
140
123
316
432
209
392
401
27
52
334
147
201
45
213
336
124
417
35
140
116
343
32
366
395
436
205
253
490
136
147
279
9
470
375
238
500
156
345
245
336
141
280
186
469
494
358
343
150
303
71
80
51
493
497
46
3
269
392
53
116
333
278
459
448
123
161
241
288
288
348
450
287
39
374
244
154
157
234
198
442
477
203
178
237
251
162
268
213
113
470
112
83
18
151
437
407
344
414
155
401
119
254
379
106
4
10
298
317
29
35
181
391
391
293
64
393
291
65
462
486
145
89
426
407
252
430
460
430
17
440
292
360
333
262
110
181
231
371
402
189
413
468
490
75
133
300
382
130
11
117
354
15
162
10
468
436
484
374
300
310
311
355
316
471
400
347
397
360
189
354
2
488
193
198
287
45
174
370
330
440
233
329
142
98
199
406
430
153
75
281
105
146
493
182
121
102
415
361
498
146
232
248
206
218
238
307
250
242
277
107
414
82
307
331
82
145
192
439
319
325
471
292
304
76
12
478
341
304
133
477
483
252
245
24
486
31
410
379
274
210
77
55
452
203
288
354
113
25
346
315
130
362
187
209
478
211
270
447
124
275
175
224
479
389
250
31
61
392
377
430
85
50
259
418
143
118
406
409
106
297
11
482
78
161
177
415
140
431
317
458
175
342
204
462
46
155
495
345
183
432
351
381
29
166
416
69
305
89
99
87
72
251
264
439
463
429
417
133
350
328
499
374
80
181
410
60
475
398
313
355
442
194
180
289
338
101
260
174
347
64
271
272
86
99
285
409
308
382
347
496
245
175
377
103
206
449
107
232
420
355
47
352
120
233
352
72
7
309
40
460
70
400
79
202
444
255
304
130
261
32
474
11
308
55
422
256
466
40
192
57
109
337
34
284
131
416
372
145
127
163
320
326
325
172
347
441
195
294
52
302
235
55
394
235
463
429
213
347
117
271
172
98
266
377
223
424
444
119
277
95
300
66
31
323
312
272
441
14
60
113
93
435
406
256
271
300
440
330
44
370
223
207
421
422
332
13
266
251
102
68
70
337
204
416
239
192
476
143
359
200
53
427
338
126
288
164
4
243
278
357
94
458
238
444
50
1
32
80
334
93
98
330
26
31
477
223
151
15
136
272
33
455
404
409
22
367
252
274
474
42
79
101
130
334
420
429
214
342
285
150
56
241
112
126
63
225
142
498
11
48
43
424
165
160
359
37
469
323
253
182
240
340
33
302
136
142
481
142
182
401
29
68
107
5
85
415
272
426
448
349
32
148
365
123
386
98
91
122
172
156
368
451
130
312
466
363
323
152
381
425
20
128
285
152
111
106
459
483
287
311
462
362
292
199
446
397
152
268
200
46
413
351
84
494
266
388
29
438
300
1
470
103
189
344
301
224
69
293
158
201
142
103
392
496
383
120
378
225
358
274
478
436
375
358
362
467
8
297
332
166
372
463
400
170
175
326
342
141
493
172
388
388
379
337
359
487
227
179
410
326
382
429
468
172
38
204
479
320
204
41
497
253
6
59
283
49
411
132
386
369
457
175
369
50
245
4
364
4
447
347
477
430
20
104
460
233
360
77
18
368
276
195
243
39
112
231
240
59
268
372
86
163
486
486
440
379
174
235
67
123
