167
53
111
143
382
494
58
194
424
133
116
308
189
258
287
121
441
194
304
152
455
118
359
99
289
467
101
428
495
244
140
101
376
273
136
414
322
302
317
326
440
88
61
33
101
218
249
472
271
270
201
445
475
243
452
460
204
201
228
272
128
423
190
283
74
97
451
135
473
56
110
111
79
251
428
230
212
295
361
196
14
196
339
168
107
92
18
264
80
451
5
193
214
499
14
56
275
267
441
151
382
95
39
488
111
60
100
464
12
315
329
247
403
142
449
341
291
44
355
159
229
117
496
454
181
166
404
45
239
21
87
357
62
233
423
334
25
458
293
337
96
243
372
29
35
478
209
75
423
196
73
248
320
66
175
205
324
239
318
436
480
459
188
182
363
339
381
219
341
453
79
457
16
46
412
147
436
418
407
189
465
192
179
49
171
249
31
346
117
405
493
234
311
333
488
238
133
374
479
350
81
439
162
75
429
68
232
86
434
70
76
132
410
410
28
490
440
102
367
259
180
22
425
175
222
433
487
85
35
345
369
143
153
242
164
362
389
461
210
366
194
10
179
302
431
7
364
259
263
380
55
51
196
345
51
315
199
172
349
423
97
56
460
109
422
132
330
243
392
99
108
57
25
29
373
414
447
328
383
50
345
117
359
343
73
128
301
479
356
198
185
191
143
143
267
378
93
114
4
254
8
430
333
260
297
257
158
146
178
244
269
74
215
224
100
133
170
250
483
33
56
22
371
304
450
422
150
476
172
241
216
50
436
133
216
401
168
61
395
244
248
494
56
148
145
475
229
286
89
287
406
208
408
444
460
110
413
238
172
423
111
10
237
157
326
385
279
320
376
217
487
244
254
228
101
243
126
162
348
224
110
388
224
283
394
331
108
458
222
458
234
305
426
44
98
455
439
307
238
45
276
214
131
457
236
73
86
69
168
51
253
84
352
20
184
287
201
473
230
160
182
258
133
302
225
37
241
362
81
471
98
454
433
178
319
36
195
12
459
443
168
407
220
18
121
398
380
17
245
303
149
162
27
336
402
404
156
222
111
179
500
314
325
67
409
262
342
465
258
154
158
500
350
494
198
330
27
291
439
263
321
455
314
395
480
150
38
27
85
277
117
487
342
244
355
201
265
261
10
200
441
1
186
51
392
278
151
477
116
98
323
166
41
281
243
455
292
72
198
296
488
351
14
189
69
349
443
128
443
133
415
162
444
115
392
124
2
147
6
291
446
76
192
371
437
11
117
321
351
166
112
487
38
351
305
203
498
490
276
212
389
429
143
34
348
91
190
478
38
396
80
412
139
448
494
139
319
280
235
48
21
436
463
400
453
265
371
40
381
205
89
435
330
388
93
59
2
38
143
498
480
201
149
375
383
122
310
40
248
369
312
224
17
288
154
339
469
24
361
176
416
298
59
354
44
400
40
4
357
106
124
110
67
84
254
98
339
234
1
116
68
22
170
250
38
348
177
230
180
332
160
489
2
328
403
321
168
199
132
371
27
72
68
189
288
386
331
387
308
346
235
59
432
3
57
331
217
330
225
401
33
342
463
206
326
371
308
469
185
12
343
28
316
476
385
385
485
23
237
417
331
33
310
33
307
487
355
122
390
123
120
457
128
39
479
440
49
491
91
492
234
228
295
228
77
362
42
340
197
22
284
407
207
480
208
333
117
199
233
91
207
308
469
396
85
335
320
166
201
308
235
100
99
303
240
23
461
347
472
168
14
400
64
432
302
103
124
166
496
101
491
304
369
28
322
232
259
397
255
219
186
81
155
358
454
388
27
63
357
120
442
62
107
306
169
444
219
235
26
435
252
49
223
452
389
260
125
353
2
29
409
413
369
2
461
318
399
188
433
310
471
109
379
282
288
496
84
385
11
289
194
116
424
13
496
293
416
315
243
473
42
50
402
303
276
49
254
385
471
233
362
108
350
353
133
165
447
300
132
180
90
196
455
274
152
337
253
340
48
351
301
456
260
499
20
160
217
336
122
498
406
409
191
253
154
497
246
198
319
221
120
30
38
474
442
122
58
156
309
409
435
27
96
445
170
284
145
456
387
86
282
20
21
91
438
320
149
185
192
213
296
241
162
108
370
306
450
500
418
91
443
118
464
245
137
86
104
64
225
17
81
54
332
35
151
441
83
464
110
430
491
304
121
361
353
17
316
270
279
243
43
46
426
295
221
328
104
67
311
198
27
392
134
142
495
142
88
472
72
148
322
158
496
456
175
107
494
51
256
295
285
442
256
190
87
138
97
392
33
243
