74
151
118
93
10
389
424
330
393
349
494
400
393
178
437
90
43
126
159
140
398
162
286
51
12
61
262
205
437
315
285
149
13
231
177
407
41
319
22
338
151
140
225
481
110
494
204
165
327
98
11
280
114
272
463
343
103
40
192
114
75
383
138
149
325
482
428
179
108
127
415
46
343
17
322
170
480
34
122
459
117
107
494
259
315
82
200
3
217
14
124
440
67
114
238
274
469
176
340
34
315
221
26
216
323
272
96
6
141
244
331
498
118
216
135
20
233
91
296
82
416
295
270
285
118
289
132
73
418
447
43
216
298
466
127
275
127
497
127
367
455
12
311
230
157
423
375
487
479
88
344
177
192
85
119
23
405
344
499
128
467
8
28
467
466
281
160
315
98
291
66
134
191
59
137
469
129
291
190
157
300
35
176
485
298
297
11
351
457
299
415
405
479
197
348
499
145
89
136
369
308
474
338
132
399
166
40
424
47
292
338
235
19
189
116
473
262
423
489
289
131
441
428
269
447
149
27
77
26
106
133
102
466
279
417
68
409
237
454
86
330
449
228
162
207
9
186
232
459
225
363
72
88
127
379
225
10
79
433
224
306
411
99
287
500
227
264
319
94
64
397
402
316
475
398
287
267
267
353
440
478
140
108
487
255
466
278
271
52
331
228
353
323
320
273
84
248
150
207
99
274
405
482
175
183
96
405
188
488
291
291
121
377
4
39
248
144
252
34
361
208
10
104
151
462
20
245
230
96
454
230
318
240
80
305
287
214
7
165
474
153
448
326
269
129
26
47
40
350
70
79
375
55
168
76
404
488
182
232
220
65
406
348
368
134
47
313
141
498
360
302
429
436
63
468
123
68
32
100
392
445
113
33
187
211
141
348
29
380
27
227
177
104
450
296
377
128
35
365
294
265
438
64
263
352
447
376
94
256
125
242
397
50
285
324
416
34
195
166
262
274
121
190
143
439
25
137
497
286
226
48
465
432
384
21
168
327
166
406
98
112
213
81
140
471
383
76
403
179
392
376
485
211
32
24
423
311
43
98
332
211
373
305
286
209
254
114
123
237
123
345
465
187
245
273
416
44
174
108
273
186
449
366
464
189
367
148
225
184
259
407
267
413
113
247
299
436
499
409
123
250
127
386
269
105
90
335
57
70
496
458
178
485
296
455
329
309
480
113
308
309
173
438
369
472
40
276
355
45
16
246
455
443
282
319
205
128
314
307
87
254
44
138
127
69
233
429
204
34
81
496
451
469
248
372
223
480
294
219
230
119
194
207
153
306
224
316
225
36
95
158
384
338
345
458
137
433
461
27
31
407
440
373
111
140
271
219
114
474
133
96
495
100
49
18
127
211
79
106
61
281
402
206
262
493
143
42
325
24
233
274
164
1
274
443
73
445
14
253
133
75
10
231
183
44
282
271
316
287
175
15
243
60
443
142
180
126
342
169
452
99
13
176
3
6
65
120
161
461
315
130
348
100
107
96
16
55
106
296
67
367
418
60
224
386
22
487
189
218
274
69
232
90
25
449
74
477
10
75
248
338
420
439
326
427
102
302
333
365
96
461
445
368
186
95
173
242
490
491
61
12
337
255
404
99
116
415
283
349
403
426
200
69
70
334
40
313
188
376
57
454
124
117
418
25
6
109
261
312
322
357
370
352
264
331
419
14
214
241
448
280
239
163
123
412
334
284
262
465
38
22
407
20
343
238
127
74
202
488
214
484
192
138
446
408
165
266
178
152
179
96
39
6
404
401
213
433
335
134
483
219
77
238
487
444
216
291
161
118
486
211
249
447
442
112
99
326
414
212
360
195
163
168
28
355
215
429
175
169
278
346
481
211
497
483
430
161
405
125
256
43
26
51
456
313
66
491
240
273
352
214
416
368
220
450
81
312
486
314
415
91
421
347
386
221
380
209
10
160
236
431
459
47
472
316
470
369
218
455
421
43
304
335
199
313
3
10
274
193
123
210
26
495
231
26
2
227
283
364
141
370
293
190
92
459
56
462
353
76
325
490
455
181
426
283
254
238
481
413
428
90
171
171
307
228
331
164
484
404
461
99
41
357
274
97
291
224
90
453
254
374
361
407
140
418
288
115
290
203
493
489
253
394
376
354
265
384
247
436
251
474
369
404
201
382
292
457
495
23
171
233
118
140
22
357
489
162
244
416
435
224
148
199
2
475
279
124
13
219
292
186
328
496
232
277
335
173
240
124
38
75
250
236
233
494
304
98
87
124
181
334
4
72
378
91
112
158
173
366
298
