26
83
269
85
437
432
218
336
111
163
247
321
65
239
71
426
42
316
34
144
91
76
259
460
334
111
434
99
232
320
163
45
418
420
397
162
487
94
275
461
217
174
412
289
65
132
274
158
156
177
141
149
138
337
199
88
1
314
18
92
199
227
287
206
183
371
153
440
430
179
113
60
49
31
405
440
240
158
380
387
105
142
156
150
252
417
313
485
424
302
418
382
267
492
124
283
74
21
94
212
120
495
40
10
202
75
293
387
7
131
32
440
447
428
202
284
471
74
299
106
432
419
72
307
213
195
263
331
248
225
218
296
26
318
266
110
371
483
197
447
124
173
496
255
358
185
345
366
62
454
477
426
91
97
168
126
92
49
257
156
60
281
99
104
395
69
325
263
125
82
136
314
140
11
273
124
20
398
451
231
345
174
474
339
206
320
448
186
4
479
451
405
138
471
135
465
385
328
140
460
346
132
293
90
411
243
84
114
151
103
143
293
418
208
378
390
65
165
17
24
246
460
118
130
91
443
394
255
275
134
500
137
435
78
127
68
60
433
426
441
65
58
461
167
365
375
137
150
279
263
243
388
464
53
119
178
105
369
487
317
26
135
56
113
70
411
492
76
109
68
63
287
317
302
307
20
377
258
395
297
492
98
151
322
285
474
276
392
263
164
55
385
2
354
399
71
110
10
95
207
102
101
253
408
277
138
410
250
412
395
67
93
423
495
148
385
483
45
399
305
349
91
437
126
106
452
407
311
138
471
383
445
397
439
63
418
237
468
354
55
31
490
18
168
470
475
419
472
59
224
244
333
148
182
243
1
243
347
127
54
336
111
374
367
192
292
67
12
370
494
391
403
216
79
256
386
113
239
20
260
167
436
409
350
450
299
498
296
439
472
445
256
192
146
91
7
95
323
112
359
271
358
148
98
152
176
169
84
484
326
16
273
302
230
343
328
190
43
28
406
393
484
300
444
388
176
266
98
478
84
476
109
431
1
467
288
264
107
375
170
385
270
491
248
14
436
220
102
286
383
454
401
11
92
214
325
381
122
66
247
128
487
235
256
323
140
448
103
46
237
108
262
476
177
204
90
341
399
112
167
384
306
58
266
77
25
28
490
411
103
246
283
438
478
291
14
357
133
39
216
71
50
163
248
260
344
70
129
497
62
47
123
319
498
80
354
259
244
59
38
289
334
307
12
324
140
92
235
476
308
293
382
337
314
25
486
248
185
147
45
59
483
51
416
22
34
60
56
8
337
322
65
48
30
14
436
380
266
148
340
377
371
219
350
285
372
207
56
437
449
188
218
366
138
21
453
202
33
106
114
161
252
192
344
275
259
383
236
96
462
148
71
389
407
46
15
485
71
199
96
116
462
471
327
374
440
163
259
393
283
474
130
100
308
244
168
397
74
191
485
366
255
402
85
438
336
466
462
144
315
60
131
105
377
174
395
491
36
451
445
395
454
289
196
189
201
335
420
407
178
278
465
18
197
197
333
92
448
467
382
227
356
466
386
174
294
207
437
454
82
70
361
54
379
407
151
246
264
337
333
75
144
187
244
327
446
179
305
241
62
151
121
59
409
154
17
450
415
346
467
403
271
344
475
360
494
237
241
8
1
465
111
138
40
104
15
334
393
159
144
22
302
83
182
77
133
262
151
353
494
133
494
344
425
201
98
223
293
254
486
64
235
21
389
412
399
286
79
383
402
179
15
212
295
209
471
471
23
110
76
64
164
478
124
184
42
235
349
116
63
390
354
76
216
236
443
364
52
283
455
11
386
195
84
42
201
120
28
67
291
485
356
47
80
394
384
487
358
275
79
286
240
120
441
91
444
245
447
154
204
91
56
264
393
132
335
171
236
155
123
164
371
310
101
208
425
489
49
120
347
190
6
36
61
14
258
429
429
380
200
485
215
172
47
292
51
497
18
247
315
209
210
86
192
123
274
190
315
434
81
106
350
327
397
389
11
117
73
369
159
25
494
213
466
484
479
351
402
82
169
407
86
389
41
293
247
308
438
242
316
121
417
82
127
220
308
282
132
100
147
107
426
287
261
261
401
6
247
267
83
44
482
455
478
154
213
35
356
296
8
134
347
22
322
490
273
417
138
384
178
237
495
133
247
391
261
382
319
359
89
201
288
441
3
429
269
188
105
256
350
96
254
84
314
177
453
22
328
376
455
32
363
325
241
394
161
486
263
378
433
416
227
491
239
93
15
157
187
141
497
263
403
200
47
92
432
388
465
412
88
280
453
448
289
277
99
102
4
190
462
