49
418
404
114
172
128
70
498
99
236
105
217
302
282
422
270
67
48
379
175
131
22
299
210
200
429
264
341
339
235
305
435
414
179
175
309
232
348
324
111
322
279
357
181
157
460
105
61
362
302
290
159
255
31
127
104
57
78
118
481
179
225
295
190
75
38
144
473
97
307
385
50
50
373
5
474
120
403
387
387
62
472
241
429
129
310
187
265
58
19
60
489
485
41
83
475
472
489
356
437
144
431
443
168
147
310
458
370
460
282
40
283
442
245
267
236
164
236
274
145
474
168
422
112
295
475
489
81
332
426
391
451
257
109
342
269
49
235
99
336
229
452
194
405
47
377
320
222
29
396
394
14
116
338
420
227
244
245
84
80
23
466
88
114
76
62
435
138
208
309
373
409
370
200
312
278
486
57
44
298
340
170
5
224
240
462
74
185
190
383
81
31
245
344
143
416
133
114
139
297
89
47
103
415
154
199
155
55
67
242
378
127
121
281
91
388
215
166
60
321
15
253
367
201
56
37
403
86
136
249
35
450
143
322
449
115
282
396
291
451
213
142
48
272
356
142
126
227
170
230
453
207
112
52
390
32
108
39
483
231
41
49
316
254
264
385
324
392
83
186
437
286
444
179
312
196
98
125
187
354
302
384
450
1
191
27
365
459
424
318
292
112
445
323
280
338
226
364
150
442
470
30
169
417
497
11
241
192
191
73
394
471
272
348
27
31
492
50
183
252
463
44
137
122
327
295
488
365
340
451
334
230
99
251
80
94
445
497
3
146
76
142
117
388
32
352
172
311
460
23
363
396
19
50
118
59
446
472
478
269
226
250
319
359
420
233
309
97
352
273
131
194
68
430
197
145
386
321
88
348
437
367
407
357
56
410
242
407
430
322
91
421
85
343
329
498
440
223
186
248
231
17
265
226
107
59
222
17
193
187
211
432
407
137
120
53
377
63
84
95
357
316
272
415
147
200
60
307
127
419
312
293
339
89
461
111
220
185
83
481
92
423
318
368
19
310
291
136
368
346
101
193
460
169
284
256
223
57
304
255
431
422
153
32
291
265
211
413
241
39
192
470
288
123
311
441
364
499
455
38
175
497
390
337
359
483
132
246
487
289
320
8
71
483
296
459
302
407
254
39
118
93
454
148
179
221
375
241
379
93
73
341
460
31
78
35
372
106
147
369
68
272
282
268
3
217
194
307
240
221
329
165
236
163
190
378
389
37
434
147
82
463
28
40
243
89
272
382
426
45
263
276
95
217
426
111
427
326
320
208
342
267
258
451
123
413
32
474
378
452
413
336
195
5
47
463
304
352
368
330
243
171
149
77
155
365
72
404
363
251
39
8
105
275
24
286
403
222
347
120
224
419
390
416
116
204
11
132
258
306
275
100
104
467
409
283
139
22
246
195
442
381
280
20
346
33
26
88
105
437
343
286
363
289
144
402
450
495
165
455
359
416
262
70
372
461
167
231
306
328
69
470
483
182
276
281
470
158
61
181
365
317
287
497
72
315
244
350
444
485
115
217
351
49
260
175
255
346
399
128
302
70
437
273
154
164
27
129
372
415
291
360
107
226
86
217
206
24
219
304
133
446
296
310
134
322
314
359
185
291
160
189
372
122
68
410
193
463
82
476
330
343
249
475
245
89
316
4
255
357
341
228
6
347
495
391
222
323
115
192
264
53
231
258
73
216
477
268
67
82
124
247
488
302
128
445
219
138
126
470
265
127
292
307
104
83
349
193
323
289
96
86
325
152
151
333
334
258
94
75
89
397
337
117
219
419
19
293
3
193
89
422
364
290
414
460
229
237
177
428
81
291
104
395
352
389
89
423
290
193
9
113
417
449
327
495
286
465
164
37
237
401
99
145
411
265
220
93
23
183
72
3
352
274
406
332
340
471
101
61
135
313
446
98
150
414
409
251
228
64
71
189
181
250
500
167
172
77
287
409
126
23
244
64
386
471
289
413
58
163
425
481
187
53
187
357
356
233
495
347
116
63
350
125
420
380
218
37
294
37
335
429
283
375
408
58
457
441
297
82
165
66
323
411
379
126
313
391
378
141
86
100
399
114
147
324
312
181
213
272
20
333
301
213
349
379
270
9
310
348
409
92
483
106
203
249
377
74
399
385
197
238
476
265
421
8
386
356
484
423
477
33
81
308
385
214
416
420
225
16
140
387
489
61
433
104
268
5
381
388
398
467
484
309
430
483
287
380
138
19
276
280
488
130
23
240
226
24
97
104
250
186
217
214
160
330
188
112
69
342
