301
182
76
210
278
278
52
275
436
445
418
57
142
466
359
282
355
299
104
236
233
328
300
370
421
188
165
169
274
405
411
341
302
492
75
283
181
81
457
132
27
372
471
259
377
164
214
330
288
472
60
265
77
343
452
383
85
322
204
373
146
460
267
114
334
312
271
13
62
219
149
196
433
60
497
237
35
496
492
216
206
419
29
311
35
87
203
295
391
157
133
173
118
194
114
313
156
473
408
109
428
87
104
489
257
152
179
59
83
482
221
456
283
139
436
346
439
382
244
402
262
420
169
335
259
22
325
150
267
378
358
164
107
390
403
399
419
70
359
477
197
264
265
478
243
333
18
294
438
463
231
207
371
374
75
457
159
221
440
258
491
444
128
181
331
119
157
460
38
308
168
201
430
22
67
396
159
430
205
479
303
483
325
20
311
50
366
174
66
132
189
126
471
452
125
295
19
420
334
492
253
458
260
2
407
57
33
88
141
8
453
156
324
189
444
277
146
331
451
279
139
364
404
161
235
432
324
497
52
433
299
394
40
19
97
369
341
360
442
466
63
490
144
297
432
248
95
296
175
243
305
364
88
388
21
82
491
318
349
374
114
267
346
186
269
88
407
219
152
67
358
151
219
108
312
201
53
417
395
98
168
197
120
88
318
161
52
335
432
382
327
272
229
87
481
49
196
410
420
191
45
373
15
208
115
415
35
116
78
123
282
20
151
139
325
211
418
431
40
349
153
195
108
371
142
327
101
499
33
238
150
412
2
224
81
179
81
436
172
240
423
336
255
208
215
346
165
48
233
212
419
44
334
492
65
301
144
111
474
184
127
147
480
40
387
210
355
195
433
468
170
345
319
109
325
247
359
158
252
455
435
426
451
144
440
199
26
454
367
331
237
360
27
479
245
94
491
207
57
99
105
20
75
323
371
56
83
441
311
219
11
458
378
341
338
113
321
397
86
5
368
64
222
47
427
346
297
184
187
123
332
243
422
411
408
466
194
288
422
97
395
170
38
385
370
93
199
47
190
82
451
453
297
353
340
74
63
344
420
111
102
187
372
157
469
230
61
48
143
362
410
143
52
86
386
431
76
490
38
144
204
14
33
338
328
167
367
232
248
219
348
266
406
440
162
356
348
126
495
274
469
225
351
383
226
433
38
161
24
247
497
113
265
314
179
429
488
12
219
298
500
110
409
81
157
226
55
181
376
382
155
330
268
266
279
216
33
474
382
485
411
184
388
103
232
444
103
337
306
221
336
49
422
169
15
96
269
378
218
23
372
365
386
18
136
457
93
147
220
389
427
168
264
208
111
54
422
146
159
159
487
100
260
463
433
286
148
448
371
187
280
410
165
128
361
415
129
59
455
242
265
219
203
498
6
492
176
224
297
494
461
467
261
336
301
15
404
465
152
264
129
44
150
414
477
317
350
73
24
181
310
456
92
493
230
45
343
94
30
339
468
169
124
327
226
222
357
313
440
320
471
247
471
356
371
269
385
45
403
25
142
328
139
152
122
192
279
268
153
184
368
346
30
271
276
104
113
366
177
314
65
76
121
97
448
115
168
15
460
66
1
126
291
95
253
352
190
212
457
288
241
335
403
47
240
129
15
56
464
498
147
430
361
38
464
68
238
273
215
99
116
179
180
380
374
238
233
400
206
263
316
354
91
60
122
71
229
150
185
119
92
334
298
175
292
251
222
430
69
279
378
210
117
470
173
411
358
372
56
474
306
289
147
313
111
173
208
300
88
220
178
476
7
185
75
228
348
331
64
52
78
195
490
490
198
404
152
31
325
182
309
44
452
266
336
41
493
389
172
422
493
80
191
171
150
483
473
484
70
225
325
145
218
360
295
39
258
201
164
495
94
397
78
359
219
379
223
136
347
367
479
314
192
307
57
197
245
388
305
303
345
478
178
137
187
498
99
68
366
230
298
398
1
271
407
151
94
244
282
435
61
318
166
487
241
289
32
139
141
138
443
73
81
10
201
248
115
374
64
86
350
343
205
112
110
389
193
383
165
486
358
123
225
233
488
173
382
431
179
497
230
275
283
261
428
218
47
32
268
139
194
318
266
210
428
368
96
164
136
108
68
264
356
286
157
355
317
265
26
117
83
348
239
324
179
287
265
71
100
372
145
85
7
442
390
63
324
136
385
187
370
319
294
254
394
9
449
361
38
375
201
201
235
44
492
349
463
326
257
57
4
105
367
148
168
380
52
202
315
328
466
334
483
160
21
315
189
323
216
83
90
60
192
369
481
50
381
226
318
334
