312
364
323
183
140
454
441
174
288
236
303
16
417
72
477
283
205
213
465
337
167
475
381
197
148
276
241
423
330
131
93
436
327
417
148
454
281
203
74
400
249
155
173
415
255
392
97
232
266
379
73
476
233
100
208
491
218
139
308
221
276
28
17
435
282
99
247
357
413
119
465
109
67
76
432
335
340
257
178
246
398
89
252
286
70
196
101
95
11
157
159
270
249
150
108
381
359
299
8
429
243
185
351
444
105
82
499
274
380
307
417
178
317
426
19
364
216
78
99
73
447
153
111
217
258
274
231
357
279
245
380
409
193
403
240
429
189
155
213
341
99
176
245
18
367
1
194
380
439
162
97
287
496
192
340
321
112
260
303
245
414
268
256
167
398
410
454
256
162
15
177
352
168
361
213
17
479
207
206
201
169
408
205
464
133
100
66
339
390
189
32
221
284
451
437
313
61
271
306
307
78
265
169
215
463
360
30
128
299
279
358
298
44
274
205
123
85
30
349
243
346
350
131
101
300
100
357
336
143
96
194
69
471
99
50
355
415
494
165
148
494
246
403
402
42
293
142
271
20
321
377
260
172
112
369
95
242
116
322
382
500
6
106
10
311
153
411
366
76
275
480
2
16
51
430
41
302
135
377
4
115
44
75
215
426
94
359
402
98
447
419
45
465
268
253
227
328
120
373
367
451
488
40
238
207
480
438
179
486
319
323
129
144
469
93
447
492
10
166
173
52
4
166
102
291
334
123
107
111
210
63
267
139
37
109
284
211
116
293
232
54
268
244
406
33
22
182
407
404
214
101
75
212
374
389
436
438
377
225
3
27
319
474
11
19
376
499
472
304
155
128
443
270
5
382
405
270
439
146
466
164
314
489
339
271
139
316
413
117
379
380
462
214
119
239
475
496
220
153
418
250
90
123
218
238
90
284
358
270
384
1
285
73
467
101
159
52
138
485
469
268
363
319
69
304
11
298
451
62
277
83
358
50
86
384
346
75
313
406
498
429
305
90
428
46
431
335
11
129
382
495
202
367
317
288
312
11
120
481
53
345
357
265
13
24
7
125
369
151
458
383
464
255
5
197
318
263
463
229
435
366
316
162
136
475
180
318
401
188
64
8
86
81
252
417
41
100
498
349
443
303
430
368
240
229
80
344
439
271
425
364
41
132
407
458
462
376
308
46
159
286
291
263
376
192
338
295
28
475
374
464
472
24
242
222
390
366
494
481
69
166
151
31
315
240
196
259
221
185
185
27
86
23
456
251
33
491
81
229
428
236
253
212
291
167
258
359
303
313
150
358
252
323
86
500
340
17
152
309
284
249
25
377
133
21
377
334
379
349
226
93
274
113
161
88
260
300
36
26
365
177
174
24
291
212
112
66
398
279
76
291
391
139
437
2
104
339
307
468
320
233
396
359
73
206
131
349
452
57
304
1
8
149
459
283
357
358
203
315
191
271
287
345
294
147
317
253
270
410
106
39
8
67
86
433
25
341
448
157
207
178
494
330
74
37
254
300
206
371
281
78
326
60
269
442
338
41
372
236
346
117
145
453
139
191
497
323
14
249
160
377
155
493
144
321
42
59
23
415
381
58
192
374
231
199
323
220
325
310
357
367
472
37
357
350
430
446
339
237
163
243
174
379
449
5
20
260
427
407
132
407
301
39
312
106
492
12
355
327
190
291
382
372
281
491
376
60
336
295
142
384
142
435
375
127
312
184
235
256
408
385
449
197
190
194
72
28
103
38
384
408
323
496
363
416
27
333
56
219
333
139
203
440
60
8
48
202
191
7
169
29
337
379
237
369
467
444
413
424
257
136
391
368
472
209
288
480
344
466
394
449
500
146
145
55
221
100
46
420
452
479
156
264
453
348
111
306
463
131
261
289
279
290
33
71
8
319
345
66
126
233
17
78
350
85
491
368
408
233
72
332
168
3
470
234
470
243
173
421
304
125
351
12
34
486
134
389
403
486
301
371
195
295
211
216
204
85
156
209
234
118
306
368
305
120
344
117
20
283
108
168
448
360
72
481
76
163
261
226
123
347
79
45
404
147
100
334
255
69
403
16
154
437
67
379
82
373
411
452
326
121
155
318
117
376
465
169
345
174
320
484
265
477
360
425
301
435
51
249
180
23
406
60
28
449
115
291
270
268
272
243
182
37
197
347
390
31
457
158
462
195
63
398
395
84
13
372
83
440
294
82
458
173
41
203
335
306
338
425
389
308
199
349
344
291
11
149
13
238
143
447
383
391
497
203
490
276
351
255
146
