487
311
122
465
317
220
258
161
329
55
35
106
219
176
199
108
258
334
124
75
337
174
193
98
145
458
415
122
283
245
283
84
1
55
114
450
346
496
143
32
397
463
226
421
144
138
17
334
436
396
142
496
351
385
194
337
417
340
343
378
473
55
346
256
441
60
446
378
207
161
49
433
82
379
211
461
469
158
104
464
179
398
390
405
378
311
116
475
344
284
3
169
282
459
348
325
387
443
473
284
119
334
353
35
293
496
86
123
485
96
383
220
165
217
150
207
62
346
453
40
280
426
64
387
54
108
368
375
496
426
69
467
208
372
128
11
170
417
309
86
56
247
18
76
173
170
193
392
432
405
409
151
263
447
82
349
85
407
408
419
463
223
409
204
394
138
333
144
129
119
335
291
422
376
101
369
396
477
275
341
270
54
124
156
330
215
462
444
121
60
160
294
25
23
78
433
71
218
235
269
180
86
440
432
13
33
174
189
199
205
408
203
394
401
397
28
348
124
140
23
450
95
396
96
397
133
205
49
349
446
451
429
269
379
485
76
232
289
500
112
451
380
291
408
197
415
203
53
66
241
36
256
450
26
10
295
410
182
48
66
165
260
114
155
428
133
428
87
120
34
475
35
398
270
166
294
382
448
336
461
253
335
241
169
200
368
234
28
348
66
476
218
249
284
226
340
341
365
178
46
447
53
408
293
497
15
243
405
110
136
309
51
317
436
201
308
251
117
460
368
62
17
64
40
11
31
20
345
55
241
479
272
258
415
13
474
358
346
202
305
483
78
83
318
13
283
246
135
246
354
423
176
99
319
94
472
266
112
214
197
341
477
121
373
268
232
152
387
291
141
3
465
1
148
239
491
228
486
411
304
442
475
134
102
118
40
92
428
498
367
56
195
403
159
370
193
269
139
477
72
271
445
27
153
234
112
190
315
273
314
18
140
326
307
308
24
220
82
87
480
309
332
475
105
374
12
114
313
41
84
142
328
233
431
314
284
79
187
405
148
427
67
117
447
55
411
492
205
293
366
234
345
208
84
361
31
411
264
91
407
434
206
285
487
173
394
175
269
418
63
159
40
33
400
388
122
218
9
403
83
425
456
382
58
305
165
169
392
437
215
11
158
278
76
110
458
103
24
110
165
248
327
82
233
243
25
398
212
69
356
272
10
94
181
17
80
383
312
53
189
344
72
197
129
406
197
368
213
263
182
401
187
143
348
89
121
320
192
192
345
313
489
378
268
244
297
113
181
41
374
242
160
218
323
407
367
128
277
351
462
481
23
335
360
171
47
421
183
305
36
22
62
102
36
142
449
202
364
144
381
217
308
109
388
91
77
34
82
225
478
110
81
80
361
309
343
467
257
341
176
210
470
93
362
414
234
76
8
24
7
459
398
54
210
87
258
213
433
478
475
90
37
494
223
476
415
44
271
22
28
442
16
45
156
32
426
470
15
59
89
326
277
320
331
27
88
1
440
338
179
475
495
184
468
156
499
297
404
5
364
121
140
189
315
160
233
453
250
268
168
427
96
145
234
205
58
442
102
18
328
162
78
216
11
54
431
404
7
25
48
19
422
115
123
100
212
364
466
175
171
409
438
271
179
64
262
139
118
448
435
427
424
420
384
237
40
495
322
492
214
157
363
320
168
369
59
485
77
437
118
407
114
161
497
420
266
18
220
52
332
211
310
421
462
376
469
426
436
333
322
44
304
372
374
139
88
352
58
306
241
54
52
263
18
122
386
155
174
380
293
461
214
291
362
170
416
214
184
200
29
56
75
310
353
248
251
148
127
429
398
386
188
197
327
215
245
427
211
376
360
17
492
26
396
458
164
232
221
309
323
402
303
34
8
209
189
5
434
92
292
190
204
319
461
448
388
470
491
430
294
257
237
452
223
104
205
181
408
274
390
65
295
36
346
278
300
195
177
240
32
226
184
141
203
112
289
138
4
97
413
9
181
115
443
350
70
425
415
433
116
450
356
469
249
482
138
295
452
397
217
499
176
78
115
246
205
57
153
374
364
365
278
154
386
161
482
422
179
207
225
183
85
374
389
8
133
72
427
54
438
195
422
100
339
417
236
396
228
461
453
156
59
319
73
71
491
354
62
33
268
357
493
70
232
18
5
274
3
450
279
182
111
34
307
446
68
165
318
383
131
231
331
346
192
117
85
331
375
347
258
373
392
98
250
253
22
170
160
248
434
202
175
131
415
165
318
126
374
249
302
150
220
367
31
234
460
371
119
474
11
310
323
105
87
196
196
35
280
131
414
