281
103
202
25
253
423
247
214
202
436
9
259
202
131
321
352
403
458
246
278
443
35
372
343
86
500
210
403
492
431
427
305
357
133
473
389
291
211
57
24
53
102
477
211
474
435
331
457
122
190
262
162
329
414
373
7
342
124
264
6
11
15
248
318
28
335
102
308
436
354
39
331
207
253
124
257
8
468
420
494
351
111
378
84
143
382
103
343
50
498
384
268
28
18
95
275
128
493
198
478
68
208
232
282
386
113
294
408
282
366
252
293
52
172
354
404
450
116
405
326
130
87
394
444
186
85
337
430
26
413
48
151
374
297
333
293
393
128
477
298
92
383
439
212
389
173
2
231
312
438
193
103
431
177
155
309
447
19
146
289
57
207
81
405
342
158
462
70
86
414
103
135
149
247
6
74
328
366
45
484
267
13
479
417
288
459
317
44
211
198
405
400
146
182
446
286
479
237
114
233
155
337
298
411
347
218
404
202
96
152
18
157
349
25
316
325
283
110
485
391
56
305
209
421
17
497
304
361
204
170
261
202
276
4
122
362
316
377
177
295
428
52
28
31
363
199
186
35
34
177
485
135
200
80
409
321
68
18
26
383
290
428
477
441
367
434
476
75
377
1
51
437
439
1
53
233
447
180
42
493
32
282
459
477
360
95
317
490
485
109
146
163
216
484
164
206
208
236
80
278
492
201
373
177
2
172
174
66
52
39
332
221
387
468
6
182
427
242
425
67
244
38
51
443
317
256
245
158
62
58
143
200
317
44
19
1
44
52
491
70
365
449
30
390
494
100
131
470
332
379
472
204
6
122
90
50
181
124
123
404
326
436
426
413
307
117
258
208
334
469
275
358
370
491
381
448
258
374
242
157
337
473
322
66
445
333
313
409
2
386
161
192
291
260
339
108
473
332
235
145
296
95
491
395
353
426
267
134
322
55
339
246
441
379
136
335
148
409
39
84
4
336
17
496
115
100
30
162
226
393
22
43
233
237
251
418
399
373
79
7
292
142
236
278
48
445
209
5
33
216
76
5
39
48
217
194
307
134
12
126
358
5
54
83
106
389
435
198
127
277
419
125
2
316
340
489
59
169
204
208
443
41
186
347
388
440
282
308
155
350
45
422
454
387
139
126
127
108
278
403
85
86
146
194
283
415
477
51
407
196
184
458
247
182
299
499
424
418
118
368
30
488
372
343
189
310
464
20
32
24
394
402
184
180
203
94
197
403
4
388
483
355
407
441
486
27
447
200
442
1
459
360
278
301
408
128
241
441
360
463
212
393
282
127
304
141
455
496
466
340
116
437
96
228
210
393
206
432
289
465
376
35
6
136
323
86
434
86
481
477
146
6
291
440
74
90
393
371
377
246
456
22
214
231
306
43
276
285
404
447
457
500
6
228
107
465
72
343
124
434
485
84
128
217
451
431
262
230
85
277
17
88
227
285
4
225
244
148
282
224
241
240
180
159
259
60
136
282
30
133
339
412
458
368
89
419
478
320
379
299
364
348
331
314
407
455
32
470
178
204
335
358
449
19
67
165
266
138
341
286
403
76
397
3
397
287
111
267
414
275
258
189
67
202
22
280
385
343
335
209
131
245
152
446
374
51
264
365
352
283
332
394
425
227
110
276
171
324
125
414
103
17
481
9
169
215
411
263
483
39
143
410
96
452
223
386
447
313
138
385
331
430
48
445
160
252
366
491
422
274
191
231
327
61
118
81
178
453
370
297
120
162
178
379
234
338
416
196
291
375
4
500
213
314
409
363
461
409
386
234
176
446
75
89
194
44
195
261
357
201
263
271
27
2
440
387
273
46
151
441
391
399
10
29
63
47
139
388
62
294
349
500
362
399
188
71
307
282
437
340
51
394
55
250
399
131
117
121
348
237
407
190
23
345
181
418
500
280
280
438
480
48
413
349
132
396
185
285
290
10
212
482
56
273
453
314
191
350
361
281
210
479
87
82
104
438
1
32
370
251
259
353
385
307
62
368
318
430
438
37
475
157
249
97
41
249
126
143
445
42
463
251
370
294
226
79
446
311
229
376
9
476
41
240
55
15
404
482
128
124
179
12
7
100
132
353
324
296
204
205
87
390
370
203
55
245
143
25
306
198
409
418
459
421
181
38
18
410
474
207
405
228
429
314
73
209
67
433
158
241
439
199
101
274
416
246
197
130
78
133
55
80
316
113
441
114
19
158
70
486
12
257
46
25
458
45
256
20
341
381
24
250
328
130
133
403
420
87
108
152
126
274
77
313
24
171
242
488
196
254
