251
416
144
42
305
52
146
187
399
318
35
358
142
407
334
97
415
496
100
310
388
102
135
51
453
306
279
91
278
261
174
386
426
29
71
21
11
451
83
192
206
184
174
343
302
251
444
495
496
379
451
422
478
122
42
199
490
437
183
365
257
251
123
122
273
415
369
182
320
279
118
340
432
131
286
254
477
148
429
79
346
451
453
175
43
125
75
175
454
355
418
212
432
128
14
58
5
26
137
2
495
227
75
286
5
57
297
306
28
105
68
335
384
315
394
37
124
280
206
123
137
187
387
455
292
84
388
393
293
4
371
390
11
213
151
33
59
150
178
138
485
200
177
474
333
135
406
436
282
40
198
445
31
203
222
193
440
239
229
146
411
22
367
272
324
454
424
145
278
272
464
162
10
374
7
498
431
42
244
310
378
310
322
72
126
140
5
421
458
245
40
18
31
273
114
53
472
111
68
234
419
175
168
34
138
288
491
252
121
378
321
338
447
380
95
390
431
83
88
68
104
436
153
346
151
412
312
412
463
348
18
289
398
29
152
215
139
110
242
318
204
304
68
145
118
125
39
125
302
410
372
451
127
234
25
105
320
440
454
219
311
264
341
378
302
451
11
250
361
498
96
45
166
471
333
327
256
102
195
371
146
18
160
1
466
180
488
110
449
302
406
305
220
27
346
81
206
104
25
391
291
8
13
45
239
40
467
324
417
365
279
181
440
247
488
345
245
293
27
370
330
324
454
345
257
347
309
327
291
379
439
484
232
434
445
449
133
368
286
96
277
475
263
228
29
399
16
295
238
422
435
95
470
134
410
355
214
154
494
460
415
360
101
460
417
46
240
383
22
451
280
164
160
61
9
399
52
93
475
317
490
71
275
498
81
326
263
460
238
135
204
377
294
388
381
392
340
160
58
100
298
296
468
311
170
270
213
241
266
332
499
46
238
274
83
137
459
355
235
305
435
177
401
115
117
338
377
334
244
119
263
477
404
473
171
379
309
101
110
140
13
495
343
145
284
350
399
164
51
49
448
360
57
226
124
257
16
479
275
111
344
387
69
303
41
27
113
36
430
499
106
1
118
492
292
150
316
7
420
414
219
384
30
28
190
415
86
248
17
255
236
65
130
448
155
480
453
418
220
420
461
428
108
64
148
348
103
245
56
53
198
470
319
41
88
238
118
122
74
447
491
282
347
369
366
55
177
458
445
115
108
457
106
37
450
283
393
232
413
63
159
117
451
378
48
426
144
455
392
470
296
342
148
79
85
452
93
188
333
13
228
229
33
206
123
475
346
40
366
369
454
227
174
38
325
399
326
262
259
282
461
443
63
343
380
398
203
397
177
324
45
486
460
11
326
328
490
321
479
499
300
122
133
407
428
385
300
391
60
402
182
275
357
120
206
286
160
328
401
479
213
103
144
329
310
426
208
215
477
77
280
45
18
227
248
289
225
218
173
285
344
34
4
60
4
405
443
126
37
248
487
256
99
347
348
444
28
408
351
100
368
279
130
431
416
232
48
63
187
205
244
166
46
484
234
303
112
301
211
83
223
186
160
360
318
479
45
161
66
327
370
341
152
230
183
13
347
248
42
7
259
277
134
159
390
134
38
203
461
225
186
392
427
27
33
286
366
24
172
54
343
178
356
36
72
353
399
404
32
388
193
438
147
269
327
206
227
328
28
170
253
85
277
330
85
303
288
297
287
174
265
419
249
469
345
95
82
310
157
494
496
427
59
269
357
174
458
359
151
186
440
14
68
250
372
237
84
32
51
233
228
410
188
366
311
452
103
90
375
300
269
202
215
474
280
206
236
98
283
327
58
410
141
336
342
61
208
377
387
176
474
117
406
270
453
292
37
72
295
294
162
341
396
100
419
452
437
23
92
25
129
198
46
459
378
259
78
68
207
239
170
449
192
61
236
492
78
257
385
96
327
6
396
471
461
331
94
415
451
210
447
477
132
175
404
98
303
280
369
305
476
23
41
391
482
153
485
339
236
4
198
248
424
360
6
315
415
299
98
346
142
94
48
10
180
389
222
185
232
284
282
62
377
478
474
245
231
97
427
169
428
184
401
13
392
331
345
105
233
240
425
341
246
278
237
205
405
140
328
229
322
467
347
278
400
500
497
103
352
194
267
189
104
401
416
470
258
315
448
75
226
23
313
90
257
314
49
346
78
137
132
377
315
487
1
348
142
190
333
37
444
147
42
247
6
226
497
448
287
51
492
25
90
362
59
206
88
28
392
143
441
162
371
222
53
189
85
276
121
26
