360
273
467
326
312
490
141
169
376
463
439
399
45
97
325
255
364
43
275
419
145
270
389
68
166
55
389
168
378
365
62
354
436
282
34
56
96
148
491
461
408
199
150
234
269
115
438
224
137
104
431
352
131
427
236
188
454
497
469
185
127
152
169
71
227
400
177
24
247
193
334
405
176
357
157
497
216
411
3
391
224
351
494
208
460
382
25
52
27
241
430
390
485
192
281
91
498
500
230
363
101
341
411
173
273
71
50
316
314
38
263
337
17
124
408
453
27
395
212
58
452
78
138
429
177
229
436
215
231
60
284
449
142
388
162
237
313
327
416
116
426
379
475
253
353
247
402
449
317
320
400
299
405
233
346
279
174
429
22
278
295
5
272
75
340
494
419
120
53
106
324
360
218
38
373
4
411
317
67
305
130
271
102
85
12
300
385
288
316
460
494
446
173
54
413
173
474
176
150
226
68
60
262
190
69
4
307
70
392
57
313
190
264
263
79
270
467
497
381
341
128
422
362
280
481
176
236
490
268
44
486
109
232
354
66
362
430
500
329
371
498
322
211
353
7
392
232
97
307
150
297
218
377
170
367
141
401
387
485
430
286
444
498
372
343
130
379
469
423
33
82
203
262
182
421
186
380
282
284
287
291
154
495
114
350
278
10
200
201
92
129
401
184
409
436
400
302
372
187
384
458
459
185
465
421
482
243
162
333
355
162
211
485
315
243
143
319
136
314
118
259
93
284
301
67
54
282
194
163
120
349
32
421
6
135
438
123
368
335
293
52
336
494
113
394
65
262
104
308
378
114
382
447
301
389
444
429
420
100
71
96
150
285
474
216
276
287
17
292
224
268
145
30
123
228
198
85
413
352
314
147
218
141
453
138
96
100
214
6
385
70
256
216
463
438
258
177
416
177
155
117
163
31
36
382
1
344
478
54
197
266
52
87
215
84
441
206
90
395
99
128
448
432
35
29
196
468
138
13
73
126
25
199
350
157
419
466
286
460
254
226
364
347
96
216
228
286
499
139
270
377
193
247
211
206
152
148
361
190
66
362
64
364
150
110
43
424
238
305
243
246
19
75
465
111
324
64
199
133
441
142
123
454
412
180
196
448
333
291
251
367
237
51
26
11
248
65
219
131
259
229
211
105
46
334
352
454
212
140
334
245
225
135
232
159
317
463
120
283
424
353
117
390
398
323
381
96
330
247
447
46
97
284
105
207
102
376
199
240
428
151
236
28
363
217
205
201
25
498
81
70
287
303
301
95
465
126
201
78
479
283
31
498
333
373
84
61
129
288
258
417
410
356
87
292
318
147
409
213
389
308
277
55
242
170
319
243
319
78
365
182
265
288
25
323
173
377
31
351
8
65
460
244
452
12
66
263
117
7
285
381
4
278
458
193
157
313
105
230
57
174
117
205
350
160
427
279
51
236
203
430
324
82
465
465
87
301
71
152
203
13
443
482
55
356
181
492
90
325
254
14
452
78
389
185
420
197
309
220
25
369
31
95
279
280
36
492
339
203
272
158
132
444
304
448
368
195
129
425
483
468
476
116
375
75
435
443
336
499
264
240
263
213
462
293
475
63
372
91
319
161
368
174
260
67
470
483
206
399
414
330
277
228
359
456
135
146
34
194
429
257
238
461
276
309
15
324
346
115
155
191
176
341
144
34
106
272
98
238
163
473
477
119
288
283
395
430
126
379
328
371
19
114
500
144
408
488
47
302
373
388
447
430
228
105
17
383
189
121
171
387
357
112
337
422
445
134
192
4
210
233
442
125
144
314
302
478
218
370
139
257
28
59
413
394
34
169
441
144
471
193
371
450
96
446
367
241
48
452
483
237
35
68
340
263
472
166
418
177
67
392
125
492
278
432
146
496
376
351
47
256
79
276
362
260
214
393
121
449
477
320
290
439
159
22
268
434
376
454
242
332
188
359
361
216
94
74
415
274
50
121
436
239
327
490
478
209
248
324
85
39
460
265
239
302
172
202
407
313
350
130
83
478
347
129
46
483
218
457
387
397
359
90
496
460
161
2
373
313
209
59
436
25
103
181
63
162
456
389
201
260
32
298
411
54
450
115
109
96
236
191
163
459
248
111
476
77
154
164
26
419
278
122
260
138
18
481
33
75
456
60
267
380
481
353
242
123
201
415
340
302
22
299
177
278
327
2
483
251
457
25
483
436
449
231
372
340
500
454
372
185
102
314
300
28
167
498
97
340
66
325
483
436
296
173
190
162
161
449
325
370
348
184
376
402
244
86
459
241
35
