218
141
469
408
483
198
184
99
290
493
192
403
316
354
313
21
97
218
148
445
455
384
54
413
362
162
315
389
162
312
84
476
128
88
284
14
471
373
192
326
205
426
421
148
331
10
433
9
302
223
243
356
288
343
26
213
363
322
249
348
196
101
415
383
199
250
375
41
477
30
150
8
25
390
365
202
86
417
439
468
314
338
208
284
197
387
235
392
465
45
78
358
158
199
208
211
298
147
299
496
283
290
73
126
65
198
4
69
366
326
477
112
474
340
454
460
165
436
270
147
131
121
62
183
323
271
114
455
140
464
346
174
482
210
269
241
459
258
19
411
2
18
488
65
172
500
414
101
375
303
436
156
373
147
260
42
420
294
105
205
73
460
112
276
359
410
454
76
487
231
292
166
253
136
382
108
215
316
359
312
156
139
207
399
458
162
288
287
277
442
268
79
457
325
280
459
185
494
263
159
398
18
229
24
416
451
185
73
270
160
417
342
28
298
321
349
161
28
68
8
182
384
336
393
324
23
278
375
57
227
267
331
398
280
111
90
365
7
373
228
275
448
391
61
362
213
116
439
162
471
263
72
85
133
376
107
251
393
69
342
93
159
432
419
86
140
204
467
386
420
407
29
443
41
7
459
63
329
232
453
80
119
50
100
364
316
56
447
328
336
2
196
44
85
335
319
288
284
396
489
18
105
14
296
54
66
318
190
133
110
216
172
17
218
419
473
119
284
2
367
366
365
388
195
450
498
197
229
302
96
246
180
430
177
389
274
41
317
85
268
289
427
30
122
187
491
167
227
195
36
64
413
177
204
51
144
216
438
26
289
435
94
271
203
43
391
159
486
197
26
125
305
144
145
146
438
470
364
365
251
342
39
368
442
464
327
267
98
372
180
206
22
488
282
68
163
459
406
48
130
314
137
54
66
288
387
64
110
176
319
338
451
75
287
339
319
34
290
203
236
428
276
362
200
102
385
266
77
355
411
166
333
154
314
33
92
500
205
110
63
355
466
289
462
490
491
204
86
163
194
285
10
315
482
404
21
163
109
70
461
327
81
126
234
321
146
372
234
145
381
464
466
280
334
404
224
319
163
150
250
73
36
373
394
171
114
51
159
322
220
39
451
209
195
148
305
334
442
244
173
9
297
377
4
345
163
125
367
314
140
480
73
48
269
161
374
20
398
6
146
142
485
379
264
417
98
219
243
186
400
246
139
161
426
215
7
428
71
345
407
365
195
96
166
279
122
281
369
491
328
271
90
258
24
2
72
413
96
2
351
389
306
313
12
230
70
371
50
452
383
424
100
350
439
404
110
328
45
117
438
3
42
232
108
419
226
293
356
238
167
182
248
239
273
253
342
479
242
101
41
116
363
404
132
154
325
476
299
27
77
257
355
314
352
252
225
303
474
147
309
378
445
500
482
34
18
304
139
244
218
375
485
290
204
284
234
182
176
158
290
489
478
72
78
108
169
477
181
222
138
497
286
409
331
198
309
112
127
188
485
233
355
258
260
404
68
445
255
429
138
410
406
316
339
341
345
225
275
414
486
146
132
361
274
407
28
158
487
395
500
372
244
338
334
187
439
445
141
262
440
372
46
460
234
253
292
440
40
415
425
377
274
440
48
134
393
175
308
183
290
467
363
370
250
364
169
325
83
346
239
111
461
499
49
240
315
304
45
174
438
170
366
445
249
349
439
257
252
352
313
85
154
144
442
183
90
483
61
88
266
240
76
46
228
427
324
373
410
219
1
216
143
201
363
358
245
431
9
414
280
115
94
147
42
310
457
183
438
81
223
142
391
205
4
335
468
16
287
419
10
264
421
315
152
131
159
307
478
421
266
126
381
163
12
291
314
95
477
342
85
454
471
86
348
433
355
364
413
249
425
173
372
314
17
67
359
13
7
244
364
484
30
262
9
157
457
451
154
427
465
121
333
375
51
164
67
303
333
53
279
343
120
392
492
457
311
31
372
279
312
172
264
220
479
461
261
466
385
456
36
82
247
222
327
298
38
479
15
319
332
140
242
380
173
488
379
373
309
110
231
165
242
243
384
267
44
429
300
101
396
301
81
213
19
322
90
268
332
7
352
10
274
273
192
117
111
72
171
43
10
372
319
316
74
50
480
421
173
312
455
446
162
13
419
421
38
493
224
11
75
167
292
246
341
117
436
143
286
123
494
324
145
454
495
365
294
162
266
10
370
278
331
269
441
366
345
99
17
121
319
313
254
493
450
489
4
465
473
465
147
126
232
217
492
368
346
328
197
32
137
