191
425
320
493
174
339
131
217
201
490
105
204
340
381
77
185
31
426
171
441
386
434
175
486
324
496
245
108
228
14
382
162
390
240
303
464
66
214
374
41
98
64
329
446
475
14
315
120
338
208
165
430
406
183
359
76
379
190
162
382
94
430
453
352
406
99
168
411
20
439
233
385
225
24
250
439
291
427
106
23
292
371
84
205
172
328
349
190
158
224
81
161
181
67
180
173
18
137
50
443
420
67
485
213
405
470
258
356
487
352
166
190
467
432
370
152
464
226
80
133
46
141
443
256
197
9
486
118
8
467
292
323
144
413
273
426
206
360
361
383
257
82
49
451
148
48
103
398
223
21
412
316
333
230
115
31
184
376
340
81
39
189
354
25
169
214
382
201
247
15
61
475
166
291
95
386
90
377
451
350
436
41
360
341
97
436
88
332
12
173
55
129
106
376
190
274
29
400
165
237
323
372
186
162
169
60
363
382
426
12
195
344
189
274
160
210
413
65
427
427
279
340
62
152
396
106
244
67
28
35
232
390
292
97
390
55
460
22
106
433
99
216
392
111
288
276
31
325
223
265
264
451
94
315
44
165
249
16
327
481
65
193
349
350
110
492
301
267
432
366
479
37
168
486
55
353
271
442
252
128
258
305
331
44
479
423
323
158
161
365
352
319
210
247
293
414
30
258
31
208
451
71
124
243
471
212
427
49
344
499
112
55
357
50
375
130
121
490
455
452
162
411
175
285
425
436
471
436
409
15
322
435
416
153
352
484
277
89
78
484
138
208
288
241
263
178
152
47
165
232
491
245
438
247
444
472
181
120
211
375
452
71
317
361
193
58
90
299
118
169
53
212
387
465
454
179
162
176
36
209
322
348
24
265
258
52
134
152
34
495
419
47
5
300
178
45
203
22
204
360
43
456
402
250
222
167
69
345
442
470
261
286
481
245
461
51
42
118
339
431
72
291
300
203
209
206
341
295
83
257
388
146
377
221
361
147
72
1
206
52
95
207
339
37
18
163
91
102
148
243
119
92
36
256
86
343
71
284
419
408
158
45
156
479
204
452
118
48
495
344
83
354
252
168
224
419
6
159
119
394
251
343
485
236
435
448
382
253
495
402
7
421
407
252
437
425
276
170
197
116
84
197
331
203
198
226
294
65
281
191
259
248
210
477
187
208
263
215
325
315
421
391
403
405
303
329
223
212
181
346
426
189
266
333
198
420
101
428
348
363
28
222
31
429
28
474
316
416
391
356
161
468
328
16
223
223
159
246
28
23
37
113
135
26
358
314
444
103
344
194
331
298
75
382
485
237
470
113
308
265
8
166
249
162
405
115
121
83
396
337
468
164
81
146
496
215
494
64
455
278
32
149
239
116
480
66
337
63
280
168
499
192
116
176
234
354
21
22
363
278
213
88
439
57
309
280
273
442
277
351
22
111
303
364
224
354
122
25
88
304
306
91
494
25
379
61
466
353
444
57
239
99
85
165
142
188
485
410
1
418
68
12
112
62
255
89
482
175
165
66
43
71
493
454
379
118
422
454
461
75
326
412
476
249
259
56
465
80
335
223
41
203
497
461
204
219
457
264
413
324
188
427
205
473
396
264
125
61
448
123
71
206
254
88
405
132
410
422
196
496
398
293
114
223
35
173
295
102
57
187
97
127
242
111
387
102
382
382
425
137
273
247
1
33
326
201
60
472
308
244
239
459
200
299
494
315
256
137
463
494
348
471
24
382
257
334
351
493
258
394
145
254
124
473
330
61
190
369
379
4
91
495
212
400
464
57
155
32
316
472
306
217
338
372
278
99
443
321
404
400
76
481
210
105
241
475
171
16
447
102
310
453
445
437
483
274
403
312
27
320
240
184
176
332
64
28
412
305
248
288
427
210
160
334
267
272
228
438
258
456
115
243
326
141
11
490
229
37
66
325
440
218
427
93
316
274
214
357
53
423
245
161
105
354
93
448
379
14
492
35
83
342
332
142
456
170
158
477
196
234
116
178
475
127
54
275
59
168
222
95
343
297
386
309
148
454
431
346
267
156
264
387
378
103
455
281
74
106
99
303
463
486
225
207
385
274
319
331
414
230
404
391
285
169
271
483
64
339
275
42
388
71
143
486
357
402
179
306
300
400
331
383
198
294
285
269
105
56
74
129
3
3
167
1
473
260
69
152
119
411
98
348
23
202
32
324
364
150
370
385
177
120
422
96
198
311
231
122
160
175
109
353
403
43
55
73
102
287
367
361
225
139
291
78
91
497
299
384
248
128
