243
152
92
491
99
402
174
183
35
296
467
415
350
272
464
94
30
374
6
452
91
231
268
372
383
370
448
463
100
46
463
220
456
448
354
405
62
120
146
375
143
460
238
260
113
394
338
243
57
492
151
186
113
96
494
77
23
440
497
325
498
131
244
51
383
115
291
226
111
160
445
68
172
462
237
99
373
474
143
170
96
222
234
285
84
173
492
346
485
372
6
36
63
44
202
127
208
31
175
333
7
282
274
194
360
401
459
409
18
125
218
41
285
370
152
271
51
312
21
315
202
473
394
345
85
278
334
95
124
421
345
316
230
391
99
499
430
175
334
198
459
42
266
312
190
470
386
116
389
330
208
48
452
298
102
74
358
443
467
135
63
99
6
339
129
13
102
473
3
188
218
247
54
480
494
93
74
68
213
25
374
486
258
393
227
222
290
325
400
464
440
160
157
95
29
48
476
192
24
426
140
109
467
106
176
448
314
424
179
249
248
5
37
355
235
490
25
268
478
327
210
29
393
133
474
61
87
326
432
221
189
102
344
104
450
213
329
362
234
383
100
238
480
465
253
324
93
132
424
6
332
342
36
161
201
357
353
65
369
218
101
230
490
454
72
141
193
113
265
194
304
67
101
488
366
391
282
25
417
95
88
194
352
464
118
64
270
176
216
81
177
458
227
290
133
82
362
49
484
478
400
27
353
283
150
263
319
212
287
111
309
403
54
331
489
137
393
133
477
476
188
66
484
265
130
165
106
425
107
454
286
375
237
275
188
108
455
457
277
27
170
365
165
55
174
382
405
203
442
15
308
230
382
29
479
434
361
168
120
26
302
303
361
300
113
429
349
265
311
442
449
224
270
184
132
331
291
103
205
261
310
196
145
432
379
207
457
82
442
55
424
330
381
259
119
449
2
395
406
433
279
5
274
72
30
85
7
304
409
410
339
360
207
176
237
128
348
470
28
221
126
120
382
470
183
55
236
440
66
176
408
22
16
189
45
271
66
237
399
20
251
33
293
449
377
15
81
84
184
272
125
360
82
175
416
443
157
231
438
120
407
213
456
496
472
462
24
334
343
221
169
237
229
152
241
280
73
241
199
379
25
388
341
312
325
98
312
420
313
190
229
222
35
174
451
466
295
71
202
302
187
436
364
483
66
316
92
4
98
10
20
375
48
190
31
35
176
464
261
308
227
465
440
53
81
203
290
118
236
27
68
215
144
134
235
355
16
83
438
341
265
89
451
160
53
107
203
170
54
394
263
355
470
22
69
319
247
334
66
279
195
150
292
440
496
211
441
457
433
144
430
203
368
268
317
86
226
103
264
149
326
315
40
490
480
249
167
204
385
42
354
83
333
191
41
217
398
394
123
35
252
471
81
166
93
437
133
401
104
62
12
27
380
394
439
129
358
106
345
468
372
196
329
446
50
117
235
331
324
140
43
115
221
217
238
85
273
329
342
90
434
489
39
439
305
338
281
267
380
457
184
88
407
221
104
185
289
274
249
436
335
441
203
64
159
140
178
107
57
408
151
142
297
266
67
83
246
208
445
466
311
66
92
174
375
389
202
219
24
411
225
336
106
88
88
185
493
96
205
3
94
88
36
136
48
67
318
240
470
272
274
68
350
86
362
365
133
13
150
482
446
486
295
52
421
138
490
245
387
210
111
250
428
53
117
131
240
417
59
336
469
275
326
420
56
429
484
73
103
48
168
239
376
308
412
249
34
229
236
250
462
475
100
283
471
428
100
337
265
178
287
462
290
353
42
287
130
442
197
472
206
467
289
322
216
166
81
189
249
200
202
428
16
453
15
189
121
127
206
142
241
24
80
105
172
179
190
337
495
94
469
61
305
346
99
490
236
405
266
89
208
253
82
214
11
283
43
397
471
183
499
461
230
57
327
322
258
243
199
275
6
424
288
1
442
266
269
12
11
282
203
379
133
340
30
104
270
259
414
315
33
140
499
195
32
307
202
187
175
206
76
237
335
10
109
18
489
495
285
258
269
169
416
224
228
392
490
289
184
133
186
192
213
53
15
94
280
322
243
41
245
290
165
446
122
328
353
100
352
485
440
238
110
294
100
329
475
258
283
288
77
202
471
169
39
430
239
365
153
192
201
170
395
182
175
341
494
471
38
148
365
484
408
265
55
139
229
37
279
61
57
251
333
39
181
123
372
150
49
353
364
210
248
181
264
103
97
15
429
309
489
90
294
321
202
314
428
491
31
449
431
84
472
436
307
400
18
447
283
324
490
169
45
340
450
46
263
121
250
422
