449
240
411
33
161
417
47
363
281
43
156
32
141
408
451
278
206
221
363
316
131
234
453
409
228
441
416
497
420
182
348
329
143
238
361
396
478
361
139
323
362
473
424
52
186
355
13
334
494
135
467
322
251
249
240
200
109
289
121
134
256
142
288
450
219
297
324
68
54
491
52
282
116
157
214
152
165
182
492
306
124
252
383
9
191
121
315
270
31
180
498
309
240
270
142
194
139
157
46
409
82
68
3
466
8
165
445
351
162
74
79
484
484
150
303
135
430
185
59
183
382
348
66
312
358
276
353
409
452
169
11
140
133
394
454
346
115
160
94
234
250
452
246
7
305
408
280
156
219
438
309
444
135
210
473
239
225
296
335
142
44
89
237
338
16
293
177
449
162
259
47
8
158
20
55
441
338
265
52
232
208
287
208
495
209
292
411
314
341
330
304
337
189
498
188
2
89
360
360
15
435
314
140
275
44
400
476
154
215
74
174
91
359
198
183
360
489
141
319
159
439
147
357
419
172
52
178
404
431
206
163
53
187
187
177
379
64
169
124
463
126
81
347
429
405
144
495
266
337
73
31
409
206
216
114
84
180
93
77
101
104
28
160
347
395
463
371
24
132
427
434
223
9
106
380
446
479
375
36
174
266
357
30
325
238
331
138
322
315
270
419
301
387
287
396
57
204
108
147
316
346
315
493
240
270
35
415
200
310
180
233
110
312
108
450
20
158
369
104
361
18
259
299
37
118
401
128
53
137
427
196
327
167
403
110
116
52
268
409
381
276
264
107
249
493
117
103
243
231
223
326
334
188
32
221
282
283
201
432
60
411
482
328
362
426
290
367
392
207
176
474
175
163
406
352
291
445
288
424
151
264
451
406
476
352
363
349
245
332
37
317
461
365
308
271
83
365
217
13
454
444
31
62
356
351
138
237
41
497
385
73
135
98
498
35
16
135
92
37
210
373
450
21
494
201
15
412
354
303
418
274
174
410
363
124
407
3
322
440
287
92
208
463
465
384
71
102
310
410
249
251
208
63
132
410
381
173
54
382
356
19
54
462
389
499
60
391
325
186
98
47
173
386
337
134
231
144
187
69
425
96
292
366
127
437
81
41
25
397
221
15
336
311
47
344
319
338
229
447
274
150
58
29
473
476
422
379
346
198
19
467
219
137
231
449
227
249
486
30
394
455
185
116
119
484
132
16
214
175
432
346
283
23
234
21
215
72
119
69
38
230
52
294
76
232
349
206
158
353
206
443
232
351
395
92
478
369
87
387
137
237
420
74
68
132
272
330
402
112
378
324
247
498
192
141
229
94
158
388
347
267
427
298
92
151
380
36
448
333
162
363
160
101
155
150
445
415
147
320
415
141
170
111
331
500
461
423
348
270
302
1
4
313
70
390
229
192
466
227
35
434
149
255
21
11
338
61
205
57
190
45
246
227
281
362
387
104
287
264
103
225
66
187
458
451
60
16
450
370
9
411
234
155
270
103
313
142
152
163
376
440
481
218
375
118
119
341
345
444
194
20
334
375
466
101
377
341
344
454
74
385
288
311
336
59
465
450
324
295
438
110
75
160
191
179
188
6
59
116
124
86
377
186
126
62
235
236
76
64
271
271
16
181
489
67
178
300
477
134
257
239
306
423
149
319
152
165
444
372
45
271
190
344
457
118
355
39
13
109
78
491
136
307
373
393
16
367
407
405
99
218
106
416
381
171
175
473
119
256
156
383
94
126
303
4
111
384
78
99
4
78
90
486
167
52
347
142
235
64
265
351
337
96
170
259
276
256
81
374
474
118
365
344
417
460
189
290
266
150
178
113
27
191
412
482
8
63
34
473
274
463
359
39
364
396
344
221
476
335
266
212
207
194
44
155
238
14
5
411
380
87
482
318
298
324
460
229
31
286
121
180
233
238
315
401
462
251
69
326
470
221
386
435
199
66
93
20
283
383
382
64
212
387
163
323
214
160
397
92
49
6
43
378
275
153
350
114
132
187
264
90
108
360
468
91
84
137
318
193
490
402
266
276
378
451
136
495
51
48
453
151
415
164
200
118
86
409
448
341
360
360
351
246
19
498
92
175
450
480
251
191
238
226
438
493
234
31
37
59
113
273
16
224
86
342
478
278
278
11
472
425
416
272
29
429
297
351
448
392
120
359
218
270
373
46
183
315
54
153
276
400
222
419
141
430
68
30
123
451
193
491
252
358
140
415
103
102
94
391
88
459
170
119
274
129
34
111
416
430
153
113
6
345
381
236
472
419
321
148
88
