300
447
430
260
101
148
141
304
196
79
270
431
132
132
474
35
65
170
437
291
370
200
164
75
146
395
146
104
200
459
265
377
353
417
231
229
6
424
118
499
343
478
51
332
338
457
110
224
45
44
359
396
413
189
126
307
156
383
13
71
305
380
212
57
428
261
65
127
367
412
431
461
66
246
197
127
94
327
492
258
215
75
427
351
25
268
213
183
49
338
237
421
250
487
175
431
396
140
28
412
256
209
172
136
115
257
219
215
448
390
196
215
268
36
13
480
475
490
404
44
249
229
82
443
182
456
355
346
363
383
214
205
440
127
490
491
10
243
18
183
33
19
208
385
177
285
255
184
190
499
31
391
457
138
481
319
347
13
292
313
484
83
3
203
399
352
378
349
435
253
430
498
200
397
355
406
202
118
395
482
351
235
57
222
341
167
125
432
179
150
412
165
424
437
128
25
262
357
214
280
291
448
32
184
166
128
355
135
368
143
341
165
410
292
163
399
1
436
56
424
496
436
203
299
282
293
320
406
162
329
481
305
340
485
121
124
495
364
248
418
440
339
273
143
471
142
420
272
194
131
96
437
459
264
117
391
101
466
249
89
274
360
439
28
195
29
493
72
216
415
175
233
169
399
371
191
245
346
4
390
194
480
468
406
407
212
85
319
456
329
61
281
406
45
1
21
439
85
40
395
175
58
400
37
174
35
333
471
368
242
198
333
59
154
218
413
289
405
18
57
318
157
67
270
180
374
236
373
28
12
322
411
226
436
414
444
47
482
293
112
274
303
34
49
490
213
253
65
293
326
197
34
234
83
484
83
344
114
494
355
305
300
70
127
293
447
77
254
426
35
385
188
306
16
400
352
379
40
148
73
329
340
190
489
216
7
120
115
495
245
188
100
268
41
168
443
143
430
486
487
269
495
44
461
60
408
82
4
268
27
124
56
225
107
440
146
425
223
12
145
152
340
338
182
321
480
412
69
80
28
102
292
81
104
327
245
125
197
445
285
233
319
125
83
396
111
217
70
403
29
215
172
331
41
174
325
384
298
394
404
27
291
85
290
379
404
436
449
236
420
315
9
104
434
449
126
407
397
423
311
349
55
101
450
218
197
38
472
38
370
200
438
8
112
59
194
367
452
423
196
75
384
303
57
244
437
321
288
438
442
479
432
28
245
70
32
336
133
51
309
354
413
344
319
410
491
205
37
481
26
120
4
198
6
383
161
426
489
184
320
211
466
156
212
313
163
163
378
2
245
487
429
256
135
406
24
272
149
276
258
481
126
296
220
485
227
163
412
268
266
447
76
415
432
200
266
447
498
359
81
424
420
263
444
163
458
48
316
354
243
108
192
138
97
62
28
311
206
137
365
61
358
394
201
280
210
33
290
238
32
336
143
285
21
145
277
184
44
107
353
458
155
50
220
367
214
84
43
148
337
189
437
170
425
238
88
193
112
201
90
282
495
429
294
206
342
493
299
233
306
449
127
434
355
300
84
199
441
495
283
118
16
363
482
327
9
300
387
297
494
151
27
136
370
465
61
91
369
448
244
471
57
25
377
423
474
284
224
412
318
314
484
265
63
463
313
161
36
364
86
14
83
338
385
1
322
311
77
125
387
17
59
198
41
355
44
174
297
28
153
348
92
66
283
495
52
195
454
409
426
259
325
371
402
24
438
329
162
95
61
194
307
5
363
329
357
94
446
29
338
368
252
476
280
166
153
43
275
16
270
110
329
452
417
193
178
6
339
73
399
134
296
497
244
315
44
399
6
180
387
199
337
323
418
475
42
157
21
442
231
175
219
100
138
147
473
462
358
320
50
334
387
365
148
125
338
192
417
274
160
138
384
441
237
280
415
82
119
346
11
229
291
110
53
332
59
211
195
421
469
307
126
425
455
228
467
294
410
341
342
74
332
2
193
302
246
107
97
392
262
85
415
488
185
246
401
343
84
392
238
50
471
324
81
447
272
282
258
486
301
265
214
396
280
270
136
34
328
83
266
245
30
240
490
214
467
494
469
5
184
255
351
195
473
201
418
388
309
353
361
420
9
410
236
457
158
130
60
377
204
250
89
264
346
408
114
367
242
463
331
495
357
236
58
476
417
475
113
354
181
159
345
273
488
323
496
261
287
213
420
453
351
344
238
452
296
107
389
39
109
195
297
452
341
357
88
170
216
106
490
477
254
277
271
179
221
315
11
364
353
437
36
251
256
235
290
357
443
422
186
219
269
290
122
84
339
157
151
473
273
449
87
255
25
333
353
213
154
396
116
