353
310
164
22
299
399
207
358
463
204
272
269
94
302
402
93
288
405
436
306
234
121
271
206
246
313
195
471
332
375
73
437
474
499
91
126
33
327
36
343
35
460
60
450
370
384
489
395
488
439
313
101
393
166
353
401
136
20
44
380
392
468
451
345
238
113
389
12
123
480
256
218
268
178
231
302
391
109
492
122
425
47
157
223
32
172
157
184
297
400
190
491
498
75
34
413
379
254
173
353
111
294
297
143
169
416
142
58
133
265
148
243
13
198
499
138
154
481
499
436
397
45
193
460
68
135
232
2
45
49
153
449
31
284
79
32
121
206
356
262
498
16
27
310
92
343
439
96
116
386
86
415
272
1
326
335
21
387
389
334
88
29
323
367
61
424
323
262
394
278
135
238
319
38
213
49
16
276
38
9
70
350
325
283
440
160
182
461
454
414
322
133
260
199
231
121
267
16
311
187
92
316
475
277
427
51
309
275
375
70
44
175
250
312
112
27
266
455
187
15
15
408
229
3
473
49
408
7
408
233
265
219
223
223
409
386
275
30
240
263
258
430
301
299
359
257
178
437
154
188
97
117
295
261
464
323
229
375
322
201
423
226
447
301
225
240
258
450
406
295
429
452
316
246
139
151
67
145
67
311
343
416
177
161
186
31
310
365
68
386
365
59
492
307
253
397
359
407
215
386
41
352
39
95
52
209
54
61
232
26
385
157
45
97
74
301
281
68
147
421
43
49
69
219
239
143
369
290
335
450
492
161
392
139
300
239
63
353
135
384
214
200
21
96
34
107
352
213
261
188
283
161
61
198
390
201
327
189
350
258
437
261
33
117
268
327
283
264
68
100
308
104
12
164
427
273
114
470
429
264
80
47
369
489
366
331
413
149
448
406
488
416
54
335
35
187
260
106
497
465
295
7
2
144
285
251
12
31
235
478
224
106
189
230
36
188
147
98
205
221
310
67
338
158
488
255
104
96
89
96
400
93
135
446
290
411
494
236
420
368
240
260
447
329
63
155
409
32
279
260
71
397
117
260
99
330
272
292
39
172
227
215
192
487
247
306
245
28
278
18
51
431
234
494
401
225
217
438
313
365
486
492
369
391
411
284
72
452
315
419
202
92
346
335
73
38
155
73
248
472
302
478
251
391
245
4
232
106
460
211
409
33
257
299
10
18
241
388
468
245
476
76
90
259
375
252
412
317
312
16
447
416
119
490
251
375
446
135
65
405
255
466
258
451
491
187
192
300
323
149
381
454
281
195
100
147
239
185
282
206
68
276
16
240
117
2
426
449
142
477
366
374
398
192
120
18
106
491
188
273
407
409
396
442
166
161
230
111
146
470
249
356
26
356
27
352
71
74
400
412
485
243
14
291
220
54
72
26
442
277
468
169
477
270
269
201
376
125
308
40
352
129
179
242
267
267
76
420
448
440
144
402
228
114
110
134
386
460
225
222
221
265
274
305
386
30
479
304
52
23
62
455
410
222
416
69
484
415
273
174
78
250
419
157
60
245
367
11
216
44
183
166
441
130
138
88
269
165
300
46
123
45
93
452
456
24
327
397
391
19
438
408
251
351
52
374
308
212
174
13
297
340
115
69
186
58
19
488
315
196
152
61
281
175
401
197
415
305
459
196
240
74
151
365
155
243
154
261
362
412
137
279
184
414
97
335
258
264
208
424
438
117
9
434
169
348
169
308
173
493
396
86
368
185
343
236
296
20
61
194
438
169
316
406
158
24
450
200
452
52
216
487
148
137
431
296
15
258
157
108
322
446
361
282
15
383
209
230
375
43
10
492
116
166
237
336
129
380
192
409
292
22
148
116
471
314
15
410
192
304
379
60
67
360
91
409
83
361
370
387
10
479
245
95
280
57
424
316
12
468
288
45
150
106
78
264
345
419
71
473
302
238
224
95
403
320
27
316
382
246
6
169
324
197
318
168
476
483
195
205
376
336
316
258
362
61
347
248
190
271
27
471
415
238
283
442
197
32
39
150
155
244
91
53
22
79
285
290
227
408
379
334
38
401
375
170
360
213
199
270
144
198
462
58
112
337
92
496
134
237
383
288
487
461
308
211
226
103
315
448
207
330
382
184
235
200
56
107
305
478
271
484
295
279
453
137
394
364
45
372
107
136
466
257
293
174
236
96
340
8
245
451
394
309
453
347
362
275
142
180
499
106
383
17
108
286
410
405
135
195
253
429
429
86
379
300
291
155
362
495
301
258
441
155
186
274
3
317
57
188
93
307
49
444
311
71
2
316
409
454
