446
369
144
472
466
401
483
383
150
269
200
104
135
297
294
478
496
185
375
80
269
476
316
303
101
56
122
149
500
463
250
63
382
292
465
54
29
415
220
410
342
184
312
466
146
328
181
153
11
143
488
420
138
322
271
384
415
63
28
104
208
285
38
35
188
374
341
462
358
113
258
81
355
277
181
407
194
197
114
350
113
401
358
74
383
75
383
407
259
68
271
299
168
55
315
366
70
413
279
15
491
402
302
96
331
282
146
284
475
188
88
53
211
295
145
255
41
169
3
109
292
7
197
303
280
317
35
380
215
8
422
97
287
265
477
85
3
220
69
287
317
38
464
466
295
282
86
326
280
416
117
316
94
378
484
446
140
61
48
36
399
470
277
183
36
38
415
206
479
316
473
112
333
157
271
343
331
365
465
409
54
421
379
43
66
241
402
404
155
363
221
95
455
30
129
98
331
433
132
88
11
210
386
415
334
77
240
66
116
187
473
317
404
296
333
307
320
367
45
42
370
11
69
130
233
4
141
55
204
389
451
339
489
417
164
402
496
51
236
359
458
342
98
425
359
85
105
413
270
342
100
380
460
92
45
309
397
495
202
347
453
463
48
390
91
437
284
305
425
168
499
264
439
85
458
173
70
462
245
66
44
356
176
12
319
377
289
38
365
276
265
458
336
384
289
149
293
128
199
483
299
327
330
143
332
440
383
404
280
123
273
345
197
26
462
161
73
383
495
180
334
456
322
432
161
437
289
366
256
172
232
26
106
137
463
240
396
411
343
250
379
74
455
2
286
145
96
244
448
459
209
379
146
16
450
407
343
222
375
274
164
456
315
189
133
196
244
71
32
336
274
272
201
406
425
355
455
465
225
145
75
477
251
305
352
184
391
137
382
500
477
496
94
290
314
10
190
332
391
293
147
201
409
260
169
400
83
161
298
464
447
7
37
209
91
148
127
177
372
208
352
83
122
295
75
237
37
449
464
311
36
95
454
105
99
271
90
173
240
257
213
182
400
146
82
315
129
372
487
30
246
25
275
314
476
301
440
435
217
122
391
106
305
162
337
149
356
71
293
25
479
195
494
136
100
444
391
17
172
95
337
120
484
128
27
93
83
134
21
356
227
96
322
98
107
382
266
19
9
94
298
348
223
370
102
285
281
282
352
85
238
72
173
28
487
361
234
279
435
371
324
262
472
196
370
62
146
468
208
322
255
271
47
488
134
224
319
225
493
185
200
113
331
289
360
46
269
305
125
69
472
44
486
454
271
64
175
445
125
390
216
108
377
197
154
83
259
471
357
93
397
402
47
329
339
230
100
190
394
321
375
206
195
183
240
431
130
327
41
463
343
474
409
417
60
292
133
423
30
273
167
474
51
188
481
443
190
284
223
178
42
166
53
435
283
94
166
487
499
500
178
477
427
466
183
420
267
352
61
431
332
178
418
301
423
243
47
334
241
301
105
378
227
27
411
98
44
20
369
37
171
296
114
268
121
411
59
137
147
184
208
3
80
191
139
49
9
179
72
284
59
408
34
467
498
447
23
376
458
271
463
97
65
374
267
337
219
369
284
128
7
250
369
195
366
223
163
236
257
416
451
16
13
176
135
342
355
212
41
186
66
262
466
411
233
249
119
446
499
451
53
419
163
257
399
487
357
400
130
387
421
410
359
88
176
92
300
24
438
68
104
384
386
157
394
406
231
122
33
346
180
404
388
490
405
230
137
275
348
392
74
499
169
153
86
240
414
201
86
359
84
316
136
173
15
385
88
478
165
167
394
345
204
216
226
232
225
46
397
214
117
450
367
497
396
338
244
128
277
66
275
25
407
177
73
497
125
195
213
129
354
268
347
64
232
476
18
136
335
54
240
314
141
207
409
91
172
106
300
92
211
429
304
171
33
372
179
408
123
129
424
452
4
109
464
248
466
401
292
425
321
11
396
467
290
437
119
405
112
200
406
354
422
293
285
446
17
371
45
294
136
13
221
133
410
319
84
488
94
101
447
45
354
466
342
140
403
214
331
135
30
327
309
249
233
381
171
308
338
458
116
495
275
240
386
162
97
272
183
495
363
336
124
146
144
199
356
106
463
27
120
260
195
197
158
394
313
378
348
254
158
84
400
294
113
496
125
181
351
172
483
406
2
402
413
297
268
72
310
473
150
160
270
395
210
391
370
48
212
145
29
135
25
428
351
285
30
206
283
217
163
336
470
331
325
132
197
420
276
124
9
107
214
104
244
185
324
342
401
108
208
428
46
301
390
123
302
461
378
304
