259
285
255
51
278
495
274
438
119
269
78
401
273
500
107
487
306
141
77
252
264
2
241
408
461
159
223
51
431
211
499
405
274
419
363
415
166
496
228
261
283
421
323
247
123
386
47
267
288
197
248
254
247
274
109
13
299
282
417
82
231
385
203
250
52
122
147
170
164
404
236
91
277
82
378
209
145
124
422
331
20
11
370
150
64
374
235
65
243
486
443
242
433
64
455
362
155
428
137
19
291
339
249
51
402
239
350
90
330
307
461
272
167
45
424
454
184
135
480
106
410
269
484
272
172
106
150
107
376
90
297
20
123
157
264
346
466
205
456
105
256
303
280
387
244
494
418
4
196
257
477
353
431
34
77
461
68
354
282
348
161
214
202
177
241
370
339
77
207
115
402
222
66
100
486
307
204
84
366
226
49
247
5
297
9
147
54
199
324
326
258
13
155
488
249
254
492
191
158
434
196
160
444
261
298
108
455
188
242
353
296
60
499
362
261
226
394
480
499
217
480
210
219
148
49
384
390
374
497
106
394
419
131
396
433
73
188
202
93
62
151
306
336
232
325
471
490
295
218
29
269
458
364
345
274
175
151
360
34
1
377
263
173
486
379
97
478
119
150
464
435
111
384
329
370
100
85
452
191
54
206
236
114
325
472
110
415
70
491
214
374
448
227
303
197
107
49
202
483
391
256
66
460
332
445
344
431
412
265
413
335
183
480
317
359
1
155
51
369
106
26
164
187
226
368
259
371
408
388
472
209
196
398
495
368
368
422
294
471
22
482
64
210
323
146
492
117
287
6
91
100
414
8
292
183
222
58
165
296
100
185
368
476
133
212
60
236
148
132
76
225
465
500
120
423
303
173
446
484
321
159
64
242
225
441
9
438
100
396
409
150
471
88
483
129
484
35
446
344
355
380
359
214
497
250
184
313
73
226
262
77
201
269
63
380
386
361
495
28
97
330
258
123
33
49
318
234
337
170
172
49
70
428
22
437
123
185
255
116
174
16
29
23
177
194
403
393
346
58
198
151
277
141
462
360
429
273
136
140
83
45
165
200
476
43
344
142
458
361
411
459
406
57
4
29
136
137
96
8
204
187
374
287
303
71
246
248
375
121
18
166
246
458
180
13
207
91
229
356
217
303
336
257
436
469
144
399
384
403
490
294
53
225
298
234
185
172
365
125
21
113
379
383
445
398
125
373
216
272
153
496
345
440
328
25
364
149
328
60
12
275
118
127
202
189
48
254
297
99
248
124
218
471
82
311
386
93
459
224
26
318
114
404
422
488
370
295
132
203
100
102
126
425
125
357
373
196
403
483
62
250
170
298
498
15
339
389
292
333
126
231
255
273
55
135
289
81
78
355
134
145
30
448
460
116
332
498
239
181
125
276
490
70
309
28
171
296
401
110
6
151
346
481
267
233
100
277
459
114
6
76
194
434
280
106
154
395
401
260
113
88
438
338
64
179
352
167
364
107
169
334
8
53
169
351
240
114
281
399
299
467
187
208
170
337
120
199
49
329
477
353
281
208
97
51
103
357
284
216
120
38
24
162
387
496
87
382
141
153
308
38
26
405
419
400
326
105
129
423
393
57
297
209
392
361
394
50
141
286
389
352
72
396
366
261
35
77
186
323
260
395
491
3
179
327
91
41
319
119
467
283
139
288
120
477
83
255
280
224
439
392
439
198
109
327
272
443
99
344
441
386
363
415
210
279
411
303
443
55
313
192
451
427
435
368
155
205
12
477
497
226
487
263
282
358
313
373
19
20
392
478
61
452
173
140
77
381
376
315
499
406
98
336
201
156
245
405
368
210
31
211
492
437
177
410
105
381
363
10
308
476
290
36
57
350
207
208
90
283
382
79
425
413
500
114
89
163
498
172
404
4
391
315
356
107
298
138
274
151
103
189
365
231
59
380
144
329
177
450
106
177
3
301
250
28
354
154
244
367
217
151
449
354
367
161
339
420
488
7
319
52
341
371
281
349
106
67
189
358
393
10
120
437
375
444
149
84
321
46
2
213
365
364
404
273
158
108
294
235
188
64
75
472
447
12
394
271
198
121
480
191
454
486
141
232
216
94
480
293
262
441
133
183
464
77
35
265
11
189
183
250
103
356
392
101
213
465
474
71
249
60
257
268
273
376
366
435
278
29
118
499
224
315
168
303
442
213
348
165
450
344
137
459
298
264
354
489
265
232
370
101
213
250
50
171
345
218
491
449
151
491
500
322
225
381
343
290
27
172
109
266
472
438
369
166
278
435
32
41
316
