288
215
497
150
39
340
215
95
403
315
57
98
407
466
424
104
96
90
12
426
97
161
388
15
68
492
500
137
493
163
486
370
158
471
114
195
348
104
117
388
378
39
290
84
298
154
20
364
497
35
487
353
360
187
332
138
495
315
454
342
37
279
481
76
261
197
399
436
157
427
183
477
327
251
89
68
476
284
212
137
164
312
67
96
466
381
419
44
215
158
391
233
286
116
223
155
266
316
103
72
480
287
435
101
216
470
2
290
442
204
445
353
445
212
331
105
285
21
385
68
328
272
222
474
45
292
46
390
29
129
109
213
279
79
342
126
401
63
499
193
229
24
235
470
294
147
215
490
177
152
131
335
283
497
208
437
405
173
231
445
143
125
182
75
147
156
485
254
248
279
285
180
463
358
309
27
86
62
285
108
356
300
271
108
33
280
122
276
185
467
115
356
490
175
130
152
71
62
201
461
97
125
151
395
89
416
170
411
405
281
258
235
463
142
184
138
352
378
424
332
79
488
384
390
398
75
388
109
402
11
168
459
213
317
9
474
402
326
261
77
193
485
81
280
420
140
271
17
329
80
252
114
136
391
472
82
143
353
43
403
412
454
70
277
402
64
38
34
453
318
190
385
235
468
490
167
437
247
119
476
60
310
367
158
82
409
310
3
468
50
413
495
26
327
56
438
414
105
46
41
351
125
443
246
317
187
296
111
82
253
166
330
23
82
421
404
24
138
198
253
281
380
69
139
270
10
459
202
457
299
456
248
24
345
492
445
392
311
436
295
426
164
101
318
317
113
20
381
341
256
355
292
182
491
346
36
455
34
48
440
436
61
174
287
81
392
203
315
451
72
35
70
196
95
16
477
371
451
223
295
262
340
307
248
497
242
21
362
221
211
322
394
227
407
441
218
412
252
324
336
350
271
111
355
423
359
354
204
469
38
66
239
111
189
474
372
318
287
453
318
11
379
136
80
172
341
399
463
111
11
465
473
97
447
495
407
449
46
25
118
158
63
354
349
53
249
496
432
364
64
397
318
1
55
439
316
112
49
120
476
82
335
118
269
319
448
439
129
131
392
259
85
212
161
355
210
28
426
344
479
141
259
262
400
173
387
107
214
252
14
4
418
314
121
335
220
358
269
433
59
487
66
269
149
472
304
161
77
262
303
94
226
464
189
128
186
174
360
115
360
117
371
248
158
138
451
204
171
107
99
44
112
247
407
34
211
141
359
379
500
203
494
91
3
121
43
367
26
232
426
456
50
200
461
265
94
12
216
306
470
295
237
251
159
151
357
155
336
46
50
208
481
251
298
490
73
436
253
365
74
179
229
240
448
96
223
172
74
430
470
365
82
424
118
58
281
388
90
192
125
331
7
71
498
241
41
394
120
330
107
475
130
468
338
85
233
182
46
155
16
319
370
203
303
445
156
129
315
464
380
277
256
52
464
423
333
92
251
427
9
347
8
378
422
437
290
138
124
286
204
228
460
190
456
254
159
185
5
40
390
96
131
452
217
386
325
420
369
335
151
151
245
166
269
291
440
202
213
433
424
233
388
322
21
340
144
220
57
424
26
310
337
246
252
345
73
181
345
385
112
227
304
320
231
173
36
126
481
379
186
412
363
320
8
464
472
71
316
207
222
30
347
239
183
74
474
5
55
444
105
207
47
441
235
35
262
327
493
10
369
72
250
76
83
370
237
351
125
62
122
133
175
447
365
159
388
375
299
282
338
384
219
109
362
347
324
203
445
249
479
369
142
51
182
484
404
232
162
430
488
345
39
436
215
268
275
128
442
253
194
305
15
125
324
476
229
119
132
469
71
288
453
271
260
423
127
379
482
448
332
270
159
423
337
498
462
75
351
175
45
437
139
79
234
283
342
92
256
208
468
145
227
416
284
33
52
211
365
354
280
220
150
52
131
110
120
271
313
279
494
61
210
441
153
247
433
375
399
115
140
161
401
6
368
155
349
123
186
295
294
293
17
354
453
158
53
330
125
282
70
121
60
143
240
55
230
92
38
318
127
57
467
157
418
357
339
67
149
309
102
136
363
389
457
497
319
371
207
221
404
381
487
95
449
183
25
398
64
131
308
281
102
371
370
474
330
350
298
360
292
2
421
249
139
335
106
499
37
442
349
342
5
70
140
399
55
250
319
332
484
82
225
298
75
321
308
218
202
374
253
369
322
466
420
5
103
5
272
419
471
251
476
333
180
441
454
385
253
16
222
409
324
231
113
416
122
18
403
368
300
63
95
5
496
373
451
45
443
219
220
