286
146
452
450
402
66
87
85
90
50
167
404
97
356
74
112
395
105
118
444
315
395
411
47
71
185
391
134
222
281
79
122
113
238
192
284
33
402
231
83
492
285
470
468
159
48
393
187
101
455
270
195
288
128
433
469
30
493
95
110
372
305
192
182
69
144
490
90
57
221
84
5
480
268
408
181
342
82
456
236
404
164
213
364
45
297
57
253
389
432
246
101
163
231
188
388
229
399
209
26
62
275
429
173
360
231
389
13
382
149
84
45
253
397
494
120
306
339
38
454
258
150
233
332
109
128
384
483
406
266
316
228
24
258
405
298
262
447
470
186
427
170
174
256
476
48
100
372
106
488
280
250
493
122
95
252
280
290
244
393
121
231
190
443
199
379
499
123
448
26
296
451
148
472
343
415
122
220
147
438
68
130
302
99
267
459
308
261
324
252
133
407
304
169
82
207
342
248
53
18
180
360
236
331
177
421
283
485
317
411
156
308
409
52
343
72
474
484
69
492
65
19
292
7
217
214
490
274
279
27
177
120
164
214
388
16
139
251
185
188
234
385
164
219
104
113
408
366
98
162
279
339
166
106
269
393
3
320
154
223
260
96
133
311
372
498
174
225
431
392
493
203
338
487
400
270
394
268
35
261
315
101
91
254
3
341
325
269
257
104
33
26
71
339
27
444
421
283
105
460
491
498
286
483
63
247
154
175
339
343
242
167
59
498
244
365
114
305
467
19
11
96
160
92
279
477
214
415
79
91
120
208
199
245
454
110
315
443
149
174
323
382
399
456
304
367
352
230
240
177
179
32
417
300
455
51
238
53
370
124
65
459
221
42
374
484
461
362
208
362
69
133
66
488
112
464
456
33
361
485
417
20
106
189
385
27
286
175
183
91
324
135
100
456
249
80
483
458
230
208
341
80
383
361
205
219
491
253
89
430
73
196
490
202
274
34
293
406
48
469
101
40
199
434
392
6
287
479
319
388
74
330
352
351
368
127
290
488
316
209
365
487
387
489
220
444
63
390
249
14
116
231
137
266
118
268
259
291
274
194
67
276
287
92
244
159
323
149
263
109
79
117
255
486
90
82
44
217
50
276
176
322
117
224
299
213
172
149
497
200
293
301
458
267
339
379
14
76
353
279
353
318
238
368
266
228
419
253
245
50
26
129
345
234
280
469
54
485
199
328
294
307
85
90
235
490
477
234
464
45
297
216
483
252
161
435
257
438
498
134
405
273
308
460
317
191
117
255
450
216
328
457
365
123
389
263
229
273
435
379
492
126
110
307
460
111
1
410
153
479
384
269
11
85
197
327
280
290
257
405
9
12
189
111
391
499
227
251
309
418
299
141
164
445
298
234
364
131
137
111
49
350
413
372
53
196
399
169
236
345
328
172
493
266
63
188
76
323
322
286
274
40
362
169
295
262
49
57
47
387
454
360
231
395
82
269
441
130
427
301
95
88
276
123
232
37
337
195
51
171
74
152
419
357
476
491
329
175
485
182
468
158
102
18
405
367
230
393
225
466
30
435
101
373
40
263
21
309
11
262
484
423
188
226
122
167
67
443
211
384
275
274
437
166
188
32
56
352
42
60
44
390
64
114
32
274
500
223
113
188
297
368
266
14
283
307
409
9
86
119
446
241
206
372
285
79
379
63
69
17
253
129
24
144
445
14
365
146
62
235
35
440
252
7
200
414
325
187
202
252
144
108
187
450
18
148
422
7
166
168
439
326
224
257
482
34
109
467
180
80
348
369
428
35
301
55
192
391
233
95
196
214
168
325
489
216
345
101
113
34
244
407
214
285
83
407
274
335
39
327
106
55
364
348
284
184
397
203
64
452
186
372
53
107
381
371
13
468
50
443
257
474
343
57
6
84
66
400
111
272
186
23
248
332
480
497
295
297
467
98
318
404
264
471
475
78
491
139
354
429
319
386
73
279
187
177
489
288
427
250
55
356
202
3
414
294
253
408
66
42
52
392
495
258
105
401
368
392
57
186
29
299
276
146
327
218
469
230
253
229
300
303
100
123
391
147
44
206
442
378
333
439
271
339
490
500
417
82
69
263
138
26
65
441
368
74
286
76
189
165
60
109
183
88
473
371
31
353
287
86
52
44
478
235
386
163
475
363
410
372
135
494
148
440
240
404
158
210
238
497
293
198
483
27
12
41
345
53
133
69
156
256
186
16
49
80
477
489
282
387
378
431
416
323
108
443
472
200
79
454
273
397
140
37
402
426
492
35
187
284
57
494
366
299
417
285
359
16
60
81
