20
107
66
178
312
442
208
94
390
132
93
155
339
229
194
66
258
477
197
33
141
126
76
46
310
410
486
320
491
266
302
107
403
12
172
175
445
101
63
384
343
481
394
482
20
295
31
195
157
411
192
345
199
342
317
474
30
47
361
180
120
373
386
458
378
65
160
361
128
238
180
155
297
153
434
93
310
342
64
89
216
225
366
189
56
188
97
488
87
486
279
279
134
470
400
478
31
466
178
77
295
300
143
163
195
438
277
198
11
269
450
336
174
444
439
135
461
336
159
306
459
284
152
355
297
166
101
456
445
113
23
53
175
391
234
16
196
30
172
482
366
210
66
176
163
165
328
337
279
200
423
42
376
74
463
67
21
258
306
132
32
493
74
412
398
278
247
475
40
166
223
186
349
446
447
179
256
67
165
351
33
198
383
373
175
427
439
138
199
125
155
343
168
63
475
51
350
158
419
80
211
113
103
347
397
408
162
374
429
167
48
288
422
82
295
464
402
52
302
324
208
4
2
465
130
113
37
309
404
157
291
469
322
429
403
127
180
159
462
293
261
385
129
82
367
8
331
429
282
143
192
176
388
399
479
137
196
178
72
207
420
235
156
123
281
393
340
492
481
99
453
137
23
347
100
21
309
297
28
290
446
500
364
164
289
452
303
406
147
30
278
198
181
115
75
307
361
299
102
368
39
361
12
252
143
97
51
276
280
102
107
352
7
302
173
245
313
179
56
134
406
105
150
482
268
349
185
47
37
377
379
179
428
50
41
17
107
437
107
176
126
104
392
406
302
268
79
376
55
136
226
24
210
256
337
208
53
363
59
326
197
181
495
44
322
415
120
370
186
152
104
316
300
478
111
121
282
257
161
203
32
302
61
72
440
357
310
196
437
277
283
492
2
430
55
497
191
205
117
444
22
231
157
319
256
492
462
471
327
296
53
148
160
229
155
431
103
116
473
328
48
447
347
98
300
71
233
408
444
239
149
362
280
26
391
103
396
145
215
48
300
451
460
406
319
241
41
235
442
208
196
74
343
163
48
292
306
281
454
115
179
395
286
95
54
178
330
221
103
106
45
235
12
440
428
60
147
319
497
75
386
326
279
251
94
233
300
417
160
450
214
312
465
92
279
132
414
389
41
151
335
155
308
26
483
149
370
188
141
444
65
273
348
172
189
470
66
367
137
27
199
284
454
355
97
484
38
344
407
189
38
335
303
351
400
121
246
434
191
79
170
482
388
158
48
324
427
106
133
182
392
439
201
231
457
400
58
83
264
453
230
442
309
32
445
231
418
53
315
91
452
199
54
445
332
252
162
213
412
147
251
208
331
336
351
385
266
13
241
391
43
129
398
466
291
387
395
149
466
78
326
285
310
97
123
329
85
144
35
111
128
213
387
368
19
376
102
420
220
232
364
337
4
411
170
343
330
208
32
345
135
473
423
272
6
115
223
290
323
308
271
288
447
199
121
20
76
470
261
483
392
442
173
178
379
74
41
129
134
79
102
63
122
149
390
75
442
370
85
450
421
128
242
47
155
370
483
401
486
92
160
455
88
397
454
381
169
349
325
35
102
83
373
8
246
159
438
287
88
286
289
105
217
193
325
464
197
346
379
433
478
296
92
423
497
47
125
274
72
491
469
324
377
320
13
4
409
401
394
218
157
312
198
281
36
402
320
31
110
83
400
450
88
332
248
290
340
485
240
353
373
262
399
210
95
153
358
134
170
151
155
66
166
268
263
377
368
186
343
39
71
414
277
491
487
131
115
247
484
192
284
476
99
455
274
106
257
350
334
195
400
201
430
100
287
82
498
315
230
319
92
418
118
297
347
329
295
287
6
446
2
338
461
174
40
99
89
361
57
140
403
271
279
309
159
252
463
481
445
171
294
50
5
78
266
471
260
76
374
432
402
338
2
388
138
237
40
429
17
248
250
223
67
214
21
204
360
396
448
203
361
6
367
119
69
307
112
226
157
469
177
120
350
173
50
147
483
27
398
52
433
171
65
209
65
108
144
297
17
212
91
495
465
148
82
347
352
312
387
189
12
288
226
187
118
167
195
468
441
281
490
426
422
112
452
5
187
198
475
3
322
21
24
320
5
429
382
128
162
261
406
114
146
242
266
305
322
443
66
370
401
288
484
481
492
28
342
339
267
476
244
85
331
180
424
398
377
427
187
28
195
2
384
30
311
210
315
468
222
290
308
459
224
12
222
438
362
287
296
456
117
328
116
140
369
174
12
241
362
307
462
160
286
410
84
289
326
428
112
360
