4833
4523
1877
6951
2088
7126
1515
5429
5345
9250
1072
4604
6936
414
8058
5385
8926
4704
762
4506
4758
5461
3696
145
8136
325
9687
5723
3313
1349
9305
1075
1473
3365
5633
2417
9942
4376
3483
8383
6665
4006
4806
1064
2163
7924
2241
3306
9103
7422
5480
2905
5159
6269
9179
63
6287
5470
7647
2575
2783
899
1822
7796
6891
6164
7338
5148
4083
6999
1982
8158
5507
4159
4038
941
6622
3533
4554
7627
691
7027
1549
3686
6328
708
8196
5991
8102
8887
2761
5851
2928
9387
602
8862
8361
3091
1801
5887
8775
8632
5928
7867
8087
2865
1598
5440
5255
1033
5748
3895
2606
2131
760
4314
4012
6020
133
2020
5923
3945
1808
3301
5715
4952
9261
1943
4878
9176
2290
2098
6826
3268
966
3675
3225
5840
1323
5139
202
7188
3389
8435
644
6966
4476
1427
1332
3963
4334
5585
5461
8143
4122
302
3602
3617
8058
7891
8942
8021
5549
4001
4411
8928
1082
4666
6780
5814
9407
5048
6929
4597
7669
3073
2300
277
2481
1608
4608
8713
7426
5583
6304
9073
5899
4855
4062
7429
2900
6671
5098
363
8411
8713
1386
6292
6950
4928
4472
7803
7162
4078
9945
4280
1258
2333
6389
5010
8979
1972
9269
8461
4915
1387
886
657
5396
1635
6762
5803
2237
4099
4642
6015
1612
5730
8450
6064
1405
8901
7109
5249
9559
4102
923
7319
7638
5464
2890
8012
5354
7417
4223
774
3238
9606
8022
8968
3887
1347
1440
2619
5731
604
8693
9681
2589
2414
1529
4469
2245
5950
8336
6659
3317
1517
2090
1451
3892
1919
6853
5783
2177
8970
2201
301
4405
1861
4415
3038
3925
9080
2467
2871
6188
3778
6291
5701
1719
7920
6441
2553
9165
4539
975
7805
5239
8524
9150
802
4377
1031
5835
7138
4452
8437
3345
5893
7589
9600
1424
2724
8054
3280
2476
2248
5652
3228
1337
8250
9380
8828
6727
6976
5122
4212
5301
9579
9152
5342
6897
2743
7256
2477
5129
1289
9327
3383
1965
2983
8259
4104
3023
6664
6331
205
8157
258
2231
3146
1043
5986
8420
8350
2551
3758
8155
9193
3535
1646
2559
4993
8410
5612
2036
8795
1306
2509
6599
3431
6763
6829
7087
9505
1760
7363
6856
3977
7715
1382
1692
7116
3203
5326
893
6710
8740
2585
4291
5288
6739
1250
3770
2082
2524
2716
5424
6838
1336
5632
7160
8207
3593
5515
8003
1198
1367
3507
6833
2211
8594
7353
5373
6823
8141
6933
8911
8329
829
2690
8945
3315
7868
8270
6682
9683
5127
8708
8831
5983
6052
8301
2822
7159
6087
2946
8942
2597
8130
8026
2380
2809
9191
811
6638
9806
3853
1026
3310
8494
3169
9403
9694
8224
1042
3544
9402
5140
2403
3983
9096
1434
3347
7018
7540
9256
5586
2810
9273
1213
9634
411
3726
329
3438
6080
6618
9981
8797
3961
3438
960
3935
613
2208
9789
1414
2975
7493
3585
8342
2337
1192
2365
4163
5516
600
8939
880
44
6845
1167
947
8017
2511
6766
6643
8588
1636
3486
930
9996
2958
5960
3877
1861
2339
2062
3182
7020
593
375
1353
4812
751
2011
2126
4917
7869
7708
6622
4460
2695
7762
696
2349
6785
9568
1269
9216
8402
2838
5609
6322
8115
7478
8445
2724
6577
2099
1760
7157
6317
4381
6220
5071
8516
2549
9233
8825
6669
1283
3481
7968
6050
6623
1786
6613
7085
6429
9074
5627
2902
9258
4511
7433
5158
7192
2096
9834
7340
9594
3236
6956
2322
7316
3302
471
6520
7947
3856
2511
600
7223
7122
3858
6184
8313
1632
2498
8576
8547
2931
425
4335
5218
7432
7397
8268
6527
6123
5788
3521
3167
9624
2993
9803
2261
9221
2321
2397
3561
905
7432
4806
703
3754
5154
5783
230
1156
1601
7776
8945
4291
7360
9220
8816
9315
8331
6923
9977
7126
580
9516
6033
8326
3123
5988
4905
3471
2079
8208
7313
8928
9057
3432
6983
9635
8769
9602
2415
5010
2420
7151
5954
8249
8210
7796
6774
3783
4417
9143
3731
5581
1712
4839
2999
8157
9333
7618
6158
4462
8229
5928
17
3403
927
1684
7805
9467
9807
6647
2799
110
766
4777
3963
6721
5263
9551
3244
3730
3007
712
7260
1852
4034
5770
2120
9815
7065
1449
7617
5136
1789
1855
4946
9003
9130
4203
3999
7741
163
2877
8736
2592
2343
3962
6738
5682
6393
7275
4429
4249
2646
4710
7321
1548
3260
9579
7775
1731
8077
6307
429
5155
3465
8112
4446
5540
3325
656
2456
4215
6014
5730
5818
6261
8704
2111
9776
9186
578
6179
4248
49
3953
8125
4948
4942
7823
8098
9178
1075
9132
4297
4719
9574
2372
2509
8250
7284
3579
2317
9398
5444
2336
3777
7902
3420
4310
5735
6023
4351
7274
1678
4025
1896
4862
5215
7357
6316
6947
6589
6389
4873
7381
2794
9729
6651
9647
4248
1165
6734
2412
5975
7617
1234
2477
5401
2528
6649
9200
53
6607
5979
993
778
5595
3021
1410
9695
104
7262
7349
1709
8755
8893
2890
6414
8118
3747
4525
1271
7669
1701
911
5252
6303
5366
5486
388
6443
9411
5063
247
4673
5746
432
1224
230
2045
126
1461
5473
1109
7205
2120
8772
2449
7446
1945
7664
4647
8994
488
210
7061
463
3320
8185
7752
2908
9655
4634
327
2117
7627
4620
4259
6978
5944
6863
5261
5940
683
7990
1966
900
7298
2152
6558
5523
8500
3331
1905
4983
2263
1492
1105
8227
448
5293
4680
5552
8393
9588
6334
2390
8253
5956
1705
4715
4365
4561
8823
7229
3801
5506
3428
9375
8676
2422
8821
5783
6917
8881
9618
6444
8349
3626
6226
7841
7829
883
8644
7910
4359
9382
8522
7325
9264
3152
927
3954
9133
2254
7470
4907
9261
7015
6459
3539
4160
3795
9402
8910
4805
6382
8587
9895
9180
2193
8226
2777
6913
3061
3423
5429
5465
3910
2184
2971
1085
4106
6249
4859
637
398
8987
9651
168
236
2988
605
4358
5993
