262821
262821
262821
262821
262822
262822
262822
262822
262822
262822
262823
262823
262823
262823
262848
262848
262849
262849
262849
262849
262850
262850
262850
262850
262850
262851
262851
262851
262851
262851
262851
262852
262852
262852
262852
262852
262852
262852
262853
262853
262853
262853
262853
262854
262854
262854
262854
262854
262855
262855
262855
262855
262855
262880
262880
262881
262881
262881
262881
262882
262882
262882
262882
262882
262882
262883
262883
262883
262883
262883
262883
262883
262884
262884
262885
262885
262885
262885
262885
262885
262886
262886
262886
262887
262887
262887
262887
262887
262912
262913
262913
262913
262913
262913
262913
262913
262914
262914
262914
262915
262916
262916
262916
262916
262916
262916
262917
262917
262917
262917
262917
262917
262918
262918
262918
262918
262918
262918
262918
262919
262944
262944
262944
262945
262945
262945
262945
262946
262947
262947
262947
262948
262949
262950
262950
262950
262950
262951
262951
262951
262951
262951
262951
262976
262976
262976
262976
262976
262976
262976
262977
262977
262977
262977
262977
262977
262977
262978
262978
262978
262978
262979
262979
262979
262979
262979
262979
262979
262980
262980
262980
262981
262981
262981
262981
262981
262981
262981
262982
262982
262982
262982
262983
262983
262983
262983
262983
262983
262983
263008
263008
263009
263010
263010
263011
263011
263011
263011
263012
263012
263013
263013
263014
263014
263014
263014
263014
263014
263014
263015
263015
263015
263015
263015
263040
263040
263040
263041
263041
263041
263041
263041
263041
263041
263042
263042
263042
263043
263043
263043
263044
263044
263044
263044
263044
263044
263044
263045
263045
263045
263045
263045
263045
263045
263046
263047
263047
263047
263047
263047
263047
263072
263072
263072
263072
263072
263072
263072
263073
263073
263073
263073
263074
263074
263074
263074
263074
263074
263074
263075
263076
263076
263076
263076
263076
263076
263077
263077
263077
263077
263077
263078
263078
263078
263078
263079
263079
263079
263079
263079
263104
263105
263105
263105
263106
263106
263107
263107
263107
263107
263108
263109
263109
263109
263110
263110
263110
263110
263110
263111
263111
263111
263136
263136
263136
263136
263136
263137
263137
263137
263137
263137
263137
263138
263138
263138
263138
263138
263138
263139
263139
263139
263140
263141
263141
263141
263142
263142
263143
263143
263143
263143
263143
263143
263168
263168
263168
263169
263169
263169
263169
263169
263170
263170
263170
263170
263171
263172
263172
263172
263172
263172
263173
263173
263173
263173
263173
263173
263174
263174
263174
263174
263175
263175
263175
263175
263200
263200
263200
263200
263200
263200
263201
263201
263201
263202
263202
263202
263203
263203
263204
263204
263204
263205
263205
263206
263206
263206
263206
263206
263206
263206
263207
263207
263207
263207
263207
263232
263232
263232
263233
263233
263233
263234
263234
263234
263234
263235
263235
263235
263235
263235
263235
263235
263236
263236
263236
263236
263236
263237
263237
263237
263237
263237
263237
263237
263238
263238
263238
263238
263238
263239
263239
263239
263239
263239
263264
263264
263264
263264
263264
263264
263265
263265
263265
263265
263265
263265
263266
263266
263267
263267
263267
263268
263268
263269
263269
263269
263269
263269
263270
263270
263270
263270
263271
263271
263296
263296
263296
263296
263297
263298
263298
263298
263299
263299
263300
263300
263301
263301
263302
263302
263302
263303
263303
263303
263303
263328
263328
263328
263328
263328
263328
263329
263329
263329
263329
263329
263330
263330
263330
263330
263330
263331
263332
263332
263332
263332
263332
263333
263333
263333
263333
263333
263334
263334
263334
263334
263334
263335
263335
263335
263335
263335
263335
263335
263360
263360
263360
263360
263361
263361
263361
263361
263361
263361
263362
263362
263362
263362
263362
263363
263363
263363
263363
263363
263363
263363
263364
263365
263365
263365
263365
263365
263366
263366
263367
263367
263367
263392
263392
263392
263392
263392
263393
263393
263393
263393
263393
263393
263394
263394
263394
263394
263394
263394
263395
263395
263396
263396
263396
263396
263396
263396
263397
263397
263397
263397
263397
263398
263399
263399
263424
263424
263424
263425
263425
263426
263426
263426
263426
263426
263426
263426
263427
263427
263427
263427
263428
263428
263428
263428
263428
263429
263430
263430
263430
263430
263430
263430
263431
263431
263431
263456
263456
263456
263456
263456
263457
263457
263458
263458
263459
263459
263459
263460
263460
263460
263461
263461
263461
263461
263461
263461
263461
263462
263462
263462
263462
263462
263462
263462
263463
263463
263463
263463
263463
263463
263463
263488
263488
263488
263488
263489
263489
263490
263490
263490
263490
263490
263490
263491
263492
263492
263492
263492
263492
263493
263493
263493
263494
263494
263494
263495
263495
263495
263520
263520
263521
263521
263521
263521
263521
263522
263522
263522
263522
263522
263522
263522
263523
263523
263523
263523
263523
263523
263523
263524
263524
263524
263525
263526
263526
263526
263526
263527
263527
263527
263527
263527
263527
263552
263552
263552
263552
263552
263553
263553
263553
263553
263553
263553
263554
263554
263554
263554
263554
263554
263555
263555
263555
263555
263555
263555
263556
263557
263557
263557
263557
263557
263557
263557
263558
263558
263558
263558
263559
263584
263584
263584
263584
263584
263584
263584
263585
263586
263587
263587
263587
263587
263588
263588
263588
263588
263588
263588
263589
263589
263590
263590
263590
263590
263590
263590
263591
263591
263591
263591
263591
263591
263616
263616
263616
263616
263616
263617
263617
263618
263618
263619
263619
263619
263619
263619
263619
263620
263620
263620
263620
263620
263621
263621
263621
263621
263622
263622
263622
263622
263622
263623
263648
263649
263650
263650
263650
263651
263652
263652
263652
263653
263653
263653
263653
263653
263653
263654
263654
263654
263654
263655
263655
263655
263655
263655
263680
263680
263680
263680
263680
263680
263680
263681
263681
263682
263682
263682
263682
263683
263684
263684
263684
263685
263686
263686
263686
263686
263687
263687
263687
263687
263712
263712
263712
263712
263712
263712
263713
263713
263713
263713
263714
263714
263714
263714
263715
263716
263716
263716
263716
263717
263717
263717
263717
263717
263718
263718
263718
263718
263718
263719
263719
263719
263719
263744
263745
263745
263745
263746
263747
263747
263747
263747
263747
263748
263748
263748
263748
263748
263748
263748
263749
263750
263750
263750
263750
263750
263751
263751
263751
263751
263751
263776
263776
263776
263777
263778
263778
263779
263780
263780
263780
263780
263781
263781
263781
263782
263783
263783
263808
263808
263808
263808
263808
263808
263808
263809
263810
263810
263810
263811
263811
263811
263811
263811
263812
263812
263812
263812
263812
263812
263813
263813
263813
263813
263813
263814
263814
263814
263814
263814
263815
263815
263815
263815
263815
263815
263840
263840
263840
263840
