3588.87
62583.30
1895.99
63186.80
46326.87
5579.85
65188.45
3883.14
38822.00
47840.70
33569.28
18019.62
15226.02
28856.25
31727.81
19182.41
59815.80
90598.06
54596.09
53552.88
36747.20
22343.40
72065.90
8649.18
54507.30
35267.44
34283.34
41305.24
62631.65
50608.74
15383.39
30011.80
2967.14
25723.72
3378.66
75355.13
20076.45
2921.10
35831.84
62482.74
42142.95
87017.63
52514.28
62295.45
931.02
59331.36
48883.84
30635.02
31780.06
47731.60
16704.36
1133.23
62559.23
38569.60
24439.61
13925.08
37798.61
34510.52
29872.71
43726.02
54131.76
59103.84
3612.87
31295.93
2813.00
49932.49
56355.30
34064.72
42138.46
47390.76
55692.00
65043.09
83742.75
46123.50
60114.27
83653.89
37775.04
7057.50
7588.05
86432.62
1896.08
50207.82
55278.96
21716.73
70178.06
63382.05
39690.88
20390.04
35423.70
11388.48
40026.24
18115.52
69595.89
59811.18
40542.75
31354.22
46639.50
31586.56
15185.17
71884.32
87307.68
25507.40
27896.82
18609.89
37320.32
72174.14
43908.28
46985.05
54521.72
53467.82
44782.80
4248.60
81109.44
7828.25
15152.06
43241.38
65757.92
72739.08
1476.57
8703.54
36478.20
57336.84
59495.94
78299.13
85235.70
24758.28
42658.98
10379.16
17490.60
33011.04
37537.31
53793.26
34196.00
11045.58
95249.50
55233.78
23826.25
42639.26
61296.93
70430.10
1588.68
6687.04
23385.20
42308.64
49457.82
34291.29
49954.50
65435.46
12454.53
20442.20
56347.20
51644.95
29006.25
36982.00
4020.40
59823.60
34884.38
51930.78
48050.70
9242.94
53334.62
20143.04
24659.67
29691.60
45129.22
20265.56
76993.42
62925.80
45249.75
38850.42
62129.16
52825.50
52042.90
59142.80
14828.10
69913.20
34442.45
22541.61
51504.30
18571.68
85990.50
61543.35
2014.20
70077.26
31474.58
28730.60
8044.68
46796.40
29732.40
33653.88
19461.20
2504.70
36786.15
40018.29
80824.92
33576.30
28682.40
32638.54
68357.82
11856.96
15402.00
57976.56
33811.25
46083.84
26547.90
41485.08
55078.45
20370.93
25662.00
78877.80
20979.61
22175.16
68322.24
39550.50
62986.88
35127.18
1231.32
1722.81
6831.20
35149.18
71087.03
59005.76
9130.00
56522.73
61245.32
18492.63
24154.52
13710.48
57452.52
17662.70
33118.74
27244.64
47693.25
73836.90
2198.38
44222.12
57336.48
2802.98
8408.85
51266.25
71058.48
33084.36
10595.16
77319.48
37228.68
17878.80
76230.50
78433.00
78032.50
38541.23
58886.78
16189.42
29544.20
53521.40
2232.42
30609.02
23499.90
33735.60
1605.69
41300.64
5250.70
21863.80
10997.58
22039.36
36022.22
34336.37
45812.96
995.09
23788.96
57805.20
38491.53
6414.96
22199.76
15929.51
62417.88
57010.18
2991.18
45547.88
61570.60
42856.57
54926.96
9036.90
67222.00
57762.00
23569.68
23418.78
64328.04
61805.52
12739.59
49668.36
36433.37
39491.75
45840.06
24475.45
17651.04
25242.72
56424.06
44850.26
8168.88
35888.25
54476.88
5330.80
69193.35
4588.96
14631.82
9586.32
71929.11
44171.50
44708.84
67223.52
30958.25
10686.34
3438.72
56027.84
39066.25
41121.24
19568.64
11300.00
20308.26
35111.44
48801.60
26186.16
74334.12
28830.40
52360.11
54561.60
6967.32
39565.26
12936.28
77820.25
49622.30
10384.92
75980.50
65558.82
56511.00
3733.92
52241.35
40291.68
23946.65
20756.84
66750.40
18845.25
62158.22
8833.52
10210.74
70809.82
46030.53
58206.56
63534.60
42320.72
42295.39
51392.72
9193.92
62659.96
41312.84
70551.39
27977.58
8402.03
65021.00
21683.40
7633.10
3311.50
37510.20
47412.66
24281.25
11172.24
7072.55
13244.10
19204.13
77445.48
12564.53
56068.80
47440.75
4261.53
35013.76
61209.40
29095.64
15292.32
26704.00
65938.95
18965.25
24402.40
36309.78
31625.66
53283.72
16626.08
15551.77
79421.16
43696.50
59948.35
25867.74
40605.52
21922.92
6732.20
71134.86
27821.52
21367.46
19743.47
10197.22
12185.81
2052.24
9994.72
33895.80
60039.24
77031.50
50213.58
42947.08
87742.50
37770.95
67567.72
81413.56
84516.18
46523.78
70730.98
22310.42
26438.12
16947.04
35475.70
27418.65
7381.92
10934.99
20184.23
26088.93
38078.56
20626.10
10114.62
42361.02
30155.79
68182.52
39770.12
35968.06
51759.66
16167.85
1606.70
3612.00
10378.92
24867.12
42732.85
5072.34
16902.00
11337.97
55424.90
12443.40
44904.72
45142.56
61012.44
52471.36
25301.55
21653.52
35411.49
12583.50
7538.10
27329.96
12685.44
21873.56
1750.84
58337.55
9622.44
77524.27
60923.32
3898.17
1893.99
72756.40
73709.76
11820.56
24065.80
23620.05
71274.80
25464.74
20639.84
83623.40
12461.20
39905.80
45451.68
71096.76
2967.14
62484.49
35296.42
34661.76
38379.12
41107.50
20677.27
20644.68
61093.12
9898.64
40749.10
8213.65
25965.54
1369.46
59228.32
9045.60
90009.57
41305.68
42732.57
28990.80
2724.00
1443.54
47871.46
62217.28
3984.32
82982.68
55390.68
54210.09
47331.36
31234.24
32198.10
25879.83
66319.05
26824.56
71853.60
26314.60
53372.52
77529.06
89544.00
10982.88
26881.40
20966.40
50094.00
6074.44
54237.60
69261.50
11988.72
52106.50
51638.25
37953.92
19144.30
28011.58
14527.28
85347.30
33107.62
60081.84
2895.15
26068.32
68923.50
38588.48
10515.20
50324.82
19652.76
31753.60
4790.25
56308.80
10712.52
35858.88
33443.52
1208.30
51766.40
58522.16
17648.04
31702.06
1592.69
49417.32
42946.64
54266.08
29281.72
57513.39
60083.39
28130.58
5145.52
84564.69
58775.69
44431.88
16369.64
13854.56
27884.25
32634.60
2078.26
70844.76
53632.98
36412.74
14451.48
34422.30
12235.05
26337.60
40794.96
29281.50
24909.30
24343.62
62435.94
10002.72
10167.78
57481.65
67444.68
34841.24
18379.80
14925.90
42285.00
54245.76
57051.09
83237.50
8184.96
37714.04
38933.44
20448.45
34015.80
41095.89
13188.42
83338.00
60124.24
13089.72
33732.18
79084.74
41604.70
38897.04
79856.28
13514.52
13262.28
15793.34
63910.47
8969.66
4850.10
53376.11
58279.07
68826.66
19332.64
8481.00
61419.40
69274.00
38272.77
11342.30
22921.20
25563.51
29960.77
5300.75
18339.30
4833.20
79561.79
24055.50
7757.33
57377.18
29338.77
58062.07
22587.61
86923.20
15023.68
1440.53
30257.86
40138.84
46225.58
30887.47
19877.28
57402.04
3135.39
39850.88
39647.86
10397.25
26455.75
60436.50
27375.48
31984.25
48093.34
78707.04
39313.26
32554.40
62505.45
49234.92
7223.56
57460.55
26680.29
32176.32
67937.03
74229.00
7309.86
4871.16
57561.64
40963.12
8324.88
32111.31
28364.03
2424.60
37474.00
4270.53
47436.17
26709.58
36042.62
68167.82
75329.12
49172.16
13221.92
35919.39
40868.00
22893.78
22632.16
24821.10
45936.96
9184.65
18836.02
55082.97
12064.26
15676.80
14545.40
43700.02
43872.48
28514.85
10691.22
49780.36
3279.54
33524.12
32544.38
78755.04
48252.50
30530.13
76668.36
46459.92
50673.99
19775.42
49754.50
13754.70
33597.18
17502.60
7339.68
50254.50
19006.02
40430.55
40459.20
6782.25
61153.32
19028.48
15183.92
3766.05
27225.64
7743.20
23830.20
18811.92
61333.74
25687.40
18811.52
10712.52
2823.00
85959.24
42945.60
72442.44
53372.88
55247.22
22265.15
24182.67
41723.55
55679.04
57950.40
1122.22
45632.84
55058.80
63295.32
5796.25
56231.21
57350.18
51751.35
64688.85
17673.59
61685.52
922.01
16970.20
5293.68
14490.90
41956.95
29208.96
57588.86
41143.50
45209.58
77066.64
45258.00
51035.65
5878.24
83437.20
9298.00
19436.52
31083.12
66892.30
27296.90
59594.70
54648.66
13924.90
1528.62
41862.66
13226.28
43936.50
3751.02
1022.11
10707.34
9404.01
2248.42
24644.62
7559.92
36903.12
25239.79
9469.95
49682.85
66018.81
9973.80
33961.11
21563.75
43377.54
33948.45
41904.20
22162.40
45525.36
55228.20
66464.65
45996.44
19412.96
40966.40
18509.40
18703.80
43700.02
37192.32
39346.50
5562.12
40430.32
39431.43
45816.47
89373.60
64193.40
21670.68
38576.65
77599.83
52940.55
26908.20
38698.18
57211.50
54225.72
9694.20
23377.41
72275.62
11408.32
40983.01
29172.28
79278.19
18722.52
31499.10
27360.00
38092.60
10131.10
58489.92
6679.04
32410.70
8833.52
32683.28
10980.00
11900.64
23285.20
28109.44
31744.44
50521.32
66839.52
1456.55
43202.70
70852.82
3027.22
83878.69
85818.24
19776.15
1751.84
36302.40
37965.90
27869.25
23785.20
34850.16
35977.10
28232.75
15476.40
19336.35
14055.21
12910.68
47164.68
56928.48
17406.48
24686.87
28062.75
55843.28
20030.01
11204.00
30124.92
10928.70
1460.55
53735.55
58054.62
39486.40
27833.82
64629.12
2222.40
30943.00
23464.96
81625.50
34856.60
45031.14
53784.64
27909.80
83511.56
61798.00
16262.10
66613.05
34542.99
22361.94
19791.15
9235.87
50754.21
53756.40
25406.70
19941.00
49827.30
43785.50
31877.63
15280.11
70634.40
11259.92
42054.21
44729.52
72436.50
67368.68
32878.96
44013.15
16447.40
60608.50
43781.36
2678.86
45372.60
33921.45
27229.00
20866.50
34061.25
85143.24
54061.28
17923.08
3429.62
47025.92
43509.60
54315.84
51546.04
86853.18
49762.50
12936.17
40420.64
22495.61
21889.01
46300.50
79679.60
44248.00
40889.10
3724.02
57976.62
22504.00
41426.84
11182.00
34311.75
1213.30
27296.90
57724.80
50786.19
54598.50
7382.85
38342.48
64773.12
64883.00
36400.00
19494.72
50883.72
39873.90
1506.60
20013.12
8003.45
21176.40
40050.24
38576.65
36520.00
21042.80
7472.24
33155.00
13166.28
38010.00
61299.75
16416.00
26866.77
2692.86
8226.89
20377.70
58582.00
5501.79
9289.75
49893.20
50542.92
7371.72
22744.16
45629.45
62517.00
31594.50
1601.69
18401.74
44275.41
63750.94
32040.32
31924.80
9480.40
27403.65
32234.50
5280.70
3517.70
22875.00
52865.04
25411.17
31750.81
20899.89
