291
464
405
91
409
26
86
207
178
437
30
213
318
28
199
329
432
254
415
257
163
429
248
13
170
73
230
267
197
314
102
116
59
421
353
279
113
114
402
219
352
321
446
343
5
293
199
76
454
157
237
372
316
5
99
249
36
402
365
491
104
72
363
139
84
437
54
153
92
383
98
69
405
354
289
267
32
449
474
432
1
216
94
373
237
396
210
191
390
117
191
323
262
319
191
392
341
495
215
498
416
265
496
31
270
332
33
208
96
347
311
219
258
10
428
348
143
184
195
37
323
483
203
104
44
374
10
294
297
16
357
125
460
344
420
128
181
304
100
295
35
472
308
202
372
267
129
434
97
186
221
85
282
369
199
334
89
359
480
282
476
35
196
276
495
473
236
189
254
476
116
441
285
294
401
497
225
309
12
76
5
355
192
329
349
476
387
206
320
458
358
76
236
318
413
192
496
192
24
68
385
72
224
481
342
486
314
376
299
321
246
106
79
46
173
294
472
276
468
190
116
59
468
327
360
237
343
43
81
33
351
182
331
42
76
12
348
334
60
208
497
455
242
99
353
280
400
217
219
37
1
154
2
37
182
169
119
429
462
160
103
166
42
261
448
346
300
114
444
96
25
229
325
127
229
248
241
368
460
270
33
175
277
182
361
351
265
164
56
19
392
221
202
172
165
297
27
123
469
330
69
423
497
91
214
362
65
12
139
371
99
262
90
326
132
452
115
406
479
186
66
228
267
377
139
235
51
384
446
307
470
270
393
490
105
289
67
314
92
287
227
486
40
14
87
16
165
212
493
311
390
170
484
228
301
440
188
332
11
233
124
317
215
405
215
234
235
344
171
427
388
22
10
250
242
499
261
243
467
194
11
112
354
218
215
52
4
67
477
72
115
28
388
291
264
441
260
93
418
210
149
243
319
122
330
123
85
310
436
213
1
72
391
188
370
113
129
347
108
397
34
108
53
371
211
284
122
495
83
470
256
179
39
222
312
178
351
25
160
462
8
70
118
126
495
18
20
109
174
347
267
284
218
268
329
436
103
465
284
145
471
67
166
224
432
211
234
18
237
70
424
178
189
451
489
399
85
406
67
400
466
26
449
453
495
267
49
86
14
296
190
114
256
88
376
193
298
466
200
107
240
237
150
155
355
204
22
445
459
128
203
386
352
281
220
495
14
404
365
84
75
472
375
324
111
5
387
406
373
458
487
191
227
178
209
137
413
362
489
147
429
149
240
100
234
230
247
289
10
399
120
169
179
466
384
489
479
342
4
460
124
46
180
268
222
182
296
345
288
102
325
81
451
392
472
402
184
255
374
15
67
202
246
11
156
287
232
409
245
500
153
286
303
299
55
264
173
122
341
245
366
21
472
435
134
401
347
159
195
237
172
26
18
377
242
333
399
345
60
236
392
390
101
59
242
58
115
215
56
124
430
73
176
201
262
391
464
166
332
317
228
97
66
488
101
73
229
403
155
319
16
452
435
453
93
429
329
310
121
250
22
292
126
333
346
380
204
90
158
341
424
23
297
224
59
217
384
117
197
113
480
300
128
4
399
169
14
442
481
38
290
439
15
404
415
388
452
77
157
154
311
239
461
198
169
97
216
217
315
60
471
469
208
25
244
2
269
255
16
500
98
306
173
447
90
179
260
428
422
110
398
367
286
358
49
176
336
322
189
274
401
278
470
253
79
228
115
9
124
118
188
57
60
70
470
33
27
132
232
218
300
34
270
208
247
193
7
280
259
5
357
350
465
222
127
233
473
66
155
487
441
153
293
41
91
370
233
221
40
449
392
36
472
182
19
209
373
8
249
197
242
123
111
271
25
432
175
47
140
480
481
228
367
490
271
291
329
302
411
134
473
80
435
314
20
210
236
366
249
493
252
194
93
220
66
481
387
404
390
58
3
490
483
43
388
273
236
415
22
381
54
217
218
88
36
225
436
205
77
350
224
424
179
163
360
211
25
320
280
403
363
297
64
137
323
128
343
322
190
397
68
444
290
126
360
455
430
51
434
241
310
349
181
166
307
193
219
441
221
351
241
369
7
261
334
131
153
68
356
277
176
264
300
67
15
117
227
406
118
396
76
42
231
428
380
369
333
171
224
5
136
226
248
334
174
255
238
53
342
244
366
124
165
290
38
247
305
433
259
67
51
326
273
234
332
352
334
319
230
349
247
285
429
23
176
251
467
418
100
292
364
54
9
476
249
283
430
48
424
166
305
285
76
64
228
498
137
212
69
116
343
137
158
357
156
88
315
163
379
408
