115462
115463
115488
115488
115488
115488
115488
115488
115489
115489
115489
115489
115489
115490
115490
115490
115490
115491
115491
115491
115491
115491
115492
115492
115492
115492
115492
115492
115492
115493
115493
115493
115494
115494
115494
115494
115494
115495
115495
115495
115495
115495
115520
115520
115520
115520
115521
115521
115522
115522
115522
115523
115523
115523
115523
115523
115523
115523
115524
115524
115524
115524
115524
115525
115525
115525
115525
115526
115526
115526
115526
115527
115527
115527
115552
115553
115553
115553
115554
115554
115554
115554
115554
115554
115554
115555
115555
115555
115555
115555
115555
115556
115556
115556
115556
115557
115557
115557
115557
115557
115558
115558
115558
115558
115558
115559
115559
115559
115559
115584
115584
115584
115584
115584
115584
115585
115585
115585
115586
115586
115586
115586
115586
115586
115586
115587
115587
115587
115587
115587
115587
115588
115588
115588
115588
115589
115589
115589
115589
115589
115589
115589
115590
115590
115590
115590
115590
115590
115591
115591
115591
115591
115591
115616
115616
115616
115616
115616
115616
115616
115617
115617
115617
115617
115617
115617
115618
115618
115618
115619
115619
115619
115619
115619
115619
115620
115620
115621
115621
115621
115621
115621
115621
115622
115622
115622
115622
115622
115623
115648
115648
115649
115649
115650
115650
115650
115650
115650
115650
115651
115651
115652
115652
115652
115652
115653
115654
115655
115655
115680
115681
115681
115681
115681
115681
115682
115682
115682
115682
115683
115683
115683
115683
115683
115683
115684
115684
115684
115684
115684
115684
115684
115685
115685
115685
115685
115685
115685
115686
115686
115686
115686
115686
115686
115686
115687
115687
115687
115712
115713
115713
115713
115713
115713
115713
115713
115714
115715
115715
115716
115716
115717
115717
115718
115719
115719
115719
115719
115719
115744
115744
115744
115744
115745
115745
115745
115746
115746
115746
115746
115747
115747
115747
115747
115747
115747
115747
115748
115749
115749
115749
115749
115749
115750
115750
115750
115750
115750
115750
115750
115751
115751
115751
115751
115751
115751
115751
115776
115776
115777
115777
115777
115778
115778
115779
115779
115779
115779
115779
115780
115780
115780
115780
115780
115780
115780
115781
115781
115781
115781
115781
115781
115782
115782
115782
115782
115782
115782
115782
115783
115783
115783
115808
115808
115808
115808
115808
115808
115809
115809
115809
115810
115810
115810
115810
115810
115810
115810
115811
115812
115812
115812
115812
115813
115813
115813
115814
115814
115814
115814
115814
115815
115815
115815
115815
115840
115840
115840
115840
115840
115841
115842
115842
115842
115843
115843
115843
115843
115844
115844
115844
115844
115844
115844
115845
115846
115846
115846
115846
115846
115846
115847
115847
115847
115847
115847
115847
115872
115872
115872
115872
115873
115873
115873
115873
115873
115874
115874
115874
115874
115875
115875
115875
115875
115876
115876
115876
115877
115877
115877
115877
115877
115877
115878
115878
115878
115878
115878
115878
115879
115904
115905
115905
115905
115906
115907
115907
115907
115908
115908
115908
115909
115909
115909
115910
115910
115911
115911
115911
115911
115936
115936
115937
115937
115937
115938
115938
115938
115938
115938
115939
115940
115940
115940
115941
115941
115941
115941
115941
115941
115941
115942
115943
115943
115943
115943
115968
115968
115968
115968
115968
115968
115968
115969
115969
115969
115969
115969
115969
115970
115970
115970
115971
115971
115971
115971
115972
115972
115972
115973
115973
115973
115974
115974
115974
115974
115974
115974
115974
115975
115975
116000
116001
116001
116001
116001
116002
116002
116002
116003
116003
116003
116003
116003
116004
116004
116004
116004
116004
116004
116005
116006
116006
116006
116007
116032
116032
116032
116033
116033
116033
116033
116033
116033
116033
116034
116034
116034
116035
116035
116035
116035
116035
116036
116036
116036
116036
116036
116037
116037
116037
116038
116038
116038
116039
116064
116064
116064
116064
116064
116065
116065
116065
116065
116065
116065
116066
116067
116067
116068
116068
116068
116069
116069
116069
116069
116069
116070
116070
116070
116070
116071
116071
116071
116096
116096
116096
116096
116096
116096
116096
116097
116097
116097
116097
116097
116097
116097
116098
116098
116098
116098
116098
116099
116099
116100
116100
116101
116101
116101
116101
116101
116101
116102
116102
116102
116102
116102
116103
116103
116103
116103
116103
116128
116128
116128
116128
116128
116128
116128
116129
116129
116129
116129
116129
116130
116130
116130
116131
116132
116132
116133
116133
116133
116133
116133
116133
116134
116134
116134
116135
116135
116135
116160
116160
116161
116162
116162
116162
116162
116162
116163
116163
116164
116164
116164
116164
116164
116164
116165
116165
116165
116165
116165
116165
116166
116166
116166
116167
116167
116192
116192
116192
116192
116193
116193
116194
116194
116194
116194
116194
116195
116196
116196
116197
116197
116198
116198
116198
116199
116199
116199
116199
116199
116199
116199
116224
116224
116224
116225
116225
116225
116225
116225
116225
116226
116226
116226
116226
116227
116227
116227
116227
116227
116227
116228
116228
116228
116228
116229
116229
116229
116229
116229
116229
116229
116230
116230
116230
116231
116256
116256
116256
116256
116256
116257
116257
116257
116257
116257
116257
116257
116258
116258
116258
116259
116259
116259
116259
116259
116259
116260
116260
116260
116260
116260
116260
116261
116262
116262
116262
116262
116262
116263
116263
116288
116288
116288
116289
116289
116289
116289
116289
116290
116290
116290
116290
116290
116291
116291
116291
116291
116291
116292
116293
116293
116293
116294
116294
116295
116295
116295
116295
116320
116320
116320
116320
116320
116321
116321
116321
116321
116321
116321
116321
116322
116322
116322
116323
116323
116323
116323
116323
116323
116323
116324
116324
116324
116324
116324
116324
116324
116325
116325
116326
116326
116326
116326
116326
116326
116327
116327
116327
116327
116327
116352
116352
116352
116352
116353
116353
116353
116353
116353
116353
116354
116354
116355
116355
116355
116355
116355
116355
116355
116356
116356
116356
116356
116356
116357
116357
116357
116357
116357
116357
116358
116358
116358
116359
116359
116359
116359
116384
116384
116384
116384
116384
116384
116385
116385
116385
116385
116385
116385
116386
116386
116386
116386
116387
116387
116387
116387
116387
116387
116388
116388
116388
116388
116389
116389
116389
116389
116390
116391
116391
116391
116391
116391
116391
116391
116416
116416
116416
116416
116416
116416
116416
116417
116417
116417
116417
116417
116418
116419
116419
116420
116420
116420
116420
116421
116421
116422
116423
116423
116448
116448
116448
116448
116448
116449
116449
116449
116449
116449
116449
116449
116450
116450
116450
116450
116450
116451
116451
116451
116451
116451
116451
116451
116452
116452
116452
116452
116452
116452
116452
116453
116453
116453
116453
116454
