10
9
6
2
35
5
35
39
21
21
50
9
44
36
44
28
37
13
20
10
7
19
45
22
41
30
19
41
47
38
1
34
14
12
40
28
49
41
42
48
32
12
21
39
31
5
29
35
36
3
27
47
43
22
40
46
2
10
20
17
40
40
28
8
37
34
49
49
28
35
24
10
26
50
22
26
11
35
18
28
12
32
10
22
9
13
1
46
33
45
35
24
15
11
29
20
48
1
27
14
41
20
45
27
22
18
42
17
50
37
8
46
37
7
45
3
1
44
27
35
49
44
37
23
6
21
46
2
26
29
26
23
5
14
19
5
35
48
22
1
12
11
14
27
16
20
38
5
24
46
34
31
45
12
36
22
38
29
44
48
45
43
15
29
42
5
15
40
32
43
38
20
38
20
43
29
39
44
46
12
24
39
34
50
25
8
21
20
18
32
13
40
26
17
8
47
30
49
41
41
25
41
41
4
46
30
44
11
14
35
29
43
39
34
26
12
13
36
33
50
14
44
8
38
17
34
30
46
6
48
3
4
40
16
33
6
43
30
25
43
39
49
29
33
23
37
21
5
38
13
49
46
2
9
20
38
16
45
48
20
7
15
30
47
20
16
31
16
18
5
4
25
39
27
50
21
30
8
18
22
24
49
23
16
27
35
5
47
33
40
22
46
40
32
4
32
3
23
14
7
23
11
34
22
3
46
13
30
27
40
33
25
38
8
49
50
31
43
2
10
45
26
28
38
7
46
25
31
29
42
48
1
46
9
11
45
5
8
39
1
32
38
30
14
1
25
42
32
21
50
19
22
30
8
1
9
15
40
37
34
26
20
9
37
25
13
46
19
36
4
28
36
30
43
42
32
44
14
43
46
21
50
10
4
20
6
35
32
17
22
2
18
27
33
12
8
21
50
36
12
25
29
5
22
30
11
28
19
50
46
49
24
50
47
3
49
24
11
24
33
36
9
38
46
30
3
28
44
1
35
3
49
30
49
4
37
41
18
26
34
45
6
6
24
10
32
29
24
27
7
15
1
9
10
19
39
30
17
8
16
6
35
3
44
24
43
15
37
26
3
29
34
31
43
42
24
7
8
50
48
16
2
46
1
15
9
28
40
8
21
31
22
32
12
24
23
30
12
13
25
28
43
16
42
5
44
37
46
1
20
16
11
10
30
2
15
37
20
1
42
10
24
23
36
32
12
46
48
35
48
15
40
18
18
38
5
5
16
7
2
41
7
13
40
49
41
27
1
31
35
7
25
14
46
30
48
2
40
49
31
39
7
47
20
34
1
37
32
39
36
33
31
31
11
22
30
37
24
24
47
26
48
37
46
35
49
12
21
2
47
15
33
8
47
35
9
49
19
22
32
50
25
17
47
38
21
14
10
26
30
22
26
42
7
25
18
36
25
28
21
50
28
16
25
7
26
30
33
10
24
15
36
23
17
26
44
46
30
46
50
29
16
17
39
23
8
36
48
35
38
1
23
27
27
45
15
8
30
1
30
3
31
35
15
26
12
13
40
25
24
29
23
47
17
31
49
38
40
48
43
50
16
41
17
28
23
29
2
21
35
25
8
31
36
28
37
44
28
39
29
11
4
40
5
48
30
17
45
18
4
34
44
28
33
15
19
36
16
3
8
4
2
18
8
49
50
8
32
5
9
47
18
4
35
34
34
33
5
13
30
21
31
17
48
7
17
38
39
30
10
38
16
45
2
40
43
39
7
42
44
27
17
39
9
9
14
17
13
31
11
5
39
48
12
15
13
12
8
39
47
48
15
13
19
7
21
28
31
14
49
8
34
6
45
18
5
26
37
18
29
30
30
14
48
13
13
4
12
30
5
16
37
31
15
25
22
9
28
24
15
18
21
9
29
3
32
36
19
35
39
38
9
18
34
42
8
43
29
29
25
20
9
45
31
47
33
28
8
22
19
41
31
28
9
1
41
16
25
12
20
2
41
50
27
22
16
14
12
1
4
15
16
34
8
3
29
19
27
43
37
33
22
38
14
27
2
44
30
23
37
1
16
24
46
36
43
39
5
20
8
46
38
19
43
34
46
39
35
10
4
40
45
40
48
37
45
17
22
2
26
4
16
35
26
21
44
24
33
47
4
31
33
16
21
32
31
21
40
46
40
31
16
50
15
40
33
39
42
8
47
3
31
19
20
35
49
29
27
14
32
30
19
50
50
44
19
16
34
26
13
38
49
39
8
29
19
21
42
30
18
47
2
29
4
35
16
29
17
12
37
18
41
50
3
48
25
3
22
34
21
