133
66
39
25
27
393
111
357
7
452
347
341
164
287
24
88
78
1
295
69
403
145
283
464
26
435
175
59
408
80
433
257
149
341
142
393
437
156
289
446
382
443
482
228
71
467
492
177
326
456
178
478
158
6
279
137
39
421
45
217
309
390
360
251
421
410
226
164
189
221
480
279
61
83
345
61
106
89
500
316
69
179
169
347
97
130
281
308
302
451
244
335
127
184
362
311
109
100
467
270
122
109
392
253
285
251
56
438
135
325
265
292
67
41
435
493
315
56
52
157
498
326
31
432
367
107
238
89
422
34
182
188
176
422
281
472
470
27
347
488
497
49
18
34
336
457
183
188
354
311
24
35
1
76
215
47
169
114
278
38
373
466
393
376
55
131
35
127
475
236
315
357
421
80
2
90
311
15
139
167
107
154
184
489
396
277
92
212
321
310
36
182
363
66
232
40
164
430
260
435
187
164
128
261
487
158
284
125
168
302
491
298
198
155
253
152
118
301
442
354
63
290
84
199
164
394
268
406
37
345
248
320
300
165
345
88
302
182
13
255
319
98
288
205
492
106
129
12
340
70
414
257
451
226
332
94
419
46
192
2
253
44
120
475
480
124
173
410
356
428
61
459
376
275
45
375
269
223
201
387
52
405
161
218
56
61
176
236
342
449
304
391
343
264
307
277
429
427
256
342
411
472
209
38
460
358
31
20
202
489
103
72
115
94
437
186
433
356
32
449
427
356
419
95
12
476
411
106
218
149
261
221
368
268
264
128
195
330
341
5
59
431
298
36
97
145
407
162
488
245
333
157
417
355
80
478
118
230
411
247
375
347
131
135
140
456
379
494
29
451
490
86
152
385
30
269
66
18
495
237
179
308
175
167
137
320
20
163
380
391
494
411
11
172
232
174
347
73
57
231
375
169
50
313
147
132
327
61
158
331
398
497
215
58
345
90
66
421
235
172
172
436
305
1
388
483
282
275
76
323
378
474
455
288
420
81
247
453
212
320
215
381
150
254
161
428
208
63
268
219
23
250
447
182
315
211
484
209
464
473
100
393
329
15
130
485
56
235
424
373
127
109
418
154
104
73
407
111
439
299
410
109
332
418
163
86
128
447
99
381
145
165
85
376
363
267
343
117
167
427
391
278
274
74
160
79
196
345
59
324
235
487
237
62
479
160
148
317
405
204
108
314
384
300
365
414
197
157
84
183
404
38
257
40
68
163
476
272
318
323
186
179
296
61
338
477
315
259
213
447
484
141
215
126
341
110
132
300
92
442
464
178
391
431
100
260
316
478
281
366
111
132
82
484
130
433
116
17
417
28
422
202
424
191
288
336
394
380
189
372
67
400
185
373
242
310
81
348
124
458
462
303
200
3
66
391
219
247
411
128
374
172
465
497
47
215
31
312
489
131
44
39
8
376
376
351
47
442
386
300
287
299
500
54
339
136
414
244
73
373
200
272
86
469
360
364
171
369
27
106
116
216
488
375
430
192
400
207
264
351
380
424
499
372
132
492
132
451
174
227
485
310
475
457
93
117
110
159
18
324
232
356
350
178
416
229
185
197
97
497
125
179
289
174
97
272
236
471
44
438
435
186
379
304
46
156
137
28
77
386
149
187
34
317
385
407
252
187
417
218
176
112
266
37
263
371
69
304
188
173
90
97
60
462
288
90
161
42
12
103
217
450
146
194
346
380
154
364
228
104
85
31
393
335
37
193
155
163
169
454
496
499
344
483
324
238
490
150
280
307
69
199
328
170
58
141
21
19
308
347
248
390
427
63
406
457
320
359
62
68
475
495
351
439
371
274
257
237
366
455
484
57
401
445
324
62
251
466
259
11
363
433
62
134
328
126
379
374
451
244
243
50
430
201
413
248
104
99
111
318
331
395
410
101
296
53
132
250
363
363
248
330
430
172
38
122
4
311
377
46
128
114
218
364
15
109
144
177
291
86
397
486
228
251
155
96
347
457
43
396
78
302
241
305
292
36
200
483
293
1
487
196
298
322
489
290
236
244
59
29
52
373
259
357
6
354
314
433
230
231
241
3
287
397
242
202
395
231
310
441
467
185
30
110
345
248
341
109
481
125
66
212
454
135
205
424
337
389
18
21
450
318
382
28
64
426
479
7
215
271
29
288
376
426
213
359
5
201
351
105
97
278
44
140
428
139
197
46
494
498
46
253
335
14
343
46
266
493
122
89
152
120
477
494
446
410
396
153
226
479
120
491
300
469
138
428
30
323
92
174
230
37
315
352
420
384
347
440
411
246
