223623
223648
223648
223648
223649
223649
223649
223649
223650
223650
223650
223651
223652
223652
223653
223653
223653
223653
223654
223654
223654
223655
223680
223680
223680
223680
223680
223680
223680
223681
223681
223681
223681
223682
223682
223682
223682
223683
223683
223683
223683
223683
223683
223684
223684
223684
223684
223684
223684
223684
223685
223685
223685
223685
223686
223686
223686
223686
223686
223687
223687
223687
223687
223712
223712
223712
223712
223713
223713
223713
223714
223714
223714
223714
223714
223715
223715
223715
223715
223715
223715
223715
223716
223716
223716
223716
223717
223717
223717
223718
223718
223718
223718
223719
223719
223719
223719
223744
223744
223745
223745
223745
223746
223746
223746
223746
223747
223747
223747
223747
223747
223748
223748
223748
223748
223748
223748
223749
223749
223749
223749
223749
223749
223750
223751
223751
223751
223776
223777
223777
223777
223777
223778
223778
223778
223778
223778
223778
223778
223779
223779
223780
223780
223780
223780
223780
223780
223781
223781
223781
223782
223782
223783
223808
223808
223808
223808
223809
223809
223809
223809
223810
223810
223810
223810
223811
223811
223811
223811
223811
223811
223811
223812
223812
223812
223812
223812
223812
223813
223813
223813
223813
223813
223813
223813
223814
223814
223814
223815
223815
223815
223815
223815
223815
223840
223840
223840
223840
223840
223840
223841
223841
223841
223841
223842
223842
223843
223843
223843
223843
223844
223844
223844
223844
223844
223845
223845
223845
223845
223845
223846
223846
223846
223847
223847
223847
223847
223847
223872
223872
223872
223872
223872
223872
223872
223873
223873
223874
223875
223875
223875
223875
223876
223877
223877
223878
223878
223878
223878
223878
223878
223879
223879
223879
223879
223879
223879
223879
223904
223904
223905
223905
223905
223905
223905
223906
223906
223906
223906
223906
223906
223906
223907
223907
223907
223908
223909
223910
223910
223910
223910
223910
223911
223911
223936
223936
223936
223936
223936
223937
223937
223937
223938
223938
223938
223938
223938
223939
223939
223939
223939
223939
223940
223940
223941
223941
223941
223942
223942
223943
223943
223943
223943
223968
223968
223968
223968
223969
223970
223970
223970
223970
223970
223970
223970
223971
223971
223971
223972
223972
223972
223972
223972
223973
223973
223973
223973
223974
223974
223974
223974
223975
223975
224000
224000
224000
224000
224000
224000
224001
224001
224001
224001
224002
224002
224002
224003
224003
224003
224004
224004
224004
224005
224005
224005
224005
224005
224005
224006
224006
224006
224006
224007
224007
224032
224032
224032
224032
224032
224033
224033
224033
224033
224034
224034
224034
224034
224034
224034
224035
224036
224036
224036
224036
224036
224037
224037
224037
224037
224038
224038
224038
224038
224039
224039
224064
224064
224064
224065
224066
224067
224068
224068
224068
224068
224068
224068
224068
224069
224070
224070
224071
224096
224096
224096
224096
224097
224097
224097
224097
224097
224097
224097
224098
224098
224098
224098
224098
224098
224099
224099
224099
224099
224099
224099
224099
224100
224100
224101
224101
224101
224102
224102
224103
224103
224103
224128
224128
224128
224128
224129
224129
224129
224129
224129
224129
224129
224130
224130
224130
224130
224131
224131
224131
224131
224131
224131
224131
224132
224132
224132
224132
224132
224132
224132
224133
224133
224133
224133
224134
224134
224134
224134
224135
224135
224135
224135
224160
224160
224160
224160
224160
224160
224161
224161
224161
224161
224162
224162
224163
224163
224164
224164
224164
224165
224165
224165
224165
224165
224166
224166
224166
224166
224166
224166
224167
224167
224167
224167
224192
224192
224192
224192
224192
224192
224192
224193
224193
224193
224194
224195
224195
224195
224195
224195
224195
224196
224196
224196
224196
224197
224197
224197
224197
224198
224198
224198
224198
224198
224198
224198
224199
224199
224199
224224
224224
224224
224224
224225
224225
224225
224225
224226
224226
224226
224226
224227
224227
224227
224228
224228
224228
224228
224228
224229
224229
224229
224229
224230
224230
224231
224231
224231
224231
224256
224256
224256
224256
224256
224256
224257
224257
224257
224257
224257
224257
224257
224258
224258
224258
224258
224258
224258
224259
224259
224259
224259
224259
224260
224260
224261
224261
224261
224261
224261
224261
224262
224263
224288
224288
224288
224288
224288
224288
224289
224289
224289
224290
224290
224290
224291
224291
224291
224291
224291
224291
224292
224292
224292
224292
224292
224293
224294
224294
224295
224295
224295
224320
224320
224321
224321
224322
224322
224322
224323
224323
224323
224323
224324
224325
224326
224326
224326
224326
224326
224326
224326
224327
224327
224352
224352
224352
224352
224352
224352
224352
224353
224353
224353
224353
224353
224354
224354
224354
224355
224355
224355
224355
224355
224355
224355
224356
224356
224357
224357
224357
224357
224357
224357
224358
224358
224359
224359
224384
224384
224384
224384
224384
224385
224385
224385
224385
224385
224385
224385
224386
224386
224387
224387
224387
224388
224388
224389
224389
224389
224389
224389
224390
224390
224390
224390
224390
224391
224391
224391
224391
224391
224391
224391
224416
224417
224417
224417
224417
224417
224417
224418
224418
224418
224419
224419
224419
224419
224419
224419
224419
224420
224420
224420
224420
224421
224421
224421
224421
224421
224422
224422
224422
224422
224422
224422
224422
224423
224423
224448
224448
224448
224448
224448
224449
224449
224449
224449
224449
224449
224449
224450
224450
224450
224450
224450
224450
224450
224451
224452
224453
224453
224453
224453
224453
224453
224454
224454
224454
224455
224455
224480
224480
224480
224480
224480
224481
224481
224481
224481
224481
224481
224481
224482
224482
224482
224482
224482
224482
224482
224483
224484
224484
224484
224484
224484
224485
224485
224485
224485
224486
224486
224486
224486
224487
224487
224487
224512
224512
224512
224512
224512
224512
224512
224513
224513
224513
224513
224513
224514
224514
224514
224514
224514
224514
224514
224515
224516
224516
224517
224517
224517
224517
224517
224517
224517
224518
224518
224518
224518
224518
224518
224519
224519
224519
224544
224545
224545
224545
224545
224545
224546
224546
224546
224546
224546
224546
224547
224547
224548
224548
224548
224549
224549
224549
224549
224549
224549
224549
224550
224550
224550
224551
224576
224577
224577
224578
224578
224578
224578
224578
224579
224579
224579
224580
224580
224580
224580
224580
224581
224582
224582
224582
224582
224583
224583
224583
224583
224583
224583
224608
224608
224608
224608
224608
224608
224609
224609
224609
224609
224609
224609
224610
224610
224611
224611
224611
224611
224612
224612
224612
224612
224612
224612
224612
224613
224613
224613
224613
224614
224614
224614
224615
224640
224640
224640
224640
224640
224640
224640
224641
224642
224642
224643
224643
224644
224644
224644
224644
224645
224646
224646
224646
224646
224646
