19698.63
55036.80
7952.64
66887.52
68222.38
43471.38
11063.64
12060.80
55478.78
2022.22
27884.25
32209.98
7992.72
19047.00
83967.75
47859.84
37818.69
49528.08
15606.17
38916.18
28654.08
32948.37
54200.96
11331.32
917.00
90431.04
29358.88
31704.32
27115.58
35037.25
29137.24
25732.28
43097.04
57501.20
13146.42
4060.44
35636.76
27488.97
9988.00
9341.01
35657.44
25557.60
32245.56
20030.01
10381.30
38056.04
15499.64
16577.37
9024.50
74418.12
31702.06
41474.10
2606.80
49416.08
13346.41
45200.28
57214.18
11817.00
29947.55
44218.71
27947.92
18477.47
11556.32
72076.50
42732.57
28862.40
54384.42
34813.03
76177.36
38878.56
94949.50
8288.96
43595.76
41537.32
33625.08
11028.12
4880.35
48161.34
69978.80
17801.38
41511.96
89662.08
49752.85
66304.14
21790.92
31806.32
1440.53
26011.36
76552.52
28522.09
22696.16
77121.45
11162.97
94349.00
50344.99
60554.86
20098.59
30492.33
33434.91
1381.47
89758.08
33555.40
37780.80
38190.50
31178.34
35897.84
5926.28
1685.77
19731.42
22600.14
19388.40
9532.35
5045.31
23589.90
83731.56
65711.46
49044.16
37014.28
23516.78
43570.80
43423.31
82618.95
10934.99
34547.80
30163.77
50673.99
1689.78
32683.28
79283.16
74138.61
51654.30
4400.76
19268.40
52121.25
51707.13
16508.02
7928.40
37164.25
63165.83
42885.12
12031.67
13334.22
20009.85
11926.53
45002.52
36438.20
46381.32
9126.99
45853.72
15284.28
19700.88
14541.30
14393.68
2919.21
34560.33
25607.40
65771.16
43968.48
14135.94
26769.12
6769.42
30112.00
68832.40
51580.80
79716.48
75589.65
22956.22
47001.50
25880.06
34159.29
74518.40
27974.52
17502.60
63498.60
89744.50
60977.28
13237.92
17282.46
48018.88
54364.38
36622.17
59747.64
33810.14
5684.94
4468.74
73956.12
1553.64
12677.44
2136.32
11876.56
22318.53
41343.50
3612.87
38976.84
40839.40
75278.80
47969.30
43102.80
42762.24
55558.20
55572.34
77943.32
8199.00
18499.80
4781.16
53300.52
21667.88
24424.40
34434.33
52400.10
26164.16
31932.81
76057.80
59069.76
21134.40
64419.00
7824.48
32795.04
42111.60
53357.97
95049.50
27004.25
22938.66
89662.08
72186.66
14367.60
23409.75
4540.83
50203.52
29647.04
65190.58
17013.45
22914.99
37080.80
70122.36
1085.18
38036.60
72400.93
39679.20
84958.78
23656.92
10431.40
40860.00
29951.80
1764.86
41581.70
46874.25
59551.36
46381.92
24517.61
25827.84
65558.82
22808.16
52162.44
29767.71
5200.65
25443.60
46525.68
17182.48
45175.68
9439.08
3904.17
33235.50
16738.08
14832.84
64135.26
88145.61
22740.48
46810.05
45574.10
16167.68
37120.80
63101.15
38870.16
6012.54
37146.99
25511.60
57981.60
35757.60
13350.08
63565.26
25899.16
27008.80
58342.98
46455.98
11352.20
38077.44
27484.96
20678.97
72941.28
79337.16
54237.00
35293.44
21689.92
43214.08
28020.90
65336.76
60219.36
60006.18
14745.60
47499.66
34789.76
39608.46
7057.56
57121.20
26565.05
20713.42
46549.20
13694.49
58496.38
67642.56
70449.72
25899.94
35089.26
60904.08
12469.23
47076.30
55543.40
8649.24
37595.31
15640.34
73787.22
10643.16
24731.10
5015.45
18229.65
3444.69
70950.15
29612.40
71476.00
43979.88
53878.05
21250.32
45860.36
6587.05
4708.98
17674.05
10099.98
28230.48
40558.66
21172.86
49492.20
21643.40
18763.69
46039.98
61766.50
7938.40
61012.44
17911.44
35056.80
31713.88
57460.80
44966.10
4160.52
35859.24
76011.95
6018.60
50745.36
81183.14
13790.88
9976.56
29195.97
35391.40
38588.71
971.06
23983.96
49540.30
1711.81
30063.52
28790.60
25929.54
48059.34
47709.09
43078.31
59010.70
15977.94
25697.20
57951.25
6977.40
5053.44
44768.40
12012.13
18193.37
26562.90
33475.20
35990.01
30243.00
5525.92
45493.14
32040.32
81781.56
12289.14
44806.80
46706.04
15857.28
30899.00
58633.56
53369.82
62982.78
46299.60
16424.28
38948.58
27228.73
41326.74
50910.60
76032.37
12740.00
41150.02
7240.00
32196.58
16410.55
3749.94
55501.28
11460.16
2821.00
64292.64
82075.95
23695.05
80063.85
65711.92
22706.64
29852.40
67102.98
31689.02
71286.48
30581.04
51686.32
53751.00
5601.05
31040.47
46731.98
4853.13
8937.48
57915.90
55948.50
50508.92
67318.56
78742.80
31567.98
15973.74
19860.42
70183.72
18792.52
28947.43
4366.65
60836.33
74207.70
80835.00
69505.48
74608.38
14495.20
52196.32
37510.50
66730.84
17947.62
42820.00
54453.60
81637.92
47553.09
30091.68
82256.40
31137.92
1701.79
7512.24
35642.88
51309.86
90244.50
3265.44
45015.60
19971.66
44741.06
9151.80
29321.90
33095.70
59447.90
35380.80
38421.80
35890.62
10391.30
24310.65
29423.94
1430.52
40346.87
27449.40
19220.55
44206.32
55158.52
28170.90
4681.95
14463.48
34576.12
61604.60
17399.59
72841.95
26445.88
7379.05
14458.40
16775.55
14875.70
48660.81
4832.10
30468.76
23279.30
35863.80
75216.96
43817.99
53155.80
14160.60
47629.92
20405.58
10823.34
49604.82
24451.75
8451.27
4661.04
53714.76
43096.74
12746.37
51222.94
37314.75
58569.32
64054.08
22253.55
51512.16
55499.22
58929.78
8920.59
10069.71
13081.86
53696.40
40517.75
24301.84
1504.59
19160.13
36971.48
57133.44
35527.59
18549.50
17135.91
43753.56
31009.92
34176.00
74903.31
27628.95
61483.19
30461.34
6925.44
34693.44
85159.30
18183.95
27283.65
1399.49
36018.64
2514.70
57173.16
47545.75
37802.41
22273.13
18275.84
19039.90
31014.12
60162.57
46708.43
34547.80
46666.88
44213.26
26253.90
44387.98
22817.84
19079.90
57638.49
37499.20
89960.08
19292.40
41844.25
9482.24
14490.90
63603.32
55802.16
14094.21
30755.76
65573.92
21947.94
13873.08
26599.86
14843.84
3297.57
28280.50
62855.23
9274.00
28489.05
8763.30
51990.12
15317.28
77177.42
14839.60
12487.53
34695.51
11182.10
39380.85
48827.24
18849.71
9826.32
41657.55
21337.65
2724.90
56172.48
67436.55
15991.22
24232.03
42686.85
27894.00
23304.80
23281.44
17659.85
28873.05
64244.64
26188.00
62082.72
14821.84
29181.24
60415.96
16187.16
37241.16
6414.80
3660.04
47246.76
43249.92
52006.50
26804.25
56363.50
23984.65
6731.08
39113.14
12397.14
47732.22
50053.60
11352.48
74552.66
16561.49
17475.48
50574.00
1302.40
75458.55
29671.54
71154.80
4761.12
13564.50
29356.75
61064.80
91446.00
21842.73
8458.90
54617.60
4080.44
9089.84
42212.80
21646.68
12283.95
57661.92
48232.36
24521.92
9228.87
49553.55
53283.72
13742.74
19335.06
62296.64
73156.80
28722.42
10649.16
52558.87
31746.56
7803.25
54296.96
26592.90
27659.34
46204.29
57472.14
31713.30
62075.52
47424.75
15776.17
61949.52
49399.74
15196.32
33697.08
29577.11
67102.20
17126.33
12309.04
38541.23
23264.50
50933.76
34356.48
38732.04
8864.45
24659.68
6897.35
8460.27
18704.34
38921.70
21864.00
26308.32
80544.60
37014.73
21330.54
34280.96
7964.52
47816.66
12721.59
10202.88
26878.35
48950.90
49212.80
36948.15
64569.50
54778.95
69625.50
5444.73
49335.30
46759.20
39481.26
15799.03
42444.44
49273.36
17685.85
37012.32
78328.34
78337.80
29568.64
60965.50
70508.39
30293.13
67762.34
33101.97
60354.36
24926.25
32924.76
31630.25
38239.11
33715.60
36831.20
53026.34
54486.52
70471.21
17985.24
27791.82
59390.14
76502.84
62921.88
21779.73
3567.84
32738.64
39541.75
36975.42
18545.14
2388.56
20013.00
35354.52
4501.77
48501.68
23660.00
57466.06
41229.32
44077.36
34037.64
46503.02
56599.27
37236.12
68472.00
86379.65
33715.60
75511.38
10208.07
5417.70
45689.20
30150.12
11460.33
6154.52
22104.24
24578.88
7599.96
36813.15
66219.30
58217.07
11800.46
43651.17
12573.36
49331.32
9430.40
8674.15
22248.48
38053.14
47781.60
1952.14
38386.26
7240.00
29028.78
17602.90
12044.80
28013.92
54338.88
50377.88
36095.01
44655.60
4104.44
56044.90
45171.56
74638.40
69793.50
61524.75
1340.43
23186.30
42851.20
27579.75
35884.80
36743.96
73577.70
50794.61
12795.37
51097.46
48126.68
48462.48
45794.00
56181.06
4204.47
20757.84
50101.12
8051.68
40524.88
58277.56
8226.00
55121.34
42272.82
24337.22
43794.30
18180.00
33255.00
46715.85
11916.96
52041.42
25461.81
4772.04
42759.09
18720.60
5335.80
19971.84
10467.20
52893.68
1335.42
37310.00
87841.12
49281.90
29515.14
27604.75
20742.60
18676.16
38807.34
70188.63
44003.16
33220.04
15427.50
23757.33
42605.08
33587.10
56336.67
34867.50
47821.00
10836.00
12523.50
44222.12
41231.96
43736.58
16292.70
42016.52
26524.26
53056.40
6076.55
41332.10
35645.61
49488.70
8118.60
34476.33
2306.50
48912.15
1884.06
13793.67
18889.80
49652.39
10798.41
11881.87
38889.92
22311.13
51265.35
27548.96
27332.07
51994.32
58334.40
34912.82
2850.12
23827.96
43164.63
35497.40
40043.60
12289.44
6262.60
3285.57
71743.90
33034.98
11015.58
27352.98
12549.28
28586.58
20707.68
14015.26
41244.80
37965.69
2244.42
56592.48
22268.70
82518.48
44768.40
40004.63
5138.40
46698.96
48176.45
51083.70
13197.92
55129.92
66906.84
83968.20
66730.40
50906.79
39354.90
24867.12
18583.68
5898.48
25689.02
3015.30
43653.77
36869.44
8150.70
14370.21
45165.94
76068.08
21223.00
43382.70
26419.00
35814.22
31568.15
29094.87
1862.95
20581.47
1403.49
56821.06
66771.30
83877.75
64837.00
27349.20
26326.08
29411.20
85409.55
89950.08
27587.16
44329.98
47855.06
4537.83
38921.92
42953.90
56180.00
53708.50
10784.41
67121.10
25987.80
44559.10
73276.80
44371.75
45765.72
34373.44
13061.72
28388.36
27809.25
47145.70
39753.78
3371.54
44252.16
55167.60
11596.32
45704.10
13720.74
25304.37
38188.44
30609.02
47343.66
72939.93
46299.95
45973.88
70087.50
26139.52
