5250
5351
3682
3662
9968
2377
7726
5192
9657
3626
1634
6507
3914
1310
7061
4562
2883
3169
102
7923
139
940
5958
8231
1908
4443
5046
3649
5957
2701
211
8543
3226
5156
8236
7800
1195
1570
5613
2149
8811
7155
637
3335
9150
3094
2833
917
6015
1145
6370
8760
5843
6111
4556
2857
152
9226
6988
1502
8285
9381
6208
2383
3229
6399
4535
2970
4394
9249
7451
6760
2860
4920
6021
527
37
2115
5056
5041
8220
7686
7887
3761
5176
1648
2531
8706
1483
2174
6819
2559
8937
5885
6299
6003
3863
6212
6127
5187
962
3496
5194
2833
305
1599
813
1208
1188
9988
1906
389
6285
4128
6969
9396
3171
6536
1890
4773
9520
2095
8385
5857
8661
9178
121
2114
9560
302
7347
3529
9833
8788
4251
2230
8619
7429
161
4277
5680
4699
4478
1275
8389
3161
1687
2437
3933
5125
4121
8030
4989
8424
9765
8592
3401
764
361
6969
9595
4668
9424
8432
496
3967
7877
5927
4885
7943
4533
4414
1119
9784
5309
3951
3576
1160
15
6144
6576
74
6802
5345
1201
8026
230
4419
4084
5337
1455
8127
4369
4867
2981
9958
9453
3965
6627
6482
2622
1905
5908
5069
3854
8186
5225
1088
1217
7173
3988
7211
9136
8012
3852
2502
3096
589
8471
4944
5619
5329
9073
9053
2674
8623
8038
4307
7485
50
7938
5840
8196
5270
6442
4040
9015
4474
8228
1343
9992
257
9968
3163
844
2081
8662
5470
7623
7961
5348
3770
1149
9038
4660
6507
7064
2861
3503
9345
9804
5484
7019
8218
2774
8499
1196
2263
8894
7509
587
3075
4347
8359
4028
1919
2286
6384
4906
7820
5552
4486
3071
2633
5556
7094
1224
5001
6165
5053
6439
5133
1263
1068
1892
6478
2972
5829
9460
8672
6810
9680
5147
2614
7056
4827
1803
4937
8630
9803
1006
5265
3933
5895
4428
7055
4683
5349
9531
5930
6979
7660
15
8941
7088
2739
8346
4613
8720
4848
4372
4971
2117
6703
3496
2870
5249
7057
9364
3631
9350
2860
6640
8249
2988
6877
4048
126
765
1763
183
6373
2495
3465
6749
7400
9066
7984
5239
9592
7703
3560
6155
4439
8072
2469
3142
6730
9871
8970
4083
2286
431
5468
2769
3912
9767
8474
7822
7753
9394
2529
7256
4831
3534
5374
2565
8238
6507
9095
2971
416
5295
3686
7934
7005
9201
7905
3839
995
8261
8159
5730
8762
3827
4501
593
1698
6738
5884
5128
1072
7490
1495
3303
126
2407
9406
1312
4868
4889
6533
8855
3933
1452
1094
6679
3735
7296
309
598
3123
2379
2304
7556
9755
4120
1876
8846
3615
671
4054
8986
7941
8068
3329
3107
5112
280
5626
2990
5146
2952
3530
4461
2645
3939
6031
5501
8203
665
5137
7889
7976
3393
4551
2298
4376
7379
8686
4102
5989
6561
323
2399
8363
2619
2730
2416
5485
4999
2292
1332
7660
7524
3315
7295
935
3843
991
5556
918
6071
4397
9933
8275
2617
1080
2465
9787
8335
1404
2802
4200
7881
4233
1681
4569
9762
8952
5904
4857
4949
4661
3822
2959
1532
5406
6879
9360
2018
1976
7473
6167
9682
81
8055
6763
977
6061
2994
8235
4379
1914
2643
5189
6657
7459
1597
5625
8897
6998
8832
2726
9581
4543
437
4221
4575
1113
2496
5199
8026
6602
4292
2702
6692
1286
9278
2160
1078
2287
7201
2046
6501
7753
8077
6911
6713
7524
2604
4022
6439
431
8098
6546
8611
3534
9542
384
219
2775
1307
3070
3657
341
4023
3316
1097
5479
1707
9457
8499
1923
4231
9292
8587
2697
1246
1969
4902
3207
4580
5695
600
7328
795
8705
2031
2102
8019
7281
5228
1292
3022
6002
1269
7502
3762
4427
3740
5573
3120
5905
7764
7592
9407
8987
332
3258
3838
8441
1405
8451
5223
5911
730
2632
9446
1647
9323
8958
1279
2190
6582
3172
5131
5152
3083
4283
3764
9280
8954
7051
7666
1193
8420
9885
1066
4839
550
2914
5577
2890
9248
4750
708
594
8420
9061
6706
3169
279
7080
4655
5831
6906
3312
292
3162
2699
8562
7025
664
8966
6569
7833
6821
4509
2749
1720
1483
4345
7456
5574
8185
2248
1589
7572
3123
161
1907
7353
4964
8522
8239
9154
7036
4351
4261
2831
7784
5417
650
4170
1672
9728
9643
8147
1079
9357
2956
5259
1047
7768
4355
3824
7744
9868
568
5252
6054
8041
934
6646
2958
923
3526
7698
7266
9592
7700
910
9489
5318
8764
4671
2901
5103
5292
3680
9074
5814
1964
6067
7627
5293
1469
7989
113
6127
6374
3465
6290
4943
1249
3899
7682
3765
1086
5774
9884
9881
9941
3627
301
7120
5700
5864
1815
9766
898
5390
6318
8262
9311
9105
3036
8173
9662
3581
5354
6487
6219
3522
9141
8472
3868
3689
6
6293
5130
175
8060
9325
3712
1956
9417
9586
292
6956
985
9347
8165
5629
1400
9973
4319
2239
1506
8930
4957
852
5767
1169
1684
8731
8277
7246
102
2223
1884
829
6921
5072
1744
6404
5793
7431
3888
1687
6996
7411
8046
3641
2799
1404
9693
1998
5334
3717
7328
3075
3415
8075
4
6044
4780
1072
5004
9610
8990
699
7800
651
9472
632
6998
4170
4906
7145
211
8299
1405
3923
4928
556
2173
6951
4046
592
7341
3819
5527
2341
8846
2058
8550
4645
7092
9576
326
1288
2833
7273
3337
8863
3455
7662
5589
6900
1365
1378
3400
8947
6891
1931
2480
9866
6357
2539
3439
1184
8905
247
5087
4187
1691
5258
5483
8302
7404
4791
1683
734
9003
6163
7310
4934
1534
8268
3617
151
1318
2428
7434
8160
3039
8621
324
4007
3560
1103
299
704
3224
1784
7462
7414
1070
8682
1943
7582
7542
2345
8701
7001
9929
9869
3916
6330
6048
4448
209
9793
7595
401
5015
8154
8221
9839
1812
4286
9249
2601
4330
1231
483
9367
8794
2843
1369
4334
1027
6015
5598
7546
759
1037
7477
231
8776
8979
9407
5225
5017
5596
5745
6560
9702
