807
7997
4491
4130
8143
2642
22
7739
7320
8583
6100
6745
9601
9499
5792
1826
6251
4075
2737
6279
7942
6743
2159
4002
2687
279
2933
8565
7137
6598
6672
3833
4974
7424
9222
2263
4078
2704
3723
8908
3641
8191
5900
8626
1155
4398
1410
3925
7331
348
2862
816
6939
9861
3581
2902
8965
9958
9400
4973
6297
8364
4923
4904
7136
8460
6202
3790
7700
2533
5561
8273
7603
4944
726
2389
476
7720
50
8882
1218
7583
4157
7743
9488
5849
1416
2993
3460
1597
968
1061
555
7312
6992
8891
5503
6153
6947
3368
2996
2225
4086
3360
5056
8765
7846
2214
4947
6432
9427
2926
5976
9742
948
9755
1290
8335
2410
2419
4659
5559
8534
7476
4820
8735
4304
5362
5894
5970
6297
513
2897
7332
5059
8087
4772
7627
9495
6494
3743
2885
3250
6535
7061
4062
4617
5924
4050
6601
8615
452
816
4827
1235
7924
6795
3207
9434
3893
5623
8122
1908
9546
6369
2849
8576
5707
4674
5186
9639
3897
1607
7465
8270
7875
826
1959
2317
7173
2674
5963
6612
5538
9977
518
1466
3563
5206
3034
5088
1888
8075
2703
5313
7307
3017
7140
6217
2173
6223
8438
54
6439
9840
5458
6997
4908
2039
647
7520
5124
6416
2749
656
4218
8632
3034
3058
5649
4792
2579
8637
1978
586
2936
8928
1441
3043
3348
1103
9299
6752
9747
7512
2446
6437
1257
4416
6547
5247
2095
2219
8383
9606
3168
4715
8103
654
5933
2061
5875
497
6915
4630
5378
9890
4709
7809
7575
2013
9684
9501
7586
1346
9691
7317
4041
4516
3479
5177
9025
1445
9464
8442
1886
6607
2253
3795
245
8342
3572
264
1586
9360
9524
7460
3837
7302
3401
8737
7288
1086
3124
967
1128
7976
891
2162
1260
3599
6046
3554
8008
4545
3042
2385
1413
6906
8993
4020
512
4899
4310
4753
4270
3440
3134
5972
1203
7537
4507
117
3337
2082
4597
7118
7163
6925
39
8762
4188
1816
669
1001
2289
9000
1248
5349
1158
1788
118
2416
1230
534
7438
6164
1176
8114
9927
9694
7565
5310
259
7027
7966
8017
5287
2126
2707
6114
6976
4526
2348
2567
9489
2768
8491
8233
8143
3879
7240
6085
5525
7093
6458
5287
3544
8703
9135
8303
6192
3997
7272
2149
7159
6897
7242
3119
7077
536
1140
3816
9454
36
1972
998
2976
5438
8909
860
25
9624
7879
1174
5044
1582
5376
9484
624
4853
9970
845
6054
5437
419
1521
7543
3020
2099
6706
5209
1436
1874
1544
5578
8772
5463
2870
5967
2796
7052
5198
6711
5543
7861
1549
2805
443
3372
6559
104
6283
392
2523
8536
2106
5554
8067
8612
8357
7944
3784
843
7396
5626
5075
4096
5433
7925
7547
9008
8360
1113
4296
6392
4334
9581
3394
4941
8297
5448
8024
5636
6061
1926
8811
5163
4092
3988
281
9943
8403
6252
5102
5090
7441
9825
813
4646
8917
5987
8282
3924
313
4059
5237
8452
5259
7795
2235
8141
1074
5554
113
7975
3995
8817
1473
446
1787
1678
9093
2989
962
7565
1792
7687
4544
9300
667
4663
453
7085
6595
1098
6680
3353
5855
2903
4217
1101
3089
2810
2993
6607
9480
2199
2243
2693
5304
34
1481
7389
6407
8411
973
770
1057
5899
6890
3887
6848
1572
132
6362
4276
5461
4494
3053
7211
5061
2863
7149
9203
849
6791
5313
2255
2522
2948
64
59
3831
3888
3798
7999
4391
4332
2275
4850
1219
3340
4006
3861
9756
7103
3836
1140
9719
6386
2752
6175
1671
5195
4720
6372
9074
2688
9718
8599
1897
7085
3267
7284
629
7483
9064
2212
8681
9982
5503
5347
2373
6836
5416
7762
1154
2711
6119
1903
9054
8887
8632
2105
3274
2480
8511
2531
8472
6966
589
9098
7270
5644
5952
7382
2852
1349
577
6443
4368
6629
7542
7558
3982
5633
2192
4944
9399
7304
7139
8236
682
7401
8696
312
5264
149
1764
705
2952
2087
5414
1792
9845
8355
9597
4688
9830
7307
6873
3701
8296
6612
2606
8098
7008
4323
3069
3481
661
5794
8482
5841
3223
1415
8057
9616
1329
877
9135
9937
6316
4491
3755
2541
7282
2704
8773
9267
7161
4218
9654
215
430
1805
799
4728
7142
1065
6534
9227
2327
3355
5696
4513
9780
1838
3683
4496
5098
792
9535
8549
8114
8507
20
4543
8746
7712
5325
5941
7120
30
5944
8652
9851
8328
4786
5787
8295
6616
2368
2879
7962
6563
3998
1356
8939
1128
5651
297
4825
3005
378
4292
1396
627
6058
9283
5288
6494
2409
4179
2291
940
6402
4627
8174
1559
9213
817
9932
9689
6645
8242
4366
300
1118
8277
4998
7409
2562
6086
2363
1659
8828
1585
3238
9650
6703
8378
7679
9816
4655
216
6135
5485
3090
8927
262
7541
5465
7008
8558
7698
6353
8157
6763
7756
5619
9495
9674
8083
5397
5104
6195
4649
9837
6965
8116
3472
9664
8565
9837
8974
5599
2050
5030
4431
448
8132
5495
3875
6587
5850
7574
4820
4549
9390
8079
9748
8736
487
607
7679
7850
1862
9454
1535
8487
6619
2881
8687
1558
2542
7670
7914
2976
5624
1917
8968
8752
6354
544
4529
2706
2475
1911
6025
3368
9903
3285
6202
3911
6584
6873
9070
457
9476
9613
5231
2560
5202
5085
168
3534
80
2437
105
2910
9570
8826
5003
4035
9584
3215
1932
6555
5364
8552
8691
1987
995
8915
4442
2890
282
4315
673
7610
5411
180
6791
9869
7993
5680
8417
9888
3990
7822
3606
7821
7306
9030
8289
9021
9970
3244
7949
8157
1413
9617
5192
8008
7822
1030
7151
1937
8054
5777
9891
722
5279
4044
4189
2774
1261
8386
3094
6351
7449
2689
13
559
6946
8107
9876
1086
3327
3750
2428
2798
4915
1244
3744
3079
8443
719
3537
4994
7705
5721
2502
9137
2517
8456
8123
3133
1913
2254
6601
7385
5343
4771
2323
4542
3098
9014
1693
2113
1396
6798
4358
9351
8620
6289
3346
4202
