27
33
40
50
35
3
9
21
29
3
6
1
5
6
14
11
32
3
30
44
46
41
21
36
46
41
36
45
40
10
35
50
14
17
4
6
19
14
21
32
5
35
46
32
3
26
22
19
39
43
42
4
49
26
50
41
50
41
13
2
32
19
13
47
25
11
2
17
19
43
12
5
50
2
2
25
12
48
42
41
33
2
1
32
21
41
33
20
40
42
14
12
10
1
2
5
11
36
17
4
25
5
29
36
40
48
4
36
36
8
8
45
30
12
20
19
16
49
15
37
46
34
31
19
42
1
46
40
2
39
40
49
4
40
16
29
13
41
39
2
45
13
32
47
2
46
12
24
15
48
11
3
23
39
23
15
48
1
27
14
7
34
47
5
48
28
36
10
14
45
20
25
8
48
15
18
42
3
11
35
9
40
44
9
22
13
19
13
44
9
41
23
38
45
28
32
14
39
31
26
8
33
33
8
42
50
35
48
39
28
9
9
23
10
19
13
20
12
20
32
17
14
36
45
30
5
3
27
17
19
43
14
44
45
37
15
40
19
23
47
16
19
27
10
15
37
2
5
43
20
34
19
13
34
9
49
46
29
31
4
25
9
50
3
43
19
1
29
34
46
38
44
2
46
18
40
20
41
15
24
18
23
30
15
34
45
16
30
41
44
19
21
33
11
17
39
27
31
49
12
30
50
38
32
41
27
9
15
47
41
39
18
22
3
12
27
25
33
27
8
35
9
5
1
40
23
49
36
39
18
36
41
14
15
17
11
6
3
17
19
22
40
45
38
31
18
46
15
33
33
17
42
23
1
50
17
2
10
20
30
39
10
5
36
47
35
8
49
32
10
13
6
37
45
17
12
34
5
47
39
20
40
33
22
44
23
23
47
42
30
31
38
36
31
42
2
49
36
26
15
4
4
2
28
19
8
5
17
32
26
8
39
48
10
33
2
39
28
13
1
38
46
31
40
37
29
49
49
47
37
17
14
4
16
2
35
3
25
23
30
46
28
30
15
16
46
15
48
41
20
47
20
29
18
15
18
15
17
2
34
12
30
49
3
46
29
21
44
24
9
7
5
16
7
35
2
20
19
45
36
18
41
19
29
49
26
14
48
17
39
50
32
41
14
46
50
17
11
9
41
28
26
49
8
18
30
28
7
9
35
4
31
22
42
15
5
21
12
42
32
11
25
1
28
27
11
8
28
20
15
11
26
28
9
34
28
23
24
23
19
10
47
45
17
48
9
30
4
38
30
26
47
16
32
43
18
48
21
22
28
7
1
35
9
34
14
11
18
9
28
3
17
10
3
4
26
11
36
36
30
40
50
47
14
48
37
46
4
29
48
24
6
45
44
31
10
49
39
45
8
32
27
17
29
47
30
5
38
33
40
35
21
45
29
30
29
18
14
49
5
47
5
39
45
1
29
6
49
11
43
14
6
13
19
14
9
11
40
30
3
15
25
21
11
33
39
4
16
22
11
28
3
1
24
8
18
14
10
28
43
2
45
27
12
43
38
24
6
9
24
1
23
1
13
47
11
8
39
31
46
31
36
48
17
26
5
2
6
16
21
26
35
42
42
29
25
4
11
16
28
28
21
10
31
13
37
30
37
22
29
3
33
23
27
23
45
43
9
49
38
49
22
48
37
17
34
22
6
6
16
37
50
13
5
22
41
23
42
16
12
39
4
34
34
2
2
12
34
37
46
36
15
46
48
7
48
8
14
45
29
21
24
43
45
46
28
1
48
17
6
49
16
29
28
32
43
10
50
33
1
19
24
9
21
28
7
4
49
20
29
36
47
5
5
18
9
40
11
31
36
7
41
18
12
30
14
31
3
12
43
7
3
49
26
37
5
13
11
36
39
31
27
47
30
50
43
50
27
48
15
8
49
2
28
47
9
7
29
21
12
32
48
39
6
9
27
24
23
8
12
17
14
29
12
6
9
5
21
14
24
13
12
4
14
25
45
29
4
19
14
42
40
40
21
17
40
38
42
9
32
38
20
14
19
10
50
14
22
13
29
28
34
43
33
13
22
18
36
42
22
2
3
47
46
17
46
44
8
25
38
4
16
18
33
43
7
33
26
12
23
11
9
40
14
25
33
37
24
39
4
39
29
18
26
15
9
45
2
1
49
42
37
29
18
18
12
7
4
29
4
25
24
35
3
22
43
40
13
8
16
20
14
49
31
17
9
34
8
49
15
2
11
30
31
16
33
48
40
3
25
33
3
30
29
47
49
8
39
8
3
8
38
23
26
25
3
26
39
23
27
