4968
919
8392
3767
6621
7354
7128
8989
2035
9637
8639
6503
601
5026
6874
3789
9692
8250
794
7183
3540
2620
2499
6124
9177
7322
7158
3496
6925
8131
1862
6428
8281
7870
7792
3964
9102
1908
2068
3629
6488
3248
4024
7774
1997
7383
5492
2795
7793
6389
7179
3902
810
2860
1955
1092
1446
7674
9132
2950
3119
7230
4925
7635
461
4300
8271
2879
5551
6126
1472
3874
4768
4864
3088
6257
1280
7137
4325
4023
694
9935
7680
4822
5068
3989
2498
8045
7654
9022
2366
9820
4452
4346
1846
355
9622
3477
6145
3816
1247
1552
8013
8245
9875
1161
5040
3735
7926
8008
9682
6427
8682
8311
6727
8032
3895
2501
4263
5424
7854
8078
6179
1672
1066
6428
91
5683
2381
3984
3866
8155
2236
6965
8963
9283
8878
7917
8383
3671
7539
7784
5744
6010
7126
5381
4573
3926
3213
5275
6138
8900
8272
4839
8445
6619
9179
5537
4830
3351
4411
4
9115
4098
2203
1288
2710
256
6240
3474
272
7954
1179
5042
3877
932
1557
5246
6670
1724
2641
3394
8609
5584
6753
9489
7198
2397
9378
5273
3943
5826
7351
2709
6892
8320
2910
7448
7458
2438
2213
4213
7094
6503
5924
4399
4502
6169
835
7562
2596
9895
7627
788
4372
8798
6155
3977
9821
1230
9795
4787
6386
7291
2721
4546
4414
4462
871
4100
9893
549
4143
5877
9686
7397
6867
795
5495
4660
6103
807
2776
6566
4421
5736
8386
2113
9142
3401
3977
768
5065
4016
4138
6237
6745
5932
4137
5173
436
8960
7524
2229
6169
287
6494
4013
6856
2486
1502
1589
7266
7888
2177
9577
6949
7050
6949
9701
4329
3388
111
1531
7474
700
8254
5508
6714
9588
8111
1433
7882
980
6536
8557
6495
4804
8778
5678
5229
6306
4322
2144
5869
2590
2862
209
9297
8621
2155
9648
1504
1693
2107
3535
7284
9929
4812
774
1951
9266
6898
1914
3043
51
805
606
5586
9828
3598
5997
5861
6240
1728
8931
5386
6757
4051
8515
5960
3322
4739
5737
8425
3003
8977
309
7062
7486
2165
909
3908
3313
1909
4127
7281
9555
5682
1680
7406
9584
5445
8062
6030
1648
3962
4115
6172
1144
1973
6536
2774
2479
3423
7794
832
960
91
7144
7754
8356
175
6053
9542
2655
7747
6438
305
1603
5267
3039
4550
3244
3909
1466
5124
5157
8615
7739
3055
488
9940
9065
7318
9186
3290
5338
9366
5501
9555
8361
3119
6553
2168
7648
2744
7405
3089
8811
8986
5218
4756
5098
5886
3757
2656
9127
9666
5179
7018
21
7908
3196
5839
5221
1402
2476
4772
5602
2753
6430
151
2654
3259
3684
4816
6273
7091
5543
5461
9432
9451
1501
3353
6106
1739
6604
419
4856
5088
1511
5054
755
8001
7186
7649
5705
8173
6539
7151
3307
2096
4356
3016
7862
800
7176
8865
3567
7986
9510
4136
9276
2110
7493
2948
8535
952
4457
6506
5143
7434
625
9469
4927
2948
3385
8865
9185
3703
8346
720
2394
3456
724
9189
4682
2392
4476
9122
2383
984
3962
3808
6690
9607
4788
6016
365
54
5943
6889
5196
3356
8803
7980
1226
9072
7733
1972
8100
6966
7952
480
6881
2234
3343
6571
5848
9834
4928
4631
4993
7786
792
965
8053
1169
8224
8207
6389
6074
448
9371
7135
4486
3052
9843
442
7043
2201
7473
7545
4801
7666
6005
927
3884
3221
9045
5052
3167
3574
4768
9413
7131
8078
3350
7339
3996
9169
6409
8268
2151
4439
1442
2861
2736
7327
2926
8028
1931
2968
7673
4663
4572
1078
8583
4312
6716
1153
5003
1263
1007
2474
536
8433
6883
9227
1616
5929
4668
4203
2852
1509
3122
5486
9314
368
1900
8159
3611
7393
8767
3051
3384
4891
5786
1592
6752
6753
3851
4338
7536
8608
2743
3497
8300
8698
4585
6338
4083
316
7697
3693
6577
454
5280
3315
7962
5086
2294
8183
4967
5329
535
9214
8744
5429
9053
16
4104
3570
3563
390
8426
8076
6810
3492
3456
4466
5413
2340
564
6663
2334
8595
4768
3259
9785
6415
6892
8384
8097
2331
6054
8621
2622
6878
5589
3387
9075
5047
247
7856
2256
6062
1790
9609
6533
5425
7222
183
9543
7791
7883
4463
6984
4479
9263
325
7070
5975
6442
8567
5511
6405
5667
6816
2946
8315
4883
6176
6597
5079
2710
765
2773
524
8104
7749
2856
6971
9382
95
2721
874
2716
1365
9502
6411
8395
6122
6266
2675
3850
4277
6532
3111
4385
2180
7940
7120
5307
560
7501
9985
9590
5209
5541
674
9748
6915
1644
9148
7465
3337
2988
34
288
7369
6115
8282
2314
5365
9870
8750
5088
4416
6619
1227
584
6540
6785
618
6049
6150
9456
5032
9958
9359
8097
6191
6916
7587
8672
4103
2061
9353
7427
5888
8344
3428
9525
7624
2264
8851
7821
9141
695
5069
2605
8500
2139
7384
7858
5740
342
6813
9650
2899
3049
6301
6191
6681
7285
7432
1873
5743
4730
4995
3806
9051
3607
4555
5350
7911
7199
3189
9331
5107
8186
9954
5581
824
68
7866
1983
5327
6412
4458
9539
854
3898
7964
9517
3674
4082
649
2142
184
1716
7637
2862
9739
3393
5900
9563
4644
6042
751
7400
8175
8010
7697
536
8750
439
2286
4614
7635
2173
9507
2509
9544
4281
5604
67
8029
7969
3065
5580
3807
5612
4246
9279
1484
7387
7497
104
3740
6686
94
366
3923
737
6077
4186
7286
9959
3887
9304
2890
5848
567
4959
4901
7284
3359
1367
7113
5722
9782
7830
4476
3253
2822
8941
8847
5929
5380
8658
2927
8758
2618
836
4328
6249
4415
2666
7988
2491
4461
2489
6337
9485
4478
5729
8303
9991
9507
3517
7891
6406
602
8051
8416
7336
4012
4670
7234
4989
9602
6969
3078
5560
7703
2709
8742
1000
731
2937
69
6575
4364
254
7922
7442
2147
7631
1922
6590
6708
7315
219
9797
1999
5906
2108
3473
5061
17
9486
4286
3940
9763
1482
4480
6758
