25451.85
74712.54
54364.38
40363.56
34877.18
33516.30
81442.54
6843.20
62728.12
42915.60
34737.00
62617.05
6891.24
26951.69
15426.30
16497.92
30972.47
15106.00
69813.92
69691.39
50132.39
26064.29
8874.35
58989.02
23255.44
37629.48
72256.05
17028.45
70184.25
46129.95
41725.20
62066.50
34390.00
36734.88
48167.98
25465.60
34928.74
7463.12
26403.72
13514.64
30899.00
35766.57
6895.44
16649.46
55682.48
55898.88
29117.60
64976.09
29411.20
11132.10
25773.72
19156.28
11370.15
33857.58
79151.16
3852.24
3868.14
40304.44
6947.40
66741.84
81493.92
4606.86
49215.58
22031.94
72526.82
54954.71
39176.16
11650.65
63747.20
26187.00
5934.48
40447.66
34411.75
31596.39
14235.20
65157.60
40061.18
36619.37
55148.45
48891.81
40626.72
76690.84
47609.17
15968.03
28050.90
11478.33
52987.77
49546.75
6526.88
49854.00
16709.76
20525.45
51125.48
14935.68
74729.00
43343.11
9209.92
53447.98
67887.00
60940.22
16467.78
17282.46
6919.28
9440.30
77584.78
14639.36
41539.68
73377.50
32333.83
65410.82
51064.65
4745.20
49792.50
41444.40
80184.15
57966.04
34467.57
3345.52
27728.61
30114.50
45723.43
61919.52
48904.20
10468.98
19758.25
45653.65
25271.86
74147.85
41462.01
4777.12
4124.48
42716.88
7634.16
78090.32
13486.16
56763.52
29423.94
1386.48
37193.52
47840.22
53266.44
44861.79
75010.76
66135.72
54435.76
47666.56
69044.67
65581.16
25256.55
41920.37
46833.06
42734.92
37508.46
38761.60
21064.26
45040.10
1490.58
63787.20
72033.14
41325.15
29118.56
41234.10
49172.80
55866.88
9225.78
38012.04
85643.67
41729.80
61825.20
9802.62
23658.83
5125.55
61265.70
7888.35
21703.40
61516.80
71704.86
4690.10
12276.88
4916.19
33707.00
38650.70
66058.03
60003.36
29855.36
41714.40
37608.64
10694.52
36153.75
67844.34
24904.18
46152.96
49087.48
25623.36
85235.24
11791.00
11375.43
48380.15
14705.60
2991.18
15286.65
24025.35
27702.00
79084.74
5132.40
32009.25
2784.98
12636.78
51151.65
40680.00
29792.64
25302.75
45432.36
63664.51
31554.60
47679.66
18477.47
23825.33
18820.60
2074.24
56521.57
59948.24
20392.26
66310.56
46580.29
27215.21
22704.72
4994.28
24203.48
7652.22
29568.32
30238.12
18565.58
6683.04
67345.98
89323.08
38761.92
16913.82
9886.44
43662.11
58963.50
18526.33
7748.20
26235.58
28573.82
59095.45
9880.50
79894.18
81625.95
50083.88
8985.54
53130.44
72508.80
61264.80
71714.44
6783.42
4420.76
10812.48
1982.16
16478.28
4060.32
52911.04
41537.76
47380.70
17665.21
29655.74
42434.82
36551.36
84189.00
20121.80
16902.54
27493.95
50707.32
9180.99
64535.25
23004.80
40892.03
80446.18
30328.76
38164.77
38729.60
47698.56
68607.90
24182.67
27507.48
46355.40
16398.18
45936.96
45054.75
70221.72
30956.58
57229.92
65892.19
11730.39
11316.97
78041.13
11865.69
57880.90
10097.78
41118.25
51041.76
45818.21
17461.08
12988.17
19578.86
35949.20
28530.20
48561.48
15812.83
54588.14
28480.03
47351.17
39732.70
62674.65
11232.10
67558.67
39017.44
35158.03
69869.26
76464.52
18317.60
43849.50
50832.60
49683.39
14721.57
31757.66
38459.23
71670.68
70868.10
7375.76
2999.18
70754.10
10676.52
29599.92
48521.80
69151.52
20174.22
47718.66
16998.45
24710.35
32137.56
40811.16
35414.61
6202.56
40651.52
25067.52
38291.89
10770.41
53115.72
22031.16
56382.06
35633.85
27398.90
28276.74
20473.10
86712.18
21323.95
26780.82
55615.34
957.05
44946.72
29440.32
33515.28
26828.32
38632.81
43430.58
37353.69
54777.30
9614.29
15907.22
33608.34
19887.84
45064.28
22929.30
19160.55
32194.32
33360.96
20460.44
9063.60
57724.86
37228.32
35143.50
50687.36
18533.06
37455.60
23147.30
14711.73
14307.12
46624.14
43147.08
54517.75
11419.43
83209.40
49157.76
52301.25
82665.95
2715.00
45624.96
44446.27
64363.64
22253.94
6985.56
9826.38
69571.32
1360.45
62447.86
49813.60
20526.90
37960.50
2778.96
50357.44
42080.95
32572.54
17674.05
18343.44
63868.00
52290.17
88443.00
59968.32
17718.70
39134.92
26252.16
68014.22
67559.04
3811.11
28084.42
30867.21
64955.80
17154.70
68929.52
40634.28
40552.28
28343.36
11160.24
72694.05
41193.50
7633.10
41742.93
3255.44
35857.60
12613.50
35636.76
32307.84
41449.32
37776.69
31744.63
24906.40
37089.60
5045.40
35015.67
28821.66
46447.31
28682.40
53154.68
64668.02
59718.14
19195.41
39552.30
38321.10
66022.56
48915.84
53180.62
65818.19
63863.65
26263.44
4780.20
12852.14
40490.52
50032.71
36363.60
36523.20
44968.40
53409.00
33673.64
59055.36
39901.68
36786.15
21329.49
55834.56
67707.04
25816.28
61934.60
64327.32
52388.28
33604.80
62036.52
56740.40
36037.80
18669.23
27605.00
14968.24
5195.46
19845.84
12156.88
10761.70
11195.92
64929.09
14469.51
39473.76
76549.84
10000.50
47024.25
42907.53
6384.07
26109.72
68204.76
2983.18
63952.98
25256.00
24270.48
6506.95
10356.99
36339.27
1754.85
20481.90
20709.84
61598.36
25778.00
39691.68
52311.36
67346.55
49373.08
30749.32
30261.33
6204.72
18860.80
34559.57
37859.60
38938.16
56879.70
23014.89
44672.95
30223.79
9886.44
3680.04
30464.64
80052.00
85385.76
56632.94
3035.22
9532.08
8948.59
31173.00
5760.30
48940.50
36894.90
32174.00
40567.75
43205.76
46533.76
41491.33
26714.60
20152.00
8158.60
14783.99
27000.82
41490.45
51784.95
37228.00
5280.75
14265.10
58021.60
51848.16
19741.42
39091.25
3705.88
7537.95
11540.24
48509.64
74944.31
47055.05
58021.25
10307.16
47293.52
12630.64
23375.75
65042.25
6586.96
2492.68
71497.44
18459.30
42384.95
54010.08
25041.06
41083.20
25768.08
47210.80
36691.20
15196.50
56996.72
43793.84
35942.94
51122.94
37661.04
10251.20
7466.04
11201.70
44777.70
43124.24
64043.76
30770.00
4965.36
68880.85
14385.75
62705.88
23060.18
76267.84
87942.50
50505.00
35710.08
39029.31
27764.10
39781.29
42315.00
54897.60
72897.00
20779.27
16033.05
87031.08
59264.37
55673.28
43967.60
49388.04
45801.45
21275.46
35917.80
44495.36
36419.44
13905.15
48435.84
21730.80
15901.74
34203.12
10090.89
84971.30
21698.29
43794.56
26667.22
30176.40
22140.63
26668.16
58513.00
55566.69
25107.06
35966.22
13731.74
61217.10
6781.32
18289.65
61541.80
12323.20
3640.00
67127.04
5597.96
72931.95
37192.32
54250.56
17763.20
29775.20
6054.40
32945.70
48411.00
30413.04
19237.24
10571.50
16721.55
71288.88
37812.32
65483.60
42604.33
55812.26
38826.92
51164.34
40747.52
65803.92
18499.74
66838.59
69097.44
54619.11
2959.14
11352.30
2656.84
26761.77
9834.56
30524.34
67267.98
9263.87
31351.32
38197.25
47859.12
58818.16
66941.10
26638.05
1938.12
24296.48
40687.92
15745.28
1833.92
41318.50
43257.76
69929.26
7587.96
56311.00
63639.62
32508.84
24762.24
8188.65
41196.16
35572.72
43246.80
39206.16
26054.16
80124.18
38684.58
43425.84
52381.42
41578.51
30217.86
8757.54
13632.63
71976.50
88685.10
31647.66
30036.24
52255.44
13180.95
32218.56
67967.75
9865.71
39710.58
59210.28
13982.85
30872.60
3423.60
43833.15
1830.02
60940.22
36867.68
23384.80
12333.04
18676.00
1751.84
43539.50
34105.40
15391.80
11936.98
47063.52
37385.60
15625.72
12236.96
26320.14
27813.24
19724.28
10228.74
40043.60
77020.31
47956.32
6041.50
53474.26
46650.40
46801.60
17659.85
43894.40
13048.42
62116.50
68244.68
54108.28
57966.04
29326.72
31691.66
44867.88
5353.72
5926.40
7147.48
87900.12
30824.88
82794.94
25452.00
33569.28
48450.87
91295.52
48042.68
11034.10
28140.90
42545.56
40700.52
17803.44
31493.80
70574.73
55982.90
78515.04
47480.66
31008.25
19896.30
49189.14
23737.46
55994.88
5510.79
6108.60
1228.32
55074.88
2076.26
62767.50
10739.28
37474.80
24117.84
51085.35
37199.00
88443.00
47299.50
37961.60
61745.60
52855.50
60991.68
33911.00
18800.10
3477.66
60717.69
6523.08
33684.34
17711.98
17136.90
68399.24
1676.77
10924.55
8093.75
33677.46
27507.48
62386.00
9460.40
63489.26
34445.74
83794.89
34048.08
26713.05
68634.15
28106.82
3445.62
39627.70
39002.40
44892.10
49904.50
56541.52
8324.96
53167.34
58382.88
9120.00
84218.36
31227.81
36046.36
9558.15
33708.00
55895.40
42605.50
34460.66
70976.49
32963.56
4930.40
30020.76
9929.57
24348.61
56076.48
69862.53
10241.10
51158.08
46993.45
48352.50
46162.16
34663.12
72235.85
70224.50
53546.10
51435.45
6587.21
44921.52
13624.50
11688.32
68952.96
5497.88
61444.80
27029.28
29611.11
84328.20
81725.01
24625.95
37781.44
51798.72
19325.09
50832.21
12483.40
4405.68
3405.69
26888.60
53985.24
50655.00
40976.28
2298.48
16127.10
31417.32
65447.82
82063.24
46389.35
3804.16
7592.32
11195.92
11556.32
69457.99
25051.14
68967.50
29074.08
24966.80
51414.30
19220.28
57881.25
46487.29
54453.60
91677.04
41193.50
10081.89
75216.96
29481.75
24181.74
41062.89
13108.95
42112.46
16745.88
10000.80
48225.15
29984.16
62670.23
51334.80
46409.78
19685.12
36739.17
17734.20
35238.08
39472.29
3477.75
6422.76
3924.28
52429.86
3144.42
24492.78
53371.50
41326.74
36734.88
14445.60
27837.28
20938.12
31405.44
35708.40
72877.50
6502.88
57661.60
34572.72
16112.40
46336.58
3117.30
16794.36
36029.84
68075.28
2953.14
37364.04
4535.00
22199.52
13994.90
9844.38
29111.00
34686.74
53141.50
1777.87
64193.40
3749.94
59010.21
40784.10
1516.61
50067.38
2901.18
33561.00
17568.72
66057.81
12746.37
32794.60
30945.49
53817.60
54809.42
42745.85
27381.90
22155.98
48953.50
16880.93
28049.40
11765.39
22318.53
27921.64
64955.80
87360.63
90863.04
52240.30
49268.16
