291238
291238
291238
291238
291239
291239
291264
291264
291265
291265
291265
291265
291265
291265
291265
291266
291266
291267
291267
291267
291267
291267
291267
291268
291269
291269
291269
291270
291270
291270
291270
291270
291271
291271
291271
291271
291271
291296
291297
291297
291297
291297
291298
291298
291298
291298
291298
291298
291299
291299
291299
291299
291300
291300
291300
291301
291301
291301
291301
291302
291302
291302
291302
291302
291303
291303
291303
291328
291328
291328
291328
291328
291328
291329
291329
291329
291329
291330
291330
291330
291330
291330
291331
291331
291331
291331
291331
291331
291331
291332
291332
291332
291332
291332
291333
291334
291335
291335
291335
291335
291335
291335
291360
291360
291360
291360
291360
291360
291361
291361
291361
291361
291361
291362
291362
291362
291362
291362
291362
291362
291363
291363
291363
291363
291363
291363
291363
291364
291364
291364
291364
291365
291365
291365
291365
291365
291365
291365
291366
291366
291366
291366
291366
291366
291367
291367
291367
291392
291392
291392
291393
291393
291393
291393
291393
291393
291393
291394
291394
291394
291394
291394
291394
291395
291396
291396
291396
291397
291397
291398
291398
291398
291398
291398
291399
291424
291424
291424
291424
291425
291425
291426
291426
291427
291428
291428
291428
291428
291428
291428
291429
291430
291430
291430
291430
291431
291431
291431
291431
291431
291431
291456
291456
291457
291457
291457
291457
291458
291459
291459
291459
291459
291459
291460
291460
291460
291460
291460
291461
291461
291461
291462
291462
291462
291463
291463
291463
291463
291463
291463
291488
291488
291488
291488
291489
291489
291489
291489
291490
291490
291490
291490
291490
291491
291491
291491
291491
291491
291492
291492
291493
291493
291493
291493
291494
291494
291494
291495
291495
291495
291495
291495
291520
291520
291520
291520
291520
291520
291521
291522
291522
291522
291522
291523
291523
291523
291523
291523
291523
291524
291524
291524
291524
291525
291525
291525
291525
291525
291525
291526
291526
291526
291526
291527
291527
291527
291552
291552
291552
291552
291552
291553
291553
291553
291553
291554
291555
291555
291555
291555
291555
291556
291556
291556
291556
291556
291556
291557
291557
291557
291557
291557
291557
291558
291558
291558
291558
291558
291559
291559
291559
291559
291584
291584
291584
291585
291585
291586
291586
291586
291586
291586
291586
291586
291587
291587
291587
291587
291587
291587
291587
291588
291588
291588
291589
291589
291589
291589
291589
291590
291590
291590
291590
291590
291591
291591
291591
291591
291591
291616
291616
291616
291616
291616
291616
291616
291617
291617
291617
291618
291618
291618
291618
291619
291619
291619
291619
291619
291620
291620
291620
291620
291620
291620
291620
291621
291621
291621
291621
291622
291622
291622
291622
291622
291622
291623
291623
291623
291623
291623
291648
291648
291648
291648
291648
291648
291648
291649
291649
291649
291649
291649
291650
291650
291650
291650
291650
291650
291650
291651
291651
291651
291651
291651
291651
291652
291652
291652
291653
291653
291654
291654
291654
291654
291655
291680
291680
291680
291680
291681
291681
291681
291681
291682
291682
291682
291682
291683
291683
291684
291684
291684
291685
291685
291685
291685
291685
291686
291687
291687
291687
291687
291687
291687
291712
291712
291713
291713
291714
291714
291714
291714
291714
291715
291716
291716
291716
291716
291717
291717
291717
291717
291717
291718
291719
291744
291744
291744
291744
291745
291745
291745
291745
291745
291745
291745
291746
291746
291746
291746
291746
291746
291746
291747
291747
291747
291747
291747
291748
291748
291748
291748
291748
291749
291749
291749
291749
291749
291749
291749
291750
291750
291750
291750
291751
291751
291751
291751
291776
291776
291776
291776
291776
291776
291776
291777
291777
291777
291777
291777
291777
291777
291778
291778
291778
291778
291778
291779
291779
291779
291779
291780
291780
291780
291780
291780
291781
291781
291781
291781
291781
291781
291782
291782
291782
291782
291783
291783
291783
291808
291808
291808
291808
291808
291808
291809
291809
291809
291809
291810
291810
291810
291810
291811
291812
291812
291813
291813
291813
291813
291813
291814
291814
291814
291814
291814
291814
291815
291815
291815
291815
291815
291815
291815
291840
291840
291840
291840
291840
291840
291840
291841
291841
291841
291842
291842
291842
291842
291843
291843
291843
291843
291843
291844
291844
291844
291844
291845
291845
291845
291846
291846
291847
291847
291847
291847
291872
291872
291872
291872
291872
291872
291873
291873
291873
291873
291873
291873
291873
291874
291875
291876
291877
291877
291877
291877
291878
291879
291879
291879
291879
291879
291879
291904
291904
291904
291905
291905
291905
291905
291905
291906
291906
291906
291907
291907
291907
291907
291907
291907
291908
291908
291908
291908
291908
291909
291909
291909
291909
291910
291910
291911
291911
291911
291911
291936
291936
291936
291936
291936
291936
291936
291937
291937
291937
291937
291937
291937
291938
291939
291939
291940
291940
291940
291940
291940
291940
291940
291941
291941
291941
291941
291941
291941
291941
291942
291943
291968
291968
291968
291968
291968
291968
291969
291969
291969
291969
291969
291969
291970
291970
291970
291970
291970
291970
291971
291971
291971
291971
291971
291971
291971
291972
291973
291974
291974
291974
291974
291975
291975
291975
292000
292000
292000
292000
292001
292001
292001
292001
292001
292001
292002
292002
292002
292003
292003
292003
292003
292003
292003
292004
292004
292004
292004
292004
292004
292005
292005
292005
292005
292005
292005
292006
292006
292007
292007
292007
292007
292007
292007
292007
292032
292032
292032
292032
292032
292032
292033
292033
292033
292033
292033
292033
292033
292034
292034
292034
292034
292035
292035
292035
292035
292035
292036
292036
292036
292036
292036
292036
292037
292037
292037
292037
292037
292038
292038
292038
292038
292039
292039
292039
292064
292064
292064
292065
292065
292065
292065
292065
292065
292065
292066
292066
292066
292066
292066
292066
292066
292067
292068
292068
292068
292068
292068
292068
292069
292069
292069
292069
292069
292069
292069
292070
292070
292070
292070
292070
292070
292071
292071
292096
292096
292096
292096
292097
292097
292098
292099
292099
292099
292099
292099
292099
292099
292100
292100
292100
292100
292101
292102
292102
292102
292102
292102
292102
292103
292103
292128
292128
292128
292128
292128
292128
292128
292129
292129
292129
292129
292129
292129
292130
292130
292130
292130
292130
292130
292130
292131
292131
292131
292131
292131
292131
292131
292132
292132
292132
292133
292133
292133
292133
292133
292133
292133
292134
292134
292134
292134
292135
292160
292160
292160
292160
292160
292161
292161
292161
292161
292161
292161
292161
292162
292162
292162
292162
292163
292163
292163
292163
292164
292164
292164
292165
292165
292165
292165
292166
292167
292167
292167
292167
292167
292167
292167
292192
292192
292193
292193
292193
292193
