22725.61
63317.62
22518.61
67231.30
15211.65
11946.78
79684.00
10271.20
2849.02
24271.92
34764.96
69902.06
67901.40
5237.49
29218.59
17098.00
48937.24
58671.98
6126.66
9019.45
46690.40
11649.51
29792.96
18500.40
27728.61
44760.76
33515.20
10018.80
36933.26
11276.00
12469.23
5686.15
45732.96
76431.00
12974.04
20476.26
44007.25
21297.32
20405.58
27437.76
70621.73
72676.40
36447.59
9844.38
82886.88
38664.64
9631.53
44040.41
53977.60
41369.08
11692.60
60112.32
22025.75
11786.46
49994.01
5699.97
53517.60
2762.96
47191.68
40723.50
18180.00
13398.70
67678.92
86947.18
50110.65
69937.39
6781.32
19020.71
25136.64
17918.80
48291.48
44346.30
46273.68
44737.44
35631.96
81400.50
47581.17
20856.66
23851.65
80739.26
6567.05
53619.26
34732.38
65682.03
4416.80
4093.35
76017.55
4945.32
35537.75
18583.88
31573.25
17746.38
69966.26
39132.00
29632.32
2746.92
6475.14
33362.28
20947.35
1410.50
56219.67
31113.18
16978.56
58484.01
23783.06
19929.00
49503.74
41126.69
53697.24
9174.60
24953.88
74198.00
56825.18
57516.84
8278.70
10931.68
69463.35
39516.50
5651.94
43653.84
39947.86
67710.81
9574.14
4172.52
17223.60
73397.20
46556.60
2080.26
56219.40
34851.18
70163.96
62306.00
1577.67
29233.97
18578.16
31041.92
29389.94
22566.14
88593.00
44218.44
69609.93
20542.23
87692.00
37924.32
7400.05
4048.44
37373.70
8374.03
3427.62
18312.36
39312.30
5269.64
58859.98
42678.36
15626.80
84568.80
28956.25
25441.86
10676.52
23076.48
9505.35
25118.69
16217.10
70782.80
63003.60
4423.71
41694.00
35633.62
32355.20
68114.41
60688.80
13298.40
85488.77
26572.56
73670.22
37659.82
15735.72
13625.82
31009.00
1346.43
36562.64
36795.96
23150.50
34598.16
37389.90
36078.00
81229.75
35193.18
59373.45
45094.05
69865.92
42732.85
35919.84
9652.20
23281.44
50713.72
19127.02
71233.20
31934.80
38782.92
60481.58
18611.88
14733.73
33047.84
40653.40
2206.38
4510.80
47351.50
43337.19
77612.59
7768.25
63793.26
25857.16
54307.04
25173.28
34411.40
71895.62
41324.80
10087.11
43104.88
58417.56
29951.62
47559.06
67210.56
17404.19
43908.28
43211.08
15065.90
13197.92
3707.88
35840.22
7147.48
45759.00
1673.76
5866.24
21988.92
68052.16
29219.77
6322.68
7976.72
16847.70
28390.20
14289.47
45370.62
19460.52
36641.43
22087.38
22088.55
85040.00
50609.46
75530.00
10442.25
43145.50
60123.80
33608.34
50903.40
19592.64
15664.80
22201.40
20812.68
13920.30
66988.68
65558.23
47731.60
3633.82
72778.44
28695.45
61545.20
46051.17
56219.40
49114.65
26786.39
64482.37
5365.72
21654.75
59001.45
57120.48
76267.80
29203.02
10799.34
940.03
29513.24
12901.60
20724.66
9705.36
64299.71
26501.52
40666.08
9748.53
39822.60
84789.50
66324.30
67422.44
68967.90
22679.84
77067.06
54547.22
54781.09
35929.22
6150.52
57871.50
16127.00
10069.71
48227.07
1305.39
7498.12
15416.39
44155.69
43691.11
85889.16
33243.84
24190.50
5982.54
10371.30
11099.64
49729.68
29190.96
31586.22
75980.08
14407.12
59066.28
68624.60
30513.30
23784.99
8312.88
70925.50
4484.84
29425.51
59703.20
59354.64
62065.60
27516.96
46551.96
42970.62
65849.92
15895.51
50934.80
35813.07
18906.91
45040.47
30300.43
37901.82
44615.88
73125.28
85094.10
31499.98
8303.96
44510.16
6018.36
25648.28
2847.12
7219.80
19130.40
16577.40
1320.41
18752.89
44417.10
30869.28
18560.34
25044.32
79767.60
76580.55
57588.84
89764.57
32308.32
5561.00
26001.72
35318.10
48218.49
45071.60
11285.82
47108.16
9504.95
58406.48
24536.22
28743.26
18400.36
13181.04
13085.84
27726.00
40315.55
58581.94
50428.32
46715.40
24460.03
26106.60
54668.48
36641.43
33155.19
73056.67
16217.10
42594.62
5481.84
33298.96
25984.28
44446.75
20838.00
49993.68
56417.21
29333.51
44003.96
81460.02
35884.80
57709.92
35137.80
40574.10
35330.99
5270.55
49959.00
34773.18
38340.75
1894.99
9104.55
15395.51
22643.76
8715.24
37391.33
68090.75
43738.53
7393.05
31785.48
1230.32
27376.44
62072.22
31078.87
21246.54
74853.38
1560.65
18704.34
39233.52
49322.91
75440.16
59639.80
10444.98
71781.24
1831.92
46187.30
40602.90
45002.52
23604.46
30088.50
25164.09
57211.20
32647.34
16257.10
1759.85
19300.80
42445.44
15304.38
51266.25
75501.55
32124.82
58389.51
21638.10
63602.88
1892.99
61646.13
29372.10
26637.90
7920.64
34334.30
35297.20
51354.00
21121.10
65902.66
38506.65
39289.14
67423.98
39016.25
73769.74
22035.15
59198.04
37699.04
58705.92
12541.56
23851.96
76464.52
1468.56
50304.01
51589.02
54408.50
49590.36
12533.40
55146.96
48436.70
57282.18
15019.95
57120.12
44392.76
38416.82
7583.05
16767.70
16860.06
36900.60
73677.20
73619.28
3345.60
61774.94
76856.64
61184.80
49161.90
24764.67
16858.82
52886.70
63412.24
47189.45
4925.35
24314.40
3565.74
75138.43
2722.90
81781.92
53582.76
19567.57
69072.80
45814.95
73822.83
43743.99
2887.06
73117.00
40602.72
75044.43
10355.04
36272.28
29607.00
24977.25
59151.53
39458.37
37644.56
50549.44
69959.25
42014.01
14271.29
45489.51
54861.22
6482.14
62576.74
24570.08
50901.48
71468.67
30208.96
37713.79
49827.05
32110.98
41274.45
3701.88
22643.76
82553.73
45929.20
24268.22
50483.40
42187.60
11009.79
52892.70
44737.49
70586.88
38266.48
35089.26
63363.69
22200.24
5036.31
82407.22
2192.38
33245.70
41236.84
17028.45
29202.77
53721.33
39693.63
29525.19
68651.64
71874.27
11192.10
30739.02
56633.31
10661.60
26002.62
46336.58
32904.00
38171.10
11082.00
36768.60
35438.10
13690.82
16487.85
17659.26
31934.63
18571.56
39716.86
9722.48
29405.16
70224.50
9496.02
41003.40
66333.52
19385.70
62856.30
50213.13
56134.26
2694.88
44314.76
3241.42
12498.53
49153.65
31141.60
53060.70
37661.04
47325.22
75180.00
56660.40
37372.68
44196.25
35377.20
45027.32
45022.25
6190.56
48358.70
19610.28
68003.41
51324.00
53923.05
45632.84
12360.95
18890.25
38520.82
1086.18
4817.07
45372.60
73136.42
12293.20
27644.40
81096.71
22552.66
1041.13
35447.85
17043.30
30566.55
33243.56
25569.50
1522.62
11992.90
15576.40
53923.05
80364.15
45929.60
73514.22
49605.20
61616.50
41002.47
38409.28
37192.00
72409.61
20535.71
59864.00
78877.80
37560.32
31743.60
51765.78
10964.79
12766.91
60916.68
29619.98
18145.80
38366.65
16874.73
46209.60
46712.40
71259.84
13685.58
32375.10
81085.05
59565.92
2981.16
40706.78
20930.00
22343.94
35484.85
38345.76
25739.20
27830.00
48910.02
7049.63
13630.32
63697.62
51410.76
19507.67
6384.90
5246.52
22760.08
74313.89
66895.65
51655.68
40699.89
29567.98
16625.64
47290.88
46100.72
59968.32
61337.78
12443.42
4739.01
7037.50
66742.20
48161.34
27675.90
20271.60
29282.10
28688.59
53831.96
73123.83
6853.49
33781.37
7928.40
72893.28
9976.50
59714.00
53508.00
18191.14
5568.12
20455.26
8233.65
11613.42
20967.10
44508.60
22751.88
53565.33
22746.57
17256.46
13541.31
42111.16
60049.07
61336.75
44004.81
46480.50
4408.76
2536.70
1430.52
15344.80
56183.40
83945.86
1972.16
33835.60
43214.74
52484.87
7423.80
44898.02
43262.54
51883.44
28902.60
25465.60
44898.02
69217.10
15786.70
57526.65
26957.28
31040.47
18769.60
16133.68
28142.80
52972.80
4693.08
15187.38
24326.20
39857.79
5521.88
47781.60
4745.12
19846.06
25002.32
61168.17
27326.70
21083.00
34757.76
3389.56
48739.68
5556.12
48726.81
24894.27
9333.90
52624.77
10275.04
2408.58
61841.13
37943.60
28401.24
44507.40
55916.77
23670.92
67435.28
38290.75
54525.46
46059.88
29269.24
11580.32
57898.23
12701.36
33060.50
54321.76
65583.07
20884.50
51495.99
30152.40
25507.20
33966.40
78322.56
36438.92
30513.30
3051.24
20813.27
68191.60
998.08
47883.53
77961.84
48958.65
70679.70
44657.40
65252.88
53777.60
36360.28
60895.68
25803.20
70225.00
38191.30
27555.00
44532.98
47524.75
46118.16
55129.92
45840.64
68510.20
27943.41
33706.75
58484.01
32001.66
48907.77
36602.72
34099.34
59541.48
29246.72
21083.00
7207.56
40683.78
54688.95
9439.85
1532.62
90767.04
60833.28
9532.35
2987.16
65798.95
61804.80
54885.96
39133.16
4910.19
25254.86
19853.90
48912.15
11218.83
48753.00
63941.85
46697.28
42634.20
12259.52
75108.72
10395.12
15316.11
31091.97
47480.60
48321.64
13160.42
58212.50
52346.70
27532.96
52706.55
1739.83
81597.56
913.00
32146.32
35919.39
58342.51
34932.80
46879.50
21639.04
13298.40
18139.10
29931.77
25091.40
42138.46
23860.62
40223.87
34708.74
24770.88
39597.12
49041.90
5910.48
17098.48
62114.79
25975.35
36351.44
66341.92
34818.74
40687.92
47786.18
15332.52
61973.01
1327.42
71661.44
81475.24
17271.00
4760.20
70156.32
26572.00
66571.00
5742.08
23920.26
56886.27
81425.75
25182.98
10643.16
13861.26
4840.25
57050.68
6420.96
51571.08
73675.91
31462.02
49221.90
40281.09
6763.32
23370.53
69336.93
2662.84
71781.24
84074.20
41511.96
23060.18
38498.18
64117.62
41107.20
73953.74
12577.41
33094.77
30057.50
9424.85
35213.15
50894.80
65470.00
77868.70
55036.80
34737.00
6030.54
13388.22
45156.02
38948.91
5562.12
27609.16
6574.92
16923.30
63547.20
25212.37
35067.82
38254.23
50583.63
67121.55
65048.40
32457.09
22942.22
21334.86
53081.35
76549.84
43243.20
32735.00
76026.50
37364.04
29326.29
16027.83
4339.62
48840.30
12116.39
37889.04
59189.45
42044.25
43869.84
46217.01
74463.30
57381.39
62387.91
72827.00
8103.60
15095.84
86683.20
22850.00
53779.73
49087.15
35588.10
34003.06
29595.16
5894.28
8217.00
22347.15
