14
50
30
1
43
40
27
31
20
32
30
1
6
44
24
6
1
40
16
20
50
35
39
49
19
30
13
48
43
26
17
30
4
24
10
47
2
13
4
10
40
29
49
45
29
11
11
32
20
36
12
33
13
45
18
23
13
34
43
9
3
16
15
17
18
48
31
17
41
50
14
31
48
48
14
25
33
3
28
48
36
31
50
49
47
47
8
50
5
45
9
1
6
8
9
32
28
4
25
26
20
11
30
21
33
50
4
6
40
18
34
23
46
43
26
29
22
30
27
10
45
21
6
38
3
10
34
16
26
22
41
5
40
31
28
29
21
49
16
38
31
48
19
23
19
49
22
13
50
23
4
12
31
7
28
25
43
19
47
48
18
26
27
24
50
28
35
47
19
12
21
15
41
34
45
36
38
33
30
24
36
23
47
34
8
35
50
42
47
18
5
19
20
35
37
49
39
26
19
6
34
6
13
15
8
47
46
50
31
2
2
35
25
12
47
27
30
36
34
48
4
27
24
34
43
47
4
46
47
7
2
20
49
37
15
21
31
41
47
27
7
11
45
40
14
49
19
50
40
14
22
34
26
5
47
26
31
43
49
16
7
27
37
40
8
9
20
50
7
6
34
15
3
45
37
7
7
25
32
39
48
36
17
20
47
42
35
23
9
48
8
39
40
35
38
5
2
3
15
3
11
42
28
25
28
17
16
39
23
10
45
47
40
6
37
42
23
16
50
44
4
19
7
13
38
36
12
31
19
5
49
11
30
26
20
26
6
39
34
3
8
22
44
1
36
37
37
38
19
41
50
5
48
48
38
42
12
24
18
49
48
33
4
50
2
33
7
16
12
36
16
5
17
23
15
39
32
4
40
34
43
17
27
12
1
41
4
10
50
26
6
12
4
33
27
37
19
29
16
38
49
40
23
9
32
49
50
19
30
13
42
7
12
11
25
7
38
28
4
1
50
18
48
19
50
8
40
16
50
17
26
39
5
47
3
6
29
30
32
27
41
38
40
3
7
44
4
34
42
46
37
25
7
11
6
17
12
36
26
3
9
23
45
28
25
12
30
45
20
3
16
12
6
23
22
7
15
9
10
20
45
3
3
6
34
38
32
26
13
42
8
38
11
9
32
49
37
48
50
25
9
30
18
30
14
3
5
40
28
33
7
21
13
9
33
47
44
20
29
16
41
35
42
14
9
2
10
46
41
38
28
24
28
25
10
46
47
47
48
29
25
20
15
43
12
20
27
31
5
3
30
19
33
43
48
21
49
18
27
9
46
3
21
43
19
4
38
2
45
31
26
39
9
30
11
14
20
47
45
42
16
50
11
1
40
38
39
32
22
39
26
19
45
8
17
11
46
12
30
50
36
10
12
4
21
43
6
30
15
40
49
39
46
11
32
25
43
14
16
33
25
31
36
16
11
39
49
21
8
31
21
42
11
2
47
21
9
8
18
1
41
31
19
12
36
17
46
30
1
17
47
24
1
12
21
1
12
15
6
7
41
17
38
28
18
50
5
47
37
23
25
14
4
28
12
3
45
25
27
15
1
5
15
43
43
45
48
19
20
43
41
22
3
28
37
30
25
2
20
36
36
37
47
50
9
9
45
46
15
47
3
40
43
48
40
28
10
26
41
41
15
18
35
19
13
7
20
31
4
28
50
46
23
33
13
16
11
49
42
5
3
24
48
29
18
47
36
7
28
34
9
12
36
32
21
8
3
5
15
47
11
18
45
3
33
38
39
18
42
35
46
11
11
49
7
5
42
19
15
23
40
32
43
16
4
31
31
9
41
25
3
31
10
34
11
17
28
44
36
28
28
45
39
30
29
34
2
15
23
49
11
40
18
14
47
25
34
13
25
7
28
33
30
34
31
36
16
4
21
23
26
43
46
30
6
6
36
2
10
48
27
27
2
20
20
27
15
21
12
2
37
1
44
50
17
33
39
37
33
6
25
46
9
20
49
48
12
18
30
8
8
27
32
7
38
50
17
37
8
1
45
4
43
42
38
16
7
46
31
30
39
23
7
41
31
33
41
30
9
18
10
5
19
50
25
9
25
39
25
15
47
18
27
25
33
47
21
10
46
5
34
38
11
17
2
27
44
26
38
3
44
34
34
9
30
11
42
24
35
11
14
48
39
25
40
3
9
24
42
18
25
10
46
43
46
2
37
24
11
13
12
35
41
50
45
36
39
38
36
39
41
19
40
7
34
33
24
42
16
23
46
38
20
13
41
21
25
10
10
27
32
40
14
24
23
24
14
20
49
44
