9664
1167
5810
4280
2228
5995
6837
1160
3623
1340
8373
2992
3833
8240
7350
6216
9069
8257
1074
5903
4966
1882
2190
4610
5810
9737
5106
3611
5023
5512
5077
3760
1675
5261
5976
8819
9626
3439
9868
587
6732
9324
7614
7664
5503
7167
5294
6289
9039
1135
4070
154
3171
9793
8386
9442
3409
5047
6010
9558
2282
5294
8285
9189
8561
8969
8346
750
513
9996
6628
999
3451
3224
8773
3259
9325
8268
8740
3006
6007
3240
7896
7363
6582
5655
9440
3608
3597
599
3961
1824
2653
765
4874
2228
8320
1261
328
7616
5293
1437
3847
1173
8662
5126
6994
4115
6833
1919
7543
9746
8305
8682
7599
6126
5204
1883
3795
7778
5612
7872
6484
4782
5447
1331
3770
8603
8716
5926
2418
2681
7671
3909
7607
199
3256
9554
590
6048
4221
351
7014
8841
6440
1978
3990
5397
1368
356
8705
7989
8453
271
541
7147
2133
5723
1700
201
8568
6924
8184
5321
3245
8596
3724
3888
7807
3192
7624
8822
9532
6789
1879
5240
2523
8131
4314
8734
8251
7460
5389
9639
2598
8173
4986
54
759
3098
7430
8444
3988
4968
2139
9758
6778
5468
6816
440
9915
9024
8282
2064
6935
2234
8930
9782
534
9689
7747
823
2012
9691
1974
1086
8099
3543
3127
5038
7291
9362
6301
9255
6829
2548
7366
8407
5717
1249
2654
7325
418
6575
5074
6215
433
959
7755
4430
3577
3047
3573
7073
4501
7809
8318
8674
1178
2649
2474
5865
3527
6066
2644
6014
1089
9964
7441
2075
3981
8508
1852
9765
6727
2182
4516
373
4977
3749
5067
6174
9254
9728
2750
1706
7181
7453
2681
8982
9912
7407
5633
7098
9413
3717
2554
8051
6943
1343
1683
8199
9746
9685
9435
2554
2057
7243
2970
5355
5513
9060
9656
7306
6977
9873
6413
4381
1523
4081
2336
7965
6625
8728
1223
4007
3719
2281
1090
3206
6614
9434
7274
498
5671
579
5270
5911
6079
5721
8612
550
6370
2363
8163
1421
7129
3681
33
2172
5013
8471
9062
8875
3907
8399
1114
1574
2630
9706
6736
3870
3331
4182
2178
3375
9991
638
2289
1801
8919
1776
358
5335
3206
1634
9832
944
2040
2671
5078
8912
366
7071
9649
2248
3345
4874
1369
6786
3353
7664
506
4236
9509
5946
8663
5969
1381
4589
8738
8897
5888
3263
5379
5547
4557
5264
4155
4642
308
8432
3461
3904
8735
9244
3971
3904
7900
1405
2641
9389
5239
2903
9833
9987
356
8236
1507
1269
6351
8995
7433
9048
1996
8390
5642
9736
6895
2278
9667
5576
1229
4528
8203
5632
6608
8739
6086
3895
4081
7245
526
9028
457
2453
2072
8131
5197
7504
5012
4208
2226
920
671
4115
8623
6718
9144
5512
1511
3880
2940
2727
7806
536
5486
7121
6450
7263
8430
7591
9440
5044
258
3340
2574
765
5455
747
19
7312
6245
4179
9671
6925
1545
2686
9983
2342
4651
3715
642
9637
5663
3775
2935
555
8186
2345
1164
8192
6988
2948
6991
5693
3557
838
6325
653
9727
6560
529
5710
3826
2506
8653
9771
3568
295
1859
2164
235
5674
1630
5248
1909
4029
9676
2541
2379
8916
1202
5580
8443
3084
670
9893
56
8271
6607
1168
4021
7151
8781
9916
1690
9577
8679
1126
9570
6625
4809
1604
3436
376
9473
8991
3359
4889
1658
7913
3999
9269
3943
8145
8659
3278
9193
2730
9358
7550
5467
7356
6532
3036
1788
7114
9576
3711
7435
9184
2142
133
3169
8301
1918
2806
5870
755
2117
9706
2165
9005
7245
1202
9511
4145
9286
6468
1644
5532
5572
5701
6196
9667
3753
5349
8095
4541
4730
3821
9196
2331
3447
622
2288
4018
5898
1707
8692
8271
6802
975
7957
226
3418
964
6728
1965
8754
8837
2839
7521
5759
1467
637
1690
4560
1753
9584
3182
1868
9851
2006
8613
8752
4327
2557
6185
8877
8929
3353
1671
3220
7736
7149
5514
6315
9242
8160
8332
8879
9510
4516
4728
8085
3186
5314
6443
1396
5188
5838
10000
8948
3343
3078
689
4380
1889
7505
2140
3342
910
7900
5255
21
5079
7760
1365
1560
7696
7034
5241
773
6391
3204
7284
2365
3437
125
7982
793
7586
2223
5080
9023
8130
9629
4580
4683
6140
3532
8457
3549
6966
5527
9804
4650
8815
2947
5519
5368
4025
1734
9104
5598
2192
5979
5271
4491
9887
541
7725
2568
857
2838
1954
5471
3794
9436
5216
1000
1734
8632
5965
564
2549
8973
4209
8634
1540
6372
3648
2288
9549
8422
4363
3531
4030
7322
4786
4615
243
7303
4611
6887
8571
7276
4105
1525
7033
9486
581
1937
4904
6001
9816
7399
1193
4163
9709
901
173
6228
7324
1414
3302
4276
4138
5923
3310
9925
6544
4049
4991
1514
2849
5451
1924
609
529
8508
4721
1605
4970
3747
1994
6689
5902
2676
6556
8771
9951
6068
5411
7932
5424
8724
5050
9552
6713
3851
1985
9098
2598
2839
2776
2135
9040
2593
7085
3231
8826
1912
9018
182
6619
3999
517
4253
1761
1561
6417
6221
4543
2996
3754
4106
2369
9517
8662
7282
6236
1713
2880
5261
2508
6220
9046
4451
7276
3232
5670
8440
4730
4341
2560
3665
2157
268
2605
2141
2203
3338
2543
6817
2237
6601
3549
7267
2250
9108
3780
9611
2049
706
8173
9361
4233
7471
3816
1879
8113
5762
4875
5755
3272
9313
595
4236
5396
8093
6182
1369
4603
6719
5946
1057
4123
581
5903
3800
8766
6664
9041
9110
4532
6901
8806
7889
2195
375
1568
2671
861
9441
9181
9817
8758
447
8061
1120
6599
5562
9542
6017
1972
4209
5195
3835
3118
9726
884
6393
5582
3852
687
6875
3377
2488
3765
1778
2885
6905
9373
8275
3228
8743
5284
7363
9697
6362
4106
3080
9725
239
6573
6891
3601
7383
5818
3949
3757
571
6145
6829
2770
5147
2262
3862
3671
6552
1661
1020
1046
9761
315
3312
884
6626
9354
3134
8428
6718
5968
581
517
2647
8891
