320
99
309
384
460
38
201
334
412
196
73
127
211
378
87
1
336
320
218
373
417
354
382
281
227
149
255
284
309
449
333
356
59
92
457
466
87
92
43
259
435
443
301
56
147
69
105
350
403
441
117
414
427
460
300
107
236
106
325
430
262
69
8
224
26
156
136
361
89
426
54
89
424
342
247
469
267
260
367
182
297
132
468
355
299
106
491
367
132
422
22
28
275
324
87
188
23
47
205
368
250
377
359
46
428
337
335
319
248
279
22
130
140
421
96
109
280
470
388
67
298
23
493
218
89
238
284
62
25
23
105
46
123
165
158
47
438
327
466
7
311
147
340
110
477
482
441
259
172
150
140
233
128
384
132
237
213
180
368
361
16
107
71
393
161
309
10
467
486
199
175
456
103
355
103
83
437
220
4
296
206
205
370
341
279
220
159
377
310
147
163
315
337
414
155
337
364
246
19
165
87
436
48
103
205
399
41
381
4
402
377
135
321
76
374
123
379
234
260
147
55
15
86
238
495
183
58
22
351
349
78
262
15
372
193
337
360
41
231
348
75
154
40
275
146
419
8
55
477
274
263
191
295
322
379
66
423
313
255
85
88
430
487
128
124
157
282
175
373
62
288
62
180
171
6
453
123
332
116
173
255
315
447
1
194
264
392
118
321
448
333
265
476
48
168
470
377
134
132
321
288
274
297
68
169
292
252
50
125
64
168
344
294
363
130
226
22
171
429
176
321
205
191
325
430
376
304
305
153
276
286
66
143
270
123
112
349
234
376
331
338
184
131
269
70
204
35
201
140
163
285
9
225
495
495
198
125
132
206
302
164
500
370
418
361
451
199
430
155
385
86
456
165
407
134
102
94
273
27
81
52
280
326
284
357
426
156
136
124
250
482
400
337
81
253
239
446
234
429
52
258
394
485
348
128
305
135
345
309
196
363
313
451
309
323
139
30
224
451
453
329
268
110
189
208
98
141
159
394
123
390
374
186
275
63
88
317
83
490
200
359
230
38
136
218
358
440
84
399
345
109
428
242
342
161
235
212
8
127
310
160
340
111
368
130
210
190
174
465
471
182
84
293
380
393
105
218
81
209
379
141
457
318
20
492
353
281
434
77
194
176
224
340
129
338
359
442
59
339
200
138
481
405
20
184
53
313
173
23
280
312
222
221
167
198
118
177
194
339
345
399
286
93
355
403
431
317
187
456
206
199
427
39
388
268
416
324
397
233
388
419
444
41
497
460
125
60
209
403
14
233
474
177
391
56
143
348
316
251
238
75
127
417
249
488
382
447
77
130
101
91
10
26
394
254
180
216
403
475
12
92
193
153
164
383
399
189
292
237
229
295
322
336
39
33
184
48
283
219
127
294
81
164
246
396
183
233
458
227
356
78
199
367
226
388
435
108
478
154
457
225
388
16
368
456
48
146
261
489
246
343
497
311
349
492
292
299
461
259
94
173
165
152
60
335
233
204
16
130
186
327
384
8
1
259
61
402
366
425
233
53
473
490
293
132
174
131
465
449
305
246
199
64
58
469
165
374
117
306
165
14
462
352
398
468
284
180
433
116
448
272
422
467
12
444
252
272
395
65
361
375
143
324
368
168
49
151
278
169
24
329
383
212
393
20
273
152
356
310
171
133
431
448
104
351
28
31
192
254
101
203
392
424
475
60
29
42
314
109
384
5
433
174
366
260
400
76
132
192
42
79
247
165
37
34
142
352
67
304
309
208
157
171
78
135
337
394
10
362
306
169
403
323
474
373
271
369
383
90
450
255
469
354
39
413
397
91
74
218
492
316
465
302
28
179
113
15
293
442
485
262
459
256
222
328
79
452
270
183
153
85
313
269
297
190
35
106
412
466
197
403
233
332
151
371
96
385
58
399
463
21
481
221
16
326
484
136
137
433
132
337
434
255
296
338
63
346
280
325
138
264
5
324
42
55
131
426
292
483
168
51
28
214
105
395
481
364
124
158
180
185
431
54
386
359
214
498
382
75
258
373
379
295
381
318
497
269
298
287
83
221
265
210
315
108
377
102
381
201
210
272
316
427
490
64
426
498
264
378
149
140
330
264
206
166
470
84
499
279
173
61
352
318
214
378
59
435
206
24
11
418
143
344
362
136
455
96
14
460
42
77
221
287
454
465
65
317
165
203
16
183
457
389
466
53
195
195
233
410
385
201
96
283
280
47
363
354
134
99
147
344
199
275
26
444
184
349
275
358
436
211
113
277
10
218
174
4
119
460
418
476
463
74
467
342
214
477
157
474
163
