1198
5591
4673
7437
4655
5035
5575
1096
7817
7251
4240
8296
3128
3077
9753
1589
2432
2236
6355
4499
7604
5756
7431
5716
6316
5860
3714
736
1235
663
7129
7503
2012
6686
972
1571
968
501
2681
4588
5612
6267
8084
770
8109
9489
9823
3629
6102
9750
238
909
1900
4885
6663
4158
275
6780
3572
6372
4443
4980
9857
3417
3562
4703
7015
3259
2676
5950
747
5559
9981
4103
5709
9639
5312
2742
8562
523
9149
1689
8798
2798
4488
7608
1736
9385
8220
1042
929
6294
8889
9105
1824
6729
3098
3314
7460
4533
8159
4593
2322
30
606
4397
6385
1625
8902
7584
2302
4018
5709
824
559
8464
5915
2520
7550
7046
6642
7874
9254
7599
3193
9044
5912
630
9027
7323
9683
7888
6388
7749
6333
7102
9425
5620
3042
3516
9638
9395
6254
3883
8729
9445
7485
4326
6239
5920
9619
9796
1963
6585
3619
2198
3045
7998
7588
7392
1177
2436
5882
2139
1803
1770
8219
3767
1960
9537
2971
5003
5038
6152
4037
7947
676
7320
1411
23
5522
8437
5334
7537
2237
7116
7721
9584
2500
1037
9938
3034
9730
7063
6879
9195
5739
1498
9334
8615
7796
5048
9140
2707
8616
5445
6441
2706
4793
4719
3877
7110
4988
9803
591
9293
3734
9675
5888
2549
9655
2996
8559
870
2017
3103
4620
4130
8808
2038
4422
3458
3002
9650
5
1540
1837
9662
7702
3724
2823
7541
3370
3819
951
1304
4362
6093
2577
8439
7899
3538
2956
9559
5047
3728
602
5279
4086
9231
2819
9625
545
1657
4004
1882
7374
1245
1857
4406
8284
8048
5022
8755
2185
8476
1120
4258
4718
2654
8197
4251
4912
4179
863
8733
4163
1771
4995
6190
9561
3926
7618
810
8195
5197
1254
2659
55
9023
3218
2819
6722
6243
792
9768
4657
7807
2955
8332
4090
1383
3735
1918
4251
705
8001
8952
4412
8271
5938
8633
2434
6324
9936
4340
9013
9123
4232
3876
9525
1760
6095
4972
542
5066
7107
2585
510
5214
4856
134
3734
8428
1640
8159
8822
3366
815
4981
7862
6430
3052
3432
1564
2148
9610
8231
4141
8162
9662
1523
5432
9218
4842
5711
9138
2233
6268
2116
5324
8232
211
4325
6903
9231
5180
8743
2344
502
3029
8723
5913
5333
385
598
273
6052
9579
7682
3450
395
3434
8958
2613
3539
1978
4193
8886
989
9563
4045
2422
4636
6714
8318
6897
1577
9792
2202
5081
2275
3175
7663
684
2426
5032
2509
7033
5379
1021
5644
7312
5846
8906
9360
1633
3692
5412
8128
8464
4000
5769
8485
1005
9270
4592
5037
3041
5580
542
6010
3987
5222
3393
4675
8115
1738
2356
4037
7363
9272
4383
6606
6441
7758
3817
1950
9101
8693
5473
4229
1774
1959
740
5953
833
3593
216
6175
5535
9569
148
4668
9560
8686
6739
4649
6435
2750
6707
1193
5132
8844
2356
3660
443
904
5547
6855
8350
5992
9535
1961
4894
3438
2430
5273
5743
9015
6102
2389
3879
3105
5987
6790
7516
6102
3205
225
575
2945
8682
5764
2445
9808
1825
2643
2405
2236
6565
3436
5183
8097
3000
8280
7187
9868
7709
5569
9217
1450
4524
5054
4454
7757
6784
2318
9670
8017
6212
3492
6742
607
6308
6598
2889
4016
1993
3817
9252
2542
3931
5951
7494
9026
9387
1158
9799
759
6057
6606
2593
4865
4502
9675
6562
6939
8231
7148
2146
8370
4795
6780
4724
3772
9574
574
7756
8028
1137
2405
9863
6716
8602
2669
6408
4203
330
5890
5499
4774
6504
9580
9985
6525
3564
8766
961
1179
9427
1994
919
9064
8150
2398
4996
5506
2144
9064
3655
7314
5710
5837
1606
458
3084
2258
1541
5063
2560
9465
6349
3499
9434
9050
7121
5040
151
8018
5831
8598
6266
3744
5561
5952
5102
9095
5327
3068
4445
1122
7682
7855
7374
2850
6834
6838
358
8219
5637
5323
1660
4207
453
3588
1912
2712
8950
5352
6462
8609
9569
533
6850
5790
964
8970
5704
38
1995
6315
5418
9589
6679
319
2145
5731
5435
7264
1412
8936
533
3613
2289
7680
5661
1392
2967
4779
4126
9955
9662
7900
9665
736
7406
1805
9387
2458
418
5052
3593
1577
9678
9683
2798
3062
687
1704
6048
2345
7019
6162
5166
5869
4633
3655
8561
2812
2274
7027
3637
5559
2699
4540
8344
4702
6725
1005
9052
8169
1548
1251
7804
1697
1320
373
7651
330
5476
1096
1467
8013
7371
132
4870
7168
6002
8698
7047
3388
7742
8695
257
2883
8223
5749
1252
7905
722
2917
8199
6369
8277
8782
4908
9187
6962
7385
3114
1325
346
9218
2226
7798
1079
4685
6718
6214
6671
4429
7282
7816
8434
8253
7772
1964
7999
7885
463
1101
9108
7895
9109
3107
2309
4980
8671
703
9415
9289
637
1638
7067
9150
2214
9056
2456
4665
9659
3448
7168
7695
8136
3575
3090
812
916
4671
2383
6679
3740
5996
3261
7279
3525
1966
9651
9807
2319
4076
7767
1926
200
8900
4453
2952
3850
1972
6815
4133
9537
5512
9500
8118
5836
2449
9877
7582
2268
10000
4839
3606
1931
9348
1518
7426
270
2970
3545
6876
3825
3906
4265
7792
4310
2771
9627
6637
6246
8539
9721
934
5494
8261
8240
4294
5050
2314
9030
1124
5384
6837
6921
6703
8165
288
4585
9661
7437
5037
1748
8664
4311
6845
2335
9821
2571
5646
7690
1934
861
4682
6702
5319
2566
3098
2656
3817
569
1096
138
7936
5399
719
4986
7377
26
3514
6407
9724
5644
1630
1917
6881
7353
2525
5359
1345
1263
4397
8443
8130
1648
699
5882
8462
3412
4372
6285
7311
5710
2869
5258
6139
4021
3516
9670
4330
7782
7041
4326
27
4814
3653
7672
3828
9142
3071
2350
4076
9609
6143
104
4108
6938
2790
3989
846
7097
8980
1786
1721
3781
653
9507
1363
5538
4503
3090
1317
6942
4608
1133
2576
6310
291
6612
5301
9189
7033
7738
2726
9768
8819
4119
3230
1079
2351
