16
6
7
24
25
39
8
31
27
47
1
42
28
16
2
50
45
37
43
15
39
44
44
42
36
48
42
5
4
2
13
18
50
15
43
3
9
30
7
48
18
41
20
25
25
27
1
23
18
16
33
12
33
47
50
39
42
10
31
8
50
12
4
7
6
31
47
33
2
12
11
27
35
10
6
47
8
36
5
37
28
1
18
1
32
8
20
33
43
39
42
24
11
41
7
5
10
44
31
7
43
2
20
50
31
6
42
2
36
2
11
5
24
24
16
25
6
45
41
41
2
23
25
47
28
23
32
44
43
13
16
5
48
39
2
3
22
11
41
27
12
10
8
10
6
3
44
31
9
12
42
38
20
3
20
32
22
30
15
15
37
19
32
47
5
40
3
17
15
25
19
1
20
7
24
11
27
16
7
14
38
11
24
28
27
5
46
41
40
17
2
38
10
43
46
44
30
30
25
18
33
36
17
42
50
47
25
33
19
10
39
44
14
6
3
27
27
42
48
3
22
7
35
15
50
40
40
14
40
32
25
18
17
35
16
10
13
25
6
22
47
14
43
23
29
50
6
5
21
45
31
10
26
37
1
5
8
20
12
12
20
4
3
15
15
11
14
29
43
15
20
14
24
19
17
36
4
50
20
39
24
14
18
12
41
16
1
38
19
1
23
14
27
47
13
16
14
18
5
18
34
10
4
19
1
43
20
31
33
23
5
50
5
1
44
10
39
17
42
24
43
46
24
11
32
12
30
24
25
35
13
5
23
13
25
33
26
33
31
8
38
24
31
32
24
15
37
6
50
34
25
15
4
26
40
36
3
7
40
32
6
22
12
30
12
44
20
10
41
13
27
36
8
16
7
10
49
32
44
7
17
38
7
38
3
30
34
14
41
10
21
45
23
36
24
46
42
14
43
40
47
9
1
31
43
23
29
21
37
8
32
10
32
23
11
3
46
3
29
10
14
19
15
40
8
33
48
23
17
49
26
45
44
12
2
16
5
28
36
48
44
15
8
17
15
7
50
23
4
40
3
48
1
36
34
35
3
18
17
33
12
30
22
31
30
27
46
11
46
28
48
20
44
11
22
4
18
3
39
9
50
32
42
49
32
50
40
39
14
36
44
24
1
17
15
47
44
31
45
27
21
10
8
9
41
27
23
12
11
9
2
17
13
34
48
48
16
1
46
36
18
18
19
3
16
30
27
8
12
30
34
15
35
1
49
39
21
47
19
49
44
45
6
43
45
14
30
42
10
17
25
41
40
10
1
4
3
10
17
18
43
27
5
1
7
19
41
15
36
29
41
42
41
13
17
2
39
23
19
29
50
16
29
7
46
33
48
10
25
22
12
40
4
16
45
4
37
14
17
29
11
8
50
38
19
29
28
46
26
11
38
6
1
38
19
21
48
9
19
33
50
38
4
44
22
6
5
4
45
33
49
26
50
36
19
15
27
30
21
20
8
13
16
23
13
32
44
30
31
35
12
38
38
3
50
19
41
15
27
18
31
48
28
22
22
8
24
35
9
3
43
15
19
5
11
36
14
26
5
15
23
31
29
27
32
16
40
38
17
28
14
46
3
33
17
44
45
43
20
31
38
10
50
48
45
1
29
22
32
49
22
46
44
43
13
5
38
25
39
3
27
10
12
5
22
47
33
34
33
22
20
50
11
4
47
27
11
27
20
36
47
38
41
16
41
38
41
34
30
15
50
15
37
17
49
21
16
12
4
20
1
10
7
33
28
44
17
43
48
22
41
4
23
28
28
24
2
16
24
43
15
8
45
38
19
46
24
2
14
28
4
30
46
29
49
12
15
23
35
31
28
24
8
29
22
38
20
5
45
45
27
39
48
11
23
43
38
48
34
27
13
31
39
16
34
9
16
27
3
14
24
11
31
46
13
34
34
26
30
49
15
3
8
17
38
42
30
23
19
37
3
12
24
39
50
31
44
45
38
5
41
42
29
50
14
26
34
8
9
50
29
41
31
31
7
45
33
23
2
6
38
28
50
34
41
46
41
19
23
36
43
31
30
50
39
17
12
48
30
7
28
23
12
47
50
39
35
41
34
40
24
43
15
4
48
16
10
1
47
10
43
24
28
21
16
14
50
18
43
31
40
20
18
27
9
11
45
9
9
16
4
46
43
47
17
18
8
35
25
24
49
9
6
23
7
11
22
29
50
44
5
13
18
43
18
38
5
30
10
38
24
37
46
48
43
8
45
34
48
40
36
50
23
23
30
11
7
10
40
16
3
13
16
30
41
24
47
19
4
3
