2976
2976
2976
2976
2976
2977
2978
2978
2978
2978
2978
2978
2979
2979
2979
2979
2980
2980
2980
2980
2980
2980
2981
2981
2981
2982
2982
2982
2983
2983
3008
3008
3008
3008
3008
3009
3009
3009
3010
3010
3010
3010
3010
3010
3011
3011
3012
3012
3013
3013
3013
3013
3013
3013
3014
3014
3014
3014
3014
3014
3015
3015
3015
3015
3015
3015
3040
3040
3040
3040
3040
3040
3041
3041
3041
3042
3042
3042
3042
3043
3043
3043
3043
3044
3044
3044
3045
3045
3046
3046
3046
3047
3047
3072
3072
3072
3072
3072
3073
3073
3073
3073
3073
3073
3073
3074
3074
3075
3075
3076
3076
3076
3077
3077
3077
3077
3078
3078
3079
3079
3079
3079
3079
3079
3104
3104
3104
3104
3105
3105
3105
3105
3105
3105
3106
3106
3106
3106
3106
3107
3107
3107
3107
3108
3108
3109
3109
3109
3109
3109
3109
3110
3110
3110
3110
3110
3111
3111
3111
3111
3111
3111
3111
3136
3136
3136
3136
3136
3136
3137
3137
3138
3138
3138
3138
3138
3138
3139
3140
3140
3140
3141
3141
3141
3141
3142
3143
3143
3143
3143
3168
3168
3168
3168
3169
3169
3169
3169
3169
3169
3170
3170
3170
3170
3170
3170
3170
3171
3171
3172
3172
3172
3172
3172
3173
3173
3173
3173
3173
3174
3174
3174
3174
3174
3174
3175
3175
3175
3175
3175
3175
3175
3200
3200
3200
3200
3200
3200
3201
3201
3201
3202
3202
3203
3203
3204
3204
3205
3205
3205
3205
3205
3205
3205
3206
3206
3206
3207
3207
3207
3207
3207
3207
3232
3232
3232
3233
3233
3233
3233
3234
3234
3234
3234
3234
3235
3235
3235
3235
3236
3236
3236
3237
3238
3238
3238
3239
3239
3239
3239
3239
3264
3264
3264
3264
3264
3264
3265
3265
3265
3266
3266
3267
3268
3268
3269
3269
3269
3269
3269
3269
3270
3270
3270
3270
3270
3270
3270
3271
3271
3271
3271
3296
3296
3296
3296
3296
3296
3296
3297
3298
3298
3298
3298
3299
3300
3300
3301
3302
3303
3303
3303
3303
3328
3328
3328
3328
3328
3329
3329
3329
3330
3331
3331
3331
3332
3332
3332
3333
3333
3333
3333
3333
3334
3334
3335
3335
3335
3335
3360
3360
3360
3360
3360
3360
3361
3361
3361
3362
3362
3362
3362
3362
3362
3363
3363
3363
3363
3363
3364
3364
3364
3364
3364
3365
3365
3365
3365
3365
3365
3366
3366
3367
3367
3367
3392
3392
3392
3392
3393
3393
3393
3393
3393
3393
3394
3394
3394
3394
3394
3394
3395
3395
3395
3395
3396
3396
3396
3396
3396
3396
3396
3397
3397
3397
3397
3397
3398
3399
3399
3399
3399
3424
3425
3425
3425
3425
3425
3425
3426
3426
3426
3426
3426
3427
3427
3427
3427
3428
3428
3428
3429
3429
3429
3429
3429
3430
3430
3430
3430
3430
3430
3430
3431
3456
3457
3457
3457
3457
3457
3457
3457
3458
3458
3458
3458
3458
3458
3459
3459
3459
3459
3459
3460
3460
3460
3460
3460
3460
3460
3461
3461
3461
3461
3461
3461
3462
3462
3462
3462
3462
3463
3463
3488
3488
3488
3488
3488
3489
3489
3490
3490
3490
3491
3491
3492
3492
3492
3492
3492
3492
3493
3493
3494
3494
3494
3494
3495
3495
3495
3520
3520
3520
3520
3520
3521
3521
3521
3521
3521
3522
3522
3522
3522
3522
3522
3523
3523
3523
3523
3523
3524
3524
3525
3525
3525
3525
3526
3526
3526
3527
3527
3527
3527
3552
3552
3552
3553
3553
3553
3553
3553
3554
3554
3554
3555
3555
3555
3555
3555
3555
3555
3556
3556
3556
3557
3557
3558
3558
3558
3558
3558
3558
3559
3584
3584
3584
3584
3584
3585
3585
3585
3585
3585
3585
3585
3586
3586
3586
3586
3586
3586
3586
3587
3587
3587
3587
3587
3587
3587
3588
3588
3588
3588
3588
3588
3588
3589
3590
3590
3590
3590
3590
3590
3590
3591
3591
3591
3591
3616
3616
3617
3617
3617
3617
3617
3618
3618
3618
3618
3619
3619
3619
3619
3619
3619
3620
3620
3621
3621
3621
3621
3622
3622
3622
3622
3623
3623
3623
3623
3623
3623
3623
3648
3648
3648
3648
3648
3648
3648
3649
3649
3649
3649
3649
3649
3650
3650
3650
3650
3650
3650
3650
3651
3651
3651
3651
3652
3652
3652
3652
3653
3653
3653
3653
3653
3653
3653
3654
3654
3654
3654
3654
3654
3654
3655
3655
3655
3655
3680
3680
3680
3681
3682
3682
3682
3682
3683
3683
3683
3684
3684
3684
3684
3685
3685
3685
3685
3685
3686
3686
3686
3686
3687
3687
3687
3687
3687
3712
3712
3712
3712
3713
3713
3713
3713
3713
3713
3713
3714
3714
3714
3714
3715
3715
3715
3716
3716
3716
3716
3716
3717
3717
3717
3717
3717
3717
3717
3718
3718
3718
3719
3719
3719
3719
3719
3719
3719
3744
3745
3746
3746
3746
3746
3747
3747
3747
3747
3747
3747
3747
3748
3748
3748
3748
3748
3749
3749
3749
3749
3749
3749
3750
3750
3750
3750
3750
3750
3751
3751
3751
3751
3751
3751
3776
3776
3776
3776
3777
3777
3777
3777
3777
3778
3778
3778
3778
3778
3778
3778
3779
3779
3780
3780
3781
3781
3781
3781
3781
3782
3782
3782
3782
3782
3783
3783
3783
3783
3808
3808
3808
3808
3808
3808
3809
3809
3809
3809
3810
3810
3810
3810
3811
3811
3811
3811
3811
3811
3812
3812
3813
3813
3814
3814
3814
3814
3814
3814
3814
3815
3815
3840
3840
3840
3840
3840
3840
3841
3841
3841
3841
3841
3841
3842
3842
3842
3842
3842
3842
3843
3843
3844
3844
3845
3845
3845
3845
3845
3845
3846
3846
3846
3846
3847
3872
3872
3872
3872
3872
3872
3873
3873
3873
3874
3874
3875
3875
3876
3876
3876
3877
3877
3877
3877
3877
3877
3878
3878
3878
3878
3879
3879
3904
3904
3905
3905
3905
3906
3906
3906
3906
3907
3907
3907
3907
3907
3907
3907
3908
3908
3909
3909
3910
3910
3910
3910
3911
3911
3911
3936
3936
3936
3936
3936
3936
3937
3937
3937
3937
3937
