50
13
17
30
12
29
3
19
42
26
11
48
38
23
5
2
1
6
3
29
45
39
40
25
11
24
48
49
12
14
34
22
12
1
15
35
49
34
47
11
16
29
42
3
35
22
23
18
4
49
5
10
1
1
44
29
11
31
40
14
31
34
3
11
22
30
10
41
39
15
49
37
38
7
23
4
45
15
37
20
27
41
6
2
20
30
17
11
14
20
32
7
26
23
48
50
5
47
45
21
13
8
13
47
36
24
20
15
16
18
45
10
13
35
18
26
24
6
47
12
23
27
41
41
34
19
43
32
30
15
37
11
50
25
34
44
9
30
39
46
46
42
42
29
50
43
27
10
1
39
4
18
22
4
41
15
8
36
21
9
34
13
48
46
19
33
37
22
45
42
21
45
11
6
38
14
18
22
35
3
27
40
36
45
9
33
32
16
40
1
30
11
29
2
6
35
9
48
13
15
9
50
42
19
7
1
23
40
36
17
33
40
24
13
43
37
39
50
1
24
4
41
26
6
45
13
19
3
45
41
24
42
37
19
8
8
34
6
21
14
39
10
50
33
28
47
23
1
17
3
33
33
46
38
39
20
33
20
2
6
15
4
41
8
34
31
24
6
27
15
8
8
47
46
49
35
37
16
43
3
38
49
40
28
10
18
29
16
4
49
11
45
7
35
18
32
27
26
39
13
5
25
47
37
42
25
46
20
23
20
20
25
49
2
10
6
44
10
16
32
31
28
47
34
16
6
10
2
38
12
13
27
15
20
29
24
36
39
20
43
33
24
25
2
35
2
11
40
13
42
6
49
8
6
25
2
5
35
6
50
43
7
32
7
23
16
24
30
3
23
32
3
17
4
44
5
45
7
2
18
31
1
12
30
44
10
5
48
10
24
50
11
14
26
47
17
32
29
13
50
27
40
13
2
2
41
47
37
32
21
37
27
12
36
50
33
23
15
42
49
35
3
47
20
22
13
48
29
23
38
37
47
8
35
7
3
2
25
50
29
28
32
43
9
45
29
13
46
35
37
44
40
18
29
26
11
39
39
19
37
25
18
36
26
1
48
3
17
48
7
11
1
43
36
13
41
33
35
17
22
46
17
6
23
35
14
35
7
39
15
40
8
19
26
44
3
41
21
50
42
12
19
30
20
9
13
8
35
20
46
11
21
3
3
43
7
32
19
45
41
27
18
31
17
13
3
25
49
34
15
13
39
21
37
22
9
22
46
24
40
20
1
46
36
27
35
26
2
25
26
12
9
3
13
46
10
5
19
28
22
8
37
25
36
13
29
8
25
4
16
3
27
41
8
33
12
22
44
50
16
15
29
45
10
30
43
30
17
9
48
50
7
43
18
24
47
24
50
29
33
19
22
13
16
10
14
17
36
4
27
10
29
15
18
4
40
5
36
7
7
21
5
21
12
14
28
5
3
50
39
5
12
7
17
9
34
41
42
36
13
24
5
32
27
10
11
9
45
2
23
25
16
1
42
44
34
45
6
10
16
11
6
2
10
7
27
7
6
42
4
26
18
26
18
28
15
47
20
27
36
31
7
18
32
34
41
29
28
4
38
21
38
41
7
32
12
26
40
25
11
10
15
19
6
14
47
18
8
13
35
45
28
16
29
28
19
19
12
50
48
29
19
6
35
37
2
3
29
23
15
24
14
8
33
28
45
45
34
23
6
26
31
25
16
18
30
41
47
26
2
9
3
48
2
23
48
28
23
8
24
44
10
13
2
13
18
29
34
23
32
40
31
36
9
16
14
12
50
49
13
26
9
49
13
12
28
10
35
32
41
35
26
11
2
2
25
44
9
8
2
26
41
21
30
47
10
20
34
23
24
23
30
46
27
34
22
48
40
20
22
26
18
50
26
10
11
17
13
39
48
41
9
35
26
22
10
40
38
8
7
41
24
45
10
20
4
5
17
16
8
13
3
38
33
48
16
33
1
10
21
46
9
18
19
41
39
2
41
2
46
18
1
3
12
28
38
29
6
31
5
26
39
28
46
3
23
12
18
29
19
9
9
17
26
5
41
14
19
50
18
18
42
11
49
20
37
45
26
30
14
10
38
15
10
21
6
20
40
33
42
41
34
35
4
23
27
44
31
21
8
13
47
43
44
41
1
40
14
30
3
4
21
15
44
24
19
6
32
31
39
37
48
35
6
9
27
20
13
39
45
2
50
3
8
43
16
33
10
41
46
5
4
23
47
42
17
27
34
15
42
15
18
44
43
12
19
45
33
17
5
5
44
28
4
3
37
18
9
19
48
