431
298
37
171
163
427
270
439
414
111
423
225
414
490
130
235
437
110
25
222
419
177
144
149
464
441
323
500
84
103
480
275
224
438
133
12
228
465
323
64
29
106
129
114
17
445
51
258
241
122
387
38
75
242
475
355
498
38
308
37
48
12
154
218
255
466
487
263
137
358
197
248
14
409
494
250
166
341
236
367
412
394
449
446
496
453
437
236
159
42
393
101
164
142
433
205
65
459
312
333
247
101
453
147
486
312
57
161
401
454
405
299
186
422
420
49
184
233
226
242
130
417
100
261
449
199
242
176
458
213
452
111
53
162
367
24
306
360
392
190
242
411
242
88
399
473
224
128
101
180
235
251
243
49
406
485
299
368
287
244
82
380
105
152
262
357
78
199
286
339
34
56
298
389
173
179
216
170
166
133
34
116
71
63
376
366
129
112
217
155
175
366
490
296
327
50
39
246
90
272
45
72
390
434
265
160
479
442
153
342
93
114
431
20
129
359
6
234
349
116
265
80
221
398
447
166
398
322
489
365
262
271
244
17
288
376
272
363
361
120
276
431
351
227
340
21
328
348
215
360
429
423
220
431
426
241
135
344
49
419
44
266
390
225
15
320
46
282
198
26
270
30
420
412
178
171
396
208
274
266
257
76
5
494
118
406
225
261
38
325
299
154
386
269
50
411
371
257
360
359
213
306
285
94
482
290
447
464
500
87
9
21
396
348
355
163
179
102
99
117
6
27
91
83
223
370
224
352
256
40
185
260
397
245
157
7
310
145
7
482
23
214
321
494
123
328
48
376
298
19
206
286
145
211
108
165
375
239
141
377
351
41
141
291
228
265
310
119
149
24
486
436
480
187
143
442
297
470
457
128
59
314
178
120
51
39
143
450
131
107
259
162
206
228
432
328
178
86
123
114
243
101
461
365
16
19
11
54
129
93
180
422
308
472
288
422
489
404
162
97
442
146
128
20
452
383
200
38
378
20
108
347
243
86
152
309
208
165
327
335
440
55
430
333
453
203
385
125
376
80
276
392
316
24
212
90
154
397
91
74
403
239
88
115
105
266
320
286
319
360
467
391
50
131
439
391
330
422
319
252
367
106
331
465
126
445
62
203
140
144
48
355
40
189
445
324
188
10
9
156
290
290
455
209
299
213
425
201
438
253
354
236
49
310
298
2
448
467
58
210
278
363
132
343
405
454
422
112
431
463
78
213
100
189
268
218
127
229
325
46
251
53
437
138
420
385
219
153
236
132
355
276
56
203
432
453
8
460
11
461
179
86
496
323
361
338
391
404
91
14
322
304
427
481
380
118
403
325
446
489
181
179
118
320
364
439
129
431
156
191
164
202
425
467
377
341
328
136
177
53
320
62
37
354
246
175
54
365
11
22
189
477
128
298
308
397
324
345
221
478
486
168
432
276
24
308
79
367
156
360
498
450
366
406
176
170
298
226
225
194
76
102
80
22
433
33
248
52
359
431
479
318
244
86
44
141
373
374
73
183
20
431
452
218
427
372
65
325
300
68
370
229
157
80
494
319
241
32
484
399
122
256
5
32
170
440
61
450
375
157
392
376
97
42
153
450
219
460
99
281
101
122
303
428
112
246
361
439
25
239
154
19
55
111
241
483
499
260
322
383
431
499
19
39
371
209
478
418
228
74
337
170
260
224
393
353
119
281
51
161
108
275
119
196
222
490
271
292
450
69
440
80
304
379
85
285
262
38
183
313
13
21
492
96
103
51
380
191
441
44
127
73
396
345
17
305
280
280
78
438
263
369
150
12
223
324
129
108
268
480
73
213
77
237
288
410
177
224
234
288
170
303
188
69
44
213
186
149
428
463
227
159
148
255
461
54
241
150
421
71
133
202
471
352
144
136
333
189
255
379
343
207
251
204
452
114
11
95
117
469
24
399
466
120
100
294
156
72
78
279
473
449
263
232
368
432
69
182
300
403
106
248
405
14
6
128
420
45
479
14
236
169
105
373
197
359
261
81
20
180
401
120
298
389
103
245
325
431
495
36
353
82
281
227
112
188
131
447
449
353
481
338
33
411
329
364
268
385
404
494
103
183
153
89
289
388
299
418
107
342
253
101
7
143
56
186
420
25
31
479
226
195
312
16
434
44
397
35
414
71
25
345
85
471
368
94
200
120
284
282
364
57
220
375
408
177
441
415
134
262
185
419
70
80
270
451
215
443
490
432
132
486
468
417
330
272
449
158
261
16
415
498
489
262
248
64
14
432
272
499
156
70
369
125
53
5
71
282
19
446
