40959.10
21911.58
28848.42
34616.40
35962.64
73742.85
71497.03
25613.72
6402.76
41368.15
73597.20
27180.00
39878.79
19989.00
29071.00
5910.48
52659.58
54189.72
48814.50
21130.20
44939.56
10681.60
32771.97
17614.21
65941.92
12189.96
36167.04
24938.64
50513.07
78851.04
50579.52
40084.00
8962.59
52865.04
36569.00
49585.80
32214.66
58406.60
19817.14
7283.68
69414.93
55678.68
60895.68
28019.52
22446.97
78901.72
38471.10
25578.03
28365.76
54784.38
56928.90
28130.50
22547.64
17079.04
35117.28
63206.50
12905.86
31073.92
46915.05
32914.04
45169.44
43846.00
27077.21
44134.32
47786.18
14705.86
20992.68
32921.37
14631.82
2943.12
5117.40
9117.90
63707.34
36100.48
86891.50
931.03
40781.03
2626.80
49993.70
36668.72
51222.60
55367.40
64525.37
42068.40
18034.35
33975.80
37610.46
9001.68
27949.80
38850.84
63697.50
19481.67
45856.44
42380.82
37444.68
55407.90
18147.68
32740.96
55282.32
50051.82
45404.35
45968.96
37713.79
61777.36
45940.44
16145.60
10714.77
70221.72
3521.70
61410.75
40363.52
64976.04
35391.40
34083.72
25137.54
1314.40
79905.28
44071.25
50898.34
64958.85
42571.62
12711.37
68373.78
10499.04
40643.00
1339.43
3513.68
17347.46
19650.80
22418.70
39624.12
63102.30
46144.35
40950.00
30163.77
22384.20
6655.00
38183.73
18056.55
5589.92
43978.48
48083.03
59903.80
44859.94
23525.40
54741.66
28796.59
41515.68
52675.50
59247.36
47911.03
65877.12
62417.00
68272.00
12037.08
60737.50
10505.25
59059.70
3852.24
19148.28
79295.26
8414.94
32990.98
24085.50
70394.40
35443.17
44621.75
28539.09
28975.20
56908.72
31558.75
74478.00
56297.67
11261.76
68523.50
44566.80
80643.07
24840.27
35882.57
40568.44
70025.00
9169.60
59518.45
52279.08
17217.33
56845.68
16829.88
35237.50
44040.56
17238.10
11478.33
15056.00
39216.50
39992.25
7592.32
9419.85
42894.36
956.04
44984.79
50144.64
16568.37
3461.66
66293.50
41954.88
11760.76
41168.50
24686.28
41895.90
75631.68
912.01
23404.64
18289.20
71135.24
12545.78
44063.88
28992.60
60334.26
30019.68
70465.39
26404.84
7427.85
8819.30
84373.20
48858.33
7027.50
3033.22
61739.36
47582.66
10010.72
30515.94
20328.22
20922.80
36879.60
51360.40
32544.09
25857.15
20609.10
23485.53
5036.31
53981.12
62890.08
13622.84
70754.40
51127.68
12529.16
25011.12
71027.46
49786.11
20352.04
6510.88
9439.08
84689.30
18920.25
26548.05
28597.05
31142.64
48082.88
10784.61
38030.60
28758.96
27905.90
50628.90
63735.76
45636.43
22451.52
70914.40
70978.46
28590.45
67175.52
21121.10
48161.75
54861.22
24668.46
17587.04
1664.76
26913.38
33852.00
47410.69
6957.40
46308.90
71134.80
11793.46
51925.48
37508.66
46786.14
33103.56
56634.52
82586.68
14721.57
11837.87
3133.32
79719.42
56327.76
9280.08
29411.72
14695.44
37305.02
7168.77
52936.80
54218.00
66929.30
3415.60
4008.40
3295.48
12751.75
56935.20
34030.11
14216.18
17789.98
34428.48
4212.60
73607.40
48022.20
39920.79
11523.33
65305.56
25251.36
5339.61
4570.05
43110.63
79663.72
20055.28
3781.96
8850.52
26970.58
11253.90
1070.16
39299.85
35093.80
18064.35
11572.24
7267.80
38590.75
27228.64
13946.76
81301.54
23623.27
26476.80
32259.20
29443.14
53721.62
12823.80
40777.40
32248.58
4396.68
39066.48
12673.80
65485.07
14926.24
7387.92
24003.65
65188.45
28705.75
25672.60
11244.36
88460.64
31076.34
4853.24
10321.92
24146.00
20694.27
30883.00
61521.75
40331.20
54321.46
62604.36
6779.16
2889.18
20643.27
6350.72
34642.92
54338.35
48126.68
10877.40
15776.34
5447.70
8739.30
35062.25
51732.78
36523.20
55560.00
54199.84
57054.90
45969.29
6942.40
33446.49
26389.72
16722.94
4249.50
45353.79
24555.22
31295.81
5113.48
61217.10
56632.94
50203.52
15352.44
17860.92
48387.68
24153.60
35853.84
54309.00
75724.65
12480.65
7231.80
79905.28
52472.64
2402.58
30989.47
5436.00
45323.88
20223.56
62105.01
1541.63
28878.96
63739.62
26277.44
11027.88
36748.28
57931.65
16361.52
26948.43
28741.32
16514.28
8487.27
47066.40
12921.51
44087.60
3777.96
58657.94
1015.10
51729.99
70857.20
42206.00
15172.20
3099.36
45276.98
60600.86
38698.18
30102.86
62421.62
20592.66
28734.24
81965.24
4576.92
41964.80
83324.89
22940.48
83938.50
25240.60
77078.77
64147.68
13962.96
89244.00
18239.10
19355.70
21262.32
78182.28
74479.49
10703.66
27959.40
46533.76
24596.46
21476.95
24489.01
14246.96
30031.36
20101.80
35365.44
3683.86
44417.10
59231.37
15793.34
43475.52
19221.00
31681.65
56863.63
53876.88
58890.92
37352.32
15416.30
17043.45
48278.04
61349.40
48869.28
44738.38
10535.04
73577.91
71955.60
46145.88
5264.55
30541.06
27036.48
26939.12
49975.38
12272.39
49235.91
19383.91
50742.00
56634.52
76508.52
59066.04
36272.61
13550.64
62633.88
7808.56
5015.45
78855.19
36447.41
49961.49
13001.17
15838.03
20615.84
14424.21
41580.24
11820.84
52567.36
35299.80
10919.70
72547.93
72610.44
22017.24
39067.34
2160.34
43261.15
5397.76
45324.51
13022.04
37373.70
10186.22
23169.60
51286.40
2967.24
39342.00
69962.40
13454.84
59290.22
28154.55
13234.20
14343.48
28435.02
68975.32
40434.48
60744.37
9860.70
46649.06
16507.40
43396.20
66075.54
29747.35
39767.00
8749.20
61266.66
51050.46
9049.76
43570.50
14720.16
54272.40
43595.99
84959.10
1643.73
28159.13
32137.80
53992.05
77109.34
31227.81
40262.66
24338.64
21360.18
40955.46
41736.24
21968.94
9946.71
30542.94
79547.60
72523.26
55555.89
34043.89
5219.49
35514.08
65428.78
14280.03
58167.20
16528.60
89710.08
9201.78
60057.03
40485.03
28688.82
5351.64
6151.60
63823.76
63168.00
84761.28
30568.56
46249.98
28938.60
4795.25
10851.80
50679.90
11256.36
46947.36
42841.24
34136.50
48771.60
13226.04
23589.90
21068.23
23790.00
69418.35
54393.28
54741.96
64708.40
25252.50
76873.77
35249.28
19400.85
53432.32
17224.48
44855.02
37936.32
35282.28
4685.04
6582.05
52857.76
37159.73
48178.88
1760.85
10162.68
57437.16
19410.72
11688.32
40921.47
46502.40
69612.96
61512.36
28542.08
56592.48
1394.48
56572.52
85202.67
46943.16
59367.00
19556.64
57886.65
30512.64
41140.88
16150.68
11211.83
41120.94
60639.36
12789.52
26398.08
33759.18
11063.58
27118.80
43942.81
87163.68
4036.32
16674.08
7295.64
5706.15
52854.87
56261.16
53115.72
44898.76
77683.88
39912.60
42659.44
17370.48
21264.49
10339.04
30592.40
29753.90
32855.70
40932.46
36887.48
58225.79
58190.16
21653.52
49758.49
59668.00
22488.72
40361.32
80785.00
27650.97
31313.20
43791.77
5678.04
32830.56
22187.28
50634.00
8098.55
15127.02
22497.97
1457.54
23008.18
9154.60
29278.72
40550.72
28244.55
58382.55
17967.32
34407.29
58958.28
37383.60
69874.00
59518.40
35758.59
19926.30
63632.97
9544.22
33444.72
53708.00
55183.10
48528.48
18217.80
33426.75
70031.34
11564.32
11708.40
46067.78
7976.52
58863.21
10132.62
40480.44
77894.32
28333.92
79107.16
42060.80
5836.30
47474.70
58405.38
3111.39
34456.40
74478.72
17728.70
22536.36
56514.50
15748.92
21317.31
13079.30
67021.50
40746.72
25434.81
36818.33
37479.60
50742.00
15256.44
40299.52
30977.92
6291.75
54798.88
22830.57
72009.62
48086.17
63676.47
6843.20
3675.93
68632.40
25185.09
10563.28
22784.60
34048.08
27639.70
16355.64
44408.12
10604.43
15825.28
56336.28
22703.94
35592.28
2736.00
57486.52
48398.44
39380.50
24794.88
33661.65
41077.40
10154.88
44784.96
38378.89
29473.29
4447.71
70840.62
45107.79
54793.63
13676.63
45724.00
12203.20
11171.70
76925.84
32079.51
33792.54
10694.52
23390.64
18599.50
34704.99
12757.52
81109.44
15873.28
6992.45
50203.04
4459.71
37219.52
25372.98
19213.74
60709.35
4453.74
49590.70
34516.20
44062.76
24794.88
36710.28
8969.68
20067.19
22183.68
38335.48
15708.34
76478.64
48501.68
59199.00
7470.12
22448.66
30157.50
50225.28
36760.12
58711.88
2162.36
22702.14
37840.23
3740.08
57342.74
58796.40
39029.58
4739.01
43691.90
30010.50
13630.32
50333.60
49700.43
48268.43
9551.15
36778.17
33446.28
10377.99
27109.00
48103.66
73256.55
26217.72
79479.72
44338.16
34477.20
54522.88
25715.55
44939.56
34757.80
31934.63
77255.31
88145.61
48075.98
12325.14
20565.92
29371.20
16112.40
56514.50
16157.55
24726.60
34576.52
89902.08
7533.00
59177.30
19055.40
12610.78
52179.87
62248.13
31413.90
25079.88
49304.00
45456.51
29203.24
47265.17
27100.80
45113.85
72588.56
19096.71
46897.92
54525.46
11948.72
34168.68
3103.30
39744.29
42572.64
11063.88
39550.50
2482.66
63136.30
33050.96
19310.70
5510.76
16217.40
30112.96
41123.68
84328.20
51268.04
45651.06
10048.56
41940.15
45697.92
36840.80
39272.58
34224.12
60345.24
72315.60
53077.24
46823.14
45229.85
47627.30
25305.86
36075.39
22404.20
34272.72
26796.32
41725.20
41414.40
5159.43
47102.04
47580.75
22003.24
48660.92
26616.22
40468.75
8228.70
62666.40
58494.48
75478.13
15606.17
42035.60
23476.57
51735.20
29291.24
34356.20
54910.80
33596.91
44590.98
13054.86
36558.50
8769.20
59295.36
14805.70
46178.40
44501.43
37125.06
46694.60
34590.92
14911.20
57982.92
43354.31
4901.19
30393.30
3132.42
74229.00
85235.70
27666.24
40668.00
37531.78
8424.27
1098.19
53326.70
47994.44
16706.06
22181.76
45313.44
76445.55
21547.95
46175.40
7616.32
46755.36
53176.00
23357.08
28343.36
60880.68
53444.97
22799.88
35187.50
6787.25
8864.45
56700.40
73650.40
18625.88
32694.73
37740.31
5321.61
58231.25
46670.05
8591.24
49276.92
90959.04
31336.35
59487.84
