3528
1831
7105
6657
5065
3778
4257
1205
3953
5096
6971
5338
377
3818
8052
6543
2902
6056
8064
9620
2104
8664
1683
1127
409
2071
1053
4184
9453
9272
9410
7032
3100
6868
2172
9845
3277
5840
4491
1113
8788
7085
5413
5427
906
5407
1890
5128
2054
7590
4627
9544
1402
9197
347
9188
1368
9293
1182
1369
3176
9199
9973
5263
4904
400
4242
3979
2795
7726
4372
1866
1076
5927
1845
2612
94
2774
3104
6479
342
4405
4395
1089
7817
6492
7801
2693
4036
5429
3615
987
5180
8288
489
6903
8648
498
8057
6228
8921
388
9942
8404
5904
8817
5130
3710
3471
538
5787
3513
5989
2957
5939
829
1937
9177
7163
8827
9842
3672
4447
4351
557
5203
2677
2694
1537
8965
1912
2246
8311
952
23
1182
1769
7330
5014
6927
640
279
3471
1486
4966
1070
4069
6799
7311
9430
5241
1135
8874
4625
1498
6323
8131
9492
5541
4643
9360
7137
3228
2425
4828
9776
4987
5594
3736
7831
6716
174
6995
9925
4703
2637
2211
7330
8960
5301
9006
5083
9641
3669
7469
9570
6718
5681
8827
4377
3500
5484
7452
4705
5098
271
433
5650
1143
8015
7354
6606
4763
5555
8171
6529
7341
2703
4293
6095
9639
3749
8697
2085
6599
1845
3831
5219
9739
268
7600
6134
7300
871
6881
3954
9564
7948
7748
9978
840
9241
3039
4695
6946
2976
1072
1125
3127
9037
2809
1491
5520
6338
8482
8748
726
1704
8564
1612
128
4930
1784
7218
8253
6551
8451
1200
2635
7767
4731
9619
5591
6562
2912
905
8872
78
1296
7677
7316
2989
5765
7345
5272
5316
3058
1135
4097
9797
5623
8791
1080
3955
3207
5191
5642
7815
2039
9612
8185
3479
7222
6589
9646
6009
7570
8182
9697
5326
4963
1774
7182
5335
764
9441
8347
821
6379
5241
6660
8440
7910
7843
4966
5488
182
1307
414
5216
8530
7997
1529
1629
3398
193
7802
4065
2964
657
2175
2193
5600
284
8239
1057
200
1211
1403
6961
8467
327
8863
5406
2140
6299
393
1523
2185
991
627
4997
9626
2889
9817
400
1021
4864
5326
7971
1746
6307
3431
8475
3050
827
5233
1966
1911
551
7342
2558
3868
2364
8967
2761
4825
704
2214
4912
3811
3195
6352
4504
7206
19
1177
2457
7611
9246
5360
7249
1143
5097
9543
2601
4954
4610
9688
9511
9884
6275
7364
2345
3044
1320
5031
5567
4429
8036
6221
4058
1029
9066
2831
9460
922
6449
5549
6092
7535
7999
8533
707
6392
7489
2369
1149
3954
4122
7664
6952
296
9741
374
2995
5608
9901
6579
3231
4089
1806
9193
7065
5959
6296
6005
6262
2402
4745
9916
6069
4572
5279
1706
7275
3807
2260
7933
5786
4756
4135
6624
3598
1335
1973
8727
3355
1969
5460
2620
9405
3452
2212
8335
4940
472
1545
5924
7035
8490
4377
6294
6012
9237
3527
4428
9786
776
8484
9990
6781
4157
7152
5754
2535
7077
183
5597
5040
4562
8839
9828
711
3545
8102
1106
6532
2015
2236
7476
3600
2987
7096
7771
6218
9231
201
457
4092
3977
1470
16
9634
3000
2702
4685
3159
4069
2987
1609
1446
728
3746
8165
4109
6162
4423
3491
2577
752
7308
8143
6721
3178
5777
5322
6854
3144
1883
3455
3554
1705
5143
3916
2146
7262
5399
435
7755
820
726
3088
746
3463
7014
7344
2546
1904
1482
9016
5174
1765
8894
9133
8217
8041
1602
5163
2224
9911
7870
8539
8529
2246
7834
6137
6314
4684
996
1244
5308
5645
6166
9863
3522
8953
7920
3605
3298
3377
3094
6898
2798
4204
5996
4890
5603
9091
2086
6710
3055
7473
2659
8090
2911
9137
983
6991
1871
1476
4718
2464
1037
9154
9659
6991
2217
1675
3011
3601
1610
8865
9004
8228
6739
7031
3250
1181
2887
4281
7288
4383
8150
3601
1260
4900
1050
7378
4771
7284
4614
9505
5758
6511
6131
23
68
8530
6350
193
1596
3969
4237
2075
1427
2245
6530
8139
2537
1137
8848
4100
6093
839
2011
9752
8191
369
8994
2334
5036
5940
2031
6530
8922
9168
3488
695
5320
616
6091
7950
7147
6687
4630
8301
7165
5861
2573
2418
9448
7716
1172
9838
1058
7941
8153
1829
8981
6277
964
2065
1581
7042
8254
8801
5054
9668
8291
3745
6494
8562
6486
119
5633
4394
8362
9180
5024
3979
5647
2265
2649
9989
9330
3060
7552
7317
2746
844
7718
5854
2747
7852
2694
4148
2479
279
6339
7646
7189
5972
7886
4876
8531
2617
7540
4591
4793
4185
9276
2570
9808
7877
9631
5836
3503
4484
8530
3210
5327
4383
434
3336
9136
7402
8152
7992
9871
6031
9806
4483
3986
2618
9107
944
669
6330
4481
8174
3323
7830
4256
5424
6751
707
830
5251
1833
7973
1331
2125
6555
5204
1235
1674
1991
2780
2969
3139
9495
1213
8007
8452
2560
6024
7076
9175
8490
3262
4426
8956
8282
9966
868
4145
2027
4205
7020
5145
7662
1877
322
3405
6227
773
9274
7437
3164
8940
5070
6844
4993
3135
9713
7410
7706
8768
2572
990
2270
5374
7040
9709
2161
9797
2309
5595
1187
3913
5350
6182
647
6481
9535
7570
4883
8989
1801
80
8260
9931
4222
7199
7888
9524
8288
1851
7902
3172
838
5359
6007
9639
7439
2980
574
2419
4826
9723
8469
6479
5805
2809
6719
2218
288
4527
8389
621
3507
795
6403
289
2166
2399
9010
6055
1515
7411
4334
1052
9868
4148
3939
3614
9833
678
5143
313
6890
5365
390
2749
5382
111
9098
778
1673
1765
9486
5343
7367
6075
2274
2357
84
5645
4233
8714
4687
3845
7429
335
7047
5230
5905
2566
6548
3720
7535
5653
2188
2675
8496
8213
8959
605
8062
1237
2645
1780
9969
2629
4483
4416
7616
8048
7558
5481
3077
9275
3315
811
4323
4830
5759
9678
1618
1792
4221
7139
6100
5465
5280
6749
1187
6601
5090
6665
2814
2733
107
5165
9109
2245
2956
5888
9134
