2294
1703
2993
1678
2813
2957
5856
9385
8201
4690
1963
3098
2789
254
4475
5570
8451
8940
575
2585
6406
9952
9657
6535
2914
7449
9581
8887
1555
7193
1497
2598
5578
6263
4222
4933
2436
1559
728
4425
459
1874
2348
1878
5026
448
5622
5273
9313
1292
3025
233
790
4301
2977
9162
8311
668
6516
3778
4520
1330
7297
6173
3503
3818
3349
3889
9711
416
2258
8419
5955
3941
5719
7872
7087
4507
4613
1977
5043
387
7349
3131
7618
9499
340
4169
4458
1048
4763
5227
5975
9624
3718
1180
2652
5082
1479
4593
918
2373
5423
1530
5261
9626
8780
3439
8565
6185
7958
5157
8781
8657
9468
9031
5524
2645
2574
1066
8915
692
2391
8912
1951
7468
6734
7246
5552
7468
4390
8946
1808
4936
9995
2225
53
7468
8517
5900
7681
2769
3266
2860
5170
2137
5094
8514
1231
9113
9851
2573
8252
1001
1104
4591
5013
9664
6695
420
340
160
4270
3581
6075
547
773
9888
4256
7018
7818
1859
8302
2576
3156
8839
6078
5075
5811
3644
3816
8956
107
6987
7461
4532
3246
6208
9082
7387
6067
1351
6456
9117
936
8211
9600
5578
6892
5083
5001
360
2450
7489
3866
5525
3670
3295
8802
9843
7197
9938
5721
4259
5526
2694
6325
8814
807
7690
1832
6937
4009
812
9422
6516
2027
1812
1788
3702
939
7795
7256
900
3196
526
3689
6495
4777
2751
969
9010
5860
940
134
6881
5619
6662
4656
1039
3466
4341
5150
1404
6210
7270
3663
3783
6699
3244
7143
3190
932
8469
8477
9019
6441
3092
6923
5700
932
5164
9324
6031
2831
6770
1594
9717
1909
7475
1347
4100
444
8247
4078
1771
8623
3568
515
2871
4271
679
8789
6158
6197
4673
5438
9271
7114
4531
284
1165
4633
2245
9136
4294
772
4862
5111
5495
1337
626
6240
9364
8654
2885
3727
4508
2065
4446
6720
8282
4865
1900
8678
9606
3838
4038
24
4751
5305
6824
7612
3868
2228
1965
7159
7126
7353
9687
1767
5351
5540
7197
9792
5741
4276
4361
6858
2725
3935
8444
1248
2940
3184
1739
4741
5295
8505
5179
4622
1754
1349
1493
3253
8023
4510
6418
9836
2941
4238
3965
4451
3517
5189
3845
7132
6368
7161
6977
9355
6203
4027
1536
8994
139
1295
1989
6550
812
1460
6288
7919
4442
1970
645
8021
1138
1026
9831
3123
7342
3791
2863
4636
2419
5071
1853
179
2633
5864
4820
9315
3634
1113
3488
640
7457
8919
9321
1093
4930
9333
4560
9304
9776
3183
873
6485
629
260
9216
1050
4702
2001
5824
2134
1956
1789
6502
4715
2556
4340
5164
7649
3791
7732
9777
5126
8631
7351
6350
1075
1684
2249
4846
4392
3166
6896
4420
7392
3990
3915
8627
4573
6297
1673
3878
3915
1686
9908
657
4909
5083
6786
9574
9779
5133
2181
3081
9508
5311
3080
5483
4333
2262
4738
8534
9460
9649
1606
5931
7681
7471
4545
7001
543
3747
929
9087
8977
638
3739
8078
4072
5558
9216
453
8369
9801
4108
4578
6939
7883
320
4056
4406
8205
4614
6600
5508
3595
8134
6759
3321
9458
5742
4911
7908
3370
6524
8057
186
5473
9768
5409
9381
3734
4683
2056
9967
2288
9087
8485
4304
9708
1680
9129
1318
2690
8241
8068
9324
5221
3839
7371
9745
6380
9816
1994
2267
269
3828
6952
1730
9130
1785
1548
3497
8296
5659
8451
9846
6793
7264
5053
838
8578
4346
4548
4373
6868
5339
5320
1591
1508
4523
491
8756
3120
4546
1489
6952
5795
9336
8034
1765
3463
7962
9340
6976
1907
8712
6723
7219
8197
8021
738
1380
8708
4817
3976
2736
9299
4509
8846
4481
7510
234
55
5312
1132
1159
2931
2306
5718
2701
9199
9338
7818
1971
5077
6904
9968
1539
8068
1532
3346
5911
6336
321
8137
4341
2821
255
250
505
2342
5374
2512
2737
6030
2725
7878
5267
6899
6735
8012
2560
7479
2582
1317
723
5346
961
3484
3070
8070
6306
7007
8515
3732
1020
8988
2891
5846
3633
7745
3018
8726
8182
2512
5749
1534
936
7438
2874
5023
5401
6548
1779
2012
9991
6875
1876
7186
1296
1221
3737
7058
895
8961
2289
3175
2261
4091
475
344
2556
7927
8097
4823
857
9355
456
7422
9280
4993
2353
3144
648
1687
7660
4668
6378
6084
2288
3508
8920
5526
2822
582
415
9059
6516
5359
5641
6301
222
7326
6470
3535
1258
3910
9777
6150
2535
8698
681
9013
405
423
2064
2451
722
3790
745
2836
5929
5603
4855
2567
1801
9253
4715
2449
4903
3702
3902
862
2490
5623
3540
7195
6558
9341
3119
1628
5438
5219
4216
6983
3634
9419
3990
2517
792
5203
1575
8750
5980
2355
6705
4800
568
940
3995
9733
3310
207
6944
5653
5775
5128
1256
4023
9848
2015
2033
5956
4522
7898
9193
9674
6451
7886
7427
9235
5560
7708
2211
6995
8129
7874
8360
9777
140
9107
3009
8452
1112
4720
7762
2024
6198
7260
6009
2585
1263
8848
1769
5724
1491
2554
60
747
3610
1810
5920
3415
2849
6606
6901
4953
685
5063
5153
5755
5642
7850
7174
7527
6840
6449
8542
7991
750
2567
4916
500
8526
7307
3557
952
2586
9807
3422
4442
3208
6500
2564
6907
5837
172
1779
2493
2995
504
4902
3456
5374
7335
4415
1418
6395
5886
9784
2759
6309
2250
3774
3794
4861
8499
2372
8447
3706
8864
9520
6072
3741
7502
1282
1438
2358
356
7454
8251
3459
2948
2248
593
2812
4565
7905
8964
1939
3944
3755
2093
5649
3075
8775
9017
8902
1205
8260
341
6580
506
2188
9209
2470
7306
5700
3900
2978
7306
1575
2840
9440
6504
2008
7485
8588
1307
606
1766
4696
3609
7761
5197
6007
3149
2032
1756
1196
4001
4752
6006
7372
7439
2273
2553
6558
1932
3954
3522
8963
9933
6515
3158
6344
1152
4697
3411
3039
582
8324
2162
4044
9917
4385
8148
7851
9006
8241
6431
5475
5994
