8678
6869
2966
7301
3134
6072
5128
3504
4173
9711
6406
162
2593
1677
8784
691
3043
4236
8264
8421
2739
2445
9067
4975
6408
3858
6313
1887
927
9241
972
2142
6699
1715
369
5027
4815
9404
1731
3328
271
6264
4155
3632
7580
5605
1577
8392
2421
2364
1215
6468
3392
6744
2111
4796
5035
1615
3214
6048
5616
5966
6050
8700
299
6673
518
2223
414
6717
6686
343
9848
4423
7416
648
4234
5608
7078
3723
5227
1196
9059
8992
6768
4689
1343
5749
9671
2010
2992
7046
5247
4195
7754
9959
7798
6335
8363
3087
2937
3505
6137
5561
8374
9254
8088
9759
9152
2543
2407
9948
6503
6970
9163
8227
3010
2872
4526
7339
9
7978
9164
7220
5088
4574
2545
175
7859
3869
7695
2845
7832
1219
1298
8428
3509
1214
1439
5031
2175
512
5797
911
4949
2434
6406
2968
3895
887
5339
2687
9125
317
8348
724
8242
884
9511
4707
7974
7112
6429
6923
4004
2747
2822
6081
7807
791
242
3882
6474
6903
5169
264
5367
757
9612
9850
5513
7142
2707
8893
4390
4537
2734
4790
6584
9488
4668
304
8944
3534
2555
2862
4840
3670
2118
1479
8312
306
1134
5139
3177
9045
6169
8871
3889
2392
6989
7991
4236
6716
9310
3907
3541
5858
2983
3478
8661
1899
2384
3192
3782
9698
5621
9770
3603
1627
2833
7256
8195
1395
2606
4294
8027
4037
3876
202
9731
4834
8316
4075
5771
7080
6105
6350
2505
9622
3784
3682
4266
9424
3964
2617
5155
858
8137
8597
4500
1674
2772
6881
3793
9180
4232
4707
8045
8052
7719
975
552
5526
6440
1660
4520
5910
6744
8550
5403
7621
253
6843
396
9892
7924
2213
2244
4818
684
2049
173
2557
8443
7309
5946
9975
910
2397
8699
2951
5051
5574
7719
2549
9789
7428
8885
5947
7088
6176
8770
7069
6976
1666
8218
7135
5876
2782
8493
8413
739
6903
6811
9744
6888
2894
8523
2052
7004
6079
2690
4487
2323
600
9609
2240
2553
9578
1486
5838
6890
9646
2301
3519
9728
2059
5824
8496
1791
1338
5495
3278
8938
7600
653
7441
7795
1192
8421
2253
53
3043
253
7931
1708
5027
2104
8226
4252
1786
2134
116
8167
6084
971
9422
2801
9502
6761
7041
4535
5856
7990
3035
3700
16
8364
6565
2324
241
4361
6277
5128
4499
2626
841
9081
112
4277
7567
4144
7596
9622
1522
7336
1783
869
2834
153
4428
1309
807
8840
8454
2024
2454
7252
9348
2914
2975
3152
8259
6514
4522
9878
3515
8044
2469
8090
5442
621
4340
6667
7818
6013
5359
4722
6339
6473
8359
1944
2418
573
7794
3584
2277
6035
7704
5826
8183
4685
9470
88
5787
835
929
8225
640
3373
8021
8288
7422
9130
8152
7175
9734
2419
5023
3360
2532
1552
7386
2339
6178
9267
5235
660
520
3936
8632
7711
6645
4677
1027
9706
4081
7918
8285
5668
514
4394
6034
5151
6314
5475
4997
3197
8053
4193
7010
1131
9428
1162
553
3845
1679
7192
8741
3530
7111
7466
2255
6605
7921
6457
5930
9564
1813
3961
3410
4171
5299
3594
2871
8108
6128
3203
2266
4504
2384
6387
930
10
3672
8718
3207
6532
1016
4620
5392
7387
7850
4296
9545
2795
7218
2632
7990
6712
3877
5653
7465
2680
9854
9149
1468
6278
9167
4689
6928
1336
41
3711
8241
5799
8627
9902
1901
2651
7965
8688
8442
189
2296
3557
2092
5376
1229
4854
8626
5377
7497
2514
2611
7361
3279
7357
7954
2485
3218
8338
5923
4454
750
6042
5561
7182
9443
5720
812
3774
7010
7362
9024
1133
2073
1061
6372
1286
5595
2584
7877
4016
4973
6716
4482
3285
5202
4460
6352
8001
175
8729
9570
3575
6159
6275
7198
3048
4354
1169
7940
4254
4093
8475
6945
1923
5214
4190
350
7351
5186
1105
5297
5037
2069
4941
3122
9435
968
1072
8718
7666
6530
5294
5272
3195
4701
4500
5894
6154
6372
3466
1424
2815
8631
8077
6083
3328
5894
9034
6845
61
5463
5717
8244
3912
2742
3881
9658
6559
1429
892
4597
337
7340
2090
2113
6728
5905
309
2386
8858
5121
3310
6807
5081
6372
53
1488
5662
889
725
4441
1221
2923
7415
287
6954
2549
6223
9722
4260
9402
3931
4528
2386
8063
8289
807
5676
434
5093
7626
7845
902
973
5360
9163
942
7174
2870
4265
2225
833
5954
5447
6045
9123
132
6191
7287
1686
635
1596
8088
4061
6404
4566
7349
2492
1725
7404
5880
241
9416
33
7547
1536
341
2753
1158
6297
8468
9946
643
2351
4431
1543
6845
2461
7357
7405
8834
4571
1175
3186
6505
5752
5863
3961
5241
3589
7369
1094
3637
6960
3485
6044
1145
1278
2950
5634
5583
1139
1617
2677
8736
1401
4953
5488
3227
2359
6779
2508
7766
1135
2474
8062
1624
8810
8121
1142
8795
800
9832
7181
6611
9215
5849
9157
9821
7398
3632
197
2935
3141
6615
7795
5227
3722
1432
2913
7068
6021
2980
1564
8559
8045
6019
9939
2212
1986
869
4532
3455
3324
247
7642
9959
8658
6286
7001
9814
9042
3558
8182
7539
4286
7982
9264
6941
4948
6123
4254
3212
8223
6867
6248
9710
7691
9343
2994
2712
1363
3433
4847
5465
5237
9919
7373
8809
2004
8171
4960
7660
6943
6653
8634
6563
1794
9010
4380
7959
8473
5066
889
1612
1704
6943
5725
883
8968
460
4601
6991
189
2051
9847
3865
6694
4322
5
6218
9435
4875
9724
3525
7257
1256
153
5599
36
1566
8710
9481
2462
2988
9192
3147
6500
3276
5577
6073
5729
6137
1087
8266
7126
745
8386
3285
8110
1730
6017
8707
4670
6771
4006
4126
4632
1036
4468
8342
2021
9697
3871
5067
6011
2280
5071
5992
2089
8483
817
3713
2964
4464
2948
3563
6310
9394
8614
4808
2562
460
4659
149
498
9261
5874
4586
1007
3472
8974
6475
3290
2634
9319
3048
8678
104
6798
9303
3610
2507
6855
427
