20
39
22
12
48
40
35
35
40
19
1
15
45
12
4
22
21
28
27
47
44
43
30
23
34
18
45
15
16
36
2
34
9
11
5
40
14
37
13
40
31
41
29
42
11
8
45
4
49
50
35
23
16
11
44
24
13
30
37
15
17
46
23
48
45
21
27
35
33
42
14
1
16
33
31
14
1
10
33
31
8
3
15
27
22
40
30
37
13
38
17
27
13
35
44
32
38
10
6
27
32
15
34
37
24
34
33
26
23
28
9
35
47
50
37
6
12
37
47
17
36
27
42
14
32
37
42
38
35
36
47
42
10
8
43
41
15
4
45
12
4
9
5
35
49
32
48
40
28
42
44
22
4
6
14
21
15
18
36
41
10
26
29
4
3
22
46
49
12
30
1
28
7
7
47
15
27
35
41
36
23
43
50
40
13
47
22
43
42
40
16
10
44
12
13
23
20
48
18
4
18
30
34
6
45
3
29
5
30
18
35
37
21
45
46
22
14
27
39
46
16
26
47
14
41
23
46
47
21
36
50
22
23
4
46
37
37
11
33
25
24
6
35
42
40
42
3
46
41
41
6
2
17
50
18
8
44
34
31
21
6
9
43
6
37
7
20
23
29
13
39
46
29
44
23
38
33
7
29
27
31
27
38
20
34
45
25
48
25
47
8
34
21
43
20
14
13
28
11
12
4
26
27
47
16
10
43
22
49
5
5
3
38
13
23
49
46
35
45
20
9
1
21
42
22
22
37
6
29
4
20
21
29
28
30
5
28
43
47
11
42
20
30
18
7
25
27
3
27
1
31
20
25
37
16
35
18
32
36
13
37
46
29
24
5
19
23
35
30
17
11
19
24
38
21
33
50
9
1
7
15
24
48
49
45
1
39
3
16
43
6
40
27
24
11
34
18
33
42
2
32
25
44
14
41
25
12
49
2
38
29
7
2
28
12
43
20
13
10
41
41
1
32
49
42
27
14
4
32
44
23
38
21
4
29
36
12
37
16
42
8
31
12
50
35
6
25
4
5
7
36
44
17
15
5
4
31
6
9
23
22
27
47
19
2
27
29
29
42
28
28
8
41
33
12
28
16
3
32
46
8
42
31
41
33
50
37
8
1
4
21
19
35
5
48
19
28
47
11
7
8
7
40
44
1
16
43
50
41
6
49
22
44
27
43
18
35
7
10
39
38
11
8
49
16
26
38
27
1
32
26
9
4
42
36
17
27
9
33
50
32
11
29
24
32
10
34
25
3
26
48
30
23
41
20
12
4
22
9
25
46
45
21
26
42
33
9
19
48
47
13
5
12
14
14
12
31
38
31
4
26
23
36
41
38
20
11
40
23
49
1
8
27
13
28
11
21
35
42
40
1
8
4
32
32
45
50
2
8
5
4
4
21
41
26
38
25
45
28
3
15
37
47
48
22
21
2
37
44
26
40
3
3
47
29
15
33
42
13
34
34
26
35
1
26
16
6
7
32
41
40
25
17
43
13
49
47
40
48
49
47
5
18
44
12
35
26
22
45
23
28
6
2
34
21
36
49
9
43
7
49
37
21
12
4
18
24
21
9
8
47
1
39
3
36
44
42
47
24
25
32
11
15
20
6
43
34
20
9
26
30
30
15
36
22
12
37
3
2
45
28
27
32
24
41
37
16
44
17
33
20
37
17
34
43
17
2
46
7
25
14
38
37
40
49
18
26
39
15
30
34
3
45
40
9
42
34
18
20
50
43
19
31
33
13
50
28
6
21
6
24
47
5
9
28
6
34
43
7
44
33
16
12
46
26
45
18
30
11
19
33
18
24
9
9
37
29
14
26
34
29
8
28
45
13
42
36
13
22
20
46
12
12
1
10
42
37
21
10
32
38
15
39
17
43
19
2
49
50
7
23
18
33
47
40
21
8
26
45
9
39
43
44
1
8
25
33
2
30
38
36
19
2
15
48
27
39
34
41
18
26
8
50
5
20
21
7
45
27
11
15
39
32
40
10
28
44
16
48
46
9
42
33
43
6
37
22
4
39
40
7
11
45
11
45
38
39
48
49
12
13
21
21
27
9
6
41
21
43
30
42
5
32
3
42
33
34
10
13
19
44
35
30
38
31
1
8
10
16
6
18
44
24
18
34
7
6
5
4
35
3
3
44
8
5
35
35
9
20
48
33
19
22
39
43
5
1
20
2
10
23
25
48
8
35
39
37
43
45
2
27
34
24
39
8
10
16
8
30
40
32
3
44
19
37
11
1
16
47
45
8
47
30
18
35
40
50
17
3
11
