14
22
48
31
18
48
26
6
36
37
11
4
19
2
42
22
4
37
14
9
32
32
48
19
10
13
12
20
13
15
3
43
29
48
25
26
2
38
50
12
34
25
2
4
30
31
10
22
12
19
47
25
35
45
46
24
14
15
28
23
1
27
44
43
13
38
28
26
26
40
38
7
41
29
39
33
31
29
49
38
24
18
2
26
31
28
26
36
23
35
47
10
12
25
44
10
48
33
48
45
44
21
36
16
4
43
34
22
8
13
41
39
19
47
16
33
43
30
49
6
21
14
29
8
43
36
29
32
25
13
44
10
17
21
13
48
45
38
15
18
9
10
31
3
24
38
37
19
50
7
18
50
5
31
39
28
10
34
38
46
19
3
3
37
8
3
11
27
8
16
17
49
43
23
37
42
9
49
44
4
26
17
39
43
12
22
37
34
21
32
6
10
43
4
9
31
11
35
30
4
44
28
16
9
10
26
16
25
19
29
16
12
32
30
20
11
5
29
45
33
27
44
39
24
30
37
2
43
17
34
1
1
14
32
46
22
29
12
12
15
31
41
1
48
45
30
32
41
50
23
9
3
34
48
12
12
5
19
35
8
21
16
5
24
23
2
40
29
27
21
37
24
40
29
1
41
12
39
15
21
6
26
22
27
14
28
48
32
15
32
38
8
7
6
33
12
18
35
23
1
10
33
4
10
11
23
50
4
28
50
7
43
3
20
5
22
19
45
38
48
35
20
24
21
32
2
14
18
31
35
36
18
47
24
3
8
35
27
27
24
20
24
11
45
14
11
8
48
33
10
49
40
16
48
26
42
34
44
31
41
7
13
26
44
34
25
48
28
13
24
2
41
33
44
16
41
16
14
39
12
37
47
18
42
18
48
11
41
26
26
1
18
40
30
45
29
19
6
4
19
30
6
48
16
26
20
42
49
28
9
41
21
41
32
35
49
28
32
38
41
28
14
47
9
14
15
50
36
39
13
31
19
28
21
35
6
22
19
1
35
44
48
48
48
25
50
23
5
25
43
8
30
31
6
14
46
4
43
48
50
24
28
7
49
29
48
15
33
17
27
29
12
48
5
2
44
23
18
14
47
44
3
1
22
39
30
43
26
13
14
21
16
9
4
19
1
10
35
9
41
13
10
15
41
3
23
50
16
32
40
35
49
10
34
49
15
21
42
11
34
34
23
9
4
28
8
24
1
45
45
5
38
29
16
8
40
46
12
45
8
19
11
42
18
23
23
14
27
5
24
4
28
14
45
46
20
44
15
14
40
19
14
15
13
7
38
25
9
16
36
25
31
10
25
17
28
26
9
31
20
36
43
15
48
13
20
22
44
24
40
4
28
49
28
11
19
37
18
42
18
10
13
23
11
31
45
43
36
9
33
49
36
6
49
49
13
16
4
34
37
1
33
18
11
15
29
8
14
23
34
37
21
38
31
24
28
28
19
32
30
24
29
31
48
35
41
38
21
13
19
47
5
33
27
19
8
50
24
13
26
40
24
10
36
24
41
12
10
50
45
14
11
44
21
47
40
25
30
47
23
16
44
48
45
48
36
37
24
33
23
48
39
24
35
23
11
13
50
13
47
47
8
3
10
3
15
13
48
42
37
4
50
26
9
35
19
38
27
14
28
25
16
47
4
40
26
21
34
38
41
45
20
41
3
25
15
12
33
29
43
17
38
33
22
44
29
33
11
13
43
46
46
4
15
19
5
50
43
20
2
24
33
13
8
7
27
23
3
45
43
30
50
13
20
47
26
31
33
6
17
34
27
32
22
24
33
35
2
46
17
18
15
22
36
31
49
24
39
22
20
5
23
31
18
42
14
24
38
50
40
36
24
13
36
3
23
34
17
7
48
46
8
25
11
18
29
9
50
24
6
36
46
13
5
8
41
18
17
31
30
50
42
4
13
41
24
16
19
31
41
39
5
25
12
46
10
3
21
40
13
47
25
33
29
17
40
15
47
13
48
29
48
25
3
15
13
23
48
43
26
8
49
9
22
3
6
46
18
44
48
34
21
32
28
44
35
17
45
22
31
17
26
49
3
35
24
35
6
2
2
37
20
38
31
22
33
14
31
36
4
43
28
21
50
37
18
10
6
12
12
38
2
20
27
30
15
46
16
27
15
14
48
31
48
17
8
15
6
7
8
46
41
24
24
25
17
48
7
40
5
42
6
46
9
33
47
46
44
38
2
32
35
1
29
49
27
40
31
17
21
28
25
2
22
34
40
45
32
32
6
7
1
24
47
4
43
43
40
22
37
