57262.31
20542.14
5138.40
7482.95
11162.76
4582.86
17801.21
7357.92
9051.60
42726.40
4981.32
3369.56
1135.23
6699.04
18240.95
35461.68
21947.94
15436.40
4520.00
12150.81
22484.40
53577.20
36095.01
7199.56
24307.92
59101.76
53222.33
45047.25
76534.41
59631.84
79284.00
46023.25
22464.20
4460.84
13582.32
55512.82
53958.31
60160.80
7748.20
16854.00
4724.01
64428.00
61279.35
56444.85
40524.44
27669.60
41048.20
29310.28
35686.72
57173.16
24770.88
14126.88
49926.24
48728.46
55770.56
35206.08
22977.99
55143.22
70914.80
4152.52
42398.92
6552.00
38840.56
61384.75
53357.50
53067.68
21226.86
43804.92
4540.00
41553.33
8413.90
61300.44
6667.04
14847.52
67228.98
48597.46
41372.64
62766.12
36438.74
39888.63
9370.17
74534.31
1126.22
17538.90
63329.68
7087.44
24932.18
12313.30
81881.80
50225.28
7800.56
12973.77
10521.40
28759.32
2780.96
43946.25
9538.24
31083.12
39861.80
16355.64
65849.96
3051.24
37819.80
43111.20
27245.68
25997.30
76641.12
33614.49
35732.07
51886.38
35589.62
82262.40
59283.45
26613.86
19281.24
41403.34
29791.20
53844.78
33237.36
8649.18
44047.96
58621.44
31302.18
22775.88
43197.82
9351.90
8235.00
51303.12
9319.94
5132.40
14445.90
26868.82
12373.56
50299.92
83488.00
9064.50
16754.24
11870.87
51655.20
65823.50
46151.58
6512.00
24488.10
17308.59
32395.44
9690.40
4651.92
81551.56
43696.50
20953.23
45769.60
28221.60
18278.95
66202.70
75843.90
44174.48
20932.44
33761.00
29792.64
35182.95
80950.05
27507.48
7785.40
39039.85
10982.79
64964.64
39523.20
22749.15
61463.15
39262.55
48326.76
9149.60
34477.20
74658.76
58843.78
37894.23
28110.90
7411.76
47480.66
28096.58
6831.16
45197.50
43906.80
22478.85
42936.82
21799.36
6211.70
10034.64
37504.04
44883.30
24258.78
14777.84
34448.96
43262.30
22506.12
4465.74
51882.32
49157.76
1033.13
41175.42
41144.24
45887.88
31034.64
3109.30
48876.77
77438.27
37129.56
15955.83
15361.39
31516.25
15144.93
47577.92
48364.36
5085.55
7239.60
65135.88
60864.22
78629.81
28777.40
5660.94
62081.36
77073.60
3294.54
46295.78
59597.65
16927.80
10982.79
40604.00
14800.16
38664.64
33395.52
21655.20
77281.50
8703.31
29632.00
44546.97
20573.84
1543.63
7328.08
68232.00
46985.05
38992.64
54672.75
31839.63
45229.50
69474.00
19986.01
27862.52
78578.72
33159.62
46021.32
5137.48
37390.20
42788.44
36878.60
73689.88
42918.57
29851.71
9595.44
6711.04
51504.60
29788.71
48772.15
35590.38
50919.00
37256.00
28862.43
9397.26
32734.40
36389.22
58442.16
44688.24
18809.70
16425.78
18300.20
81336.00
59023.69
18896.04
42476.72
40679.29
14776.20
19468.67
53104.62
23697.74
36560.40
3498.78
42137.22
54061.28
12241.88
29171.93
27478.80
66121.11
6781.32
6096.55
26590.31
47187.66
69974.50
20615.84
62149.64
5309.68
49732.50
49556.48
57348.14
50407.72
1780.87
43766.19
37488.96
25745.72
17112.34
44002.44
8363.85
29111.00
25013.30
23917.74
5581.96
90451.06
69188.52
60482.17
59402.70
25843.16
9220.10
19971.84
46333.01
31313.00
18450.14
47652.00
36038.16
38282.00
60651.69
32019.66
40281.09
71601.27
75499.65
75680.16
51797.35
64484.20
11457.11
64020.98
64257.20
33404.28
94899.50
10987.62
19172.28
8519.00
67774.98
19957.44
54336.72
6895.56
19072.02
1751.84
42826.92
21934.92
16495.49
53560.64
16487.40
44021.25
37395.30
21506.31
49157.15
32942.58
3288.54
2168.36
20181.42
57316.18
74812.69
66202.40
69453.93
63655.20
23569.68
83415.36
28850.80
62077.49
45742.67
33371.52
1251.34
18724.32
72988.44
5573.85
44069.19
48760.48
15652.80
52357.00
42634.62
81301.44
5020.45
50040.65
63732.08
34241.06
16052.40
53221.35
61073.28
13064.00
13192.19
30079.52
29049.02
8841.60
46801.92
18632.34
17426.87
72021.60
41072.46
61451.13
17013.30
10577.43
33966.37
28366.59
47551.92
32616.00
52437.84
23419.20
41775.37
8674.10
45262.47
49056.30
37483.60
10444.98
63860.16
18948.30
16247.10
51906.50
82337.00
29766.54
14163.36
28827.05
75719.20
2784.06
20439.10
49289.24
9290.08
1790.88
76220.10
29407.86
9706.48
74452.31
59663.20
39102.48
66528.97
27461.52
17269.46
12856.68
22770.31
64836.64
40094.78
38023.92
56610.06
74334.12
17629.05
26236.60
66490.65
15661.95
74129.88
34356.20
37351.38
46133.61
34486.75
37800.64
5641.05
28164.58
13236.30
26582.60
45191.52
15515.50
35943.10
55282.89
30872.80
56188.57
56763.27
41863.64
20488.14
27109.73
24785.67
30759.21
47024.25
26461.12
45552.60
55655.45
73493.28
25773.72
79508.25
45229.50
41645.60
52327.44
58372.07
9084.55
57758.86
22031.38
62204.01
40707.86
29583.19
55443.80
11513.11
14463.60
4684.95
11996.60
53737.64
49893.60
32045.31
14475.90
1140.23
81580.50
22536.72
27089.26
57962.50
6907.28
4057.32
46473.75
13019.65
64613.25
72456.61
36183.24
4913.19
82647.36
62470.80
59561.37
44591.36
56214.06
15844.92
8224.96
15614.61
32025.35
62155.45
38298.26
2550.74
84594.83
14367.36
75184.20
48594.48
24678.27
69945.92
19566.00
44951.28
43796.90
27929.80
64693.62
11226.06
40177.32
48626.33
11452.40
21965.92
44118.48
38484.88
25086.46
13496.84
17280.62
11989.08
5774.16
25370.88
31344.10
31473.40
58989.48
43570.75
1004.09
42319.50
81182.71
40560.40
32419.52
34413.33
40003.20
33900.24
6902.56
53174.94
13272.56
47960.70
17298.72
3623.80
15955.74
24486.40
8977.76
21187.78
84360.78
14755.84
10802.77
34387.20
75806.54
57559.05
37922.61
15141.06
19992.84
40723.92
18375.50
40075.56
64677.55
27668.16
37860.61
38418.23
3654.93
44664.40
11900.64
11874.69
44448.10
19861.28
56961.50
32372.50
59342.70
26678.16
12293.04
22448.66
14865.80
30878.79
35378.10
73278.00
41384.10
65638.08
22391.84
6847.24
54003.35
75655.90
55829.28
36494.64
61804.80
72809.00
51238.94
45914.96
36003.59
2959.14
82743.36
40435.52
18848.34
5564.82
17731.20
11268.00
75883.36
26524.08
65435.58
14490.90
24397.92
37759.92
38428.32
38565.71
56507.76
41116.20
48760.48
11895.00
30758.00
3163.34
14445.40
34814.16
36522.92
15246.10
37599.84
30887.47
24932.18
9860.70
61073.76
21208.86
45997.56
48488.70
46458.88
68672.40
40979.68
57410.14
13937.76
5217.56
4665.15
3743.92
63664.51
25114.56
32184.50
12640.50
36822.72
56851.20
54702.14
53048.00
33646.34
39921.39
35237.50
32307.84
42366.46
30797.76
40456.46
42893.24
24140.35
28542.72
5089.48
6071.50
61841.52
20448.45
13694.60
14070.30
46954.84
17434.76
22403.52
17785.44
41263.80
10132.68
43275.90
58093.07
67026.30
40556.21
49003.62
1143.23
34894.53
45592.82
35967.24
43193.64
5192.46
8613.18
71784.44
20249.45
47741.30
26164.16
1499.59
68923.50
33805.64
27587.16
59348.73
19492.96
16385.92
31669.66
44039.52
9237.78
42100.01
25975.35
52241.84
14465.40
52723.16
42504.92
82195.48
35719.43
33586.00
33475.15
34701.24
57976.05
39453.05
49684.80
39936.46
24119.34
11208.24
27597.12
3829.11
54588.22
4252.64
73709.76
37495.59
47240.70
38260.11
61890.24
19116.13
56642.04
42245.60
69119.14
40552.28
66599.04
7562.10
79328.25
78578.28
11972.90
54614.88
43941.26
18560.40
53473.64
28988.05
48684.33
62028.24
26022.45
64730.25
4172.52
57966.05
58441.60
30883.00
20433.96
27573.70
58950.22
13610.63
66604.65
18648.76
68084.52
57541.20
72008.44
31818.51
22821.48
37637.34
12991.77
5423.70
72716.40
53764.55
70425.00
27728.61
31665.84
24987.36
55455.40
32942.58
1290.39
5030.31
20701.67
10234.96
69899.48
30612.40
47790.12
10997.52
58216.76
43426.80
35410.85
8481.20
78901.56
13090.42
46081.98
37349.78
23445.40
52393.77
45303.65
36327.36
34922.52
37014.25
10299.04
31984.50
9670.20
1022.12
22948.86
62623.74
42256.35
63320.08
3805.98
31433.50
31253.20
69303.10
52669.87
3003.20
75981.36
40299.20
29643.46
57146.18
56126.07
24451.75
2404.58
3115.30
26800.98
45624.96
3294.57
39276.90
41604.47
61917.80
30440.34
5526.00
19667.28
50106.78
42092.80
17982.03
21322.32
6661.20
14010.30
61805.16
40059.87
26632.26
35432.42
14783.86
2987.18
9826.38
47521.69
30817.28
964.06
63850.98
8152.88
8114.75
72026.50
14920.84
29596.86
28896.43
57734.74
44357.10
1797.89
14185.10
24434.64
67422.00
27442.98
14094.80
55008.10
2330.52
44625.36
5473.84
11508.60
58436.56
48083.20
6056.50
46831.43
53977.60
31920.00
38703.94
3760.02
35795.62
55724.27
11106.76
54430.42
51461.73
49387.80
56825.18
12543.50
11756.48
66922.20
16031.68
43569.47
87548.16
39767.70
10385.06
56635.52
28853.59
38857.00
63081.62
14235.10
23785.60
9260.20
42240.80
22691.88
32709.70
56556.96
13902.64
45834.36
27269.00
35908.76
26361.58
3468.75
63670.11
6116.55
27498.24
24361.76
68111.82
18199.65
71676.50
40402.23
35985.81
3567.74
10635.36
69856.06
49717.80
61480.80
79461.42
16781.82
33760.53
13258.30
72733.44
20782.60
23881.44
10298.96
8612.24
7091.48
23082.66
41044.40
45171.75
78983.50
47131.04
13687.74
70193.97
17854.98
43135.88
52520.65
1564.66
16137.00
71913.27
47861.10
47348.88
60420.36
18941.40
76831.00
18758.34
58299.79
64268.00
15211.50
88460.64
92903.51
54794.96
59535.84
69583.08
35978.70
67070.40
74077.60
73123.83
24193.84
21930.75
43813.44
87361.12
75231.72
45689.60
26343.12
40171.20
32143.82
72456.61
2012.20
5425.90
66922.20
66247.52
40410.66
21946.92
37660.50
39394.40
84359.36
20847.97
15421.64
15746.70
30733.00
81523.75
18457.74
27786.24
48814.89
6134.52
22055.52
5986.45
46724.00
45189.79
64438.06
16337.52
