4882
499
5234
3571
5351
4918
3316
9895
2642
628
1173
5872
8309
5622
2339
8463
8989
2717
7989
5423
2108
6696
5967
4887
3783
296
1019
8953
1116
8278
7233
9990
6472
2702
7142
2961
67
3798
1476
53
1997
7597
6696
3837
2911
9656
3254
1180
554
7826
1529
1400
6996
8862
1950
8433
406
1631
4700
1411
6132
6027
862
1578
5170
2909
8642
6401
5553
7430
5828
2976
3783
4499
7255
5443
4971
4309
8594
5935
6834
6160
279
6970
1017
8586
6682
7975
2936
9242
4569
4925
9684
2604
2629
9566
324
2585
6614
4911
7419
6204
3860
6184
8217
7093
582
9362
2568
9048
1707
7276
8917
4719
8440
7063
4662
1363
1649
9574
6210
9654
3449
7137
6361
5116
9387
1320
7454
5150
4241
2230
3590
545
5248
8989
2541
3555
8234
7198
9961
160
1228
442
3866
3268
2688
7965
4014
6862
8359
2390
9209
4912
9386
6632
265
230
6571
7859
1323
3916
5014
5909
997
5932
8630
723
643
1559
9083
2028
6659
7751
9357
262
7988
2327
9404
1862
9
5721
1367
5144
9277
4621
2876
5541
3792
980
5408
5848
8021
3085
8992
8048
5064
1429
1992
3248
623
9845
1029
8288
9196
7032
4784
2485
5799
3077
3604
5703
4744
1071
2806
297
5412
8900
7298
5892
2235
4329
9351
7851
4540
694
3839
5640
2054
67
2672
780
3747
2859
4886
7921
7098
2088
7666
8716
9341
7824
1470
7685
9684
5017
8789
1695
8435
5117
5620
8710
1885
7085
7141
8268
4852
4405
1137
6466
6061
4810
2895
4311
5415
8429
5204
4135
1376
7019
2623
1892
5594
3009
6877
1541
3850
4629
5955
5762
789
3877
5166
1076
9355
3043
8646
7174
8047
4415
7235
4709
8784
7738
6296
5759
776
8232
527
7909
5924
2528
2803
3417
5138
8861
5385
3138
4396
6207
4577
8103
2686
7336
9067
8107
6497
2632
6563
796
9247
801
7359
574
4094
8873
9449
8158
2704
2607
9210
9621
9945
1233
6319
2706
191
6553
1421
4577
4566
237
4881
4556
8719
5601
6729
8783
1342
3786
4411
7044
3591
2780
459
3240
4658
8421
7247
2115
6674
8722
2541
614
3991
6641
4110
6154
9067
9818
8790
624
914
2210
3099
9866
7310
8580
5943
3946
3992
8559
7223
1191
4747
1778
7451
4736
4170
1439
8587
1630
8679
2400
3130
2063
1521
7245
3760
798
5347
3540
436
7599
2585
6672
3050
7759
1057
2613
8387
7453
6582
1460
1739
5681
5537
1209
5333
5192
5275
6141
8662
4990
615
9735
687
4681
3275
738
5369
4834
4405
2534
7128
5687
5154
214
4336
9003
2709
5658
9089
4344
196
9506
1095
6068
603
9985
4906
9188
1003
162
783
2139
4529
6604
5964
9089
4727
1078
1050
4500
3065
615
9681
5707
1014
7876
3591
8446
5054
7262
5419
4825
9287
2258
6725
3078
6023
1329
676
7465
4759
4458
13
7797
875
677
8750
5712
7186
1256
9824
4592
3544
8261
1196
9270
50
1696
9862
8180
4727
7436
6672
5104
6489
7316
5037
6345
6888
4441
4336
2332
3221
4219
1038
5231
6384
4343
3434
7655
6289
4260
9131
93
5472
6506
8921
1739
8834
7643
1476
8508
9846
6265
5359
5915
3547
8628
7149
6685
287
5882
3856
3646
2489
9635
5294
1119
7929
2961
5976
3359
3550
2343
9290
6485
3850
4859
8998
7478
2377
3933
6719
3093
3426
1320
127
6314
2851
3308
7306
4554
5552
594
2752
5642
6205
9454
7857
6934
8262
4438
2000
5989
4871
4922
4704
8985
9180
3052
1139
1771
8071
3084
6180
388
9114
3533
8671
2288
9763
2035
1048
7442
5013
9621
115
2408
3131
5070
5337
4753
7875
6021
2689
8886
649
4246
2993
111
3686
860
2625
1646
1468
267
2189
9244
5104
9986
8178
9083
2257
9972
6127
4188
6070
3471
2961
8843
8135
9243
1307
3924
484
4213
7291
4783
3319
2117
4096
7401
1878
2544
7679
8842
7699
4649
2507
7357
616
7172
5040
5541
5852
7957
8405
783
1661
3776
6826
8449
9727
5258
5271
8305
8282
4281
3194
9024
4358
6387
9266
9330
5938
1366
3219
7726
4167
1209
6432
5391
5070
5211
4363
7517
9263
2289
947
2735
2861
7464
2620
393
4793
3931
4076
999
8548
3766
2118
3439
7359
2955
5781
5196
7387
9537
5428
2268
3993
7575
1587
8698
8352
7314
4929
9903
6517
8456
3385
948
5559
3383
7734
4644
1535
602
3573
1514
9264
6675
1116
700
6562
2244
9443
8833
8459
8860
3374
4947
3201
5828
2185
2681
7689
8554
3818
8720
903
119
6996
345
2577
7595
5865
8122
8485
8651
3387
176
3206
1023
7824
5313
7084
1559
7276
5515
2057
4081
4905
2613
8960
6085
6326
1000
182
4989
9467
7968
109
9342
9884
8803
6701
7976
6210
5794
3227
1919
5078
382
4647
1542
206
2822
2301
2769
6870
7327
8977
6364
5032
9610
2504
6964
654
2191
488
2623
1057
714
1092
6381
9513
2154
6650
1219
3765
8489
1355
4938
7125
5958
3497
3485
3675
6812
1330
7315
5265
7692
1387
4959
5775
1654
9403
5080
4624
3871
2294
7612
8762
3472
8155
9761
1562
999
8247
8171
8761
6086
4421
4037
1968
5466
402
9376
787
2399
9066
2826
1836
2051
2037
246
9727
6478
5051
1251
714
9286
8459
6614
5753
8476
4636
4408
3125
7835
1892
9015
6207
6483
4807
7124
7835
4618
6257
8653
2532
4346
8973
9993
6375
1429
3406
3965
4070
6835
103
6386
5819
9781
6065
3941
2184
3045
7271
137
6358
2786
1697
9674
2145
6932
6485
2681
768
4961
4341
861
2480
7753
1946
6210
9946
2749
8076
679
8674
6499
6276
7297
3307
9127
5189
1027
4372
5072
1807
2045
2227
3778
2213
7635
3530
9519
5875
6580
5406
9312
1258
8201
8764
4625
9617
9461
4060
3451
9567
4755
7113
232
7393
5808
3123
7140
5647
5129
1011
8420
1838
5299
4418
2485
5314
2101
2321
100
9629
9855
9334
8469
