496
476
103
99
1
267
221
141
452
121
21
495
221
192
338
50
462
174
219
495
329
384
442
415
183
110
420
453
11
411
451
90
379
8
190
85
469
82
487
435
456
341
171
468
199
326
62
391
341
22
95
358
181
401
420
482
393
22
203
134
136
163
470
59
154
157
455
150
415
24
217
317
360
114
65
116
160
481
402
265
195
460
19
203
93
51
28
127
292
452
79
17
215
78
137
271
24
348
391
317
352
310
30
68
28
456
298
348
347
472
172
236
300
365
422
117
386
179
232
189
260
445
481
75
292
53
460
472
335
347
453
342
376
405
373
287
276
425
374
404
234
105
7
164
492
435
474
293
311
246
105
391
459
160
371
380
102
491
341
4
324
487
94
76
80
300
489
201
156
57
356
420
349
271
488
372
336
429
53
447
365
65
301
497
304
54
137
448
192
332
48
382
387
156
47
156
157
466
64
221
137
135
445
46
110
349
119
395
229
237
412
279
175
173
490
1
426
313
162
125
432
26
169
230
3
191
399
181
353
442
137
245
196
218
428
119
304
148
397
137
401
344
176
240
108
263
465
235
340
392
332
5
124
34
318
82
476
199
287
495
356
141
106
309
368
430
49
61
145
439
37
378
11
9
491
237
415
95
23
391
329
76
438
125
113
75
441
6
53
212
438
244
12
313
160
286
348
57
373
423
219
245
30
369
121
205
122
373
67
330
55
333
480
311
53
202
264
500
263
130
254
499
246
461
75
115
279
215
320
412
3
423
72
451
356
64
262
133
412
67
356
102
196
234
282
436
95
405
462
47
375
87
328
310
417
212
135
172
192
232
228
383
236
26
322
439
401
324
433
293
410
328
117
25
259
112
456
401
64
119
374
372
194
197
380
485
69
3
297
356
367
117
161
411
142
406
169
4
9
60
163
41
134
434
442
121
499
162
183
334
468
451
159
397
350
72
55
315
109
415
351
239
498
353
118
460
159
164
447
409
484
75
78
358
416
249
178
52
373
284
406
349
421
60
217
282
227
95
498
327
16
292
117
410
414
130
344
455
444
27
390
380
301
13
443
185
167
338
69
490
349
201
109
331
75
367
271
148
99
233
210
413
55
89
329
402
424
432
196
173
418
204
294
87
150
178
182
315
420
164
175
377
481
461
18
284
96
396
220
357
353
226
149
499
2
347
462
64
170
361
56
211
322
478
449
161
83
439
109
277
228
232
60
258
274
363
376
419
358
400
257
426
249
35
106
454
6
328
199
434
126
183
326
62
311
184
69
263
436
67
433
483
61
343
279
259
68
219
49
218
296
41
129
118
3
348
476
441
303
271
209
409
166
498
19
332
55
121
214
4
269
378
497
144
71
285
267
339
210
308
73
477
432
36
225
305
59
17
247
365
446
82
407
417
66
28
138
272
226
326
140
6
303
318
359
292
490
219
265
316
198
417
278
253
132
435
76
250
343
163
199
194
155
449
251
455
343
55
150
323
453
105
444
96
143
111
31
69
60
434
207
237
261
407
484
475
4
85
56
404
299
206
308
31
24
370
9
364
337
19
260
97
137
57
50
367
23
36
41
5
363
303
142
60
204
76
62
6
358
200
268
9
39
8
365
317
481
414
111
411
237
211
430
360
235
1
89
434
360
497
281
268
496
388
220
216
378
465
469
479
347
69
59
492
46
463
302
100
223
86
215
95
289
51
172
165
211
185
497
456
51
102
189
115
482
348
344
16
357
480
496
89
164
500
277
290
419
208
140
70
425
466
175
360
103
296
452
208
336
54
269
247
149
103
50
40
118
451
314
122
173
155
95
254
260
94
94
7
465
92
412
113
452
8
464
345
107
395
403
418
91
432
203
325
151
116
412
238
225
247
132
285
427
314
14
399
91
249
43
204
46
383
484
195
255
181
191
161
135
330
416
84
305
177
463
283
491
454
379
297
333
349
2
392
343
111
5
285
424
15
178
102
235
140
447
453
120
106
19
274
296
351
47
120
124
111
383
486
365
270
272
40
434
431
26
97
129
325
159
337
463
378
335
5
494
291
124
182
415
379
95
181
248
303
147
209
143
345
280
102
214
191
54
210
3
491
347
1
44
355
228
145
237
388
128
240
368
212
217
88
252
365
185
279
489
17
22
302
223
219
298
428
414
283
346
465
115
82
60
339
282
296
182
346
205
68
463
127
383
30
11
472
327
4
186
298
83
200
186
344
123
456
133
430
104
228
217
418
25
73
109
267
259
492
287
492
498
320
457
86
173
45
493
399
219
179
132
406
475
199
