40
2
2
9
3
29
49
17
19
40
25
9
34
35
11
32
8
49
4
46
35
20
49
37
17
3
7
27
7
17
31
32
10
20
44
43
20
49
39
31
50
40
50
34
34
17
5
32
42
4
21
1
40
41
37
39
10
47
27
14
19
27
27
48
3
4
46
38
49
16
12
13
28
23
33
6
17
12
13
20
24
8
47
49
3
32
20
22
9
42
31
18
9
16
34
9
23
28
41
13
32
18
23
15
21
39
23
47
33
20
46
4
50
10
36
37
33
40
2
12
49
46
18
10
23
11
47
37
20
25
9
43
9
44
33
16
23
15
12
32
33
37
20
29
13
11
2
31
40
40
31
14
35
39
25
26
46
16
11
32
49
41
9
43
19
21
28
27
30
36
41
17
27
49
25
44
48
32
37
7
6
13
38
28
3
40
9
5
10
23
4
40
13
22
2
14
27
38
34
47
3
43
22
1
27
2
8
23
22
11
8
2
17
36
17
39
24
3
11
11
8
21
41
45
26
39
20
37
49
14
44
15
34
24
36
13
15
4
27
42
34
18
7
14
43
17
21
1
17
32
45
32
42
25
19
10
41
33
19
39
13
33
1
47
22
44
1
13
35
17
19
21
40
30
19
20
42
13
18
2
43
14
15
24
2
22
13
20
6
39
47
7
43
42
32
36
39
12
44
41
17
40
21
41
10
33
13
19
48
27
43
41
26
41
41
39
49
2
11
11
37
18
9
18
23
50
22
31
9
43
44
30
47
26
8
50
13
46
1
10
19
38
8
36
24
37
19
19
7
3
33
28
24
30
9
28
9
46
5
36
26
48
21
34
9
42
27
13
35
40
28
36
26
31
49
35
39
35
47
35
20
37
26
3
16
16
45
4
31
42
5
50
26
35
16
37
5
1
8
49
47
23
5
11
23
23
2
34
37
5
44
46
29
3
14
9
18
39
49
45
49
49
43
22
38
27
3
32
37
5
8
46
8
38
1
44
11
22
7
36
14
41
40
15
18
41
26
29
50
44
20
6
21
26
47
42
33
20
9
50
1
4
45
28
41
48
7
15
16
21
40
17
32
35
36
40
18
43
37
43
25
42
38
8
36
17
22
3
26
32
7
34
27
45
37
48
10
35
18
44
34
31
46
11
25
47
26
27
22
14
39
16
41
26
22
25
26
10
18
43
18
43
17
18
16
28
34
37
36
35
27
18
21
29
16
28
29
3
32
24
36
22
29
9
34
14
25
43
35
6
16
7
8
31
13
33
16
29
36
46
3
1
43
16
1
14
19
12
46
22
44
26
46
1
27
12
40
34
44
4
33
46
44
17
15
27
42
3
19
22
27
48
17
50
25
3
19
45
43
20
20
4
5
39
15
33
43
6
50
43
4
40
30
28
7
5
19
36
43
36
36
35
4
27
36
11
15
8
35
14
36
14
38
9
7
25
26
26
26
19
46
41
23
25
43
5
20
45
33
48
11
38
20
44
33
49
13
10
27
49
28
33
16
16
7
34
29
43
19
40
9
9
12
9
7
16
2
13
13
42
4
46
46
20
22
39
50
35
7
38
26
28
15
50
17
24
42
10
36
41
25
6
10
22
44
37
31
24
22
50
33
46
26
2
34
46
36
7
25
19
8
39
36
24
37
30
49
39
9
21
28
25
6
17
44
49
47
18
35
2
2
14
20
33
15
35
44
17
26
23
34
49
42
27
26
19
1
41
24
41
35
19
8
21
48
8
49
1
28
29
5
30
31
19
32
45
18
47
26
4
15
15
15
26
24
21
27
47
22
18
32
34
40
9
21
41
16
43
1
50
22
14
40
5
43
37
6
17
31
4
18
47
16
33
10
7
19
19
29
22
8
12
33
32
25
19
27
42
45
32
18
32
15
21
9
15
48
36
33
21
20
46
23
40
4
5
6
28
29
24
30
49
7
15
45
23
41
21
11
6
22
15
18
34
21
31
33
35
25
26
12
31
16
37
34
40
50
6
42
17
33
37
31
26
3
23
49
46
33
28
37
20
6
10
17
45
26
5
29
34
48
48
14
29
16
41
7
8
26
30
27
13
12
4
9
30
24
18
5
7
36
40
47
28
11
34
49
24
46
46
33
26
50
28
25
9
7
8
42
20
14
28
19
21
17
32
47
20
28
11
9
42
32
15
9
50
42
31
17
26
30
44
12
16
50
47
8
46
37
18
44
8
49
8
12
16
50
6
42
33
37
32
26
42
26
39
42
2
28
25
8
34
35
8
16
20
24
44
44
14
