4388.76
18055.80
64823.85
48801.48
25551.18
31789.32
14495.40
87067.20
19585.80
20665.68
45798.00
62260.10
18621.33
28530.40
84040.32
88364.64
2480.66
84040.32
6991.36
27959.64
63952.98
32091.84
58188.42
5543.82
50705.48
23979.20
40793.00
7195.52
53272.00
12010.67
75054.76
39690.05
55257.90
68888.60
72031.05
18424.80
32399.03
20226.60
1868.06
11075.64
18163.32
41883.22
46507.01
50090.82
21695.52
55568.80
19172.44
16577.64
16587.50
32482.80
22686.30
5273.60
36286.41
59199.00
65589.75
23224.64
5656.10
18951.02
43934.28
26588.40
18289.65
26450.38
38466.18
14767.52
10396.92
20262.22
7099.44
32314.20
63225.60
29056.25
49787.20
3079.26
54410.72
36726.12
9164.60
43516.20
35545.62
19505.85
39744.12
18356.36
10907.46
43307.04
11190.83
15669.72
23945.28
51656.00
64653.00
28591.20
14967.68
2582.76
30663.30
29156.25
49528.08
79245.99
25995.06
5591.05
14705.60
50724.90
29821.50
46342.92
46216.17
14305.20
50732.19
59942.39
60838.26
58952.40
74597.26
9454.90
36869.44
17425.08
6176.65
54813.96
26408.20
35710.72
78274.56
46921.60
17461.08
1392.49
46449.01
52780.87
36854.88
42795.98
61967.36
29824.48
85206.30
31716.72
37719.40
31747.65
32614.20
42745.36
30463.84
14491.68
36515.43
14775.52
35205.80
75314.13
15109.25
55070.71
25786.35
53318.43
16566.81
27730.00
54297.60
15451.80
25287.00
14595.50
16978.40
25481.50
55860.50
38217.28
2861.04
49140.16
9922.57
35618.72
26055.54
56099.60
26514.12
7527.95
12132.88
46850.85
49998.20
37072.73
4412.76
63282.60
24511.76
23699.46
66077.56
72484.44
58561.56
56140.00
13117.72
64287.64
29016.62
12469.32
41227.68
17778.96
8859.42
53289.60
29804.54
27696.45
56315.20
18804.16
7415.76
89394.00
15206.10
16025.16
21322.44
33719.49
33040.19
10861.55
13090.28
43382.70
70213.92
26262.60
18628.00
92462.02
55701.34
3270.54
17608.50
1165.26
13446.16
34064.91
35637.40
94799.50
55790.28
33035.28
29867.40
40242.50
23788.96
7287.98
21148.40
23112.48
53706.26
7932.61
9838.71
41534.40
46525.68
36951.12
55486.34
1012.10
70870.80
65156.40
69272.80
16495.49
64328.40
9044.50
40137.39
2438.62
52662.18
7127.60
20864.44
76024.08
28965.05
20565.72
19508.64
30869.68
72796.40
20541.60
27604.75
18259.20
40940.28
32002.88
38349.89
40793.00
23604.27
30529.60
16177.10
18964.48
46050.50
28055.25
60511.68
54463.11
21044.10
25462.08
29191.00
25056.54
20181.60
14815.70
71939.14
33663.63
12293.04
6541.08
48645.87
25407.20
61980.10
17587.26
28458.59
4749.08
17307.87
38670.12
57826.86
61929.36
24434.10
5612.88
55918.80
3397.58
44446.27
10868.48
14118.80
51209.76
18015.03
56922.45
1461.56
59015.78
58322.91
31136.76
18686.69
8433.27
18470.16
25179.36
47615.75
26758.82
34716.96
15486.66
59518.40
10063.89
45049.05
13208.86
24310.65
3203.38
42405.00
46426.60
16330.38
51040.39
58946.58
37596.96
17403.75
12101.67
26263.58
7936.72
21869.76
51702.40
17911.62
14528.00
14541.30
20161.85
40258.24
19724.25
5528.79
78055.25
60964.40
11396.08
59358.56
38056.96
16743.15
69457.08
54321.96
39449.52
4336.68
6090.48
43101.12
36198.00
1107.20
19588.08
17818.38
11856.00
18443.74
61021.35
25591.72
19390.54
3594.87
11362.20
28096.58
65433.03
10756.41
38857.60
4284.64
50634.90
43306.55
39282.80
27478.80
40105.23
21514.68
11472.60
19534.28
62590.44
40560.40
1049.14
47855.00
43373.62
4811.07
47551.66
45461.85
25091.56
61918.27
16787.70
23068.36
36215.52
68205.82
27669.60
51925.48
20182.00
11832.70
1575.67
57150.06
12333.12
7282.70
5137.52
51064.37
22734.15
28806.00
12129.74
27839.34
3777.96
33008.67
71096.76
40154.10
26861.12
81253.44
30777.32
57516.84
18094.50
11492.11
79608.13
17678.50
7784.56
16746.36
65257.23
81096.71
79812.00
86340.50
74123.70
8777.52
50505.00
67751.60
11112.10
3417.69
36424.64
25143.09
27308.64
5711.15
9775.62
46318.31
7773.25
10715.22
4997.36
47573.53
25595.03
38850.12
77781.48
4725.20
38249.28
15616.77
16059.29
27488.97
41198.46
23424.75
53370.62
57480.84
70875.36
17309.00
30861.32
15991.22
4973.32
26489.12
9469.90
46724.00
17010.12
6827.25
17250.72
15878.51
47615.52
19425.06
30303.68
54017.60
76147.41
6234.56
35043.03
45815.98
34148.80
10931.60
12317.04
71717.88
81570.57
11251.92
43519.52
58221.60
32559.75
21306.95
2114.30
40250.56
53817.05
51085.02
73029.00
1003.10
65937.96
56399.10
10791.41
47379.84
46514.16
78783.00
9565.22
1900.08
32009.25
22504.40
14442.30
22067.16
1372.46
54298.56
53067.15
43563.30
87417.65
31034.64
27100.21
70101.80
31644.22
22838.48
81097.14
24197.25
45450.00
29887.20
13398.56
20496.71
8118.00
57111.50
41399.96
36800.40
22327.80
8752.38
14280.12
3389.56
9882.56
34455.33
74679.50
41633.14
53256.62
39102.00
60664.40
15688.80
34003.06
31281.18
45410.47
11496.60
3203.38
35177.00
5978.36
10293.92
44281.60
27181.98
41147.68
71374.67
32963.28
51609.60
24422.03
41410.77
3377.56
46083.60
28760.94
32686.20
23625.40
28542.24
22656.84
35534.76
50649.20
73114.86
29797.90
70297.92
49249.41
37427.78
13326.00
46922.82
16836.82
58117.91
26289.90
13326.00
5786.12
23929.28
58240.38
22704.60
39288.16
29947.86
41714.40
89299.53
7538.00
26572.35
59262.53
71643.84
29641.19
79905.77
28734.94
964.06
30348.76
87982.12
18902.52
59847.92
6692.35
7948.40
2904.18
71789.90
20701.67
49012.02
67515.93
23329.68
40808.90
42320.46
13131.30
49653.20
56423.40
57215.55
76302.50
30116.20
5706.24
26937.40
39321.05
41128.89
70718.76
79977.85
54582.48
42893.24
4249.53
12749.44
26983.35
23818.83
43849.50
40962.90
11141.76
3255.44
34012.89
20854.40
43811.88
64013.60
47109.40
23012.22
42572.64
13610.63
12025.08
40658.10
29533.46
40292.50
69481.92
4681.95
25065.56
39754.84
36183.60
16072.83
36060.75
34548.72
15537.12
17230.46
40142.50
48594.48
27641.16
34207.06
6278.64
79137.66
10104.71
39895.20
34548.72
37300.20
55866.56
7478.04
45553.92
3169.34
55535.80
72316.80
7017.50
35813.25
2937.12
79063.16
56716.20
29815.92
48716.80
66521.56
16880.82
62700.30
4352.72
38606.70
62058.01
9379.80
27122.88
27960.60
3701.88
45985.32
87794.12
6967.56
10496.34
5165.43
39535.86
7103.44
22025.75
7132.60
40939.84
36360.74
26431.72
63318.78
53396.10
33485.75
27675.67
3153.45
43078.08
49552.92
9747.36
34400.52
19614.42
10571.16
14379.12
73392.40
74166.89
45383.52
27918.52
50708.61
59801.39
21464.52
55418.24
43767.20
52592.76
6014.36
10896.00
4042.32
20132.32
50002.38
48969.77
65141.58
52261.11
22451.94
48800.96
54506.22
4616.96
47335.40
75216.96
45759.00
36056.18
28162.42
14718.86
26570.16
57707.05
17479.08
47294.22
10188.85
72071.85
6853.44
32144.58
21877.24
42299.82
38929.55
92146.50
34854.08
85235.24
7063.70
34337.45
6972.40
38598.42
70730.88
53558.00
39118.17
10261.20
36405.60
16271.50
43022.25
5586.00
3797.98
38056.32
59107.30
26314.86
69198.98
48814.50
61805.10
10821.70
51354.94
2072.24
45798.00
16257.76
67875.72
69776.96
9509.95
49212.80
4450.71
33635.40
34778.16
20415.34
18704.34
37363.95
45724.95
20980.89
88989.12
37392.04
41220.00
36778.72
30483.30
32819.04
32760.00
34125.96
42960.87
42030.90
72318.26
1806.90
25016.88
34537.00
9883.71
61865.60
65833.95
34518.41
1076.17
5686.08
30082.92
67848.00
84500.83
8276.82
20052.01
5489.84
27537.90
26467.35
68433.82
25511.60
57501.20
5189.46
6925.50
61625.70
13313.93
12923.80
60183.36
29792.16
11381.94
52167.81
52724.24
62523.62
37721.20
47595.24
18822.02
60415.36
61444.35
78290.72
33059.28
48691.84
49356.58
52618.17
1492.58
5282.55
64525.37
57005.20
31386.18
48969.77
39082.80
68040.48
45151.47
60511.36
6476.90
11835.46
67462.98
26719.56
30480.34
66912.68
21298.44
46024.44
70914.80
6643.00
67977.00
21758.10
4751.04
3511.70
44872.00
70508.34
6042.40
60062.72
3588.87
33327.84
43396.58
22728.16
1794.88
46951.50
70585.97
42488.82
44737.00
26871.39
34928.74
23851.00
43967.16
21947.94
30105.77
4402.68
11723.32
51139.00
25562.88
4192.47
56298.06
27068.48
60485.01
26835.38
62506.40
79043.52
6961.50
32999.58
13101.84
65904.30
67930.92
66419.52
33156.36
1080.17
25091.56
63114.23
9520.40
32962.86
52289.76
48772.40
49227.50
38286.56
13124.79
73047.97
36683.64
78159.90
81613.57
4474.74
66310.56
22276.97
9210.10
1164.26
3246.51
12874.68
15526.80
15066.38
83240.71
57880.90
12816.44
8438.85
23490.27
22788.08
12223.10
8523.36
18259.32
64706.02
69688.80
16623.00
72796.40
13694.60
73787.85
30972.64
23086.18
55961.07
7538.04
24686.10
82481.40
38611.71
17420.76
58165.20
7419.76
55558.50
24827.00
45913.98
65673.30
3940.20
58301.25
33321.40
56088.26
88797.12
11285.82
28988.05
25547.50
31095.79
41464.84
49354.00
70346.40
36623.78
12541.20
67060.56
45769.20
74218.32
939.03
19490.85
81986.50
3540.81
68279.82
30254.43
56744.31
4849.20
55521.83
11980.98
24846.35
9880.44
15156.10
58125.56
28470.06
19707.25
1209.30
59020.73
939.03
8764.20
69481.92
69395.14
3751.94
28954.93
29743.92
28477.92
50840.79
53808.50
55855.20
26788.20
51127.20
21671.20
60111.36
36011.10
27876.16
10747.77
43972.25
40683.78
5741.20
40182.87
42060.46
5400.85
53913.12
18686.16
61199.32
80831.07
14985.90
34668.96
54958.32
23177.31
41160.46
24340.80
5186.43
35067.82
13514.64
15023.68
32585.40
25130.56
8823.36
35127.96
44087.60
57261.16
77591.42
22644.00
