83750
83751
83751
83751
83751
83751
83751
83751
83776
83776
83776
83776
83776
83777
83777
83777
83778
83778
83778
83778
83778
83778
83779
83780
83780
83780
83780
83780
83780
83781
83782
83782
83782
83782
83782
83782
83783
83783
83783
83808
83808
83808
83808
83808
83808
83809
83809
83809
83809
83809
83809
83809
83810
83810
83810
83810
83810
83811
83811
83811
83812
83812
83813
83813
83814
83815
83840
83840
83840
83841
83841
83842
83842
83842
83842
83842
83842
83843
83843
83843
83843
83843
83844
83845
83845
83845
83845
83845
83846
83846
83847
83872
83872
83872
83872
83872
83872
83873
83873
83873
83873
83873
83873
83874
83874
83874
83874
83874
83874
83875
83875
83875
83876
83876
83876
83876
83877
83877
83877
83877
83877
83878
83878
83878
83878
83878
83878
83879
83904
83904
83904
83904
83904
83904
83904
83905
83905
83906
83906
83906
83906
83907
83907
83907
83907
83907
83907
83907
83908
83909
83909
83909
83909
83909
83909
83910
83910
83910
83910
83910
83910
83911
83911
83911
83936
83936
83937
83937
83937
83937
83937
83937
83937
83938
83938
83938
83938
83939
83940
83940
83941
83941
83941
83942
83942
83942
83942
83942
83942
83943
83943
83943
83943
83943
83943
83968
83969
83969
83969
83970
83970
83970
83970
83970
83971
83971
83972
83973
83973
83973
83973
83974
83974
83974
83974
83974
83975
83975
83975
83975
83975
83975
84000
84000
84000
84000
84000
84000
84001
84001
84001
84001
84001
84001
84002
84002
84002
84002
84002
84002
84002
84003
84003
84003
84003
84003
84003
84003
84004
84004
84004
84004
84004
84005
84005
84005
84005
84005
84005
84006
84006
84006
84006
84006
84006
84006
84007
84007
84032
84032
84032
84033
84033
84033
84033
84034
84034
84034
84035
84036
84036
84036
84037
84037
84037
84037
84037
84038
84038
84038
84038
84038
84038
84038
84039
84039
84039
84039
84039
84064
84064
84064
84064
84064
84064
84064
84065
84065
84065
84066
84066
84066
84067
84067
84068
84068
84068
84069
84069
84070
84070
84070
84070
84070
84070
84071
84071
84071
84071
84096
84096
84096
84096
84096
84096
84097
84097
84098
84098
84098
84098
84099
84099
84099
84099
84100
84101
84101
84101
84102
84102
84102
84102
84102
84103
84103
84103
84103
84128
84128
84128
84128
84129
84129
84129
84130
84130
84130
84130
84130
84130
84130
84131
84131
84132
84132
84132
84132
84132
84132
84133
84133
84133
84133
84133
84133
84133
84134
84134
84134
84134
84135
84135
84135
84135
84135
84135
84135
84160
84161
84161
84161
84161
84161
84161
84162
84162
84162
84162
84162
84162
84162
84163
84163
84163
84163
84164
84164
84164
84164
84164
84164
84165
84166
84166
84166
84166
84167
84167
84167
84167
84167
84192
84192
84193
84193
84193
84193
84193
84193
84193
84194
84194
84194
84194
84194
84195
84195
84195
84195
84196
84196
84196
84196
84197
84197
84198
84198
84198
84199
84199
84199
84199
84199
84199
84224
84224
84224
84224
84224
84225
84225
84225
84225
84226
84226
84226
84226
84226
84226
84226
84227
84227
84227
84227
84227
84227
84228
84228
84229
84230
84230
84230
84231
84231
84231
84231
84231
84231
84231
84256
84256
84256
84257
84257
84257
84257
84257
84257
84258
84258
84259
84259
84259
84259
84259
84259
84260
84261
84261
84261
84261
84262
84262
84262
84262
84262
84262
84262
84263
84263
84263
84263
84288
84289
84289
84289
84289
84289
84290
84290
84290
84290
84290
84290
84291
84292
84293
84293
84294
84294
84294
84295
84320
84320
84320
84320
84320
84320
84320
84321
84321
84322
84322
84322
84322
84323
84323
84324
84324
84324
84325
84326
84327
84327
84327
84327
84352
84352
84352
84353
84353
84353
84353
84354
84354
84354
84354
84354
84355
84355
84355
84355
84356
84356
84357
84357
84357
84357
84358
84358
84358
84358
84358
84358
84359
84359
84359
84359
84359
84359
84384
84384
84384
84384
84384
84384
84385
84385
84385
84385
84385
84386
84386
84386
84387
84387
84387
84387
84387
84387
84387
84388
84388
84388
84388
84389
84389
84389
84389
84389
84390
84390
84390
84391
84391
84391
84416
84416
84416
84416
84416
84417
84417
84417
84417
84417
84418
84418
84418
84418
84418
84418
84418
84419
84419
84419
84419
84420
84421
84421
84421
84421
84422
84422
84422
84422
84422
84422
84423
84423
84423
84423
84423
84448
84448
84448
84448
84448
84448
84449
84449
84449
84449
84449
84450
84450
84450
84450
84451
84451
84451
84451
84451
84451
84451
84452
84452
84452
84452
84453
84453
84453
84453
84454
84454
84455
84455
84455
84480
84480
84480
84480
84480
84481
84481
84481
84481
84482
84482
84482
84482
84482
84483
84483
84483
84483
84483
84484
84485
84485
84486
84486
84486
84487
84487
84487
84512
84512
84512
84512
84512
84512
84513
84514
84514
84514
84514
84514
84514
84515
84515
84515
84515
84515
84515
84516
84516
84516
84516
84516
84516
84517
84517
84518
84518
84518
84518
84518
84519
84544
84545
84545
84545
84545
84545
84546
84546
84546
84546
84546
84546
84546
84547
84547
84547
84547
84548
84548
84548
84548
84548
84548
84549
84549
84549
84549
84550
84550
84551
84551
84551
84551
84551
84551
84551
84576
84576
84576
84576
84576
84577
84577
84577
84577
84577
84577
84577
84578
84578
84578
84578
84578
84578
84579
84579
84579
84579
84579
84579
84579
84580
84580
84581
84581
84581
84581
84582
84582
84582
84582
84582
84582
84583
84583
84583
84583
84583
84583
84583
84608
84608
84608
84608
84608
84608
84608
84609
84609
84609
84609
84609
84609
84610
84610
84611
84611
84611
84611
84611
84612
84612
84613
84613
84614
84614
84614
84614
84614
84614
84615
84615
84615
84615
84615
84615
84615
84640
84641
84641
84642
84642
84642
84643
84643
84643
84643
84644
84644
84644
84644
84644
84644
84644
84645
84646
84646
84646
84647
84647
84647
84647
84647
84647
84647
84672
84672
84672
84672
84672
84672
84672
84673
84673
84673
84673
84673
84674
84674
84674
84674
84674
84674
84674
84675
84675
84675
84675
84676
84676
84676
84677
84677
84677
84677
84678
84678
84678
84678
84679
84679
84679
84679
84679
84679
84704
84705
84705
84705
84705
84705
84706
84706
84706
84706
84706
84706
84706
84707
84708
84708
84709
84709
84709
84710
84710
84710
84710
84710
84710
84711
84711
84711
84711
84711
84711
84736
84736
84736
84737
