52
214
344
266
451
302
499
271
465
259
20
495
49
356
211
138
263
392
304
467
38
67
189
397
474
35
372
134
456
80
81
163
219
287
61
133
89
33
208
273
45
332
120
368
465
395
187
427
497
228
293
253
71
406
41
96
85
419
487
267
268
239
291
9
145
467
385
484
477
460
386
92
121
114
355
238
193
76
194
313
125
499
396
273
40
290
351
41
84
425
492
51
260
85
168
351
233
283
204
158
457
437
235
278
326
218
349
425
497
117
498
66
37
124
434
295
356
390
390
205
359
268
111
222
297
154
322
227
324
344
196
373
498
399
494
96
229
350
61
184
411
215
223
261
4
175
393
448
64
356
131
71
153
242
255
474
266
286
30
403
38
471
260
492
367
427
147
11
493
486
106
205
425
44
283
468
240
337
197
149
389
104
90
496
240
330
484
312
256
293
34
22
476
344
112
299
14
479
111
329
473
461
41
41
122
282
8
15
192
90
374
125
115
52
328
372
286
303
412
382
249
266
130
90
181
394
192
180
201
48
92
416
293
459
2
290
242
414
449
5
453
403
46
488
418
34
325
2
183
165
186
182
317
411
66
179
74
169
87
337
29
38
12
237
300
293
206
241
10
386
344
282
467
100
438
393
436
53
433
494
325
290
298
161
264
416
227
16
109
43
395
495
80
64
490
64
452
138
192
194
35
102
384
31
212
186
343
82
378
98
211
282
58
291
378
106
317
471
339
36
395
241
165
138
134
308
99
119
24
309
89
220
139
30
202
324
209
412
480
336
219
143
39
369
380
238
73
482
183
102
217
431
353
482
81
232
18
356
223
109
125
4
312
22
326
437
191
84
294
12
177
443
82
500
39
75
260
222
362
489
193
129
354
471
317
496
238
45
110
387
55
489
171
409
275
199
458
183
221
186
397
72
313
155
249
29
115
284
397
464
236
198
351
167
199
154
324
264
199
51
429
35
414
8
405
136
431
338
308
245
38
394
163
376
60
316
398
295
371
298
441
186
372
63
14
17
397
475
13
293
364
368
315
368
347
105
160
80
275
15
252
66
7
135
50
437
465
184
7
463
435
251
2
460
193
360
345
20
465
333
454
56
420
18
267
4
193
372
325
277
112
158
329
301
191
488
252
437
125
168
146
29
240
220
384
266
453
102
87
497
134
99
251
412
216
452
169
103
273
231
37
440
21
325
423
345
128
34
342
445
124
152
344
497
152
291
284
252
132
97
454
337
97
86
207
211
107
18
156
157
209
392
260
394
189
287
100
203
192
395
72
438
470
183
412
67
237
382
434
356
255
61
491
463
435
428
198
464
307
244
261
436
497
60
35
259
466
316
451
145
463
50
194
390
293
311
363
314
205
68
374
446
285
40
228
248
299
226
28
271
414
481
221
427
108
86
94
366
74
426
68
269
455
484
120
88
240
380
238
150
456
219
253
9
248
318
460
152
32
139
54
245
292
287
96
174
257
477
220
90
254
196
190
222
330
171
413
469
207
70
208
323
466
292
337
423
272
310
87
278
498
36
217
286
428
291
288
182
26
487
383
92
493
33
422
207
230
216
23
2
496
465
351
481
127
359
273
137
396
444
358
44
133
113
160
4
59
183
191
315
49
280
397
165
23
396
430
320
82
346
146
236
124
44
287
146
130
374
441
468
87
300
451
37
280
80
385
216
218
460
69
99
339
151
102
245
6
77
42
189
394
54
243
190
415
339
227
318
133
26
254
72
122
351
111
375
417
391
45
422
10
48
326
221
108
109
250
240
190
216
361
332
156
240
104
118
312
84
283
139
390
22
263
210
413
30
134
272
93
162
407
430
33
164
462
198
204
439
252
387
309
471
303
133
258
173
428
12
424
217
451
310
479
327
483
394
367
395
404
70
230
470
100
185
428
299
149
59
37
426
325
132
48
403
214
10
231
422
224
84
446
202
158
434
254
227
174
491
269
191
34
168
98
209
51
335
443
376
208
171
118
38
452
322
441
29
94
219
319
460
332
279
296
431
358
442
304
220
411
43
411
78
403
112
107
481
302
301
360
3
325
5
329
225
271
219
10
25
268
413
445
372
242
39
234
103
123
89
346
256
443
324
225
440
352
168
328
193
191
286
210
465
138
233
261
152
31
411
11
388
269
276
102
46
477
37
42
322
437
347
95
100
125
273
87
222
162
130
424
442
482
101
441
167
268
195
334
419
104
192
240
340
205
469
82
67
220
498
151
385
132
129
54
411
253
213
404
287
374
277
496
189
451
175
140
429
323
446
228
393
