74914
74914
74914
74915
74915
74915
74915
74915
74915
74916
74916
74917
74917
74918
74918
74918
74918
74918
74918
74918
74919
74919
74919
74919
74919
74944
74945
74945
74945
74945
74945
74945
74946
74947
74947
74947
74947
74948
74948
74948
74948
74948
74948
74949
74949
74949
74949
74949
74949
74950
74951
74951
74976
74976
74977
74977
74977
74977
74978
74978
74978
74978
74978
74978
74978
74979
74979
74979
74979
74980
74980
74980
74980
74981
74981
74981
74981
74982
74983
74983
74983
74983
75008
75008
75008
75008
75008
75008
75008
75009
75009
75009
75009
75010
75010
75011
75011
75011
75011
75011
75011
75011
75012
75012
75012
75012
75012
75012
75013
75013
75013
75013
75013
75013
75014
75015
75015
75015
75015
75040
75040
75040
75041
75041
75041
75041
75041
75041
75041
75042
75042
75042
75042
75042
75042
75042
75043
75043
75043
75043
75043
75043
75043
75044
75044
75044
75044
75044
75045
75045
75045
75045
75045
75045
75046
75046
75047
75047
75072
75072
75072
75073
75073
75073
75073
75074
75074
75074
75074
75074
75074
75074
75075
75076
75077
75077
75077
75078
75078
75078
75079
75104
75104
75104
75104
75105
75105
75105
75106
75106
75107
75107
75108
75108
75108
75109
75109
75109
75109
75110
75110
75110
75110
75110
75110
75111
75111
75111
75111
75111
75111
75111
75136
75136
75136
75137
75137
75137
75137
75137
75137
75137
75138
75138
75138
75139
75140
75141
75141
75141
75142
75143
75143
75168
75168
75168
75168
75169
75169
75169
75169
75169
75169
75169
75170
75171
75172
75172
75172
75172
75172
75172
75172
75173
75173
75174
75174
75174
75174
75175
75175
75200
75200
75200
75201
75201
75201
75202
75202
75203
75203
75203
75203
75203
75203
75204
75205
75206
75206
75206
75206
75206
75207
75207
75207
75207
75232
75232
75232
75232
75232
75232
75233
75233
75233
75233
75233
75233
75234
75234
75234
75234
75234
75234
75234
75235
75235
75236
75236
75236
75236
75236
75237
75237
75237
75238
75238
75238
75239
75239
75239
75264
75264
75265
75265
75265
75265
75265
75265
75266
75266
75267
75267
75267
75268
75268
75268
75269
75269
75269
75269
75269
75270
75270
75270
75270
75270
75271
75271
75271
75271
75271
75296
75296
75296
75296
75296
75296
75297
75297
75298
75298
75298
75298
75298
75298
75298
75299
75299
75299
75299
75299
75300
75300
75300
75300
75300
75301
75301
75301
75301
75301
75301
75301
75302
75302
75302
75303
75303
75303
75303
75303
75303
75328
75328
75328
75328
75328
75328
75329
75329
75329
75330
75331
75331
75331
75331
75331
75331
75332
75332
75332
75332
75332
75333
75334
75334
75334
75334
75334
75334
75334
75335
75360
75360
75360
75360
75360
75360
75360
75361
75361
75361
75361
75361
75362
75362
75362
75363
75363
75363
75363
75363
75364
75365
75365
75365
75365
75365
75366
75366
75366
75367
75367
75367
75367
75392
75392
75392
75392
75392
75392
75393
75393
75393
75393
75393
75394
75394
75394
75394
75394
75395
75396
75396
75396
75396
75396
75396
75397
75397
75398
75399
75399
75399
75424
75424
75424
75425
75425
75425
75426
75427
75428
75428
75428
75428
75428
75429
75429
75429
75429
75429
75429
75429
75430
75430
75430
75430
75431
75431
75431
75431
75431
75431
75431
75456
75456
75456
75456
75456
75456
75456
75457
75457
75457
75458
75459
75459
75459
75459
75459
75459
75460
75460
75460
75460
75460
75460
75461
75461
75461
75461
75461
75461
75461
75462
75462
75462
75463
75463
75488
75488
75488
75488
75488
75488
75489
75489
75489
75489
75489
75489
75489
75490
75490
75490
75490
75491
75491
75491
75491
75491
75492
75492
75492
75493
75493
75493
75493
75494
75494
75494
75494
75494
75494
75494
75495
75495
75495
75495
75495
75495
75495
75520
75520
75520
75520
75520
75521
75522
75522
75522
75522
75522
75522
75522
75523
75523
75523
75524
75524
75524
75524
75525
75525
75526
75527
75527
75527
75527
75527
75527
75527
75552
75552
75552
75553
75553
75553
75553
75553
75554
75554
75554
75555
75555
75555
75556
75556
75556
75557
75557
75557
75557
75557
75558
75558
75559
75559
75559
75559
75584
75584
75584
75584
75585
75585
75585
75585
75585
75585
75585
75586
75586
75586
75586
75587
75588
75588
75588
75589
75589
75589
75590
75590
75590
75590
75590
75590
75591
75591
75591
75591
75591
75591
75591
75616
75616
75616
75617
75617
75617
75617
75618
75618
75619
75619
75619
75619
75619
75620
75620
75620
75620
75620
75621
75621
75621
75621
75621
75621
75622
75623
75623
75623
75623
75623
75623
75648
75648
75648
75649
75649
75649
75649
75649
75649
75650
75650
75650
75650
75651
75651
75651
75651
75651
75651
75652
75652
75652
75652
75653
75653
75653
75653
75653
75654
75654
75654
75654
75654
75655
75655
75655
75655
75655
75655
75655
75680
75680
75680
75681
75681
75681
75681
75681
75681
75682
75682
75683
75684
75684
75684
75685
75685
75685
75685
75685
75686
75686
75686
75686
75686
75687
75712
75712
75712
75712
75713
75713
75714
75714
75714
75714
75714
75714
75715
75716
75716
75716
75716
75716
75717
75717
75718
75718
75718
75718
75718
75719
75719
75719
75744
75744
75744
75745
75746
75746
75746
75746
75747
75747
75747
75747
75747
75748
75749
75749
75750
75750
75750
75750
75750
75751
75751
75751
75751
75776
75776
75776
75776
75777
75777
75777
75777
75778
75778
75778
75779
75779
75779
75779
75779
75780
75780
75780
75780
75780
75780
75780
75781
75781
75781
75781
75781
75781
75782
75782
75782
75782
75782
75783
75783
75783
75783
75783
75808
75808
75808
75808
75809
75809
75809
75809
75809
75810
75810
75810
75811
75811
75811
75811
75812
75812
75812
75812
75813
75813
75813
75813
75813
75814
75814
75814
75815
75815
75815
75815
75815
75815
75815
75840
75840
75840
75840
75840
75840
75840
75841
75841
75841
75842
75843
75843
75843
75844
75844
75844
75844
75844
75845
75845
75845
75845
75845
75845
75846
75846
75846
75846
75846
75847
75847
75847
75847
75847
75847
75872
75872
75872
75873
75874
75874
75874
75874
75874
75874
75874
75875
75875
75875
75875
75875
75876
75876
75876
75876
75876
75877
75878
75879
75879
75879
75879
75879
75879
75879
75904
75904
75904
75904
75904
75904
75904
75905
75905
75905
75906
75906
75906
75906
75907
75907
75908
75908
75908
75909
75909
75909
