195559
195559
195559
195559
195559
195559
195584
195584
195585
195585
195585
195585
195586
195586
195586
195586
195586
195587
195587
195587
195587
195587
195587
195587
195588
195588
195588
195588
195588
195588
195589
195589
195589
195589
195589
195590
195590
195590
195590
195590
195590
195591
195591
195591
195591
195591
195616
195617
195617
195617
195617
195617
195618
195618
195618
195618
195619
195619
195619
195620
195621
195621
195621
195621
195622
195622
195622
195622
195622
195622
195622
195623
195623
195648
195649
195649
195650
195650
195651
195651
195652
195653
195654
195654
195654
195654
195654
195654
195655
195680
195680
195680
195680
195680
195680
195681
195681
195681
195681
195681
195681
195681
195682
195682
195682
195682
195683
195683
195683
195683
195683
195683
195684
195684
195685
195686
195687
195687
195687
195687
195712
195712
195712
195712
195712
195712
195713
195713
195714
195714
195714
195715
195715
195715
195715
195715
195716
195716
195716
195716
195717
195717
195717
195717
195718
195718
195718
195718
195718
195718
195719
195719
195719
195719
195744
195744
195744
195745
195745
195745
195745
195745
195746
195746
195746
195747
195747
195747
195747
195748
195748
195748
195748
195748
195748
195749
195749
195749
195749
195749
195749
195750
195750
195750
195751
195751
195751
195776
195776
195776
195776
195777
195778
195778
195778
195779
195780
195780
195780
195780
195781
195782
195782
195782
195782
195782
195782
195783
195808
195808
195808
195809
195809
195809
195809
195809
195810
195810
195810
195810
195811
195811
195811
195811
195811
195811
195811
195812
195812
195812
195812
195813
195813
195813
195813
195813
195813
195813
195814
195814
195814
195814
195814
195815
195815
195840
195840
195840
195841
195841
195841
195841
195841
195841
195842
195842
195843
195843
195843
195843
195843
195844
195844
195844
195844
195844
195845
195845
195845
195845
195845
195845
195846
195846
195846
195846
195846
195846
195847
195847
195872
195873
195873
195873
195874
195874
195874
195874
195874
195874
195874
195875
195875
195875
195875
195875
195875
195876
195876
195876
195876
195877
195877
195878
195878
195879
195879
195879
195904
195904
195904
195905
195905
195906
195906
195906
195906
195906
195907
195907
195907
195907
195907
195908
195908
195908
195908
195908
195908
195908
195909
195909
195910
195911
195911
195936
195936
195937
195937
195937
195937
195937
195937
195938
195938
195938
195938
195939
195939
195939
195939
195939
195939
195940
195940
195941
195942
195942
195942
195942
195942
195942
195942
195943
195943
195943
195943
195943
195943
195943
195968
195968
195969
195969
195969
195969
195969
195969
195970
195971
195971
195971
195971
195971
195972
195972
195972
195973
195973
195974
195974
195974
195974
195974
195975
195975
195975
195975
196000
196000
196001
196002
196003
196004
196004
196004
196005
196006
196006
196006
196006
196006
196006
196007
196007
196007
196007
196007
196007
196007
196032
196032
196032
196032
196032
196032
196033
196033
196033
196033
196033
196034
196034
196035
196035
196035
196035
196035
196035
196035
196036
196036
196036
196036
196036
196037
196037
196037
196037
196037
196037
196038
196039
196039
196039
196039
196064
196064
196064
196065
196066
196066
196066
196066
196066
196066
196066
196067
196067
196067
196067
196068
196069
196069
196069
196069
196069
196070
196070
196070
196070
196071
196071
196096
196096
196096
196097
196097
196097
196097
196098
196098
196098
196099
196099
196099
196099
196099
196099
196100
196100
196100
196100
196101
196102
196102
196102
196103
196103
196103
196128
196129
196129
196129
196129
196130
196131
196132
196133
196133
196133
196133
196134
196134
196134
196134
196134
196134
196134
196135
196135
196135
196135
196160
196160
196161
196162
196162
196162
196163
196163
196163
196163
196163
196163
196164
196164
196164
196164
196165
196165
196166
196167
196167
196167
196167
196167
196192
196192
196192
196193
196193
196193
196193
196193
196194
196194
196194
196194
196194
196194
196195
196195
196196
196196
196197
196197
196197
196197
196197
196197
196198
196198
196198
196198
196199
196199
196224
196224
196225
196226
196226
196226
196226
196226
196226
196227
196228
196228
196228
196228
196229
196229
196229
196229
196229
196229
196230
196230
196230
196230
196231
196256
196256
196256
196256
196257
196257
196257
196258
196258
196258
196259
196259
196259
196259
196260
196260
196260
196260
196260
196261
196261
196261
196261
196261
196261
196262
196262
196262
196263
196288
196288
196288
196288
196289
196289
196289
196289
196289
196289
196290
196290
196290
196290
196291
196291
196291
196291
196291
196291
196292
196293
196293
196293
196294
196295
196295
196295
196320
196320
196321
196321
196322
196322
196322
196322
196322
196322
196322
196323
196323
196323
196323
196323
196323
196323
196324
196324
196324
196324
196325
196325
196325
196326
196327
196327
196327
196327
196327
196352
196352
196353
196353
196353
196354
196354
196354
196355
196355
196355
196355
196355
196356
196356
196356
196356
196356
196356
196356
196357
196357
196357
196357
196357
196358
196358
196358
196358
196358
196359
196359
196359
196359
196359
196384
196384
196384
196384
196384
196385
196385
196385
196385
196385
196386
196386
196387
196387
196387
196388
196388
196388
196389
196389
196389
196389
196389
196389
196389
196390
196390
196390
196390
196391
196391
196416
196416
196416
196416
196417
196417
196417
196417
196417
196417
196418
196418
196418
196418
196419
196419
196419
196419
196419
196419
196419
196420
196420
196420
196420
196420
196421
196421
196421
196421
196421
196421
196421
196422
196422
196422
196423
196423
196423
196423
196423
196423
196448
196448
196448
196448
196448
196448
196448
196449
196449
196449
196449
196449
196450
196450
196450
196450
196450
196450
196451
196451
196451
196451
196452
196452
196452
196453
196453
196453
196453
196453
196453
196453
196454
196454
196454
196454
196455
196455
196480
196480
196480
196480
196481
196481
196481
196482
196482
196483
196483
196483
196483
196483
196483
196484
196484
196485
196485
196485
196485
196486
196486
196486
196487
196487
196487
196487
196487
196512
196513
196513
196513
196514
196514
196514
196514
196514
196514
196515
196515
196515
196515
196516
196516
196516
196516
196516
196516
196516
196517
196517
196517
196517
196517
196517
196517
196518
196518
196518
196519
196519
196519
196519
196544
196544
196544
196544
196544
196544
196545
196545
196545
196545
196546
196546
196546
196546
196546
196546
196547
196547
196547
196547
196548
196548
196548
196548
196548
196549
196549
196550
196550
196550
196550
196550
196551
196551
196551
196551
196551
196551
196551
196576
196576
196576
196576
196576
196576
196576
196577
196577
196577
196577
196577
196578
196578
196578
196578
196578
196579
196579
196579
196579
196580
196580
196580
196581
196581
196582
196582
196582
196583
196608
196608
196608
196608
196608
196608
196608
196609
196609
196609
196609
196609
196610
196611
196611
196611
196611
196612
196612
196612
196613
