198628
198629
198629
198630
198631
198631
198631
198631
198631
198631
198656
198656
198657
198657
198657
198657
198658
198658
198658
198658
198658
198658
198659
198659
198659
198660
198660
198660
198660
198660
198661
198661
198662
198662
198662
198662
198662
198662
198663
198663
198688
198688
198688
198688
198688
198689
198689
198689
198690
198690
198690
198690
198691
198691
198692
198692
198692
198692
198692
198693
198693
198693
198693
198693
198693
198693
198694
198694
198694
198695
198695
198720
198720
198720
198720
198720
198720
198721
198721
198721
198721
198721
198722
198722
198723
198723
198723
198723
198724
198724
198724
198724
198724
198725
198725
198725
198725
198726
198726
198726
198727
198727
198727
198727
198727
198752
198752
198752
198753
198753
198753
198753
198753
198754
198755
198755
198755
198755
198756
198756
198756
198756
198756
198756
198756
198757
198757
198757
198758
198758
198758
198759
198759
198784
198785
198785
198785
198786
198786
198786
198786
198787
198787
198787
198787
198788
198788
198788
198788
198789
198789
198789
198789
198789
198789
198790
198790
198790
198790
198791
198816
198816
198816
198816
198816
198817
198817
198817
198817
198817
198818
198818
198818
198819
198819
198819
198819
198819
198819
198819
198820
198820
198821
198821
198822
198822
198822
198823
198823
198848
198848
198848
198848
198848
198849
198849
198849
198849
198849
198849
198850
198850
198850
198851
198851
198851
198852
198852
198852
198852
198852
198853
198853
198853
198853
198853
198853
198854
198854
198854
198854
198854
198855
198855
198855
198855
198855
198880
198881
198882
198883
198883
198883
198883
198883
198884
198884
198884
198884
198884
198884
198885
198885
198885
198885
198885
198885
198886
198886
198886
198886
198886
198886
198886
198887
198887
198887
198887
198887
198912
198912
198912
198912
198912
198912
198913
198913
198913
198913
198913
198913
198914
198914
198914
198914
198914
198915
198915
198915
198915
198915
198915
198915
198916
198916
198916
198916
198916
198916
198916
198917
198917
198917
198917
198917
198918
198918
198918
198919
198919
198919
198919
198944
198944
198944
198944
198945
198945
198945
198945
198945
198946
198946
198946
198947
198947
198947
198947
198947
198947
198947
198948
198948
198948
198949
198949
198949
198949
198949
198949
198949
198950
198950
198950
198951
198951
198951
198951
198951
198951
198951
198976
198976
198976
198977
198977
198977
198977
198978
198978
198978
198979
198979
198979
198979
198979
198979
198979
198980
198980
198981
198981
198982
198982
198982
198983
198983
198983
198983
198983
198983
198983
199008
199009
199009
199009
199009
199009
199009
199009
199010
199010
199010
199011
199012
199012
199012
199012
199012
199012
199013
199014
199014
199014
199014
199014
199014
199014
199015
199015
199015
199015
199040
199040
199040
199040
199041
199041
199041
199042
199043
199043
199043
199043
199044
199044
199044
199045
199045
199046
199046
199046
199046
199046
199047
199047
199047
199072
199072
199072
199072
199072
199072
199073
199073
199073
199073
199073
199074
199075
199075
199076
199076
199077
199077
199077
199078
199079
199079
199104
199104
199104
199104
199104
199104
199105
199105
199105
199105
199105
199105
199105
199106
199106
199106
199106
199106
199106
199106
199107
199107
199107
199108
199108
199108
199108
199108
199108
199109
199109
199109
199109
199109
199109
199110
199111
199111
199136
199136
199137
199137
199137
199137
199138
199138
199139
199139
199139
199139
199140
199140
199140
199140
199140
199140
199140
199141
199141
199141
199141
199141
199141
199141
199142
199142
199142
199142
199142
199142
199142
199143
199143
199143
199143
199143
199143
199143
199168
199168
199168
199168
199168
199168
199168
199169
199169
199169
199170
199170
199170
199170
199171
199171
199171
199171
199172
199172
199173
199173
199173
199173
199173
199173
199173
199174
199175
199175
199175
199175
199175
199175
199175
199200
199201
199201
199202
199202
199202
199202
199202
199203
199203
199203
199203
199203
199203
199204
199204
199204
199205
199205
199205
199205
199205
199206
199206
199207
199207
199207
199232
199232
199232
199233
199233
199234
199234
199234
199234
199234
199235
199235
199235
199236
199236
199237
199237
199238
199239
199239
199239
199264
199264
199264
199265
199265
199265
199265
199265
199265
199265
199266
199266
199266
199266
199266
199267
199267
199268
199268
199268
199269
199269
199270
199270
199270
199270
199271
199271
199271
199271
199271
199296
199296
199296
199296
199297
199297
199298
199298
199298
199299
199299
199299
199299
199299
199299
199299
199300
199301
199301
199301
199302
199302
199302
199302
199302
199302
199303
199303
199303
199303
199303
199303
199328
199328
199328
199328
199328
199328
199329
199329
199329
199329
199330
199330
199330
199330
199330
199330
199330
199331
199331
199331
199332
199332
199332
199332
199333
199334
199334
199334
199334
199334
199334
199334
199335
199335
199335
199335
199335
199360
199361
199361
199362
199362
199362
199362
199362
199363
199363
199363
199363
199363
199364
199365
199365
199365
199366
199366
199366
199366
199367
199367
199367
199367
199367
199367
199367
199392
199392
199392
199392
199392
199392
199392
199393
199394
199394
199394
199394
199395
199395
199395
199395
199395
199396
199396
199396
199397
199397
199397
199397
199398
199398
199398
199398
199398
199399
199399
199399
199399
199399
199399
199424
199425
199425
199425
199425
199425
199425
199426
199426
199427
199427
199427
199427
199427
199428
199428
199428
199428
199428
199428
199428
199429
199429
199429
199429
199429
199430
199430
199431
199431
199431
199431
199431
199431
199456
199456
199456
199456
199456
199456
199457
199457
199457
199458
199458
199458
199459
199459
199459
199459
199459
199460
199460
199460
199460
199461
199461
199461
199461
199462
199462
199462
199462
199462
199462
199462
199463
199463
199463
199463
199463
199463
199488
199488
199488
199489
199489
199489
199489
199490
199490
199490
199490
199490
199490
199491
199491
199491
199492
199492
199492
199492
199492
199493
199494
199495
199495
199495
199495
199495
199495
199520
199520
199520
199520
199520
199520
199521
199521
199521
199522
199522
199522
199522
199522
199523
199523
199523
199523
199523
199523
199524
199524
199524
199525
199525
199525
199525
199525
199526
199527
199527
199552
199553
199553
199553
199553
199554
199554
199555
199555
199555
199555
199555
199556
199556
199556
199556
199556
199556
199557
199557
199557
199557
199557
199557
199558
199558
199558
199558
199559
199559
199584
199584
199584
199584
199585
199586
199586
199586
199586
199586
199587
199588
199588
199589
199589
199589
199589
199589
199590
199590
199590
199591
199591
199616
199617
199617
199617
199617
199617
199617
199617
199618
199618
199618
199618
199618
199619
199619
199620
199620
199620
199620
199620
199620
199621
199622
199622
199623
199623
199623
199623
199623
199623
199648
199648
199648
199648
199649
199649
199650
199650
199651
199651
199651
199651
