21032.88
1180.27
40755.40
27637.07
13364.30
29882.70
17318.20
60435.96
8009.61
59964.50
16202.29
51655.68
49762.50
34034.91
1450.54
36077.59
5801.25
11980.98
62856.15
25623.36
77395.27
67323.30
54926.91
45763.02
48867.30
8246.82
21561.54
45828.29
12754.14
35312.50
73085.28
61910.10
31617.84
61798.24
38562.48
36933.93
1462.55
2338.52
60662.37
32945.70
33551.10
76440.50
63928.97
29662.50
76624.50
70475.00
33531.63
25430.17
8990.66
23008.65
90545.00
49542.85
16761.94
24778.04
57410.14
4306.56
59188.21
55743.80
20542.32
45798.00
50056.38
11860.56
77505.60
11712.60
39511.29
31731.30
17406.48
32926.65
12717.44
37927.42
57962.50
71806.05
33862.14
13797.85
14788.84
26400.12
28706.62
28481.59
15364.44
12325.44
39259.00
92216.53
7703.15
1236.33
35978.70
48490.96
32213.03
15916.16
51920.76
39689.58
24176.22
18959.80
61997.52
77694.59
2901.18
47523.84
46207.98
11064.12
16671.60
45002.64
23876.50
50441.38
58692.32
32213.03
15739.47
8090.58
56397.50
31840.49
26837.39
28154.40
30878.79
23845.60
8348.80
21274.54
35513.28
14022.72
36671.90
27730.00
23346.57
54249.75
20363.70
62435.74
72148.02
23897.28
5916.48
75158.80
50838.90
3795.96
70944.48
3199.38
40811.40
12775.59
10819.41
31060.35
33917.10
55644.00
27432.90
39060.84
81926.40
28251.36
19083.13
10162.88
16337.70
40467.40
8258.76
17568.72
64191.32
19509.42
22923.48
2880.15
29906.24
27279.75
51413.23
23292.64
18336.14
14514.30
51895.44
11057.69
36702.60
16452.18
63988.47
49581.30
38827.74
40120.63
30127.68
35073.50
3547.72
5465.76
33516.27
89960.08
55957.28
54167.40
8929.60
70553.21
44252.25
1081.17
60592.80
67498.92
49658.70
5109.48
29357.24
63325.08
9129.84
16550.37
14337.29
41491.34
14627.86
12373.12
75544.12
7012.50
14222.96
58105.74
47542.95
52410.87
39302.40
62766.88
40715.52
40972.16
39678.12
28086.80
58613.00
14718.99
43604.40
46003.21
44123.16
24926.40
39714.34
81310.50
38296.56
46585.02
76481.00
75238.80
29287.94
44749.74
10251.04
44597.00
40705.20
18345.89
33594.72
22434.12
27434.97
29724.74
71751.68
38827.74
35715.24
48741.60
37779.60
55787.77
65505.30
57282.18
30036.50
67221.50
41860.46
19418.08
41449.80
49825.82
50081.68
82537.00
35191.53
41395.68
30758.40
57097.25
25481.70
9640.50
2372.56
15141.06
7435.05
43389.92
36526.37
44168.54
43102.80
39642.57
32484.54
27251.64
5617.96
84923.83
15200.38
3327.50
40705.20
56180.26
26709.29
18811.92
62897.96
44002.86
5911.35
70904.70
22732.08
43783.96
74103.02
29402.10
42732.57
9429.90
40748.75
46493.64
66808.98
57810.72
23264.50
46159.47
40809.86
2778.06
10406.44
38170.80
30506.17
33444.25
31603.44
7215.60
40503.52
72989.28
16159.36
56548.72
36647.00
35637.40
8282.89
38842.40
53565.54
41583.58
85097.28
49861.68
34597.29
58813.92
30593.60
60754.05
52615.80
61434.98
82101.01
19819.47
39266.50
55895.84
35413.44
60263.70
74368.20
16631.81
21394.44
59102.08
50687.36
47300.10
3575.74
73392.40
46556.60
60438.70
76585.95
34687.80
8318.75
32384.50
81631.01
43920.00
17674.05
7838.40
44357.60
31208.76
23404.64
78729.56
15658.72
64808.25
59283.92
82070.40
32910.25
8991.81
41733.56
27254.50
18629.60
34377.40
12309.04
29936.48
50860.34
19536.72
30017.90
7730.22
32809.58
39017.76
11576.18
24115.50
45589.72
30734.55
4630.89
41420.48
39012.00
38165.40
43461.60
15752.10
19325.35
84613.69
39830.28
71355.68
49838.39
42659.44
44387.98
43807.60
12317.04
15289.11
80034.50
56600.72
58186.04
13586.40
40278.84
19130.41
67855.41
35157.00
38561.76
12192.81
27326.70
77477.40
54202.56
21849.10
44988.72
28511.21
7712.22
15586.38
63699.24
39370.24
42360.26
40658.52
31074.64
2188.36
16627.19
16613.76
49494.90
30921.47
67774.98
13027.86
36231.78
25580.60
39768.05
29078.93
38934.17
28974.60
34004.08
35490.00
5005.36
43950.73
19656.25
16969.04
55426.68
38756.18
46707.32
16704.36
31377.60
53355.81
51113.37
58682.38
2871.15
4997.36
24440.78
73754.49
38605.23
35398.40
7225.80
31847.51
65067.00
38461.77
31680.60
33824.70
88930.59
42851.90
20054.32
22667.76
8199.09
24727.35
30192.00
72744.42
49080.36
28453.92
31330.24
54722.42
27807.41
55162.63
20085.01
3805.98
36360.00
8088.80
14964.75
11281.90
26133.29
60580.37
40918.90
21911.58
5277.64
49773.20
52864.58
1246.33
18883.15
20316.60
79572.00
43566.92
13083.90
22032.14
49367.50
17218.56
44338.16
21034.20
17167.15
25271.70
38182.56
28918.82
86191.00
71563.14
91396.00
64925.08
23775.96
8969.59
50633.64
56776.72
38562.40
33084.36
4635.10
34717.74
3615.78
49216.36
12293.04
48812.90
8877.42
15064.08
54627.30
45443.84
10531.28
4952.22
79688.70
17937.55
31516.06
32038.44
21569.18
4742.01
52910.80
50441.72
56760.48
21989.94
40706.78
34467.57
11415.24
50244.18
45500.00
54855.09
75891.64
55642.68
65205.60
36213.50
9390.01
58241.35
11793.60
94249.00
44506.80
8078.58
68472.45
78707.04
85337.76
37728.32
70592.34
30257.79
1545.64
7452.95
12025.08
37439.75
37703.60
18775.92
56299.60
46077.58
74598.75
6971.32
30480.56
24482.64
30367.84
25525.17
49892.28
19436.52
35237.18
20203.26
90696.06
46850.40
4120.48
60435.96
33975.45
25899.16
10174.74
20482.44
34048.08
35414.61
25408.60
28613.62
36118.06
10265.85
2132.32
28902.42
20262.22
1070.16
33059.28
6131.60
20409.48
3105.30
52072.87
1126.22
18181.80
3700.08
40757.69
72736.44
4228.50
1872.06
72796.95
12805.52
53297.20
28409.85
36278.20
25227.09
35500.42
38638.53
4316.68
55138.14
2764.94
64581.12
57877.20
38813.76
21366.72
59598.90
15376.30
4769.16
41350.84
10601.16
8439.00
21873.56
70922.62
40897.89
20701.67
2032.20
45192.18
58826.95
40682.46
28435.36
17103.53
35977.80
49973.12
52115.48
9290.20
27210.00
7988.45
40083.66
28259.70
24232.03
43326.63
50671.88
64791.00
85189.24
36385.44
57913.20
45264.60
21346.44
31893.02
12749.44
54938.10
61708.68
45228.60
30881.60
15304.51
13754.70
72199.62
20745.78
36434.88
15968.16
45079.58
25083.12
41274.45
5291.55
58837.69
18037.32
30356.13
15216.64
67926.34
53658.00
7369.92
34687.50
55411.40
38089.92
35859.24
67146.93
76216.95
9630.50
30294.00
18294.89
36207.27
35967.75
23054.36
9466.24
33948.00
18076.24
29572.20
26780.16
35417.20
2158.34
15290.52
1814.91
60114.27
56465.50
32130.35
15226.10
4663.95
15946.83
39244.50
21091.23
42711.24
34875.75
10363.99
47787.00
77653.70
74902.38
60703.68
65981.96
15691.61
66590.40
1589.68
21744.00
69217.10
69373.52
19589.12
34353.72
50326.65
56094.50
84959.10
10285.33
20561.71
9474.08
45609.20
57778.05
69580.06
77121.12
36710.88
53202.15
34396.20
38282.00
56853.06
52768.76
21605.54
15706.60
16955.82
16704.71
43776.00
54447.30
2913.10
22509.00
42339.60
22704.30
9447.96
61360.19
29882.70
9962.64
12813.60
48197.30
31763.63
23300.50
51799.86
9710.60
22794.86
29411.20
32143.02
23946.26
75980.08
25653.00
50892.02
36699.00
34651.80
67855.04
76016.16
51099.94
18128.24
68153.82
70634.70
11117.64
40811.16
21823.80
14281.54
35866.22
4273.56
31780.06
50087.01
63427.32
32257.27
10641.50
25893.54
23320.50
89017.06
23971.22
30723.48
74526.32
48254.70
17778.84
35468.40
26432.52
32996.16
48091.60
36339.00
51069.76
7309.86
55814.15
56060.07
11333.88
43600.92
5666.91
13584.40
64869.80
81082.75
4546.83
10791.70
46109.35
12357.04
58616.95
33695.60
7161.77
22343.84
2590.78
60143.60
16016.90
75847.54
35069.70
17218.72
43940.92
22748.51
9360.30
20998.40
25547.20
63286.08
69774.50
9280.08
48247.65
22542.12
30812.49
30964.68
9570.24
1693.79
47188.69
38717.00
42111.60
39266.50
18275.46
24712.87
33151.96
21397.99
47923.00
33781.00
40434.48
48674.90
63129.69
16592.81
47462.76
29615.04
26912.58
14757.57
17926.92
51943.93
14758.10
1430.52
20917.89
29815.45
9964.80
77610.70
36326.22
23376.08
9790.70
26431.72
12150.81
28139.55
35411.49
56946.42
44234.97
25419.60
4352.68
71835.90
42757.98
45436.20
20960.61
52610.24
28590.45
5055.50
17638.50
8644.10
16176.42
69769.48
24569.74
64520.06
50730.53
71541.25
8353.04
54012.09
38732.04
89806.08
15889.28
73877.85
18427.56
31925.32
12037.08
42758.36
65799.72
18686.69
7904.64
44687.88
48083.03
47697.53
16289.28
64429.32
76737.84
57702.04
2959.14
44590.00
53937.05
80549.07
81913.01
29830.71
36470.50
16865.53
59373.53
41332.10
4801.16
45852.84
63390.60
25913.16
26188.32
44056.44
66150.00
46771.14
21382.56
28396.68
42444.44
19321.00
70297.72
37919.60
25618.88
7022.45
56028.48
4941.32
52907.50
50126.12
41927.58
25437.30
42111.92
44544.96
52574.10
41071.42
40342.90
41654.40
62856.70
54969.60
6458.84
29473.29
40513.20
69262.89
20553.72
50020.18
4997.36
19986.45
51514.25
39481.26
61982.24
36206.28
16540.68
3131.30
81622.24
27465.26
27849.60
11199.21
13482.69
37384.32
18642.69
18241.14
9316.08
24806.10
6815.20
13510.24
73590.49
46080.72
29109.93
21474.18
3341.52
31953.63
43698.20
32752.65
4925.40
55500.90
10132.78
61444.35
46940.85
21891.98
3498.75
45016.84
15388.20
2734.92
54417.00
62466.00
41459.22
69415.50
45002.26
42326.95
36998.12
34896.60
40682.46
26434.08
29577.11
20646.67
52941.49
32641.70
58867.71
22227.38
42535.00
12823.70
48268.08
52136.16
30660.30
41589.00
61266.00
14607.72
50783.96
32825.70
946.04
42879.87
18583.76
71326.00
27623.97
59457.65
76408.37
22704.00
31832.32
41354.10
46901.14
65273.60
3672.93
