35840
35841
35841
35841
35841
35841
35842
35842
35842
35843
35843
35843
35844
35844
35845
35845
35846
35846
35847
35847
35847
35847
35847
35847
35872
35872
35872
35872
35872
35872
35872
35873
35874
35874
35874
35874
35874
35874
35874
35875
35875
35875
35875
35875
35875
35875
35876
35876
35876
35876
35876
35877
35877
35877
35877
35877
35877
35877
35878
35878
35878
35878
35878
35879
35879
35879
35879
35904
35904
35905
35905
35905
35905
35905
35906
35906
35906
35906
35906
35906
35907
35907
35907
35907
35907
35908
35908
35908
35908
35908
35909
35909
35909
35909
35909
35909
35910
35910
35910
35910
35910
35910
35910
35911
35936
35936
35936
35936
35936
35936
35936
35937
35937
35937
35937
35937
35937
35937
35938
35938
35938
35938
35938
35938
35938
35939
35940
35940
35940
35940
35940
35940
35941
35942
35942
35942
35942
35942
35942
35942
35943
35943
35943
35943
35943
35943
35943
35968
35968
35968
35968
35968
35968
35968
35969
35969
35969
35969
35969
35969
35970
35970
35970
35970
35971
35971
35971
35971
35971
35972
35973
35973
35973
35973
35973
35973
35974
35974
35974
35974
35974
35975
35975
35975
35975
35975
36000
36001
36001
36001
36001
36001
36001
36001
36002
36002
36002
36002
36003
36003
36004
36004
36004
36005
36005
36005
36005
36006
36006
36006
36006
36006
36006
36006
36007
36032
36033
36033
36033
36033
36033
36034
36034
36034
36034
36035
36035
36036
36036
36036
36036
36036
36037
36037
36037
36038
36038
36038
36039
36039
36039
36039
36039
36064
36064
36064
36064
36064
36064
36065
36065
36065
36065
36065
36065
36066
36066
36066
36066
36066
36066
36066
36067
36067
36068
36068
36068
36068
36068
36069
36069
36069
36069
36069
36069
36069
36070
36070
36070
36070
36070
36070
36071
36096
36096
36097
36097
36097
36097
36098
36099
36099
36099
36099
36099
36099
36100
36101
36101
36101
36102
36102
36102
36102
36102
36102
36102
36103
36103
36103
36128
36128
36129
36129
36129
36129
36130
36130
36130
36130
36130
36130
36130
36131
36131
36131
36131
36131
36132
36132
36133
36133
36133
36134
36135
36135
36135
36135
36135
36135
36135
36160
36160
36161
36161
36161
36161
36161
36161
36161
36162
36162
36163
36164
36164
36165
36166
36166
36167
36167
36192
36192
36192
36193
36193
36193
36193
36193
36193
36194
36194
36194
36194
36194
36194
36195
36195
36195
36195
36195
36195
36196
36196
36196
36196
36196
36197
36197
36197
36197
36198
36198
36199
36199
36199
36224
36224
36224
36225
36225
36225
36226
36226
36226
36226
36226
36227
36227
36227
36227
36228
36228
36228
36228
36229
36229
36229
36229
36229
36229
36229
36230
36230
36230
36230
36230
36230
36230
36231
36231
36231
36256
36256
36256
36256
36256
36256
36256
36257
36257
36257
36258
36258
36258
36259
36260
36260
36260
36261
36261
36261
36261
36261
36261
36261
36262
36262
36262
36262
36262
36262
36263
36263
36263
36263
36263
36263
36288
36289
36289
36289
36289
36290
36290
36291
36291
36291
36291
36292
36292
36292
36292
36292
36292
36293
36293
36293
36293
36293
36293
36294
36294
36294
36295
36295
36295
36295
36295
36295
36320
36320
36320
36321
36321
36322
36322
36322
36323
36324
36324
36324
36324
36324
36324
36325
36325
36325
36326
36327
36327
36327
36327
36352
36352
36352
36352
36353
36353
36353
36353
36353
36354
36354
36354
36354
36354
36355
36355
36355
36355
36355
36355
36355
36356
36356
36356
36356
36356
36356
36356
36357
36357
36357
36357
36357
36357
36357
36358
36358
36358
36358
36358
36358
36358
36359
36359
36384
36384
36384
36384
36384
36385
36385
36386
36387
36387
36387
36387
36387
36387
36388
36388
36388
36388
36389
36389
36389
36390
36390
36390
36390
36390
36391
36416
36416
36416
36416
36416
36417
36417
36418
36418
36418
36418
36419
36420
36420
36420
36421
36421
36421
36421
36421
36421
36421
36422
36422
36422
36422
36422
36422
36422
36423
36448
36448
36448
36448
36448
36448
36448
36449
36449
36449
36449
36449
36449
36450
36450
36450
36450
36450
36450
36451
36451
36451
36452
36452
36452
36452
36453
36453
36453
36454
36454
36454
36454
36454
36454
36455
36455
36455
36480
36480
36480
36480
36480
36480
36481
36481
36482
36482
36482
36482
36482
36482
36483
36483
36483
36483
36483
36483
36483
36484
36484
36484
36484
36484
36484
36485
36485
36485
36485
36485
36485
36486
36486
36486
36486
36486
36486
36486
36487
36487
36487
36487
36487
36487
36512
36512
36512
36512
36512
36512
36512
36513
36513
36513
36513
36513
36513
36514
36514
36514
36515
36515
36515
36515
36515
36515
36515
36516
36516
36516
36517
36517
36517
36517
36517
36517
36518
36519
36544
36544
36545
36545
36545
36545
36545
36545
36546
36546
36546
36546
36546
36546
36546
36547
36547
36547
36547
36548
36548
36549
36549
36550
36550
36551
36576
36576
36576
36577
36577
36577
36577
36577
36577
36578
36579
36579
36579
36579
36579
36580
36580
36580
36580
36581
36581
36581
36581
36582
36582
36582
36582
36582
36583
36583
36583
36583
36583
36608
36608
36608
36608
36608
36608
36608
36609
36609
36609
36609
36609
36610
36610
36610
36611
36611
36611
36611
36611
36612
36612
36613
36613
36614
36614
36614
36615
36640
36640
36640
36640
36641
36641
36641
36641
36641
36642
36643
36643
36643
36643
36644
36644
36644
36644
36644
36644
36645
36645
36645
36645
36645
36645
36646
36646
36646
36646
36647
36647
36647
36647
36647
36647
36647
36672
36672
36672
36672
36672
36672
36673
36673
36673
36673
36673
36673
36673
36674
36674
36675
36675
36675
36675
36676
36676
36676
36676
36676
36676
36676
36677
36677
36677
36677
36678
36678
36678
36678
36678
36678
36678
36679
36679
36679
36704
36704
36704
36704
36704
36704
36704
36705
36705
36705
36705
36706
36706
36706
36706
36706
36707
36707
36707
36707
36708
36708
36708
36709
36709
36709
36709
36709
36709
36709
36710
36710
36710
36710
36710
36711
36711
36711
36711
36711
36711
36711
36736
36736
36736
36736
36736
36736
36737
36737
36737
36737
36737
36737
36738
36738
36738
36738
36738
36738
36739
36739
36739
36739
36739
36739
36740
36740
36740
36740
36740
36740
36741
36741
36741
36741
36741
36741
36741
36742
36742
36742
36743
36743
36768
36768
36768
36768
36769
36769
36770
36770
36771
36771
36771
