29
332
23
434
201
411
24
460
218
2
386
474
378
319
476
182
163
468
488
409
492
165
440
9
410
459
435
84
97
273
411
33
363
145
431
490
278
113
125
368
431
364
414
333
285
313
391
129
55
11
128
477
403
341
98
118
250
223
310
497
439
200
118
399
307
276
9
244
296
7
373
123
77
200
346
243
220
165
498
391
93
406
295
344
98
267
442
454
170
200
116
366
316
212
240
318
433
249
199
140
64
264
231
46
405
460
36
107
472
39
196
14
490
88
440
208
66
178
303
470
131
437
448
352
436
474
68
455
38
108
169
134
312
79
149
310
26
331
285
204
141
405
472
368
467
325
203
438
229
431
12
17
375
28
126
324
273
279
450
278
290
277
229
313
97
421
390
367
237
472
217
50
410
358
472
268
470
248
245
72
436
84
430
302
248
215
357
182
470
11
132
120
370
108
234
22
309
151
398
439
494
21
264
192
454
30
342
464
60
233
140
250
198
344
238
474
96
220
240
269
241
409
301
372
382
219
497
229
169
479
467
385
302
330
447
367
454
126
21
38
310
119
293
476
406
391
227
461
65
241
254
333
41
136
254
466
375
455
136
48
232
264
228
63
413
32
15
454
424
318
234
120
38
346
178
452
190
136
231
86
32
76
462
88
208
462
279
456
427
45
186
111
223
228
147
147
351
183
486
327
232
31
461
241
391
371
489
448
380
12
299
223
411
484
101
489
183
62
290
352
31
418
30
14
399
69
83
66
95
410
63
81
101
160
163
439
201
466
158
462
250
78
364
177
270
437
19
280
444
492
6
498
127
20
250
151
276
133
462
472
375
219
63
258
182
328
369
467
168
430
260
59
133
365
468
22
460
457
473
47
76
458
127
273
346
145
178
458
252
390
361
167
271
368
332
362
223
111
333
12
385
413
4
233
176
321
167
204
430
319
496
59
157
353
222
390
301
224
50
93
176
420
318
460
393
129
370
277
219
389
305
229
297
386
125
496
109
402
494
232
223
435
194
205
96
297
6
37
403
380
417
344
73
415
335
54
204
19
74
423
159
269
401
231
336
230
370
249
470
96
251
406
215
213
477
209
223
430
197
453
132
144
206
287
167
292
195
75
29
126
135
420
57
292
391
36
356
309
370
311
63
266
473
90
178
385
234
33
403
366
394
497
488
97
52
493
161
327
208
359
478
471
17
279
261
203
88
291
469
488
494
328
229
379
89
376
300
323
254
468
131
448
285
222
179
50
458
355
145
384
349
451
462
414
313
276
41
35
61
396
199
353
89
125
95
15
123
437
161
110
303
80
394
179
420
359
324
487
299
483
412
291
324
314
134
335
49
89
453
123
499
214
146
441
8
155
454
201
2
430
271
95
313
189
338
133
25
104
92
345
487
449
391
50
91
172
424
362
130
372
477
353
465
419
298
160
406
218
304
12
102
239
292
291
370
378
310
382
309
388
415
289
150
74
234
261
303
51
157
40
424
249
438
31
12
132
149
444
457
351
194
353
470
4
76
182
246
169
422
38
19
349
500
5
218
399
185
192
245
495
93
37
441
32
445
207
312
120
448
91
495
92
451
287
188
399
84
305
270
74
306
378
497
427
339
59
442
77
214
482
278
91
324
210
321
255
302
55
313
433
142
132
347
487
370
270
395
145
181
295
480
56
266
40
490
260
323
193
457
377
223
139
355
378
273
325
415
367
280
114
147
329
109
387
145
316
118
461
92
428
319
420
461
241
158
132
109
400
485
31
473
463
17
185
468
280
403
76
413
304
32
239
484
119
249
394
71
170
242
115
457
324
471
390
330
28
334
331
22
334
114
459
13
332
475
117
431
376
281
360
140
496
95
290
376
61
436
216
176
491
156
427
383
424
255
369
279
286
339
438
146
303
262
198
168
139
400
61
216
58
83
476
483
396
29
2
189
207
269
73
117
158
145
319
498
420
442
197
368
442
46
256
320
400
393
468
211
18
416
302
456
184
364
122
200
29
169
430
236
403
435
339
265
282
140
79
481
75
49
461
156
252
391
78
70
358
477
414
28
313
374
8
48
404
415
54
29
440
330
272
412
101
307
369
48
336
247
334
305
49
64
305
366
266
250
288
487
242
405
174
266
130
479
146
487
275
487
210
418
367
215
188
346
430
336
326
136
178
457
49
117
176
62
318
66
497
137
244
106
345
119
276
281
258
390
383
183
257
472
199
117
340
205
447
190
457
331
32
111
375
177
121
418
238
101
51
250
188
378
361
80
205
234
233
301
253
246
457
25
135
