244711
244736
244736
244736
244736
244736
244736
244737
244737
244737
244737
244737
244737
244738
244738
244738
244738
244738
244739
244739
244740
244740
244740
244741
244741
244742
244742
244743
244743
244743
244743
244743
244743
244743
244768
244768
244768
244768
244768
244769
244769
244769
244769
244770
244770
244770
244771
244771
244771
244771
244771
244771
244772
244772
244772
244773
244773
244773
244773
244774
244775
244775
244775
244775
244800
244800
244800
244800
244800
244801
244801
244801
244801
244802
244803
244803
244803
244803
244803
244804
244805
244805
244805
244805
244805
244805
244805
244806
244806
244807
244807
244832
244832
244832
244832
244832
244832
244833
244833
244833
244833
244833
244833
244834
244834
244835
244835
244835
244835
244836
244836
244837
244837
244837
244837
244838
244838
244838
244838
244839
244839
244864
244864
244864
244864
244864
244864
244864
244865
244865
244865
244866
244866
244866
244867
244867
244868
244868
244868
244868
244868
244868
244869
244869
244869
244869
244870
244870
244871
244871
244896
244896
244896
244897
244897
244897
244897
244898
244898
244898
244899
244899
244899
244899
244899
244900
244900
244900
244901
244901
244901
244901
244901
244901
244902
244902
244902
244902
244903
244903
244928
244929
244930
244930
244930
244930
244930
244930
244930
244931
244931
244931
244931
244931
244931
244932
244932
244932
244932
244932
244932
244933
244933
244933
244933
244933
244933
244934
244934
244934
244934
244934
244934
244935
244935
244935
244935
244935
244960
244960
244960
244960
244960
244960
244961
244961
244961
244962
244962
244962
244962
244962
244962
244962
244963
244963
244963
244964
244964
244964
244964
244964
244964
244965
244965
244965
244965
244965
244965
244965
244966
244966
244966
244966
244966
244966
244967
244967
244967
244992
244992
244993
244994
244994
244994
244995
244995
244995
244995
244995
244996
244996
244996
244996
244997
244997
244997
244997
244997
244997
244997
244998
244998
244998
244998
244999
245024
245024
245024
245025
245025
245025
245025
245026
245026
245026
245027
245027
245027
245028
245029
245029
245029
245029
245029
245030
245030
245030
245031
245056
245056
245056
245056
245056
245057
245057
245058
245058
245058
245058
245058
245058
245058
245059
245059
245059
245059
245059
245059
245060
245060
245060
245061
245061
245061
245061
245061
245061
245062
245062
245062
245062
245062
245063
245063
245063
245063
245063
245063
245088
245088
245088
245088
245088
245088
245088
245089
245089
245089
245089
245089
245089
245089
245090
245091
245091
245091
245092
245092
245092
245092
245092
245092
245093
245093
245093
245093
245093
245093
245093
245094
245094
245094
245094
245095
245095
245095
245095
245120
245120
245120
245120
245120
245120
245121
245121
245121
245121
245121
245121
245122
245122
245122
245122
245122
245122
245122
245123
245123
245123
245123
245123
245123
245123
245124
245124
245124
245124
245124
245124
245124
245125
245125
245126
245126
245127
245127
245127
245127
245152
245152
245152
245152
245152
245153
245153
245153
245153
245153
245154
245154
245154
245154
245155
245155
245155
245155
245155
245155
245155
245156
245156
245156
245156
245156
245157
245157
245157
245158
245158
245158
245158
245158
245158
245159
245184
245184
245184
245185
245185
245186
245186
245187
245187
245187
245187
245187
245187
245188
245188
245189
245189
245189
245189
245190
245190
245190
245190
245190
245190
245191
245191
245191
245191
245191
245216
245216
245216
245216
245216
245216
245217
245217
245217
245217
245217
245217
245217
245218
245219
245220
245220
245220
245221
245221
245222
245222
245222
245222
245222
245222
245223
245223
245223
245248
245248
245248
245248
245249
245249
245249
245249
245249
245250
245250
245250
245250
245250
245250
245250
245251
245251
245251
245251
245251
245251
245252
245252
245253
245253
245253
245253
245253
245253
245253
245254
245254
245254
245254
245254
245254
245255
245255
245280
245280
245281
245281
245282
245282
245282
245282
245282
245283
245283
245284
245284
245284
245284
245284
245284
245285
245285
245285
245285
245286
245286
245286
245286
245286
245287
245287
245287
245287
245287
245287
245312
245312
245312
245312
245312
245313
245313
245313
245313
245313
245313
245313
245314
245314
245314
245315
245315
245315
245315
245315
245316
245316
245316
245317
245317
245317
245317
245317
245318
245319
245319
245319
245319
245319
245319
245319
245344
245344
245345
245345
245345
245345
245345
245345
245346
245346
245346
245346
245346
245347
245348
245348
245348
245348
245348
245349
245350
245350
245350
245350
245350
245350
245351
245376
245376
245376
245376
245376
245376
245377
245378
245378
245378
245379
245380
245380
245380
245380
245380
245381
245381
245381
245381
245382
245382
245382
245383
245383
245383
245383
245408
245408
245408
245409
245409
245409
245409
245409
245409
245410
245410
245410
245411
245411
245411
245412
245412
245412
245412
245412
245413
245413
245413
245413
245414
245414
245414
245414
245415
245415
245415
245415
245415
245415
245440
245440
245440
245441
245441
245442
245442
245442
245442
245442
245442
245442
245443
245444
245444
245444
245444
245445
245445
245445
245445
245446
245446
245446
245446
245446
245446
245446
245447
245447
245472
245472
245472
245472
245472
245472
245473
245474
245474
245474
245474
245475
245475
245475
245475
245475
245475
245475
245476
245476
245476
245476
245476
245477
245477
245477
245477
245477
245478
245478
245478
245478
245479
245479
245479
245504
245504
245504
245504
245504
245504
245504
245505
245505
245505
245505
245505
245505
245506
245506
245506
245507
245507
245508
245509
245510
245510
245510
245510
245510
245510
245511
245511
245511
245536
245536
245537
245537
245537
245537
245537
245537
245538
245538
245538
245538
245538
245538
245539
245539
245539
245539
245539
245540
245540
245540
245540
245540
245540
245541
245541
245542
245542
245542
245543
245543
245568
245568
245568
245569
245569
245570
245570
245570
245570
245570
245571
245571
245571
245571
245571
245572
245572
245572
245572
245572
245572
245573
245574
245574
245574
245574
245574
245574
245574
245575
245575
245600
245600
245600
245600
245600
245600
245601
245601
245601
245601
245602
245602
245602
245602
245602
245602
245602
245603
245603
245603
245603
245603
245603
245603
245604
245604
245604
245604
245604
245604
245605
245605
245605
245605
245606
245607
245607
245607
245607
245607
245607
245607
245632
245632
245633
245633
245634
245634
245634
245634
245635
245636
245636
245636
245636
245636
245636
245637
245637
245637
245638
245639
245639
245639
245639
245639
245639
245639
245664
245665
245665
245665
245665
245665
245665
245665
245666
245666
245666
245667
245668
245669
245669
245669
245670
245670
245670
245671
245671
245671
245671
245696
245696
245697
245698
245698
245698
245698
245699
245700
245700
245700
245700
245700
245701
245701
245701
245701
245701
245701
245701
245702
245702
245702
245702
245702
245702
245703
245703
245703
245703
245728
245728
245728
