237
172
175
164
260
494
129
132
423
70
140
280
354
432
151
422
337
251
173
323
173
11
500
399
178
462
437
259
340
55
247
66
205
11
213
229
246
409
198
130
489
380
424
275
254
301
263
56
294
164
97
299
189
361
84
220
328
315
419
451
382
148
60
416
462
301
54
10
188
264
227
139
403
267
89
32
281
138
459
157
447
436
181
457
69
254
499
469
75
166
254
253
219
113
231
481
267
371
420
449
129
181
14
28
164
162
176
236
427
150
115
428
109
94
4
315
292
392
163
330
495
79
91
301
67
429
467
320
382
249
263
438
124
380
464
427
305
418
384
68
180
65
17
148
266
287
476
427
107
181
276
185
273
340
446
396
109
446
99
483
412
380
45
498
204
289
101
132
241
106
398
455
434
313
10
59
186
152
309
353
32
26
394
493
168
133
199
398
165
179
340
99
130
100
393
321
41
366
376
326
101
214
234
418
333
33
405
81
462
483
97
40
408
167
6
299
293
242
254
112
84
288
387
70
482
47
181
463
498
234
38
428
144
14
119
176
144
48
266
429
378
308
37
343
188
237
28
114
72
402
478
269
336
150
38
12
246
341
404
444
437
103
445
117
307
163
269
413
133
374
131
218
406
29
65
10
226
468
88
134
96
151
487
288
114
201
178
9
491
377
253
188
163
233
451
484
407
439
63
451
135
444
89
274
6
221
253
85
441
48
414
293
261
78
495
36
285
74
215
401
80
267
399
171
437
177
432
359
359
261
363
270
362
241
113
432
22
258
451
16
97
454
8
374
349
397
478
435
341
404
53
36
41
314
166
261
199
344
91
309
324
373
81
63
31
33
227
382
447
399
474
313
35
109
317
75
333
87
217
284
255
280
176
54
331
416
28
439
56
232
173
433
319
245
174
348
395
293
258
380
318
364
85
66
236
330
53
339
10
274
56
285
13
330
56
429
375
406
352
312
271
124
257
369
23
390
287
414
99
180
436
397
409
328
340
357
30
106
41
239
254
205
152
415
153
81
85
274
231
316
97
362
452
130
354
244
124
105
45
125
224
396
325
256
425
326
150
478
456
40
69
70
355
256
279
363
301
94
366
68
267
299
270
206
369
411
209
462
205
224
7
414
435
378
256
62
449
279
150
472
204
270
99
24
457
103
190
85
151
243
52
142
111
359
441
191
396
57
154
366
180
80
28
197
119
304
401
108
2
14
229
383
467
453
231
382
364
475
72
257
123
331
34
262
207
171
344
54
51
366
131
27
212
74
158
53
386
184
488
443
44
460
391
326
204
447
6
54
281
115
46
53
299
471
403
414
271
2
482
118
497
99
184
410
152
440
70
252
367
106
317
452
188
469
314
66
475
333
10
313
131
408
4
391
135
233
289
357
384
371
373
202
303
470
243
394
16
487
458
244
285
442
112
33
194
445
147
294
195
477
253
392
484
105
37
393
374
260
301
199
86
339
84
67
198
194
216
80
281
209
383
87
295
184
102
100
162
144
171
335
340
17
371
71
328
266
427
359
449
124
350
467
319
470
65
302
464
96
171
153
286
53
393
308
380
90
329
406
123
155
498
150
5
48
373
357
15
474
47
398
310
426
140
434
44
212
384
464
399
480
407
326
210
248
217
494
420
43
440
231
337
239
18
314
12
485
101
392
164
277
105
390
487
472
26
346
482
1
347
120
435
186
178
260
41
306
483
278
447
5
19
310
361
121
443
61
2
486
23
210
42
427
249
330
145
292
244
338
489
410
39
9
116
206
202
366
303
251
494
417
120
228
211
317
424
497
187
151
457
33
247
289
21
329
193
8
457
370
320
497
345
297
345
60
170
125
265
494
462
142
322
475
496
424
140
302
359
13
343
452
439
160
443
302
329
458
425
350
258
380
231
264
439
338
4
324
351
52
339
190
332
243
469
455
354
77
444
147
240
463
187
225
472
107
399
385
18
439
216
402
143
60
473
138
363
172
287
37
208
279
454
252
40
99
293
478
163
35
315
416
115
416
174
440
400
477
48
241
318
171
110
459
81
440
113
247
423
239
388
415
105
241
101
470
242
188
364
78
86
287
460
152
305
391
485
446
362
304
63
122
122
253
223
215
111
243
254
453
84
348
66
286
301
188
43
249
337
462
24
182
427
489
379
228
377
338
415
112
2
445
136
440
18
172
407
229
334
58
254
146
73
152
392
247
246
472
333
344
100
385
379
358
198
320
352
264
5
343
360
406
412
423
229
347
316
220
298
384
43
238
367
62
143
487
420
337
408
110
380
259
