194
383
323
108
33
332
418
19
182
51
314
208
301
15
466
431
251
486
204
320
239
48
417
58
116
439
435
479
219
180
260
239
148
105
332
61
223
196
311
197
406
222
143
137
320
163
242
409
367
306
165
221
424
63
315
392
378
119
372
100
258
84
367
242
207
185
389
251
332
411
362
345
87
278
428
465
126
4
306
49
488
116
190
35
240
153
476
283
125
356
274
290
251
82
313
128
400
93
251
429
129
65
102
368
457
46
298
300
380
128
395
468
298
154
126
404
392
29
219
90
279
98
49
115
92
193
55
140
204
96
18
155
472
144
480
327
125
226
432
150
280
95
145
308
476
418
356
255
37
397
484
443
52
454
363
388
333
33
82
277
97
270
121
485
496
411
214
194
25
231
236
37
62
28
383
368
379
121
295
63
484
77
254
385
262
213
401
37
450
61
192
55
160
492
117
352
66
288
119
96
17
4
323
487
248
118
36
169
2
370
236
139
333
389
152
429
102
367
245
142
314
108
252
498
149
34
108
54
226
472
202
370
373
337
4
410
120
74
51
63
201
285
483
106
302
228
92
225
449
295
274
121
258
462
183
407
432
358
373
277
132
453
468
268
311
35
190
124
300
133
417
227
476
411
338
423
5
163
302
368
220
372
248
476
439
343
55
305
141
44
8
401
297
297
156
88
382
444
80
500
287
384
301
370
448
121
217
337
249
321
244
480
410
5
333
87
238
257
275
17
52
246
451
52
148
187
213
191
113
229
308
342
353
260
132
26
101
393
78
216
193
106
181
226
350
174
433
65
256
130
255
62
371
70
262
51
366
212
314
48
421
487
195
166
17
144
280
382
146
485
401
483
299
132
81
367
330
157
321
211
349
304
473
128
149
352
242
143
387
141
41
318
211
120
281
104
190
318
118
469
404
46
325
272
420
24
418
140
166
457
242
58
480
380
273
214
192
346
138
33
487
375
228
356
292
156
396
487
205
452
293
203
42
204
408
249
51
71
7
207
338
34
419
209
169
202
444
493
259
352
471
130
314
219
288
31
173
261
261
193
430
433
92
91
442
42
215
259
365
370
204
79
367
391
231
7
137
145
113
352
423
357
58
421
153
141
334
496
376
319
255
158
317
15
383
27
37
496
475
173
278
415
229
172
268
407
500
378
128
443
421
347
423
184
309
496
361
46
252
251
167
497
255
316
286
245
419
79
183
387
138
376
356
176
306
364
325
429
287
345
479
162
496
257
132
451
359
435
95
479
277
55
283
199
486
202
165
386
293
168
25
358
415
375
184
40
237
255
172
351
459
238
56
305
338
199
59
325
89
390
253
278
105
284
19
21
38
39
286
398
186
111
345
134
158
81
345
438
488
213
5
127
246
182
264
227
328
448
36
402
207
336
225
399
65
30
403
471
415
482
342
19
162
70
158
88
285
101
376
71
240
354
26
466
36
330
336
451
473
22
498
179
462
125
417
106
331
299
272
360
144
162
403
413
48
438
404
164
194
113
249
279
392
426
284
417
110
103
58
328
457
47
197
322
181
473
156
176
208
157
301
269
283
454
200
279
86
413
202
260
142
120
28
189
163
242
300
63
370
176
476
307
325
131
227
66
432
154
459
405
91
444
212
402
451
470
191
412
88
280
233
208
465
149
233
403
475
151
289
363
480
222
109
249
76
243
477
437
119
139
386
75
404
57
297
244
445
166
217
106
365
30
189
310
304
144
136
317
380
405
237
180
87
394
184
122
275
425
440
22
108
299
284
108
464
74
470
379
351
96
163
483
175
256
432
115
355
319
132
62
444
314
389
450
386
95
438
21
470
249
362
429
237
92
44
430
177
105
462
190
385
447
210
443
441
316
196
137
74
21
44
495
278
142
192
166
10
49
235
60
407
294
260
84
474
39
496
149
382
392
89
3
308
167
158
105
188
476
84
112
169
276
371
298
490
317
107
194
84
225
233
390
493
375
344
484
379
314
112
256
487
333
38
132
426
385
197
176
374
31
141
313
13
295
490
339
365
404
354
167
81
51
222
377
40
330
290
404
12
308
326
23
252
161
144
338
83
430
262
497
415
480
492
454
168
336
204
178
477
95
445
126
456
152
249
315
250
253
378
39
100
232
290
400
376
466
423
336
156
342
100
115
239
195
238
350
173
366
88
346
57
55
430
347
244
301
261
2
380
209
436
1
490
31
19
9
49
94
408
370
407
21
126
152
32
18
498
2
54
495
265
251
457
351
367
449
23
313
190
212
141
117
461
269
95
360
40
214
53
388
