3705.88
45587.36
22813.05
962.06
34586.75
45002.25
13084.00
5646.10
7292.75
34447.74
70339.92
52559.76
11744.32
24818.88
78127.13
11588.32
37532.04
23185.89
46187.30
20841.96
11003.76
52957.50
25969.16
74478.00
18374.14
18367.36
10054.89
5910.28
32198.32
4216.60
19064.70
43425.15
67656.00
1242.33
1695.79
41906.00
5420.85
14910.66
39985.68
43337.25
5024.28
34312.30
7776.48
63817.11
59267.14
44664.40
30608.34
46849.00
49897.04
46704.60
56075.59
42587.95
10769.77
45589.72
53565.33
5006.28
16126.92
63146.50
71718.27
5826.16
59343.18
18752.02
43474.53
37263.16
54729.80
51378.99
10198.74
37799.60
80296.04
2140.32
22552.64
53931.40
39746.28
26908.32
16637.76
6290.64
76085.10
47523.52
27980.25
31237.93
1032.12
46423.50
5691.15
21394.49
56475.20
30412.76
78742.80
9347.94
80120.04
63732.08
48945.62
90959.04
50655.00
919.01
33361.15
70010.26
71456.44
47427.70
65447.82
8348.80
11083.84
28509.32
52075.08
28110.00
50770.37
18975.57
40855.40
28920.60
38351.10
3648.04
51305.35
46332.72
45921.33
8108.64
12938.04
31417.32
15691.34
18037.32
10923.99
58813.45
4603.89
42706.08
47679.66
8529.06
88293.10
1112.20
55818.82
70193.60
65601.23
47871.75
8449.20
87019.20
57525.60
2410.60
54266.08
20404.45
60864.22
29934.45
61447.80
28109.40
4129.41
54892.52
23473.68
71098.98
85049.10
39438.00
17658.90
61516.00
15018.12
60410.64
26348.00
61910.10
44029.44
6997.56
39312.35
51204.12
57929.42
18064.35
45744.64
38052.30
27287.19
19154.88
7077.70
23505.40
63319.20
47487.84
73577.91
41165.79
8280.09
66958.20
39914.28
45121.44
34559.29
46731.64
2997.27
40878.20
12480.65
21670.68
51567.45
56999.70
55102.32
26662.75
39132.00
45084.85
45225.18
45410.84
17869.18
60671.36
46255.30
20623.47
21527.52
4925.28
56499.84
27228.64
15016.08
15928.74
5589.96
35725.92
69681.92
15232.64
57423.49
35859.24
44156.58
16209.27
36391.36
8607.18
41044.80
40003.29
7443.80
38916.25
57156.48
86058.24
25177.50
26794.44
46273.68
21108.23
45819.51
55120.80
15280.64
24525.76
55679.85
36213.50
31005.64
35782.72
52343.04
62811.16
54463.11
3189.48
35598.08
40757.69
39651.12
12613.50
12172.05
21963.80
81175.05
61685.52
16541.64
54837.75
33983.88
63295.32
3384.66
12886.51
47791.92
48688.50
34267.45
28681.00
80051.58
1740.83
61115.50
50708.61
38220.42
45985.32
65870.03
53336.61
42358.44
41719.70
41579.22
19622.68
26938.98
19480.72
23740.16
18484.95
86429.71
45369.28
48659.46
52791.34
17894.11
22231.68
77571.90
28509.03
50742.00
26560.60
21778.56
43783.96
31954.44
1472.56
39248.16
35248.50
51546.04
31267.35
12157.32
22808.32
1018.11
58847.88
16349.40
39399.36
61319.19
5510.95
39174.48
2100.28
27767.34
57941.60
30245.04
50073.71
5210.46
24582.74
23281.44
23516.78
8731.38
38313.28
29916.86
50214.24
19047.00
40643.75
37750.50
68052.16
75274.20
45866.67
43343.11
40171.20
54425.28
61085.25
4620.05
12059.67
42735.60
29732.13
30159.52
9315.90
29907.25
12433.32
43735.73
63449.08
33961.25
67876.22
76896.00
41644.20
21987.75
36855.26
44736.26
44135.19
81715.95
80861.10
5180.65
26303.00
54111.09
69460.96
42252.21
2971.14
38976.84
7553.00
40895.40
31129.12
71251.03
26758.60
23621.16
36867.68
55386.24
11225.76
39670.86
30475.17
8324.96
49029.89
3279.46
84761.28
65042.64
8128.55
31683.75
26883.58
58941.76
39275.60
15865.22
1018.11
22357.61
78182.50
11694.51
47900.75
20524.14
90598.06
21368.62
26404.84
34052.80
10207.98
43247.20
17034.12
56230.90
12332.95
61973.01
37623.60
50090.43
31448.98
47325.22
38366.65
25370.88
8739.20
44574.38
1178.27
75105.58
28720.40
10749.34
43221.64
5325.80
29403.92
4847.13
30258.17
4684.98
6997.56
23894.26
59864.40
33660.00
26054.34
13269.30
7484.04
57179.84
27292.64
47898.66
8428.90
45438.00
9442.16
16957.90
27966.00
20496.90
44428.80
35708.28
35033.44
55543.84
30363.00
27058.56
65945.66
20413.26
29226.78
36589.44
25271.70
29021.46
46071.72
6618.96
34156.00
4967.25
29957.25
18419.30
58974.08
23300.50
11821.46
4591.86
47574.75
37899.60
5220.70
10811.70
28799.32
34597.20
45823.00
24727.35
29207.64
26517.12
24025.80
40167.50
37410.70
79433.26
17689.38
31650.56
75458.12
14689.73
1330.42
36943.48
33233.97
38016.30
19013.28
7131.52
44439.12
10703.66
37479.02
12438.02
8919.48
46810.05
31033.00
9239.70
46536.88
45521.84
20166.60
75749.90
11123.84
50579.61
20081.80
23034.45
29423.94
41262.77
49838.39
11387.94
56620.40
40280.10
28390.20
23665.60
30752.88
57530.55
22689.94
45268.28
15625.61
55012.91
21055.80
38372.88
34434.92
26913.12
76400.55
19998.00
11748.84
49304.00
24326.50
83209.40
40326.66
53979.09
60976.44
61797.56
10307.99
8517.06
31049.97
30412.20
51798.78
37992.64
12833.80
13264.93
59584.32
8901.42
40322.10
8065.68
7224.91
3691.88
45809.72
68771.01
62995.16
40784.52
32094.44
12910.68
43149.76
6234.60
28970.80
28740.80
30661.02
13935.00
40980.20
1881.97
18240.95
60410.64
74102.85
30356.76
25084.69
10342.92
31103.28
37587.48
8442.27
45600.20
88832.10
68907.15
17914.20
29502.88
6817.25
77130.96
5485.84
70898.49
60127.04
33836.25
62623.74
11892.96
7687.33
10420.06
40867.40
43029.36
1766.86
37239.99
62717.65
74208.12
21577.95
13034.16
15753.08
5990.36
12861.86
70554.40
60508.40
2262.44
8820.72
52921.77
42044.80
35464.38
6270.64
19094.02
43706.99
45329.20
9011.66
46448.75
3573.84
30164.67
18559.40
3708.08
43606.73
7873.30
61566.00
20587.71
43470.75
34620.52
50997.76
52498.88
13526.24
22087.52
2847.12
44656.38
25969.54
18469.80
61154.78
12877.92
26353.62
55812.26
48792.81
71845.14
20866.89
50201.76
48556.64
75539.64
20556.90
41118.50
45624.96
26452.08
26361.05
1510.60
15926.90
59102.73
81625.95
44781.36
5982.36
73678.00
13084.00
24026.25
40889.42
39770.12
10055.64
28619.59
61936.24
47189.94
26303.00
48543.84
43595.99
1137.22
64027.60
4535.00
78833.50
12844.44
4192.47
43974.92
58989.02
26107.52
46797.14
24434.64
54588.22
50985.76
10840.48
38733.82
9081.73
43218.63
35810.94
28210.00
57391.74
26988.32
29518.88
3627.82
41559.14
11702.60
38934.84
74492.90
21414.88
1878.06
11189.76
85723.77
2869.04
4244.60
51031.20
57380.80
17497.26
43011.88
32774.60
83517.30
67366.38
83927.20
41426.84
18164.95
36137.61
24085.80
61048.08
33611.76
17318.20
21610.68
50786.19
46913.84
61366.00
55299.97
13104.00
24761.18
11822.70
4488.84
1922.12
1687.78
27515.16
22729.32
81818.24
26861.12
35381.28
45973.25
19663.00
39675.90
31912.98
69913.60
3363.63
26767.29
29767.71
54958.04
33726.30
35517.20
36378.41
4372.65
40963.71
47731.20
42915.60
54150.72
52756.77
28995.20
43837.86
45047.70
5552.82
34686.54
18414.63
36895.78
13117.72
4456.74
83025.40
28995.46
25449.17
18119.00
8729.52
46894.14
45764.61
25007.00
13269.19
54083.84
7560.32
21277.49
77829.84
15072.48
5051.34
59664.00
10114.80
11727.76
76302.50
54698.40
36976.66
19325.09
10779.52
8406.18
44345.00
60165.00
52134.60
68743.67
53292.15
36216.06
44183.52
30625.28
9784.62
18716.52
78083.70
44383.60
50755.00
59163.50
30603.30
43633.11
37503.60
54357.00
45717.98
21624.00
30312.20
7742.28
24088.22
35773.92
51732.23
15857.25
46162.16
49373.54
83992.32
24521.92
55099.71
32794.80
44887.35
67174.56
19648.47
79169.79
45263.82
23152.50
34136.08
67224.00
52693.49
34488.99
1031.12
35354.52
51164.46
8288.96
8048.58
15471.39
6671.35
29842.54
45588.60
38240.50
10891.80
74554.69
33423.27
1039.13
4650.10
18056.55
18852.32
28569.45
24852.25
27149.28
49714.70
7743.40
41625.76
25310.60
61893.60
40920.88
15053.06
40468.56
33799.88
3640.04
44939.56
43387.52
44421.50
8068.50
45990.36
28926.87
5761.20
74899.12
5738.08
32430.58
1655.75
24530.74
12091.09
42958.08
43563.84
42453.98
52030.11
79374.99
20021.44
30920.58
6577.00
2678.86
25696.36
8336.88
49917.82
31287.87
52198.77
67234.44
24821.41
52526.88
22858.08
24526.40
4802.07
44984.02
47826.10
51012.34
10703.22
43354.44
60826.22
6487.02
22507.80
34314.83
3027.30
30721.32
48868.20
7868.35
29760.64
28505.75
53205.19
34444.52
29679.28
5568.12
56459.76
13782.08
37770.95
29527.68
3455.62
44046.25
51644.95
31017.12
69481.44
11064.69
12769.80
61360.19
36663.20
70166.36
43099.47
57636.57
1451.54
35757.43
47649.75
75544.55
57480.39
32523.34
36137.81
54393.28
50246.82
26506.00
32122.32
49652.80
61012.08
31983.66
36759.96
33992.91
49804.92
48470.46
10315.04
45846.61
34912.82
46453.96
67670.04
23566.62
9204.65
13412.70
6617.05
58543.94
47499.66
45948.25
46257.40
73626.91
77954.70
39715.32
47199.50
4426.71
45163.30
42594.85
11724.84
63206.83
44947.25
29914.92
24491.46
37400.80
26668.80
42005.60
7952.64
22995.70
35631.96
35243.70
62798.67
32474.31
59113.50
15057.25
5033.40
18209.72
46673.60
50695.20
7768.20
59957.70
58142.40
53233.50
9530.15
20293.56
37129.56
52724.24
14679.86
11639.65
5904.48
44717.40
61217.10
57744.72
5500.95
21479.22
10539.20
33055.36
52372.17
25046.40
26271.29
33702.58
27943.41
39686.84
22392.48
42164.16
11457.04
73381.44
40369.23
12788.37
5219.49
59142.45
55675.40
82086.50
54668.48
18349.50
11782.70
36588.75
40269.55
45291.51
41077.40
11442.24
34056.90
15009.06
71012.76
27902.42
934.03
54299.72
46569.87
26647.50
24864.84
85740.00
37784.32
80164.48
12410.31
27538.95
72192.12
45263.82
44899.22
