320
207
132
15
443
109
183
183
301
37
135
192
401
439
7
70
263
315
454
30
358
163
190
247
358
24
470
159
428
419
409
314
113
38
1
443
367
68
255
28
440
445
183
445
94
360
29
139
22
169
216
224
16
195
139
176
452
46
436
62
169
202
415
495
153
409
180
120
453
275
15
24
319
276
365
441
82
254
102
480
8
493
279
337
442
151
253
257
102
263
434
41
323
49
390
338
54
422
286
139
338
418
29
447
135
299
1
401
69
135
290
98
256
439
487
298
203
120
74
20
175
221
392
233
30
140
8
10
405
325
14
15
110
334
51
188
262
399
361
77
291
330
184
457
440
363
414
397
206
407
134
401
255
312
235
498
119
261
266
444
227
458
200
105
401
242
360
116
188
405
115
430
120
414
377
17
190
383
59
185
291
369
365
304
21
228
272
8
259
23
395
153
126
19
440
59
172
158
27
433
304
78
289
155
443
70
387
267
274
383
167
171
91
269
276
338
32
427
473
315
51
405
132
16
234
326
289
165
478
304
195
237
481
28
390
68
41
337
128
429
308
32
429
262
320
473
171
394
28
251
336
6
136
424
251
471
103
428
467
229
424
219
179
84
84
388
407
25
192
160
189
423
82
17
231
220
174
37
23
493
95
297
66
429
113
453
382
146
299
432
75
238
407
137
31
393
490
183
451
167
120
299
433
342
8
401
103
259
388
13
151
14
376
44
94
112
494
334
423
88
108
237
241
122
74
403
141
452
241
220
406
361
306
310
333
78
404
175
448
273
316
386
133
109
171
457
395
221
300
417
77
430
345
62
416
215
87
439
160
80
166
166
459
352
105
374
368
210
429
303
31
168
155
333
177
488
446
51
421
152
420
327
432
259
401
268
402
472
338
167
2
490
98
378
366
395
370
81
311
192
15
141
292
353
429
96
424
34
394
173
458
437
75
484
243
85
267
448
331
205
206
89
330
404
133
476
354
153
484
344
362
419
98
497
418
426
166
25
53
382
380
210
79
200
373
351
274
267
368
447
253
56
358
55
124
231
328
405
432
440
172
37
402
34
62
397
279
122
408
46
3
417
320
130
340
376
96
249
392
36
150
281
468
10
99
93
446
168
287
36
315
353
49
456
101
147
239
213
26
69
246
5
490
392
76
215
450
252
399
431
117
39
72
29
97
12
456
177
388
413
233
342
121
321
385
19
52
333
486
147
19
76
386
171
365
251
369
420
441
14
350
460
11
107
179
482
374
108
107
12
21
243
397
432
358
328
163
192
302
350
343
225
180
246
191
292
308
363
469
114
35
242
197
475
126
20
17
452
407
260
94
330
443
251
70
184
402
406
368
429
92
408
375
85
363
175
296
467
384
122
154
344
55
176
4
455
488
194
438
94
328
156
211
293
133
35
426
188
273
211
300
267
421
473
217
450
259
408
89
39
91
100
187
489
176
90
363
11
125
242
12
43
230
164
120
145
462
128
12
64
239
442
268
172
70
44
41
442
357
188
173
269
420
191
273
431
452
90
326
387
459
408
461
291
291
327
318
170
456
58
349
402
125
332
152
442
317
30
150
120
135
13
2
56
45
315
31
351
168
390
399
52
64
216
143
452
488
472
346
277
278
49
85
14
310
255
365
299
264
120
366
310
342
44
417
395
271
99
267
95
176
3
423
54
457
226
318
61
63
193
138
221
304
500
71
145
471
119
306
169
220
50
197
303
176
476
323
194
446
334
190
206
237
463
84
254
239
105
248
143
46
167
254
72
23
45
298
77
96
220
482
469
349
78
21
80
385
17
431
268
64
307
11
34
484
268
80
329
346
398
409
125
242
195
33
301
344
27
353
91
49
471
19
424
454
390
281
270
193
78
3
303
82
286
327
457
440
401
346
117
365
251
352
22
417
51
261
42
224
391
73
67
331
156
218
382
76
110
463
340
148
350
262
113
160
325
270
494
106
452
301
433
365
54
474
36
348
22
155
393
478
451
494
146
128
344
381
266
82
48
466
131
194
117
338
450
198
347
366
109
138
400
402
241
331
211
227
184
260
390
425
425
52
174
290
313
116
485
375
404
50
243
13
217
116
386
373
63
61
229
111
370
67
12
122
308
173
68
205
205
452
210
239
202
266
373
396
186
330
392
441
60
368
283
353
58
106
357
158
385
22
242
129
123
135
153
62
500
298
281
216
226
322
365
99
347
24
437
220
131
414
195
247
213
154
210
191
438
172
450
380
266
20
342
216
390
364
378
190
290
210
247
296
242
208
188
53
280
284
246
