51
3461
3943
1874
1621
5277
2150
6355
7902
9967
630
6645
2880
8921
3445
7495
1823
4273
1639
662
3220
1179
5162
351
7878
1704
2126
8553
6950
5969
1105
9686
5237
1784
866
2406
2200
4067
6532
1209
3622
9716
2396
8322
5735
6963
9557
3353
7079
8685
4768
2524
8165
4663
925
1610
8200
6628
3271
6462
5044
9018
3809
2023
6825
6741
4775
5315
784
5427
57
1940
4454
4091
6235
8319
3394
4263
6375
1374
4102
8336
9426
2240
4935
7591
5404
3415
9294
8613
5805
9605
7845
6813
2602
842
5829
9352
8189
2851
8445
6300
6414
8583
7973
4587
4136
4706
3000
1634
6816
9656
7721
7775
7976
6912
8483
6040
3570
1924
8392
4040
9889
98
4106
8015
6574
8663
4930
3478
5087
3631
7246
7056
2977
517
2544
5223
4915
3861
9410
803
2344
8956
3551
7815
2765
9079
7529
9344
6873
1614
9798
1785
9789
9731
4972
9958
6104
8566
2643
6364
2888
5379
8333
4252
2611
2270
3768
2701
6514
5438
1126
1570
2992
366
7000
4207
2726
5513
5759
3704
2813
207
1679
5575
6679
8102
5381
8079
6272
3412
4019
8891
8455
539
84
5207
3379
6130
9365
1746
1893
2007
5512
6735
8005
3972
324
4272
1858
6050
5245
7459
4067
2105
3497
2844
7307
516
817
317
7090
6309
4548
1927
3569
9119
1047
1435
5292
5553
2644
9948
9873
2535
4888
213
9112
1239
9869
2790
227
5712
8227
2580
1448
1794
1088
8792
5229
9491
3437
589
7079
1044
9919
7310
7981
2205
2097
3738
3916
8461
1950
7773
9361
4362
6416
8780
123
5393
4020
4805
6006
8942
6701
7769
9666
5145
6993
46
9466
5979
8687
9081
7415
9523
1905
3173
7574
9712
5097
841
940
5251
233
155
2070
4021
5844
6774
5408
3722
493
1998
6149
6711
7626
9342
5084
9007
9032
7624
7642
4438
1993
5497
163
5674
778
8750
5421
7386
7983
5399
9873
191
5721
1602
5200
7028
9036
6459
636
2001
3136
8904
5959
7292
6410
9804
2052
9195
8484
2323
569
3909
1888
7340
7359
1305
6300
9911
718
5935
1817
7807
2156
1368
142
6186
1996
4487
5800
6560
9859
8065
4640
3219
7496
5658
3129
8096
6331
8463
1526
9375
1910
936
9317
3833
7322
9283
1267
3995
9987
9351
8039
923
7207
8785
8122
1675
9174
3589
8166
4036
2715
7640
4941
2948
6053
2417
6485
1582
8631
6795
7738
9793
1376
1009
2125
7453
281
6913
2455
6507
3084
6245
4481
5714
2174
9618
7794
2041
7763
441
2816
673
1104
9785
483
5737
9410
3087
9238
7669
9836
5743
8795
1481
7788
7924
1899
3133
5602
1603
1026
1206
6151
5202
9898
5471
2393
2699
7251
7610
654
9512
3493
7621
5903
9167
6105
2859
1199
1244
4753
9616
8059
7445
5804
6982
9755
2442
2868
7634
8602
1096
8628
6240
2036
1248
4678
339
6869
9267
852
4016
904
2549
351
2530
95
2515
8055
4324
6735
9908
238
1282
2829
3794
5576
3160
9362
1550
6575
3575
675
6210
6581
2800
8732
2872
8781
4435
2623
3525
7274
5377
9528
1831
1770
7664
4669
7300
6183
4430
5045
9006
9782
48
8538
4288
8939
2247
4017
6074
73
5593
9057
8979
7760
7318
2399
5907
8691
8892
7178
3781
9985
9823
147
5615
5331
6893
3169
3902
8775
7774
4347
7583
4192
3056
6649
5218
4503
8065
5420
2128
8123
2534
4035
1252
9972
8758
2186
2487
2477
3606
390
5900
4033
4781
9685
9148
842
54
4828
8506
2663
1097
1948
6870
4788
4172
5330
6671
9357
9820
5961
5930
1370
5051
8129
1083
5430
5740
9626
313
8584
7051
2881
4600
2303
4173
2566
2224
5891
3787
3355
8380
1860
5028
4940
7869
4478
767
5231
1199
4359
6235
9436
2253
175
7140
2359
533
9004
1266
4988
9384
1529
7234
9209
9738
3518
1741
7180
8874
7757
2620
9536
86
4573
7359
2666
7077
7324
3527
4859
5082
3640
2398
3959
4641
9775
5121
4354
1799
8047
8039
16
4507
7321
5367
9127
9147
7257
9614
4739
9085
7050
4585
5559
1387
7000
8500
1290
1779
4598
3149
182
7203
9669
709
953
9506
3190
4572
8533
1938
8537
9258
4563
4894
198
394
3692
8300
750
6397
1306
1111
892
7591
5648
1039
6811
3592
864
8471
928
426
532
1364
8266
7424
4821
6282
1494
5896
3289
7154
6273
9180
8277
972
5465
6328
2696
3421
2026
7926
661
9847
5237
3430
3930
6949
6153
2122
8635
4434
9918
3229
6513
8409
7027
7754
6289
3747
3406
7944
3888
6500
224
2591
6536
7003
9779
768
8295
5456
8727
2303
9867
9885
6285
1768
4663
4749
2345
1436
6882
5917
5898
1168
8892
2625
1673
6589
3565
3557
6935
7235
2892
3281
4857
2803
355
5719
8875
1246
9562
7896
9588
9033
8122
6156
8504
2293
548
2389
736
6763
5011
4060
4197
3581
5975
2918
6357
5574
592
9180
1670
4196
3050
6620
5732
5946
2248
228
7545
9508
7575
9490
3148
9948
9789
912
6655
5742
709
5654
511
2368
3896
5244
441
9254
5987
4118
6414
7975
339
1058
2054
975
6337
3417
7266
6969
8214
3084
9474
697
4165
6531
1399
5471
9909
2906
8647
9371
6073
3715
265
5400
2913
8582
5326
9283
1554
8462
6878
8211
1177
1970
3562
3144
8111
9620
8881
6142
3187
2770
6268
7216
7408
2753
1232
3279
4966
9445
6616
2015
6456
3292
1066
3150
8804
2954
6748
4487
6007
2236
9268
8125
9229
9406
7977
2971
8034
3734
2015
892
6954
4257
7728
271
3862
4684
2803
7214
8693
9514
9820
501
2010
339
3747
6030
2264
8316
5329
3386
5277
2881
1832
6005
9239
7538
302
6062
5393
6283
8956
9285
720
3399
3701
7555
507
7231
623
6572
7898
3484
9853
4501
8242
3328
9159
7597
8162
2481
5380
7137
1189
2663
6562
6100
6177
5898
3350
1349
2533
6001
9629
8463
3734
7501
1995
6222
3842
142
