47
20
20
39
35
33
6
21
39
5
16
27
21
23
42
23
47
47
44
41
29
49
31
38
12
14
35
30
1
9
18
50
1
37
49
43
8
40
10
4
24
19
45
26
43
43
5
5
25
25
45
18
32
46
12
26
34
12
44
23
10
29
50
6
30
2
46
33
17
38
4
13
35
30
4
46
39
28
48
9
26
43
26
13
41
49
6
14
46
21
22
21
45
13
7
34
2
38
16
48
4
49
10
39
4
6
8
24
6
8
5
44
15
34
29
10
28
28
2
48
50
22
46
48
15
6
47
19
50
38
36
45
43
24
26
12
35
47
32
45
19
31
22
8
44
37
31
39
50
19
9
42
21
38
15
21
49
36
17
27
12
31
15
42
33
5
43
1
27
1
33
48
38
39
29
20
40
35
42
36
29
42
7
16
28
45
30
9
47
24
17
38
44
23
31
47
25
30
1
38
12
44
30
39
7
26
34
47
41
10
23
6
39
31
25
15
29
23
11
39
28
24
32
11
41
3
25
9
22
17
12
37
13
40
33
21
6
22
43
48
7
5
33
18
21
9
35
48
15
18
48
6
19
43
18
8
34
26
1
1
41
23
13
45
11
41
32
49
22
2
35
46
25
6
22
27
38
9
3
44
46
18
16
20
15
36
42
12
24
26
27
24
3
26
35
26
6
41
21
30
37
4
20
1
10
35
43
23
15
9
21
36
47
18
27
37
13
33
25
2
22
12
12
29
1
17
11
24
49
19
29
8
20
42
2
46
28
11
37
4
24
7
48
7
47
19
1
20
24
5
22
39
25
5
34
4
6
25
46
18
29
15
1
22
27
1
41
8
46
17
37
11
37
11
40
28
37
31
29
29
36
42
2
17
41
3
40
36
43
1
9
45
17
8
44
29
46
4
15
3
42
43
48
28
48
21
27
32
16
46
3
2
9
40
31
2
13
47
14
19
31
32
39
23
47
18
43
8
17
3
31
38
14
25
16
2
2
20
11
27
35
19
5
2
48
20
14
27
19
34
19
6
41
27
21
24
25
24
29
7
39
50
44
47
37
4
18
28
26
34
50
7
3
20
29
47
40
45
15
13
47
4
36
9
48
19
11
8
28
16
24
22
5
17
32
44
50
8
8
32
5
43
42
23
40
16
1
1
5
26
33
40
48
22
38
3
27
27
31
50
19
46
28
7
22
38
28
9
13
8
38
49
41
19
47
7
14
9
44
33
45
40
1
38
28
14
34
24
36
5
33
2
6
27
28
14
32
28
7
18
46
15
32
43
43
37
37
50
37
47
13
7
32
32
5
39
10
42
7
45
7
14
10
4
31
13
33
21
49
22
48
35
14
47
19
9
4
42
50
16
37
50
29
29
34
15
38
37
21
29
48
20
15
29
2
35
1
45
1
14
40
25
17
41
20
17
3
38
14
31
9
25
42
11
20
47
46
36
28
4
12
12
10
14
10
40
30
36
39
31
50
3
48
30
2
13
31
1
36
9
38
15
39
23
6
12
31
42
1
1
38
19
15
33
29
4
23
31
50
40
4
46
27
16
21
13
31
4
40
17
10
50
1
28
43
10
27
44
24
42
35
19
9
1
48
43
41
22
43
14
29
21
34
16
47
33
33
44
23
34
26
46
30
41
48
27
3
31
42
4
17
40
28
26
37
29
12
29
5
28
15
3
18
2
44
29
40
39
11
28
31
35
15
42
3
41
17
19
38
36
13
36
41
50
45
13
43
39
25
11
14
45
40
18
29
39
34
1
1
38
13
10
35
21
36
1
48
39
3
26
3
43
26
24
38
16
11
7
50
5
40
25
27
20
8
4
30
2
47
10
32
50
30
20
41
44
31
50
37
10
37
50
37
32
22
45
50
32
22
39
25
13
35
19
1
22
37
27
29
29
37
12
22
18
50
47
44
22
5
4
33
31
50
37
15
10
36
3
24
4
13
27
41
4
47
11
43
49
35
50
44
11
5
38
21
32
17
36
23
40
9
23
41
16
24
29
27
32
35
48
23
28
30
15
23
47
20
11
18
3
6
18
33
17
50
45
21
42
35
22
24
36
25
45
29
38
40
21
21
23
15
19
20
31
29
47
36
9
44
28
8
42
22
23
20
18
16
28
29
38
17
24
43
2
31
18
36
35
38
8
13
25
44
43
5
9
7
13
1
35
15
7
40
22
26
8
31
5
26
14
25
34
6
14
3
43
28
14
9
44
25
9
38
13
28
10
12
24
45
39
24
40
8
42
2
39
12
31
42
18
