148
383
188
163
437
373
427
243
131
465
266
335
140
63
398
283
135
405
411
209
420
320
23
62
319
454
261
350
74
68
350
81
347
476
362
247
252
330
272
14
337
74
240
457
434
221
135
327
341
500
22
406
60
271
367
182
167
25
4
348
66
280
220
338
90
178
422
496
418
57
34
233
271
438
168
380
430
481
472
399
235
122
254
452
348
217
76
84
169
76
282
433
61
79
305
206
180
207
195
36
201
490
451
95
474
387
231
161
3
62
186
146
308
353
95
332
221
203
195
379
97
312
356
449
49
428
230
341
354
497
218
227
68
202
5
174
44
452
61
2
252
67
80
482
383
396
110
295
289
260
247
133
334
55
406
62
17
97
349
103
42
166
203
31
302
53
308
288
292
111
363
407
48
392
51
485
27
415
384
451
477
353
364
44
414
360
126
407
331
190
351
198
292
83
459
471
198
82
352
91
211
355
212
188
217
171
50
277
472
79
227
76
102
395
182
478
466
103
494
34
440
215
173
340
154
374
365
294
124
350
124
231
440
498
298
237
481
368
159
153
215
461
120
152
48
302
324
290
365
328
197
251
320
405
190
332
186
182
271
411
302
71
415
253
469
18
193
81
30
346
310
461
347
264
101
294
458
267
30
91
173
44
101
329
59
275
429
284
445
82
145
357
61
291
225
341
279
468
72
444
460
74
95
471
181
257
398
304
14
233
490
247
264
250
221
319
236
316
276
305
87
159
482
121
107
2
427
418
6
349
362
63
127
184
169
217
82
409
307
435
283
208
409
108
229
196
21
476
129
166
210
293
199
471
4
392
22
282
93
17
460
465
17
82
3
30
348
181
217
415
227
113
213
479
139
275
284
452
333
332
381
434
8
106
101
71
261
189
161
496
314
59
494
460
443
200
66
120
41
58
471
93
377
110
201
449
324
321
36
463
115
216
309
276
88
65
188
296
473
346
308
183
52
94
452
341
493
64
424
499
352
257
13
190
438
306
355
41
154
91
439
220
141
249
6
369
433
330
448
498
334
255
470
484
275
204
278
108
113
63
443
330
83
221
127
403
133
183
355
313
199
215
306
54
428
355
241
358
218
474
106
308
428
151
91
203
487
322
179
199
333
300
343
331
89
186
246
366
458
300
235
54
350
245
429
170
363
490
14
385
431
47
44
358
349
171
295
426
61
21
318
494
61
304
349
184
207
270
197
249
96
1
400
379
271
400
81
422
214
239
246
242
184
91
21
43
280
382
374
247
293
464
211
189
76
16
85
69
458
109
259
83
56
57
305
3
455
178
458
202
440
163
67
225
41
323
360
412
125
311
320
232
477
21
286
162
82
156
277
129
130
58
441
21
83
192
42
393
384
401
110
57
234
30
393
374
333
410
475
277
144
242
203
426
3
307
58
219
121
259
398
389
220
472
28
205
200
31
234
232
57
184
293
412
5
224
371
366
12
128
305
495
401
377
314
448
85
92
182
269
465
67
443
177
386
438
453
46
483
256
408
409
400
450
337
90
31
294
420
236
55
484
153
332
243
218
475
165
237
357
33
211
427
475
255
175
7
324
476
29
54
128
267
216
177
114
51
378
227
312
104
365
9
76
43
257
75
234
433
374
89
384
447
82
290
426
246
399
245
75
498
332
360
252
354
461
284
333
273
213
321
17
22
275
27
358
333
45
191
490
246
161
158
451
225
125
283
282
348
495
459
226
310
55
462
353
334
36
378
50
53
238
293
312
46
312
500
202
212
176
390
249
98
426
316
144
155
352
251
154
493
367
287
320
422
287
211
166
62
6
18
404
315
51
439
438
316
34
321
110
119
248
421
160
20
241
125
346
475
131
161
344
271
153
269
399
151
162
147
352
388
401
57
382
381
378
141
120
140
432
111
102
14
475
16
492
86
306
473
126
261
94
71
410
327
326
173
202
305
440
263
74
120
452
340
5
96
144
313
187
120
438
13
448
232
395
328
4
305
448
332
79
85
391
33
426
318
133
219
235
355
220
486
209
304
307
24
262
474
199
499
336
209
437
103
328
182
429
142
3
180
251
126
120
205
353
209
244
144
50
245
342
452
475
422
195
30
457
445
455
125
73
310
223
92
68
465
49
434
297
104
215
100
332
364
12
298
184
268
402
215
40
100
84
144
53
196
70
71
210
15
338
489
304
216
269
21
193
355
426
370
368
422
20
22
7
369
87
41
215
476
302
71
24
294
236
358
196
369
19
417
364
435
68
335
327
384
61
433
24
137
365
117
5
210
471
181
411
99
235
