36
341
85
129
257
414
262
318
373
2
63
200
106
355
71
35
43
336
287
449
416
260
391
280
447
88
302
426
367
346
318
325
440
480
389
407
139
462
9
275
417
2
362
236
355
214
300
352
327
233
421
257
91
371
59
182
37
487
427
85
177
469
492
87
395
15
103
289
225
436
53
142
275
233
372
159
189
46
406
387
442
172
296
278
157
2
4
159
199
365
438
374
333
164
247
107
25
346
29
436
124
286
353
224
351
162
459
53
425
440
453
437
427
385
372
121
315
43
325
478
17
196
284
76
287
118
430
454
24
19
398
473
219
363
47
77
162
377
440
456
1
29
125
487
15
425
172
450
369
99
448
1
188
349
291
492
462
185
469
192
159
460
259
459
361
329
219
442
113
483
315
207
456
102
189
404
240
28
260
314
488
337
97
325
298
111
433
218
397
424
75
283
457
132
252
270
155
426
27
224
419
487
454
135
385
56
374
65
111
36
340
500
476
209
459
212
196
107
337
480
363
466
243
403
297
211
347
470
75
122
126
238
379
372
290
251
412
320
330
378
296
482
232
434
56
131
267
69
221
112
204
447
500
40
165
237
388
32
41
461
418
497
456
63
158
96
154
426
177
53
294
28
129
268
117
91
245
262
224
231
115
479
130
340
460
318
210
157
276
152
335
371
456
15
110
447
170
1
21
283
257
401
243
220
245
318
146
460
319
303
42
281
447
400
108
35
310
434
232
164
60
486
103
137
247
492
225
400
166
297
329
239
425
490
458
105
63
73
236
485
65
424
25
222
25
185
40
381
43
401
483
150
395
23
423
446
424
103
437
182
250
241
465
20
470
381
392
339
365
24
2
467
340
248
255
48
245
29
159
235
258
170
394
433
318
495
145
170
185
132
500
322
174
181
110
217
256
47
252
242
57
178
458
370
405
19
393
298
492
173
331
350
84
153
388
282
146
207
8
126
413
154
73
150
251
29
351
344
421
81
312
357
363
355
379
30
63
181
327
75
333
131
29
85
82
358
301
271
131
342
85
63
66
313
235
19
320
336
290
137
47
419
412
148
86
34
69
141
380
210
402
412
112
408
483
130
285
204
46
453
78
172
236
468
424
457
241
244
368
85
354
336
201
145
234
309
307
231
6
132
108
442
270
230
54
321
251
423
144
374
142
137
220
427
424
3
396
414
14
492
77
467
474
24
440
45
66
353
242
414
47
434
331
200
467
25
387
174
377
255
204
164
6
141
248
405
225
390
192
375
101
416
279
248
448
425
243
178
361
151
467
456
447
145
442
68
207
303
61
413
474
341
498
43
291
194
375
412
285
30
233
49
10
78
260
349
95
414
169
59
393
279
488
183
480
205
265
51
477
401
363
227
293
328
49
317
411
445
395
175
443
55
276
49
278
163
390
198
438
432
112
24
203
471
75
478
181
285
276
317
33
349
450
390
229
471
457
416
101
464
346
237
99
3
329
379
194
312
399
293
463
46
185
479
488
23
322
496
64
427
188
450
373
360
315
300
350
435
206
239
16
154
48
34
217
42
166
413
407
280
194
397
226
191
286
7
75
376
442
149
146
453
241
281
420
172
404
440
296
107
257
97
8
94
264
80
461
339
479
393
263
486
216
55
158
145
290
149
183
449
190
275
231
245
60
438
132
372
422
39
344
491
176
264
455
342
407
44
369
47
273
314
47
422
258
31
304
161
421
371
495
190
293
70
46
373
362
476
427
267
26
244
451
107
204
12
176
279
432
328
135
496
40
145
214
477
477
208
34
135
171
264
49
415
207
132
294
103
140
326
417
124
271
326
15
356
64
360
472
411
176
45
418
458
198
321
278
462
284
356
102
234
115
55
227
46
412
147
189
88
114
183
66
484
324
325
274
228
42
244
233
224
115
122
232
104
11
346
281
300
354
364
375
209
349
298
408
229
281
407
354
189
296
166
345
174
103
267
158
160
315
266
346
138
312
303
154
438
266
282
197
356
61
477
335
486
414
371
171
258
317
429
5
63
447
229
389
334
236
174
35
336
192
190
246
186
95
251
72
18
107
45
384
470
47
242
162
263
28
449
160
136
124
139
229
372
406
419
73
340
171
183
270
105
5
352
208
308
234
119
470
414
448
300
241
172
46
6
302
412
70
474
212
64
416
33
41
372
284
424
325
294
353
277
330
111
308
70
291
453
15
400
354
127
329
89
208
410
226
353
267
15
357
297
116
45
444
228
215
485
125
81
345
106
118
213
388
188
381
206
74
39
120
477
495
167
228
218
498
352
