175
202
101
382
349
129
358
60
239
18
401
120
205
367
98
340
204
435
277
383
135
236
487
241
315
335
52
237
243
330
322
171
334
330
436
203
375
398
416
120
307
159
391
464
445
180
500
456
246
301
141
50
489
301
149
129
19
168
341
96
424
166
144
197
446
277
396
282
318
366
206
170
320
30
398
142
333
290
339
202
452
368
404
380
428
385
244
488
204
404
265
476
483
313
8
437
150
161
477
194
491
15
110
421
179
203
333
462
296
194
395
367
222
110
232
291
235
401
179
417
356
229
422
222
361
364
45
125
455
52
73
390
252
98
240
57
40
290
169
256
421
398
101
370
329
118
189
100
371
295
191
297
28
237
23
75
39
204
317
411
497
182
73
386
333
453
43
444
169
55
17
110
391
490
470
468
469
73
413
230
211
387
446
126
98
493
462
409
125
196
31
78
487
245
58
405
342
24
275
445
493
373
138
152
137
264
323
168
382
195
399
323
282
76
187
270
361
413
167
469
104
295
427
112
37
72
293
424
424
217
388
473
203
355
423
151
174
402
202
356
243
296
196
42
218
394
80
420
484
217
152
195
37
120
303
387
78
334
291
454
256
346
279
485
79
405
280
473
18
388
75
389
421
89
427
4
179
100
477
467
27
220
162
66
279
104
342
68
282
266
59
114
499
78
58
373
420
364
195
144
277
101
466
128
403
333
355
311
81
187
132
435
500
398
168
419
340
297
182
2
114
191
281
399
17
380
356
1
94
348
304
63
274
324
158
306
364
156
91
27
409
279
429
370
85
163
343
357
425
204
7
472
56
297
363
362
20
161
241
297
480
173
370
198
171
474
198
294
50
166
97
380
158
453
19
83
83
256
325
398
87
360
493
47
102
167
78
36
430
298
399
59
241
120
155
486
347
210
270
455
308
394
475
158
476
9
274
9
420
336
391
91
122
127
399
459
451
163
274
169
133
148
14
309
485
24
231
151
250
78
308
421
368
412
31
431
391
401
436
474
368
195
195
480
50
363
123
481
76
96
381
456
31
356
115
23
27
446
349
113
84
299
305
190
135
168
350
99
212
246
162
317
486
162
398
102
200
177
330
328
226
269
215
389
146
356
361
230
399
25
4
430
334
388
443
435
445
118
225
131
322
181
195
185
205
86
479
290
475
465
441
12
143
249
392
44
304
192
411
356
445
63
430
299
132
384
212
123
288
133
180
121
304
221
135
359
477
471
442
330
213
409
30
302
21
435
412
189
128
43
204
337
347
121
54
476
392
213
384
234
333
353
391
104
452
225
447
100
454
22
177
405
66
119
312
160
465
337
126
403
23
473
108
479
323
212
394
188
242
188
412
228
255
421
65
45
337
329
148
171
239
243
417
497
217
8
201
200
436
169
192
36
329
54
453
292
239
218
479
416
498
95
249
11
441
419
482
238
73
22
422
50
154
6
142
402
208
60
221
276
46
105
425
489
49
349
455
493
357
253
432
105
292
424
492
219
127
182
202
486
122
380
346
222
99
4
198
198
9
413
217
107
277
244
100
34
260
240
28
237
290
482
190
272
397
23
484
417
476
310
105
277
81
334
295
348
421
343
361
352
405
57
381
263
21
16
481
440
39
332
120
116
376
115
389
303
23
427
240
222
183
479
190
404
356
356
39
405
380
444
18
242
387
65
33
238
293
140
229
467
198
500
50
32
132
381
331
252
287
315
410
143
468
470
442
172
440
44
103
8
113
264
391
216
272
495
360
270
380
327
117
57
94
428
176
484
93
419
163
234
367
200
359
340
215
359
218
420
294
126
436
477
82
295
326
345
273
35
81
336
318
403
99
222
312
380
256
424
52
18
193
229
35
445
100
276
429
471
473
377
44
466
500
57
89
300
433
407
9
406
196
113
252
401
50
163
84
307
212
490
277
45
140
360
434
152
299
445
395
417
498
414
421
327
396
256
380
137
92
218
337
358
376
357
235
170
402
83
437
168
237
116
162
344
243
17
268
357
95
337
189
199
178
261
105
19
477
361
9
490
469
105
161
406
211
79
377
447
91
47
347
395
150
483
410
243
122
353
236
330
453
377
469
32
26
330
96
39
436
141
286
232
8
386
331
431
258
432
400
360
115
361
129
443
220
433
331
18
423
255
469
35
415
364
338
329
420
200
67
329
411
495
162
292
180
171
60
71
452
361
218
82
320
26
92
176
150
129
64
188
354
417
7
498
267
220
285
123
187
219
112
364
323
118
331
453
379
345
454
53
178
127
241
479
465
99
39
464
148
383
