216545
216545
216546
216546
216546
216546
216546
216546
216547
216547
216547
216547
216547
216547
216547
216548
216549
216549
216549
216550
216550
216550
216550
216550
216550
216550
216551
216551
216551
216551
216576
216576
216576
216577
216578
216578
216578
216578
216578
216579
216579
216579
216579
216580
216580
216580
216580
216580
216581
216581
216581
216582
216582
216582
216583
216583
216583
216583
216583
216608
216608
216608
216608
216609
216610
216611
216611
216611
216611
216611
216612
216612
216613
216613
216613
216613
216613
216614
216614
216614
216614
216614
216614
216615
216615
216640
216640
216640
216640
216640
216641
216641
216641
216641
216641
216641
216642
216642
216642
216642
216642
216642
216643
216643
216643
216643
216644
216644
216644
216644
216644
216644
216645
216646
216646
216646
216646
216647
216647
216647
216647
216647
216647
216672
216672
216672
216673
216673
216673
216673
216673
216673
216674
216674
216674
216674
216674
216674
216675
216676
216677
216678
216678
216678
216679
216679
216679
216704
216704
216704
216704
216704
216704
216705
216705
216706
216707
216707
216707
216707
216707
216707
216707
216708
216708
216708
216708
216708
216709
216709
216709
216709
216709
216710
216710
216710
216710
216710
216710
216711
216711
216711
216711
216711
216711
216736
216736
216736
216736
216736
216737
216737
216737
216737
216737
216737
216737
216738
216738
216738
216738
216738
216738
216738
216739
216740
216740
216740
216740
216740
216740
216741
216741
216741
216741
216741
216741
216741
216742
216743
216743
216743
216743
216743
216768
216768
216768
216768
216769
216770
216770
216770
216770
216770
216771
216771
216772
216772
216772
216772
216772
216773
216773
216773
216774
216774
216774
216775
216775
216775
216775
216775
216775
216775
216800
216800
216800
216800
216801
216801
216802
216802
216803
216803
216803
216803
216803
216803
216804
216804
216804
216804
216804
216805
216805
216805
216805
216805
216806
216806
216807
216832
216832
216832
216832
216832
216832
216832
216833
216833
216833
216833
216834
216834
216834
216834
216834
216835
216835
216835
216835
216836
216836
216836
216837
216837
216838
216838
216839
216839
216839
216839
216864
216865
216865
216865
216865
216865
216866
216866
216866
216866
216866
216866
216867
216867
216867
216867
216868
216868
216868
216868
216868
216868
216869
216869
216869
216869
216870
216871
216871
216871
216896
216896
216896
216897
216897
216897
216897
216897
216898
216898
216898
216898
216898
216898
216898
216899
216899
216899
216899
216899
216900
216900
216900
216901
216901
216901
216901
216902
216902
216902
216902
216902
216902
216902
216903
216903
216903
216903
216903
216928
216928
216928
216929
216929
216929
216929
216930
216930
216931
216932
216932
216932
216933
216933
216933
216933
216933
216933
216934
216934
216934
216934
216934
216934
216934
216935
216960
216960
216960
216961
216961
216961
216961
216962
216963
216964
216965
216966
216966
216966
216966
216966
216966
216966
216967
216967
216967
216967
216967
216992
216992
216992
216992
216992
216993
216993
216993
216993
216993
216994
216994
216994
216994
216995
216995
216995
216995
216995
216995
216996
216996
216996
216996
216997
216997
216997
216997
216997
216997
216997
216998
216998
216998
216998
216998
216998
216998
216999
216999
216999
217024
217024
217024
217024
217024
217025
217025
217025
217025
217025
217025
217026
217026
217026
217026
217026
217026
217026
217027
217027
217028
217028
217028
217028
217029
217029
217029
217030
217030
217031
217031
217031
217031
217031
217056
217057
217057
217057
217057
217057
217058
217058
217058
217058
217058
217058
217058
217059
217059
217060
217060
217061
217061
217061
217061
217062
217062
217062
217062
217062
217062
217062
217063
217088
217088
217088
217088
217088
217089
217089
217089
217089
217090
217090
217090
217091
217091
217091
217091
217091
217091
217092
217092
217092
217092
217092
217093
217093
217093
217094
217094
217095
217095
217120
217120
217120
217120
217120
217120
217120
217121
217122
217122
217122
217122
217122
217122
217122
217123
217124
217124
217124
217125
217125
217125
217126
217126
217127
217127
217127
217127
217127
217152
217152
217152
217152
217152
217152
217153
217153
217153
217153
217153
217154
217154
217155
217155
217155
217155
217156
217156
217157
217158
217159
217159
217159
217184
217184
217184
217184
217184
217185
217185
217185
217185
217185
217185
217185
217186
217187
217187
217187
217187
217187
217188
217188
217188
217188
217188
217188
217189
217190
217190
217191
217191
217191
217216
217216
217216
217216
217216
217216
217216
217217
217217
217217
217218
217218
217218
217218
217219
217219
217220
217220
217220
217221
217222
217222
217222
217223
217223
217223
217248
217248
217248
217248
217248
217248
217248
217249
217249
217249
217250
217250
217250
217250
217250
217251
217252
217252
217253
217253
217253
217253
217254
217254
217254
217255
217255
217255
217255
217255
217255
217255
217280
217280
217280
217280
217281
217281
217281
217281
217281
217281
217282
217282
217282
217282
217282
217282
217283
217283
217283
217283
217283
217283
217284
217284
217284
217284
217284
217285
217285
217285
217285
217285
217286
217287
217287
217287
217287
217287
217287
217287
217312
217312
217313
217313
217313
217313
217313
217313
217314
217314
217314
217314
217314
217314
217314
217315
217315
217315
217316
217316
217316
217316
217316
217317
217317
217317
217317
217318
217318
217318
217318
217318
217318
217319
217319
217319
217319
217344
217344
217344
217344
217344
217344
217344
217345
217345
217345
217345
217345
217346
217346
217346
217346
217346
217346
217347
217347
217347
217348
217348
217348
217348
217349
217349
217349
217350
217350
217350
217351
217376
217376
217376
217377
217378
217378
217379
217379
217380
217380
217381
217381
217381
217381
217381
217381
217381
217382
217382
217382
217382
217383
217408
217408
217408
217408
217408
217409
217409
217409
217409
217409
217409
217410
217410
217410
217410
217410
217410
217410
217411
217411
217411
217411
217411
217412
217412
217412
217413
217413
217413
217413
217413
217413
217413
217414
217414
217414
217414
217414
217414
217414
217415
217440
217440
217440
217440
217441
217441
217441
217441
217442
217442
217442
217442
217442
217442
217443
217443
217443
217443
217444
217444
217444
217444
217445
217446
217446
217446
217447
217447
217447
217447
217447
217447
217447
217472
217472
217472
217472
217472
217472
217473
217474
217474
217474
217474
217474
217475
217475
217475
217475
217475
217475
217475
217476
217476
217476
217476
217477
217477
217477
217477
217477
217478
217478
217478
217478
217478
217478
217478
217479
217504
217504
217505
217505
217505
217506
217506
217506
217506
217506
217506
217507
217507
217507
217507
217508
217508
217509
217509
217509
217509
217509
217509
217509
217510
217510
217510
217510
217510
217510
217510
217511
217511
217511
217511
217511
217511
217511
217536
217536
217536
217536
217537
217537
217537
217537
217538
217538
217538
217538
217539
217540
217540
