164390
164391
164391
164391
164416
164416
164416
164416
164416
164416
164417
164417
164417
164417
164417
164417
164418
164418
164418
164418
164418
164418
164419
164419
164419
164419
164419
164419
164420
164420
164420
164420
164420
164421
164421
164421
164421
164421
164422
164422
164422
164422
164422
164423
164423
164423
164423
164423
164423
164448
164448
164448
164448
164448
164448
164448
164449
164449
164449
164449
164449
164449
164449
164450
164451
164451
164451
164451
164451
164452
164452
164452
164452
164453
164453
164453
164453
164453
164454
164454
164454
164454
164454
164455
164455
164455
164455
164480
164480
164481
164481
164481
164481
164481
164482
164482
164483
164484
164484
164484
164485
164486
164486
164486
164487
164487
164487
164487
164487
164487
164487
164512
164512
164512
164512
164512
164513
164513
164513
164513
164514
164514
164514
164515
164515
164515
164515
164516
164516
164516
164516
164516
164516
164516
164517
164517
164517
164518
164518
164518
164519
164544
164544
164544
164544
164544
164544
164544
164545
164545
164545
164545
164545
164546
164546
164546
164546
164546
164546
164547
164547
164547
164547
164548
164548
164548
164548
164548
164548
164549
164549
164550
164550
164550
164550
164550
164550
164550
164551
164551
164551
164551
164551
164551
164551
164576
164576
164577
164578
164578
164578
164579
164579
164579
164579
164579
164579
164579
164580
164580
164580
164580
164580
164580
164581
164581
164581
164581
164581
164581
164582
164582
164582
164583
164583
164583
164583
164583
164608
164608
164609
164609
164609
164610
164610
164610
164610
164610
164610
164610
164611
164611
164612
164612
164612
164612
164613
164613
164613
164613
164613
164614
164615
164615
164615
164615
164640
164641
164641
164641
164641
164641
164642
164642
164643
164643
164643
164643
164643
164643
164643
164644
164644
164644
164644
164644
164644
164645
164645
164645
164646
164646
164646
164647
164647
164647
164647
164647
164647
164672
164672
164672
164672
164673
164673
164673
164674
164674
164674
164674
164674
164674
164674
164675
164675
164675
164675
164675
164676
164677
164677
164677
164677
164678
164678
164678
164678
164679
164679
164679
164679
164679
164679
164679
164704
164705
164705
164706
164707
164707
164707
164707
164707
164708
164708
164708
164708
164708
164708
164708
164709
164710
164710
164710
164710
164711
164711
164711
164711
164711
164711
164736
164736
164736
164736
164736
164736
164737
164738
164738
164739
164739
164739
164740
164740
164740
164740
164740
164740
164740
164741
164741
164741
164741
164741
164741
164742
164742
164742
164742
164742
164743
164743
164743
164768
164769
164769
164769
164770
164770
164770
164770
164770
164770
164771
164771
164771
164771
164771
164772
164772
164773
164773
164773
164773
164773
164773
164774
164775
164800
164800
164800
164800
164800
164800
164801
164801
164801
164802
164802
164803
164803
164804
164804
164804
164804
164805
164806
164806
164807
164807
164832
164833
164833
164833
164833
164833
164834
164834
164834
164834
164834
164834
164835
164835
164835
164835
164835
164835
164835
164836
164836
164836
164836
164836
164836
164836
164837
164837
164837
164838
164838
164838
164839
164839
164839
164839
164839
164839
164864
164864
164865
164865
164865
164865
164865
164866
164866
164866
164866
164866
164866
164867
164867
164867
164867
164867
164867
164867
164868
164868
164868
164869
164869
164869
164869
164869
164869
164870
164871
164871
164871
164896
164896
164896
164897
164897
164897
164897
164897
164897
164898
164899
164899
164899
164899
164899
164900
164900
164901
164902
164902
164902
164902
164902
164903
164903
164928
164928
164929
164929
164929
164930
164930
164930
164930
164930
164931
164932
164932
164932
164932
164932
164932
164932
164933
164933
164934
164934
164934
164935
164935
164935
164935
164935
164935
164960
164960
164960
164960
164960
164961
164961
164961
164961
164961
164962
164962
164962
164962
164962
164962
164963
164963
164963
164964
164964
164964
164964
164965
164965
164965
164965
164966
164966
164966
164966
164967
164967
164967
164967
164992
164992
164992
164992
164992
164992
164993
164993
164993
164993
164993
164993
164993
164994
164994
164994
164994
164994
164994
164994
164995
164996
164996
164996
164996
164997
164997
164997
164997
164998
164998
164998
164998
164998
164998
164999
164999
164999
164999
165024
165024
165024
165024
165025
165025
165025
165025
165026
165026
165026
165026
165026
165026
165027
165027
165027
165027
165028
165028
165028
165028
165028
165028
165029
165030
165030
165030
165030
165030
165030
165031
165031
165031
165031
165056
165056
165056
165057
165057
165057
165057
165058
165058
165058
165059
165059
165059
165059
165059
165060
165060
165061
165061
165061
165061
165061
165061
165061
165062
165062
165062
165063
165063
165063
165063
165063
165088
165088
165088
165088
165089
165089
165089
165089
165090
165090
165090
165090
165090
165091
165091
165091
165091
165091
165092
165092
165092
165093
165093
165093
165093
165094
165094
165094
165094
165094
165094
165094
165095
165095
165095
165095
165095
165120
165120
165120
165120
165120
165121
165121
165122
165122
165122
165123
165124
165124
165124
165125
165125
165125
165125
165125
165125
165125
165126
165126
165126
165126
165126
165127
165152
165152
165153
165153
165153
165153
165153
165153
165153
165154
165154
165154
165154
165154
165155
165155
165155
165155
165156
165156
165156
165156
165156
165156
165157
165157
165157
165157
165157
165157
165158
165158
165158
165158
165159
165159
165159
165184
165184
165184
165184
165184
165185
165185
165185
165185
165186
165186
165186
165186
165186
165186
165187
165187
165188
165188
165189
165190
165191
165191
165191
165191
165216
165217
165218
165218
165218
165218
165218
165218
165218
165219
165219
165219
165220
165220
165220
165221
165221
165221
165221
165221
165222
165222
165222
165223
165223
165223
165223
165248
165248
165248
165248
165249
165249
165249
165249
165249
165249
165249
165250
165250
165250
165250
165250
165251
165251
165251
165251
165251
165252
165252
165252
165253
165254
165254
165254
165254
165254
165254
165254
165255
165255
165255
165255
165255
165255
165280
165280
165280
165280
165281
165281
165281
165281
165282
165283
165283
165283
165283
165283
165283
165283
165284
165284
165284
165284
165284
165285
165285
165285
165286
165286
165286
165286
165286
165286
165287
165287
165287
165287
165287
165287
165287
165312
165312
165312
165312
165312
165312
165312
165313
165313
165313
165313
165313
165313
165313
165314
165314
165314
165314
165315
165315
165315
165315
165315
165315
165315
165316
165317
165317
165317
165317
165318
165318
165318
165318
165318
165318
165318
165319
165319
165319
165319
165319
165319
165319
165344
165344
165344
165344
165345
165345
165345
165346
165346
165346
165346
165346
165346
165346
165347
165347
165347
165347
165347
165348
165348
165348
165348
165348
165349
165350
165350
165351
165351
165351
165376
165376
165376
165377
165378
165378
165378
165378
165378
165378
165378
