3341
3167
8477
5803
7940
9889
5456
5357
8407
3959
345
7145
6440
1855
2793
4307
7226
8526
2797
6745
5222
4283
8196
6839
7507
3496
4451
9828
2000
9956
3774
2029
5721
2789
1244
4263
5457
454
9850
7621
6845
6005
4945
3277
110
1427
6666
195
6447
3578
3435
4532
3852
1128
6742
1544
7166
3228
6832
8934
6682
8496
2421
1648
2084
6361
8451
9698
3164
8521
2536
1735
9078
846
4169
6718
183
3952
5004
9934
5226
3702
7548
5784
7377
8343
1574
3706
5359
8041
6659
5546
5875
6101
32
6042
7751
7130
7776
6657
2421
1393
529
1408
9389
7219
5490
637
4825
7853
7166
8302
1396
7
2211
9092
8639
766
774
2513
1840
1355
9531
721
6598
4589
631
4160
2514
391
8576
2635
3161
3863
3505
8299
9113
7598
1529
1924
1042
1938
8371
6488
2651
2612
5253
1817
6684
8020
1667
3822
1915
968
5437
5883
863
1991
8384
79
1868
540
5223
1682
1501
5154
2951
6523
2000
160
8082
1859
7614
7889
4583
5708
2312
2691
7228
7457
5686
3548
8106
5560
3701
8039
7212
6236
3434
9287
1917
7970
7684
8462
2721
6955
1223
9332
8014
1849
4407
595
5651
4494
5387
8578
207
2901
2854
2622
7653
4987
3775
6684
229
5577
8312
6742
3865
2288
3285
838
1635
6952
6655
6874
1734
7366
2359
1940
263
8202
3968
3524
6761
8989
5036
841
957
7523
506
3667
1167
9432
6768
4563
5803
5198
1120
7879
979
6791
6119
2533
4122
2859
5159
3328
8989
2735
1404
2636
1331
3600
9095
1246
7027
6049
4935
7992
5401
632
526
6667
7316
9179
833
6753
1509
680
8898
4090
8288
1976
3822
4963
8276
8581
3222
4390
7108
8348
430
583
2119
2284
6400
8296
5292
8537
3406
1954
9603
7127
2678
5145
2760
6327
1712
5731
1582
4935
9168
269
7888
7295
272
7830
8464
5702
6573
7320
556
6998
8145
1143
5479
7877
5715
3935
3295
9907
3818
489
7129
4136
492
8589
9071
1532
3489
8354
671
5290
908
5110
8975
4511
2755
500
5934
4426
9322
2415
76
4028
2949
3974
453
9362
937
6686
777
5592
3180
5067
4972
9323
7102
382
2596
9977
5246
5504
3154
5996
3313
6603
2546
8587
5022
8714
7318
8590
1949
6217
4935
1461
8440
7607
7631
3077
3453
7394
5824
6114
1987
5111
9899
7505
5340
3882
3709
3319
9646
7481
8512
9987
7201
3516
8997
396
4846
2109
3064
3527
3162
1905
7733
2011
6090
8015
4857
6106
985
8076
2997
6981
5279
2178
6594
3985
5931
6343
3939
9339
8410
8415
3128
2093
9556
8117
8918
9931
9313
1819
4203
4915
2549
5445
6182
4647
4166
2196
6622
5699
3019
5420
2531
1369
1161
9553
6286
2594
6369
4227
385
1162
4299
800
1662
1809
4839
1764
3975
4923
4626
6752
572
5160
736
9411
5489
7170
2713
7963
8505
1724
8844
8137
6723
9198
7338
9404
1702
62
6751
6326
7428
6244
1569
5986
5630
4452
4056
7819
1346
3448
4382
2839
2599
5309
5087
3655
2161
4122
6027
7681
3306
9611
2909
6709
6151
21
2976
4992
7628
8854
6772
4820
3047
9256
9292
4637
837
9381
384
1177
167
303
2296
6457
7065
7560
5415
8809
8511
8339
8940
9419
1078
2495
670
8423
7037
7055
123
3646
3470
6141
710
9967
1953
8212
152
6875
5086
1159
7936
2037
2878
4047
3321
2746
1921
2358
6959
2384
616
749
7318
103
89
8978
6777
6154
794
7971
5999
8902
701
320
3245
1290
4620
5368
6018
499
5313
1488
8396
6840
4637
8397
7357
7826
5567
9336
9081
7003
7492
7321
5078
2099
1831
3078
1795
5741
8037
1121
739
2254
1991
6810
5199
6539
5515
8927
1952
1589
467
2011
747
3221
436
7080
3887
2907
5196
1046
1414
6416
3162
9496
2811
1394
3786
3035
6852
2914
8132
2639
610
5800
5506
911
6081
3050
4705
2183
5298
2975
6616
4519
8009
992
3521
2630
1615
9104
3717
6362
564
6565
441
8604
3089
9020
8234
7613
5468
389
7806
5670
5382
5716
1945
9265
1192
8844
2904
3981
3699
3621
8220
2815
9722
4445
1348
9636
306
3180
7801
852
5603
6197
2613
5670
2337
9624
6139
3525
5789
28
6086
6728
5323
9729
6465
7732
1202
1928
2579
5722
4487
9133
7636
926
5093
3758
7032
890
9060
6179
9805
1308
3273
7475
576
4775
1773
5465
6912
5926
2309
7193
981
8108
2740
1347
7907
9929
5936
6177
3218
9873
9752
9326
2259
2665
5506
2080
7031
5471
9316
3657
1320
4547
5438
4644
3859
4916
9840
1512
8735
6923
9684
8837
9014
2934
9490
1036
6839
534
2826
1247
2997
4849
6076
1272
4964
482
5332
3502
9383
4010
3284
9357
6714
1464
3773
7361
2559
9303
7882
6426
5220
2269
985
9628
6570
5757
9859
5784
8392
7479
6029
9257
9532
9540
6850
7406
1507
4683
2156
4966
1592
4395
3234
9171
9678
4187
7533
3700
5492
7938
8342
1835
8521
8969
9220
8873
5040
3037
1633
5830
6480
8017
776
8784
8380
208
7695
6732
7330
8380
8223
7303
7641
4959
7846
8604
2350
6370
6378
9748
912
3032
8085
7812
8453
9222
8424
8702
7575
9133
2695
3228
6117
8818
6971
8151
9226
9194
3128
1237
259
8590
4410
8365
6373
4688
8393
4734
5282
4432
712
7270
1975
3491
7332
2993
2747
6924
9204
5217
9067
1060
1162
6721
8083
5226
9909
9075
9404
7674
8996
1631
5899
1453
7887
1844
7847
1648
4321
5344
9219
6669
5094
2293
6933
3849
9787
5063
717
6586
4725
6728
1698
8746
4110
883
474
4298
407
9923
8764
4838
6980
5598
8841
5666
919
8961
1081
4974
9687
6005
654
1091
1251
6125
3142
5829
7990
1707
4669
8942
3607
8115
2683
8967
2757
4892
5067
7517
5190
8970
8844
9576
8630
9680
3332
4787
995
2014
5815
8536
5231
2539
9035
7432
4939
9404
1378
4698
4727
5936
756
3648
