1889
6117
8652
2046
1717
3961
7274
1274
5359
5105
8813
4379
7242
1149
9587
2090
7226
6419
194
2680
7434
4237
6661
9639
1815
8610
3781
555
8565
2991
9495
7288
824
7737
5897
4571
1744
231
1717
8238
1499
7916
2209
3732
2988
8387
3170
4937
1049
4266
9985
6666
9406
1528
5834
3530
1180
8416
7265
416
4255
1601
5324
2497
3567
9624
9003
6259
4161
3685
1759
2815
8852
4543
2779
6940
9197
9275
282
6273
4629
1869
162
9358
5622
183
8451
3750
1925
6953
6154
9327
9726
410
5948
6759
5313
4073
997
8090
2611
994
6845
1604
8138
9371
3058
3521
3090
2091
6029
7093
8795
1377
5037
1050
37
9473
3968
2650
5863
8383
8037
3264
7101
4547
9558
8988
25
8573
7779
8797
6161
2551
2820
5055
5672
9596
4793
2458
9980
7620
7672
2997
6976
2262
5566
7314
6414
8676
2179
627
8511
3630
2983
1946
9124
4638
4325
379
995
9350
2094
5019
6470
2744
6938
1598
6729
2159
2588
2705
3085
5202
5835
3374
2277
2632
4851
8220
8139
5441
3555
4005
153
5494
2798
8874
4832
8085
7007
9033
6146
7291
1516
4044
1978
8088
2533
1020
1802
1108
1188
9445
7638
8520
459
7345
416
4164
3636
2340
1945
8043
961
3068
1836
7647
9052
8094
2073
5694
5649
9947
3512
4254
5775
8909
6026
9957
1169
2656
3886
2048
3091
19
2271
8809
6123
9361
5564
3364
9838
2853
7477
1181
2772
5937
134
8476
1444
2775
2819
457
866
4100
6708
3655
5257
3412
9679
1980
1006
9075
3009
6549
8350
4166
3209
1056
7287
2545
5066
1877
2927
7195
2874
4896
9932
1529
1971
8161
9543
3875
6152
9148
3670
1174
7800
1898
8133
2088
9913
3775
419
1189
1979
3537
9545
9258
5291
9055
4415
5909
8331
6965
7650
2282
8118
5804
4033
1799
5652
3717
1986
3082
8153
3045
6007
4676
1754
903
7262
1012
874
4128
9723
4079
9850
3545
5166
7557
6542
6876
3134
4072
9140
469
6479
7248
1056
8065
3232
8109
8076
3306
1970
4927
3138
4647
2489
2855
8846
4
974
7052
9343
9986
1141
2713
6651
1979
5164
1188
3642
4491
7813
9826
506
774
8001
9513
7779
9836
3804
9134
412
3211
5221
4233
9866
5306
9194
6414
4968
6453
2642
5572
4834
324
7987
1652
8979
9997
5487
9494
4960
8913
2022
756
5669
1076
7793
977
9369
8977
2793
6411
9019
6482
6203
8336
6831
6321
3920
22
2185
202
7881
4039
2993
838
8285
6370
2876
4411
4018
7734
6005
3025
2120
3271
5631
9610
2387
3582
2121
9082
6956
5926
1184
4794
4762
3167
3416
7455
9795
4407
8820
4520
944
9548
3099
4955
6561
2746
218
8481
3377
4779
6191
7516
3683
8076
4428
7335
9865
5126
609
4887
6118
8471
2044
646
5000
5616
5510
3909
4673
4270
2405
4060
8815
2144
4424
8846
2385
7146
3764
9206
5129
2326
7324
539
7155
7190
8087
5228
655
5283
6108
1480
8092
5980
584
3133
3876
1710
1028
6412
2686
8291
4665
9903
4199
5648
5532
2787
6865
8893
7740
4026
9368
284
1864
2150
376
322
7726
4628
743
4670
3580
7194
7946
1034
429
1563
8242
9098
2199
4989
7024
1377
2601
5286
7406
6134
3588
6753
6848
2605
7288
9345
8820
4037
2954
4036
1905
152
9936
8944
9270
9514
4162
8574
7025
7841
8325
9542
1671
5411
5956
8186
3737
4873
5845
3992
4897
2800
3760
2399
3356
1319
4226
995
8146
1365
6192
6144
8442
521
1115
8815
872
473
5630
9327
9187
5402
8481
7685
6551
9409
4667
5323
7202
7953
2586
2454
4018
6619
9239
4154
2133
7208
833
7810
9063
1151
4900
9901
9739
6573
9926
2418
6786
8438
4661
5527
618
3265
4213
7974
9606
4178
8129
6888
8579
9680
8422
6133
9638
3602
6230
7528
7386
8758
933
4173
7734
3542
3270
2732
7934
6551
815
9357
9526
5400
7465
559
8873
9225
2183
8542
4045
2123
301
1172
5361
9336
5418
7367
7047
6636
5132
9095
8878
1882
910
3964
7009
377
7257
9193
6690
8696
144
5579
4874
2619
2356
6004
4695
6675
1729
8123
6247
1544
8472
4999
4624
8041
7841
3537
3186
4805
5769
5257
6137
5305
6833
4624
2289
6252
6069
752
7506
2901
6486
6679
8971
2130
7602
3777
7452
1140
8090
2763
6800
3765
9214
9646
9327
5646
3594
2652
2514
1144
5142
6979
9041
5904
5763
9655
8869
8057
6002
8794
9932
9090
9285
3502
3944
1852
1749
1280
9609
1273
3346
3808
6001
2966
218
956
9767
9041
1664
3629
2504
1607
1483
3321
9662
7395
7664
5629
187
8902
5393
4348
4320
8588
2630
4403
6576
8039
7837
5770
7625
1860
5493
7551
9157
7724
4479
4298
1455
9721
5685
6522
3115
8685
7420
9024
1881
5992
9786
7705
2272
9448
4424
6156
1827
3846
7108
4211
1293
3468
7158
7590
4858
5152
3977
1001
2397
2514
2361
4949
4366
9821
2472
373
2529
3527
5702
2687
7703
4978
4970
3203
2225
6783
980
6613
1875
4133
8168
8002
1232
4571
7909
8822
9773
5018
8386
5099
6815
3473
6212
8132
1884
2474
110
5979
3761
60
7582
7621
6140
2880
1671
6087
2611
3070
5357
1664
1571
7496
711
4147
7304
9823
1157
2619
9900
7607
1288
6002
1464
4218
2954
3646
2116
7629
7743
7238
51
2442
8603
8687
1645
6055
3690
1832
1375
2799
4269
6705
8205
6030
6044
29
1565
8794
9560
5840
1707
6404
493
8700
2183
7080
8868
7723
5503
8186
1334
5471
3317
2691
650
5298
8724
9901
2252
7081
7051
9767
1870
6193
4302
2780
6583
935
664
1879
6249
986
5803
1548
5873
3451
8750
5484
6805
8029
1856
9350
1283
6981
8244
531
7895
6109
7789
3762
1228
8583
4196
348
891
8492
2668
9815
5023
570
6614
111
6609
5364
2738
1447
9838
8892
9075
871
3791
1519
9027
8290
5915
2701
3683
62
6562
2908
3055
7057
