344
420
282
400
160
388
228
7
89
201
381
54
409
26
288
389
302
369
257
222
91
214
61
381
471
110
31
91
254
18
59
162
101
95
356
263
297
420
380
35
59
289
112
378
204
273
497
129
210
18
66
202
290
406
233
476
235
12
322
120
439
115
193
371
186
379
82
208
115
216
309
122
257
366
482
73
289
246
32
352
82
352
289
45
463
238
150
126
458
209
275
375
443
475
51
300
159
332
153
329
473
404
500
323
100
210
170
332
48
292
239
282
95
40
321
127
2
269
33
464
97
499
365
183
273
71
443
232
296
176
262
85
156
335
40
479
452
468
281
51
157
26
383
162
237
180
125
69
143
212
462
89
435
414
373
429
158
449
141
18
480
374
439
318
385
133
487
383
147
357
47
462
243
129
160
107
246
291
159
89
53
289
468
50
399
490
486
78
301
52
184
80
378
37
464
379
442
407
148
65
339
151
232
264
412
323
210
447
265
292
485
151
144
137
149
436
70
216
117
356
130
307
68
495
321
171
304
20
62
254
453
456
341
50
415
412
35
345
313
206
204
44
95
104
127
140
355
307
162
309
175
333
248
67
44
477
5
354
133
27
469
165
27
255
116
483
407
473
281
257
288
402
285
325
290
43
165
443
46
324
236
162
363
331
209
166
431
453
270
104
419
407
29
430
335
427
40
30
492
388
141
272
157
155
148
441
258
155
135
184
76
200
445
386
260
139
345
77
135
23
490
359
350
425
203
431
489
339
65
146
284
377
236
11
202
5
158
211
102
198
318
102
191
61
26
473
58
397
380
269
106
44
493
120
147
333
473
358
369
369
104
130
310
117
457
123
208
206
17
36
411
307
93
33
53
13
447
333
12
281
231
447
281
383
303
479
435
299
372
1
273
186
117
60
100
497
215
127
152
389
314
126
435
369
345
102
44
343
197
411
408
156
293
101
411
198
470
53
494
109
23
186
376
98
448
361
76
52
16
462
118
335
155
126
355
251
156
439
471
103
358
15
153
236
379
72
471
469
357
154
224
126
54
464
94
418
363
496
99
306
359
112
98
11
230
267
12
38
409
408
127
349
359
226
232
195
351
117
58
278
290
89
388
443
412
420
213
121
336
486
424
379
344
438
278
155
484
233
307
132
411
47
141
427
379
461
296
227
256
324
156
473
124
35
235
302
110
114
355
271
117
190
86
42
243
416
8
190
373
126
405
293
249
387
406
242
260
8
444
375
269
357
287
164
100
260
262
348
55
257
346
497
214
236
416
289
164
83
162
83
260
189
339
130
75
478
477
199
451
112
476
298
369
181
295
128
471
440
399
59
168
157
70
197
239
91
189
236
247
80
293
268
114
441
347
197
350
30
224
457
280
193
190
306
366
473
209
408
311
177
273
497
409
191
465
12
312
476
445
331
9
76
233
315
29
356
216
455
66
466
247
148
46
304
211
105
218
279
108
327
156
346
437
374
262
315
290
118
367
404
180
245
78
290
180
99
316
464
31
243
7
260
495
11
413
495
175
426
155
431
419
182
246
146
109
98
364
71
311
362
454
83
345
361
218
58
132
412
417
347
184
50
298
121
395
91
320
243
165
401
304
248
161
474
16
250
30
107
459
218
315
337
347
453
165
145
133
489
127
395
402
177
266
291
14
348
140
471
319
240
91
255
158
183
367
220
478
418
180
128
360
17
203
16
70
33
10
364
334
483
384
319
271
182
295
414
466
134
492
86
322
112
75
372
226
123
148
29
226
286
7
325
354
156
64
8
142
231
218
154
315
458
31
201
251
117
240
267
316
313
490
348
302
342
444
313
494
115
493
9
331
350
357
40
435
171
264
84
177
328
141
89
306
83
291
318
32
217
52
375
316
351
500
80
391
124
315
15
229
169
334
258
313
192
15
499
166
385
416
240
460
42
30
481
72
221
323
65
449
203
355
98
336
121
151
79
365
25
171
226
465
422
232
28
218
59
190
218
499
367
125
70
449
482
133
404
432
411
432
93
287
460
88
122
202
10
442
112
329
192
44
340
402
356
226
470
352
421
302
328
319
4
51
326
24
252
343
429
162
109
128
119
381
436
40
322
201
74
253
211
421
488
351
86
46
47
1
360
443
91
326
29
46
444
223
78
434
171
320
74
408
247
228
50
89
470
232
353
231
324
243
250
84
98
80
98
221
401
370
403
191
56
73
378
417
446
219
233
449
276
390
356
278
98
342
185
496
354
351
51
134
468
229
150
227
5
30
270
178
166
235
76
380
245
52
195
295
12
8
305
