35
18
18
20
28
45
41
22
4
43
40
30
21
12
20
6
41
39
42
12
29
10
33
17
46
9
32
18
29
48
47
44
7
46
26
33
17
35
14
4
39
36
32
18
17
47
30
17
16
42
42
25
12
11
33
35
11
32
35
34
48
25
23
24
26
13
18
27
14
2
3
9
37
26
50
1
37
2
31
22
39
44
43
24
15
20
34
8
20
42
45
13
28
27
36
30
16
23
36
39
47
32
23
38
28
16
11
38
2
37
32
36
22
27
27
1
49
25
38
45
23
7
37
6
25
1
2
13
13
15
27
34
35
45
29
20
4
39
17
4
28
43
44
34
20
31
19
24
30
48
43
36
50
40
12
43
9
49
4
12
46
6
22
15
48
21
25
17
24
44
25
40
39
6
50
24
47
27
29
44
50
5
47
34
13
41
12
25
41
10
9
10
25
25
8
5
27
1
41
28
9
2
47
33
11
25
18
45
48
1
14
10
44
13
42
18
42
18
43
28
5
5
45
29
5
2
38
34
8
27
22
20
30
34
29
15
17
23
3
34
43
14
40
48
7
24
49
27
19
4
7
47
15
17
27
17
32
9
29
24
23
35
44
29
12
40
49
21
48
22
29
47
18
16
1
26
24
37
5
30
44
7
38
38
27
28
31
44
9
11
2
43
36
9
26
8
29
7
40
40
37
2
4
2
11
35
23
11
13
24
4
43
45
21
9
47
24
3
5
27
46
14
2
7
29
7
1
27
28
15
8
6
25
16
9
47
19
24
32
18
43
10
31
26
3
36
12
49
14
6
19
37
25
23
12
48
34
4
7
20
17
25
37
32
34
42
4
3
17
4
26
31
28
6
17
3
6
25
33
28
50
29
42
47
5
21
14
13
3
27
19
17
4
42
37
47
12
11
38
16
22
50
45
13
6
49
48
2
17
6
28
14
33
1
24
42
14
9
38
45
12
27
29
9
9
36
7
40
2
38
1
39
47
40
12
3
49
47
29
31
34
22
16
49
4
32
47
17
50
14
41
36
11
50
10
15
12
44
47
11
15
47
21
17
17
8
16
20
24
2
30
33
17
44
20
33
43
36
44
32
10
15
29
35
48
41
6
49
40
43
3
29
16
26
27
13
29
17
36
31
44
33
27
12
36
8
5
47
23
29
13
13
14
9
39
12
32
27
9
49
42
14
26
2
41
4
33
12
37
11
15
32
3
30
48
14
34
15
10
12
19
47
24
41
10
46
10
30
38
19
25
5
49
47
8
31
16
35
37
45
1
23
29
35
49
17
37
24
19
39
39
21
9
27
44
41
39
31
3
28
38
9
34
11
48
6
33
37
23
3
5
44
50
48
22
42
18
5
10
45
12
48
26
25
30
9
15
23
26
45
32
36
40
25
41
33
15
32
14
43
24
33
4
5
34
29
32
1
6
44
14
7
27
42
38
43
16
42
1
31
49
33
42
12
45
24
44
17
7
42
32
8
18
27
6
18
31
48
3
16
4
5
37
34
28
46
46
30
43
12
13
8
20
22
30
38
28
37
42
21
29
35
24
23
50
27
20
23
4
18
12
36
5
9
17
1
13
5
16
43
15
45
14
19
36
24
50
32
21
15
37
7
36
50
35
33
18
35
38
8
8
38
6
49
6
44
49
16
44
32
5
47
33
3
20
48
11
21
35
12
21
13
50
24
27
37
24
36
12
34
32
5
46
21
38
47
39
4
3
40
21
8
20
22
22
14
31
9
16
44
14
29
3
34
46
34
24
23
37
8
48
29
21
3
41
41
41
11
35
10
6
47
29
29
9
14
10
27
8
48
16
5
34
3
26
19
17
39
3
34
20
28
24
38
8
13
16
23
17
42
38
42
7
13
25
37
34
34
2
17
27
4
49
39
27
3
35
26
8
40
39
49
7
39
21
7
20
41
47
18
46
43
30
46
19
29
35
19
47
49
46
9
16
20
15
35
15
20
22
48
5
35
15
13
47
49
30
21
50
33
22
43
18
29
44
19
32
34
8
28
2
37
24
9
34
2
34
31
15
3
12
32
26
45
43
27
6
35
48
40
27
21
34
40
37
26
29
38
17
39
20
27
16
40
30
3
36
35
14
49
17
35
5
40
44
41
17
38
13
40
22
20
42
27
29
9
22
5
48
10
48
31
21
46
26
15
43
23
3
30
3
50
46
28
25
26
9
1
35
26
14
18
48
45
15
45
8
48
32
19
23
42
29
12
25
5
7
40
43
14
23
29
3
35
35
7
42
48
23
48
