41661.00
59462.64
68910.66
41193.50
48069.84
33938.11
50935.53
33627.88
5678.04
38402.00
8128.88
12802.44
30314.13
33732.00
63091.20
79805.42
26292.60
88358.59
55253.45
75630.55
68504.38
51318.40
31745.00
5450.90
38705.76
27729.60
22010.94
73627.40
34867.50
55499.40
66572.11
36595.00
61670.70
7407.76
4976.22
49687.82
4438.71
38409.28
46420.01
8127.00
24295.65
26551.35
46712.40
6489.14
78686.56
13314.56
57410.14
24909.06
37357.04
53912.78
63376.68
41619.00
65446.56
4324.68
17805.81
34169.83
36539.41
6642.10
18387.60
63867.60
19017.02
20353.76
27793.70
23740.92
58165.20
75441.87
56336.28
4447.71
4584.96
21482.69
4272.64
21713.40
14316.12
26361.00
26320.84
54342.22
32225.10
40061.18
9316.17
3375.66
23411.57
44272.54
44207.04
47960.70
48591.30
12303.20
58405.20
48626.33
14511.28
42516.54
12046.98
48326.76
66464.65
29248.32
21835.10
2919.10
35809.62
44024.30
32948.37
50077.28
76118.50
49780.36
1784.87
6000.54
5664.24
72526.02
53561.64
9374.85
17343.60
3093.36
45480.60
68087.37
18355.84
33532.34
37406.80
17897.18
29536.50
40815.00
21190.32
44951.04
46024.72
19436.52
46963.74
26029.62
36173.94
14421.68
21425.04
43174.44
16757.55
19425.21
16090.92
44515.98
50447.65
53130.10
65544.30
3690.96
28506.24
23626.00
1150.24
35138.16
11948.72
65399.56
33118.38
10180.74
55570.68
2837.02
91481.04
40639.86
48509.64
27641.90
39672.30
84939.50
12923.17
25273.56
10298.07
30892.80
63068.00
12571.78
31239.18
35468.40
55308.48
14679.72
6382.72
38717.58
48633.17
1649.74
6545.21
32277.01
37333.30
21781.69
13430.56
37230.27
12676.50
28531.50
14547.72
30195.33
27353.70
68096.16
35530.76
27399.44
67775.37
45379.88
10651.50
64651.68
41485.20
42596.64
81589.92
7045.56
36040.22
16127.10
31197.18
50286.74
55579.20
85004.10
69625.50
55044.14
64548.00
52819.04
4749.12
14223.24
31129.12
58445.01
20613.72
4099.38
65994.75
4261.53
30282.50
21463.20
25787.16
92447.00
28080.90
26043.52
45311.52
34035.80
61434.60
59599.19
42245.82
31522.56
49372.56
71576.50
34621.62
39482.84
55576.90
2805.09
84463.65
36367.90
48021.75
14884.24
70564.10
18549.50
18362.89
14146.34
19762.47
92247.00
22956.66
32992.56
66318.56
33860.48
39883.60
39691.68
3287.46
11684.40
20602.68
64117.62
9814.32
41485.08
49311.08
7431.76
30792.60
75199.68
43883.19
19370.70
33996.60
56098.80
68890.20
35967.75
25226.46
53656.32
74790.76
6242.64
37419.27
42571.85
36439.20
5926.35
34602.51
2184.36
46338.16
6907.28
23345.30
2274.46
27783.45
70676.21
35825.95
50053.60
16998.12
71058.48
34559.29
63676.47
90499.57
34796.60
31097.87
36789.00
47222.17
16593.00
74046.72
48467.20
30754.48
34670.11
34922.52
16465.92
45829.00
12311.31
41356.16
7712.22
24636.91
1491.59
41261.55
47631.48
41181.02
32705.40
48336.80
19452.72
64730.25
55682.48
2829.00
87935.12
26718.22
52800.65
60485.01
75514.43
25052.50
55409.85
49571.34
9333.90
6739.08
71085.15
35838.00
89534.53
23944.83
51144.46
27829.60
43100.36
7872.56
54111.72
36338.28
6863.20
33486.30
16568.46
26701.39
43275.90
9257.92
64268.00
44004.81
62348.52
22776.48
83560.32
70981.82
42226.16
31882.08
38197.11
68929.15
31471.44
5372.64
41374.47
39990.86
11739.00
77124.96
12893.80
10979.68
27399.67
24857.30
19821.60
50214.72
66394.65
70164.39
62365.45
31515.44
66408.11
31330.24
20609.10
26368.00
25928.56
41272.74
46674.00
6370.76
77899.59
57054.90
38542.71
44532.43
31233.50
24385.80
76549.84
32334.20
62717.74
51708.93
52135.86
60832.08
33919.58
15996.90
72527.00
3423.60
9856.44
4429.68
50867.46
16958.34
34629.76
14982.24
38077.44
75437.13
32647.65
24491.25
14355.60
67031.52
31929.66
72499.05
29422.88
24746.60
42597.09
39462.00
7923.40
30335.84
88390.61
1337.43
86248.16
17784.38
4877.24
62546.44
41591.94
66029.60
31058.25
42529.98
75655.90
21968.94
21118.86
45050.00
931.03
23783.06
8243.70
21653.52
50605.50
73381.91
16421.52
25641.36
2062.24
9929.57
30393.00
48842.15
25803.00
58843.78
57792.86
47817.30
72526.44
18560.40
74376.12
63146.50
28283.75
29179.08
68227.24
43133.30
11262.20
37363.26
25258.72
1371.46
38080.32
80769.60
37806.02
29002.61
29176.90
61156.44
62961.15
45835.14
47794.56
34192.29
45263.35
13856.67
73177.50
54023.05
58791.95
1406.50
10579.36
34225.29
10833.48
52400.10
26409.52
42087.63
47137.68
20209.56
35091.67
66378.40
24203.48
27251.64
65084.88
24192.35
19252.64
36734.72
21456.68
59031.00
10424.25
21118.20
54777.30
36515.43
22703.76
44254.30
46771.14
23025.48
33636.48
25182.79
8334.18
6246.60
3223.40
24578.10
10084.62
31995.02
37570.20
47483.48
78332.50
58538.48
65114.45
17875.62
34337.45
16695.19
30740.22
52075.08
24546.40
7658.22
24644.62
85649.70
14458.60
30587.55
6445.02
15200.64
7531.88
13194.10
3612.00
28325.88
16157.28
4033.29
48876.77
21436.69
64858.40
12091.09
46834.74
3270.54
8793.63
1884.97
11716.32
12012.13
10867.60
50093.28
18984.00
15520.56
6769.35
16142.55
30109.68
16866.07
51894.60
40390.46
71007.44
32403.70
62149.28
37335.27
29156.50
16418.38
41860.00
74739.72
37813.82
5078.34
19681.40
40811.52
5537.88
71019.36
33089.07
16937.80
70898.49
54606.13
44807.22
54618.00
19724.76
17453.48
60188.27
8591.24
3717.99
14985.90
34674.80
27260.87
31021.87
61434.98
15262.66
34960.38
59330.92
49247.80
10956.99
32122.44
74218.32
78374.34
45529.20
46348.17
70095.48
70602.10
19716.00
9982.56
991.09
30975.48
9049.76
67323.38
40979.40
32921.67
27701.76
1615.70
40126.02
35378.13
64406.09
5701.15
75200.12
40152.90
55873.77
51574.38
5663.94
16935.93
12661.68
45934.00
34572.96
13566.24
12936.17
65447.03
39444.05
17766.84
19039.90
73862.20
56183.40
83423.56
4092.44
20842.60
9487.26
15797.25
28926.87
23980.35
23785.96
7231.74
26648.60
22052.94
11937.69
20646.08
14030.80
57663.84
40312.09
50818.39
62120.24
83878.20
18600.40
14469.30
78755.52
18220.00
27523.80
33384.12
30392.64
76898.64
8617.36
47703.30
27725.28
40837.16
85239.50
14471.73
42582.00
48394.08
59206.70
17533.08
48814.46
59858.70
11628.40
12121.20
11952.90
49303.80
38744.18
13924.80
29849.45
16049.16
21863.25
38981.91
23400.80
6487.02
11028.12
14381.40
38570.04
9150.10
20671.98
31333.50
1667.76
43318.44
54967.80
35786.88
18015.03
31440.93
27616.16
59113.50
8271.09
52661.70
58269.20
64520.06
36930.12
2905.10
42546.57
37160.80
83159.12
35317.44
43634.58
59677.55
28750.40
5024.31
15823.08
38628.70
60486.36
4678.95
25061.40
67384.59
10441.30
34070.08
11928.96
49583.43
55691.28
53291.19
46611.60
57112.18
65505.30
1707.80
39198.90
30357.50
42686.74
16576.19
80560.92
69415.50
74736.66
50543.72
65974.56
21671.76
46896.30
8658.54
41592.54
44369.41
44312.97
33668.48
7315.86
81205.44
2739.03
40668.00
3231.48
19508.64
21316.49
47405.75
8030.68
38653.16
10595.36
39213.72
7015.40
42949.57
19505.85
14775.84
58569.32
18091.20
33203.28
13864.80
17387.37
9179.80
66367.11
64858.40
58962.32
59431.14
30932.80
66743.93
12964.28
36148.18
11611.25
37965.42
21142.56
13370.70
21510.95
49655.76
77078.77
6030.60
28493.92
37392.02
49177.91
26765.04
74339.26
34605.41
29296.24
20899.89
59575.64
73116.80
73592.22
12469.32
28045.58
74432.49
35377.20
74643.75
32651.10
63576.24
8108.55
15200.64
64534.86
12774.44
44400.96
21800.29
48801.48
58044.80
45804.67
1509.60
4654.92
18708.16
14640.00
4845.30
6356.80
54027.96
6955.28
6939.32
15696.60
12000.78
35768.40
29984.96
11415.04
78922.80
34957.50
9290.00
50293.12
6391.85
78082.08
57711.72
48396.15
62016.60
16257.20
11134.76
20020.00
80340.48
55190.96
53480.52
42569.75
41965.60
18942.00
66410.56
3193.38
12950.28
45127.88
21563.40
31417.65
30294.33
42447.88
20307.56
53549.19
51854.95
26288.20
33135.00
30938.58
26571.86
78808.19
21154.20
58442.16
60383.36
16919.73
66044.30
56879.40
1032.13
12698.00
13730.76
31425.60
21793.10
4568.92
78525.72
3615.90
28241.00
62925.80
58471.38
2414.58
1402.50
23376.08
25553.00
59508.45
16848.15
19301.00
42340.20
46706.04
45457.92
43010.92
33385.50
17418.60
19018.30
33913.08
38762.40
37779.60
56588.40
68575.01
37599.84
15912.51
7463.80
60135.07
5377.72
2886.15
28845.26
42846.40
56027.07
51897.78
42994.44
48509.64
1044.13
89193.50
67790.03
21319.32
50032.71
29695.32
71211.36
27749.61
7345.86
64819.50
63988.62
82630.24
75630.55
63484.97
69687.93
19220.28
12813.60
3027.20
60479.36
42894.08
46098.90
28394.80
10868.88
56892.31
26446.05
34588.96
4268.64
61003.38
22133.98
42070.92
50705.20
38380.77
30157.25
21759.76
50180.46
53779.42
33735.60
43761.90
49717.47
56917.18
52009.86
68993.57
41095.12
36681.37
67594.03
50405.00
19677.68
28381.76
38825.60
7492.95
14325.60
14125.10
69680.79
27437.52
26468.40
75335.58
30338.06
24160.50
20217.78
44585.06
46850.31
47286.70
6618.96
21811.01
29600.64
15442.20
26582.60
9234.00
32176.10
9325.08
36480.00
6957.40
75427.58
4140.48
39607.26
25612.08
28455.75
1840.93
41502.24
33076.40
7981.61
4312.68
26328.75
42815.24
4769.04
73829.70
38953.92
29538.16
71526.50
20028.19
18298.14
43492.54
11556.24
69034.57
56393.86
17224.48
25106.40
5950.28
10463.04
67282.56
23865.80
29403.92
48829.62
3982.26
23566.27
3467.64
12185.81
54093.60
9850.56
29606.75
17610.72
8253.09
59447.53
51002.46
70678.10
43498.58
85589.55
45809.72
