6134
4759
5812
2057
1353
659
4243
9197
2929
6659
1125
9806
4882
8245
5410
4861
3879
5616
4625
5635
9899
2692
8285
7630
1654
3972
5484
6319
546
6202
6147
4619
5429
9102
3965
1771
1826
4392
5165
4029
8214
1777
3653
4360
639
2375
1629
7398
1442
3943
8628
8653
7457
8145
9220
5330
4847
1991
8545
1865
4015
9903
9290
6837
9105
4430
4494
9530
5265
1053
6565
7408
8281
2723
1022
7021
3926
5469
5749
5976
1650
8723
1831
2323
2378
3696
1995
4985
2980
9865
5131
9990
7023
7591
1842
9823
2451
339
5538
3492
1362
7358
9891
6852
5091
1925
8917
4246
927
3390
3021
1566
2135
9625
6517
6523
8290
6209
630
8541
1481
7040
7838
1183
6975
2219
4438
6586
6039
2446
8280
6790
1876
6342
3979
3548
6084
4781
2829
9513
3970
4911
9888
3746
5625
4337
7076
5945
6059
2310
2499
5709
2537
6437
183
331
9269
2554
8244
315
6430
7148
2419
53
2940
531
351
2018
1199
1461
4939
5493
5147
527
8191
885
526
6821
5980
9492
7068
1612
5936
3811
4206
7088
6044
1043
4135
9210
6566
3963
9641
4212
6937
776
5183
3975
7320
6537
8622
6351
9943
7997
757
2149
8033
9668
8356
4339
7178
8995
5420
7733
4236
1982
2844
5480
6966
7423
2203
4927
7637
5155
3946
9794
8837
3747
104
8427
1746
8381
8672
329
371
3387
3607
2225
2449
6542
9331
6557
8824
4836
4261
3982
5455
1271
2832
8078
4280
1698
4833
4478
4192
114
2564
385
2324
2247
9334
5925
9229
8668
4920
1346
5114
9543
3183
2950
3413
6474
3045
2356
5628
3734
3610
9609
6875
8729
3800
8434
3280
944
9973
5380
6132
6475
9161
6245
175
5564
5575
6854
6656
5604
4323
9392
7820
4389
2221
2880
4417
8709
6856
9386
8367
3861
295
5318
7092
2074
6725
3121
2031
283
5214
2384
7855
5185
6738
4010
3344
2197
4875
3070
6080
3346
2968
7531
5697
7502
5670
4270
4719
877
607
1706
7988
3468
8707
6262
6818
4353
2882
1260
6223
4882
930
5285
1457
4261
6972
8140
1777
9407
7218
9416
436
7278
4693
7848
6788
8340
741
9062
3998
7798
4491
8060
4966
4332
3407
7265
703
75
4723
7872
5553
7046
8548
6023
9502
2521
9732
4200
1125
324
6566
1490
1593
4456
2811
1906
3457
413
9663
9268
4213
1159
5808
9896
9149
9385
3058
7542
2345
5079
1145
2415
4601
3445
9542
9255
5101
6374
56
4480
2857
1510
9762
5074
5734
6304
7209
7322
1923
8393
6351
7579
2048
9982
848
7384
406
1549
1445
2891
432
7822
1055
4895
4837
3713
7699
5756
9920
3127
9850
7352
7813
6581
3624
9251
7070
8889
5111
4668
9534
2995
5648
2804
8582
2592
6469
7483
6224
8987
1231
1083
423
6526
4207
6875
7152
8058
7260
4365
220
3751
1768
5532
2812
9424
1575
7207
4843
2733
1418
4099
107
839
6483
9378
8034
9160
9794
7174
2438
4222
4702
756
3646
8973
3587
9050
5841
2239
3301
7645
3486
9090
3640
1573
4615
463
6905
7975
5626
1981
7926
1000
2632
3116
2124
2669
8549
5641
6218
9344
130
1846
6509
8616
8731
9951
6169
4619
4884
3702
8532
2792
8447
4851
4950
1952
7306
7506
1082
4473
8890
9507
6369
7108
9667
5715
9242
8468
6097
5890
2537
743
7015
4710
4051
9263
7596
3219
6859
7690
9749
6081
6372
513
5387
7308
4734
5798
6806
2815
9453
4895
3844
9681
7132
8299
5671
5171
1644
971
2518
8849
6930
1028
4456
9077
7465
7657
437
8622
8717
7762
154
4451
8260
3666
4059
575
3964
9418
4941
1379
7474
6288
3839
1305
1382
4475
6134
338
6170
7942
7328
5836
9043
306
1949
854
6803
3697
7893
6902
6963
7283
7176
4108
8931
8817
9373
7953
1839
9261
8505
4389
4038
9529
26
3081
6583
4077
7254
495
7004
1036
8947
5310
283
2686
5678
1327
706
605
6555
8345
9845
6478
157
7249
8487
8291
3540
3813
6449
5675
1743
9962
7518
6913
948
6846
2863
6137
9951
4292
4237
5199
8158
4329
3798
5543
3046
9406
6577
639
938
4928
3871
5526
4033
1316
563
3513
8757
9110
9159
7850
9463
7950
3145
2977
1690
1178
4838
662
3682
8630
2264
4379
6292
2247
227
8602
1363
3503
3501
8477
6574
2721
5655
6367
7629
63
3280
8651
4082
4909
7420
4493
4367
1481
2255
6317
1205
3058
4435
2536
3713
3638
2512
8225
6159
97
8638
3568
6212
1858
2287
6393
1784
7771
2229
7811
5029
8239
9287
6479
7590
3948
7085
6667
3967
1426
644
6974
7225
1429
6506
7288
5466
3954
6264
4295
5904
4491
5557
112
4604
6715
6066
2810
2691
8492
2105
3071
7759
1253
5144
2431
6980
3912
6124
1606
9406
4627
9314
7930
8464
728
9446
4232
1516
5620
6807
5682
5668
4245
1311
8615
6977
1789
2641
5704
1194
5388
9445
6388
5709
691
7618
4982
6963
5861
9987
5756
7561
7058
9462
6848
307
8403
4061
3428
9330
1366
8305
1209
406
1409
865
224
1747
3387
7486
9457
4260
9319
946
2668
5281
6345
9625
2413
2409
4389
9218
5788
3191
8542
2962
6569
9413
8468
358
6752
5492
8866
9265
7797
221
9157
9958
1940
1838
837
1505
6500
9542
1724
9309
7535
7011
9256
423
2914
303
7165
2121
220
8872
295
5729
3353
8878
1631
6401
8306
3787
1584
2915
9391
1282
824
6061
9621
4133
929
8489
9176
9334
5967
4700
6398
917
594
7106
8951
8636
9881
7366
9010
8865
8963
183
3093
6974
1609
9027
2742
394
1681
8350
406
1437
3398
5373
33
8888
8904
954
1808
1956
9942
3363
6709
2382
2300
8046
4782
7433
6674
1323
3071
1764
2844
8472
4177
2063
2338
3958
4333
2568
5457
8002
2474
7510
4117
1900
1002
675
2224
8651
9494
427
9595
308
1356
6468
2626
8666
8663
466
9390
7261
2733
423
6962
262
3974
1560
5355
