194534
194534
194534
194534
194534
194534
194535
194535
194560
194560
194560
194560
194560
194561
194561
194561
194561
194562
194562
194562
194562
194562
194562
194562
194563
194563
194563
194563
194564
194564
194565
194565
194565
194565
194565
194565
194566
194567
194567
194567
194567
194567
194567
194592
194592
194592
194592
194592
194592
194592
194593
194593
194593
194594
194594
194594
194595
194595
194595
194595
194595
194596
194596
194596
194596
194596
194596
194597
194597
194597
194597
194598
194598
194599
194599
194599
194599
194624
194624
194624
194624
194624
194624
194625
194625
194625
194626
194627
194627
194627
194627
194628
194628
194628
194628
194628
194628
194629
194630
194630
194630
194630
194630
194631
194631
194631
194631
194631
194656
194657
194657
194657
194657
194657
194657
194657
194658
194658
194659
194659
194659
194659
194659
194660
194660
194660
194661
194661
194661
194661
194662
194662
194662
194662
194662
194662
194662
194663
194663
194663
194663
194663
194663
194663
194688
194688
194688
194688
194688
194688
194688
194689
194689
194690
194690
194691
194692
194692
194692
194693
194694
194694
194695
194695
194695
194720
194720
194720
194721
194721
194721
194721
194722
194723
194723
194723
194723
194724
194724
194724
194724
194725
194725
194725
194725
194726
194726
194726
194726
194726
194726
194726
194727
194727
194727
194727
194727
194727
194752
194752
194752
194752
194752
194752
194752
194753
194753
194754
194754
194754
194754
194755
194755
194755
194755
194755
194755
194755
194756
194756
194756
194756
194756
194756
194756
194757
194757
194758
194758
194758
194759
194759
194759
194759
194759
194784
194784
194785
194785
194785
194785
194785
194785
194786
194786
194786
194787
194787
194787
194787
194787
194787
194787
194788
194788
194788
194788
194788
194788
194789
194789
194789
194790
194790
194790
194790
194790
194791
194791
194791
194791
194791
194791
194791
194816
194817
194817
194817
194817
194817
194818
194818
194818
194818
194818
194818
194819
194819
194819
194819
194819
194819
194819
194820
194820
194820
194820
194820
194821
194821
194821
194822
194822
194822
194822
194823
194823
194823
194823
194848
194848
194849
194849
194849
194850
194850
194850
194850
194850
194851
194851
194851
194852
194852
194852
194852
194852
194853
194854
194854
194854
194854
194854
194854
194855
194855
194855
194855
194855
194880
194880
194881
194881
194881
194882
194882
194882
194882
194882
194883
194884
194884
194884
194884
194884
194884
194885
194885
194885
194885
194885
194885
194886
194887
194887
194887
194887
194887
194912
194912
194912
194912
194912
194912
194913
194914
194914
194915
194915
194916
194916
194916
194916
194916
194916
194916
194917
194917
194917
194917
194917
194917
194917
194918
194918
194918
194919
194919
194919
194919
194919
194919
194944
194944
194945
194946
194946
194947
194948
194948
194948
194948
194948
194948
194949
194949
194949
194949
194949
194949
194950
194950
194950
194951
194951
194976
194976
194976
194976
194976
194976
194976
194977
194977
194977
194977
194978
194978
194978
194978
194978
194978
194979
194979
194979
194980
194980
194981
194981
194981
194981
194981
194982
194983
194983
194983
194983
195008
195008
195008
195008
195009
195010
195010
195010
195010
195010
195011
195011
195011
195011
195011
195011
195011
195012
195012
195012
195012
195013
195014
195014
195015
195015
195015
195015
195040
195040
195040
195040
195041
195041
195042
195042
195042
195042
195042
195043
195044
195044
195044
195044
195044
195044
195044
195045
195046
195046
195046
195047
195047
195047
195047
195047
195047
195047
195072
195072
195072
195072
195072
195073
195074
195074
195075
195075
195075
195075
195075
195075
195076
195076
195076
195076
195076
195077
195077
195077
195077
195078
195079
195104
195104
195104
195104
195104
195104
195105
195105
195106
195107
195107
195107
195107
195107
195108
195108
195108
195109
195110
195110
195110
195110
195111
195111
195136
195136
195136
195136
195137
195138
195139
195139
195139
195139
195139
195140
195140
195141
195141
195141
195142
195142
195142
195142
195142
195142
195142
195143
195143
195143
195143
195143
195168
195168
195168
195168
195168
195168
195168
195169
195169
195169
195170
195170
195170
195170
195170
195171
195171
195171
195171
195172
195172
195172
195172
195172
195173
195173
195173
195173
195173
195173
195173
195174
195175
195175
195175
195175
195200
195201
195201
195201
195201
195202
195203
195203
195203
195203
195204
195204
195204
195204
195204
195204
195204
195205
195205
195205
195206
195207
195207
195207
195232
195232
195233
195233
195233
195233
195234
195234
195234
195234
195235
195235
195235
195236
195236
195236
195237
195237
195238
195238
195238
195238
195238
195238
195239
195239
195239
195239
195239
195239
195239
195264
195264
195264
195264
195264
195265
195265
195265
195265
195265
195265
195265
195266
195266
195266
195267
195267
195267
195267
195267
195268
195268
195269
195269
195269
195270
195271
195271
195271
195296
195296
195296
195296
195296
195296
195297
195297
195297
195298
195299
195300
195300
195300
195300
195300
195300
195301
195302
195302
195302
195302
195302
195302
195302
195303
195303
195303
195303
195303
195303
195328
195328
195328
195329
195329
195330
195330
195330
195330
195331
195331
195331
195331
195332
195332
195333
195333
195333
195333
195334
195334
195334
195334
195335
195335
195335
195335
195335
195335
195335
195360
195360
195360
195360
195360
195360
195360
195361
195361
195361
195362
195362
195362
195363
195363
195363
195363
195364
195364
195364
195364
195364
195364
195364
195365
195365
195365
195365
195365
195365
195366
195366
195366
195366
195367
195367
195367
195367
195367
195367
195392
195392
195392
195392
195392
195392
195393
195393
195393
195393
195394
195394
195394
195394
195394
195395
195395
195396
195397
195397
195398
195398
195398
195399
195399
195399
195424
195424
195424
195424
195425
195425
195425
195425
195425
195425
195426
195426
195426
195426
195426
195427
195427
195427
195427
195427
195427
195427
195428
195429
195429
195429
195429
195429
195429
195430
195430
195430
195430
195430
195431
195456
195456
195457
195457
195457
195458
195458
195458
195458
195458
195458
195458
195459
195459
195459
195459
195459
195459
195459
195460
195460
195461
195461
195462
195462
195462
195462
195462
195463
195463
195463
195463
195463
195463
195463
195488
195488
195488
195489
195489
195489
195489
195490
195491
195491
195491
195491
195491
195491
195492
195493
195493
195493
195494
195494
195494
195494
195494
195494
195494
195495
195495
195495
195495
195495
195520
195520
195520
195520
195520
195520
195521
195521
195521
195521
195521
195521
195521
195522
195522
195522
195522
195522
195522
195523
195524
195524
195524
195524
195524
195525
195525
195525
195525
195525
195526
195526
195527
195527
195527
195527
195552
195552
195553
195553
195553
195553
195553
195554
195554
195554
195555
195555
195556
195556
195556
195556
195556
195556
195556
195557
195557
195557
195558
195558
195558
