8300
5401
9526
1891
4845
7834
9190
1077
9986
8861
4218
853
3642
7423
6908
9392
225
2134
3405
6701
8809
9722
319
5473
8609
4777
3369
1931
1199
2895
2884
2800
8818
6447
3087
231
7405
1400
5263
3765
5820
6747
5012
213
3232
8569
7857
2862
2909
2657
8139
6607
3088
8294
9861
2500
6439
5801
4355
7575
5122
4580
5009
4689
4494
4400
4341
2958
1681
8222
9764
5391
3659
8109
2611
1784
9008
2181
5936
7916
7697
1496
7121
5656
4070
4077
9419
2977
7641
8461
7599
7232
5919
495
9194
7148
2996
6993
9769
1491
9583
8919
761
3549
4630
3034
9583
1139
2797
4033
6856
7399
2116
6727
7696
21
2122
8180
2449
1095
8507
3496
9740
3869
1261
551
9195
9329
9419
3463
4984
4567
5359
5365
7456
8645
9667
5625
9216
6941
3195
6966
4095
7211
2535
7100
3434
1403
1341
3586
9299
5019
8232
3583
978
9098
3380
5357
5423
7682
435
9878
2291
796
6021
3556
1957
4162
8094
8276
6272
9663
5311
6907
5071
8164
6815
8633
8823
7419
8752
2342
8787
9273
5214
863
5379
1431
9539
6309
5166
8177
4557
4968
933
5617
4918
4756
740
9771
2311
3506
1557
8072
5682
8612
6929
5567
4979
457
2809
9149
2837
1445
7430
4702
5212
2625
4733
9015
9986
331
3774
7982
4678
5575
9817
5335
3850
395
7958
5951
4827
4815
1350
724
1628
3038
5420
2247
6547
2688
8649
1438
1926
7632
36
6694
1152
6162
4513
5395
6738
3831
7472
6045
7368
1841
5326
1583
381
831
5377
1387
5932
4907
8720
660
1299
6114
4441
6126
286
5850
6170
1403
2023
8943
8307
7656
6846
5582
5150
3256
5198
7965
2144
8539
8785
3753
4873
2483
5876
7611
1912
2822
4974
2053
9878
143
4988
9916
8681
2678
2055
4817
6699
8529
1906
4797
7274
4594
9576
1840
9381
9346
1413
3310
4721
2599
8954
2801
310
98
1706
407
5792
5228
1013
3921
3927
2060
882
3597
8889
4450
4171
6990
8996
4036
2723
9948
9292
3012
145
7267
3279
2743
5905
2699
282
4381
9358
9394
1175
2799
7747
5562
4418
6457
9836
2983
596
4339
3356
4925
8364
3591
1467
3427
7542
2970
479
894
4099
8831
2010
8564
184
7635
713
6960
6280
3328
2887
1455
7745
4098
943
7757
6239
8093
2071
5709
9961
7663
7905
505
4059
7708
4854
3020
692
4325
8208
7931
4359
4546
552
1578
7163
7121
9285
8143
4014
9973
4973
6960
2106
803
6349
9548
7759
9211
5394
1827
5365
9908
4760
9870
9325
4133
1843
6544
828
6447
9064
2661
1793
1602
7211
2467
1368
8080
2033
7326
6418
7898
7084
8132
3091
9071
4532
3140
2283
2644
5200
2955
6142
9658
7830
7874
5344
9060
2517
9106
8150
1528
624
6894
9531
1663
8805
425
2197
6731
9219
190
3152
3374
959
1076
3505
2215
321
2464
2329
3346
9981
8983
2151
4670
3046
434
2750
1842
8548
207
7020
2661
5208
8875
6438
8851
6324
8852
2990
6515
2223
1001
736
9529
3428
8219
7914
4404
7486
6985
6504
9452
996
6313
9855
8579
4280
280
3609
1892
3469
416
7839
3277
8334
7911
9237
2496
5117
5142
3512
9079
2710
9938
240
8108
5411
6580
3586
5461
5464
7162
4491
8563
2461
5052
4043
1864
7023
2571
3787
8044
1796
1324
4020
4022
4636
3110
9112
3314
6951
2446
5439
7559
9625
9483
6769
420
3090
6080
8063
3240
614
2143
4339
1158
9229
862
5543
2467
704
5482
1328
8551
797
2713
8505
2758
7617
8712
8919
8568
1481
4745
8963
7203
4418
9677
267
9685
4299
9440
4725
6670
204
5514
6031
225
9948
4244
4460
6798
1186
2527
1161
7722
7176
5403
7341
4353
351
3049
8431
9355
7092
3905
8308
657
842
9363
9251
6129
8269
1763
3889
568
7450
9758
7352
7410
9754
9596
8902
7621
2473
2376
951
8191
2354
9271
5280
7335
6621
6868
7354
8187
4213
7431
3721
1974
8613
4187
1279
899
3750
3705
4431
1477
1405
9539
9920
4588
15
3151
3895
1487
4498
7139
4960
9756
1495
4973
5554
9013
1231
8405
443
8646
9304
5834
1679
6845
3725
4878
744
5355
360
6156
632
2986
6363
8957
3743
5321
4154
9611
5736
5749
2209
5933
5693
1247
9371
1855
6163
6552
7566
9704
4559
5023
6584
3813
757
1665
9012
8696
7352
4849
5869
105
1191
5806
1472
5963
9271
248
5413
6977
6829
2160
1998
3239
7962
4216
9111
8380
8651
5050
4364
4038
4199
9240
5323
9704
8745
1604
1623
1755
8164
5169
6106
1499
2645
8656
3215
21
2618
1844
6367
7219
7948
6134
5866
4346
4022
7100
8797
8967
6170
6452
9667
6965
9206
2208
4753
1031
3895
759
348
7074
1483
1757
7170
6351
7471
7964
8995
7162
6507
4013
211
8856
3502
553
2582
3541
909
2855
165
5437
8026
2526
3659
6155
3188
7396
141
6816
8823
6839
7111
8459
1759
547
8409
3013
8076
8375
7895
8960
8628
5584
2281
4783
1720
3705
6833
4592
9758
7379
7570
3961
1146
1984
9460
203
1755
6011
1231
3746
6156
6703
6229
3457
353
9517
313
8380
7751
2943
927
4839
5135
7228
8726
3525
7963
7502
3731
170
1968
5058
2323
7915
2431
331
9246
6050
8359
7882
4227
4178
6379
7314
4545
4029
1408
7908
5169
4431
6609
4679
8005
8655
999
167
7397
8892
7981
3203
3495
9985
9549
4203
4272
7750
1643
7599
5369
2552
278
8864
1767
7893
6670
8405
1553
1256
3084
9482
9366
262
8683
6607
9413
4786
8405
9746
5012
735
4440
4951
7740
5206
6581
4471
9310
3385
5175
9910
2901
2704
3674
8627
8490
1512
1489
3756
1809
8498
4214
4542
6626
2018
36
8463
4500
2419
4377
3400
9674
1276
6237
4295
2517
7044
8816
3357
8239
1031
4365
1711
6661
9003
978
1271
1368
100
7028
1491
3508
6657
4798
1763
8964
4130
6062
1213
7683
1421
2112
1292
