8967.54
8018.45
34825.18
69713.20
73396.80
23399.99
63870.08
1535.62
16637.76
25612.08
70129.92
18120.00
35237.50
26105.71
82426.94
19226.88
74804.38
78604.80
31393.20
38677.08
57048.12
15273.28
19761.84
56003.20
27284.44
14307.36
34588.62
25979.36
28248.03
3255.51
8390.94
51587.23
25949.06
47731.20
39180.24
24380.10
72716.40
61336.44
3330.60
29492.10
2845.02
47474.92
32500.23
31976.49
29089.61
18083.52
50566.12
40668.00
49342.20
56433.20
39435.12
47170.54
38041.80
36318.00
91896.50
33523.88
56882.52
52082.58
45367.14
39327.60
10681.60
9095.73
41444.10
47265.17
29353.86
29536.50
9411.96
13236.19
1116.20
64396.37
9162.99
3675.84
8072.75
3736.12
59364.00
28030.50
5652.18
28896.05
61891.36
32962.86
7543.92
42818.25
41961.78
12550.41
61312.35
33154.92
58978.92
7491.12
72303.66
44013.15
3019.20
29793.97
33697.08
54432.13
23177.31
87949.61
38176.88
17152.33
83780.20
44977.44
24600.62
62742.24
25449.17
84565.18
50814.36
7451.80
14379.12
52891.44
27617.70
16542.19
13724.60
54374.13
82063.24
80444.77
8811.63
41894.25
25924.08
39842.00
8541.12
56098.80
9099.99
31702.51
37069.33
85394.77
17010.12
58154.51
13040.17
32678.34
10967.46
5868.42
5341.68
31533.39
3129.32
51896.16
8136.80
53444.97
54538.56
10276.80
24289.92
29811.60
29614.35
9088.73
34048.08
36712.68
62765.67
19775.42
34796.74
49234.92
19971.28
68087.76
45681.68
37219.16
19857.60
64068.65
10851.70
31173.87
76126.37
35379.14
22361.94
6382.76
14022.72
3015.27
55355.52
64458.62
34918.95
18850.16
35725.92
20130.22
8402.94
19677.00
1778.87
6314.68
50320.12
19441.20
48100.84
1240.33
30255.84
31002.68
58364.32
44962.28
20136.45
29997.00
42872.36
20031.45
43607.20
34764.96
23025.65
54202.28
1766.85
3325.50
45912.36
19611.80
49245.24
51483.25
36892.33
62931.96
17947.62
26142.16
39691.68
9894.50
53657.20
7142.60
77842.08
56373.94
18540.40
74803.89
1068.15
19382.28
7463.80
47886.75
20790.88
43442.74
25764.83
14643.72
68485.24
55168.41
43507.15
67607.40
50505.00
57703.23
15396.30
20352.23
54987.90
7976.52
45080.49
25592.28
10787.52
58711.88
24315.62
34884.74
12077.26
52078.60
38816.25
11111.64
50918.56
39130.00
45872.64
32441.50
62543.91
34669.80
40260.44
42528.98
56976.48
1502.59
14887.95
32655.28
34956.08
71866.44
41048.64
37712.80
61642.35
32892.38
53561.00
5525.88
41670.20
65094.30
16253.10
65413.60
8738.38
4961.25
49262.50
20561.71
31479.12
34337.45
21154.86
22750.00
1819.91
47650.95
48603.64
26088.93
10831.80
45151.47
5360.80
72710.82
8453.90
41841.00
47891.98
73021.08
5718.08
49003.62
62661.30
7207.56
31218.18
33277.20
12020.80
14182.96
37759.23
23230.20
39926.38
86241.71
56008.50
20133.24
73865.40
2935.12
50814.90
73435.40
29408.90
72126.50
40394.64
9423.96
5430.90
23993.44
64532.64
11804.48
23496.96
5846.24
48768.06
5942.32
5681.94
7548.00
78156.90
22488.00
14463.60
52723.80
52273.40
78515.04
8874.35
16054.83
20504.23
10118.78
50313.55
20021.80
55948.80
63520.08
40514.08
35500.76
62120.45
17708.38
45733.82
44477.10
2819.00
25647.51
5738.08
52652.16
1856.02
57181.44
59494.56
11507.54
23334.64
11244.00
66695.04
71976.50
40338.48
53649.64
34525.80
31431.81
46790.43
68857.44
3676.04
18629.50
44381.16
42069.50
48484.80
40475.12
77109.34
77319.06
25723.20
8721.30
2556.74
42971.50
42446.00
32809.96
25734.36
43285.31
46348.50
30199.86
12229.32
41624.40
57950.90
89158.06
26228.00
4645.10
13665.15
25496.85
53283.11
21277.49
7981.61
26251.68
35655.62
9389.85
57813.45
44147.52
76730.22
29151.46
7532.10
6623.00
73957.60
38417.76
57985.90
70857.20
11027.76
85300.67
35438.40
58815.73
5129.40
10194.88
60162.57
37132.26
44637.60
10833.48
44353.71
70117.71
18649.95
40522.68
18091.20
30176.96
17188.70
20902.08
33664.12
44267.10
15907.22
21277.65
19220.28
34488.72
27767.90
13676.49
53153.10
40027.18
14876.84
41204.10
71584.68
9314.80
59834.90
94098.50
25771.36
52393.44
23257.30
44984.79
28632.24
44480.80
31049.76
22929.30
61625.20
30088.50
38011.82
37128.00
5209.60
20722.05
34779.41
30091.68
28359.24
8107.68
67246.56
1789.88
62345.64
23731.38
6250.64
14115.00
60498.37
27553.95
27998.13
27862.52
23024.80
52555.20
20166.76
42398.72
21382.44
17772.70
2700.88
50841.12
68905.44
33551.28
4965.32
6859.24
24348.61
58286.88
1812.90
42620.64
25137.54
20838.24
64412.04
24060.84
20999.23
42299.51
22977.99
25561.03
16644.81
73922.85
24595.95
58942.80
52507.80
7827.47
30791.28
6755.12
5696.97
53501.70
9766.62
38003.07
27002.43
38597.04
35250.49
85866.24
41293.34
58295.51
7704.48
16457.70
15031.25
18704.34
58537.71
78728.30
69219.93
32579.20
4040.40
43892.36
63947.60
54742.38
24398.10
21966.15
49546.32
2486.66
49170.89
31814.44
39617.76
74117.89
32269.23
17158.00
46909.83
23145.99
8108.60
36976.94
45616.32
58949.88
21683.37
39296.56
28479.08
88460.64
34668.96
28214.42
59157.70
29344.00
27221.52
35336.85
83703.84
34158.08
90402.06
12656.00
12553.68
37440.48
10619.16
65466.78
39039.85
43669.99
39859.68
1351.44
22920.96
16165.16
59518.92
48606.87
46866.16
33192.72
62481.60
52688.16
45245.79
17321.26
56879.70
17054.91
17519.48
42225.60
20675.42
5177.46
1844.94
60831.68
60201.57
63139.20
26352.75
53779.42
1423.52
57380.80
15088.20
7893.35
31611.25
2943.12
50004.00
13238.00
73957.60
57852.80
48684.33
17541.59
4604.96
61031.78
68382.45
28229.55
19457.46
38534.73
16576.19
48787.65
5766.16
21682.80
35001.96
72457.08
73865.22
25002.54
74165.70
48528.48
45183.74
45075.35
25166.55
47379.84
1155.25
34611.75
28034.40
28701.40
12823.44
52817.80
23764.00
13555.63
3261.54
45122.25
31530.41
23587.62
76593.12
18373.95
12206.88
6486.88
59236.45
29487.92
57981.60
44126.69
6042.40
12608.64
48352.44
16955.82
47431.52
78335.81
5024.28
13068.72
62652.12
15892.74
28776.42
22659.00
75683.13
21485.75
8865.42
21505.46
47339.52
25068.79
21667.95
12669.44
61153.32
69855.26
25731.36
55674.56
29903.36
50975.46
44506.80
57349.32
14343.48
49148.91
78066.90
50693.40
45313.84
64969.50
51304.94
35621.28
31790.68
37207.33
2967.14
42205.22
28271.88
47365.25
43372.11
43705.86
15296.64
7888.64
9958.50
4138.41
52925.76
10640.43
36609.30
12505.32
11676.51
50200.64
1735.82
30272.00
78454.32
59330.37
9214.65
40212.64
35050.95
21706.80
33385.42
44009.26
66892.56
2832.09
63276.15
43706.99
11856.46
59623.20
13706.98
30570.35
12063.00
6186.60
43138.44
12796.14
4849.20
14259.36
56997.16
1755.85
31298.94
70319.25
37236.46
10949.46
33255.20
68722.01
11514.33
29907.90
6300.84
42070.92
4260.60
11004.00
1199.29
5455.90
57166.10
37867.50
51787.08
4969.32
60977.33
7519.88
37198.26
3551.74
20999.00
45595.84
37566.02
13973.96
30342.79
25101.09
26562.90
43063.80
82406.40
42014.01
3928.20
25016.88
18976.16
3443.64
33596.00
18792.02
59409.42
36650.37
52042.38
74796.54
44494.56
23839.83
6441.90
82840.94
11078.10
63106.40
16457.30
40362.90
56839.84
36725.64
28510.40
39011.70
77932.00
59463.45
24414.78
78127.13
6002.36
26908.32
24935.79
27254.50
52111.44
65909.60
45230.79
57966.51
22127.76
42060.46
54338.42
9429.90
7536.24
35417.40
44510.59
80322.28
2740.92
7712.48
75003.75
39642.57
17191.46
53985.24
6086.55
45456.32
82366.24
34211.50
2790.09
42100.52
25347.60
89126.59
46623.75
25996.08
79202.99
24927.00
33333.30
49253.76
42567.98
74821.31
31263.90
3820.08
5132.40
3237.51
42316.92
22242.80
28002.52
2540.72
43349.04
26207.58
77499.88
28398.72
21254.72
37556.41
16384.55
55188.46
16974.12
43651.52
31890.81
63306.30
72789.54
76376.52
51410.76
34956.80
24452.68
30713.02
1377.46
34330.66
64818.08
46880.82
29226.78
34958.67
12445.56
8168.60
22283.28
36908.10
11363.88
29089.61
37149.90
5003.28
43556.74
25083.54
18081.14
22019.14
49780.05
26235.68
18868.71
14458.51
11203.92
60177.39
67369.30
34884.96
20139.42
52134.90
58054.04
50396.78
31383.75
26648.60
29973.90
37552.68
84193.20
21987.63
14907.96
72523.26
44069.19
62386.01
77981.59
35297.20
39044.00
8799.25
38795.71
43773.84
87458.63
59451.70
56339.50
53285.43
78803.52
82437.00
27485.48
69057.90
5021.31
19389.06
70095.48
10271.20
14679.86
38849.91
50672.37
1978.16
63658.68
72850.44
10379.16
92197.00
7688.40
36706.96
18600.40
51190.40
24360.45
11351.97
31116.68
33458.72
27028.80
28582.31
6396.85
25493.03
40970.46
17635.04
6667.20
16088.05
23684.92
56976.48
70831.46
57861.60
53555.96
58791.95
22884.15
1712.81
50892.02
49529.20
49087.50
2955.14
7848.30
26614.26
22535.84
5601.96
25801.16
66407.04
28319.70
10272.92
32894.37
51897.78
58237.12
5025.50
79679.60
13394.30
55648.20
29110.59
20448.45
24880.52
54936.88
26506.08
23922.99
11362.20
22463.52
52042.90
13250.40
28058.42
5360.80
8769.20
41306.85
55491.04
4152.52
45812.96
30213.00
42433.39
45447.47
28168.14
46453.68
44927.04
52610.24
11492.11
43210.44
41715.90
2026.20
41583.36
16627.19
45272.79
38729.60
14535.51
35217.00
70314.00
54841.60
29793.97
7960.61
25202.50
45914.47
30708.00
14235.10
939.03
36367.90
16814.36
37288.32
20756.97
10272.92
89421.60
69088.10
38633.18
8734.15
5861.35
13554.50
8336.88
26517.12
38914.92
17659.05
22648.16
30470.30
41023.80
13588.63
46558.16
42596.92
16938.00
6481.95
9943.57
59349.14
42907.53
68946.54
66669.50
