70915
70916
70916
70916
70917
70918
70918
70918
70918
70918
70919
70944
70944
70944
70944
70944
70944
70945
70945
70945
70945
70945
70946
70946
70946
70946
70947
70947
70947
70947
70947
70947
70947
70948
70948
70948
70949
70949
70949
70950
70950
70950
70950
70950
70950
70951
70951
70951
70951
70951
70951
70951
70976
70976
70976
70976
70976
70976
70976
70977
70977
70977
70977
70977
70977
70977
70978
70979
70979
70979
70979
70979
70980
70980
70980
70980
70980
70980
70980
70981
70981
70981
70981
70981
70981
70981
70982
70982
70983
70983
70983
70983
70983
70983
70983
71008
71008
71008
71008
71008
71009
71009
71009
71009
71009
71009
71009
71010
71010
71010
71010
71010
71011
71011
71011
71012
71012
71012
71012
71012
71013
71014
71014
71014
71014
71014
71014
71014
71015
71015
71015
71015
71015
71015
71015
71040
71040
71040
71041
71041
71041
71042
71042
71043
71044
71044
71044
71044
71044
71045
71045
71046
71046
71047
71047
71047
71047
71072
71072
71072
71072
71072
71073
71073
71073
71073
71073
71073
71074
71074
71074
71074
71074
71074
71075
71075
71075
71075
71075
71075
71076
71076
71076
71076
71076
71076
71076
71077
71077
71077
71078
71079
71079
71079
71104
71104
71104
71104
71104
71105
71105
71105
71105
71105
71105
71106
71106
71106
71106
71106
71106
71107
71107
71107
71108
71108
71108
71108
71108
71108
71108
71109
71109
71109
71110
71110
71110
71111
71136
71136
71136
71137
71137
71138
71138
71138
71138
71138
71138
71138
71139
71140
71140
71140
71140
71140
71140
71140
71141
71141
71141
71142
71142
71143
71143
71143
71143
71168
71168
71169
71169
71169
71169
71169
71169
71169
71170
71171
71171
71171
71171
71171
71171
71172
71172
71172
71172
71172
71172
71172
71173
71173
71173
71173
71173
71173
71173
71174
71174
71174
71175
71175
71175
71175
71175
71175
71175
71200
71200
71200
71200
71200
71200
71201
71201
71201
71201
71201
71201
71201
71202
71202
71202
71202
71202
71202
71203
71204
71204
71204
71204
71204
71204
71205
71205
71206
71206
71206
71206
71206
71206
71207
71207
71207
71207
71207
71207
71232
71232
71232
71233
71233
71234
71235
71235
71235
71235
71235
71235
71235
71236
71236
71236
71236
71236
71236
71237
71237
71237
71238
71239
71239
71239
71239
71264
71264
71264
71264
71264
71265
71265
71265
71265
71266
71266
71266
71266
71267
71267
71267
71268
71269
71269
71269
71269
71269
71270
71270
71270
71271
71271
71271
71271
71271
71296
71296
71296
71296
71296
71297
71297
71297
71297
71297
71297
71297
71298
71298
71298
71298
71299
71299
71299
71299
71300
71300
71301
71301
71302
71302
71302
71302
71302
71303
71328
71328
71329
71330
71330
71330
71330
71330
71331
71332
71332
71332
71332
71333
71333
71333
71333
71334
71335
71335
71335
71335
71335
71360
71360
71360
71360
71360
71360
71361
71361
71361
71361
71361
71361
71361
71362
71363
71363
71363
71363
71363
71363
71363
71364
71364
71364
71365
71365
71365
71365
71365
71366
71366
71366
71366
71366
71367
71367
71367
71367
71392
71392
71392
71392
71392
71392
71392
71393
71393
71393
71394
71395
71395
71396
71396
71396
71396
71396
71397
71397
71397
71397
71398
71398
71398
71398
71398
71398
71399
71424
71424
71424
71424
71425
71425
71425
71425
71426
71427
71427
71427
71427
71427
71427
71427
71428
71428
71428
71429
71429
71429
71429
71430
71430
71430
71430
71430
71430
71430
71431
71431
71431
71431
71431
71431
71431
71456
71456
71456
71456
71456
71456
71456
71457
71457
71457
71457
71457
71457
71458
71458
71458
71458
71458
71459
71459
71460
71460
71460
71460
71461
71461
71461
71461
71461
71461
71461
71462
71462
71462
71462
71462
71463
71463
71463
71463
71463
71488
71488
71489
71489
71489
71489
71490
71490
71490
71490
71490
71490
71491
71491
71491
71491
71491
71492
71492
71492
71493
71494
71494
71494
71494
71494
71494
71495
71495
71495
71495
71495
71495
71495
71520
71520
71520
71520
71520
71520
71521
71521
71521
71521
71521
71521
71521
71522
71522
71522
71523
71523
71523
71523
71523
71524
71524
71524
71524
71525
71525
71525
71525
71525
71526
71526
71526
71527
71527
71527
71552
71553
71554
71554
71554
71554
71554
71554
71555
71555
71555
71555
71555
71555
71556
71556
71557
71558
71558
71558
71559
71559
71559
71584
71584
71584
71584
71584
71584
71585
71585
71585
71585
71585
71585
71585
71586
71587
71587
71587
71587
71587
71588
71589
71589
71589
71589
71589
71589
71590
71590
71590
71590
71590
71590
71590
71591
71591
71591
71591
71616
71616
71616
71616
71617
71617
71617
71617
71617
71617
71617
71618
71619
71620
71620
71621
71621
71621
71622
71622
71622
71622
71622
71623
71623
71623
71623
71623
71623
71648
71648
71648
71648
71648
71648
71649
71649
71650
71650
71651
71651
71651
71651
71652
71652
71652
71653
71653
71653
71653
71653
71653
71653
71654
71654
71654
71655
71655
71655
71680
71680
71680
71680
71680
71681
71681
71681
71682
71682
71683
71683
71684
71684
71685
71685
71685
71686
71686
71686
71686
71686
71686
71686
71687
71687
71687
71687
71687
71687
71712
71712
71712
71713
71713
71714
71714
71714
71714
71714
71714
71714
71715
71715
71715
71716
71716
71716
71716
71716
71717
71717
71717
71717
71717
71717
71718
71718
71718
71718
71718
71718
71719
71719
71719
71719
71744
71744
71744
71745
71746
71746
71746
71746
71746
71746
71746
71747
71747
71747
71747
71747
71748
71748
71749
71749
71749
71749
71749
71749
71749
71750
71750
71750
71750
71751
71751
71751
71751
71751
71751
71776
71776
71776
71776
71776
71776
71776
71777
71777
71777
71777
71778
71778
71778
71778
71778
71778
71779
71779
71779
71780
71780
71781
71781
71781
71781
71782
71782
71782
71782
71782
71782
71783
71783
71783
71783
71783
71783
71808
71808
71808
71808
71808
71809
71809
71809
71809
71810
71810
71811
71811
71811
71811
71812
71812
71812
71812
71812
71812
71812
71813
71813
71814
71814
71814
71814
71815
71815
71815
71840
71840
71841
71841
71841
71841
71841
71842
71842
71842
71842
71842
71842
71842
71843
71843
71843
71844
71844
71844
71844
71844
71845
71845
71845
71845
71846
71846
71847
71847
71847
71847
71847
71872
71872
71872
71872
71872
71872
71872
71873
71874
71874
71874
71874
71874
71875
71875
71875
