109475
109475
109476
109476
109476
109476
109476
109477
109477
109478
109479
109479
109504
109504
109504
109504
109505
109505
109505
109505
109505
109506
109506
109506
109506
109506
109506
109506
109507
109507
109507
109507
109508
109508
109508
109508
109508
109508
109508
109509
109510
109510
109510
109511
109511
109511
109511
109511
109511
109536
109537
109537
109537
109537
109537
109537
109538
109538
109538
109538
109538
109538
109538
109539
109539
109539
109539
109539
109539
109539
109540
109540
109540
109540
109540
109540
109541
109541
109541
109542
109542
109542
109542
109542
109543
109543
109543
109568
109568
109568
109568
109568
109568
109569
109569
109570
109571
109571
109571
109572
109572
109572
109572
109572
109573
109573
109573
109573
109573
109573
109574
109574
109574
109574
109574
109574
109575
109575
109575
109600
109600
109600
109600
109600
109600
109600
109601
109601
109602
109602
109602
109602
109602
109602
109603
109603
109604
109604
109604
109604
109604
109605
109605
109605
109605
109606
109606
109607
109607
109607
109632
109632
109632
109632
109632
109632
109632
109633
109634
109634
109635
109635
109635
109636
109636
109636
109636
109636
109636
109636
109637
109637
109637
109637
109638
109638
109638
109639
109664
109664
109664
109665
109666
109666
109667
109667
109668
109668
109669
109669
109669
109669
109669
109669
109669
109670
109670
109670
109670
109670
109670
109671
109671
109671
109671
109696
109696
109696
109696
109696
109696
109697
109697
109697
109697
109697
109698
109698
109698
109698
109699
109699
109699
109699
109700
109701
109701
109701
109701
109702
109702
109702
109702
109702
109702
109702
109703
109703
109703
109728
109728
109728
109728
109728
109728
109728
109729
109729
109730
109730
109730
109731
109731
109731
109731
109731
109731
109731
109732
109732
109732
109733
109733
109733
109733
109733
109733
109734
109734
109734
109734
109734
109734
109735
109735
109735
109735
109735
109760
109760
109760
109760
109761
109761
109761
109761
109761
109761
109762
109762
109763
109763
109763
109763
109763
109763
109763
109764
109764
109764
109764
109764
109765
109766
109766
109766
109767
109792
109793
109794
109794
109794
109794
109795
109796
109796
109796
109796
109796
109796
109796
109797
109797
109797
109797
109797
109797
109798
109798
109798
109798
109798
109798
109798
109799
109799
109799
109799
109799
109799
109824
109824
109824
109825
109825
109826
109826
109826
109826
109826
109826
109827
109827
109827
109828
109828
109828
109828
109828
109828
109828
109829
109829
109829
109829
109829
109829
109830
109830
109830
109830
109830
109830
109831
109831
109831
109831
109831
109831
109856
109856
109856
109857
109858
109859
109859
109859
109859
109859
109859
109859
109860
109860
109861
109861
109862
109862
109862
109863
109863
109863
109863
109863
109888
109888
109888
109888
109888
109888
109889
109890
109890
109890
109890
109891
109891
109891
109891
109891
109891
109891
109892
109892
109893
109894
109894
109894
109894
109894
109894
109894
109895
109895
109920
109920
109920
109920
109920
109920
109920
109921
109921
109921
109921
109921
109921
109921
109922
109922
109922
109923
109923
109924
109924
109924
109924
109924
109924
109925
109925
109925
109926
109927
109927
109952
109952
109953
109954
109955
109955
109955
109955
109955
109956
109956
109956
109956
109956
109957
109957
109957
109957
109957
109957
109957
109958
109959
109959
109959
109984
109984
109984
109984
109984
109984
109984
109985
109985
109985
109985
109985
109986
109986
109986
109986
109987
109987
109987
109987
109987
109988
109988
109988
109988
109989
109989
109989
109989
109989
109989
109989
109990
109990
109991
109991
109991
109991
110016
110016
110016
110016
110016
110017
110017
110018
110018
110019
110019
110020
110020
110020
110020
110020
110020
110021
110021
110021
110021
110022
110022
110022
110023
110023
110023
110023
110023
110023
110023
110048
110048
110048
110049
110049
110049
110049
110049
110049
110049
110050
110050
110050
110051
110051
110051
110051
110051
110051
110052
110052
110052
110052
110052
110052
110052
110053
110054
110054
110054
110054
110054
110055
110055
110055
110055
110080
110080
110080
110080
110080
110081
110081
110081
110081
110081
110081
110082
110082
110082
110082
110082
110082
110082
110083
110083
110083
110083
110083
110083
110084
110084
110084
110084
110084
110084
110085
110085
110085
110085
110085
110086
110086
110086
110087
110112
110113
110113
110113
110114
110114
110114
110114
110114
110114
110114
110115
110116
110116
110116
110116
110116
110116
110116
110117
110117
110117
110117
110117
110117
110117
110118
110118
110119
110119
110119
110119
110144
110144
110144
110145
110145
110145
110145
110146
110146
110147
110147
110147
110148
110148
110148
110149
110149
110149
110149
110149
110149
110149
110150
110150
110150
110150
110150
110150
110150
110151
110151
110151
110151
110151
110151
110151
110176
110176
110177
110177
110178
110178
110178
110178
110178
110178
110179
110179
110180
110180
110180
110180
110180
110180
110181
110181
110181
110181
110181
110181
110181
110182
110182
110183
110208
110209
110210
110210
110210
110210
110210
110210
110211
110212
110212
110212
110212
110212
110212
110212
110213
110214
110214
110214
110214
110214
110214
110214
110215
110215
110215
110215
110215
110215
110240
110240
110240
110240
110240
110240
110240
110241
110241
110241
110241
110241
110241
110241
110242
110242
110242
110242
110242
110242
110242
110243
110243
110243
110243
110244
110244
110244
110245
110245
110245
110245
110245
110246
110246
110247
110247
110247
110272
110272
110272
110272
110273
110273
110273
110273
110274
110274
110274
110274
110274
110274
110275
110275
110275
110275
110275
110275
110276
110276
110276
110276
110276
110276
110276
110277
110277
110277
110277
110277
110277
110277
110278
110278
110278
110278
110278
110279
110279
110279
110279
110279
110279
110304
110304
110304
110304
110305
110305
110305
110305
110306
110307
110307
110307
110307
110307
110307
110308
110308
110308
110308
110308
110308
110308
110309
110309
110309
110309
110309
110309
110310
110310
110310
110310
110310
110310
110310
110311
110311
110311
110311
110336
110336
110336
110336
110336
110336
110336
110337
110337
110337
110337
110337
110337
110337
110338
110338
110338
110338
110338
110338
110338
110339
110339
110340
110340
110340
110340
110341
110341
110341
110341
110341
110341
110341
110342
110342
110343
110343
110343
110343
110343
110343
110368
110369
110369
110369
110369
110369
110370
110370
110371
110372
110372
110372
110372
110372
110372
110373
110373
110373
110374
110375
110375
110375
110400
110400
110400
110400
110400
110400
110401
110401
110401
110401
110401
110401
110402
110402
110402
110402
110402
110402
110402
110403
110403
110403
110403
110403
110404
110404
110404
110404
110404
110404
110404
110405
110405
110405
110405
110405
110405
110406
110407
110407
110407
110407
110432
110432
110432
110432
110432
110433
110433
110433
110434
110434
110435
110435
110435
