22139.16
38089.92
20917.89
48444.90
54772.35
38625.16
36813.15
18364.65
11947.13
40480.44
38419.23
16847.70
38059.25
51174.00
67047.30
23533.02
49403.34
20489.70
30232.20
37537.02
12633.60
41515.68
48191.76
32067.82
3671.84
43694.50
43662.11
65190.58
15668.77
4982.28
47670.06
17156.15
69824.00
43894.48
27228.73
26902.62
69549.48
24351.50
39678.84
15766.70
21074.80
12783.70
76081.00
85912.24
9506.24
81226.14
26813.16
50677.92
11253.06
28716.66
70879.97
11452.16
30721.60
46810.05
21655.04
8979.45
8633.36
55257.90
3651.93
28164.58
36998.12
46706.95
30375.11
45015.75
37675.95
67391.55
38353.77
32461.83
28029.44
35622.72
23151.31
64364.62
42031.35
9045.90
3874.14
66214.56
35485.38
17343.37
38265.50
1653.74
36518.20
63718.00
48715.24
68457.85
27864.64
16594.60
74028.50
3816.16
13721.49
13814.88
52976.35
1070.16
19010.70
6667.20
56003.40
62667.00
12445.02
28378.02
4294.56
49438.91
51781.13
42850.74
60298.35
76805.55
6565.14
67943.82
3594.87
50019.78
13731.74
45914.96
73955.70
79504.42
18850.16
46650.00
50493.61
51534.99
51143.70
53528.32
31181.54
81819.01
70550.34
76189.98
56260.50
51886.38
35825.95
51204.00
56970.20
65453.08
22313.70
47208.54
59612.92
56955.84
24623.90
47089.80
7520.10
54502.11
64107.60
88042.50
50646.72
9930.64
27133.68
34542.99
50957.48
9845.50
3003.18
27560.40
44688.60
46310.40
23923.83
51855.60
53531.11
38008.08
43735.30
15823.08
10532.20
38430.48
53256.80
10242.96
33035.97
35237.50
7243.60
39325.40
26003.25
35633.62
69883.32
1247.34
50083.39
26450.38
18362.89
2388.56
2796.98
18948.15
46949.56
46361.00
22357.38
35721.14
32579.73
72421.05
69899.48
28079.40
22864.07
37870.30
59147.79
48853.22
37392.04
30072.17
31641.84
14946.75
54377.40
53438.11
37143.36
21643.69
976.07
7946.46
48540.70
42588.24
75427.58
2014.20
17042.34
22643.79
55438.20
22420.42
25907.80
31370.94
6194.56
64882.09
66706.93
60063.60
54553.28
2835.12
28110.60
7838.25
16537.78
21624.82
18149.10
16089.36
20091.60
19092.64
1777.87
11043.62
36282.48
64266.94
4558.83
72661.50
9370.30
16533.00
17699.20
15044.12
48143.92
63988.47
39049.92
54425.28
81793.80
28006.42
42986.36
16289.10
21254.10
54489.60
64507.68
12861.86
54250.56
8524.00
31218.99
71487.68
34790.03
62627.16
43029.12
51815.60
82334.48
60084.57
53483.43
30734.55
15746.70
22181.76
40170.24
53561.26
44650.98
10931.46
38340.75
31189.10
24430.80
7123.68
29111.00
21562.95
58568.72
23925.80
30030.00
50793.21
57744.05
36968.00
60867.37
37739.60
40842.96
10413.06
15775.65
22536.72
26524.56
51253.20
24556.61
40336.56
8425.20
56417.21
21274.54
24987.30
2716.90
29977.97
66569.65
44569.98
7347.72
29351.20
32089.03
62617.00
57781.62
15559.38
39066.50
80446.18
19156.28
14953.95
25827.30
25907.80
81613.14
78213.13
75380.00
3711.99
50245.65
58429.44
17163.45
8441.20
26628.50
29161.80
50459.32
8584.17
25947.36
15256.32
19733.12
61941.15
5085.55
19962.42
38993.28
30001.68
24259.48
74205.90
66221.00
12613.23
56874.18
63871.08
45339.58
82166.40
35494.40
31885.35
15406.30
81785.57
15541.95
4524.88
19145.57
3159.45
36215.90
46192.96
35988.25
9504.95
40163.29
56625.75
19664.76
59342.79
42444.75
29066.60
8856.63
45859.95
18089.00
59035.02
40459.52
73713.49
12503.40
22596.42
11162.76
42165.36
22200.20
53555.96
41144.24
29866.45
49757.20
12181.26
8170.82
36373.96
3668.04
17442.19
45447.84
45829.00
78534.72
32044.80
55768.50
18809.70
33164.64
21716.73
42126.00
27785.34
80446.64
64482.37
77025.60
38864.94
75198.80
14935.68
17717.70
56220.48
26433.12
88643.00
49968.05
1670.76
16013.04
21246.54
68595.78
55673.28
38040.44
47314.24
17811.36
25969.54
6787.32
19025.40
44063.88
74903.31
47089.56
45325.28
9560.50
18859.92
1058.14
86064.16
22704.40
55066.32
39432.00
87643.68
27193.65
86478.14
60065.00
35653.92
25717.02
1572.67
61874.75
41118.50
12333.31
50574.40
24744.35
38741.00
23204.89
43328.24
52559.76
18992.04
45552.32
32957.65
6096.55
8126.64
63535.24
6889.44
11261.76
4330.62
26352.75
7002.45
70512.21
43400.54
61842.00
41765.93
42242.20
44591.27
29929.90
33131.28
12901.68
23285.20
42126.63
1213.31
51017.53
41093.50
31615.65
80584.64
49936.39
43283.50
43438.40
17178.00
44573.97
23749.83
59679.94
5717.97
7119.70
21694.96
17869.18
41581.70
17713.44
46876.83
29214.72
30854.78
36807.68
25956.56
61588.80
25016.40
41490.45
57342.74
29506.75
8570.17
42380.82
35171.18
43343.11
8964.45
21052.35
6919.44
58154.76
7952.52
31620.68
40818.96
17252.00
13390.16
59151.53
32180.66
64419.00
11726.00
48546.96
9720.60
8649.45
2054.24
24426.75
40538.75
30570.35
67328.91
17042.34
46110.60
17528.40
21470.68
50390.12
2276.46
1750.84
75473.58
29691.60
53112.15
9423.96
56727.52
41491.02
52291.44
34892.11
18890.25
53615.43
35763.00
6879.24
52279.04
39858.00
86968.14
22944.80
12077.26
29455.68
8486.10
53504.78
37167.76
68136.48
91007.52
7998.45
21683.37
59367.00
57193.18
6270.64
3003.27
49556.70
30917.32
7448.16
60608.50
65658.60
25533.18
48698.11
20838.00
41516.01
36030.06
9375.96
22354.42
43694.40
2072.26
20350.22
7369.92
8008.45
60229.35
13742.74
48021.66
51659.10
20767.78
15178.38
54595.80
11681.32
91088.55
15767.25
61073.76
40475.12
23986.83
9703.44
61132.68
2578.76
21288.54
86674.14
56279.10
56687.73
32166.80
67070.80
59704.64
9230.20
25001.40
73742.85
26236.60
39578.63
37806.02
79327.60
6266.64
3384.66
43813.17
39787.20
17898.76
33515.91
56556.28
59759.70
38231.80
5537.82
77050.84
35029.53
3696.96
31078.68
48093.34
51181.76
18429.30
14688.16
34996.86
8430.03
59003.53
45969.61
37307.38
32000.10
41318.50
54502.11
17063.82
46753.28
2286.48
75103.20
24338.40
34266.12
49559.39
23485.76
4845.20
64699.00
46030.16
44590.00
43262.62
23208.84
47045.70
10279.92
37874.79
22685.31
60515.58
34892.11
35101.44
83854.32
62718.21
76833.12
31594.50
6550.92
49675.75
8441.12
30713.28
10120.11
4564.92
20371.23
1476.56
25886.55
30678.78
34673.24
2650.84
6867.24
10194.88
41960.52
14625.50
43277.64
3257.42
47855.00
38151.44
30801.12
28079.58
13987.26
19677.63
48161.34
2566.76
57452.52
71561.88
76624.50
34582.80
48886.11
32542.20
21888.24
31281.36
50538.18
14783.99
21017.23
57212.42
10082.88
52007.08
15720.90
47426.12
13440.70
13935.00
42502.62
50609.79
16709.94
15031.50
28206.48
30933.25
71566.95
6370.00
18079.20
21461.22
57244.16
13183.30
22727.88
4625.00
19836.15
1465.55
28339.08
64923.25
5318.61
17038.00
74244.49
62898.78
27217.96
43951.04
38783.58
52312.81
25857.30
33432.30
22173.15
41693.22
49080.36
46338.90
14172.07
52376.00
11836.56
75637.87
74379.00
11487.24
12879.51
6431.85
42598.08
13588.63
14992.12
19340.40
32434.56
18567.23
7280.00
18836.32
40884.40
60114.50
33085.50
27613.95
17875.44
15436.80
49031.77
30502.56
53780.76
62263.01
29034.05
3937.20
20073.24
3159.42
58736.58
35058.08
71579.44
77637.88
12885.60
23881.83
18612.16
15136.48
35258.10
35215.70
12531.53
10420.98
29331.75
13314.20
2814.09
65448.60
51827.90
1769.86
41848.52
41827.92
16161.60
50056.28
48311.68
41328.47
69193.44
63066.15
3147.42
41309.45
50191.65
67280.38
58476.60
3769.05
12982.97
6823.38
45867.33
41459.55
30532.20
25592.00
11232.21
76016.16
26448.20
25028.14
62153.52
22344.48
28610.60
68869.01
3119.30
18726.89
47407.95
32607.70
47967.92
24024.52
6982.45
10547.28
42056.28
25016.40
54973.10
27485.76
12773.75
45070.02
74056.49
45080.49
52534.24
19760.76
41167.24
20272.34
74294.61
67319.52
36746.64
40643.75
39882.88
54971.04
26020.32
31913.80
54473.76
35127.18
4648.92
24776.10
7367.80
43749.40
43894.17
52195.11
21493.18
64362.55
59983.60
35567.62
37188.73
51797.35
34105.06
9280.17
62621.91
1329.42
6986.63
21983.58
83878.20
1418.51
60211.80
84688.65
17731.44
17056.34
45535.02
28842.66
35053.86
60876.86
59243.36
48099.66
14487.20
55070.14
51386.94
20457.60
3802.08
51151.39
60407.84
63668.50
73176.97
78826.30
52976.40
2862.12
4387.68
16154.16
52255.60
23953.92
46594.30
9666.40
36048.48
54058.56
32714.39
30157.50
35708.28
47574.75
21554.82
16748.06
39589.29
19407.06
61521.78
68773.00
22659.15
9450.30
12181.20
25434.88
48363.48
30146.92
4328.72
20030.59
61279.35
18574.95
61319.19
23425.68
27696.45
38857.00
42670.00
46523.75
38795.94
85049.28
34951.03
43630.56
5013.36
24764.67
86491.00
19195.41
35966.22
12536.16
19701.60
60438.70
50958.60
58496.38
11011.76
23477.52
10451.04
16935.93
49508.55
26019.54
7440.16
61855.64
57116.16
42387.39
89581.53
43903.86
36242.22
22632.12
31701.60
23485.53
5974.36
23565.74
80031.13
32399.09
4975.45
18283.32
58262.50
69310.50
47125.05
3910.17
18631.68
30003.00
37103.85
38921.70
25604.88
961.05
55743.80
15280.44
69349.60
4838.13
1996.18
12914.04
76785.12
75934.50
26470.08
12890.04
15844.92
50515.92
22872.31
17758.60
65997.70
57145.20
45600.10
51490.04
56376.04
27445.67
29857.00
67697.37
31534.16
61429.78
55614.82
5676.15
41848.24
1448.53
35682.08
23515.20
87629.54
46398.75
22914.78
12766.59
54040.35
18114.03
18414.06
1547.63
44147.52
73478.40
30296.64
39716.63
5141.40
71651.90
43959.96
66032.09
65974.30
31362.24
42237.72
20797.05
59743.90
51841.44
22019.04
43999.56
43575.11
50679.72
19843.42
56688.45
50838.74
47794.56
25334.98
78292.35
