2035
8114
4989
4027
6575
9298
6589
5457
1853
2145
3388
5953
4180
8460
6770
9104
2051
9859
7527
7471
6262
113
9454
7490
5181
3652
4952
823
873
4667
3656
2284
9131
9281
3688
91
7056
4632
7606
7509
1833
4642
2804
3679
411
1073
2172
8794
161
3147
7978
2659
4273
3787
7442
3688
9751
5685
4755
6653
9232
9975
4825
8914
2375
887
3104
9473
7728
2680
9820
683
4013
4455
2877
4373
482
9256
8175
2595
1741
7026
8103
2781
6643
4107
1558
2578
1319
6777
4722
9680
7160
3995
2887
9116
5543
8711
8762
1065
6923
2138
6547
1214
4096
1016
3037
6613
8285
602
7765
731
307
9426
1067
9040
3236
3660
7068
6265
9442
2602
5063
1111
5661
8826
6195
4911
3199
7031
7897
3399
6195
3688
1735
7534
9170
4730
3191
6405
9869
9759
6389
3650
6396
1290
2517
1165
5468
5787
6347
7954
9000
6134
4612
6848
9345
9739
1312
795
1216
7468
9467
8294
6897
5295
3094
253
4479
9187
4408
7698
1557
9642
1467
4368
223
4734
1503
3096
9069
9700
7510
2910
100
8849
7657
6316
8715
2291
122
6893
3681
7388
4238
8418
6005
2166
8730
5058
9267
3792
6353
1637
1617
6814
1081
9579
2701
2991
4134
8373
9614
9493
3871
4780
9485
7600
3888
693
1919
5947
4262
6420
4737
2553
612
1137
560
5212
2836
709
8002
3183
2203
301
8491
3228
2580
9799
4784
4064
6307
7468
9812
364
6666
1034
889
7387
3236
5448
1567
9951
4354
4032
4802
568
6059
1749
6805
5852
9359
3400
9027
9640
4869
1540
1059
1899
6386
8160
895
9612
4081
4339
2049
8336
4584
542
5882
6823
950
3214
549
5064
7835
902
6062
9914
9209
3921
5995
3932
798
1556
5668
1813
9097
9822
2145
7379
6446
5878
3337
4022
6889
4947
8673
1675
9387
6866
8291
1834
3221
3499
7630
6737
1712
126
404
3944
2373
1051
2858
1825
1083
5157
5904
1680
4284
4909
7101
382
5648
9307
6217
9043
1630
2089
1942
4164
3897
2357
8262
1239
4614
4757
7043
986
1442
4747
6243
9981
1202
9665
75
5093
2833
7158
3677
4133
5057
1967
3641
925
1527
1116
2846
468
4239
6315
7412
7525
9579
6854
9271
3394
9581
1262
5378
3852
9739
8716
6964
8783
3344
3260
36
9348
2216
8489
5601
2080
8348
1994
8012
6250
8831
1104
7578
594
482
9791
9156
4171
7068
342
2566
2223
6731
501
8348
8324
5381
6320
1589
1245
2713
5163
8668
6985
9774
5206
9213
7698
4231
5632
7048
8532
5993
1404
4759
2272
5450
8349
4893
8186
4697
9319
5654
6815
4963
2305
6143
8056
4092
2180
223
7021
5530
7784
9691
2355
6754
5666
7848
5397
2760
7825
3699
6749
6726
3786
319
9483
9507
3653
7296
3143
1001
3537
326
3528
2894
4184
2764
2829
6143
3242
7037
7350
635
7935
8134
4111
6940
3702
4213
4743
491
3669
5654
1318
8215
9181
5650
4663
201
9220
3015
179
6952
7623
1560
6321
6146
5423
3670
4491
5626
5958
2799
4512
9456
4771
4492
5682
6903
8578
755
2158
47
3757
3188
6898
4177
4017
4693
3495
732
8668
4400
4729
6597
3864
5279
8573
9354
6831
9064
2131
9015
9138
6214
1393
8
6252
6299
372
4200
5402
856
8887
3804
2247
6936
116
4138
2908
921
9555
1752
5672
9385
3206
9024
5891
6525
8649
4958
8023
5748
2522
363
827
8596
4824
2518
4433
9935
2533
9220
8681
1129
505
112
6575
604
4984
5761
9232
9395
7675
3253
1320
1578
8915
1633
5293
1569
2422
4114
408
6280
1447
1203
3935
8186
2973
720
2464
6250
275
6402
6874
7189
5211
353
9662
4465
2463
1722
7842
6420
6551
1396
2333
3926
7438
5603
6764
1955
4883
1244
5207
9812
5235
372
9934
7902
7217
9868
2227
4121
3784
9718
6731
2697
7189
3374
8535
5138
3082
5731
8677
3940
5393
6613
3798
6216
8989
5788
6020
7915
6318
2038
4978
3044
8034
4722
1593
1213
1653
2133
643
359
516
1523
4233
7879
5971
2146
5654
1871
7417
8994
504
4599
9298
817
3486
4422
8334
7395
7020
8704
7625
8958
7335
1649
4398
4461
1079
4542
6962
4196
8397
6659
7508
1096
5884
4217
8758
7474
33
7835
5306
8310
2281
1967
6532
1554
3868
5215
283
1122
1965
4510
6580
8944
1714
3504
5570
6059
770
4468
4627
2649
1443
2116
9895
1500
9108
7030
16
5639
8743
899
7834
1179
313
4054
4185
4770
9819
1718
2634
5121
1707
2232
5129
9121
2044
3153
3841
1597
9485
2019
3987
7313
4660
4237
7036
1055
5061
1233
8660
1492
310
7503
3998
3609
1729
6960
3377
5620
4541
8787
8729
5933
3419
2193
8644
625
5972
3323
2439
1344
4974
9814
8013
4421
4855
4780
6519
1358
8246
5723
713
6825
2292
8949
551
5213
111
1148
2613
2935
403
7070
1821
1016
2
1219
4729
6702
5546
5913
4630
3600
3712
115
5840
7327
4576
3236
6356
4990
9981
7148
7855
2778
4177
1845
9010
1561
1993
6977
7517
7191
9446
3691
5433
471
1002
7008
3912
3092
2111
9469
6588
7766
2614
2593
7019
5461
2011
8744
8754
8365
9573
3690
6547
6951
2040
578
9243
245
5900
9299
7528
419
6325
1444
4651
7205
7805
3305
4791
8215
9421
7664
1172
3363
8926
4887
4488
3959
5722
1420
8752
8124
9345
6387
1348
9960
9916
9676
3398
7082
8115
5559
4259
4639
5739
4441
7261
8748
3790
7432
6048
8522
5057
5667
6061
360
7877
3772
9739
2685
1900
35
5849
1101
653
6460
7288
9934
6490
9908
3332
4224
945
5676
4113
8306
2247
3855
3532
8413
6866
4487
1822
7443
9134
4346
461
3068
3033
8459
3549
3447
4764
4724
7321
3276
9804
3764
5206
9589
469
8839
4797
8916
1000
5550
6457
9120
8368
9854
2629
9261
8465
9095
9649
7443
237
350
5807
5712
5323
524
8156
5761
5087
5445
9324
6335
7813
