26368.00
43961.58
29643.68
19664.76
81733.92
40524.00
50173.55
48491.45
41245.20
28720.40
1192.28
26532.90
79868.70
11016.12
6346.72
36140.06
26740.56
44679.32
50299.92
60412.39
67787.72
77050.84
42675.30
29172.05
57861.20
33208.74
70004.25
20016.45
19813.28
48615.84
2010.18
42069.22
11190.06
13225.19
5030.45
52696.40
24077.34
35855.22
17035.20
65629.60
58216.76
75396.13
52428.81
68321.82
20591.56
8264.96
47706.75
5433.80
57588.23
50405.00
38927.00
36033.18
23593.12
19028.02
48011.92
34212.48
21381.49
53996.70
40410.66
14776.20
30632.13
70960.98
21413.46
85097.28
63427.50
33551.49
47542.95
63206.15
59198.37
52514.70
23600.92
1354.45
17426.88
32342.31
46487.29
15500.66
1503.59
10831.70
47933.82
35502.44
9153.92
4579.86
17193.60
33515.91
30546.56
43727.60
29792.40
48151.43
12571.78
65390.78
15572.00
37029.42
17230.46
45759.00
41272.88
31298.24
67787.44
15986.90
10018.56
25326.81
50677.44
26352.60
47412.66
37114.33
27653.76
55308.48
31846.65
47421.66
28826.82
38120.60
13000.86
44742.95
67798.91
79183.50
65558.82
9105.66
19184.28
48336.80
81019.07
16269.85
47282.40
43624.17
63950.04
26067.30
39530.56
50892.02
63529.62
61244.60
40644.10
34417.80
80407.60
65757.72
15866.80
7696.40
56175.20
49088.89
17629.05
3672.04
75814.65
20073.12
6142.52
15433.20
9389.85
61314.40
63768.11
32707.84
45505.92
63747.20
32907.56
59913.42
79547.60
20196.22
5241.60
9988.56
13412.70
21233.10
28379.70
28326.06
68651.64
42809.74
11342.30
42737.24
43459.11
5790.16
4117.41
29974.12
44208.30
60580.17
11808.84
49041.60
1635.73
51181.76
7196.84
11646.25
57166.10
22253.70
31840.29
63907.20
37884.82
41733.00
35112.03
56175.20
46251.00
36760.40
22812.92
69822.26
28916.80
64697.80
73198.86
49613.20
26908.32
11552.50
51271.44
17802.84
23880.09
27215.21
33175.00
85241.28
19713.42
5698.08
30974.58
53366.10
40163.52
7646.22
53112.15
3705.99
50658.36
5656.10
38591.40
29244.96
44882.95
41818.14
33299.28
65319.30
50378.74
41271.12
20966.26
44164.44
38378.73
74092.20
21751.20
38182.56
83418.42
23769.06
66120.70
24130.22
78420.80
53873.28
32416.23
62201.52
85640.00
29973.90
28781.05
5397.76
49549.82
60447.64
39003.18
10692.66
38750.58
38040.50
44879.04
7904.46
43972.25
55036.80
62626.00
71937.60
3492.75
80677.10
44327.97
71661.03
11273.82
2374.56
22038.46
49854.50
31316.94
7864.64
50302.56
63272.30
44656.74
25122.09
7640.22
9415.26
70938.82
6949.50
55744.20
7792.47
19121.00
32326.27
37624.31
20327.45
38613.12
51575.66
35563.28
71927.68
38013.02
60674.22
54540.42
8409.03
44968.56
41380.74
37488.30
39597.12
57440.80
29391.20
47242.32
46985.85
23901.00
83847.84
24026.25
45498.82
9986.72
50577.72
32122.02
76103.98
22644.40
25184.46
19312.54
49612.08
12685.64
14043.12
5834.20
46328.62
31515.75
48603.64
26235.68
14775.70
38958.00
39751.80
77011.34
8443.90
6762.20
4495.77
57326.80
13703.95
30898.89
84025.69
72895.28
48071.45
51986.25
26008.00
15694.47
1291.39
32752.65
80009.58
39531.36
38166.26
62188.49
11405.94
36346.86
3804.20
34135.80
20875.89
34866.70
30356.76
57119.70
8068.50
47145.56
57509.49
69304.32
15636.61
41667.78
25487.20
45708.60
22722.48
11863.46
45923.25
25732.08
3970.23
29542.86
1157.24
29823.55
36378.20
35037.25
48781.17
20325.76
66114.30
33425.10
39946.88
47679.12
23606.83
64410.71
57055.64
47232.88
34140.48
7207.65
33437.15
25419.60
34407.80
31264.20
30700.13
20393.45
17993.76
25395.60
63869.26
27329.19
39906.90
62467.00
14361.21
945.04
10833.41
13905.15
29527.68
45505.92
77845.32
70769.70
1162.25
54345.72
2883.15
20886.24
47953.60
10180.68
50614.00
25948.35
26380.56
13302.30
36657.78
31551.12
43309.53
48856.92
2034.22
40363.20
44271.50
54794.96
25352.60
49129.48
46974.25
22775.88
46943.96
2702.88
35949.14
31266.93
12059.67
2172.34
42521.08
21466.56
76491.41
26588.40
13456.56
17468.40
72276.85
57912.50
1895.99
58076.80
84908.18
59955.84
40110.66
21316.54
7351.72
41772.48
74658.76
31704.81
69917.34
38323.32
5133.48
51906.52
56688.12
16349.40
54447.72
15873.28
57853.32
11708.48
44904.74
17046.12
46851.50
52520.65
6354.90
28655.75
7395.76
8173.65
7526.19
60868.08
64572.64
20813.27
14355.75
9429.85
4332.68
49776.70
8583.12
12478.32
36401.64
20306.22
51056.46
47098.70
31953.63
3553.74
48002.22
50890.36
48307.04
75595.38
30833.32
52975.44
12301.04
69280.98
44333.19
14499.60
40530.84
21462.88
5066.34
54937.92
74690.66
10050.80
56928.90
55268.97
52946.99
34555.29
58813.00
66929.30
10915.68
1872.96
7299.68
31070.97
23832.46
44672.60
7402.85
52184.64
19515.28
34196.96
51708.93
18554.58
9179.80
9025.76
7533.12
49813.60
70738.80
1832.92
22824.16
51182.04
61416.00
44204.97
6823.38
65485.07
40170.24
68668.60
27786.24
39775.43
25317.00
38892.00
11842.46
15786.70
63129.69
36329.90
19193.24
11067.76
45521.98
21783.36
44298.54
52952.24
27813.24
1193.29
60895.68
33029.36
9847.71
4268.64
64832.46
39102.48
29457.94
36461.88
14226.03
34654.62
73127.50
33892.80
16924.93
53706.26
35821.92
58012.80
14115.00
37883.14
28981.25
3378.66
39848.38
75872.16
30063.00
33270.42
42070.92
21923.80
21742.80
6594.96
29335.46
9955.71
22950.25
86663.08
72661.50
33782.70
37531.78
69499.50
43837.53
12009.78
18431.14
53433.60
59706.92
12701.91
5440.90
17802.84
17210.48
26123.44
11484.60
53221.11
58201.56
30133.86
6855.20
47942.44
39670.86
66201.48
57543.50
47170.54
29871.60
19314.24
72596.40
29862.74
92952.02
1896.99
8921.68
28786.32
21290.49
36606.92
15933.94
35569.38
37525.60
71391.18
59342.80
1100.19
11292.08
5774.16
38761.92
42637.44
58112.10
50855.00
3633.82
12028.80
4990.45
4532.92
4985.36
22830.78
39526.05
41279.68
71210.48
40993.25
64193.40
42857.36
5396.67
15827.25
61892.12
65682.03
83271.84
25327.28
30629.55
3461.66
48892.17
62986.88
36256.48
75999.60
4048.32
3162.42
44557.88
44794.27
25496.85
48726.81
67733.40
17685.85
52313.42
58575.54
34825.18
60613.70
1117.21
32352.58
28525.92
7802.34
7196.84
33348.48
58856.73
64948.40
44922.25
18618.23
68743.24
19924.19
71125.46
65588.03
67310.80
80724.96
92266.02
69633.79
8318.75
29983.50
71399.24
20109.24
48036.45
24597.04
29665.68
55183.95
21873.92
28591.08
9562.14
3735.92
51190.06
25227.09
40723.92
55674.78
14018.85
73090.97
9298.94
71665.44
50522.02
20770.68
16385.40
3736.12
25803.36
38104.32
19950.84
15162.93
14279.04
43898.94
1392.48
50129.43
3009.27
65949.12
58186.04
52514.28
50203.52
24434.64
43420.50
35013.76
17002.04
23259.60
35957.80
5682.24
63836.51
52994.10
29811.60
16199.01
42008.46
34146.90
30453.00
14596.05
37877.04
28454.36
20673.72
66484.93
5708.97
2568.74
52706.70
46192.72
31272.75
50773.76
30368.40
76093.95
35373.85
17266.72
45633.72
23178.82
30756.66
35517.40
45225.47
32078.49
31961.36
81613.57
24369.84
2390.58
62166.24
9425.01
43195.50
23012.22
56908.42
50410.65
61425.20
49396.90
31280.76
40004.38
47553.09
22043.40
37450.20
46867.98
4249.53
74238.30
53376.80
12532.32
62141.94
39857.18
33641.28
34696.40
63267.50
73779.40
18088.76
47014.60
42846.87
14614.86
65119.50
52330.60
5700.24
32290.23
6913.44
33683.76
74620.96
4710.15
15568.38
43558.20
8348.88
51530.74
65816.66
12907.58
42771.08
36372.27
17218.56
18283.32
59587.94
48306.44
69553.80
26109.72
29702.40
20206.23
22349.13
51534.45
30181.86
28638.72
9838.71
13955.76
52373.87
28915.61
21877.10
23972.26
45166.28
42065.66
8240.96
43838.48
50409.45
20184.45
42298.20
39678.84
20470.71
32154.10
30812.60
45037.22
19256.40
14823.84
1273.36
17408.40
57979.74
63336.60
20308.26
13234.10
43534.40
52914.62
16818.15
60982.35
27262.73
44295.59
17328.00
2756.92
81670.75
48002.50
11211.83
35020.03
28920.60
39113.91
58718.98
43847.60
22578.57
8729.52
38312.56
70950.15
11424.24
37832.34
75759.55
58098.04
1120.21
8216.96
33335.50
36074.94
3171.36
42825.60
45002.64
36723.96
24460.22
3311.50
14445.75
55596.00
46894.14
67501.98
47037.98
67269.93
20974.68
48358.70
13173.92
89894.50
8403.90
21223.00
24785.67
12522.16
78697.35
49705.11
11837.87
26878.20
42712.41
35206.08
47891.60
11482.40
41203.68
52812.76
20389.92
59007.36
44254.30
15262.11
50328.18
33366.30
39517.43
9496.08
51744.13
34664.52
6851.20
67736.37
53176.80
10735.41
15185.17
80319.15
15955.94
52301.70
45344.64
61724.13
89998.56
69359.50
16145.28
21537.75
23377.41
19341.21
35732.07
11694.51
6444.96
76832.77
27434.40
80322.28
54627.60
45829.56
5846.30
30048.96
3159.42
57054.90
34059.96
54253.12
12803.70
17698.98
26343.12
42154.20
34232.45
54387.00
61130.60
48349.15
1541.63
13646.32
14495.40
18532.00
8601.12
31569.12
65981.96
22008.24
27226.98
43532.58
12543.16
11111.70
9194.65
5886.24
50348.55
2892.15
4829.10
82586.24
12965.68
9464.90
58055.90
50628.90
11982.78
18860.80
44448.96
34786.95
28644.40
38518.48
50481.21
69647.53
8103.55
1487.58
28310.00
3191.36
19039.90
28228.13
24076.50
81685.92
8625.36
61174.40
71717.88
67411.04
64654.80
67616.55
2656.84
35083.53
57622.86
36398.64
57820.23
12989.68
16197.10
24778.24
12461.20
46879.50
52256.00
60191.04
5102.37
46690.60
30964.68
60151.64
12498.53
1360.45
16033.44
67045.97
76220.55
14487.20
50344.99
49642.50
18578.16
44742.95
37440.80
70224.50
17478.04
4468.74
15482.50
