157
227
307
4
492
404
98
223
290
152
125
221
93
442
279
244
68
242
396
472
277
261
140
342
35
377
64
86
111
261
291
366
368
447
78
340
445
237
60
378
226
239
38
68
143
309
266
351
148
239
257
123
291
178
397
492
194
117
326
384
329
428
443
226
486
482
369
353
217
205
216
498
348
186
193
168
185
333
278
358
298
97
435
65
100
309
140
184
14
51
46
341
205
170
471
493
166
236
386
218
351
281
32
461
453
441
454
46
127
338
249
269
170
469
360
80
341
421
142
473
401
90
417
445
227
266
415
500
258
325
452
233
186
232
472
165
453
202
48
220
371
336
394
201
304
105
303
421
312
172
292
452
159
238
494
457
440
467
87
317
465
364
32
42
455
194
327
392
467
87
241
467
193
219
93
39
379
162
103
51
499
369
337
247
337
236
194
287
11
431
1
412
190
3
285
417
229
327
151
396
324
366
411
9
138
355
415
350
83
312
87
437
305
324
177
442
498
56
54
357
480
319
273
400
202
9
468
303
350
490
323
103
407
322
167
308
497
342
216
188
462
90
480
414
51
416
165
391
71
401
345
422
266
252
452
281
155
164
474
119
480
178
267
326
488
27
42
330
11
455
318
106
205
130
314
321
175
17
334
468
413
195
335
67
217
334
236
301
150
17
389
481
249
179
116
446
102
345
314
373
363
97
76
114
275
405
31
82
58
117
157
378
71
134
467
62
84
75
464
300
236
10
106
410
488
216
473
71
142
413
218
250
109
32
265
203
231
488
373
271
317
9
452
52
357
256
317
205
256
147
213
48
257
4
242
435
81
326
495
2
242
440
439
337
49
136
22
362
79
361
238
328
251
249
376
250
140
85
66
204
4
220
375
365
87
32
254
391
290
391
163
349
326
442
338
316
31
374
299
266
82
452
37
18
53
327
52
176
469
113
7
196
53
156
377
437
10
81
450
446
468
306
9
417
397
204
193
54
242
345
338
314
292
345
167
16
495
288
414
154
278
260
497
5
449
71
182
496
5
2
276
411
311
85
339
124
375
21
475
388
214
360
104
23
287
202
336
431
113
42
344
230
259
136
116
265
76
271
470
311
26
285
341
333
340
259
297
492
176
215
278
378
325
249
350
91
255
352
42
366
338
89
193
421
60
66
298
178
221
96
312
164
337
354
483
156
369
259
25
488
91
129
439
324
387
385
51
344
187
117
488
242
115
40
39
29
23
82
104
402
155
235
495
280
15
119
201
341
410
365
228
211
446
186
180
218
222
476
123
193
27
436
334
201
472
341
95
276
368
407
469
188
86
86
193
60
242
222
81
62
35
70
144
68
394
154
104
347
257
189
171
337
151
211
247
333
425
370
18
331
134
445
480
27
423
490
295
349
459
78
296
114
213
7
138
465
469
489
336
421
301
431
55
120
351
50
362
234
203
128
435
407
467
488
344
376
385
131
451
238
138
330
334
41
5
299
495
264
372
238
279
400
175
390
89
280
451
140
263
274
468
161
219
452
239
55
26
130
130
498
496
483
109
197
199
252
341
433
322
467
72
16
338
313
134
255
376
62
496
478
500
106
403
242
353
112
479
136
406
175
472
59
392
55
500
151
363
309
194
272
473
37
180
437
320
276
157
133
230
379
388
454
249
213
388
193
393
497
405
459
238
21
237
104
71
105
427
77
60
435
263
433
498
118
391
156
41
295
357
55
289
121
448
4
376
157
453
17
262
146
175
182
336
281
267
381
211
288
378
76
353
309
179
123
403
442
181
459
41
389
420
281
161
497
491
354
234
349
172
280
326
183
393
340
285
166
406
443
269
476
443
486
498
222
411
41
106
194
356
242
144
400
407
154
251
134
495
158
23
412
196
3
469
335
470
294
245
277
377
405
239
485
258
46
282
355
4
241
446
332
136
133
245
169
393
108
110
406
32
419
485
34
231
319
18
393
282
87
213
251
469
85
193
164
64
406
227
452
440
498
125
230
430
495
317
232
417
474
329
8
54
18
292
62
218
272
180
97
287
469
335
48
267
286
270
248
79
139
185
419
482
350
373
407
213
487
290
268
76
123
290
132
156
233
255
190
208
404
87
259
123
21
470
435
32
420
363
326
415
9
17
235
368
499
449
6
430
273
458
232
209
124
168
136
213
220
198
422
111
440
267
139
378
243
360
488
276
311
498
18
9
371
323
299
102
126
68
39
320
164
75
211
451
352
372
79
255
215
140
155
341
119
432
282
87
54
379
238
290
113
381
415
467
90
26
76
461
48
339
189
