883
8456
3903
5037
2139
8258
1729
6788
2760
4908
187
2230
3521
5570
4578
9351
5047
4731
1338
9181
2827
6654
8286
9487
4726
8296
4326
6995
3564
1144
3121
243
2285
6306
5011
6899
4046
8776
3997
5604
5764
1328
3063
4358
2619
909
1735
8122
5835
3559
100
8178
3599
3111
6878
2484
5133
7431
8630
6263
5533
432
1714
4496
2938
1624
6102
4137
6075
1878
1346
8226
4439
7942
157
7690
8232
1950
5397
7063
6155
310
9113
5839
2268
8375
7617
3584
3966
5991
2524
6112
9657
3225
623
1771
5820
2293
3641
7311
6157
5346
3860
7794
2117
2888
2705
4563
7952
9904
730
5818
2426
9014
4554
8383
8034
5609
5046
2459
1925
9076
5348
9538
4721
1901
3152
2960
5209
9172
4615
5583
9890
3856
7337
1072
1311
2411
9475
6799
4826
8813
5664
9392
4174
3150
8655
8475
3538
2541
5426
9781
5824
8795
4118
9746
9174
1786
4490
8897
9192
9832
7265
8736
9891
1330
5123
5498
8623
9374
9434
6732
5178
1525
3077
1836
5096
2992
7581
521
9012
8035
2239
2390
4435
7226
53
4500
7850
2394
601
477
6889
3297
8826
4862
7448
5833
3133
132
9349
1591
5545
6801
3857
8755
3436
4455
2666
4664
899
5832
3243
9775
2423
9616
3390
7930
7851
7868
7458
428
2739
8070
1811
6317
3749
3006
1973
8965
8950
6810
2559
5467
3868
9416
9940
4800
8473
5891
7602
1972
1032
3091
3714
5475
2810
6056
1290
510
8363
2169
9308
5110
2
1347
3834
2881
2627
7872
4007
9918
651
5200
3361
9689
6465
1557
7888
7967
7804
441
7666
7715
3027
791
581
2211
3257
5681
5232
2975
4558
7410
9059
7049
2290
5256
2481
8964
3774
3502
5871
9308
5549
5573
2149
4288
4730
1002
9063
2883
9796
7135
2762
8700
9999
6846
4361
4510
7966
7716
6132
7394
6567
3160
7588
4243
3684
2853
134
9216
5965
3587
7704
3972
3236
2336
6885
478
1042
1194
3643
7786
7710
3992
1176
7104
5131
6547
5538
5602
2533
6272
4974
3332
9894
7220
6209
7993
3682
3174
1218
4577
1667
3081
2225
2822
8691
7240
2182
610
8115
6771
2992
529
7207
5166
9412
998
9076
8969
5285
3025
6764
6364
2205
2741
9719
7047
8817
3097
8705
2971
4307
3848
1945
4608
3916
6320
2418
7049
8569
8302
8914
1482
4427
3616
6182
7412
3613
2032
5126
5314
321
562
1762
4829
2830
539
4823
8603
5507
3896
945
382
7683
6193
8275
4290
5221
7932
6583
3639
916
6186
3629
7954
1129
9674
9484
9329
9152
7010
1323
3942
1497
4107
4748
9413
5979
9902
7239
630
3687
6523
6163
3446
3108
1829
9431
1237
3203
7269
4425
6578
7719
1725
9020
6992
6983
3167
7355
2819
4932
2066
4560
372
1928
6346
5256
4422
1413
4649
2152
4226
2605
852
4506
6647
9952
7233
1748
8187
7184
7638
3534
4134
7772
6942
1854
8351
3705
9876
393
3351
8958
4059
8134
5948
2060
6079
7500
9985
3006
7074
3586
5349
9957
2642
3107
3879
7617
8267
4118
4275
2183
340
8320
9391
9374
4861
2352
6305
7125
4287
6779
9186
6853
2655
8146
9033
340
7912
4735
4369
5636
8106
6149
4976
9360
3636
2897
9510
9395
7936
7930
6094
5079
1070
967
8346
9224
4208
9723
8097
4789
1921
894
8852
5523
1310
8813
9937
1655
8118
4717
4750
5776
3735
3057
5266
6239
9427
2394
3023
2215
6808
2446
8788
2578
3142
3055
3481
5766
8539
9486
6908
1998
8362
3278
133
312
3284
3719
8730
1394
3496
9792
4067
2596
1440
9747
7075
3778
2857
2496
7247
6505
8327
2411
1881
7791
5062
1144
8598
2751
2231
3124
8268
9228
336
2159
6728
6149
1134
5906
8048
1447
3361
2525
5355
1630
793
2708
8143
8502
9464
7673
8298
673
9308
3867
120
5997
6862
6588
9305
7982
1781
1902
2320
5535
5586
9030
9152
7503
2117
2248
6860
6437
8980
1658
5175
9713
5518
6338
6518
6235
5379
8585
8134
8314
2056
2619
7291
8170
3081
396
2377
5721
1043
493
4736
3367
3316
9989
1619
9972
8013
7203
485
4806
1495
7486
7076
3658
5443
8322
1534
5640
2616
2944
5569
3348
9507
7428
6880
208
7116
3209
1349
5648
733
1053
4312
8471
41
3344
5318
5632
6101
6976
7113
7425
173
5137
8559
184
2002
1402
8667
8091
232
8894
8924
1303
8961
3704
9513
8246
7602
169
4389
9839
1836
8615
4677
3028
6327
7062
4963
3381
8165
8852
768
124
78
5741
1959
2076
9454
2662
5573
8060
9926
732
8382
1432
3952
9043
5345
145
2640
9665
5319
4619
8243
8847
6659
4565
7325
8022
5295
30
750
2083
6362
6128
4434
1838
4488
6311
4666
3256
1792
9492
587
5506
9191
2265
7637
5004
1998
4593
8102
9023
1297
2972
1592
8137
9783
9950
1264
8543
9243
1629
8019
2358
9861
4758
8736
1864
4057
3512
6162
2687
9737
8680
1156
7713
6950
5296
6526
2553
1903
9606
8576
6534
4273
7022
7056
5101
7242
8716
3696
7288
5005
6378
1110
9802
5914
7795
4629
4980
4046
7702
3590
4335
7176
3468
1992
327
5552
2290
5977
709
7633
1177
2148
19
4402
1810
7676
4709
1968
4870
9600
4973
4387
6665
5814
4628
1024
6084
2703
7641
1115
3156
141
9798
4721
2466
2811
2777
5758
934
7511
1358
197
7792
3083
5861
7236
4271
2719
9597
5322
667
9082
2742
9182
6700
3414
9200
8975
7967
3729
9596
2640
7358
6666
2760
5771
8165
6390
5779
2345
1922
7366
5660
9154
9388
7093
2168
8902
2990
714
6359
89
9385
4588
7580
7863
9780
8054
1861
4576
8770
1489
6862
4669
877
7589
2259
5098
4665
184
6210
6065
6051
3456
6684
4760
8856
5565
5544
5257
5945
2629
4502
1429
2643
9696
4066
3307
776
9757
3074
5885
6676
9024
5811
3524
3918
6142
9046
5381
4632
6814
132
9307
8000
7076
779
7382
4984
9759
7475
170
