6990
1013
8161
9075
357
8113
5618
9679
1966
4540
6539
1048
9455
526
6359
9000
6413
1826
758
3475
5143
280
8678
6687
7042
8333
1099
5814
9144
6894
4474
7679
8852
5846
1412
1604
7706
9802
8839
6032
6371
2627
8716
7186
8894
2320
5870
372
4609
8272
9809
1517
8399
665
4237
6033
8531
2831
312
1964
9649
5480
1082
3046
310
7876
4121
7014
5813
3209
6246
7841
3127
8720
6835
9186
4212
3504
7711
5062
211
2925
8352
2416
9897
8047
916
898
8807
7710
3319
6295
6964
2331
4754
8555
727
241
3744
9562
3747
9944
9795
3573
8910
5138
3206
8044
4737
6648
2720
1809
6127
6732
2575
7318
8971
3148
668
8029
7834
4330
4686
3335
5299
3382
8964
524
1912
313
8149
1332
5254
3109
276
2112
8730
8045
9868
624
2435
4471
329
2188
7956
9723
699
5842
467
5976
6674
7696
7937
8561
8605
9903
2653
4293
6169
40
9108
3768
230
3539
9596
9373
6163
8364
2149
1443
5944
5819
6547
5174
4641
6244
852
5065
3766
1855
7296
853
8528
4055
6611
4463
494
8288
476
2395
7664
5217
4945
692
8168
9536
531
8551
854
8911
8585
6602
7953
7198
92
4163
3130
1527
3068
2532
2671
9921
9012
2320
5755
1892
3492
3714
7099
4641
9900
2301
6213
8188
7197
1940
9520
8946
249
6555
1104
6742
8673
119
4715
7256
9389
5491
7000
8247
6788
4987
5245
1097
502
3396
9994
3684
5440
6451
6175
6563
2319
7733
7931
4696
100
4884
4606
6972
5179
1031
3914
299
171
17
2466
9504
2111
4526
8414
22
4241
7599
7929
6789
3630
6257
9099
3124
2534
9161
3241
1234
6249
2368
2847
6482
4038
6299
7804
6984
1850
2830
5592
1445
4454
4828
1176
1739
1573
3269
955
8186
8348
81
7944
4790
247
4067
9621
1296
9051
9274
2161
6309
1178
2527
9169
866
3999
9570
6310
946
5411
6867
1023
6176
7924
9720
293
5101
6796
5230
7272
6957
574
1552
661
9065
9001
3186
4406
4598
9134
3462
286
2807
2089
9619
8487
13
6747
2685
1191
2490
7595
8432
4624
7219
4535
6973
3643
3364
8878
8428
4599
2891
4005
9957
930
7108
5292
7185
3011
3433
80
3193
8944
3116
3955
9383
9049
177
6153
2449
7741
6673
3032
442
8299
8733
9543
6694
176
6410
7189
1756
2204
585
9912
5154
3875
5875
8764
8395
5865
8404
5946
4383
5623
4427
1964
4609
6460
8811
8885
8851
2968
3061
5221
1196
401
2108
6334
3961
1766
7388
5034
7349
1646
3321
6574
3107
6253
8979
6986
8860
9685
3596
2837
4959
5822
7836
5929
9708
9277
3082
3642
2467
7973
7209
856
3866
9308
2681
8812
803
6242
1886
7879
1549
443
3123
5195
9822
4762
4121
1034
8883
2327
5742
9277
4947
243
1831
3538
2918
7707
6861
315
1817
5059
1346
6982
4825
435
5999
1862
2761
8809
7546
4770
2617
7236
4870
9340
4093
9619
5745
265
9502
6909
3105
5476
795
5000
8533
1737
1777
6989
3658
4964
9857
5613
4503
4284
6091
8150
2499
8632
6225
1194
5329
7080
2428
3471
3256
4344
5877
1554
9958
7621
1415
6487
6511
2873
6372
7010
1623
6800
1368
6990
4678
8062
7487
9737
4968
6145
6537
6188
657
5645
2105
5822
661
9232
5225
696
4106
6495
3011
102
7417
1105
6243
3743
3434
4048
4468
8435
1045
3656
3751
2466
5279
4740
5585
9660
1820
5849
3445
4113
3330
2056
1915
7004
8886
5588
7744
5512
2482
8576
2666
7363
3145
6650
5008
7008
4384
1382
6286
3728
6984
4690
441
535
5522
4161
2604
2199
3697
4651
8688
3178
5334
2391
4256
2365
6335
8980
4620
3291
8126
5971
546
9330
4931
3198
2737
6613
1498
1380
2023
6331
3054
3145
5559
3680
5439
2565
624
466
2956
3991
2266
7909
4999
711
6294
9657
331
1594
1554
3035
865
6149
5426
5839
3025
6938
9435
1792
5926
6252
9132
389
6926
3598
7431
762
6131
1725
3305
7414
5374
8462
2233
312
9007
4150
7341
6371
7192
8081
4895
8936
2905
759
9722
3492
9641
2203
2519
9342
1437
8752
4320
7503
622
9864
9490
4580
1676
5154
5514
2113
8490
7914
2590
6865
7907
3757
7344
484
5643
2147
4559
1011
6425
4171
9058
9086
6273
6460
2498
3187
4034
9051
7822
9267
3573
4686
3045
8657
962
4697
5383
5311
5213
9654
9027
5656
8618
5242
4963
1592
2573
143
7108
4307
6079
3344
7322
8671
7307
2936
6662
6008
1561
2227
7572
8784
6666
102
2116
6964
8345
1269
194
6490
3452
4387
3174
5628
6540
5442
1064
9251
3236
1949
9035
226
3941
9626
9431
4753
9356
5925
9032
6536
8360
4739
8120
889
7716
47
9129
8416
9127
6901
5392
502
4045
1742
5726
2877
8545
4759
5413
476
5779
6444
1607
3821
2241
753
4490
1947
6691
4056
6429
2343
1877
3452
2065
6435
5733
9366
4501
6284
1461
3481
805
7001
2423
5700
5108
9781
7656
1446
6823
2188
9639
1787
5375
3639
6588
6564
6360
3832
7953
5619
6548
2889
612
8026
3217
8145
6775
2454
6676
5260
9336
4886
2575
8675
1268
3688
9197
6534
1648
5380
3500
1633
201
8086
3182
5377
5611
4760
6759
6069
8430
4778
5500
543
9444
8030
4249
6164
6797
5348
6472
5064
9577
9038
2898
2102
5705
3323
6867
5901
7325
9353
4791
692
7036
1850
3925
461
6723
7399
2125
4787
4280
3404
9548
6869
2842
9778
2076
763
2658
9893
675
4928
2335
7134
2796
8703
4804
6650
9914
2216
1071
4878
6464
7092
8184
9813
2513
3832
8515
8194
1006
2690
6384
4824
3683
5148
9343
7192
4191
6307
2166
8279
8527
1649
3131
3464
2045
7685
8026
3981
6233
3148
3521
9541
2512
3253
1517
1592
4884
6321
8913
4169
1793
3746
8706
1814
7754
2977
85
5303
5789
5969
1679
5352
2135
6759
7373
7664
7487
8051
8575
338
5198
1594
7629
