14
7
27
32
34
3
27
5
14
33
24
27
8
46
19
18
7
19
38
19
8
10
24
40
31
21
35
47
10
27
3
48
4
10
20
46
16
9
49
26
44
21
46
18
21
40
12
18
8
26
46
48
22
44
22
49
1
12
14
25
20
3
42
9
9
21
32
45
13
28
2
3
41
20
21
10
31
14
7
2
24
47
20
21
41
20
11
49
2
30
14
50
18
20
19
37
39
39
48
40
11
46
39
32
47
10
46
50
3
6
45
12
31
2
40
7
2
36
10
36
5
41
7
5
26
2
15
5
26
10
13
2
47
24
49
4
23
40
50
7
19
43
18
37
40
21
11
26
9
35
48
29
23
7
33
9
50
14
16
2
31
13
33
11
24
27
43
24
5
28
42
33
46
14
5
1
37
32
46
50
21
17
50
42
26
28
46
23
21
3
47
9
18
17
50
39
26
19
19
17
7
27
40
46
38
19
17
31
30
33
2
45
13
7
5
41
3
48
38
23
28
19
23
4
48
43
23
14
36
25
7
47
40
39
47
48
46
22
7
20
34
27
10
47
37
23
41
9
44
49
3
36
45
47
10
18
8
42
29
29
27
32
26
1
30
12
8
26
6
6
24
3
26
25
36
6
4
35
19
19
33
21
17
11
7
12
41
8
6
11
28
35
15
40
41
31
2
2
3
12
40
22
24
25
33
2
22
3
38
43
50
25
44
23
23
13
38
3
42
43
30
39
23
2
14
32
37
41
9
21
12
45
30
13
15
41
35
26
46
8
49
7
13
24
26
37
39
25
50
27
21
16
15
4
48
42
45
20
40
24
10
41
21
22
39
9
50
35
27
31
17
20
26
26
25
22
12
46
6
28
30
20
37
25
33
5
45
41
35
42
8
31
19
12
24
28
1
22
50
3
18
23
35
20
33
41
6
6
28
16
39
46
13
46
22
40
10
18
4
29
21
3
5
44
29
25
47
10
6
6
28
1
31
33
3
48
39
19
26
15
32
20
49
34
21
33
23
47
1
17
26
25
16
4
10
16
37
12
47
34
46
22
25
22
39
29
38
27
43
35
45
4
1
32
28
34
35
46
11
17
14
12
36
31
47
27
48
48
29
42
44
50
22
34
5
35
26
6
44
20
18
32
21
47
47
25
14
28
27
43
32
45
45
50
17
9
32
46
44
27
43
21
11
13
26
39
20
46
18
49
32
3
23
18
9
44
32
12
9
46
1
42
7
26
46
5
49
48
34
4
38
23
6
36
26
47
3
44
20
12
42
47
50
4
21
25
49
2
50
46
45
23
32
40
42
3
42
14
21
40
5
46
19
26
6
44
49
6
3
40
13
3
24
8
26
21
2
39
2
40
14
37
38
41
4
50
47
20
41
38
37
33
31
34
14
33
31
28
22
18
41
16
21
38
31
29
6
12
32
25
26
47
37
4
38
1
24
43
8
26
6
19
18
15
13
15
42
1
14
35
19
8
50
46
50
18
29
45
44
48
14
28
39
47
48
33
24
4
15
2
9
22
17
20
17
47
50
15
22
19
4
43
1
32
13
48
17
39
47
25
27
37
6
10
26
31
16
31
12
24
20
8
33
47
4
26
14
19
20
31
20
34
24
5
17
17
20
19
43
28
40
34
30
49
2
15
18
10
16
26
16
17
40
14
30
34
21
50
36
50
8
24
39
12
39
23
43
24
28
33
10
26
8
18
23
44
46
3
4
2
26
29
23
12
49
27
17
46
13
42
16
46
8
9
1
3
32
48
41
18
14
19
29
20
47
12
26
37
49
27
18
45
31
13
2
23
46
49
48
3
3
5
31
11
29
1
44
10
26
8
20
16
20
5
8
50
28
34
29
15
7
36
42
35
47
35
8
17
41
2
35
47
29
28
49
26
44
5
39
32
21
22
13
27
37
12
26
39
19
14
17
17
8
6
4
34
32
22
50
26
25
13
15
41
9
9
10
44
35
2
16
35
10
22
28
11
2
20
44
6
31
43
1
2
24
48
42
12
46
37
46
11
47
19
12
25
47
5
36
29
47
19
2
28
23
32
44
2
2
1
25
26
47
10
23
10
22
17
16
18
9
33
27
25
7
12
3
7
38
32
10
19
21
46
43
31
50
6
21
3
33
17
22
49
2
8
46
40
40
39
48
7
44
14
48
34
12
41
48
45
36
20
44
8
3
46
46
39
12
40
38
37
39
30
21
2
6
35
50
18
33
4
12
4
3
28
34
36
14
48
31
6
48
29
23
50
12
43
39
29
