321
143
295
294
469
114
470
462
46
440
38
136
224
54
403
319
62
28
352
381
390
213
143
33
88
139
259
191
253
281
197
143
24
256
377
411
174
381
410
469
347
319
347
336
325
167
429
72
245
418
497
65
372
159
227
274
354
12
380
97
131
492
469
405
364
17
35
375
119
182
300
371
310
492
360
318
258
43
191
286
26
75
500
447
249
262
495
375
85
408
140
347
394
189
123
162
107
44
398
93
285
169
349
299
126
251
500
422
381
226
290
319
244
397
338
26
23
81
285
92
40
97
308
339
39
496
445
241
270
427
33
72
446
447
484
61
203
259
148
297
332
145
59
427
418
90
289
256
349
396
468
436
471
317
246
247
436
389
90
353
169
267
219
355
316
422
38
194
15
105
469
158
482
50
184
315
91
180
136
198
145
204
424
293
294
222
218
322
306
49
143
223
492
160
381
276
299
140
421
447
350
219
198
436
7
318
89
284
233
402
93
17
6
370
286
451
495
472
135
473
309
21
393
404
317
436
471
27
405
24
304
26
21
167
19
46
363
437
352
14
149
339
183
12
18
89
138
128
96
1
142
203
429
153
487
487
79
290
37
60
28
428
445
100
302
117
120
306
408
443
389
394
96
257
207
453
211
135
263
234
234
478
141
51
288
18
329
315
306
344
321
286
205
302
181
88
461
441
285
225
95
461
28
147
329
360
449
73
227
42
50
485
85
17
229
456
473
497
342
330
325
111
229
383
360
113
388
133
309
7
14
313
13
16
84
294
499
251
95
236
367
281
425
408
458
162
269
309
445
341
217
181
385
359
472
355
393
62
180
150
300
258
60
172
69
163
299
292
350
480
68
341
374
132
439
219
469
48
5
372
235
409
209
434
211
296
299
270
107
340
276
179
445
469
84
316
317
352
463
217
356
61
481
315
46
80
168
1
490
25
194
396
372
492
291
492
91
320
298
248
183
92
376
142
189
115
299
39
363
19
252
172
219
345
427
112
406
46
402
46
476
471
422
133
118
138
322
467
7
411
382
461
347
184
234
303
306
149
94
233
46
323
187
124
103
28
138
456
317
50
120
55
194
479
63
253
242
282
408
207
203
313
138
451
499
355
463
133
127
95
137
248
420
407
354
397
152
246
246
47
441
122
431
391
320
152
71
150
337
113
50
7
383
288
11
41
310
224
423
376
92
20
287
291
362
466
402
168
109
442
206
73
480
500
14
162
274
448
226
423
336
325
130
277
5
166
487
480
395
60
129
201
187
50
52
224
99
170
250
141
234
18
72
364
264
212
302
303
453
220
337
439
100
40
127
459
131
390
481
399
488
314
277
166
296
68
16
117
173
53
320
21
85
198
6
75
140
295
417
312
267
326
478
332
35
397
310
406
111
69
381
130
338
3
45
69
484
32
464
77
302
293
456
126
163
315
391
204
2
12
408
419
241
476
210
149
40
390
444
490
110
467
64
62
222
325
44
105
259
327
116
244
215
156
322
490
206
338
314
331
16
421
276
101
72
243
325
330
55
392
313
281
426
70
71
126
139
312
110
85
68
35
197
226
38
228
43
223
458
89
279
297
197
326
78
266
289
448
452
84
340
244
448
401
42
137
273
470
23
421
62
386
366
62
416
360
9
38
219
488
46
124
248
13
405
462
464
351
54
442
49
138
13
106
49
339
5
323
270
443
285
109
83
330
385
284
328
234
428
4
226
163
347
478
298
441
292
152
369
340
279
240
366
36
219
84
212
252
20
86
490
358
332
493
407
294
215
364
65
364
241
311
394
238
389
252
305
11
288
118
177
477
470
454
258
258
244
431
233
174
458
48
206
302
451
252
375
188
455
319
151
1
215
278
389
202
394
434
381
304
249
127
327
481
314
376
335
487
488
163
146
123
130
330
409
174
151
366
75
331
132
384
15
31
121
17
64
297
393
211
167
301
96
349
457
378
114
486
252
33
479
372
143
488
232
495
460
451
182
295
462
439
167
26
158
113
393
300
230
474
24
470
222
360
44
476
260
289
341
8
76
71
146
208
129
105
415
422
55
487
108
314
228
379
440
110
339
428
376
72
383
399
298
422
236
472
407
116
273
186
393
27
160
56
156
249
148
289
225
172
265
173
258
468
4
351
418
260
285
385
336
47
361
453
333
112
153
347
258
422
53
183
211
333
189
394
427
94
260
440
394
49
289
74
44
411
330
325
353
354
102
322
81
292
432
89
259
384
173
359
95
286
495
452
101
399
198
337
181
55
461
144
344
424
404
293
47
107
438
192
