28364.03
24698.88
23575.75
35164.80
2722.90
37177.99
21687.20
35437.40
35359.99
20558.56
31558.75
17178.60
32380.02
8079.75
62707.20
47570.56
11227.92
33293.42
87841.12
58513.00
53822.55
49462.20
41798.58
9418.16
79253.16
55115.52
14945.80
52696.00
53500.11
30303.00
43655.84
52030.30
37373.70
34687.80
11307.15
49125.08
70814.70
13464.40
26981.28
65264.40
49151.54
21091.23
31933.88
78139.32
84148.20
10827.60
42450.98
1604.69
3467.64
36975.42
66220.50
50005.12
51854.60
82366.68
11148.83
58382.88
63268.00
76808.96
39567.47
9930.64
23425.20
45738.30
36002.61
15096.25
16462.49
16757.55
4404.80
61785.20
36504.60
39952.00
1448.54
51255.50
11877.46
14435.40
2910.18
35990.64
53067.68
3273.44
17343.60
23881.44
35281.18
58129.56
53994.72
53877.96
52548.76
30972.80
27270.00
65543.16
55967.40
32645.40
59354.64
28570.05
7673.15
12073.20
85001.28
10912.99
29125.72
66921.50
43396.58
68376.96
5245.70
9860.80
50299.65
54490.38
1717.81
12533.40
73332.91
48736.80
41708.33
40002.39
55763.84
19761.60
23349.75
25304.37
33110.25
73478.00
44893.94
32542.44
44786.00
37825.92
51222.99
2310.50
12033.00
80216.64
26363.29
51608.16
24710.84
44056.44
42569.75
91432.04
72531.54
42239.95
80340.96
29438.88
49758.49
52312.58
47091.84
72918.97
28956.25
45897.43
49642.39
66309.48
83588.50
32866.05
3369.66
32410.01
34818.74
57884.80
61151.38
41324.10
50441.96
12459.09
48802.26
40266.48
23895.20
66453.84
24128.52
31867.29
25595.04
1153.24
34696.40
10795.52
61320.60
5448.00
1307.40
39426.48
49613.20
31198.12
52941.35
71932.32
58315.94
39164.58
62777.88
32638.39
28884.66
10071.00
35359.99
41083.80
12625.68
70906.48
47318.76
46585.43
43652.70
11056.10
44174.76
25227.50
59452.19
8820.63
21658.68
33515.40
11243.82
63612.64
37115.99
54109.05
29347.92
26654.00
85441.30
34182.12
66766.56
13166.28
36999.87
8897.68
23080.48
25271.55
41774.20
11826.76
94499.00
56868.12
39377.52
18763.80
22204.00
21610.68
44013.50
22515.57
18316.95
23014.70
8256.96
975.06
10226.96
22327.84
20915.44
5066.34
8432.94
55595.28
30274.79
6142.48
31818.51
10131.11
63941.62
68771.01
55886.82
60138.68
34705.26
19567.57
71475.60
55036.80
46221.30
43151.62
63812.16
16517.40
57821.56
27332.07
46029.40
15415.20
44470.80
5325.72
77407.88
19060.57
45915.02
7631.33
49270.65
57262.31
44742.95
61419.75
42706.80
1865.96
996.08
60344.00
60062.72
86841.00
59710.40
71713.68
14068.21
65219.50
29091.00
24725.87
15921.44
68573.00
49224.82
73689.88
44013.50
23585.40
59844.19
19656.00
22863.84
5033.31
39242.80
39656.34
37318.66
23585.40
63282.60
50454.18
52514.28
32095.66
2712.00
88092.50
17575.38
50600.36
36326.88
7981.61
28690.60
73015.67
32055.66
28351.92
32110.56
50426.88
30018.77
55102.96
37876.30
46048.25
19402.35
14223.36
14010.45
36684.90
52416.32
11692.60
28813.20
28683.32
10938.62
61113.78
40680.00
71835.20
57660.84
36775.68
19009.57
28306.03
24489.00
43040.25
60754.26
64896.09
64643.85
48016.46
45506.62
25604.88
6651.00
56900.20
41344.45
8748.63
37818.69
77161.78
64837.08
15739.08
26636.00
10432.92
61512.79
14471.20
48543.84
19446.42
71499.84
25647.40
37427.78
24609.90
43548.15
16001.44
18848.52
36217.41
73535.28
28326.78
42462.64
40894.20
33987.10
59222.22
5601.05
30248.40
8150.64
56003.20
80692.48
48408.03
14577.39
20822.60
23064.80
59231.37
6662.10
68336.22
30680.88
51305.50
43871.25
43968.00
49543.90
59022.92
43341.60
41709.78
40209.32
28507.08
57684.04
41189.85
56703.84
2332.52
24785.88
15036.84
24486.20
34168.11
13398.08
26799.50
12399.42
36557.37
42049.95
32530.56
2380.56
35817.60
27316.98
43434.73
7490.04
54083.12
47551.66
3195.48
18678.33
33597.63
47406.25
46904.54
48618.96
20353.58
57775.90
90144.50
47781.60
1825.91
23961.44
11895.00
40855.03
68966.15
43653.60
1229.32
4633.00
39509.86
15711.08
32602.73
67433.93
2586.76
77396.78
35567.62
52777.39
33732.18
52784.55
14505.82
26506.08
27929.25
22118.55
32709.70
63922.51
43672.53
62455.62
35873.14
18507.14
29973.90
78973.30
20181.24
3669.86
34405.44
31278.81
7583.00
36058.00
10010.90
7133.77
49830.24
22163.76
51272.73
43670.75
38540.75
35570.52
56507.76
38262.81
8703.30
79234.00
59801.39
17908.80
24360.45
28806.25
14776.05
38041.60
53368.44
61132.68
5015.45
50626.99
15391.80
28530.75
22667.76
41852.20
21803.60
2696.88
21758.88
43642.80
33560.72
66370.50
6995.36
70830.10
13923.00
60400.80
42965.82
29612.40
54209.00
12480.65
48697.64
58292.55
48745.11
44725.59
28218.51
45738.30
25459.03
76646.64
6168.72
28811.43
40028.10
25857.16
15196.10
29095.64
35806.76
26110.14
37315.60
81254.54
63318.60
19480.72
16453.64
37840.25
44749.74
61245.32
23842.00
73957.60
29641.50
7988.52
64028.06
29554.19
18139.50
12938.04
17176.00
69492.79
51564.00
31459.06
63066.40
63169.96
53810.73
23870.46
59781.27
7574.10
53985.24
76860.52
65938.95
41205.34
18974.52
51898.11
26728.60
60331.84
33957.12
7431.80
14735.44
17713.44
58669.71
10811.61
20626.84
65048.40
52680.76
15027.84
50454.00
47858.88
1599.69
41932.24
10467.20
71826.50
8811.36
73774.02
61383.78
60882.69
18607.68
1395.49
31702.22
66971.50
9284.94
95099.50
29264.28
18259.10
43053.64
17163.60
55740.00
24497.76
5144.43
63133.16
45746.40
55795.74
44273.97
29138.78
73970.40
9570.32
16229.28
51542.73
7014.63
16738.24
20980.89
34116.00
18600.60
44648.00
61359.78
35842.80
25759.35
48387.68
29438.19
80905.05
82262.88
5429.80
50790.60
50390.12
56122.88
60633.01
2446.64
42080.15
16814.36
19428.96
46249.98
23893.33
3832.11
12058.09
11640.72
24829.35
6111.55
994.09
20030.59
34559.29
51405.76
71283.25
1004.09
40003.60
14054.80
48396.48
10854.48
48892.14
1044.14
35894.34
22776.96
58562.55
3715.90
12943.90
68548.20
31157.79
15886.80
46640.88
18823.92
83968.20
59143.73
13189.92
12620.23
42325.50
33679.88
79418.70
58963.50
35461.68
45597.06
22680.96
30734.76
77223.42
22684.60
10811.52
41930.20
46910.23
5335.80
59472.14
4787.07
56137.90
3043.22
13189.92
87019.20
26457.12
71643.84
64117.20
42957.76
27998.13
13982.76
27518.07
55188.46
76103.98
18199.20
10603.28
62153.74
59173.02
28782.24
42092.16
85926.16
56039.40
81573.80
18375.63
28320.90
20534.08
3397.58
12424.23
67151.67
21815.20
44984.02
12823.44
19172.64
47474.70
52856.40
24070.50
1640.73
35157.00
91007.04
48447.80
8437.10
17838.81
9936.57
41564.40
63347.20
17409.37
20842.20
43247.70
65453.52
34721.18
33717.64
52051.86
10944.00
42164.55
31298.94
17886.96
7519.19
13034.16
23525.40
72391.50
75396.13
15458.80
3642.90
44392.60
23304.80
30668.66
5517.88
32626.80
3561.74
8325.09
24610.95
37915.25
72402.54
27605.76
8133.55
52351.87
58892.16
6523.08
63879.51
21037.50
26007.30
55234.08
33062.96
65262.45
66505.09
20485.92
14992.08
7540.19
84789.00
18235.25
31471.44
23139.45
37674.61
62727.96
2100.28
15994.16
55378.20
44237.10
25202.50
46895.85
66022.56
15240.28
76462.95
47870.40
14505.39
15921.44
56976.48
49612.36
30502.56
11532.33
15937.74
25789.94
57767.49
13289.13
58021.60
10352.16
41731.22
25962.30
15206.38
2638.82
76279.60
14991.76
17532.76
38234.56
22816.86
14259.36
30933.90
13574.50
22089.63
14090.94
78858.99
47542.22
23185.20
55321.89
46670.04
45048.80
14640.16
61966.12
22128.24
67911.60
40939.84
67462.92
2823.00
21459.95
27146.21
67439.40
39221.05
1731.82
1600.69
27266.19
56338.80
36657.78
14255.20
28080.14
47471.16
34687.20
25338.88
19292.40
20462.20
22970.22
13157.30
37293.06
15148.20
10351.30
43218.63
47666.56
43872.92
31981.04
7467.95
44845.32
79239.16
5746.12
82308.73
10511.40
24890.24
3996.36
1724.82
6256.75
10931.80
17154.56
19130.55
62616.60
61841.13
56460.48
7142.60
46850.80
67469.91
22032.27
10072.89
14838.66
53707.35
58040.42
94148.50
5465.90
13555.63
38807.08
26560.26
33628.72
59732.90
17479.26
73950.24
66410.93
32705.10
65447.03
56976.12
22749.00
17578.50
13370.22
42044.80
46669.70
58029.23
85145.28
54258.00
62212.24
29143.20
27569.07
37488.30
32614.40
25816.37
39487.58
33035.00
59647.08
52786.80
36405.15
21991.52
56094.50
14235.36
54027.73
23048.48
3609.87
1041.13
39355.14
39417.63
7793.25
10499.20
6558.92
13110.72
32650.80
27903.92
59587.48
42763.57
64788.09
21736.96
5916.40
61815.36
40434.93
23014.86
7423.76
65159.46
34616.48
41513.34
17490.72
10611.60
17310.26
36647.00
6534.92
39426.84
40038.90
53256.35
26668.05
22644.40
20196.60
25511.60
53779.28
44976.24
52976.16
68222.38
5355.80
18450.14
73787.85
93448.00
68624.60
41252.54
12894.97
37924.04
24163.74
58806.38
35880.78
74460.12
35858.70
9831.50
13237.92
46473.75
5634.18
49281.90
68231.60
40060.02
7362.80
36639.00
76578.50
16748.06
32238.82
31713.48
36969.60
53011.35
8238.70
32560.20
67876.16
1627.72
7344.08
74041.49
57423.49
43231.50
18232.37
14800.16
23044.80
18940.80
52372.17
30478.76
37072.73
61666.00
13422.16
71395.20
42356.64
8232.96
33523.88
26305.58
31103.54
9009.45
77613.48
87261.54
9873.50
54307.04
21611.52
51203.70
51473.46
65057.08
36126.48
1656.75
12081.87
38632.81
1506.59
30031.52
67415.76
12852.14
64209.60
52777.39
34136.00
36422.64
39431.86
21246.54
35116.95
18419.84
66572.11
60416.86
12805.91
76130.10
84453.83
6162.72
27869.28
10331.04
11972.90
70951.20
15890.16
3197.36
23623.76
58972.78
