290247
290247
290272
290272
290272
290272
290272
290272
290272
290273
290273
290273
290273
290273
290273
290274
290274
290274
290274
290274
290274
290275
290275
290275
290275
290275
290275
290276
290276
290276
290276
290276
290276
290276
290277
290277
290278
290278
290279
290279
290279
290279
290279
290279
290279
290304
290304
290305
290305
290305
290305
290305
290305
290306
290306
290307
290307
290307
290307
290307
290308
290308
290308
290309
290309
290309
290309
290309
290309
290309
290310
290310
290310
290310
290310
290310
290311
290311
290311
290311
290311
290311
290336
290336
290336
290336
290336
290336
290337
290337
290337
290338
290338
290338
290338
290338
290338
290338
290339
290339
290339
290339
290339
290339
290339
290340
290340
290340
290341
290342
290342
290342
290342
290342
290342
290342
290343
290368
290369
290370
290370
290370
290370
290370
290371
290371
290371
290371
290371
290372
290372
290372
290372
290372
290372
290373
290374
290374
290374
290374
290375
290375
290400
290400
290400
290400
290400
290400
290401
290401
290401
290402
290402
290403
290403
290403
290403
290403
290404
290404
290404
290404
290405
290405
290405
290406
290407
290407
290407
290432
290432
290432
290432
290432
290433
290433
290433
290434
290434
290434
290434
290434
290434
290434
290435
290435
290435
290435
290435
290435
290436
290436
290436
290437
290437
290437
290437
290437
290437
290437
290438
290438
290438
290438
290438
290439
290439
290464
290464
290464
290464
290464
290464
290465
290465
290465
290465
290466
290466
290466
290466
290466
290466
290467
290467
290467
290467
290468
290469
290469
290469
290469
290469
290469
290469
290470
290471
290471
290471
290471
290471
290471
290496
290496
290497
290497
290497
290497
290497
290497
290498
290499
290499
290499
290500
290500
290500
290500
290500
290501
290501
290501
290501
290501
290501
290502
290502
290502
290503
290528
290528
290528
290528
290528
290529
290529
290529
290529
290529
290529
290529
290530
290530
290530
290530
290530
290530
290530
290531
290531
290531
290531
290531
290531
290531
290532
290532
290533
290534
290534
290535
290535
290560
290560
290560
290561
290561
290562
290562
290562
290562
290562
290562
290562
290563
290563
290563
290564
290565
290565
290565
290565
290565
290566
290566
290566
290566
290566
290567
290567
290567
290567
290567
290567
290592
290593
290593
290593
290593
290593
290593
290594
290594
290594
290594
290594
290595
290595
290595
290595
290595
290595
290596
290597
290597
290597
290597
290597
290597
290597
290598
290598
290598
290599
290599
290599
290624
290624
290624
290624
290625
290625
290625
290625
290625
290625
290625
290626
290626
290626
290626
290627
290627
290627
290627
290627
290627
290627
290628
290628
290628
290628
290629
290629
290629
290629
290629
290630
290630
290630
290630
290630
290630
290630
290631
290631
290631
290631
290656
290656
290656
290656
290656
290656
290656
290657
290657
290657
290657
290657
290658
290658
290658
290658
290658
290659
290659
290659
290659
290659
290660
290660
290660
290660
290661
290661
290661
290662
290663
290663
290663
290663
290688
290688
290688
290688
290688
290688
290688
290689
290689
290689
290689
290689
290689
290689
290690
290690
290691
290691
290692
290692
290692
290692
290693
290693
290693
290694
290694
290694
290695
290695
290695
290720
290720
290721
290721
290721
290722
290722
290722
290723
290723
290723
290724
290724
290724
290724
290724
290724
290724
290725
290725
290725
290725
290725
290726
290727
290727
290727
290727
290727
290727
290727
290752
290752
290752
290752
290752
290752
290752
290753
290753
290753
290753
290753
290753
290753
290754
290754
290754
290754
290755
290755
290756
290756
290756
290756
290756
290756
290756
290757
290757
290758
290758
290758
290759
290759
290759
290759
290759
290784
290784
290784
290784
290784
290784
290785
290785
290785
290785
290786
290786
290786
290786
290786
290787
290787
290787
290788
290789
290789
290790
290790
290790
290790
290790
290790
290790
290791
290791
290791
290791
290791
290816
290816
290816
290816
290816
290816
290817
290817
290817
290818
290818
290818
290818
290818
290818
290819
290820
290820
290820
290821
290821
290821
290822
290822
290823
290823
290823
290823
290823
290823
290848
290849
290850
290850
290850
290850
290850
290850
290850
290851
290851
290851
290851
290851
290851
290851
290852
290852
290852
290852
290853
290853
290854
290854
290854
290854
290854
290854
290854
290855
290855
290855
290855
290880
290880
290880
290880
290880
290881
290881
290882
290883
290883
290883
290883
290883
290884
290884
290884
290884
290885
290885
290885
290886
290886
290887
290887
290887
290887
290887
290887
290912
290913
290913
290913
290914
290914
290914
290915
290915
290916
290916
290916
290916
290916
290917
290917
290918
290918
290918
290918
290918
290918
290918
290919
290944
290944
290944
290944
290944
290944
290944
290945
290945
290945
290946
290946
290947
290947
290947
290947
290947
290947
290948
290948
290948
290948
290949
290949
290950
290950
290950
290951
290976
290976
290976
290976
290976
290977
290977
290977
290978
290978
290979
290980
290980
290980
290980
290980
290981
290981
290981
290981
290981
290981
290982
290982
290983
290983
290983
290983
290983
290983
290983
291008
291008
291008
291008
291008
291009
291009
291010
291010
291010
291010
291010
291010
291011
291011
291012
291012
291012
291012
291012
291012
291012
291013
291013
291013
291013
291013
291013
291013
291014
291014
291014
291014
291014
291015
291015
291015
291015
291015
291040
291040
291041
291041
291041
291041
291041
291041
291042
291042
291042
291042
291043
291043
291043
291043
291043
291044
291044
291044
291044
291044
291045
291046
291046
291046
291046
291047
291047
291047
291072
291072
291072
291072
291072
291073
291074
291074
291075
291075
291075
291076
291076
291076
291076
291076
291076
291076
291077
291077
291077
291078
291078
291078
291078
291078
291078
291079
291104
291104
291104
291104
291104
291104
291104
291105
291105
291105
291105
291105
291105
291106
291106
291106
291106
291106
291106
291106
291107
291107
291107
291107
291107
291108
291108
291108
291108
291108
291109
291109
291109
291110
291110
291111
291111
291111
291111
291111
291136
291136
291137
291137
291137
291137
291137
291137
291137
291138
291138
291138
291138
291139
291139
291139
291139
291139
291139
291140
291140
291140
291140
291140
291140
291141
291141
291141
291141
291141
291141
291142
291143
291143
291143
291143
291143
291143
291143
291168
291168
291168
291168
291168
291169
291169
291169
291169
291170
291170
291171
291171
291171
291171
291171
291171
291172
291172
291172
291172
291172
291172
291173
291173
291173
291173
291173
291174
291174
291175
291200
291200
291200
291201
291201
291202
291202
291202
291202
291203
291203
291204
291205
291205
291205
291206
291207
291207
291207
291207
291207
291232
291232
291232
291233
291233
291233
291233
291233
291233
291233
291234
291234
291234
291234
291235
291236
291237
291237
291237
291237
291237
291237
291238
291238
