20888.89
75763.80
7417.90
24205.35
48857.41
32080.02
39431.60
14631.28
6732.20
34678.26
11802.70
29977.92
29282.10
18275.68
20504.23
23467.99
67922.22
14271.36
65670.00
28089.80
58142.48
58982.40
49653.20
16627.60
59495.70
55126.89
22902.48
44179.26
9694.53
13034.28
14640.00
2841.02
87370.65
58091.25
48060.87
79058.25
58796.01
19505.85
10971.68
39498.24
62906.80
19299.06
10324.86
52842.15
9628.20
28388.36
30438.66
49613.20
57337.49
37813.82
41213.24
7368.08
8815.45
22019.16
77648.83
4937.19
26172.60
33102.30
29271.97
10156.68
62719.16
32214.00
60584.40
22805.51
29358.24
47504.49
57546.84
9568.44
29628.11
38632.80
33500.42
4388.76
46674.00
25626.83
46638.16
43643.16
27671.24
25983.30
10875.60
21046.68
23695.05
20061.12
7487.84
25834.06
82787.00
11912.53
40713.75
70386.73
45288.75
29515.14
61724.13
8118.60
25028.64
29356.75
4435.71
10775.34
42088.16
77114.31
54394.56
43515.90
51910.32
4027.29
17948.90
30410.96
59841.55
25373.60
3543.84
2220.40
43413.76
51003.46
27177.73
30668.00
34849.80
23167.20
22564.40
14351.04
55719.80
45369.20
43630.77
49976.36
40770.96
43167.52
43408.53
1413.50
48142.08
37090.56
17443.04
87399.54
63952.98
40490.52
40832.88
18325.98
10469.25
58963.50
58713.02
44697.38
931.02
1885.98
49004.00
60796.68
89224.59
74573.96
4519.80
66262.56
21637.95
25269.30
25325.56
61313.56
50988.60
39603.20
29885.97
40967.42
32000.10
17412.59
53473.97
20657.67
7097.55
39206.16
27084.64
36892.33
36447.41
22950.25
52051.86
42184.52
24153.22
63964.11
66359.30
20108.22
28422.03
38621.40
14165.00
15551.64
77582.00
8853.42
58843.78
42606.98
73328.00
78987.99
31260.18
16561.60
42450.72
49597.68
41519.80
26380.08
13784.70
86641.00
49948.80
67507.76
24820.04
55128.71
38576.65
39859.68
62492.64
13610.76
63706.97
38910.64
50751.61
1711.80
52167.81
61081.93
28130.75
42008.20
32910.25
79210.74
55670.20
61986.22
9502.02
3204.45
38419.23
8595.12
46865.92
61262.38
64945.58
17322.48
31353.20
11929.08
2939.12
27121.38
1718.81
1864.95
23577.76
16126.92
42594.85
41541.36
52583.16
46585.00
43469.54
1660.75
1184.28
58366.62
32374.23
67310.80
35254.17
52766.00
13109.76
44794.56
22150.15
72660.54
35909.62
11388.48
60544.26
42778.85
82887.36
48642.46
10108.62
14766.57
41233.80
29665.68
11252.00
29503.68
57950.90
30513.30
21759.56
52508.87
15466.40
36789.90
26236.32
39449.52
48969.77
3057.24
36914.00
14848.32
61945.60
4496.88
37633.07
82564.94
42235.95
17529.21
31508.75
1676.77
45694.43
24026.50
68706.78
44697.38
55077.46
24702.00
30356.34
23100.84
26361.93
41373.10
83848.32
78922.80
59859.80
61060.86
49757.20
15402.00
10401.30
15451.95
64588.00
4012.40
66774.84
47036.43
19857.47
75980.04
43607.70
84339.00
19929.84
25394.60
13190.04
13985.07
43548.15
48831.60
17122.56
37756.32
61409.76
8451.00
45328.80
17009.82
73344.08
2470.66
80985.50
51106.00
32338.56
19971.14
32454.40
60826.35
37433.00
52555.20
83022.30
62722.44
9626.32
60865.00
81926.40
45569.20
19713.42
37813.23
54868.95
22291.94
12743.70
1386.48
37999.80
31161.12
7736.48
53958.08
61659.78
55030.32
45374.98
44002.86
24727.35
13667.49
5816.25
6054.60
47091.45
20741.98
6451.90
37623.96
83682.20
43342.53
60138.90
25442.03
60184.35
3874.17
16770.24
41669.58
36966.93
56699.52
30031.52
18403.56
25237.86
76103.98
16577.46
16325.52
33048.36
53483.43
26291.58
71625.60
46514.60
35708.28
45057.95
80208.04
34168.96
25326.81
63836.51
34400.30
11474.43
86985.08
50893.63
25239.98
42661.36
20730.84
63114.60
42986.36
28917.02
44602.60
44232.30
36438.20
22006.75
21126.56
1607.70
66020.50
43047.30
27328.80
71718.27
8535.06
47074.83
23946.26
83137.50
8793.52
22223.55
10947.68
72851.67
40212.38
32290.72
40283.60
15759.90
1546.63
26879.00
54405.96
20578.32
41185.32
36032.01
19546.67
39207.35
4392.76
33636.12
30965.00
75805.38
30252.20
39116.50
30348.76
34576.40
84515.69
61635.80
29437.90
13550.24
13368.41
33445.62
14727.44
13159.08
19857.42
12233.52
26362.35
5313.68
14276.47
15595.38
40368.24
22702.84
17959.20
4648.92
36085.57
49993.70
30506.48
41035.84
24518.78
39977.46
5714.97
53218.62
46445.00
27586.07
39521.76
51495.20
19108.64
8114.70
35626.08
4745.20
35106.96
1784.88
29605.32
52987.99
49336.91
55751.28
10992.00
28625.32
44247.26
43726.28
8906.52
78875.30
58436.51
20166.45
72547.93
7187.60
38546.82
10622.43
13149.92
19568.64
48771.46
38562.48
42245.55
70879.97
54865.80
10882.48
50015.13
62571.60
56952.06
26179.44
41956.64
29567.98
12097.20
6997.56
30047.48
5600.88
5229.60
55443.34
51830.72
37189.50
55288.45
23195.65
49487.34
61153.32
48436.70
48168.44
60833.28
12038.67
5051.31
27788.45
9009.60
37780.50
77529.48
27902.42
42072.52
5018.31
61048.08
12010.60
7437.90
19676.76
21221.78
3342.60
56380.00
53018.55
5594.88
66806.10
1423.52
32835.00
16958.20
45242.02
26651.16
11021.58
28321.02
27830.00
16407.49
40845.01
9642.29
46797.30
39660.47
43077.12
24153.22
32195.80
44850.26
42645.33
11955.78
49269.48
14731.20
67736.37
30832.78
35148.86
5285.64
3763.94
69373.35
23225.20
35686.40
16502.85
89911.57
45744.64
29730.55
8312.82
19724.88
2540.72
44625.43
62183.94
10132.78
73385.08
31186.32
28896.05
24590.68
55120.52
26283.68
9514.02
25016.25
45521.84
87410.12
46160.96
44564.52
16433.76
5850.42
11739.51
46063.29
29823.20
68363.82
6722.15
44707.10
41775.37
59680.32
40104.90
61279.35
48471.48
40472.90
86154.72
44975.04
16001.16
69373.50
9429.96
20199.85
45395.20
82897.22
7192.65
13174.42
47502.00
33828.80
44498.52
5881.35
8191.82
8090.64
59414.00
35189.44
10475.20
48599.46
38134.11
13313.93
72008.44
66319.05
17068.00
50921.46
38402.00
75013.12
72676.56
53848.64
3703.88
35475.96
14352.12
60838.68
22977.78
70245.26
39732.70
67237.38
3928.20
17218.10
63863.65
15700.80
70475.00
6720.35
8168.88
5874.24
59076.32
65257.23
39225.85
47582.66
30872.00
19965.12
63238.30
12543.16
73778.50
63836.85
41894.95
42868.41
32341.09
50168.43
75130.00
11027.58
61217.10
71484.27
79673.58
20322.00
52628.16
53948.88
44733.60
16385.92
14247.36
1750.84
39227.16
7599.96
32606.64
11674.32
16145.28
89960.57
12910.04
61401.19
54287.13
35996.48
26783.12
14545.40
2508.68
20213.60
67469.44
5734.12
42813.12
5794.16
25759.35
4400.76
46999.25
89294.00
36839.00
7814.34
33804.00
50555.00
38105.25
18755.10
49490.82
41568.24
86090.50
16108.92
44461.71
58113.00
6306.64
42181.66
53525.94
11902.80
39283.20
27867.24
13226.28
34605.80
54865.66
1189.28
16827.07
52072.87
36819.60
28549.21
46957.23
62766.88
49017.15
17852.38
60465.00
2634.82
1810.90
74922.76
75158.40
62659.20
28799.62
51270.12
69238.35
8753.52
14615.28
58108.05
3402.69
51093.65
83841.89
57976.05
11108.88
43210.20
56456.72
76173.37
58112.10
7280.00
89470.08
51559.68
26020.54
56648.63
68668.60
26187.68
71716.05
2286.46
7045.62
55081.04
71376.00
48121.68
31100.58
3355.54
56952.72
48039.12
45990.67
27177.26
54498.00
56700.40
8393.12
35502.44
30873.60
16627.19
13566.24
50418.90
11213.76
7820.34
5639.91
41814.24
21912.00
38786.00
57048.25
45840.64
56214.06
7862.40
5871.30
9460.26
12324.52
25803.25
41503.22
21763.60
59040.53
55860.45
34812.80
47025.92
51938.32
51190.08
40092.25
23398.57
49454.00
23019.45
19304.40
48004.32
40163.60
41315.34
66162.11
18529.40
17118.12
46651.00
83136.42
80451.28
32372.01
36507.96
5108.37
29029.59
2943.21
49062.77
58897.32
21030.40
13560.82
21162.40
24631.41
49927.85
42413.44
29840.13
11428.16
42829.36
43921.00
25461.81
35471.13
16388.19
25247.00
48227.07
18039.00
59847.92
24798.84
28147.75
47616.66
73626.91
39676.94
49493.76
35339.05
18900.60
19740.63
4699.98
52388.84
76663.41
4991.25
45488.32
29356.28
77489.18
6781.32
55993.74
28771.50
38080.80
11688.72
8238.70
26731.12
30713.55
39279.05
8814.30
35592.28
49024.80
70297.92
45198.30
35617.40
51122.06
16524.18
41712.58
41179.20
21091.23
23653.74
7496.24
52824.10
30938.58
58094.40
55410.00
37164.50
15590.77
3017.20
8333.75
7607.96
19039.02
80139.15
60964.68
23565.40
57301.20
31906.08
57408.84
5252.52
42670.08
3769.94
11405.94
51144.00
48255.48
51790.52
68526.01
39443.36
5249.52
75013.12
51093.76
4813.16
29757.00
25563.17
39597.58
38958.12
33113.77
41204.80
12585.23
34990.08
14765.70
15466.95
2853.02
32134.25
2174.34
11732.40
52741.58
42340.20
48262.80
46634.04
64552.62
50988.60
16637.50
39355.36
9259.70
65409.75
64528.64
77231.50
31589.81
17947.08
24105.34
1392.48
41840.28
47218.68
30157.50
38651.58
24498.22
39157.14
27388.96
45516.96
34668.96
63977.20
25184.46
28290.90
10171.00
37315.25
40135.68
16673.76
22446.97
8208.96
25962.74
13532.31
56375.66
66011.03
19340.58
7944.72
55463.80
44604.88
75999.60
18726.89
50716.36
18822.02
23605.05
23650.05
71620.03
18907.92
10197.11
47006.74
89998.08
65868.95
49663.30
60135.07
21526.82
15119.06
31193.64
67863.06
44110.32
24827.67
15697.12
42193.92
8639.10
60409.80
1723.82
55157.71
8871.42
61442.19
22265.38
10751.28
79120.79
28923.62
64869.12
32010.44
54809.42
26476.00
5109.48
7126.77
12629.36
59646.72
28709.26
63707.51
3561.84
49417.32
51315.00
25408.60
12108.87
39325.40
29668.55
20438.44
66994.20
22886.84
19349.91
8539.00
65429.16
36083.34
32034.88
8300.88
68011.81
