265825
265825
265825
265825
265826
265827
265827
265827
265827
265827
265827
265828
265828
265829
265830
265831
265831
265831
265856
265856
265857
265857
265857
265857
265857
265858
265859
265859
265859
265860
265861
265861
265862
265862
265862
265862
265862
265863
265888
265888
265889
265889
265889
265889
265889
265889
265890
265890
265890
265890
265890
265890
265890
265891
265891
265892
265893
265893
265893
265893
265893
265893
265894
265894
265894
265895
265895
265895
265895
265895
265895
265895
265920
265920
265920
265920
265920
265920
265921
265922
265923
265923
265923
265923
265923
265923
265923
265924
265924
265924
265924
265924
265924
265925
265925
265925
265925
265926
265926
265927
265952
265952
265953
265953
265953
265953
265953
265953
265954
265954
265954
265954
265954
265954
265954
265955
265955
265955
265955
265955
265955
265956
265956
265956
265956
265956
265956
265956
265957
265958
265958
265958
265958
265958
265958
265959
265959
265984
265984
265984
265984
265985
265986
265986
265986
265986
265986
265987
265987
265987
265987
265988
265988
265989
265989
265989
265989
265990
265990
265990
265990
265990
265991
265991
265991
265991
265991
266016
266016
266016
266016
266017
266017
266017
266017
266017
266017
266018
266018
266018
266019
266019
266019
266019
266019
266019
266019
266020
266020
266020
266020
266020
266020
266020
266021
266021
266021
266021
266021
266022
266022
266022
266023
266023
266023
266023
266023
266048
266048
266048
266048
266048
266048
266049
266049
266049
266050
266050
266051
266051
266051
266051
266052
266052
266053
266054
266054
266054
266055
266055
266055
266055
266055
266080
266080
266080
266080
266080
266080
266081
266081
266081
266081
266081
266081
266081
266082
266082
266082
266082
266082
266082
266082
266083
266083
266084
266084
266084
266084
266085
266085
266085
266085
266086
266086
266086
266086
266087
266112
266113
266113
266114
266114
266114
266114
266114
266114
266115
266115
266115
266116
266116
266117
266117
266118
266118
266118
266119
266119
266119
266144
266144
266144
266144
266144
266144
266144
266145
266145
266145
266145
266145
266145
266146
266146
266146
266146
266147
266147
266147
266147
266148
266148
266148
266148
266149
266149
266149
266150
266150
266151
266151
266151
266176
266176
266176
266176
266176
266176
266177
266178
266178
266178
266178
266178
266178
266178
266179
266179
266179
266179
266179
266180
266180
266181
266181
266181
266181
266181
266181
266181
266182
266182
266182
266182
266183
266183
266183
266208
266208
266208
266208
266208
266208
266209
266209
266210
266210
266210
266210
266210
266211
266211
266211
266211
266211
266211
266211
266212
266212
266212
266213
266213
266214
266214
266214
266214
266215
266215
266215
266215
266215
266215
266240
266240
266240
266240
266240
266240
266240
266241
266242
266242
266242
266242
266242
266242
266242
266243
266244
266244
266244
266245
266245
266245
266245
266245
266245
266245
266246
266246
266246
266246
266247
266247
266247
266247
266272
266273
266273
266274
266274
266274
266274
266274
266275
266275
266275
266275
266276
266277
266277
266277
266277
266277
266277
266278
266279
266279
266279
266279
266279
266279
266279
266304
266305
266305
266305
266306
266306
266306
266306
266307
266307
266307
266307
266307
266307
266308
266308
266309
266309
266309
266309
266310
266310
266310
266310
266311
266311
266311
266336
266336
266337
266337
266337
266337
266337
266337
266338
266339
266339
266339
266339
266340
266340
266341
266341
266341
266342
266342
266342
266343
266343
266343
266343
266368
266369
266369
266369
266369
266369
266369
266370
266370
266370
266370
266371
266371
266371
266372
266372
266372
266372
266372
266372
266372
266373
266373
266373
266374
266374
266374
266374
266374
266374
266375
266375
266375
266375
266375
266375
266400
266400
266400
266400
266401
266401
266402
266402
266402
266402
266402
266402
266402
266403
266403
266403
266403
266404
266404
266404
266404
266404
266404
266404
266405
266405
266405
266405
266405
266405
266406
266406
266406
266407
266407
266407
266432
266432
266432
266432
266432
266433
266434
266434
266435
266436
266436
266437
266438
266439
266439
266439
266439
266464
266464
266465
266465
266466
266466
266467
266468
266468
266468
266468
266468
266468
266468
266469
266469
266469
266469
266469
266470
266470
266470
266470
266470
266470
266471
266471
266471
266471
266496
266496
266496
266496
266496
266496
266497
266497
266497
266497
266497
266498
266498
266498
266499
266499
266499
266499
266499
266500
266501
266501
266501
266501
266501
266501
266501
266502
266502
266502
266502
266502
266502
266503
266503
266503
266503
266503
266503
266528
266528
266529
266530
266530
266530
266530
266530
266531
266531
266532
266532
266532
266532
266533
266533
266533
266533
266533
266534
266535
266535
266560
266560
266560
266560
266561
266561
266561
266561
266561
266562
266563
266563
266563
266563
266563
266563
266563
266564
266564
266564
266564
266565
266565
266565
266566
266566
266567
266592
266592
266592
266593
266593
266593
266593
266593
266593
266594
266595
266595
266595
266595
266595
266595
266596
266597
266597
266597
266597
266597
266598
266598
266598
266598
266598
266598
266598
266599
266624
266624
266624
266624
266624
266624
266624
266625
266625
266625
266625
266625
266625
266626
266626
266626
266626
266626
266626
266627
266627
266627
266627
266627
266627
266628
266628
266628
266628
266628
266629
266629
266629
266629
266629
266630
266630
266630
266631
266631
266631
266631
266631
266631
266656
266656
266656
266656
266657
266657
266657
266657
266657
266657
266657
266658
266658
266658
266658
266658
266658
266658
266659
266659
266659
266659
266659
266660
266660
266660
266660
266660
266661
266662
266662
266662
266662
266662
266662
266662
266663
266688
266688
266689
266689
266689
266689
266690
266690
266690
266690
266691
266691
266691
266691
266691
266692
266692
266692
266692
266693
266693
266694
266694
266694
266694
266694
266694
266695
266695
266720
266721
266721
266722
266722
266723
266723
266723
266723
266723
266724
266724
266725
266725
266725
266725
266725
266726
266726
266726
266726
266727
266727
266727
266752
266752
266752
266752
266752
266752
266753
266753
266754
266754
266754
266754
266755
266755
266756
266756
266756
266757
266757
266757
266757
266757
266757
266758
266758
266758
266759
266759
266784
266784
266784
266785
266785
266786
266786
266786
266787
266787
266787
266787
266787
266787
266787
266788
266788
266789
266789
266789
266789
266790
266790
266790
266790
266790
266790
266791
266791
266791
266791
266816
266816
266816
266816
266816
266817
266817
266817
266817
266817
266817
266817
266818
266819
266819
266819
266819
266819
266819
266819
266820
266820
266820
266820
266820
266821
266821
266821
266821
266821
266821
266821
266822
266822
266822
266822
266822
266822
266823
266823
266823
266823
266823
266823
266823
266848
266849
266849
266849
266849
266849
266850
266850
266850
266850
266850
266851
266851
266851
266851
266851
266851
266852
266852
266852
