2
30
14
43
27
47
11
18
2
20
20
48
11
19
41
35
35
4
50
42
25
19
29
8
4
36
17
31
13
5
9
1
50
1
27
26
46
9
14
46
7
49
3
12
47
50
37
5
4
41
30
26
50
30
13
9
26
47
21
5
2
13
22
4
17
21
25
47
12
36
19
39
11
45
48
14
24
28
16
17
26
3
1
23
37
33
45
46
48
32
15
15
46
6
19
5
4
10
34
40
25
2
29
17
7
10
12
30
28
4
25
38
8
12
42
1
21
34
6
33
5
39
26
32
35
50
39
47
2
3
11
16
19
36
43
32
27
9
18
8
41
3
35
27
17
41
27
41
30
16
22
26
25
22
4
45
27
32
18
3
37
4
49
41
5
23
4
50
18
29
49
45
17
38
25
21
15
11
37
9
25
24
15
26
13
20
44
34
5
5
27
44
30
6
36
27
26
20
42
31
38
32
5
8
1
20
8
31
40
50
50
11
45
22
36
34
43
21
11
29
16
6
19
37
1
29
27
38
50
12
18
8
28
45
5
4
28
41
36
26
24
7
5
10
31
43
28
50
44
26
35
30
41
15
31
20
24
33
9
30
14
49
5
5
6
7
33
11
32
47
46
46
37
18
5
12
48
29
11
21
10
12
35
5
29
1
2
29
34
14
7
1
31
21
41
10
6
16
7
41
12
36
8
49
42
21
43
4
11
11
27
8
15
25
38
37
28
25
3
12
21
29
32
3
34
34
31
30
18
45
23
4
12
34
26
22
5
3
17
40
5
11
2
5
4
35
19
21
35
50
34
10
42
42
37
49
2
47
27
30
26
26
20
13
17
29
20
14
9
5
12
2
30
37
35
46
28
42
13
17
46
45
18
7
46
18
11
30
26
17
37
44
21
29
48
48
49
12
5
36
43
48
2
43
9
36
6
34
34
1
8
19
30
6
15
29
11
16
19
47
24
10
6
36
41
27
5
50
42
26
25
44
38
42
31
27
8
3
25
15
7
26
29
7
14
10
40
46
35
33
48
25
10
2
8
31
2
2
36
4
37
33
36
50
18
5
26
31
20
18
15
36
3
3
21
39
31
15
4
29
14
29
7
20
8
38
47
21
8
39
44
46
39
29
1
46
3
36
11
9
24
28
15
50
34
15
16
34
48
14
40
13
37
44
1
28
22
33
32
43
20
23
31
44
21
29
41
7
39
34
12
27
27
6
22
1
5
15
1
18
28
20
43
49
6
39
26
34
22
15
37
44
43
12
22
2
1
38
39
42
6
20
9
9
41
36
39
19
16
7
23
10
38
9
7
11
8
31
2
44
32
22
33
43
38
27
43
39
23
30
32
4
38
10
8
34
41
18
15
24
40
31
26
32
19
19
43
7
30
35
39
2
39
48
15
36
47
35
47
26
35
24
11
36
24
35
35
16
8
21
5
9
33
2
14
16
32
31
17
10
11
19
7
3
4
11
1
17
40
48
1
38
42
43
3
24
31
9
5
11
35
39
20
2
28
44
15
50
42
8
34
43
47
40
38
1
36
38
14
27
1
1
47
45
40
14
40
23
15
7
6
49
4
18
11
19
22
38
3
4
49
26
7
11
10
38
6
34
49
16
16
43
50
45
5
2
27
7
24
47
26
23
32
42
3
46
33
23
24
35
32
43
22
25
12
6
36
4
40
42
9
4
33
24
40
23
35
37
15
36
32
50
6
34
21
2
34
46
26
49
19
45
22
13
46
9
13
47
42
21
47
4
34
12
18
47
37
7
30
3
17
3
7
7
12
45
28
48
12
48
22
18
41
23
30
26
22
29
37
48
13
30
48
45
2
10
21
10
34
1
35
5
30
32
5
