17
38
7
28
4
50
18
22
40
17
40
18
34
6
36
18
13
21
38
22
47
45
46
25
40
5
39
48
1
48
11
22
42
19
34
6
46
27
31
35
15
27
29
16
34
29
19
28
24
9
32
45
9
17
20
7
17
48
18
39
30
47
39
25
3
21
31
37
30
36
13
30
48
10
32
16
27
37
47
43
21
25
16
21
45
35
35
5
37
46
4
22
20
15
47
10
17
23
28
47
3
32
12
7
21
24
3
2
18
13
14
43
36
21
5
5
33
42
15
40
33
32
7
1
48
4
34
33
15
36
6
13
35
15
1
42
19
13
34
32
34
15
32
42
20
37
10
19
20
32
24
25
41
5
27
17
32
32
4
49
2
43
48
12
18
47
20
37
22
43
18
21
6
47
21
11
48
2
10
34
14
18
33
8
30
16
27
32
19
45
43
38
8
19
48
36
19
18
20
26
31
13
21
40
34
14
7
31
31
4
46
13
32
49
15
27
19
44
34
32
36
42
47
17
22
25
48
16
29
24
2
6
15
8
18
12
29
27
44
33
13
38
14
5
40
2
31
50
45
7
21
47
23
34
23
38
25
17
47
34
8
15
27
47
42
7
15
14
30
40
29
31
12
41
9
38
10
40
15
36
16
26
46
44
29
50
16
20
25
11
2
50
25
22
34
29
4
5
39
37
34
23
16
24
20
5
16
20
26
6
25
30
1
24
27
38
45
3
34
34
27
47
22
43
33
36
8
33
27
43
41
8
40
29
16
16
11
47
15
23
7
35
45
48
16
33
38
39
20
24
1
44
48
27
12
36
18
2
49
39
6
24
49
44
17
25
11
27
23
45
47
13
30
18
5
8
40
21
20
44
7
7
18
19
17
3
32
22
31
5
49
23
46
26
9
38
48
43
42
1
8
32
25
21
41
12
5
28
17
33
7
20
33
12
10
50
31
30
5
41
26
4
12
38
35
12
24
16
28
46
19
17
24
36
2
44
40
45
12
50
45
33
11
38
12
17
1
30
36
36
25
50
24
46
5
11
47
42
15
15
11
37
11
21
34
50
36
21
11
41
35
16
44
31
30
30
45
3
22
5
32
7
4
41
33
5
43
5
15
36
19
18
22
16
22
26
4
5
1
6
43
28
4
34
21
37
27
41
3
4
42
39
17
13
50
12
20
37
49
16
19
2
26
28
11
36
32
37
45
12
36
22
37
27
15
43
32
28
14
32
4
29
38
48
44
13
35
29
18
43
10
12
34
38
34
48
29
16
50
11
8
2
46
20
6
49
26
28
17
35
9
27
2
19
32
9
35
36
16
29
49
46
13
33
32
1
15
48
38
31
28
1
7
12
49
21
47
10
49
36
30
43
2
20
13
9
32
17
7
5
12
11
10
24
18
47
33
3
3
49
47
39
19
11
10
41
31
45
4
17
13
34
21
48
1
32
1
10
6
36
1
38
13
3
13
7
13
17
6
11
19
2
32
34
44
35
6
40
2
44
22
21
49
35
36
5
50
25
21
26
36
42
3
31
2
9
7
26
34
2
50
20
38
16
33
43
15
12
4
31
49
22
15
25
10
4
14
17
48
1
34
9
3
15
38
44
19
32
15
21
38
36
31
10
3
39
50
21
34
24
25
33
47
49
45
26
25
33
15
18
35
31
42
36
46
12
6
12
36
10
13
39
48
36
8
14
21
39
19
26
28
14
22
23
35
19
23
45
39
29
40
27
46
38
16
25
28
32
6
46
19
22
27
34
46
46
10
21
10
17
13
11
11
11
8
24
12
50
21
44
35
33
44
1
47
24
43
36
37
47
33
3
27
49
36
48
42
13
39
21
33
16
6
9
12
18
23
2
45
22
22
12
3
17
44
16
36
34
9
31
46
38
34
24
15
50
46
18
16
13
5
2
37
45
35
19
10
7
28
39
25
44
23
13
40
12
19
12
10
35
28
37
17
39
6
1
9
41
47
12
17
10
34
33
39
21
6
44
38
14
19
23
41
24
46
36
5
1
48
34
33
48
19
46
19
38
28
50
4
43
44
6
20
30
17
44
43
19
5
28
1
34
2
11
3
10
41
18
22
30
18
37
35
19
13
1
50
1
4
45
12
12
24
23
28
47
31
20
41
16
50
3
4
45
43
16
16
9
48
10
2
49
45
28
43
50
17
42
38
48
22
12
21
4
23
24
25
28
13
31
15
34
20
39
21
12
22
35
39
18
40
27
26
4
12
35
45
11
17
6
33
38
38
36
22
42
19
34
1
38
