277025
277025
277026
277027
277027
277028
277028
277029
277030
277030
277030
277030
277031
277031
277031
277031
277031
277031
277031
277056
277056
277057
277057
277057
277057
277057
277058
277058
277058
277059
277059
277060
277060
277061
277061
277061
277061
277061
277061
277061
277062
277063
277063
277063
277063
277088
277088
277088
277088
277089
277089
277089
277089
277089
277089
277089
277090
277090
277090
277091
277091
277091
277091
277091
277091
277091
277092
277092
277092
277092
277092
277092
277092
277093
277093
277093
277093
277094
277095
277095
277095
277095
277095
277095
277120
277120
277120
277120
277120
277120
277120
277121
277122
277122
277122
277122
277122
277123
277124
277124
277125
277125
277125
277126
277126
277126
277127
277127
277127
277127
277127
277127
277152
277152
277153
277153
277154
277154
277154
277154
277155
277155
277155
277155
277155
277155
277156
277156
277156
277156
277156
277157
277157
277158
277158
277158
277158
277158
277159
277159
277159
277159
277184
277184
277184
277185
277185
277185
277186
277186
277186
277186
277187
277187
277187
277188
277188
277189
277189
277189
277189
277189
277190
277191
277216
277216
277216
277216
277216
277217
277217
277217
277217
277217
277218
277218
277218
277218
277218
277219
277220
277221
277221
277221
277221
277222
277223
277223
277223
277223
277223
277223
277248
277248
277248
277248
277248
277249
277249
277249
277249
277250
277250
277250
277250
277250
277250
277251
277251
277251
277251
277251
277251
277251
277252
277252
277252
277252
277252
277252
277252
277253
277253
277253
277253
277253
277254
277254
277255
277255
277255
277255
277280
277280
277281
277281
277281
277282
277282
277282
277283
277283
277283
277283
277283
277284
277284
277284
277284
277284
277285
277285
277285
277285
277285
277285
277286
277286
277287
277287
277312
277312
277312
277312
277313
277314
277314
277314
277314
277315
277315
277315
277315
277315
277315
277316
277316
277316
277316
277316
277316
277316
277317
277317
277317
277317
277318
277318
277318
277318
277319
277319
277319
277319
277319
277319
277344
277344
277344
277345
277345
277345
277345
277345
277345
277346
277346
277346
277346
277346
277346
277346
277347
277347
277347
277348
277348
277348
277349
277349
277349
277349
277349
277349
277350
277351
277351
277351
277376
277376
277377
277377
277377
277378
277378
277378
277378
277378
277378
277379
277379
277379
277379
277379
277379
277380
277381
277381
277382
277383
277383
277408
277408
277408
277408
277409
277409
277410
277410
277410
277411
277411
277411
277412
277412
277412
277412
277412
277413
277413
277413
277413
277413
277413
277413
277414
277414
277414
277414
277415
277415
277415
277415
277440
277440
277440
277440
277441
277441
277441
277441
277441
277442
277442
277442
277443
277444
277444
277444
277444
277444
277444
277445
277445
277446
277446
277446
277446
277446
277446
277446
277447
277472
277472
277473
277474
277474
277475
277475
277475
277475
277476
277476
277476
277476
277477
277477
277477
277477
277477
277477
277478
277478
277478
277478
277478
277479
277479
277479
277479
277479
277504
277505
277505
277506
277506
277506
277506
277507
277507
277507
277508
277508
277508
277508
277509
277509
277509
277510
277510
277510
277510
277510
277510
277511
277511
277536
277536
277537
277538
277539
277539
277539
277539
277540
277540
277541
277541
277542
277542
277543
277543
277543
277568
277568
277568
277568
277568
277568
277568
277569
277569
277569
277569
277569
277569
277570
277570
277570
277570
277570
277570
277570
277571
277571
277571
277571
277572
277573
277574
277574
277574
277574
277575
277575
277575
277575
277575
277600
277600
277600
277600
277601
277601
277601
277601
277601
277602
277602
277602
277602
277602
277603
277603
277603
277603
277604
277604
277604
277604
277604
277604
277605
277605
277605
277605
277605
277605
277606
277607
277607
277607
277607
277607
277632
277632
277632
277632
277632
277633
277633
277633
277634
277634
277634
277634
277634
277634
277635
277635
277636
277636
277636
277636
277637
277637
277637
277637
277638
277638
277638
277638
277638
277638
277638
277639
277639
277639
277639
277639
277664
277664
277664
277664
277664
277664
277665
277666
277667
277667
277668
277669
277669
277669
277669
277669
277669
277670
277670
277670
277670
277670
277671
277671
277696
277696
277697
277697
277697
277697
277698
277698
277698
277698
277698
277699
277699
277699
277699
277699
277699
277699
277700
277700
277701
277701
277701
277701
277702
277703
277703
277703
277703
277703
277703
277728
277728
277729
277729
277729
277730
277730
277731
277731
277731
277731
277731
277732
277732
277732
277733
277733
277733
277733
277733
277733
277733
277734
277735
277735
277735
277735
277735
277760
277760
277760
277760
277760
277760
277760
277761
277761
277761
277762
277762
277762
277762
277763
277763
277763
277764
277765
277765
277766
277766
277766
277766
277766
277766
277766
277767
277767
277767
277792
277793
277793
277793
277793
277793
277794
277794
277794
277794
277794
277794
277795
277795
277795
277795
277795
277796
277796
277797
277797
277797
277798
277798
277798
277798
277798
277798
277798
277799
277799
277799
277824
277824
277824
277824
277824
277825
277825
277825
277825
277825
277825
277825
277826
277826
277827
277827
277827
277828
277828
277828
277828
277829
277829
277829
277830
277831
277831
277831
277831
277831
277831
277856
277856
277856
277856
277856
277856
277856
277857
277857
277858
277858
277859
277859
277859
277859
277859
277859
277859
277860
277861
277861
277861
277861
277862
277862
277862
277862
277863
277863
277863
277863
277863
277863
277863
277888
277888
277888
277888
277889
277890
277890
277890
277891
277891
277891
277891
277892
277893
277893
277893
277893
277893
277894
277895
277920
277920
277920
277921
277921
277922
277922
277923
277923
277923
277923
277923
277924
277924
277925
277926
277926
277926
277926
277926
277927
277927
277927
277952
277952
277952
277952
277953
277953
277953
277953
277954
277954
277954
277954
277955
277955
277955
277956
277956
277956
277956
277956
277956
277956
277957
277957
277957
277957
277957
277958
277958
277958
277958
277958
277958
277959
277959
277959
277959
277959
277959
277984
277984
277984
277984
277984
277984
277985
277985
277986
277987
277987
277987
277987
277987
277988
277988
277988
277988
277988
277989
277989
277989
277989
277989
277989
277989
277990
277991
277991
277991
277991
278016
278016
278016
278016
278017
278017
278018
278018
278018
278018
278018
278018
278019
278019
278019
278019
278019
278019
278019
278020
278020
278020
278020
278020
278020
278020
278021
278021
278021
278022
278022
278022
278022
278022
278022
278022
278023
278023
278023
278023
278023
278023
278048
278049
278049
278050
278050
278050
278051
278051
278051
278051
278051
278051
278052
278052
278052
278052
278052
278052
278052
278053
278053
278053
278053
278053
278053
278053
278054
278054
278055
278055
278080
278081
278081
278081
278081
278081
278081
278081
278082
278083
278083
278083
278084
278084
278084
