8944
8562
4850
62
5478
7759
4404
4225
1557
5026
8766
2320
8769
8126
2914
4544
1439
7313
7451
6830
1474
159
8946
9952
2065
769
4213
7570
3560
2152
9150
5154
7502
3339
1794
5006
8176
7749
7045
8055
7767
4655
3069
6396
4541
6109
8549
9964
4563
5601
9899
9559
1078
5131
2471
8760
3888
8753
938
8548
621
3436
6411
8785
6703
5412
2797
6983
7917
8162
1124
8407
5514
9772
6480
6666
7783
6127
4215
7170
9123
8948
7231
9736
7857
7179
9802
9426
6914
485
7780
5989
7106
5014
5850
6583
1841
109
5863
8761
5480
2081
2629
505
1135
6210
4200
2704
7371
2010
1350
9745
7793
4447
7171
7045
2021
1387
2091
1350
1633
1285
4231
6515
901
8204
7734
9845
8617
750
2154
8904
4403
1304
4329
4950
6695
6854
1406
6967
476
2542
1077
6639
4985
4504
5356
6324
8247
4728
9408
3865
9721
6260
5218
8643
3662
5299
529
4559
4395
164
6105
1274
607
9249
9592
6513
3017
5954
7518
4036
6912
5469
9090
2300
7053
7898
8654
1998
9621
2257
3401
654
8462
4323
5371
8987
9451
9073
1124
8323
1760
9792
4347
5864
497
3585
2681
3049
4431
96
4228
1572
7230
2532
4122
8173
2958
3653
3684
3889
7100
4584
1384
6717
9479
8404
6049
8843
7330
6542
5164
3215
8727
4461
496
1162
7364
2092
4564
5356
1451
1197
7896
1680
6472
8753
8569
1537
8220
2938
6180
3256
9070
1246
7998
7833
5317
3276
10
3374
4497
9532
3082
6907
3191
883
2269
2489
8488
1331
8930
3128
6663
3220
5471
7482
2821
8075
2507
1306
5241
95
3238
7565
2966
7100
7933
2457
2111
3522
2116
7823
7455
7883
3592
4198
1187
4146
3639
4544
180
3318
7829
4986
2068
3776
3344
1296
3062
9137
7000
4257
4354
1645
5767
2577
594
2353
7793
2455
5019
4818
524
8193
8976
2650
6290
1480
4113
9566
458
2573
7801
701
5252
3514
2275
1436
3912
7850
5131
2005
1738
4923
2378
8577
8020
5605
7553
7446
837
7309
489
4285
3827
3967
1823
4079
9280
1239
9730
3862
1766
8717
9358
2025
9932
1609
233
3115
2070
8655
9390
1750
2238
8940
1742
8035
9155
7227
1180
4515
5908
3858
5972
8659
8376
3946
2624
196
1684
3844
1186
8270
732
8603
6629
6637
5160
4146
5710
2074
1660
2264
9010
401
502
6096
1305
1346
8878
6799
4264
2783
5609
4276
795
9256
6460
5803
4327
4443
2360
5107
6685
8625
8064
7716
8168
2782
4212
3685
7747
1806
3752
298
5936
1941
3029
4784
2628
8994
7987
3141
301
6087
4249
3929
3551
7136
1046
7294
4702
2109
9817
7024
89
9845
2433
1429
419
8099
4182
2560
882
6527
6067
6386
7869
5581
6431
651
7940
1888
6844
4440
3708
6484
5271
8096
4631
5825
4211
9698
6991
1514
1058
8511
2281
5376
7736
7713
4427
7513
9370
2206
9461
2422
8127
3794
1008
9070
4082
5068
8900
5588
3732
2791
5499
572
9510
5573
4616
669
9278
3380
4990
1340
6577
4056
7245
1131
5940
2139
7496
4465
6065
9237
6528
9439
8650
4544
406
8271
9252
2303
8973
7053
4728
8738
8176
2573
9568
8288
8881
3035
3209
7905
8858
8286
7936
4459
7769
4467
917
4974
2451
8424
8083
8190
588
7552
7686
6860
2299
5553
3863
3535
3183
225
4593
4265
863
7408
7224
80
9694
1600
3785
5662
6829
8273
233
5382
6951
4287
3214
9946
4023
1113
5669
2329
5678
5833
4669
9684
5969
7783
8472
5044
1188
3624
4327
4587
9164
8068
3310
6572
7621
996
6289
9124
3813
1469
4740
3364
7562
650
9601
1691
7534
2911
3245
5590
7566
7401
6055
1671
6623
8528
6338
1445
63
7
7441
5273
9228
1699
7
3673
6928
3494
8385
8374
8723
3896
5113
8423
920
6642
5234
7390
8692
2183
7503
8263
7779
8936
913
1222
4266
3024
8908
5433
9030
1963
4919
9525
4157
7156
6528
72
3484
4734
6949
666
5807
9181
56
438
6298
7788
1499
2829
6894
2978
244
4323
4879
7403
7549
3279
6216
1060
2785
4624
7289
2767
6127
7165
7931
504
1301
67
5842
6215
9014
4513
440
6218
6869
8673
6551
6415
6287
3527
4484
698
9206
4424
6595
7943
7744
1515
9176
7966
3582
2902
215
4435
4907
1190
7829
4212
350
9297
964
45
3733
4864
5037
783
5288
9355
4162
8750
7460
3070
1116
3444
7027
1004
2301
8829
4694
8276
8260
7320
9048
4183
4081
6909
4401
6109
9274
2708
8596
8654
7904
9024
1
615
3387
9943
2588
6877
2155
6143
7427
2923
4628
9990
7459
2053
2963
3131
1714
1062
3750
5646
500
799
6371
3128
7075
8986
8128
9432
7499
2051
8662
9357
1628
1188
2831
3175
5134
4026
8154
3275
1459
1093
3228
1702
1205
5041
4903
1608
1029
2466
2324
5564
10
1648
4082
8868
9704
4864
477
6246
1840
6528
8339
2753
3983
7192
9284
2045
1216
676
7938
5346
5812
8407
1438
5447
6483
6179
8738
6432
6524
7399
9966
3729
4322
8692
5141
1465
8434
9874
5299
9691
4177
1706
8275
6103
197
3454
673
1029
9231
4333
1664
2843
3025
8244
160
7172
9321
8819
5856
5570
3389
8539
6674
5159
2594
6403
2692
5012
7319
8543
8973
6999
1855
4837
5144
9992
1798
1387
8006
3435
1650
8786
3873
7114
4714
7476
5222
5384
1217
226
1047
1927
2220
4936
7051
9414
4636
7919
1936
8309
5597
9903
2143
1986
5570
1389
1950
7070
4637
5892
4520
3263
8027
5206
6144
8086
6304
2468
8307
3999
9075
5277
8250
8350
7164
5553
4152
4649
9907
8303
5252
8453
8541
7045
3484
3226
4154
84
1589
4553
5844
4196
3290
1604
2369
3374
6763
4238
187
8735
2265
9024
9847
7729
7760
6317
7919
5834
5353
7358
7734
8363
6505
8270
9554
850
472
5205
8363
4231
3461
9781
1172
1033
2565
8816
2500
5225
5809
7442
921
9219
2933
8732
3060
4072
