374
1
220
109
385
187
139
122
283
332
363
69
333
207
239
35
435
383
398
415
289
374
249
294
101
442
123
360
492
89
405
443
37
371
123
347
24
196
386
19
353
267
109
320
403
329
258
252
84
250
316
447
101
364
460
362
373
189
365
497
41
399
179
44
403
239
410
341
398
44
203
235
264
370
393
412
134
293
335
109
443
324
110
462
189
460
294
402
74
252
216
21
46
312
359
142
481
457
247
408
128
43
224
29
21
483
363
326
102
218
306
245
469
498
281
461
209
16
144
120
320
84
101
34
412
63
7
206
440
16
397
483
60
113
312
282
497
18
168
402
242
110
63
12
11
451
234
119
493
459
248
235
190
408
311
250
251
260
354
293
70
318
495
471
261
365
492
189
275
82
395
309
226
341
349
471
232
357
195
271
241
237
437
356
323
350
76
381
184
394
333
235
140
1
167
357
329
408
459
444
7
301
191
67
133
382
106
449
427
262
283
245
1
399
275
274
173
358
175
20
263
233
469
368
252
153
479
222
22
232
487
130
213
366
349
464
16
446
492
285
285
95
396
156
339
23
243
188
423
462
452
142
80
128
129
406
469
310
244
64
156
41
498
65
350
231
380
129
364
345
50
194
86
353
289
8
198
307
425
2
263
347
261
148
103
401
37
33
304
286
297
314
59
482
300
208
190
263
283
302
223
31
486
408
188
363
318
102
176
30
500
291
246
92
409
107
84
44
16
273
158
276
3
389
118
382
449
489
371
121
36
232
308
437
480
294
40
131
85
404
136
324
9
460
64
347
39
272
220
123
182
441
270
44
101
375
263
264
194
141
474
268
200
391
118
446
452
412
186
277
407
30
212
339
134
93
417
259
161
288
70
242
104
134
405
439
110
10
301
250
267
449
449
142
442
56
61
205
79
185
378
273
66
84
76
300
25
484
178
430
477
176
400
107
293
261
278
43
197
144
123
476
153
83
156
77
158
282
137
364
373
74
209
45
384
288
344
249
45
255
271
268
86
390
327
447
35
159
397
15
192
464
356
392
365
475
433
388
414
493
281
370
311
281
372
146
218
441
80
348
243
142
214
184
350
422
61
51
239
415
274
253
118
85
336
194
121
33
377
59
146
228
406
248
320
460
225
462
397
287
445
273
24
24
290
156
247
345
174
217
389
100
193
85
83
250
253
22
377
465
257
101
207
243
422
66
244
30
218
194
408
407
159
461
470
383
85
457
259
490
174
220
89
139
57
251
356
350
298
490
165
6
56
16
328
81
126
285
108
162
169
440
496
488
370
170
342
117
5
202
35
172
170
71
42
27
124
67
79
469
484
358
282
451
309
145
465
278
436
31
145
329
397
395
215
26
401
351
334
246
245
499
69
288
361
435
132
194
136
493
119
132
138
206
250
383
382
209
135
373
224
441
493
233
453
227
50
182
499
314
423
244
354
113
89
82
168
245
150
111
414
112
256
343
220
191
37
217
336
72
281
19
387
189
415
176
225
147
60
472
459
450
205
353
248
124
356
116
444
109
462
271
334
364
224
301
48
210
88
285
379
195
156
169
122
203
131
49
103
12
464
480
489
381
345
118
185
183
286
485
54
125
373
150
210
85
39
322
76
194
264
128
450
243
492
18
75
427
319
65
397
453
5
84
221
109
470
250
110
432
424
260
403
163
337
2
87
80
152
156
291
339
143
59
317
291
455
224
256
187
444
4
76
67
169
365
207
27
108
214
395
376
82
432
381
175
74
398
203
238
205
162
268
283
231
385
311
52
420
297
278
438
99
297
93
358
28
407
5
181
141
30
459
254
241
251
197
211
160
347
35
190
198
270
370
91
55
434
339
156
115
206
258
381
226
149
492
308
112
29
202
254
307
23
477
46
112
66
88
358
352
280
313
377
426
52
86
269
41
327
131
351
55
305
299
320
113
401
175
78
116
374
232
384
304
382
240
7
246
470
47
235
34
128
158
242
63
456
252
102
477
43
67
442
132
237
141
44
231
75
329
391
243
465
137
115
184
148
89
182
226
500
468
109
264
466
131
384
462
332
471
30
176
5
479
368
298
110
299
413
394
325
329
80
108
33
324
483
62
80
243
459
467
478
246
147
206
156
420
329
394
413
385
424
84
440
134
454
162
160
278
35
416
276
122
376
142
334
275
370
420
5
442
9
181
181
342
128
441
314
18
479
401
442
368
463
389
37
225
283
478
51
349
351
199
145
334
308
13
207
180
200
79
291
131
456
43
240
361
67
490
25
340
337
151
20
390
479
35
205
