21
8
44
38
15
20
6
26
12
27
16
44
13
8
18
47
23
16
29
48
36
31
13
37
36
31
27
9
47
36
6
11
8
45
50
45
37
7
6
33
21
11
30
7
23
25
44
9
19
31
36
37
25
8
30
12
18
20
27
11
14
34
17
46
43
16
20
12
44
11
32
4
7
45
13
45
38
28
32
18
43
47
36
31
35
5
20
1
14
44
12
30
50
27
23
43
9
29
39
24
11
1
47
44
41
13
36
32
36
15
43
10
20
1
42
7
12
16
16
17
40
41
45
45
20
20
17
6
2
31
32
35
12
41
39
14
43
13
23
16
28
38
49
50
25
24
22
22
32
10
32
33
48
47
37
43
25
44
35
6
19
27
29
13
37
3
15
11
42
29
16
45
17
14
7
24
4
4
1
18
39
16
17
25
34
2
10
32
46
46
46
36
31
26
22
5
14
10
15
22
12
16
13
24
49
47
32
24
36
42
17
16
41
28
21
7
39
41
27
11
30
6
33
41
28
11
31
18
49
16
8
23
50
24
33
37
12
23
7
18
27
47
10
43
31
15
6
30
16
45
14
40
37
27
25
9
38
8
18
46
32
21
47
26
18
29
2
3
3
32
49
32
27
13
27
13
36
30
17
22
46
49
43
34
43
41
30
16
36
23
43
29
11
17
40
2
41
28
47
34
16
48
42
21
41
49
22
11
7
12
35
25
16
9
5
25
33
17
24
30
44
37
22
23
4
19
35
44
7
27
19
31
24
39
34
23
20
16
6
27
44
48
31
10
23
11
47
40
36
19
46
24
22
44
16
38
22
37
28
24
2
3
34
29
21
34
25
24
45
50
36
25
14
36
44
9
43
37
5
10
20
5
10
7
3
3
27
36
31
48
16
6
29
17
18
45
1
46
45
30
41
4
36
39
37
27
13
41
36
5
44
32
25
48
47
2
8
43
44
22
44
13
40
48
38
44
38
32
32
2
2
12
1
30
18
44
7
50
17
17
13
26
9
39
41
14
18
22
36
37
44
12
28
13
3
50
38
27
36
5
2
33
19
17
6
37
2
29
9
33
34
40
3
26
22
38
17
49
44
8
28
46
12
26
18
42
12
27
38
36
20
46
34
13
31
19
14
21
39
17
35
11
25
10
17
9
32
45
12
16
45
36
39
16
40
50
46
37
1
34
22
39
23
46
4
22
42
34
38
39
20
24
33
50
50
48
31
50
29
23
33
45
14
30
6
30
32
31
9
41
8
40
6
34
18
22
46
47
39
48
50
50
28
15
4
21
39
17
48
29
50
20
3
11
18
40
37
38
45
2
25
20
46
15
40
41
14
34
30
27
6
39
47
21
29
13
41
32
22
1
1
34
40
28
37
20
46
45
25
48
9
17
43
33
20
44
37
13
24
4
44
20
22
45
17
13
6
23
47
17
17
39
37
1
41
48
3
29
24
27
9
4
33
38
21
5
5
18
8
26
2
34
9
24
41
4
4
50
11
14
33
21
50
49
4
24
45
24
18
35
4
26
28
40
7
13
16
5
31
40
9
36
31
8
27
43
18
19
5
16
41
37
6
3
18
18
7
26
28
17
25
39
7
19
38
27
17
31
13
24
23
39
26
22
47
45
49
37
20
3
31
25
50
43
14
19
3
17
36
25
6
15
3
47
22
35
2
1
7
27
25
14
20
17
38
6
15
39
37
21
38
27
5
5
36
33
16
6
35
36
43
22
20
2
18
12
38
19
39
2
6
34
13
38
17
46
16
34
43
33
12
8
8
18
44
38
33
40
39
50
11
26
18
32
36
10
40
26
23
4
9
24
7
1
39
32
22
4
30
34
4
20
20
24
49
28
28
42
3
35
17
31
18
2
29
41
23
49
12
50
16
20
42
35
30
28
28
23
42
46
41
50
12
7
38
42
4
8
31
11
26
38
20
50
7
6
20
16
1
14
18
10
17
13
9
47
2
35
35
39
45
46
19
16
4
22
49
49
18
47
31
26
28
19
8
22
30
19
18
37
45
28
34
29
42
18
39
35
28
16
37
31
12
43
16
22
35
17
19
28
13
24
41
20
28
31
47
16
29
37
21
47
38
36
29
15
5
34
36
2
17
47
24
24
6
16
21
6
4
41
29
45
17
44
31
23
18
43
44
48
13
13
31
10
41
7
22
28
42
3
13
25
45
31
14
5
39
15
10
49
6
33
46
15
8
50
43
32
32
47
46
20
31
20
20
17
10
26
2
24
49
12
8
46
49
45
27
44
36
22
