210535
210535
210560
210560
210561
210562
210562
210562
210563
210563
210563
210563
210563
210564
210564
210564
210564
210565
210565
210565
210565
210565
210565
210566
210566
210566
210567
210567
210567
210567
210567
210567
210592
210592
210593
210593
210593
210593
210594
210594
210594
210595
210595
210595
210595
210595
210595
210596
210596
210597
210597
210597
210597
210597
210597
210597
210598
210598
210599
210599
210599
210624
210624
210624
210624
210624
210625
210625
210625
210625
210625
210626
210626
210626
210626
210626
210626
210626
210627
210627
210627
210627
210627
210627
210628
210628
210628
210628
210629
210629
210629
210630
210630
210630
210631
210631
210631
210631
210656
210656
210657
210657
210657
210657
210657
210657
210658
210658
210658
210659
210659
210659
210659
210659
210659
210660
210660
210661
210661
210661
210661
210661
210662
210662
210662
210662
210662
210662
210663
210663
210663
210663
210663
210688
210688
210689
210689
210689
210689
210689
210690
210691
210691
210691
210691
210691
210692
210692
210692
210692
210692
210693
210693
210693
210693
210693
210694
210694
210694
210694
210694
210695
210695
210695
210695
210695
210695
210695
210720
210720
210720
210720
210721
210721
210721
210721
210722
210722
210722
210723
210723
210723
210723
210723
210724
210724
210724
210724
210725
210725
210726
210726
210727
210727
210727
210727
210727
210727
210727
210752
210752
210752
210752
210753
210753
210753
210753
210753
210754
210754
210754
210754
210754
210754
210754
210755
210756
210756
210757
210757
210757
210757
210758
210758
210758
210758
210759
210759
210759
210759
210784
210784
210784
210784
210784
210784
210785
210785
210786
210786
210786
210786
210786
210786
210786
210787
210787
210787
210787
210788
210788
210788
210788
210788
210789
210789
210789
210789
210789
210790
210790
210791
210791
210791
210816
210816
210816
210816
210816
210817
210817
210818
210818
210818
210818
210819
210819
210819
210819
210819
210819
210820
210820
210820
210820
210820
210820
210820
210821
210822
210822
210823
210823
210823
210848
210848
210848
210849
210849
210849
210849
210850
210850
210850
210850
210850
210850
210850
210851
210851
210851
210852
210853
210853
210854
210854
210855
210855
210880
210880
210880
210881
210881
210882
210882
210882
210883
210883
210883
210883
210884
210884
210885
210885
210885
210885
210885
210885
210885
210886
210886
210886
210886
210887
210912
210912
210912
210912
210912
210912
210913
210913
210913
210913
210913
210913
210913
210914
210914
210914
210914
210914
210914
210914
210915
210915
210915
210915
210916
210916
210916
210916
210916
210917
210917
210917
210917
210917
210917
210918
210919
210919
210944
210944
210944
210944
210944
210944
210944
210945
210946
210946
210946
210946
210946
210946
210946
210947
210947
210947
210947
210947
210948
210948
210948
210948
210948
210949
210949
210949
210949
210949
210949
210949
210950
210950
210950
210951
210976
210976
210976
210976
210977
210977
210977
210977
210977
210977
210978
210979
210979
210979
210979
210979
210979
210980
210980
210980
210981
210981
210981
210981
210981
210981
210981
210982
210982
210982
210983
210983
210983
210983
211008
211008
211008
211008
211008
211009
211009
211009
211009
211009
211009
211010
211010
211010
211010
211010
211010
211010
211011
211011
211011
211012
211012
211012
211013
211013
211013
211013
211013
211013
211013
211014
211015
211015
211040
211041
211041
211041
211042
211042
211042
211042
211042
211042
211042
211043
211043
211043
211043
211043
211043
211044
211045
211045
211046
211047
211047
211047
211047
211047
211072
211073
211073
211073
211073
211073
211074
211074
211074
211074
211074
211075
211075
211076
211076
211076
211077
211077
211077
211078
211078
211078
211079
211079
211079
211104
211104
211105
211105
211105
211106
211106
211107
211107
211107
211107
211107
211108
211108
211108
211108
211108
211108
211108
211109
211109
211110
211111
211111
211111
211111
211136
211136
211136
211136
211136
211136
211136
211137
211137
211138
211138
211138
211139
211139
211139
211140
211141
211141
211141
211141
211141
211142
211142
211143
211168
211168
211168
211168
211169
211169
211170
211170
211170
211170
211170
211171
211171
211171
211171
211171
211171
211171
211172
211172
211173
211174
211174
211174
211174
211175
211175
211200
211200
211200
211201
211201
211201
211201
211201
211201
211202
211202
211202
211202
211202
211202
211203
211203
211203
211204
211204
211204
211204
211204
211204
211204
211205
211206
211206
211206
211206
211206
211206
211206
211207
211207
211207
211207
211207
211232
211232
211232
211232
211233
211233
211234
211234
211235
211235
211235
211235
211235
211235
211236
211236
211236
211236
211236
211237
211237
211237
211237
211238
211238
211238
211239
211239
211239
211239
211264
211264
211265
211265
211266
211267
211268
211268
211268
211268
211268
211269
211269
211269
211269
211269
211270
211270
211270
211270
211271
211271
211271
211296
211296
211296
211296
211296
211296
211296
211297
211297
211297
211297
211297
211298
211298
211298
211298
211298
211298
211298
211299
211299
211299
211299
211299
211299
211300
211300
211300
211301
211302
211302
211302
211302
211303
211303
211303
211303
211303
211328
211328
211328
211328
211329
211329
211329
211329
211329
211330
211330
211330
211330
211331
211331
211331
211332
211332
211333
211333
211333
211333
211333
211334
211334
211334
211334
211334
211335
211335
211335
211360
211360
211360
211360
211360
211361
211361
211361
211362
211363
211363
211363
211363
211363
211363
211364
211364
211364
211364
211365
211365
211365
211365
211365
211366
211366
211366
211366
211366
211366
211366
211367
211367
211367
211367
211392
211392
211392
211392
211392
211392
211392
211393
211394
211394
211394
211395
211395
211395
211395
211395
211395
211395
211396
211396
211396
211396
211396
211396
211397
211398
211398
211398
211398
211398
211399
211399
211399
211399
211424
211424
211424
211424
211425
211425
211426
211426
211426
211426
211426
211426
211427
211427
211427
211427
211427
211428
211428
211428
211428
211428
211428
211429
211429
211429
211429
211430
211430
211430
211430
211430
211430
211431
211431
211431
211431
211431
211456
211456
211457
211457
211457
211458
211458
211458
211458
211458
211459
211460
211460
211461
211461
211461
211461
211462
211462
211462
211462
211462
211463
211463
211463
211463
211463
211463
211488
211489
211489
211489
211489
211490
211490
211490
211490
211491
211491
211491
211491
211491
211491
211491
211492
211492
211492
211492
211492
211492
211492
211493
211493
211493
211494
211494
211494
211494
211494
211495
211495
211495
211495
211495
211495
211520
211520
211520
211520
211521
211521
211522
211523
211523
211523
211524
211524
211524
211524
211524
211525
211525
211526
211526
211526
211526
211526
211526
211526
211527
211527
211527
211527
211527
211552
211553
211553
211553
211553
211553
211553
211554
211554
211555
211555
211556
211557
211557
211557
211557
211557
211558
211559
211559
211559
211559
211559
211559
211559
