45338.30
38623.64
41287.68
36595.96
57380.80
34407.99
1742.83
12113.10
15006.00
74598.40
10591.50
15796.70
31867.56
4044.40
27600.30
57220.80
2112.30
22656.92
26533.31
7141.68
45114.47
61512.79
77283.77
66330.81
69174.00
84712.18
69775.26
31874.49
3633.82
50149.18
31685.41
30188.76
31858.63
75232.43
5033.40
19578.57
41244.80
6490.84
57151.68
16685.76
73631.49
10351.20
61277.78
9126.99
79043.52
50493.61
48180.64
46801.92
30983.68
62942.88
40713.75
66669.97
21653.52
65682.03
16523.28
74103.30
39943.05
48426.06
72388.82
83652.75
27837.92
44291.52
41539.94
44467.59
46678.50
12480.78
3591.76
37207.10
1446.53
2194.38
40619.52
47728.94
11343.15
36746.64
41801.64
61629.75
55225.83
74526.32
14115.45
63104.65
65382.29
4340.68
68147.64
21588.37
57250.80
68670.15
7743.33
27855.25
2955.14
2792.96
14800.32
54141.84
15523.38
1766.86
15616.50
26709.58
12553.64
35354.52
56094.15
76304.64
58487.32
19781.47
75931.98
54207.00
24203.48
11705.65
36435.96
69492.93
4790.07
28365.76
15647.10
44995.94
44408.00
40104.02
33385.65
45897.43
3692.04
17399.59
23528.27
29115.02
56219.20
10912.88
22271.28
58603.71
8665.36
49155.77
58559.16
44373.73
69793.60
41645.56
12443.40
61613.78
34148.40
32704.54
37450.20
58091.25
15595.38
1057.15
40440.21
13145.04
69743.89
30785.30
2100.28
20686.32
22001.58
67657.91
30151.80
40884.40
15777.12
11316.15
38081.60
34377.40
60006.07
13486.24
26268.00
39521.52
27189.68
35975.04
52459.44
43292.25
26501.52
57040.31
18239.10
7939.61
50033.20
61300.80
10831.80
8276.82
41272.47
61085.25
25787.83
53562.60
36376.15
56603.52
48742.65
34786.95
35316.13
81705.80
37417.38
59833.64
74037.60
25978.25
9670.36
4916.16
53361.70
52724.49
36298.92
45329.20
28561.50
22448.85
36910.94
16902.54
17018.53
32277.01
8820.72
30319.86
26548.80
11900.64
16726.71
45373.84
27404.80
9546.32
20313.36
57248.18
43942.81
46145.88
64694.09
35533.13
37033.26
33796.80
45730.10
62106.00
73373.76
23859.33
37420.04
15556.40
35975.34
68832.90
20001.80
27875.41
67882.81
57852.80
23699.06
46759.50
5758.12
24939.12
30338.06
29929.50
28766.24
1810.90
35388.49
39191.70
51296.94
84689.00
46935.98
1704.80
37990.80
22767.57
2106.28
78947.04
77845.32
36669.60
31814.44
11325.15
43166.80
69690.53
48171.00
44465.52
73381.42
88508.64
17382.36
23232.30
22389.15
41035.20
8739.54
22608.72
53641.70
8859.30
69273.50
59005.76
17568.72
35258.10
67721.75
63234.08
50838.90
27279.90
41292.48
47566.12
51210.36
53337.20
25886.55
38436.65
31995.72
40444.00
39558.92
20097.42
47427.24
11362.30
44393.88
9700.60
10819.48
8727.24
11212.10
41107.79
65225.45
37139.48
67471.20
75981.36
4003.26
8809.25
75879.60
25651.08
25697.20
27329.90
27969.92
20802.60
31804.50
49186.82
60687.72
32494.20
42112.46
37599.60
38642.40
25331.70
29679.04
15496.29
48372.00
53186.35
69116.98
33467.28
23585.27
29982.25
45660.16
28410.20
69481.92
10945.62
55066.32
17088.45
38456.73
31870.44
82358.40
23621.16
51144.46
36138.00
44063.88
25261.28
63877.95
10241.20
23865.60
33018.77
89444.00
17574.72
35998.86
25528.00
1561.65
11748.48
3654.93
56460.00
4980.45
47353.95
42065.66
68035.52
17298.36
18640.33
14715.60
27741.12
62673.16
39884.02
16877.80
9494.95
50921.19
26828.80
54853.11
46232.31
76761.00
61941.15
11356.08
25305.28
22331.40
8676.54
5844.42
7261.86
60147.36
20560.14
80445.26
52542.58
61469.36
57098.80
22497.97
28169.55
28681.00
32802.65
50854.40
51656.16
29704.71
45853.72
17090.56
16923.30
56758.52
44842.74
18840.80
18307.98
46971.06
5339.61
70905.15
59928.57
45261.58
54417.60
6667.10
39892.29
41251.44
32416.02
52748.39
23547.27
10460.25
45884.44
19894.42
15421.65
57844.05
34656.00
24175.50
26863.20
35651.07
79063.16
25268.60
5193.56
19039.13
12043.00
40057.29
37639.40
81484.57
9613.44
41384.85
12109.20
27476.40
72101.11
71283.44
62932.65
5469.84
17168.34
29543.11
4100.48
53480.40
13658.76
33151.96
83089.42
34764.96
60959.68
11190.83
21321.99
9882.64
11405.94
88243.00
12057.98
14575.50
3327.60
30774.49
71562.27
58445.01
47825.75
48787.65
2712.88
66494.38
11176.83
66886.20
6967.36
39908.40
63691.76
38056.50
18275.84
73021.95
47755.46
67171.50
15306.20
22488.48
63535.08
20558.10
74382.72
31283.50
22672.32
32282.83
56283.20
28787.36
36782.88
32303.50
72526.44
39410.94
8839.30
51002.46
17827.18
46459.92
58078.72
43714.80
20992.35
75679.38
12641.30
21517.80
39536.16
6374.76
5381.76
48801.48
61966.12
22655.76
53504.44
46473.75
76535.55
19156.28
44741.97
9357.90
14647.36
61659.78
965.05
22193.55
89902.08
16412.85
49783.80
60168.24
13966.72
2250.44
70198.73
78034.08
39137.52
29704.50
10411.20
18965.25
34336.96
4961.25
3336.60
42166.35
17658.60
89322.59
16044.05
25500.51
16167.10
36326.64
69073.50
7623.10
28998.60
44042.92
28226.80
59174.28
968.06
51183.44
32863.38
64633.08
42647.56
17280.90
4990.45
33227.77
1852.95
50754.21
36734.88
23419.20
39100.95
34357.20
55048.95
53246.10
6587.05
49503.32
21170.10
34722.80
42069.25
22979.07
35227.49
9021.54
20393.45
23825.50
13534.24
5648.91
10579.36
18664.95
55499.20
9313.01
8160.88
20650.32
61708.15
5582.85
23272.80
65139.30
73754.49
27669.60
45379.88
58800.78
23567.83
8883.42
31894.29
5513.88
5790.36
38178.00
53102.70
23281.08
53420.19
6972.63
24218.35
46221.30
55036.80
9738.40
5526.06
43752.28
44281.26
27994.58
17981.32
65988.66
74046.72
43179.76
87417.65
81385.50
11757.60
46562.88
36514.50
13244.20
14006.72
21740.56
5469.84
5037.40
72484.44
56579.40
59274.21
2943.21
70382.34
61048.02
54077.35
7515.88
44182.56
72316.02
34513.57
26769.39
16980.04
27301.96
8609.05
44636.80
3498.75
15937.44
52635.04
30326.34
41759.01
16037.40
18679.60
68361.15
59422.40
50363.82
15559.38
51929.13
58054.62
70982.10
47089.80
62580.70
70834.40
8444.94
60977.33
10579.36
59518.92
59636.14
29190.78
17299.26
55514.56
25603.83
26088.00
37558.04
32060.35
43691.90
10568.34
2374.56
11580.60
66607.92
82894.68
43337.25
60703.68
55744.20
6607.14
82537.00
16099.05
38316.88
44387.98
46676.16
50246.82
89224.59
70224.80
52951.68
63871.47
46875.14
25707.20
8865.42
45048.24
3300.57
15946.51
17662.70
25142.32
17189.26
1902.08
50278.18
63337.50
2588.76
37319.04
26277.58
41408.64
9153.66
33322.96
31118.76
42788.87
76128.36
60513.96
39774.28
24235.92
10475.20
10097.71
52457.86
59429.37
11380.08
41503.22
40108.32
29978.86
24336.78
63521.97
8547.12
31561.88
20668.67
50305.00
34151.37
47894.49
33549.88
42172.20
72841.93
24880.35
44254.76
38213.23
54350.80
5846.30
47152.00
12227.81
13278.86
16031.51
26938.35
41484.16
29671.60
43262.62
21966.15
29743.20
66870.40
49206.91
44828.85
10964.79
30192.00
69418.35
59527.65
40523.20
26303.50
72456.61
56917.18
36018.64
8761.52
40334.84
73028.00
32380.02
17478.04
21417.18
66390.00
44943.79
9228.87
36291.60
50966.39
33154.74
52194.90
53221.35
10363.12
55078.80
74425.26
64660.64
45552.60
53241.68
19040.80
34122.34
68400.15
15845.83
71445.27
23034.30
1752.85
73292.40
67743.72
45518.20
88311.59
24786.60
42858.64
63447.60
25975.35
35254.13
25286.70
42815.24
58582.48
9081.90
63306.64
14343.04
14427.60
15135.93
1428.52
27846.00
33861.00
60064.50
63603.26
15556.68
25247.56
20812.32
60544.26
37865.25
15196.20
57745.60
80589.60
80134.50
24764.41
9761.43
35537.75
19798.79
27749.82
27522.26
45929.60
70010.40
82587.00
15964.83
7095.48
21935.04
65803.92
46822.60
64258.60
15586.50
53164.44
41143.80
1476.57
19039.28
14533.82
14423.20
33707.88
49321.74
39641.75
37851.79
5325.68
22668.30
45488.79
54720.22
32034.25
46925.06
40267.20
62421.28
50525.12
18028.90
56098.80
1823.91
22464.42
5550.06
28965.05
30017.90
32771.65
39466.24
13313.56
14460.90
77403.06
5193.56
48627.48
24424.40
61985.16
51299.73
11551.54
56989.44
50014.80
7820.40
25887.30
13552.84
9144.73
16938.30
61490.70
19325.55
41685.20
32934.80
34799.18
23154.66
39582.30
24859.60
58473.54
49399.74
69810.06
77325.18
17026.40
69157.98
70354.00
40104.02
3805.08
31028.76
50357.12
62212.24
8925.42
50793.21
23677.38
29863.92
25692.15
30766.78
47986.40
28045.58
40781.03
62956.50
67977.06
44358.98
25030.60
35876.94
59532.64
2826.09
41769.00
7883.30
3138.42
10467.12
7634.22
32368.34
43055.74
19895.66
38390.82
25050.40
51119.25
1822.91
55547.52
17063.91
7848.47
69667.50
21827.92
63570.96
12234.88
64339.86
65874.29
22158.94
32867.04
9621.29
24610.95
10153.85
56737.84
10114.62
75048.54
76031.00
18794.16
53878.78
40110.39
7423.98
13374.30
36679.68
47857.66
22357.53
27485.90
74429.00
13096.72
26828.32
71740.32
37419.76
13222.43
5504.76
29936.16
66071.00
26308.00
92447.00
4560.92
13811.58
15631.47
10838.61
19179.74
7499.88
48780.80
58735.71
80666.71
82838.88
45154.64
41591.94
38801.70
43558.99
56479.50
59103.14
19581.40
18181.80
8820.63
24525.76
8433.90
30922.12
28473.21
52290.18
61967.36
3776.12
77821.88
24830.46
59073.00
38742.12
47874.40
55234.41
9540.50
13925.08
69993.60
21094.56
51096.04
1101.19
22127.15
20781.84
14283.36
26054.34
40568.55
15702.72
47031.40
40324.00
56999.25
3201.40
76900.96
21526.56
15473.64
48110.70
67322.00
56410.72
5946.48
45149.20
2478.66
27824.24
11576.25
19532.64
50742.00
52756.77
3565.74
9478.26
27839.10
10342.86
