282147
282147
282147
282147
282147
282147
282147
282148
282148
282148
282148
282149
282149
282149
282149
282149
282149
282149
282150
282151
282176
282177
282177
282177
282178
282179
282179
282180
282181
282181
282181
282181
282181
282181
282182
282182
282182
282182
282182
282183
282183
282183
282208
282208
282208
282208
282208
282208
282208
282209
282209
282209
282209
282209
282210
282210
282210
282210
282211
282211
282211
282211
282211
282211
282212
282212
282212
282213
282213
282213
282213
282214
282214
282214
282214
282214
282215
282215
282215
282215
282215
282215
282215
282240
282240
282240
282240
282241
282242
282242
282242
282242
282242
282242
282243
282244
282245
282245
282245
282245
282245
282246
282246
282246
282246
282246
282247
282247
282247
282247
282247
282247
282247
282272
282272
282272
282273
282273
282274
282274
282274
282274
282274
282275
282275
282275
282275
282276
282276
282276
282276
282276
282277
282277
282277
282277
282277
282278
282278
282278
282279
282279
282279
282279
282304
282304
282304
282304
282304
282305
282305
282305
282305
282305
282305
282306
282306
282307
282307
282307
282307
282308
282309
282309
282309
282309
282309
282310
282310
282310
282310
282310
282311
282311
282311
282336
282336
282336
282336
282336
282336
282336
282337
282337
282338
282339
282339
282339
282339
282339
282339
282340
282340
282340
282340
282340
282341
282341
282341
282341
282341
282341
282342
282342
282342
282342
282342
282343
282343
282343
282343
282343
282343
282368
282368
282368
282368
282368
282368
282368
282369
282369
282369
282369
282370
282370
282370
282370
282370
282370
282371
282372
282372
282372
282372
282372
282372
282373
282373
282373
282374
282374
282374
282374
282374
282375
282375
282375
282375
282400
282400
282400
282400
282401
282401
282401
282401
282401
282402
282402
282402
282402
282403
282403
282403
282404
282404
282404
282404
282404
282404
282404
282405
282405
282406
282406
282406
282406
282406
282406
282406
282407
282407
282407
282407
282407
282432
282432
282432
282432
282432
282433
282433
282433
282433
282433
282433
282433
282434
282434
282434
282434
282434
282434
282434
282435
282435
282435
282435
282435
282436
282436
282437
282437
282438
282438
282438
282438
282438
282438
282439
282439
282439
282464
282465
282465
282465
282465
282466
282466
282466
282467
282467
282467
282467
282467
282467
282468
282468
282468
282468
282468
282469
282469
282469
282469
282469
282470
282471
282471
282471
282471
282496
282496
282496
282496
282496
282496
282496
282497
282497
282497
282497
282497
282497
282497
282498
282498
282498
282498
282499
282499
282499
282499
282500
282500
282500
282500
282500
282500
282501
282502
282502
282502
282503
282503
282503
282503
282503
282503
282528
282529
282529
282529
282529
282529
282530
282530
282530
282531
282531
282531
282531
282531
282531
282531
282532
282532
282533
282533
282533
282533
282533
282533
282534
282534
282534
282534
282534
282535
282535
282535
282535
282535
282535
282560
282560
282560
282561
282561
282561
282561
282561
282562
282562
282562
282562
282562
282562
282562
282563
282563
282563
282564
282564
282564
282565
282565
282565
282565
282565
282566
282566
282566
282567
282567
282567
282592
282592
282592
282592
282592
282593
282594
282594
282594
282594
282594
282594
282594
282595
282595
282595
282595
282596
282596
282596
282596
282596
282596
282596
282597
282597
282598
282598
282598
282599
282599
282599
282599
282624
282624
282624
282624
282625
282625
282625
282625
282625
282626
282626
282626
282626
282626
282626
282626
282627
282627
282627
282627
282627
282627
282628
282628
282629
282630
282630
282630
282631
282631
282631
282631
282631
282631
282631
282656
282656
282656
282656
282657
282657
282657
282657
282657
282657
282658
282658
282658
282659
282660
282661
282661
282662
282662
282662
282663
282663
282663
282688
282688
282688
282688
282688
282689
282690
282691
282691
282691
282691
282691
282691
282692
282692
282692
282692
282692
282692
282692
282693
282693
282693
282693
282694
282694
282694
282694
282694
282694
282694
282695
282695
282720
282721
282721
282721
282722
282722
282722
282723
282723
282724
282725
282725
282725
282725
282725
282725
282726
282726
282726
282726
282727
282752
282752
282753
282753
282753
282753
282754
282755
282755
282755
282755
282755
282755
282755
282756
282756
282757
282757
282757
282757
282757
282757
282757
282758
282758
282758
282758
282758
282758
282758
282759
282759
282759
282784
282784
282784
282785
282785
282785
282785
282785
282785
282785
282786
282786
282787
282787
282787
282787
282787
282788
282788
282789
282789
282789
282789
282789
282789
282790
282790
282791
282791
282791
282791
282791
282791
282791
282816
282816
282816
282817
282817
282817
282817
282818
282818
282818
282819
282819
282819
282819
282819
282820
282820
282820
282820
282820
282820
282821
282821
282822
282823
282823
282848
282848
282849
282849
282849
282850
282850
282850
282850
282850
282850
282851
282852
282853
282853
282853
282854
282855
282855
282855
282855
282880
282881
282881
282881
282881
282881
282881
282882
282882
282882
282883
282883
282883
282884
282884
282884
282885
282885
282885
282885
282886
282886
282887
282912
282912
282912
282912
282913
282913
282913
282913
282913
282913
282913
282914
282914
282915
282915
282915
282915
282915
282916
282916
282916
282916
282917
282917
282917
282917
282918
282918
282918
282918
282918
282918
282919
282944
282944
282944
282944
282944
282944
282944
282945
282945
282946
282947
282947
282948
282948
282948
282948
282948
282948
282949
282949
282949
282950
282950
282950
282950
282950
282950
282951
282976
282976
282976
282976
282976
282976
282977
282977
282977
282977
282977
282977
282978
282978
282979
282979
282979
282980
282980
282980
282980
282980
282980
282981
282981
282981
282981
282981
282981
282981
282982
282982
282983
282983
282983
282983
283008
283008
283008
283008
283008
283009
283009
283009
283009
283009
283009
283009
283010
283010
283010
283011
283011
283011
283011
283011
283011
283011
283012
283013
283013
283013
283013
283013
283014
283015
283015
283015
283040
283040
283040
283040
283040
283040
283040
283041
283041
283041
283041
283042
283042
283042
283043
283043
283044
283044
283045
283045
283045
283045
283045
283045
283046
283046
283046
283046
283046
283046
283046
283047
283047
283047
283047
283047
283047
283047
283072
283073
283073
283073
283074
283074
283075
283075
283076
283076
283076
283076
283076
283076
283076
283077
283077
283077
283077
283077
283078
283078
283078
283078
283078
283078
283079
283079
283079
283104
283105
283105
283105
283105
283106
283106
283106
283106
283106
283107
283107
283107
283107
283107
283107
283107
283108
283108
283108
283109
283109
283109
283109
283110
283110
283110
283110
283110
283110
283110
283111
283111
283111
283111
283111
283111
283111
283136
283136
283136
283136
283136
283136
283136
283137
283137
283137
283137
283137
283137
283137
283138
283138
283138
283138
283138
283139
283139
283140
283140
283140
283140
283141
283141
