53776.78
20470.45
4600.86
46032.96
24385.62
45888.60
45492.16
35975.34
53003.04
58628.78
34121.91
44847.95
51190.40
1847.93
18291.84
35894.34
21622.95
80003.28
22184.00
39008.54
41371.44
3205.38
54702.14
4390.65
8897.60
18056.55
62274.72
27265.26
44735.32
62018.00
83347.40
45809.72
13650.00
11192.10
57565.92
57349.32
22297.52
16006.90
47679.94
5545.92
58249.62
2901.08
28803.82
42815.24
9298.00
37389.75
39135.14
68712.40
7375.92
36391.36
15186.10
30132.50
61649.76
77825.70
17052.53
20523.23
51506.35
19479.46
52255.10
34687.62
84312.83
52003.44
24758.28
2424.60
12625.68
8907.48
10758.77
19466.72
17218.56
15496.40
7970.52
10919.79
61610.15
10640.43
25007.00
11196.36
29768.48
19064.04
17815.98
95199.50
75180.00
7888.35
987.08
61480.44
10226.07
56863.63
64908.80
29191.59
8262.09
78652.80
68953.44
32326.58
20932.89
4669.04
14285.20
16293.55
48306.44
22293.80
50003.65
70298.36
1503.59
27628.95
26343.12
35254.17
62295.45
29672.40
17314.72
44137.71
6298.64
1200.29
37166.66
43993.41
28378.21
24374.61
90352.57
12276.96
18531.76
54155.28
3988.26
76749.84
17860.57
35415.24
23229.82
47537.49
40868.52
1555.65
76577.41
36399.60
81484.57
24746.24
15636.50
44847.68
16631.37
7508.04
38452.26
20690.67
35708.28
41525.20
65631.30
25323.60
22839.15
37128.32
64615.68
9472.02
67444.68
13622.98
47569.95
29597.13
28619.08
47876.43
77869.13
41677.33
22640.64
65198.64
60410.64
1359.45
45450.00
47826.10
62345.52
34145.82
35895.24
5971.40
13487.22
78431.72
5756.20
58161.60
39943.32
30568.56
32073.66
45222.50
76992.96
25661.02
5093.34
28189.74
71913.27
14605.50
19957.14
12459.09
58736.58
23096.48
32792.76
56309.10
10234.96
24071.04
9622.44
67540.98
47149.80
66715.65
13174.10
18831.02
2839.02
37442.34
39301.60
8369.12
60995.93
37139.00
39773.80
11737.39
15790.72
54772.66
10198.74
1659.75
9830.70
41624.80
49201.89
59528.56
5405.67
27407.64
11802.70
39137.28
40730.50
60240.57
3171.34
23334.64
14695.44
5982.54
36380.88
75702.90
55212.00
38041.60
31636.32
2733.00
50213.13
25803.00
62114.91
85193.76
57554.52
37924.92
54587.75
71651.90
6685.20
83900.32
49529.74
14355.48
62810.44
35205.86
24455.76
63403.08
11559.33
9020.00
6598.96
28410.20
27485.52
14370.21
22940.48
69955.72
29179.64
7189.84
16704.36
13804.70
34053.11
58886.32
68528.24
67267.59
18019.52
7379.05
42569.75
1190.28
38393.48
42080.95
6647.00
46165.32
62074.24
12290.95
26055.72
5802.30
53368.32
57625.23
23338.08
40722.29
23801.00
36382.28
22487.66
12779.91
1709.80
21624.96
58988.58
18271.98
1386.48
21174.56
1333.42
60737.50
59256.22
11148.24
33004.86
38561.10
25327.50
14604.39
67565.40
5666.94
42580.98
4315.59
75608.90
62138.01
71015.49
34044.40
24239.04
18453.63
17955.36
42966.40
17278.20
8513.20
22599.57
49034.44
56003.40
39689.43
1015.10
35005.82
9312.94
33371.52
31382.58
22227.40
10712.52
7823.30
8584.24
16905.07
58881.88
26264.84
1736.83
46146.62
80535.00
23608.62
24260.25
83271.84
34987.25
5442.00
37615.60
63606.60
33894.18
39578.28
80560.48
39618.84
2704.88
22794.48
12421.42
38036.02
20349.56
16257.20
50974.80
16818.06
15796.80
16874.64
4813.16
34515.99
23080.64
53767.40
3687.88
29811.60
67188.67
26388.20
38122.04
52345.65
35917.80
11808.84
31649.44
3419.60
46565.30
7387.76
9978.64
21995.16
4890.35
23623.27
41711.78
2898.18
38366.65
24874.40
22888.32
21150.80
18542.34
23533.20
55364.40
8748.63
24297.76
13846.56
53018.55
1547.64
47449.22
60543.72
26384.38
77697.48
8649.36
50973.12
46284.70
21358.68
61077.38
35840.34
32940.36
45500.45
45540.62
49729.68
6171.60
64027.47
7417.92
67931.37
77696.70
44879.04
14565.90
42941.64
5120.40
16551.92
24953.67
36792.87
51768.74
56361.76
39180.24
11342.30
6955.28
7974.61
46188.14
51456.99
15889.28
80354.18
74998.80
39118.17
49416.08
17859.36
25997.30
26321.12
37230.33
56324.21
48033.15
29164.59
34813.03
53909.80
69463.80
39526.46
38345.80
16874.64
58060.51
42237.36
36048.48
53649.64
34216.91
3691.86
52946.99
3235.42
77817.18
87747.12
40826.52
44737.44
16901.73
91432.04
32114.00
50746.34
42144.25
4785.12
32963.56
2394.58
52855.77
36969.90
34730.74
56420.40
35975.94
15759.17
42994.53
8599.05
40421.29
21495.54
14392.40
43849.50
52042.38
39557.70
17778.84
45261.58
38778.12
7055.40
44888.80
18699.60
34513.57
22511.64
40139.20
41850.90
23509.27
37528.59
28443.45
9440.30
2026.20
28362.06
12803.70
58434.07
22463.97
5484.06
53112.00
25338.72
10230.85
2184.36
25972.08
78808.19
56879.70
52274.60
50853.53
20047.59
40447.66
50056.28
45328.14
70499.25
66165.48
41371.96
43746.00
59632.32
8649.24
59998.72
8514.10
39517.00
91896.50
81836.50
29593.98
31911.81
25263.00
5818.20
2925.21
81441.14
49757.20
56699.52
37280.66
44723.94
10084.62
63544.64
25046.64
26044.32
38814.47
41645.78
27725.76
18107.55
79988.04
74718.40
89273.59
51139.44
54403.13
46849.25
60515.50
41835.36
61024.80
38170.92
47957.00
22549.14
10066.80
50453.10
14721.57
2226.42
59685.08
32441.50
16644.81
14414.40
39102.84
24245.48
14864.32
77361.60
92997.50
54491.46
26271.29
48730.06
84288.50
36158.22
51462.04
81327.75
43785.12
39198.90
55191.40
44446.56
10725.77
76491.41
56310.30
2034.22
30889.32
56318.72
45122.05
19929.14
55178.80
21485.31
62266.00
41331.36
36998.94
51428.35
11406.24
27381.90
63476.16
1118.21
13117.84
37775.42
77231.50
33944.68
28254.48
3988.36
59457.08
45849.60
9171.99
51367.68
71251.03
46949.00
9970.50
39751.58
46977.56
3519.81
51202.72
13899.08
63521.50
17058.45
73382.40
51679.08
78678.81
53361.70
39417.40
27464.16
44127.60
23400.96
73328.00
66798.30
34502.29
27194.73
39216.00
8753.44
45015.60
56789.70
46774.00
48528.48
31470.39
46975.83
44987.70
9393.90
91546.00
22305.36
53463.50
17598.72
56352.86
45370.36
7126.77
52471.80
9550.14
63167.50
29216.00
81493.92
42919.38
1545.63
20762.27
53912.96
7724.28
7496.16
29740.48
35882.57
22900.25
1654.74
59392.56
40002.24
40552.28
75184.65
6102.44
1082.17
19761.63
29705.13
74705.89
68693.32
49445.90
63912.20
24362.40
54697.11
23710.83
90745.00
2394.58
5401.76
45370.62
45167.52
961.06
53648.76
46859.60
44687.40
5253.60
28334.92
38368.56
65499.75
66671.00
43247.25
46323.50
7015.40
12397.23
3617.80
38041.80
24778.35
19611.80
25245.81
61553.52
55147.40
46676.16
56390.40
32710.65
1239.33
33965.64
63032.62
52723.80
56599.27
37089.26
8549.00
56660.40
55087.89
67384.98
20841.84
18956.04
59958.90
43376.55
10461.30
33018.77
28397.21
4318.59
31246.34
7672.40
13944.90
37832.34
42517.02
46110.60
75736.36
21022.00
51390.25
34020.24
50654.40
38709.44
44064.28
41565.94
77490.78
46826.59
42320.46
60784.68
2150.34
30612.56
46879.06
43691.90
5205.56
59688.90
61301.10
60909.93
5045.31
23250.50
59410.53
26728.05
19181.00
29359.72
49027.11
16974.72
38840.31
32828.58
21623.04
47098.23
27118.35
24489.01
82137.00
13774.48
55755.16
15636.50
17715.20
25083.36
58216.76
7598.05
40894.08
51956.90
29815.48
44239.04
8188.60
49331.32
53003.04
34636.40
43872.92
82481.40
45880.96
42446.00
10703.22
43623.90
14940.10
20294.34
10486.98
34136.89
73045.44
19268.09
66429.65
31076.34
46456.29
2352.54
53972.81
21203.00
78322.56
10290.96
29494.51
37805.04
19226.88
84989.50
17433.75
1167.26
67818.41
59228.70
25921.62
18740.16
8514.10
3948.32
54867.42
54309.00
70292.26
1671.76
52167.17
68280.52
47435.88
20055.78
29515.92
52295.60
16326.00
29265.24
46501.98
18213.25
54108.50
9922.44
37167.52
26299.35
5911.40
8160.88
74376.12
15592.61
26716.16
73955.70
7187.56
47615.70
36254.40
44117.58
20357.76
38623.23
9650.40
60292.96
37264.26
22662.57
21493.18
21759.37
6318.90
1303.39
14289.47
24097.67
75588.87
71676.00
43170.31
37881.60
34380.72
61732.80
10667.44
55627.80
1841.93
51598.74
53145.12
21082.08
24716.10
17084.34
17328.75
33458.38
26542.08
36412.74
17412.59
4988.25
55729.74
39939.90
1379.47
35462.75
55455.40
34407.45
11520.18
33985.44
35316.13
1231.32
18822.02
19990.85
16923.30
26477.00
53157.15
31848.81
2847.04
12874.77
40666.56
50355.00
8541.12
26923.20
37564.75
28235.88
23185.89
14035.00
1177.27
13026.65
42201.36
35650.28
31815.00
17389.08
34663.12
6396.85
20707.05
32709.65
69481.92
25785.36
70825.50
54983.71
44566.80
26367.75
34035.80
39688.00
24271.92
56024.67
16209.60
14328.47
30768.30
31804.50
48076.44
39402.24
76015.80
76901.42
31265.92
21949.75
62046.94
22486.64
46424.70
72605.26
34278.66
52534.24
43668.58
46943.16
28807.20
84809.28
66950.84
38782.70
8534.00
7848.47
38750.91
1976.16
67839.81
38273.76
19875.79
71421.44
4741.12
77265.60
41658.24
36588.75
31647.66
73597.20
7696.48
38497.80
24154.52
27329.75
53075.76
34486.75
59222.80
3850.14
56776.72
73909.88
65729.03
13632.63
9467.15
13731.74
58835.40
4534.80
88643.50
32560.20
18023.32
34447.20
49716.48
9193.87
15900.94
17103.60
12396.02
32860.25
31158.25
8018.45
45996.72
34254.91
25352.60
965.06
2480.66
12749.52
23829.74
34651.26
40272.90
31545.80
24642.18
27379.75
65028.25
44356.40
32699.04
17499.19
51544.72
1899.99
41311.08
23257.30
1445.54
86968.63
38977.85
6394.76
9354.80
44568.40
63787.60
18545.33
35997.78
47149.50
7123.48
20419.70
57584.09
49887.39
77489.18
42282.63
8438.90
66855.30
11225.97
