295110
295111
295111
295111
295111
295111
295136
295136
295136
295136
295137
295137
295138
295138
295139
295140
295140
295140
295140
295140
295140
295140
295141
295141
295141
295141
295141
295142
295142
295142
295143
295143
295143
295143
295143
295168
295168
295168
295169
295169
295169
295169
295169
295170
295170
295170
295171
295171
295171
295171
295171
295171
295172
295173
295173
295173
295173
295173
295174
295174
295174
295174
295174
295174
295175
295200
295200
295200
295200
295200
295200
295200
295201
295201
295202
295202
295202
295202
295202
295202
295202
295203
295203
295203
295203
295203
295204
295204
295204
295204
295204
295205
295205
295205
295206
295206
295207
295207
295232
295232
295232
295232
295233
295233
295233
295233
295234
295234
295234
295234
295234
295235
295236
295236
295236
295236
295236
295236
295237
295238
295238
295238
295238
295238
295238
295238
295239
295239
295264
295264
295264
295264
295265
295265
295265
295265
295266
295266
295266
295267
295267
295267
295267
295268
295268
295269
295269
295269
295269
295269
295270
295270
295270
295270
295270
295270
295271
295271
295271
295271
295271
295271
295271
295296
295296
295296
295296
295296
295296
295297
295297
295297
295298
295299
295300
295300
295300
295300
295301
295301
295301
295301
295302
295303
295303
295328
295329
295329
295330
295330
295330
295330
295330
295330
295330
295331
295331
295331
295331
295331
295331
295331
295332
295332
295332
295332
295333
295333
295334
295334
295334
295334
295334
295334
295334
295335
295335
295335
295335
295335
295360
295360
295360
295360
295360
295361
295361
295361
295361
295361
295361
295361
295362
295362
295362
295362
295362
295362
295362
295363
295363
295364
295364
295364
295364
295365
295365
295365
295365
295365
295365
295366
295366
295366
295366
295366
295366
295366
295367
295367
295367
295367
295367
295392
295392
295392
295392
295392
295393
295393
295393
295393
295393
295393
295393
295394
295394
295394
295394
295394
295394
295395
295395
295395
295395
295395
295395
295396
295396
295396
295396
295396
295396
295396
295397
295397
295397
295397
295397
295397
295397
295398
295398
295398
295398
295398
295398
295399
295424
295424
295425
295425
295425
295426
295426
295426
295426
295426
295426
295426
295427
295427
295427
295428
295428
295428
295428
295428
295429
295429
295429
295429
295429
295430
295430
295430
295431
295431
295431
295431
295431
295431
295431
295456
295456
295456
295456
295457
295457
295457
295457
295457
295457
295457
295458
295459
295459
295460
295461
295461
295461
295461
295462
295462
295462
295462
295462
295462
295463
295463
295463
295463
295463
295463
295488
295488
295488
295488
295488
295489
295489
295489
295489
295489
295489
295489
295490
295490
295490
295490
295490
295490
295490
295491
295491
295491
295491
295492
295492
295492
295492
295493
295493
295494
295494
295495
295495
295495
295495
295520
295520
295520
295520
295520
295520
295520
295521
295522
295522
295523
295523
295523
295523
295524
295524
295524
295524
295524
295524
295525
295525
295525
295525
295525
295525
295525
295526
295526
295526
295526
295526
295526
295527
295552
295552
295552
295552
295552
295552
295552
295553
295553
295553
295553
295553
295553
295553
295554
295554
295554
295554
295554
295554
295554
295555
295555
295555
295556
295556
295557
295557
295557
295558
295558
295558
295558
295559
295559
295559
295559
295559
295559
295559
295584
295584
295584
295584
295584
295585
295585
295586
295586
295586
295586
295586
295586
295586
295587
295587
295588
295588
295588
295588
295588
295588
295588
295589
295589
295589
295590
295590
295591
295591
295616
295616
295616
295617
295618
295618
295618
295618
295618
295619
295619
295619
295619
295619
295620
295620
295620
295620
295620
295621
295622
295623
295623
295623
295623
295648
295648
295648
295648
295649
295649
295649
295650
295650
295651
295652
295652
295652
295653
295654
295654
295654
295654
295655
295655
295655
295655
295655
295680
295680
295680
295680
295680
295680
295681
295682
295682
295682
295682
295683
295683
295683
295683
295683
295683
295684
295684
295684
295684
295684
295685
295685
295685
295685
295685
295686
295686
295686
295686
295686
295686
295687
295687
295687
295712
295712
295712
295712
295712
295712
295713
295713
295713
295713
295713
295713
295713
295714
295714
295714
295714
295715
295715
295716
295716
295716
295716
295717
295717
295718
295718
295718
295718
295718
295718
295718
295719
295719
295719
295719
295719
295744
295744
295744
295744
295744
295744
295745
295745
295746
295747
295747
295747
295747
295747
295747
295747
295748
295748
295748
295749
295749
295749
295749
295749
295749
295749
295750
295750
295750
295750
295750
295751
295751
295751
295751
295776
295776
295776
295776
295776
295776
295777
295777
295777
295777
295777
295778
295778
295779
295779
295779
295779
295779
295779
295780
295780
295780
295780
295780
295781
295781
295781
295781
295781
295781
295781
295782
295782
295782
295782
295782
295782
295783
295783
295783
295783
295783
295808
295808
295808
295808
295808
295809
295809
295809
295809
295809
295809
295810
295810
295810
295810
295811
295811
295812
295812
295812
295812
295812
295813
295813
295814
295814
295815
295815
295815
295840
295841
295841
295841
295842
295842
295842
295842
295842
295843
295844
295844
295844
295844
295844
295845
295845
295845
295845
295845
295845
295846
295846
295847
295872
295873
295873
295874
295874
295874
295874
295875
295876
295876
295876
295876
295876
295876
295877
295877
295877
295878
295878
295878
295878
295879
295879
295879
295879
295904
295904
295904
295905
295905
295905
295905
295905
295905
295905
295906
295906
295906
295906
295907
295908
295908
295908
295908
295908
295908
295908
295909
295909
295909
295909
295909
295910
295910
295910
295910
295911
295936
295936
295936
295936
295937
295937
295937
295937
295938
295938
295938
295938
295938
295938
295939
295939
295939
295940
295941
295942
295942
295942
295942
295942
295942
295943
295943
295943
295968
295968
295968
295969
295969
295969
295969
295970
295970
295970
295970
295970
295971
295971
295971
295971
295972
295972
295972
295972
295972
295973
295973
295973
295974
295974
295974
295975
295975
295975
295975
295975
296000
296000
296000
296001
296001
296001
296001
296001
296001
296002
296002
296003
296004
296004
296004
296004
296004
296005
296006
296006
296006
296006
296006
296006
296006
296007
296007
296007
296007
296032
296032
296032
296033
296033
296033
296033
296033
296033
296033
296034
296034
296034
296034
296034
296034
296034
296035
296036
296036
296037
296037
296037
296037
296037
296038
296038
296038
296038
296038
296038
296038
296039
296039
296039
296039
296039
296039
296064
296064
296064
296064
296064
296065
296065
296066
296067
296067
296067
296068
296068
296068
296069
296070
296070
296071
296071
296071
296071
296096
296096
296096
296096
296096
296096
296096
296097
296097
296097
296097
296097
296097
296098
296098
296098
296098
296098
296099
296099
296099
296099
296100
296100
296100
296100
296100
296100
296101
296101
296101
