26
4
19
3
7
13
7
50
43
48
29
37
3
20
15
42
49
4
49
21
40
21
3
48
42
21
24
10
27
47
36
18
21
5
11
2
46
10
12
42
37
18
29
25
8
18
10
44
40
27
11
35
1
34
4
41
23
32
36
31
45
43
30
24
44
49
45
39
2
40
15
28
13
45
43
8
31
12
21
37
27
8
1
23
12
25
6
40
7
39
37
29
41
30
20
23
7
43
13
20
17
33
48
17
42
34
5
22
7
10
36
13
40
14
37
38
48
16
20
17
17
24
28
16
32
47
12
14
3
41
26
28
34
40
40
35
46
7
16
30
47
43
6
37
26
32
40
7
34
47
34
27
50
34
40
27
18
25
11
4
40
13
44
24
21
47
34
26
28
36
4
33
26
22
4
42
36
44
4
8
14
30
19
23
15
3
5
41
30
16
21
23
22
21
43
36
27
39
41
44
50
46
36
5
30
6
2
20
47
42
40
10
22
29
10
45
43
22
31
1
7
31
13
3
5
38
8
36
45
47
38
10
34
17
42
8
22
13
17
15
34
30
45
12
33
39
9
17
17
32
8
19
18
27
29
31
9
40
34
34
14
11
42
6
8
48
24
9
34
48
27
26
7
36
46
33
44
26
28
20
8
7
7
45
16
14
6
35
17
34
33
18
10
10
27
7
46
45
23
4
34
37
27
7
28
21
13
34
32
12
31
17
2
46
11
27
38
9
30
27
36
41
50
19
7
15
42
34
30
5
44
12
22
34
8
2
20
32
14
30
29
38
35
25
47
26
3
28
45
29
2
14
9
2
34
7
1
7
10
7
39
33
5
33
47
46
7
45
41
35
11
4
34
38
25
42
48
3
39
19
37
1
18
28
34
13
15
49
49
34
37
23
8
3
19
9
21
6
32
7
23
16
9
23
2
24
38
16
18
46
50
21
26
45
39
24
6
49
2
49
9
33
15
46
22
21
2
1
45
28
11
18
32
21
46
29
39
8
29
48
19
8
26
39
46
12
24
44
23
14
2
9
37
18
45
6
48
46
10
23
22
33
47
39
49
6
21
17
46
6
43
6
3
34
50
5
41
26
31
11
20
43
2
40
3
26
32
22
49
48
50
26
36
18
39
8
46
46
1
35
49
28
44
37
8
42
42
2
49
17
39
21
34
45
30
19
10
44
14
16
25
30
49
5
4
28
27
36
33
22
6
46
28
27
42
23
40
45
48
25
38
12
3
27
50
5
31
7
25
28
7
13
48
24
48
22
2
50
15
22
41
13
4
45
4
19
23
13
8
14
42
34
49
27
39
47
3
11
30
12
28
5
12
1
14
18
16
32
38
39
29
30
5
23
10
11
43
21
42
6
44
21
2
47
48
34
43
35
17
9
34
19
28
41
10
19
47
13
18
16
1
12
44
33
49
44
50
15
43
23
9
2
3
39
36
47
27
9
48
47
37
9
23
34
6
10
27
23
23
28
25
49
13
42
42
2
41
38
12
1
11
14
48
33
37
20
12
32
32
24
39
47
24
5
24
49
26
25
34
31
9
50
9
35
48
9
18
41
26
39
24
50
19
44
50
39
50
4
43
22
10
39
35
34
9
8
33
33
27
48
9
13
10
28
24
17
26
50
3
22
21
11
2
38
7
32
46
1
20
14
24
12
37
6
31
7
39
43
38
10
46
30
23
43
26
45
32
25
19
41
28
10
49
49
45
27
11
34
10
26
10
2
47
16
5
22
38
2
35
23
14
9
16
16
11
44
1
27
30
19
17
10
35
34
7
47
16
42
26
2
33
43
47
10
40
11
41
49
48
22
15
14
5
5
50
25
40
34
33
21
32
21
22
27
14
40
46
3
19
40
44
7
5
45
5
6
25
33
47
47
5
40
28
49
10
32
26
30
43
35
3
17
29
49
50
11
19
41
20
31
38
44
30
45
45
25
38
16
7
14
19
7
48
43
49
36
38
19
44
18
16
15
32
38
42
36
17
3
29
1
21
34
15
16
44
44
10
2
46
32
26
29
30
32
24
39
29
11
13
15
24
12
8
7
15
37
8
29
44
18
27
41
18
47
18
12
28
27
11
32
2
23
26
24
11
12
44
29
1
39
47
37
3
34
1
10
43
40
39
7
25
8
31
21
19
5
43
13
7
36
34
46
46
13
3
47
44
13
39
48
15
41
33
10
26
9
34
40
25
36
29
4
42
15
10
4
42
46
49
8
46
1
45
27
20
37
28
48
44
35
32
10
29
49
23
11
4
20
43
44
