96615
96640
96640
96641
96641
96641
96642
96642
96642
96642
96643
96643
96643
96643
96643
96643
96644
96644
96644
96644
96644
96645
96645
96645
96645
96646
96646
96646
96646
96647
96647
96647
96672
96672
96673
96674
96674
96674
96674
96674
96675
96675
96675
96675
96675
96675
96675
96676
96676
96677
96677
96677
96677
96677
96678
96678
96678
96678
96678
96678
96679
96679
96679
96679
96679
96704
96704
96705
96705
96705
96706
96706
96706
96707
96707
96707
96707
96707
96708
96708
96708
96709
96709
96709
96709
96709
96709
96710
96711
96711
96711
96711
96711
96711
96711
96736
96736
96736
96737
96737
96738
96738
96738
96738
96738
96738
96738
96739
96739
96739
96739
96739
96740
96740
96741
96741
96741
96741
96741
96742
96742
96743
96768
96768
96768
96768
96769
96769
96769
96769
96769
96770
96770
96770
96770
96770
96770
96771
96771
96771
96771
96771
96771
96772
96772
96772
96772
96772
96772
96773
96773
96773
96773
96773
96773
96774
96774
96774
96775
96775
96775
96775
96775
96775
96775
96800
96800
96800
96801
96801
96801
96801
96801
96801
96801
96802
96802
96803
96803
96803
96803
96803
96804
96804
96804
96804
96804
96805
96805
96806
96807
96807
96807
96832
96832
96832
96832
96832
96832
96833
96833
96834
96834
96834
96834
96835
96835
96835
96835
96836
96836
96836
96836
96837
96837
96837
96837
96837
96837
96837
96838
96838
96838
96838
96838
96839
96839
96839
96839
96839
96864
96864
96864
96864
96864
96865
96866
96866
96866
96866
96866
96867
96867
96867
96867
96867
96867
96868
96868
96868
96868
96869
96869
96870
96870
96870
96871
96871
96871
96871
96896
96896
96896
96897
96897
96897
96897
96897
96897
96897
96898
96898
96898
96899
96899
96900
96900
96900
96900
96900
96901
96901
96901
96901
96901
96901
96902
96902
96902
96902
96902
96902
96902
96903
96903
96903
96903
96903
96903
96928
96928
96928
96928
96928
96928
96928
96929
96929
96929
96929
96929
96930
96930
96930
96930
96930
96930
96931
96931
96932
96932
96932
96932
96933
96933
96933
96933
96934
96934
96934
96934
96934
96934
96935
96960
96960
96960
96960
96960
96960
96960
96961
96961
96961
96961
96961
96961
96961
96962
96962
96962
96962
96962
96963
96963
96963
96963
96963
96963
96963
96964
96964
96964
96964
96964
96964
96964
96965
96966
96966
96966
96966
96966
96967
96967
96967
96967
96967
96967
96992
96992
96992
96992
96993
96993
96993
96993
96993
96993
96993
96994
96994
96994
96994
96994
96995
96995
96995
96995
96996
96996
96996
96996
96997
96997
96998
96999
96999
97024
97024
97024
97024
97024
97024
97024
97025
97025
97025
97026
97026
97027
97027
97027
97028
97029
97030
97030
97030
97030
97031
97031
97031
97056
97056
97056
97056
97056
97056
97056
97057
97058
97058
97058
97058
97058
97058
97059
97059
97059
97060
97060
97060
97060
97060
97060
97061
97061
97061
97061
97061
97061
97061
97062
97062
97062
97062
97063
97063
97063
97063
97063
97088
97088
97088
97088
97089
97089
97089
97089
97089
97089
97090
97090
97090
97090
97090
97090
97090
97091
97091
97091
97091
97091
97091
97091
97092
97092
97092
97092
97092
97092
97093
97094
97094
97094
97095
97095
97095
97095
97095
97120
97120
97120
97120
97120
97121
97121
97121
97122
97122
97123
97124
97124
97124
97124
97125
97125
97125
97126
97126
97126
97126
97126
97127
97127
97127
97152
97152
97152
97152
97152
97153
97153
97153
97153
97153
97154
97154
97154
97154
97154
97155
97155
97155
97155
97155
97156
97156
97157
97157
97157
97157
97157
97158
97159
97159
97184
97184
97184
97184
97184
97184
97185
97185
97185
97186
97186
97186
97187
97187
97187
97187
97187
97187
97188
97188
97188
97189
97189
97190
97190
97190
97190
97190
97190
97191
97191
97191
97191
97191
97191
97216
97216
97216
97216
97216
97216
97217
97217
97218
97218
97219
97219
97219
97219
97220
97220
97220
97220
97220
97220
97220
97221
97221
97221
97221
97222
97222
97222
97222
97222
97222
97222
97223
97223
97223
97223
97248
97248
97248
97248
97248
97249
97249
97249
97249
97250
97250
97251
97251
97251
97251
97251
97251
97252
97253
97253
97253
97254
97254
97254
97254
97254
97255
97255
97255
97255
97255
97255
97255
97280
97280
97280
97280
97281
97281
97281
97281
97281
97281
97281
97282
97283
97283
97283
97283
97283
97283
97284
97285
97285
97285
97285
97285
97285
97286
97286
97287
97312
97312
97313
97313
97313
97313
97313
97313
97313
97314
97314
97314
97314
97314
97315
97315
97315
97315
97315
97315
97316
97316
97316
97317
97317
97317
97317
97317
97317
97318
97318
97318
97318
97318
97318
97319
97319
97319
97319
97344
97344
97344
97344
97344
97344
97345
97345
97345
97345
97345
97345
97346
97346
97346
97346
97346
97347
97347
97347
97347
97347
97347
97348
97348
97348
97349
97349
97349
97349
97349
97350
97350
97351
97376
97376
97376
97376
97376
97377
97377
97377
97378
97378
97378
97378
97378
97378
97378
97379
97379
97379
97379
97379
97379
97380
97380
97380
97381
97381
97381
97381
97381
97382
97382
97382
97382
97382
97383
97408
97408
97408
97408
97408
97408
97408
97409
97409
97409
97410
97410
97410
97410
97411
97411
97411
97411
97412
97412
97412
97412
97412
97412
97412
97413
97413
97413
97413
97414
97414
97415
97415
97415
97415
97415
97415
97415
97440
97440
97440
97440
97440
97441
97441
97441
97441
97442
97442
97442
97442
97442
97443
97443
97443
97443
97443
97443
97444
97444
97444
97444
97444
97445
97445
97446
97446
97446
97446
97446
97446
97446
97447
97472
97472
97473
97473
97473
97473
97473
97474
97474
97474
97475
97475
97475
97475
97476
97476
97476
97476
97476
97476
97477
97478
97478
97478
97478
97478
97478
97479
97479
97479
97479
97479
97504
97504
97504
97504
97504
97504
97505
97505
97505
97505
97505
97505
97506
97506
97506
97506
97506
97506
97507
97508
97508
97508
97508
97508
97508
97509
97509
97509
97510
97510
97510
97510
97510
97510
97510
97511
97511
97536
97537
97537
97538
97538
97538
97538
97538
97538
97539
97539
97540
97540
97540
97540
97540
97540
97541
97541
97542
97542
97542
97543
97543
97543
97543
97543
97543
97543
97568
97569
97569
97569
97570
97570
97570
97570
97570
97570
97571
97571
97572
97572
97572
97572
97572
97572
97573
97573
97573
97573
97573
