9565
4514
1376
5063
222
997
7693
6560
7460
3804
5578
7416
9167
8901
2673
7072
8937
2388
6691
4855
2574
1278
6442
3120
9949
4877
6830
3811
7806
2256
5653
3380
1352
8852
8967
8682
9179
8630
2088
5012
3729
3127
2872
4877
3870
2301
1517
2124
9220
4065
8081
6070
5461
4456
1400
4629
298
8933
1706
5679
5186
5035
2782
808
8699
4041
5111
5834
8399
5397
6944
5198
9507
9924
4013
5524
6469
3562
4778
3201
3948
5493
8727
5341
2536
8004
836
202
42
3859
7062
7724
7281
611
395
2009
5615
7190
5449
9914
8425
1299
1336
5279
3519
2171
2786
5822
9819
9490
3776
2243
5421
5003
2318
8878
5852
3529
9880
4818
7012
611
2815
9729
3352
8774
3509
3574
7451
3634
7168
1886
9030
4925
3065
4566
6119
6591
8573
8882
4701
8409
271
1704
7387
6325
2760
4045
4327
2682
8699
4818
8930
1658
8034
9108
6579
9192
68
9011
2220
978
5917
7215
4462
7904
755
5027
2739
7828
9327
5054
8706
6939
6596
2593
5590
6940
4077
4303
1542
905
7831
8405
2370
1170
3167
3383
7706
9265
5221
1927
6553
6094
7042
679
287
4552
5398
5449
9199
1133
38
9715
3303
256
8565
7566
9459
2804
6771
9264
3794
6837
1267
2267
913
4812
4522
1676
332
6980
7524
4458
2166
2622
7735
4239
2394
5036
5734
6638
2720
8784
732
7563
4245
5144
340
6660
3951
7741
6659
1437
7054
8293
9240
6213
7087
9038
3677
9903
8883
7290
3061
1504
7261
1217
16
6832
7513
7997
6203
7395
2468
6376
6258
6200
6223
311
5902
922
8117
5818
8916
7637
7708
5518
918
4270
9660
9812
5361
9783
6970
1629
7585
4497
8789
1161
7481
2670
3605
5608
4125
274
532
6084
8685
8027
8157
108
9889
2767
130
6334
5352
4014
3027
1718
3244
5338
1891
5900
8336
7680
9220
8423
4899
6567
1109
9205
2132
595
39
2880
4740
3851
2251
4420
4425
8815
4353
3817
3972
3727
7333
2594
1963
9377
8409
6841
89
5058
3674
3466
7309
8447
5907
8834
4196
6751
7579
8568
5428
4890
430
1520
9823
3353
5901
5972
193
6577
927
30
2834
5113
7748
2141
8015
3439
8035
305
5066
282
2187
1904
5891
2406
2068
8240
7459
8759
5062
5283
9980
2653
9348
9081
9957
9796
706
301
5848
8400
5299
963
1752
4930
9381
1410
1613
7868
2728
9512
5330
6622
1808
4192
4623
7047
4872
6736
6067
4291
7963
3632
8069
9468
7384
1463
7988
8796
6243
4958
5716
5778
4961
4324
1388
669
7932
8430
4731
9984
7661
2470
2868
926
1510
4443
3360
6273
4586
4864
6389
4866
7254
1619
790
6148
1727
3343
6094
7682
9746
5360
56
6023
6324
6094
6627
6392
4525
7017
4487
6745
9447
9234
8576
5219
1436
6646
5315
4621
1213
9764
5159
5972
2525
8172
2825
4008
6549
4267
9579
1565
921
7021
6714
8136
5220
1534
9109
2002
5228
5178
6437
2069
5106
3231
6233
6592
9408
5090
4592
9438
5148
7967
9426
9315
5185
349
4230
2084
8782
8351
8649
1996
4738
5371
4517
9090
4396
2069
8757
2978
1004
8489
2204
5796
9331
5116
2085
4012
2202
4162
9739
5110
2137
3811
6618
1995
3792
2433
7877
6162
9703
8546
9450
6422
7866
695
385
4602
393
4475
1400
5750
7825
9171
2446
5113
1352
3563
9664
2543
8387
6570
1201
9718
5768
1140
7482
7317
5830
108
6550
3521
3818
2253
1800
4908
6473
5903
3977
9230
7890
7570
8374
9871
9320
3823
7844
50
9361
5464
3325
721
8166
8407
6569
9748
8143
3597
97
7175
7434
3
6753
6715
2818
9366
6258
1098
3400
5866
60
6504
2014
7977
3296
4354
991
5233
3822
836
2129
7874
8617
806
9604
9620
9080
3033
9757
5255
9974
1056
6021
3899
1204
5012
4489
5447
2149
9136
7288
1902
65
6913
5418
137
7478
8252
3519
2714
4474
5092
7108
9695
7713
1454
824
4272
5252
5304
8829
4951
819
5360
4179
659
2477
3246
7782
7624
786
4031
2579
2344
2221
7935
8842
7267
1702
4677
9624
6597
1639
4261
7737
2137
1201
3234
736
3630
3672
9454
9074
1282
3693
3879
885
1870
7120
3638
8066
4513
69
4744
1320
1225
5707
7799
9239
3130
5367
8251
2912
4819
8912
6448
5819
6428
1054
889
7345
6693
1219
9365
9687
6139
2942
1427
1461
913
9602
1928
511
4753
560
6414
5770
9864
7284
5030
4685
8849
7525
8693
7568
1856
2093
3036
9755
7075
9439
9650
3321
3008
5283
5873
6810
3853
2040
1400
8603
8832
7947
278
6858
1485
1773
5971
4344
7819
2002
215
6299
3085
7352
4526
9889
9512
8033
3198
3214
9895
2346
8203
5325
9012
8506
6525
7848
1930
8144
9254
7342
3678
525
8546
2613
9837
9457
4276
8319
3109
7636
3101
2144
922
341
7703
917
5248
5632
3619
9046
7294
5098
1867
3397
6004
5721
8470
9874
4568
9323
9603
6821
8721
2091
2896
7733
539
5940
5248
622
1625
2862
666
8783
8326
9612
3097
6595
5122
2888
8491
1790
5143
9177
2420
4296
7023
4373
4961
7995
88
2765
6336
6200
2737
3430
7710
1808
8187
2911
8974
838
6173
1991
1803
3984
1273
9743
1180
7272
7030
674
6874
2736
5977
3973
8242
5980
1175
6678
1229
846
2293
2972
5491
5712
2156
6055
9164
7547
3023
3794
4794
8589
1722
8005
5406
4624
8585
2349
3219
2784
8009
6311
8184
4152
8077
8941
1009
4374
5930
614
4218
6953
2553
6631
3696
3116
2512
3218
6891
7010
2391
1973
3807
8156
2537
8095
3832
207
5126
4909
9295
8015
1658
5074
5107
1654
5093
5159
4357
6781
2484
3172
5
3162
1821
6333
4366
1422
5425
1317
6767
5926
6596
5604
1818
2038
3893
8000
3030
8675
4579
9764
5654
3107
6875
401
2398
7156
2788
4737
4640
5385
3708
648
262
9958
6965
1855
9204
5560
6474
6405
5641
1509
6990
7635
5247
