7049
3277
555
6719
2434
5091
3828
3646
7237
6293
7339
8168
2756
6714
2548
3072
6254
189
2893
2521
9890
9554
7370
5299
5904
3471
4076
75
11
3509
4618
868
417
443
9843
7212
6556
7262
4575
8190
4959
3758
8819
9503
6759
4505
1115
1437
2382
453
4906
1514
389
7862
4947
8527
476
4688
241
4927
9944
3579
6708
6265
3110
9853
6544
3159
7682
6092
9250
2693
7395
354
1443
9480
4022
2336
4376
7120
5008
3978
3637
1335
8291
2829
9130
3321
2364
4985
2149
7988
9680
994
1066
3087
7583
4018
9606
284
1503
9574
4527
1138
9839
9439
5753
1971
4674
7969
96
8284
3766
8611
7169
8844
9056
3206
5890
2252
554
6422
1816
6587
6080
978
9543
9988
3963
1698
7550
5514
8637
450
4065
4255
5708
5025
5801
6322
2832
7363
189
1404
9467
4447
4983
3026
7441
3057
1249
1190
872
2761
2063
9703
1540
679
8204
4010
4736
8301
3945
6477
6767
2100
8865
1920
7174
9926
4568
3644
9207
1819
6358
6175
4358
4970
9551
4373
8426
3720
9232
938
4399
9976
4221
1645
8848
2500
1876
6477
3857
4512
6802
4522
6366
380
1568
103
6266
1231
603
7336
3123
1760
469
3903
3692
8228
9620
5975
1821
543
381
2881
607
9170
3085
3343
6110
6386
3727
3945
2090
1723
8980
5392
1658
9775
255
5439
10
242
2282
9174
9229
6744
5398
3821
7801
7258
9789
5059
4282
8468
4158
2647
6272
4794
1204
5296
4572
4144
9495
9897
4265
4759
4603
6315
2019
6661
3946
4429
6276
8667
2721
95
9667
2078
2476
2983
6258
7460
690
7844
8753
9033
2298
26
4042
3369
5079
3250
9527
3900
3288
8612
8246
5324
3506
7874
8275
2069
1374
6061
9863
5228
6914
4729
3053
5830
3558
4712
9837
5138
2668
5365
9566
1820
8708
4375
7875
4942
1846
1675
8879
4802
5107
4822
8959
9082
6757
8387
5831
8007
7271
2404
7360
6827
5766
8922
523
8753
1360
5804
2414
5094
8988
2188
2960
9102
5633
6163
6432
8487
5459
9379
3823
3442
6747
3704
1135
4559
8635
3391
400
4156
8902
9141
3853
7819
9513
721
5112
6086
1629
3192
2637
6792
1699
1385
5417
609
1537
1570
3930
3854
7164
2839
4108
8852
5224
5655
3168
6594
6379
8823
6647
2328
1465
6062
927
9185
6072
4480
5105
8910
8829
5542
3026
3209
1235
5033
2790
7702
3642
3007
9342
6116
6250
642
7632
9427
362
28
6401
3232
4139
9983
3054
4345
9031
1897
9336
1205
4300
5193
6508
7517
5603
6704
914
8352
2640
3985
11
3551
3606
3581
2541
6767
9070
2984
5730
8437
6919
9993
9
7104
4758
4707
3233
3574
5954
2315
5414
8336
8381
7339
1551
5449
7750
1380
9399
6788
3507
8168
3128
852
6654
784
6562
8349
3820
1621
7920
575
5923
7374
7499
2388
1063
1018
7020
3118
9898
547
6630
3158
4575
7348
4916
2845
1415
9741
7863
5150
9749
7237
8227
5675
2804
2581
7444
7140
5864
2596
4364
2294
5005
7575
9815
9636
6452
4544
4437
454
6404
4980
4807
7439
7614
4735
5872
3444
5775
2877
645
590
4098
2595
8805
1663
9498
2343
3754
9833
1484
7113
2995
6437
4444
8711
3698
62
2948
9262
2128
8641
8350
3946
3792
7024
647
173
5909
23
5736
9557
166
7698
3018
9161
2475
3323
4796
652
4775
3223
8102
3022
4090
7824
6503
4032
1716
4696
432
993
1912
8293
6138
4935
5174
2719
4478
5440
1706
9169
8427
3421
1636
1291
4184
5861
6500
2249
3826
6333
4977
8108
8461
2778
2141
7329
8098
1897
661
5466
9020
3004
2695
1583
3980
1374
8696
5129
508
2949
9161
3705
5352
2876
4034
4689
4665
6963
6350
6059
1276
4471
5994
1984
449
3325
3830
9136
4275
4859
997
5383
9536
9042
8748
7166
3325
1255
359
8246
1095
3734
4954
7056
9009
2174
4193
7253
3743
1282
6508
6484
4152
4769
9861
1178
9183
4910
8716
4756
3015
7615
4650
871
254
3014
742
5755
3577
3502
4901
1627
4992
7592
8518
764
6683
1005
4705
8966
2322
3369
6957
702
7980
3032
3678
9444
9231
850
2610
8698
4625
8274
4815
5052
2820
3296
7075
7663
2981
5613
8004
3911
4552
600
6208
5356
5669
4592
5091
9336
1700
9359
771
5027
8149
4067
1135
5565
7623
4017
826
1125
9466
9502
4602
4929
6677
2344
7487
9713
5664
5947
4665
191
9111
5474
1523
4318
5710
5536
8494
7157
4534
8757
9984
3940
3088
4789
2953
7574
282
4245
131
9293
4307
2921
2316
3691
3795
5983
2380
9979
9449
1607
3751
4611
8171
4413
7637
2772
1783
5118
5491
5390
8595
3698
8941
1308
5171
7385
7290
3033
4408
9368
1721
2493
7124
2170
7345
8713
8721
8288
793
2373
3203
1207
7663
9396
9991
4840
8218
2507
7006
7777
4154
718
3373
4414
4946
8020
739
4725
6199
2152
8522
3093
3850
2205
1903
6823
8322
7072
987
1834
3972
7632
3595
2232
4155
9179
8653
8217
5203
5198
4480
4457
3108
4859
5823
344
6679
1988
9664
2335
5758
7137
5731
9525
4966
8085
5736
5630
8969
9094
3222
6660
2796
8080
9332
8210
3635
9448
5989
4728
411
579
10000
1353
2811
9833
9511
2755
2090
7697
7101
2298
4485
5855
2948
5186
6725
3750
6892
1880
4188
2085
9057
6943
7988
2927
5499
1266
335
4154
6233
9066
6305
5122
2026
8904
3676
651
1487
8458
9808
714
4499
1449
971
2810
1262
8341
2430
8753
5035
6441
1744
7365
8657
3762
4541
3489
2116
2135
8260
2792
60
7128
9744
2801
5783
3891
3742
39
1229
3767
8773
2658
6653
1084
1559
1546
5956
8135
95
7259
9114
5804
5462
5908
5656
7349
1751
8276
5554
4184
5839
2141
568
8831
6970
8799
7053
5878
9678
1004
6376
9240
7179
4709
2253
2323
317
9427
194
46
8391
4525
6520
6117
3795
7718
4609
3321
478
8895
1963
5319
