44
40
28
50
29
20
32
27
1
34
5
16
14
34
26
16
34
2
6
6
32
39
14
9
24
42
49
14
6
47
15
47
13
27
43
24
40
35
25
27
22
41
48
20
1
5
22
37
13
47
18
41
33
39
9
14
32
38
23
32
13
22
45
41
3
9
49
48
27
36
44
1
1
32
17
32
20
43
29
48
17
37
48
17
45
18
27
47
31
20
40
5
16
4
22
35
21
36
10
12
30
8
37
3
3
49
8
12
30
46
13
39
3
6
18
5
19
31
32
46
33
4
1
1
26
7
29
16
30
17
23
38
29
37
45
44
15
40
25
30
7
4
25
35
14
26
1
30
31
31
2
1
15
31
3
18
22
50
25
28
6
49
28
16
24
28
27
9
18
32
36
31
22
27
31
21
8
27
23
46
35
10
9
49
9
8
32
27
30
20
2
32
11
37
21
24
43
47
47
12
8
1
38
4
10
18
45
24
25
36
38
43
1
28
12
32
37
46
50
33
9
31
11
21
47
50
42
24
42
28
41
46
20
38
3
15
17
26
47
21
38
21
1
36
36
24
33
21
40
42
50
9
37
50
24
34
30
7
12
32
14
24
39
39
49
25
39
48
26
13
46
3
43
44
44
5
35
25
25
23
2
47
14
50
42
17
43
3
12
20
16
10
11
49
14
26
19
2
44
5
28
14
15
26
19
48
8
3
50
5
21
1
37
20
9
30
47
4
24
6
10
23
45
1
31
16
49
50
6
23
49
41
9
36
32
10
25
35
37
4
20
1
5
23
44
28
36
30
26
22
9
11
47
50
23
1
7
36
26
49
49
40
7
15
14
24
25
39
26
18
10
18
50
33
30
41
26
12
37
11
16
42
25
44
3
21
37
5
16
29
3
22
8
5
20
30
19
41
32
2
27
18
6
23
29
24
45
30
16
18
3
24
18
5
17
48
46
30
11
47
37
35
30
15
42
15
22
37
26
46
6
15
48
44
47
2
14
20
44
27
44
28
9
42
18
11
15
22
4
18
17
50
17
21
39
44
6
49
50
15
24
12
21
3
38
32
19
21
14
42
38
30
21
16
39
19
50
23
5
37
45
15
29
16
5
1
42
50
8
37
8
29
47
21
17
14
15
27
21
36
50
41
19
32
2
32
20
35
44
16
25
21
49
11
30
7
6
7
8
45
6
33
9
28
23
18
50
22
42
50
43
33
13
47
19
32
26
3
27
46
1
25
7
24
46
29
9
37
44
13
45
7
8
43
14
21
44
28
31
27
32
32
33
44
15
13
24
3
19
31
11
47
10
48
42
28
35
43
5
46
46
20
38
26
38
43
46
29
3
30
50
46
22
42
21
1
26
8
44
29
39
15
45
8
42
30
43
28
1
4
33
49
37
46
20
48
5
10
21
33
24
21
27
21
3
39
19
50
50
41
50
12
20
8
3
7
38
8
46
13
20
12
8
22
26
5
37
9
4
19
5
11
40
5
11
5
32
24
28
44
38
23
27
32
39
36
29
49
49
28
35
2
15
29
43
37
5
13
20
39
42
42
49
13
44
28
13
4
24
40
39
25
2
41
4
49
13
28
12
23
33
4
16
31
15
41
32
1
48
28
34
36
49
31
31
34
43
9
7
7
19
36
20
47
48
25
14
39
28
2
3
30
37
15
8
30
47
36
43
39
34
35
45
45
20
31
48
42
9
29
32
49
36
32
14
15
12
7
18
50
37
34
39
43
6
6
10
7
10
38
38
31
43
16
18
6
48
24
37
44
49
30
37
42
21
49
13
30
15
23
13
13
41
19
43
13
35
27
12
10
25
29
31
29
29
8
38
39
8
20
17
23
28
4
16
36
1
1
35
2
27
4
32
3
47
31
3
12
31
37
30
22
12
7
28
35
23
6
26
17
44
10
46
21
39
47
19
6
11
34
43
45
3
29
36
29
31
49
3
2
11
44
35
7
14
48
16
42
44
42
49
3
50
2
11
23
16
26
32
23
10
6
17
6
9
23
47
6
47
33
38
32
34
6
7
27
35
16
5
32
6
46
1
31
20
12
46
36
47
7
21
1
4
33
48
30
2
10
43
9
28
39
18
39
49
1
43
24
12
41
5
24
19
43
30
29
8
47
1
12
2
18
36
50
43
41
15
22
1
19
25
37
9
22
20
25
43
38
46
4
48
11
38
6
5
15
38
13
26
8
15
48
31
43
46
50
44
31
2
23
44
18
42
33
39
50
47
9
35
25
7
33
8
46
7
32
31
3
34
45
