4525
9568
3435
5230
7023
1123
7175
9580
2704
3545
7960
1587
7454
8091
8773
1199
6813
3855
4385
4939
7358
1687
650
3942
8138
941
4468
1655
3503
4652
317
1229
9328
6371
240
7571
7438
6312
9431
5446
5422
4737
9589
7474
3813
785
8925
8789
3848
2074
6902
6747
9249
8449
9115
3188
4149
9281
9248
7610
742
9052
4662
1621
8732
8413
1180
5634
2951
7612
4960
2193
1839
22
2513
109
4335
3449
5946
7926
9578
5148
2294
9511
7944
9071
324
9839
5290
9060
1669
4207
9552
7642
7444
6450
609
5573
8258
2571
7322
3885
9132
2556
2299
7166
4372
488
5760
6726
7150
4690
1954
8406
1623
4652
2708
1227
6484
2380
7725
2244
9594
7513
1267
9286
2908
4521
361
564
9816
9923
9498
1767
5203
7080
628
5042
7632
9132
1208
4187
9687
1238
3396
552
791
2132
7634
6407
579
9783
8719
9987
2281
3902
5304
2302
1029
653
58
1623
6044
8883
1295
1093
2306
6314
7988
7054
5663
5174
7937
9816
3853
3915
7283
1724
9177
1346
5473
9968
612
2457
9894
5617
3624
7392
6100
1765
2510
9931
6452
7408
6088
6405
7107
2182
7935
8499
872
6377
6422
426
6705
9175
4156
8540
7474
9938
3051
2758
2135
9831
6920
2108
8606
2059
2962
2005
4742
3643
3065
7713
6518
5948
5080
2896
5199
5019
9260
279
2629
4898
9650
973
2382
3840
2623
9493
2887
1574
5203
2028
4625
3789
2917
2342
635
7730
7064
9242
5652
7793
6084
9482
1727
3776
2141
3356
4718
8979
5722
6916
8637
5665
7871
2784
5184
9681
2226
7222
28
5660
1643
1961
3215
9153
9594
4578
4371
1079
1227
7555
9782
4201
6458
6397
2996
8790
4259
2847
5994
5258
3522
1509
491
3968
5016
9809
4267
399
8231
2608
2337
6024
1504
4130
181
4511
2952
1306
4520
161
9494
4823
8539
2541
7922
4440
8198
97
7491
647
4569
9593
65
9905
1284
7194
7958
7247
6693
3918
4898
3338
9067
4087
9721
8178
7663
2718
301
7589
8189
2595
7728
7749
2386
8650
5731
9610
1739
3130
2977
5927
9054
4921
3680
9238
8900
6784
4244
9143
1012
5629
9810
9215
2810
3827
3018
2218
2451
8270
1115
4525
7986
9421
6143
4172
6357
4864
3952
9646
7701
4423
2459
7544
8971
3512
8269
821
1376
1333
6997
2406
502
7448
5603
6667
6196
9545
5931
986
5879
6672
4461
4606
5959
1137
5965
8511
6241
1028
6520
7805
1976
5158
7067
1216
1053
1283
8609
7581
5989
2103
9306
8226
3700
8372
8077
9462
4326
9460
8186
1478
4974
2231
3845
6716
3074
8322
9690
4593
650
2243
5754
2142
1976
9754
9702
5292
7797
9789
2218
3212
8212
9069
8690
3341
2826
3970
1570
7721
4138
1460
6517
5263
3822
261
8255
5849
3779
3662
6280
6118
4319
8859
8001
6256
5920
7725
4860
8952
4572
1202
5534
5001
3300
6221
7999
2413
1009
8554
9169
2272
531
8658
8879
3854
4264
3425
4116
338
372
4527
548
8173
2758
3084
8380
4345
2214
9456
9076
5909
6059
1846
5462
3874
1092
190
5835
6512
1465
9083
7937
5059
4657
3074
3370
1350
2942
1935
9060
816
6414
3570
8542
1307
2312
6274
5594
2142
7751
695
3761
4035
5100
9733
5007
5266
3836
7235
7581
1542
4993
3668
289
5351
3538
7866
972
3506
6366
8835
2260
7012
3780
9565
2553
415
5069
3813
2875
3587
5863
8392
9528
2622
4547
640
2772
8135
7759
6259
519
3106
2916
1800
887
3188
5580
9100
1909
5888
1526
2440
8378
3921
4848
4439
1726
7206
1546
2715
6189
4959
3061
7716
2812
2266
597
1874
3770
8649
5882
1142
8750
1827
9989
769
2544
5821
4220
825
2695
9304
9124
7234
8173
3342
4266
8569
6091
4005
2343
5744
2991
1022
2149
2746
6381
6247
697
8435
7003
3374
6083
2812
9014
1613
3851
6442
2151
987
5832
6186
3396
5630
6387
5570
6134
6956
3208
3348
321
8596
1663
363
9243
4825
6939
2692
6414
5692
1289
1434
503
693
3581
3403
84
8221
9326
9510
4357
4732
9709
3626
4555
4825
1605
3751
382
9096
7965
6866
1340
8595
680
8393
7421
5058
9263
6137
3038
1752
9290
620
7102
8221
1838
7990
3872
1445
8304
5809
9882
6105
1552
2281
4591
6569
121
6076
4450
5459
9513
4273
9591
4893
6232
7346
952
8829
1447
2455
504
1214
3344
7415
5046
8122
9514
8491
4069
2671
6960
4542
4570
3617
298
2789
8108
6626
911
4539
8539
5131
5115
2702
8286
8778
6423
8800
6655
5945
5345
1491
2448
9071
949
9708
2935
1435
7162
6508
4536
4397
4605
2832
1773
9755
8035
3654
409
8017
1014
8483
8027
7290
7858
7591
5384
6939
2251
6014
8371
3097
7722
8972
4755
986
826
8345
496
3710
9491
7194
8680
9192
307
8806
8608
2145
4010
2129
8819
2071
7160
4135
7752
7387
7841
2885
5832
4005
8773
1958
6429
9108
6501
2229
9799
6721
9135
2040
9425
3582
2139
1858
697
9451
3618
3391
7075
1864
7949
5186
338
8540
6269
3118
9831
637
5980
3354
1754
461
5900
9760
3833
7133
7954
9871
8176
7736
8122
7055
3521
3545
7860
8918
3226
2317
5418
4010
6948
2921
8325
4257
4641
1397
8976
6483
2427
8351
157
7220
5220
4771
730
5663
2716
32
9932
4381
793
1302
6365
6487
6106
6015
2719
4596
4513
6870
2926
2426
9424
2041
5201
8693
626
5555
1156
3011
2013
662
4355
3363
1785
2308
7276
1209
8984
9678
9822
6313
3650
3237
1560
6163
703
5043
1291
1812
3112
9896
9359
1473
8795
3145
5875
5176
6782
3765
9523
128
5513
3980
9032
5091
5359
9901
5814
674
9644
4129
9293
6067
5770
7953
2715
6654
2409
1330
7743
1175
4545
206
8472
4112
8762
2846
731
3709
7017
1840
646
7168
8998
7640
3893
7407
6190
6048
3692
4673
7509
3830
3398
1611
611
6517
3680
2450
4315
2152
