190
245
96
230
65
455
320
440
147
374
2
223
228
158
196
141
288
251
95
491
225
270
485
146
364
175
216
364
457
288
435
64
290
453
361
481
491
462
291
63
122
405
408
39
274
52
161
190
342
54
354
52
83
92
145
153
91
146
409
155
495
238
485
311
490
374
19
417
434
306
457
460
363
98
40
212
397
278
366
280
335
330
311
128
485
327
450
252
216
176
161
256
1
387
360
105
480
128
99
448
167
420
337
303
225
75
18
474
63
312
412
11
127
312
76
92
132
420
469
63
345
135
433
207
31
471
189
478
253
40
128
276
53
360
189
155
385
326
123
407
415
191
77
56
457
410
237
338
93
366
372
168
127
84
122
284
298
273
500
402
50
66
127
107
383
274
402
322
276
47
463
13
40
206
417
5
499
150
496
252
240
22
234
170
419
483
339
272
303
6
235
175
24
186
198
80
409
379
464
27
482
264
191
299
119
367
270
98
125
385
456
44
258
110
156
420
356
479
121
88
464
16
204
306
423
257
290
319
463
176
390
57
280
265
164
239
219
103
218
239
194
411
375
65
91
264
321
410
172
176
415
188
183
394
124
148
41
31
240
368
206
464
330
415
180
328
326
139
405
162
251
498
115
477
65
196
341
314
175
222
410
164
84
292
84
168
34
231
62
429
211
98
205
174
226
196
145
73
486
371
211
130
46
309
123
271
105
498
381
42
142
213
297
145
345
31
411
73
410
56
45
248
349
57
497
96
27
315
476
80
11
403
124
320
29
189
285
301
179
61
254
322
210
127
444
356
275
282
345
196
326
269
174
479
101
152
315
394
496
17
44
290
222
349
4
141
392
31
23
243
308
186
125
458
338
52
224
71
82
298
89
86
485
126
122
109
168
10
219
22
435
415
488
368
425
217
150
410
350
370
482
110
368
162
33
232
467
61
21
442
451
216
33
430
80
39
320
126
288
158
63
208
484
489
256
62
280
143
74
120
28
173
376
43
27
463
201
103
359
333
468
383
326
13
161
98
205
22
290
5
165
29
328
54
339
166
168
83
190
46
472
6
269
455
105
179
36
59
48
79
75
482
9
181
69
495
122
49
216
346
214
54
351
344
284
409
4
383
46
145
440
368
338
395
410
290
170
233
356
247
9
136
446
116
48
359
411
382
157
136
19
414
190
214
36
364
299
239
356
335
31
135
131
47
5
485
297
157
446
462
379
50
135
457
342
199
182
310
47
140
305
313
456
25
431
449
147
55
445
220
97
375
361
482
116
119
261
5
124
58
430
50
306
492
233
377
78
20
217
278
11
172
240
247
343
365
270
188
222
167
384
459
413
358
42
317
203
466
493
353
73
328
116
118
323
460
58
149
124
24
283
437
70
427
193
227
383
328
227
36
213
335
271
334
141
142
335
1
112
231
471
355
284
56
86
247
356
203
50
211
499
351
349
111
249
394
44
435
148
189
435
57
107
109
434
391
8
465
299
173
134
34
103
217
434
12
317
421
66
256
409
82
65
499
326
4
267
346
118
95
146
275
49
413
383
361
390
93
384
273
225
299
26
182
1
339
150
292
371
226
34
190
308
130
360
108
85
97
348
243
496
83
325
372
271
109
254
76
159
434
241
112
299
186
144
107
58
247
290
277
101
56
326
311
26
99
225
253
259
116
108
472
184
44
7
39
231
134
465
420
30
467
88
319
202
2
87
273
394
144
297
456
2
321
376
41
323
404
199
174
484
204
421
152
90
468
136
374
299
432
469
475
79
144
386
206
376
206
447
127
50
354
337
442
73
393
236
169
243
393
362
146
374
346
329
444
129
222
409
96
498
340
474
154
125
320
346
73
314
458
39
389
217
380
238
310
86
118
157
193
258
229
295
320
244
62
433
273
397
268
288
125
500
76
28
496
500
303
418
194
148
15
185
110
246
160
409
352
35
408
96
481
485
292
372
282
431
482
79
383
154
376
311
428
1
424
394
226
500
148
29
241
327
191
451
480
174
272
236
242
2
500
5
197
450
62
388
49
345
321
175
122
262
199
360
127
104
378
100
150
23
6
91
357
110
68
204
181
294
46
113
257
229
492
62
362
203
369
318
263
193
483
224
167
227
204
364
407
497
251
403
413
21
259
14
225
142
233
155
193
258
422
313
137
206
19
237
388
102
341
262
456
15
347
398
298
165
141
337
20
57
126
322
317
71
446
50
231
185
409
389
210
308
211
39
381
135
210
17
192
80
247
115
416
462
481
438
187
195
311
419
22
255
305
357
95
382
121
44
349
