6991
8789
7271
7646
9941
3565
1573
8683
9066
8016
9282
7349
9823
6594
4002
4581
8053
5867
6361
8434
3725
1596
7742
5352
5329
9859
3827
3996
451
8280
6377
4559
7634
4447
8255
4459
5503
4965
7930
3839
3210
4257
6591
1406
2930
1748
3349
5785
2652
8738
5961
5842
5295
6747
3107
9429
8217
8579
6004
5123
6132
4508
6746
3473
2006
4100
6117
7471
9570
791
4222
4794
2233
3448
3789
502
2268
4791
1564
567
6695
3952
6738
7466
4378
176
1827
4233
3490
6898
2821
6757
4396
2893
8371
663
2276
3551
7039
1
3703
4474
9547
1137
8164
6160
8220
1264
5509
1250
6338
1469
4304
7053
909
2243
2774
1776
7460
286
2316
5247
2984
9872
5335
1484
7267
9329
1675
9230
8218
5970
8119
3630
4801
8518
4918
4056
9983
9548
9175
5713
4447
9385
3254
5846
6236
5243
6878
3766
5878
9905
4179
48
5845
5187
3570
9256
2082
5655
4630
5745
8790
2187
7041
2222
8723
4254
5899
257
4625
4946
9051
258
5891
9202
7350
9000
7282
7481
5335
511
4489
8087
2579
9423
4949
1141
9786
9189
513
8567
889
6765
2944
8956
1124
6599
6116
4179
4421
1407
9230
2855
9031
4296
3259
9536
359
6780
5953
8615
8346
2904
4290
482
7662
355
9075
7540
2323
1944
9539
5491
5521
3129
8043
1503
3677
8997
7901
5338
4538
8263
2477
830
6044
5965
2063
4888
2916
6040
4004
5338
1609
9881
5398
3571
5910
5498
8527
144
8414
6415
1831
4047
3725
5913
7409
9468
7354
2634
2787
8698
302
4692
3771
4238
4164
3379
2669
2938
5086
4706
2076
5381
9004
1466
2552
9732
2042
9880
6801
888
7016
6274
5158
8419
5684
781
4585
1920
8672
6037
8250
6476
6879
904
6965
7127
9203
6314
402
9333
3610
1292
2761
7109
6854
67
3418
9754
5154
8462
5133
903
6597
4024
6678
5391
5082
9887
2659
6319
1076
8540
8889
6081
444
369
7697
3705
1986
1630
5267
230
2593
2260
2764
4055
9477
400
4334
1606
3557
29
6923
3157
2471
3543
2444
3897
9438
1208
9214
2594
1029
1079
214
3370
6320
6417
450
4410
6551
9290
1346
7454
1961
3908
7838
5964
4909
3866
3417
7458
3908
5010
6892
1589
190
6459
9378
4722
7843
4428
9634
3272
2471
6315
2798
5206
3134
4706
278
147
2816
277
9963
4586
860
8736
2627
344
7258
8973
5296
5588
6142
4227
666
2392
9201
8676
7394
7409
555
2032
5245
172
6158
2054
7253
7979
1472
6968
7931
5099
4798
8023
947
1438
3109
7006
5250
3404
969
3705
3797
3493
5154
7199
496
4793
3798
4732
7887
3275
5976
2296
3920
3619
4455
6491
3257
8191
2818
8744
7080
3299
4197
8824
1032
8313
4488
8652
2880
1243
163
7663
1415
4192
319
3894
7057
693
5946
3454
4940
9663
5239
5406
9979
8277
532
6127
6089
3892
3631
4913
7527
1283
427
1073
1725
1216
7018
9415
5815
9475
9975
3291
9045
8956
34
3385
4612
5517
8190
2827
7206
5205
4866
8409
9227
3248
2081
8827
9448
2006
8895
2062
365
2996
5374
6534
6042
9601
3184
2197
7719
3242
7425
8424
6851
2388
3520
3883
8640
6679
502
6183
4227
4089
8488
8369
5602
8770
2380
9486
2824
239
7079
4755
6153
2873
5203
6229
9101
9986
1099
4039
220
7221
7731
6451
5793
150
3892
6178
2897
2910
8617
5781
7653
7475
6276
545
7321
2256
5333
3944
2077
4337
6536
2247
3948
2976
7490
225
5240
3218
8146
7986
1899
838
6877
806
4860
7990
8914
2256
7646
5367
8604
9676
4377
1937
1033
8418
5480
941
9000
9735
6464
8413
8857
1272
6623
6493
3661
8537
2684
5973
8006
3907
9725
3026
8729
5582
2352
7021
7626
285
660
5946
4780
4018
6921
6598
519
2297
6949
9032
6755
1988
9905
297
4372
5163
4222
192
6353
8784
309
6630
8549
4978
463
4537
1788
3931
6311
292
6308
8961
4280
6121
738
3298
2835
162
8561
1351
7305
3075
8777
4231
2879
7316
6804
1222
1647
3226
2114
4759
8446
7122
6834
4010
272
7646
6539
6497
246
4249
658
9440
20
5413
1801
5275
1710
8116
2557
9972
4283
1401
4495
3189
7299
4515
1195
1056
6211
9398
3445
7062
1729
1966
1346
3651
380
394
2896
7078
6880
9106
542
6648
7170
2579
8374
252
3325
7550
592
9042
8954
5817
1661
5859
7036
388
6704
7798
9762
8190
5962
6903
3704
5235
8552
294
1194
4527
4235
2471
2865
7296
1749
4121
229
4738
7683
6263
5538
6958
2422
3342
6417
8529
2406
5893
7374
9611
5768
8351
8730
7136
7510
7193
2607
3036
7598
3974
5981
1087
79
7711
9559
6937
4319
8615
4248
3442
1600
8448
3991
7070
9467
6261
138
4442
9039
3167
6048
8116
3507
9975
465
1051
2654
8118
5461
6565
3435
1015
2433
6093
807
1914
2131
3544
3279
4018
510
9035
4013
1298
9042
4709
5079
4038
1412
1441
3941
4872
7886
7078
1400
2000
9606
6857
9568
8849
3606
2461
2634
1916
6716
1828
1682
2629
3209
8233
113
8104
4255
8603
4082
6359
4201
8983
4577
1591
5666
153
75
6719
2661
6382
4500
7486
6109
974
8899
1243
751
9305
2935
4377
9586
3436
4853
4139
1190
9647
4608
522
952
5238
9279
5622
8361
8333
3895
2671
8855
2472
8404
7458
7010
757
1922
3228
2424
8958
1821
6321
7453
1636
4490
2237
7044
7051
74
1313
9457
8580
983
591
2738
3816
8925
6766
8064
966
8141
747
3059
1851
3576
2236
7776
9431
2198
5811
821
3397
5176
463
8233
509
8545
3836
3915
8570
4469
4030
5965
7671
7228
2719
7971
4178
581
4563
2087
6801
7657
7996
1986
5417
4786
53
1081
5045
5761
2599
7052
8093
431
9288
64
4116
7431
3234
5870
5543
2821
7202
9989
3980
1183
3129
1178
9485
8197
7286
4078
4950
8968
8890
2067
5232
1132
1851
4450
2155
