139587
139587
139587
139588
139588
139588
139589
139589
139589
139589
139589
139590
139590
139590
139590
139591
139591
139591
139591
139591
139616
139616
139616
139616
139616
139617
139617
139617
139618
139618
139618
139618
139618
139618
139619
139619
139619
139619
139619
139619
139620
139620
139620
139620
139620
139620
139620
139621
139621
139621
139622
139622
139622
139623
139623
139623
139623
139623
139623
139623
139648
139648
139648
139648
139648
139648
139648
139649
139649
139649
139649
139649
139649
139650
139650
139650
139651
139651
139652
139652
139652
139652
139652
139652
139653
139653
139653
139654
139654
139654
139654
139655
139655
139655
139655
139655
139680
139681
139681
139682
139683
139683
139684
139684
139684
139684
139685
139686
139687
139687
139687
139687
139712
139712
139712
139712
139712
139713
139713
139714
139714
139714
139714
139715
139715
139716
139716
139717
139717
139717
139717
139717
139717
139717
139718
139718
139719
139719
139719
139719
139744
139745
139745
139745
139746
139746
139746
139746
139746
139747
139747
139747
139747
139747
139747
139748
139749
139749
139749
139749
139749
139749
139750
139750
139750
139751
139751
139751
139751
139751
139751
139751
139776
139776
139776
139776
139776
139777
139778
139778
139778
139778
139778
139778
139778
139779
139779
139779
139779
139779
139779
139779
139780
139780
139781
139781
139781
139781
139782
139782
139783
139783
139783
139783
139783
139783
139783
139808
139808
139808
139808
139808
139809
139810
139810
139810
139810
139811
139811
139811
139812
139812
139812
139812
139812
139813
139813
139813
139814
139814
139814
139814
139814
139815
139815
139840
139840
139840
139841
139841
139841
139841
139841
139841
139842
139842
139843
139843
139844
139844
139844
139844
139844
139844
139845
139845
139846
139846
139847
139872
139872
139872
139872
139872
139872
139872
139873
139873
139873
139873
139873
139873
139874
139874
139874
139874
139874
139874
139875
139875
139875
139875
139875
139875
139876
139876
139876
139876
139876
139877
139877
139877
139878
139878
139878
139879
139879
139879
139879
139879
139879
139904
139904
139905
139905
139905
139905
139906
139906
139906
139906
139906
139907
139907
139907
139907
139907
139907
139908
139909
139909
139909
139909
139909
139909
139910
139910
139910
139911
139911
139911
139911
139911
139936
139937
139937
139937
139937
139937
139938
139938
139938
139939
139939
139939
139939
139939
139939
139939
139940
139941
139941
139941
139941
139941
139941
139941
139942
139943
139943
139943
139968
139968
139968
139968
139968
139968
139969
139969
139969
139969
139969
139969
139970
139970
139970
139970
139970
139970
139970
139971
139971
139971
139971
139971
139971
139972
139972
139973
139973
139973
139973
139974
139974
139975
140000
140000
140000
140000
140001
140001
140001
140002
140002
140002
140002
140003
140003
140003
140003
140003
140003
140003
140004
140004
140004
140004
140004
140005
140005
140006
140006
140007
140007
140007
140032
140032
140032
140032
140032
140033
140034
140034
140034
140034
140034
140035
140036
140037
140037
140038
140038
140038
140038
140038
140038
140039
140064
140065
140065
140066
140066
140066
140066
140067
140067
140067
140068
140068
140068
140068
140068
140069
140069
140069
140069
140069
140070
140070
140070
140070
140070
140070
140071
140071
140071
140096
140096
140097
140097
140097
140097
140097
140097
140097
140098
140098
140098
140099
140099
140099
140099
140099
140100
140101
140101
140101
140101
140101
140101
140102
140102
140102
140102
140102
140103
140103
140103
140103
140103
140128
140128
140128
140128
140128
140128
140128
140129
140129
140129
140130
140130
140130
140130
140130
140131
140131
140131
140132
140132
140132
140132
140132
140132
140132
140133
140133
140133
140133
140133
140133
140134
140134
140134
140134
140134
140135
140135
140135
140135
140160
140161
140161
140161
140161
140162
140162
140162
140162
140162
140163
140163
140163
140163
140163
140164
140164
140164
140164
140165
140166
140166
140166
140167
140167
140167
140167
140167
140167
140192
140192
140192
140192
140193
140194
140194
140194
140194
140194
140194
140194
140195
140195
140196
140197
140197
140197
140198
140198
140198
140198
140198
140198
140199
140224
140224
140224
140224
140224
140225
140226
140226
140227
140227
140227
140227
140227
140228
140228
140228
140228
140229
140229
140230
140230
140231
140231
140231
140256
140256
140256
140257
140258
140258
140258
140258
140258
140258
140259
140259
140260
140260
140260
140260
140260
140260
140260
140261
140261
140262
140262
140262
140262
140262
140262
140263
140288
140288
140289
140289
140289
140290
140290
140290
140290
140290
140290
140291
140291
140292
140292
140292
140292
140292
140292
140293
140293
140294
140294
140294
140294
140294
140294
140295
140295
140295
140295
140295
140320
140320
140321
140321
140321
140321
140321
140321
140321
140322
140323
140323
140323
140323
140323
140323
140323
140324
140324
140324
140324
140324
140324
140324
140325
140326
140326
140327
140352
140353
140353
140353
140353
140353
140353
140354
140354
140354
140354
140354
140354
140355
140355
140355
140355
140355
140355
140356
140356
140357
140357
140357
140357
140357
140358
140358
140358
140359
140359
140359
140384
140385
140385
140385
140385
140385
140385
140386
140386
140386
140386
140386
140386
140386
140387
140387
140387
140387
140387
140387
140387
140388
140388
140388
140388
140388
140388
140388
140389
140389
140389
140389
140390
140390
140390
140390
140391
140391
140416
140417
140417
140417
140417
140417
140418
140418
140418
140419
140420
140420
140420
140421
140421
140422
140422
140422
140422
140422
140423
140423
140423
140423
140423
140448
140449
140449
140449
140449
140449
140450
140450
140450
140450
140451
140451
140451
140451
140451
140451
140451
140452
140452
140452
140452
140452
140453
140453
140453
140453
140453
140454
140454
140454
140454
140454
140455
140455
140455
140455
140455
140455
140480
140480
140481
140481
140481
140481
140482
140482
140482
140482
140482
140483
140483
140483
140484
140484
140484
140484
140485
140485
140485
140485
140485
140486
140486
140486
140486
140486
140486
140487
140512
140512
140512
140512
140512
140512
140513
140514
140514
140514
140515
140515
140515
140515
140515
140515
140516
140516
140516
140516
140516
140517
140517
140518
140519
140519
140519
140519
140519
140544
140545
140545
140546
140546
140547
140547
140547
140547
140547
140547
140547
140548
140548
140548
140548
140548
140548
140549
140549
140550
140550
140550
140550
140550
140550
140551
140576
140577
140578
140578
140579
140579
140579
140579
140580
140580
140580
140580
140580
140581
140581
140581
140581
140581
140581
140582
140582
140582
140582
140582
140582
140582
140583
140583
140583
140583
140583
140583
140583
140608
140608
140608
140608
140608
140608
140608
140609
140609
140609
140609
140609
140610
140610
140610
140610
140611
140611
140611
140611
140611
140611
140611
140612
140612
140612
140612
140612
140612
140612
140613
140613
