34
22
34
49
18
48
19
16
14
34
30
28
47
40
11
19
14
14
42
2
12
42
37
14
40
28
49
5
5
44
36
13
45
40
30
21
27
10
24
39
47
1
10
50
34
29
12
27
31
22
20
13
6
18
40
10
39
32
9
13
5
47
5
4
35
48
38
9
23
47
20
33
7
12
41
35
29
31
42
36
49
18
36
44
37
22
11
22
26
2
26
12
4
6
44
17
42
18
43
14
1
35
28
34
44
21
38
11
10
29
28
24
34
13
32
44
46
11
10
25
11
29
11
38
40
2
7
35
45
32
18
17
37
23
19
18
45
31
32
18
28
19
26
42
10
42
34
41
24
12
24
44
39
30
38
43
2
47
23
25
27
15
1
23
35
16
32
19
16
34
38
49
44
3
9
28
20
19
3
28
45
16
18
4
6
9
26
14
38
26
19
43
6
40
14
44
7
12
7
32
48
8
24
48
11
8
27
41
29
2
7
19
1
18
37
14
20
40
16
40
20
26
20
27
1
20
25
43
16
15
35
39
39
31
43
3
12
34
28
31
18
21
37
39
23
19
31
24
44
9
48
4
22
28
19
17
8
8
42
3
20
20
49
15
11
28
32
47
48
6
5
13
38
36
43
3
20
23
2
39
17
42
24
5
19
19
21
45
21
15
37
8
47
19
28
23
50
35
20
17
19
47
2
1
40
26
14
47
36
1
25
22
27
9
37
43
35
45
29
4
24
9
30
14
48
21
21
40
47
1
24
15
18
48
32
35
11
46
3
27
44
35
4
2
27
28
28
43
6
24
6
50
11
12
37
6
2
38
24
43
23
41
16
21
36
37
33
42
45
26
38
26
2
7
28
10
41
31
24
36
20
20
49
28
27
22
26
18
1
25
45
6
21
22
25
38
22
36
19
11
44
49
14
46
45
46
11
30
7
9
37
10
23
9
25
33
25
44
44
40
32
1
29
8
17
5
44
42
16
15
24
29
2
8
28
38
26
23
20
49
21
9
43
22
23
48
11
47
34
2
10
40
1
35
22
14
4
45
16
36
15
44
28
20
16
19
32
29
2
35
31
28
7
4
15
4
18
6
45
42
11
25
11
3
18
14
17
13
31
45
14
37
13
43
43
38
29
20
32
38
42
2
46
11
32
36
18
34
39
23
8
2
34
47
21
30
34
13
36
42
35
2
23
42
11
24
16
25
33
2
29
43
24
24
3
44
46
42
35
36
34
38
43
6
2
20
31
42
1
11
14
32
3
12
44
47
10
2
40
39
33
50
28
46
35
24
45
9
2
42
20
38
41
22
5
30
43
20
43
1
44
4
19
24
1
21
45
29
20
21
48
42
48
5
4
28
19
29
25
38
8
46
34
7
23
26
3
22
11
45
22
24
16
41
5
6
11
41
18
37
35
38
42
38
18
35
8
1
2
13
29
30
49
35
47
46
3
48
48
39
23
2
23
25
18
12
9
10
47
46
34
6
49
9
18
42
19
30
35
28
1
36
7
7
8
48
3
37
26
24
3
50
47
39
24
12
7
3
29
33
34
44
16
35
37
13
27
25
25
43
1
16
19
22
22
44
48
48
24
31
17
7
39
35
34
15
24
36
6
21
12
17
36
35
23
5
7
47
36
43
38
11
2
32
10
28
42
17
19
8
19
30
21
18
4
17
21
29
10
6
22
12
38
44
12
6
7
49
29
30
45
7
45
35
5
17
2
6
49
11
39
8
40
49
41
30
36
39
9
46
4
24
33
26
12
33
13
42
4
20
16
34
12
16
22
34
40
36
16
6
45
31
45
22
15
19
28
30
8
14
20
26
48
36
17
21
9
44
39
26
19
1
25
32
15
21
42
22
38
17
3
40
18
30
23
48
21
8
42
45
44
5
44
22
34
40
27
42
34
7
6
42
28
13
49
39
24
49
32
6
17
38
15
35
5
9
25
22
49
10
40
2
47
34
17
38
32
22
43
22
47
7
18
48
41
43
50
35
44
16
37
45
36
33
7
5
27
41
32
46
30
30
48
43
44
6
23
7
12
17
7
20
12
47
48
46
26
3
12
49
9
26
22
5
36
19
45
24
27
10
33
1
14
32
44
38
28
18
44
20
9
32
29
16
17
44
24
14
12
14
8
33
50
17
26
29
33
1
38
2
6
47
32
27
37
25
37
50
25
4
34
8
2
25
13
30
20
38
14
16
37
30
17
36
41
47
7
28
14
2
19
47
38
11
25
40
11
6
12
32
11
15
14
45
47
13
12
38
4
35
