103558
103558
103559
103559
103559
103559
103559
103559
103559
103584
103584
103584
103584
103584
103584
103585
103585
103585
103586
103586
103586
103586
103586
103587
103588
103588
103588
103588
103589
103590
103591
103591
103591
103591
103591
103591
103591
103616
103616
103616
103616
103617
103617
103617
103617
103618
103618
103619
103619
103619
103619
103620
103620
103620
103620
103620
103620
103620
103621
103621
103621
103621
103621
103621
103622
103622
103622
103622
103622
103622
103622
103623
103623
103623
103623
103623
103648
103648
103648
103648
103648
103648
103649
103649
103649
103650
103650
103650
103650
103650
103650
103650
103651
103651
103651
103651
103652
103652
103652
103652
103652
103653
103653
103653
103653
103653
103653
103654
103654
103654
103655
103655
103655
103680
103680
103680
103680
103680
103680
103680
103681
103681
103682
103682
103682
103682
103682
103682
103683
103684
103684
103684
103685
103685
103685
103685
103685
103685
103686
103686
103686
103686
103686
103687
103687
103687
103687
103712
103712
103712
103712
103712
103713
103713
103713
103714
103714
103714
103714
103715
103715
103715
103715
103715
103716
103717
103717
103717
103717
103717
103717
103717
103718
103719
103719
103719
103719
103744
103744
103745
103746
103746
103746
103746
103746
103746
103746
103747
103747
103747
103747
103747
103747
103748
103748
103749
103749
103749
103749
103749
103750
103750
103750
103750
103750
103750
103751
103751
103751
103751
103751
103776
103776
103776
103776
103777
103777
103777
103778
103778
103779
103779
103779
103779
103780
103780
103780
103780
103781
103781
103781
103781
103781
103781
103782
103782
103782
103782
103782
103783
103783
103783
103783
103808
103808
103808
103808
103808
103809
103809
103809
103809
103809
103810
103810
103810
103810
103810
103811
103811
103812
103812
103812
103813
103813
103813
103813
103813
103813
103813
103814
103814
103814
103814
103815
103815
103815
103815
103840
103840
103840
103840
103840
103840
103841
103841
103841
103841
103841
103841
103841
103842
103842
103843
103844
103844
103844
103844
103845
103846
103846
103846
103846
103846
103847
103847
103847
103847
103872
103872
103872
103872
103872
103872
103872
103873
103873
103873
103873
103873
103874
103875
103875
103875
103876
103876
103876
103876
103876
103877
103877
103877
103877
103877
103878
103878
103878
103878
103878
103878
103878
103879
103879
103879
103879
103904
103904
103904
103904
103904
103904
103904
103905
103905
103905
103905
103905
103906
103906
103906
103906
103906
103906
103906
103907
103907
103907
103908
103908
103908
103908
103909
103909
103909
103910
103910
103910
103910
103910
103910
103910
103911
103911
103911
103911
103911
103936
103936
103936
103936
103936
103936
103937
103937
103937
103937
103937
103937
103937
103938
103938
103938
103938
103938
103939
103939
103940
103941
103942
103942
103942
103942
103942
103942
103942
103943
103943
103943
103943
103943
103943
103968
103969
103969
103969
103969
103969
103969
103969
103970
103970
103970
103970
103971
103971
103971
103971
103972
103973
103974
103974
103974
103975
104000
104001
104001
104001
104001
104002
104002
104002
104002
104002
104003
104003
104003
104003
104004
104004
104005
104006
104006
104006
104006
104006
104007
104007
104007
104032
104032
104032
104032
104032
104032
104033
104033
104033
104033
104034
104035
104035
104035
104035
104036
104036
104036
104036
104036
104036
104037
104037
104037
104038
104038
104038
104038
104038
104038
104038
104039
104039
104039
104064
104064
104064
104064
104064
104064
104064
104065
104065
104066
104066
104066
104066
104067
104067
104067
104068
104068
104068
104068
104068
104068
104069
104069
104069
104069
104070
104071
104071
104096
104096
104096
104096
104096
104097
104097
104097
104097
104097
104097
104098
104098
104098
104099
104099
104099
104099
104100
104100
104100
104100
104101
104101
104102
104103
104103
104103
104103
104103
104103
104128
104128
104128
104128
104128
104128
104129
104130
104130
104130
104130
104130
104130
104131
104132
104132
104132
104133
104133
104133
104133
104133
104134
104134
104134
104134
104134
104134
104135
104160
104160
104160
104160
104161
104161
104162
104162
104162
104162
104162
104163
104163
104163
104163
104163
104163
104164
104164
104164
104165
104166
104166
104167
104192
104193
104193
104193
104193
104193
104194
104195
104196
104196
104196
104196
104197
104198
104198
104198
104198
104198
104198
104199
104224
104224
104224
104224
104224
104225
104225
104225
104225
104225
104225
104226
104226
104226
104226
104226
104226
104227
104227
104228
104228
104228
104228
104228
104228
104229
104230
104231
104256
104256
104256
104256
104257
104257
104257
104258
104258
104259
104259
104259
104259
104259
104260
104260
104260
104260
104260
104260
104261
104261
104261
104262
104263
104263
104263
104263
104263
104288
104288
104288
104288
104288
104288
104288
104289
104289
104289
104290
104290
104290
104291
104292
104292
104292
104293
104293
104293
104293
104293
104293
104294
104294
104294
104294
104294
104294
104295
104320
104320
104320
104321
104321
104322
104322
104322
104322
104322
104322
104322
104323
104323
104323
104324
104324
104325
104326
104326
104327
104352
104352
104352
104352
104353
104354
104354
104355
104356
104356
104357
104357
104357
104357
104357
104357
104357
104358
104358
104358
104358
104358
104358
104358
104359
104359
104359
104359
104359
104384
104384
104384
104384
104385
104385
104385
104385
104385
104385
104386
104386
104386
104387
104387
104387
104387
104387
104387
104387
104388
104388
104388
104388
104388
104389
104389
104389
104389
104389
104389
104389
104390
104390
104390
104390
104390
104390
104391
104391
104391
104391
104391
104391
104416
104416
104416
104416
104416
104417
104417
104417
104417
104417
104417
104417
104418
104418
104419
104420
104421
104421
104421
104421
104422
104422
104422
104422
104423
104423
104423
104423
104423
104448
104449
104449
104449
104449
104450
104450
104451
104451
104451
104451
104451
104452
104452
104452
104452
104452
104453
104453
104453
104453
104453
104454
104454
104454
104454
104455
104455
104455
104455
104480
104480
104480
104480
104480
104480
104480
104481
104482
104482
104482
104482
104482
104482
104482
104483
104483
104483
104483
104483
104483
104483
104484
104484
104485
104485
104485
104485
104485
104486
104486
104486
104486
104486
104487
104487
104487
104487
104487
104487
104487
104512
104512
104512
104512
104512
104513
104513
104513
104513
104513
104513
104513
104514
104514
104515
104515
104515
104515
104515
104515
104515
104516
104516
104517
104517
104517
104517
104518
104518
104518
104519
104519
104519
104519
104519
104544
104544
104544
104544
104545
104545
104545
104545
104545
104545
104546
104546
104546
104546
104546
104546
104547
104548
104548
104548
104548
104548
104548
104548
104549
104549
104549
104549
104550
104550
104550
104550
104550
104550
104550
104551
104551
104551
104551
104576
104576
104577
104577
104577
104577
104577
104578
104578
104578
