34
11
3
32
14
30
28
27
46
43
19
35
34
1
16
27
15
49
20
31
24
2
38
3
8
17
48
22
28
44
46
44
15
10
48
42
14
10
49
4
39
2
23
26
8
25
22
40
6
32
10
25
48
43
17
19
49
11
29
33
47
36
18
2
12
6
11
14
16
10
6
9
49
9
20
12
28
12
13
50
50
5
1
36
9
43
40
27
9
45
48
26
11
4
10
13
46
17
37
44
1
15
19
21
35
30
16
27
4
1
38
47
19
13
49
8
13
47
3
43
19
19
17
33
42
1
43
36
43
16
10
32
9
6
22
11
29
40
42
24
15
32
36
6
38
14
27
27
28
49
43
31
22
39
37
1
50
35
36
18
36
5
9
47
5
35
38
22
18
25
46
14
3
29
39
10
14
7
42
16
22
30
8
21
9
39
30
45
10
13
2
39
26
8
43
20
22
7
11
31
6
1
10
35
43
34
3
26
10
24
29
39
2
14
8
6
27
47
48
40
17
3
33
25
39
48
34
33
35
46
6
46
26
12
44
19
14
39
9
10
4
20
24
9
17
38
28
7
18
10
23
38
43
39
16
7
25
1
34
31
4
36
46
7
18
6
32
39
19
43
25
22
13
13
1
14
42
18
1
16
1
43
34
12
21
30
25
9
42
3
26
3
47
33
39
26
21
13
16
40
10
8
21
38
36
43
1
31
7
24
23
13
9
5
7
13
34
28
1
26
50
21
21
48
25
6
22
36
27
28
44
34
2
18
11
23
14
10
40
14
12
9
4
27
16
41
2
20
37
20
22
35
20
12
19
2
29
4
7
12
5
19
22
3
35
16
16
19
18
18
45
9
16
8
39
1
31
36
22
42
8
33
35
14
37
27
36
43
34
44
5
39
6
39
43
24
15
28
3
14
21
23
34
49
33
10
4
7
46
39
16
46
40
23
28
16
14
28
23
31
33
27
23
49
45
41
38
9
47
36
26
44
19
2
41
2
41
47
42
48
9
49
20
38
25
4
28
2
33
30
22
40
33
17
29
5
43
22
11
31
39
35
12
26
36
4
40
10
23
12
32
45
19
33
21
10
2
18
10
31
17
6
32
16
7
2
24
47
30
28
41
17
37
46
39
45
36
28
25
48
6
32
7
25
50
50
26
21
18
4
3
43
38
32
38
34
6
34
18
24
29
22
24
17
44
40
49
44
29
25
50
42
40
31
34
17
8
30
9
2
38
23
13
11
42
14
16
48
50
34
23
38
50
21
28
49
38
39
44
24
11
43
45
2
28
46
31
14
40
21
40
42
22
41
9
17
48
1
8
38
50
28
24
4
38
40
9
48
41
25
6
22
28
3
38
13
35
15
45
36
49
35
23
29
40
16
50
38
19
17
43
8
28
30
25
33
21
33
30
6
50
21
46
12
41
31
7
36
6
50
32
48
46
1
17
32
6
8
28
29
25
1
34
24
41
45
4
1
21
27
49
47
49
44
24
39
13
50
2
4
34
24
1
33
31
30
4
17
24
45
50
45
25
4
9
2
38
17
13
27
42
44
38
33
21
1
18
49
36
41
26
5
40
39
39
12
12
45
35
10
19
19
3
34
8
10
39
39
27
49
23
31
24
40
28
26
26
47
29
46
44
2
22
46
35
4
45
42
43
3
25
37
15
20
26
47
18
27
19
16
47
15
17
50
8
47
10
16
24
31
5
38
43
29
32
5
43
46
20
34
45
34
40
6
27
14
11
6
31
39
19
35
34
31
2
41
20
48
8
23
36
18
50
15
1
37
38
27
16
7
4
29
50
47
1
41
49
29
18
28
40
18
31
42
11
50
6
26
21
5
8
42
11
16
42
4
47
24
39
16
41
8
41
33
21
19
19
6
1
13
17
49
50
23
40
27
36
8
46
1
34
42
12
15
14
15
34
18
26
13
3
33
33
1
25
44
35
7
36
31
1
14
19
15
29
45
21
2
9
33
50
6
15
25
18
19
10
1
7
36
29
35
18
29
5
15
31
48
18
50
29
24
15
20
44
18
39
16
13
17
30
46
32
42
46
32
19
34
22
35
41
26
38
34
33
24
48
44
22
5
7
33
2
43
36
11
46
4
48
39
25
22
40
8
38
26
25
43
25
40
3
44
44
47
11
7
11
39
3
50
18
14
30
32
7
11
15
7
25
25
5
28
19
14
1
2
8
22
27
30
26
17
25
35
44
24
19
38
1
29
22
1
49
31
4
5
40
40
19
39
25
4
14
41
49
41
39
5
37
9
