281091
281092
281092
281092
281092
281093
281094
281095
281095
281120
281121
281121
281121
281121
281121
281122
281122
281122
281122
281122
281122
281122
281123
281124
281125
281125
281125
281126
281127
281152
281152
281152
281152
281152
281152
281153
281154
281154
281154
281154
281154
281154
281155
281155
281155
281155
281156
281157
281157
281157
281157
281157
281157
281158
281158
281158
281158
281158
281159
281159
281159
281159
281159
281159
281184
281185
281185
281186
281187
281187
281188
281188
281189
281189
281189
281189
281189
281189
281190
281191
281191
281191
281191
281191
281216
281216
281216
281217
281217
281217
281217
281217
281217
281217
281218
281218
281218
281218
281218
281218
281218
281219
281219
281219
281219
281219
281220
281221
281221
281221
281222
281222
281222
281222
281223
281223
281223
281223
281248
281248
281248
281248
281249
281250
281250
281251
281251
281251
281252
281252
281253
281253
281253
281253
281253
281254
281254
281255
281255
281255
281255
281255
281280
281281
281281
281281
281281
281281
281282
281283
281283
281283
281283
281284
281284
281284
281284
281284
281285
281285
281285
281285
281285
281285
281285
281286
281286
281287
281287
281287
281287
281312
281312
281312
281312
281312
281312
281312
281313
281313
281313
281313
281313
281314
281314
281314
281315
281315
281315
281315
281315
281316
281316
281317
281317
281317
281317
281317
281317
281317
281318
281319
281319
281319
281319
281344
281344
281344
281345
281346
281346
281346
281346
281346
281346
281347
281347
281347
281348
281349
281349
281349
281350
281350
281351
281351
281351
281351
281351
281376
281376
281376
281376
281377
281377
281377
281377
281377
281377
281377
281378
281379
281379
281379
281379
281379
281379
281379
281380
281380
281380
281381
281381
281382
281382
281383
281383
281383
281408
281409
281410
281410
281410
281410
281410
281411
281411
281411
281411
281411
281412
281412
281412
281412
281412
281412
281413
281413
281413
281414
281414
281414
281414
281414
281414
281415
281415
281415
281440
281440
281440
281441
281442
281442
281442
281443
281443
281443
281443
281444
281444
281444
281444
281444
281444
281445
281445
281446
281446
281446
281446
281446
281446
281446
281447
281472
281473
281474
281474
281475
281476
281476
281476
281477
281478
281478
281479
281479
281479
281479
281479
281479
281504
281504
281504
281504
281504
281504
281505
281505
281505
281505
281506
281507
281507
281507
281508
281508
281508
281508
281508
281508
281508
281509
281509
281509
281509
281509
281509
281509
281510
281510
281510
281510
281510
281510
281511
281511
281511
281511
281511
281511
281536
281536
281536
281536
281536
281536
281537
281537
281538
281538
281538
281538
281538
281538
281539
281539
281539
281539
281539
281539
281539
281540
281540
281540
281540
281540
281540
281540
281541
281541
281541
281541
281542
281542
281542
281542
281542
281542
281543
281568
281568
281568
281568
281568
281568
281568
281569
281569
281569
281569
281569
281569
281569
281570
281571
281571
281571
281571
281571
281571
281572
281572
281572
281572
281572
281572
281573
281573
281573
281574
281574
281574
281574
281574
281574
281574
281575
281575
281600
281600
281601
281602
281602
281602
281602
281602
281602
281603
281603
281603
281603
281604
281604
281605
281606
281606
281606
281607
281607
281607
281632
281632
281633
281633
281633
281633
281633
281633
281633
281634
281634
281634
281634
281634
281635
281635
281636
281637
281637
281637
281637
281637
281637
281637
281638
281639
281639
281639
281639
281639
281639
281664
281664
281664
281664
281664
281664
281665
281665
281665
281665
281665
281666
281666
281666
281666
281666
281667
281667
281667
281667
281667
281667
281667
281668
281668
281668
281668
281668
281668
281668
281669
281670
281670
281670
281670
281670
281670
281670
281671
281696
281696
281696
281696
281696
281696
281697
281697
281697
281697
281698
281699
281699
281699
281699
281699
281700
281700
281700
281700
281700
281700
281700
281701
281701
281701
281701
281701
281701
281702
281702
281702
281702
281702
281703
281703
281703
281703
281703
281703
281728
281728
281729
281729
281729
281729
281729
281730
281730
281730
281730
281730
281730
281730
281731
281731
281731
281732
281732
281732
281732
281732
281733
281733
281734
281734
281735
281735
281735
281735
281735
281735
281735
281760
281760
281760
281760
281760
281761
281761
281761
281762
281762
281762
281762
281762
281762
281763
281763
281763
281763
281764
281764
281764
281764
281764
281764
281764
281765
281765
281765
281765
281765
281765
281766
281766
281766
281766
281766
281766
281766
281767
281767
281792
281792
281793
281793
281793
281793
281794
281795
281795
281795
281795
281795
281795
281795
281796
281796
281796
281796
281797
281797
281797
281797
281797
281797
281798
281798
281799
281799
281799
281799
281824
281825
281826
281827
281827
281827
281827
281827
281827
281827
281828
281828
281828
281828
281828
281828
281828
281829
281829
281829
281829
281830
281830
281830
281830
281831
281856
281856
281856
281856
281856
281856
281857
281857
281858
281859
281859
281860
281861
281861
281862
281862
281862
281862
281862
281862
281862
281863
281863
281863
281863
281863
281863
281888
281889
281889
281889
281889
281889
281890
281890
281890
281890
281890
281891
281891
281891
281892
281892
281892
281892
281892
281892
281893
281893
281894
281894
281894
281894
281894
281894
281895
281920
281920
281920
281920
281920
281921
281921
281922
281923
281923
281923
281923
281923
281923
281923
281924
281924
281924
281925
281926
281926
281926
281926
281927
281927
281952
281952
281952
281952
281952
281953
281953
281953
281953
281953
281954
281954
281955
281955
281955
281955
281955
281955
281956
281956
281956
281956
281956
281956
281956
281957
281957
281957
281957
281957
281958
281959
281959
281959
281959
281959
281984
281984
281984
281985
281986
281986
281986
281986
281986
281986
281986
281987
281988
281988
281988
281988
281988
281989
281989
281989
281989
281989
281989
281989
281990
281990
281990
281990
281990
281990
281991
282016
282016
282017
282017
282017
282017
282018
282018
282018
282018
282019
282019
282019
282019
282020
282020
282021
282021
282021
282021
282021
282022
282022
282022
282022
282022
282023
282023
282023
282023
282023
282023
282048
282048
282048
282049
282050
282051
282051
282051
282051
282051
282052
282052
282053
282054
282054
282054
282054
282054
282054
282054
282055
282055
282055
282055
282055
282055
282080
282080
282081
282081
282081
282081
282082
282082
282082
282083
282083
282083
282083
282083
282083
282084
282085
282086
282086
282086
282086
282086
282086
282086
282087
282087
282087
282087
282087
282087
282112
282112
282113
282113
282113
282113
282113
282114
282114
282114
282114
282114
282114
282114
282115
282115
282115
282116
282116
282116
282116
282116
282116
282116
282117
282117
282117
282117
282117
282117
282117
282118
282118
282118
282118
282118
282119
282119
282144
282144
282144
282144
282145
282145
282145
282145
282145
282146
282146
282146
282146
282146
282146
