15016.50
20728.27
44531.52
44066.81
58165.56
35149.80
77868.70
3228.51
58901.04
61264.26
36440.40
84265.36
26083.35
79668.00
8657.44
39347.35
82806.68
70339.92
41036.94
40777.40
1365.46
54167.40
17442.19
84789.50
39854.86
56796.96
31252.32
9738.40
57845.90
66381.48
53247.76
39486.94
52806.68
47210.80
29770.97
14430.90
50102.28
64520.06
27749.61
17088.45
3585.84
19522.72
85143.24
41160.84
29438.88
27749.61
40530.72
51944.64
57981.12
61006.68
17614.21
54702.14
52896.40
89494.00
66990.80
20321.56
16150.85
23671.83
25033.69
30752.88
67423.98
54559.80
7974.61
64479.06
14727.44
4484.84
51210.72
37797.69
52864.39
57054.90
6995.36
75630.12
40458.72
54199.84
32044.10
24475.68
49813.38
55802.16
40175.07
44852.27
14736.16
32678.34
52352.18
14165.00
53849.40
19578.86
63945.65
54635.42
33996.60
55331.78
3739.92
17498.40
68568.96
29060.61
75824.16
26824.56
44399.52
12992.28
31840.29
5490.06
21316.86
40003.29
10867.60
60515.58
74573.49
64684.47
84238.65
77266.27
45241.14
25106.79
32073.66
44571.75
48596.80
27553.95
52695.68
32652.00
38934.84
5886.24
21238.32
22656.61
61246.02
5802.36
44421.50
32337.03
2360.54
10577.16
41004.40
19332.80
61986.15
33952.10
49994.12
47284.54
67632.67
9628.14
54377.75
49295.48
71567.44
84616.80
16858.82
72121.50
48812.40
78748.32
8469.27
25290.72
5204.49
18515.84
49364.16
49024.50
30051.73
7175.84
44078.58
59238.45
3063.24
46828.16
71400.86
38709.16
51402.45
28245.78
3330.60
7850.40
29956.54
12226.05
36405.90
67107.95
38007.90
53965.73
62785.80
60694.50
16902.93
1682.77
28427.31
10923.99
35998.57
50622.61
64222.86
65453.08
64396.37
37960.96
64818.08
53592.64
2598.78
49573.20
5514.06
54978.40
48151.43
55438.89
4396.76
50480.92
51574.32
64883.00
15426.40
59364.00
42260.40
19610.47
29543.13
50721.37
53382.60
52617.12
39641.76
25497.18
58667.21
66310.56
39279.24
45015.60
42105.00
53188.61
53464.32
63587.20
73209.08
61666.00
46326.60
25924.34
21022.35
20910.89
58863.36
49546.32
5150.60
38210.26
50333.10
44002.44
64992.90
8174.70
66850.56
11268.36
24008.04
68134.01
13584.50
15626.94
52341.81
51895.80
26713.40
9496.26
54249.75
59102.64
30558.00
29262.96
61529.13
57516.80
39380.50
36353.88
35058.42
10102.62
50906.79
12061.20
4736.01
35918.16
92647.00
67046.84
50977.65
43192.24
69892.26
17244.90
38574.12
34562.00
37132.26
5573.96
41122.46
79295.26
34012.89
72877.50
39439.26
7526.12
7379.76
40747.52
59759.55
47132.54
12506.65
55299.97
74984.69
16088.05
41877.78
8521.20
44417.10
36488.75
82762.68
13037.76
12649.91
19310.70
48098.82
52936.80
77302.78
58721.95
24217.48
55858.90
64238.08
30921.48
5982.36
38915.91
49585.47
50921.46
24581.90
59349.14
10992.12
49467.91
60083.39
45143.28
44220.54
13917.12
62317.00
10747.44
64432.55
38562.40
21010.50
34808.38
63148.08
39162.80
42973.74
47821.00
60027.46
9344.80
5415.85
19085.40
34612.00
41651.01
48075.12
34725.76
45367.14
14619.72
59303.79
16578.08
76478.22
27004.25
28509.32
43952.69
47931.10
50475.38
63227.20
9922.64
8873.60
24909.30
20625.72
24659.46
58133.20
19047.00
25811.06
8622.45
53104.62
84040.32
54359.00
7796.34
19340.40
46052.72
12656.00
21764.96
54989.97
28301.76
9873.57
37245.69
30166.50
50353.65
43778.30
58269.20
8545.28
68172.50
62760.65
78958.74
8874.63
45601.92
41986.35
37616.32
47734.18
47813.46
22508.42
24535.95
35066.26
6466.84
37570.20
16614.18
13271.04
25361.85
58339.05
33672.10
1028.12
48923.10
18037.62
49685.68
13610.64
32709.70
50004.64
62509.42
13686.40
32671.73
62195.74
12181.05
50701.20
45208.80
35986.95
80031.13
48059.34
23641.92
54144.09
15151.92
50603.40
31259.54
33948.00
38289.25
47036.84
22566.14
51731.56
9929.57
35347.13
30492.40
12829.60
22266.53
10352.16
10739.61
13547.69
35653.59
71670.25
63379.68
73396.83
7496.04
19349.91
28317.76
26164.32
17052.70
36433.86
31558.75
25692.15
61118.33
34918.95
28550.40
59134.08
37427.78
53467.82
38930.47
64062.11
40422.90
18559.80
28891.59
51013.48
16033.22
35354.52
2909.10
12480.09
10420.06
61985.60
12301.32
11312.20
39603.43
58065.20
12568.41
6807.20
35638.00
44075.52
40148.24
14275.20
53777.20
15876.70
46601.00
36040.22
18958.40
7147.52
7487.84
50843.40
23653.74
43811.46
59623.60
34343.40
14045.85
51122.65
16493.64
78733.50
79337.16
55135.78
25732.28
38651.04
39808.86
5267.55
976.07
31414.98
78383.00
67597.06
35568.76
53398.40
55284.69
29690.54
14302.96
23675.74
6174.52
35178.15
7031.40
33861.96
2760.03
7267.64
11973.78
16565.76
26379.84
32848.56
54693.42
22708.92
56019.60
7634.22
50924.63
46393.98
24956.40
25639.36
24462.00
22824.96
7372.85
20592.10
67704.91
44279.50
19012.48
36030.06
16286.27
38975.31
43447.62
33426.30
41445.20
40506.72
27750.30
65205.46
50289.58
3659.84
50450.18
50832.21
62417.00
66721.20
83324.42
22158.94
6755.35
57022.42
33084.36
55174.32
19252.64
62940.78
41489.47
35062.25
84590.78
14784.32
29269.24
8384.94
9937.80
10937.79
48615.84
39597.12
48531.20
49688.55
84547.83
65979.81
41372.64
6081.55
52184.16
20767.05
24842.88
68377.75
20728.27
8897.68
21785.58
6503.14
18325.98
19472.64
69165.60
63423.68
80685.50
13414.30
40683.52
32345.10
46922.04
37797.69
50939.79
2280.46
29541.98
41630.37
67567.72
27824.16
23653.52
33551.28
19094.74
63381.50
7147.48
14235.60
48951.90
18163.20
26635.56
59942.68
35878.36
27867.51
12841.92
60927.68
29311.44
31624.02
55966.20
22006.75
75458.12
90500.06
72022.02
29265.24
20707.05
57183.06
33300.30
27041.56
19866.63
33132.19
40585.21
6949.50
42121.35
27510.30
52574.10
24890.88
55186.71
56260.00
1956.14
53336.80
56819.40
36608.15
61669.75
28290.90
23587.62
32434.56
68888.60
17515.26
38766.00
19741.25
30758.40
41857.93
18169.14
25396.37
29383.68
27959.64
73816.20
34237.44
4625.10
72076.50
16439.64
38291.89
30794.40
19494.67
52585.50
32395.23
4498.77
42260.40
51190.40
5276.55
1414.50
58197.92
17869.20
7052.50
11916.64
45651.33
40476.55
76112.16
59646.40
46670.85
57212.00
25373.60
45457.28
17118.45
34019.64
37910.95
30232.50
83555.56
7317.80
3057.24
25715.36
930.02
52695.16
22012.15
18268.25
25928.25
50609.46
1594.69
25307.00
36358.20
1940.12
86202.72
24638.46
78055.25
41336.33
16937.90
38574.54
73249.44
18107.55
43095.90
33003.36
55157.71
20847.44
67788.16
2778.96
12851.44
14979.12
19509.42
25050.56
52134.90
78629.81
16320.85
20924.12
60369.84
40604.07
26173.71
38468.82
9346.00
7072.55
42702.44
1478.57
41299.44
22265.15
10419.12
37420.60
16984.53
22725.00
47953.60
19196.28
38835.82
35762.22
1191.28
62167.00
35341.44
48003.12
12661.68
37896.30
42157.39
4649.04
51714.32
4815.30
72508.80
52166.25
3639.90
32650.38
15977.40
42339.78
24682.08
26685.40
3755.92
44697.00
3968.32
30396.06
19064.70
4723.98
40084.44
14688.00
43632.99
2748.03
60018.00
53188.61
81677.54
8072.80
3513.70
62072.01
7437.90
27352.98
74579.00
72660.54
31197.18
32990.98
12303.20
30271.68
33356.96
19535.85
35185.99
55059.50
16841.88
46353.28
17373.59
88142.50
80585.10
24731.10
66900.52
38447.81
63621.51
38155.11
56733.18
26620.80
59061.73
19965.00
4910.35
67461.30
9350.30
35697.40
85690.00
55716.82
13754.60
16746.19
28543.05
42185.50
72694.05
7119.70
31646.16
28590.08
75335.58
29214.97
32027.27
59800.92
37857.82
15024.48
29347.92
38512.23
14315.20
23638.16
1479.57
15440.80
88797.12
10487.34
31874.32
12853.92
52724.16
59228.70
20442.40
13278.93
68255.28
18697.52
26543.72
54207.38
47616.17
60186.40
27518.07
50566.56
3732.99
16568.37
29375.92
8478.90
7031.36
29271.00
921.01
73650.40
38427.48
27651.24
8721.30
54882.52
9320.20
18192.72
6501.95
51633.45
19256.28
63105.08
68321.76
12155.39
71476.00
37921.02
20153.42
55859.85
35001.96
39377.36
41833.37
76781.50
32717.96
30145.92
50874.60
19316.88
85940.50
11009.88
61396.98
13964.08
20181.78
36700.64
58835.40
37943.60
82101.48
41954.70
41282.15
21022.89
62973.30
66219.30
33515.91
52135.86
14310.60
67079.52
1457.55
46034.40
12451.32
67107.95
3684.96
59304.70
46849.14
33697.08
24863.52
5846.30
11937.69
43104.88
7343.98
68870.57
38512.56
39066.48
7237.70
29385.72
69958.80
73661.28
16001.04
19300.80
80635.50
8213.70
19321.20
50438.52
49234.92
36283.44
21920.15
10964.79
65670.50
54129.60
55102.32
29166.56
61225.12
65926.56
71620.44
47954.03
27803.52
17742.84
41846.20
48083.03
75231.20
40994.94
5658.18
28507.08
89064.06
6671.04
90647.06
41466.47
26574.86
67114.30
57569.60
60584.00
22839.30
2640.82
36039.60
13364.20
7402.85
50817.20
57085.16
23200.50
29767.71
32655.70
68855.15
12703.60
20582.08
51954.60
42184.80
24764.41
58499.35
8358.85
26257.14
58961.21
45336.62
49328.55
16829.88
13680.00
67347.72
39087.00
1900.99
34925.52
17898.80
31894.29
74117.40
22632.00
82358.40
48368.64
82586.68
37191.42
62098.60
20901.96
12941.68
56091.16
58686.95
46040.58
48214.44
29570.13
55215.71
37661.04
46148.25
16557.50
45498.82
2702.88
73953.88
24117.84
52215.33
45217.92
11064.69
66721.20
27824.42
46562.16
49043.84
7047.40
8359.96
12543.50
24820.91
25351.82
53552.88
46629.98
45457.45
54709.00
69855.60
36029.75
11848.87
19434.91
39785.76
36621.00
8273.70
33276.00
62155.45
8761.52
64364.62
55003.46
35989.80
4750.20
26353.75
24794.24
68832.90
38461.77
17490.60
86570.62
