7828.30
10895.46
48488.70
11009.52
9354.08
7155.52
28631.20
15601.95
25493.03
46016.88
2931.12
66073.07
21337.80
24026.25
56669.40
23364.75
45072.25
11401.04
50279.88
43921.25
39157.14
5469.84
1886.08
43870.86
38088.96
83538.00
43671.12
44975.52
39166.50
56550.48
48561.80
67972.50
28782.96
39566.75
44786.49
7968.72
37950.80
13606.32
33995.80
21251.49
40991.50
68558.78
26467.35
2814.09
76926.31
70925.50
16517.49
23906.16
44209.16
23669.76
59190.70
9171.99
36137.01
44795.52
12693.60
46248.72
21736.96
12675.78
13782.56
45708.60
30062.12
12277.32
72596.00
18259.65
93848.50
26893.35
31382.34
7788.25
21303.36
30244.76
23393.53
4711.98
63187.68
54635.04
35964.06
59138.64
35434.80
40394.90
22524.12
46718.88
14627.73
17827.20
43257.50
69553.20
7848.30
31757.88
4737.08
24612.41
56786.73
13995.96
67481.55
14337.54
58581.95
12413.30
12634.23
36382.92
32210.31
4272.64
66490.52
25632.88
18564.00
23497.68
83588.00
37263.36
47150.10
40752.78
21641.22
6218.60
1518.61
55460.00
60484.22
25816.37
23929.44
53125.68
25779.84
77537.78
62706.40
8401.12
15343.20
40399.56
65003.45
42596.88
59742.72
53283.11
26854.39
27500.96
72516.00
33715.40
50284.92
51031.68
29451.20
21527.04
37433.41
26754.75
45515.79
44820.72
65203.25
41120.94
5594.88
15616.95
42169.25
35975.34
61151.38
19797.28
45374.98
36171.18
25106.79
27508.80
31313.35
12869.60
44875.32
43680.00
2618.80
61907.01
59943.60
6865.38
81685.92
45948.33
17256.46
17308.46
30224.40
12108.88
34074.89
19492.96
18290.25
38474.48
12550.23
19145.55
34875.75
52135.30
30244.76
21983.16
2961.24
38495.48
53503.26
33741.53
52006.50
10973.55
10883.60
32792.76
57596.48
9415.26
30123.00
46595.95
45808.10
6534.88
29984.16
68432.00
19292.40
53279.50
33496.12
31190.94
71980.32
62506.00
53593.11
38822.54
22071.27
58345.56
1024.11
46447.95
7441.98
13204.10
33549.88
69690.53
64769.66
58624.98
1646.74
49227.36
6166.60
11099.76
9670.20
33419.52
68501.16
13215.79
12631.41
9938.72
57331.64
4429.71
38176.56
56901.25
10739.28
3197.38
26459.84
10577.16
38296.56
33919.89
66595.93
34056.90
31257.36
20366.58
42508.20
47299.69
52987.99
32994.80
14528.00
32962.86
48177.87
22152.48
66905.44
4256.60
21550.75
40258.24
63136.30
51545.10
23774.33
62591.42
56250.88
74246.90
42632.98
16734.06
40903.80
37896.60
23300.75
42846.87
16121.16
43434.30
966.06
20983.61
56193.16
66849.52
35487.75
41405.32
35848.95
63235.21
13157.84
12389.02
6757.32
43077.25
37624.31
22564.40
71275.50
18941.40
36063.50
8925.48
7407.80
53080.00
62267.94
72556.40
58125.56
5456.73
46641.60
18199.80
65682.03
10270.86
19635.42
41465.22
46865.56
56357.40
26650.22
36172.86
41435.01
37974.30
12091.09
46447.78
29936.48
38963.34
3069.36
7913.35
24694.04
8374.03
62880.12
11117.88
47943.48
10246.80
85740.00
67606.56
30167.13
64796.04
41331.68
8919.72
54367.48
42647.90
64904.04
45764.61
12559.41
51625.80
54394.56
34668.92
22478.85
51707.13
25407.18
17581.72
58626.48
27209.00
51378.60
13245.92
27620.24
20758.50
52082.12
18388.50
40804.40
46453.68
8799.25
16508.19
43813.17
30804.00
56927.68
62899.20
4650.10
23929.28
53429.64
13638.82
24869.88
36464.37
46704.70
29200.08
40032.78
74558.40
22788.08
81940.95
19043.57
6755.12
66247.09
42219.21
65028.25
53408.00
33227.52
66575.97
22158.15
25371.28
17188.70
27749.61
29747.54
35810.94
42806.40
53764.55
1594.69
33914.40
83682.20
39305.52
85017.83
70815.15
36162.28
16121.16
54616.38
65855.19
26427.90
43811.46
7617.26
50056.01
58529.02
90696.06
8637.18
94699.50
29046.60
38519.71
11291.82
48677.28
3613.80
30543.30
18199.98
41228.16
32055.66
42681.90
29359.72
49705.11
41799.94
4875.35
83292.30
10899.60
30419.34
41193.50
8801.52
37363.02
9568.35
21082.86
51002.19
70273.71
15977.40
5886.48
7147.48
1843.94
47238.45
64293.32
18507.33
67021.50
25816.28
23334.64
16000.05
56718.42
9750.60
34729.24
26366.60
22311.38
5375.64
69352.80
30527.30
17551.26
52305.86
42136.00
26743.20
22311.68
34308.12
44135.19
11980.72
14367.60
54377.40
49686.05
15576.50
7322.91
51254.80
54188.72
4853.20
3558.81
78337.35
10511.40
10126.98
31046.58
9706.26
68227.24
83944.32
26319.58
30447.84
1043.13
60368.35
78008.25
48990.81
51014.25
14820.66
8977.68
28675.08
22324.20
1336.43
25267.20
27484.80
45095.28
57337.49
60447.36
16721.55
57658.45
56312.76
19842.79
10991.79
15436.80
40001.78
7733.20
36631.64
25275.36
44272.71
4733.12
41652.24
36807.12
5085.44
46450.00
14475.90
31179.93
12613.60
13538.64
78538.32
10693.34
9719.36
1422.51
28702.24
25286.55
48924.48
10793.61
50786.19
49589.32
27053.28
54114.35
25267.00
35567.24
26053.94
27261.44
11171.84
9255.78
41447.77
36039.24
3243.51
28951.80
3783.96
18219.20
26854.58
31020.99
1521.61
54007.31
25451.70
73553.22
66336.93
1025.11
73670.22
1585.68
60039.84
91846.00
33662.72
29730.55
49353.84
30686.22
12573.50
62706.40
12541.56
79715.58
65300.40
57804.84
25164.54
55438.89
19361.20
6156.60
14307.36
47427.24
12289.32
77610.70
10739.52
56854.94
39830.34
3618.90
34932.96
13090.42
24329.62
27523.80
5135.60
14643.72
43164.63
15922.94
14614.86
61167.93
67310.93
21957.98
30369.28
65190.58
28240.68
56883.45
32340.35
10981.90
4576.96
43978.30
16000.83
41310.45
24475.68
2809.00
57935.56
25033.52
24307.92
44657.40
27948.51
11364.32
1358.45
28045.44
24025.44
1664.76
45325.49
31936.32
2404.60
10307.33
7027.36
48287.15
16218.68
20534.08
4186.47
33059.84
23738.00
78478.72
22949.08
9550.50
26208.84
33635.49
38872.00
49613.20
15586.50
52076.25
2847.04
1344.43
47852.50
52951.68
34669.18
8721.44
38021.04
4168.44
35743.85
58651.32
30817.92
53605.64
1566.65
16117.10
52957.50
77482.00
24415.92
3109.28
51756.76
59487.84
58677.88
8468.95
10715.28
7039.40
27133.50
23587.20
65343.23
9472.02
10090.68
60833.28
38378.73
46977.56
28863.87
90549.06
69553.20
26728.20
54262.72
34812.80
15366.30
17502.60
6451.90
63354.60
26636.00
40673.86
88268.64
80322.28
41498.94
37099.00
23737.92
53572.78
67901.44
40293.40
941.03
89420.59
56700.96
7465.98
50767.99
41229.32
74608.38
1711.80
51744.30
11064.24
30203.92
17948.80
48322.96
988.08
19077.71
24785.67
9297.84
8881.60
14787.84
49225.54
69073.50
38121.14
1942.12
52376.00
2911.08
3462.75
67354.98
19637.93
46901.98
55066.32
29070.80
39072.00
50132.88
40374.40
20752.05
13782.56
89581.53
43877.70
87606.12
35085.44
49326.84
48299.76
16671.71
18019.62
58670.48
21218.40
66350.00
47424.75
21413.46
26704.26
15616.50
24260.04
24554.08
29861.54
32124.82
89960.08
5357.64
45888.60
31757.66
1109.20
19973.44
24676.18
69681.26
5796.25
39087.00
26604.60
48958.65
64077.34
57350.18
19334.88
6667.20
30850.49
56225.63
45401.36
8539.00
47661.75
37556.00
12613.30
15206.52
13046.16
9946.80
53067.68
54547.29
34953.52
40315.32
40742.52
35053.20
29811.60
54743.29
44590.00
39943.68
41336.77
31358.75
46646.60
26040.56
14692.86
37667.79
49319.34
5355.85
72598.08
22897.20
91846.50
42491.60
36954.94
18908.04
44217.60
25902.30
51596.13
46040.40
34793.15
42541.44
54617.60
45472.62
29672.40
27353.70
55070.71
15346.20
9490.24
30423.30
60984.80
41444.64
40576.90
54969.75
40542.93
74276.66
12613.36
14070.80
30875.89
51115.20
61366.00
59844.19
40550.90
23216.44
36284.22
8323.75
14735.70
5806.25
51105.60
52599.68
25710.72
72508.80
53893.62
2586.76
27680.00
45639.82
30361.86
15421.80
16037.16
80446.64
42755.85
42436.35
49249.90
72031.50
46711.50
36110.61
45936.96
28734.96
40678.75
57217.16
48720.90
17789.98
42501.24
24061.22
10122.88
37310.00
29571.92
65012.88
15304.44
68255.16
22269.52
51697.10
65541.52
85912.24
51225.39
38716.00
10619.16
20371.26
55707.69
14471.20
49948.36
75879.20
11457.11
61264.26
79668.00
68363.85
27238.21
25679.72
60553.86
76440.50
65989.60
53901.54
31497.12
47502.00
74553.30
43793.84
46174.95
12889.92
27343.80
22073.40
23190.44
63141.68
63753.15
23082.99
53531.97
78666.72
31870.44
30164.86
67347.28
66135.42
5273.55
4560.00
18259.95
22395.97
25603.00
6286.75
57130.83
59892.27
55614.82
72653.28
64507.68
26516.84
71743.44
12866.14
10426.98
57048.12
44234.97
80584.64
54105.28
61986.24
12709.44
44428.80
35719.44
35878.72
6567.00
1684.78
35863.59
46819.50
37485.07
8184.88
27173.87
5173.52
8458.90
20742.24
53385.20
10131.00
46549.20
3841.11
16593.00
7628.05
33629.64
40331.20
84218.36
39448.84
27809.60
45856.16
52483.42
62501.34
54809.92
24077.34
21835.56
28570.05
40368.64
49588.48
24169.76
26800.98
36509.55
55318.32
15955.74
54097.60
82211.40
13412.70
39210.50
53848.64
36022.48
37569.96
5720.97
60585.69
33262.74
38891.70
15880.92
8745.44
22063.75
5930.28
24151.50
19383.42
11606.65
22201.27
50022.72
32515.70
22599.00
33767.28
38778.12
45303.65
11092.00
34055.64
31085.60
26698.05
32983.86
29231.50
63823.62
52649.87
24248.18
22389.36
40074.24
20361.96
34708.74
47720.75
30992.58
27077.28
59948.00
80623.71
8403.85
29541.72
27883.64
36494.64
23827.96
10497.13
74656.89
35605.24
38611.18
20770.12
51904.74
48596.80
3447.72
54327.00
72797.28
3474.75
47966.10
58702.40
55868.28
47942.18
14334.12
29645.28
4976.25
16285.50
46274.88
69274.00
38373.16
31121.64
15143.92
11212.10
50020.18
61679.52
63520.08
71286.86
77867.88
4003.26
51317.10
