12
46
31
7
32
28
5
44
36
5
13
39
11
12
50
18
29
28
42
43
13
15
26
41
46
30
28
16
47
48
48
48
16
25
48
11
1
17
32
16
1
49
10
25
32
17
10
34
6
44
39
16
23
33
12
30
26
7
25
43
20
38
2
17
2
34
45
30
26
31
6
14
37
23
2
46
28
21
22
8
11
3
32
37
47
14
50
43
5
9
18
1
49
13
27
34
50
37
26
8
26
20
34
50
36
37
38
40
50
3
8
13
6
43
38
32
41
37
1
50
31
14
13
25
4
17
23
49
8
18
43
18
42
1
20
42
47
13
2
5
28
19
5
5
24
32
17
21
17
32
8
8
44
49
47
19
17
48
14
43
3
6
46
32
42
7
9
1
12
36
49
49
5
37
40
49
42
50
49
22
31
50
7
32
24
35
5
35
30
20
5
38
13
44
47
39
11
41
17
31
45
36
16
26
31
23
6
25
38
19
22
41
42
7
48
43
38
11
32
49
17
16
25
42
22
44
23
12
37
49
33
10
34
28
7
4
8
12
41
14
48
40
13
26
18
6
17
22
23
22
3
48
14
45
6
1
34
17
43
16
42
11
30
34
48
8
31
4
16
24
39
26
27
1
39
40
7
38
15
37
36
34
27
31
47
39
13
3
47
3
19
43
8
31
26
14
6
20
40
48
28
43
15
43
25
24
10
27
26
26
11
19
26
15
13
3
8
41
17
18
3
43
5
13
8
40
40
17
21
44
17
47
4
19
39
6
26
28
13
14
34
34
25
36
6
40
22
13
2
25
37
3
33
28
18
9
13
9
15
37
44
10
47
15
40
46
48
32
37
14
19
20
28
13
19
33
4
32
5
22
41
35
47
35
9
25
7
11
29
49
36
11
50
15
9
11
42
42
8
47
49
44
18
19
16
4
22
49
15
5
40
45
21
9
21
7
46
5
27
46
5
16
5
21
50
37
49
21
9
48
37
32
31
22
12
4
17
37
26
24
22
48
33
35
20
24
29
18
29
13
40
12
34
9
37
26
22
16
6
5
33
29
5
50
26
35
21
32
16
18
15
18
24
50
10
24
14
36
42
27
21
42
31
34
16
49
8
44
18
46
3
38
50
12
33
6
17
6
27
18
17
22
22
44
37
36
49
25
30
10
38
47
22
29
4
38
26
12
32
41
36
23
18
22
33
28
7
38
47
5
13
34
25
16
34
38
16
26
39
50
15
8
37
22
27
20
44
33
12
9
29
1
3
17
3
39
16
19
12
6
43
11
2
23
50
16
2
50
39
5
14
15
15
34
10
41
17
40
37
26
37
10
4
36
32
13
9
19
3
2
8
37
25
8
39
10
29
9
28
10
12
31
3
39
30
47
26
30
26
27
14
30
9
19
8
15
33
48
10
1
23
31
15
8
47
39
1
41
24
33
35
23
50
25
3
10
6
23
36
32
4
18
38
19
20
22
9
24
33
23
32
40
32
35
12
16
50
3
33
45
1
36
41
27
38
41
3
50
28
2
48
19
47
7
50
39
28
9
6
44
48
36
23
2
6
30
31
34
19
13
25
50
47
17
39
1
49
25
42
18
39
49
3
2
41
40
18
4
13
4
10
21
38
9
19
19
18
43
18
32
3
17
21
20
6
46
28
40
14
20
48
30
48
6
28
20
33
38
37
24
28
27
6
38
12
47
30
21
19
18
29
10
43
38
19
31
49
28
14
50
17
4
3
47
35
6
27
8
9
26
46
10
16
44
29
47
36
15
33
40
23
17
46
33
35
29
31
42
8
7
17
29
1
43
32
23
48
45
23
3
50
23
49
2
5
32
34
27
49
3
5
25
41
4
16
11
49
24
17
33
5
42
9
32
41
1
12
49
25
19
2
20
50
35
27
27
16
7
37
36
22
13
50
1
21
41
7
43
11
23
13
32
21
50
15
35
46
15
49
11
28
41
29
24
41
20
3
48
22
10
8
37
30
41
16
28
12
44
1
36
22
16
39
36
47
17
13
5
4
31
14
21
47
4
38
2
32
28
7
1
9
20
11
1
34
42
12
1
21
27
32
41
42
42
19
46
24
20
6
33
49
32
33
16
47
4
32
47
35
32
50
28
31
12
47
37
16
49
14
10
49
39
12
16
42
1
18
22
46
26
15
43
38
16
36
34
3
12
3
35
19
20
7
11
39
19
49
42
29
27
38
15
36
37
33
11
48
46
26
22
8
27
2
10
44
46
28
48
34
3
49
8
21
32
19
34
26
35
34
35
