6519
7189
2805
4543
6400
941
6207
8667
4490
3131
2702
5654
960
228
941
7645
2499
9544
6696
6618
2011
8484
6438
2045
4043
4507
8344
3188
6576
765
51
7328
6764
3011
6895
3412
9944
2710
9630
8741
7842
854
515
4579
9090
9506
4628
1440
7378
8410
8409
8421
8057
466
5046
2473
29
7268
3229
679
9619
8372
3254
3693
3613
439
9230
5360
5127
9308
6765
3392
7656
1524
3040
9092
7031
8418
5158
7310
4449
7446
9933
313
6055
9755
718
8346
6312
1104
3646
6864
133
4070
2769
5207
1902
215
7177
2816
7874
5299
3510
4894
9762
9793
9632
3801
9510
516
5949
4335
3173
5308
4039
6720
9960
2575
9658
7027
5958
4017
8369
9425
3664
8024
8177
2197
1063
5704
4256
4286
4906
4491
4733
5015
6284
2529
8171
5709
865
7709
3172
6761
6886
5029
6913
6425
2391
3306
8922
8899
997
2573
7962
3802
3520
1130
3412
4863
281
6854
2683
6500
8613
1893
6246
8333
5539
8739
1341
4917
2848
7306
8662
7898
9823
6928
3900
4451
5127
1197
1001
3740
2674
5518
4172
12
5428
7984
9154
7342
6667
9276
7335
1550
971
9657
4418
8297
3578
8686
1348
5211
5988
8407
8877
4739
5293
1285
6273
4519
8280
3081
794
4561
8478
3655
2414
9679
7290
9074
3001
6190
2999
2354
784
6670
3507
6742
9004
8684
6184
5928
1275
3364
5679
2658
961
7375
5988
8600
4229
4315
5958
8723
5195
2299
8358
4376
441
9887
4985
8257
9834
3740
8769
7177
2071
8706
4286
5329
1401
4356
8139
8251
7339
8068
3480
2340
4818
6136
5387
8064
2599
1393
2548
918
3631
5384
5310
1615
5228
7743
3788
4549
8876
4006
4878
8745
7997
9697
1680
1730
5666
1052
734
5298
9172
867
4272
1860
5511
7611
6504
1096
924
5867
6142
7462
2348
3458
2506
7162
7172
9600
5812
178
5285
3371
3143
8820
4747
231
5631
5712
8684
8904
4634
9588
626
7678
2040
6635
1040
4748
8324
6299
106
2417
9837
1847
4391
8763
2172
392
453
6375
676
4733
4957
273
5937
4987
2576
2817
9266
1481
6421
6687
3434
1299
3494
6543
6821
4281
6119
8943
1685
9365
6103
6041
9655
5977
6473
1992
8281
3860
9516
3806
2031
3039
1560
3178
7939
9213
1925
1567
311
3776
3151
7352
501
9641
4421
8712
1562
1948
9330
8943
7243
355
2526
443
6755
1364
3461
8970
4427
7017
3788
2018
409
4095
6017
6516
1102
6977
2343
2069
3915
5810
2217
5097
1418
1686
3101
3907
8801
1610
2518
9075
2889
7386
2132
8960
5490
5508
2327
1166
6025
698
9459
1521
2688
5740
6626
982
7941
2947
1068
4671
716
7023
5142
1037
5805
1652
6815
8830
2291
2007
7865
5686
9053
677
3067
2462
8818
6468
3912
7814
5106
1683
2797
8418
8223
4419
8073
8074
4486
4691
6640
7750
7454
1478
1671
6142
2401
4316
5078
5539
5556
9591
8355
879
8490
8962
4638
8227
3203
2764
307
8883
5710
4514
6458
3294
6726
3312
5928
7992
7208
1915
2688
1088
565
6728
4136
8600
6698
6372
3689
6354
7096
1855
5267
9200
3013
2798
2408
9690
52
350
4899
2860
1989
6657
5690
5806
2779
1981
1759
5157
8905
4323
4658
6967
6358
2791
3995
9009
5295
3598
6818
9899
1303
3686
8621
9664
4096
6441
3415
4629
4542
2840
42
9266
7534
2960
9519
4299
9909
6307
6555
5615
8379
5077
3280
7007
4117
8781
4431
8693
7930
5479
8839
5604
240
3497
3411
8986
6621
6328
5155
7469
9894
5013
2965
2077
1941
5149
6533
6682
9479
453
9441
4509
284
3479
8127
87
6249
1486
2018
4607
5101
7639
9219
853
9077
6425
9217
5638
917
9910
703
2947
7031
6706
8352
1972
2792
645
7725
3982
5452
8366
5550
3045
8628
4287
9658
9554
6982
5249
575
5334
4494
5482
3498
8018
1916
4411
3
3809
662
6128
1633
6578
7184
5062
5985
2390
5889
4308
1060
2111
9940
5449
8994
627
1360
9260
6380
5464
1228
5130
4985
3591
6659
7534
2458
9964
7175
5245
6031
9848
2824
7256
7961
2822
3372
1751
8104
1774
6163
7008
212
410
9856
7187
5446
6281
2324
4829
8912
345
3746
2542
6839
6295
9591
6285
1242
5546
8483
23
6795
2103
4202
5053
2376
9176
3012
6366
6497
1400
7254
8294
9370
1927
447
1399
1651
7761
6408
5125
6609
3451
7619
9517
6313
953
5839
414
4839
2355
489
8352
8231
1380
7259
9280
6094
8726
7717
4999
2909
1894
3758
9279
1781
1511
4860
1249
4101
9897
7425
6127
2570
7135
3776
6852
9842
2372
7336
5746
9054
4789
3021
9975
9455
9522
4007
3105
2000
3849
2833
8910
7619
6426
5929
2341
8502
6805
871
9670
3229
193
2961
3286
2359
6796
221
5920
8153
786
255
4312
1247
5701
3564
2415
6539
5690
463
2600
1175
3008
6128
395
1024
2678
1404
873
337
8838
5672
7392
3162
3049
2504
4178
4499
4568
3259
5440
1373
8290
5993
4703
5231
9743
6637
8952
2649
9996
3516
6609
1993
3222
6790
4945
3624
1703
7859
643
9447
2073
3964
6368
7866
9618
8926
7666
5206
2096
6742
9680
9033
993
4581
7892
3418
8364
3586
2766
9111
6913
1676
4768
189
9920
7147
2349
5643
5796
3752
1955
4324
5994
2574
4745
1327
4080
5579
559
9243
2928
2881
909
9082
1059
8335
6752
2194
8967
1684
1280
9060
1044
4787
2721
5815
2744
5416
4298
9686
6502
821
5520
5023
8819
4371
9640
6470
9695
6387
7620
3773
1613
9145
5106
3869
1804
8180
2184
3303
9937
8400
6649
4084
9194
9703
5527
2454
3706
5630
5475
4841
334
9187
553
298
6123
1748
9782
5550
2398
8694
2372
5883
9597
6173
6571
2684
7967
9789
5019
5172
1077
4457
7511
1965
7020
3965
2399
3295
7955
5616
2697
2357
2139
5463
7173
2511
9454
9573
5306
2831
7381
3392
531
2454
910
1697
8927
3218
6222
