65863
65863
65863
65863
65863
65863
65888
65888
65888
65888
65888
65889
65889
65890
65891
65891
65891
65892
65892
65892
65892
65893
65893
65893
65893
65893
65893
65894
65894
65894
65894
65895
65920
65920
65920
65920
65921
65921
65921
65922
65922
65922
65922
65922
65922
65922
65923
65923
65923
65924
65924
65924
65924
65924
65924
65925
65925
65926
65926
65926
65926
65926
65926
65927
65927
65952
65953
65953
65953
65954
65954
65954
65955
65955
65955
65956
65956
65956
65957
65957
65957
65957
65957
65957
65957
65958
65958
65958
65958
65958
65958
65959
65959
65959
65984
65985
65985
65986
65986
65986
65986
65986
65986
65987
65988
65988
65988
65988
65988
65989
65990
65990
65990
65990
65990
65991
65991
65991
65991
66016
66016
66016
66016
66016
66016
66017
66017
66018
66018
66018
66019
66020
66020
66020
66020
66021
66021
66021
66021
66021
66021
66022
66022
66023
66023
66023
66023
66023
66048
66048
66048
66048
66048
66049
66049
66049
66049
66050
66050
66051
66051
66051
66051
66051
66052
66052
66053
66053
66053
66053
66053
66053
66053
66054
66054
66055
66055
66080
66080
66080
66081
66081
66082
66082
66082
66082
66082
66082
66082
66083
66083
66083
66083
66083
66083
66084
66085
66086
66086
66087
66087
66087
66087
66087
66087
66112
66112
66112
66113
66114
66114
66114
66114
66114
66114
66115
66115
66115
66115
66115
66115
66115
66116
66116
66116
66117
66117
66117
66117
66117
66117
66118
66118
66118
66119
66119
66144
66144
66144
66145
66145
66145
66145
66145
66145
66146
66146
66146
66147
66147
66147
66147
66147
66147
66147
66148
66148
66149
66149
66149
66150
66150
66151
66151
66151
66151
66151
66151
66151
66176
66176
66177
66177
66177
66177
66177
66177
66178
66178
66178
66178
66178
66178
66178
66179
66179
66179
66179
66179
66180
66180
66181
66182
66182
66183
66183
66183
66183
66183
66183
66183
66208
66209
66209
66209
66209
66209
66210
66210
66211
66211
66211
66211
66211
66212
66212
66212
66212
66212
66212
66213
66213
66213
66213
66213
66214
66214
66214
66214
66214
66214
66215
66215
66240
66241
66241
66241
66241
66241
66241
66241
66242
66242
66242
66242
66242
66242
66243
66244
66244
66244
66244
66244
66245
66246
66246
66246
66246
66246
66247
66247
66272
66272
66273
66273
66274
66274
66275
66276
66276
66276
66277
66277
66277
66278
66278
66278
66278
66278
66279
66279
66279
66279
66279
66279
66279
66304
66304
66304
66304
66304
66305
66305
66305
66305
66305
66305
66305
66306
66306
66306
66306
66307
66307
66307
66307
66308
66308
66308
66308
66308
66308
66309
66309
66309
66310
66310
66310
66310
66310
66311
66311
66311
66311
66336
66336
66336
66336
66336
66336
66336
66337
66337
66337
66337
66338
66338
66339
66339
66339
66339
66339
66339
66340
66340
66340
66340
66340
66340
66341
66341
66341
66341
66342
66342
66342
66343
66343
66343
66343
66343
66343
66368
66368
66368
66368
66368
66369
66369
66369
66369
66369
66370
66370
66370
66370
66370
66370
66371
66371
66371
66371
66371
66371
66371
66372
66372
66372
66372
66372
66373
66373
66373
66374
66374
66375
66375
66400
66401
66401
66402
66402
66402
66402
66402
66402
66403
66403
66403
66404
66404
66404
66404
66405
66406
66406
66407
66407
66407
66432
66432
66432
66432
66432
66433
66433
66433
66433
66433
66434
66434
66434
66434
66435
66435
66435
66435
66436
66436
66436
66436
66436
66436
66436
66437
66437
66437
66437
66437
66438
66438
66438
66438
66438
66438
66439
66439
66439
66439
66439
66464
66464
66464
66464
66464
66464
66464
66465
66465
66465
66466
66467
66467
66467
66467
66468
66468
66468
66468
66468
66469
66469
66469
66470
66470
66470
66471
66471
66471
66471
66471
66471
66496
66497
66497
66497
66498
66499
66500
66500
66500
66500
66500
66501
66502
66502
66502
66502
66503
66503
66503
66503
66503
66528
66529
66530
66530
66530
66530
66531
66531
66531
66531
66532
66532
66533
66533
66533
66533
66533
66534
66534
66535
66535
66535
66535
66535
66560
66561
66561
66561
66562
66563
66563
66564
66565
66565
66565
66565
66565
66565
66566
66566
66566
66566
66566
66567
66592
66592
66593
66593
66594
66594
66594
66594
66594
66594
66594
66595
66595
66595
66595
66595
66595
66595
66596
66596
66596
66596
66596
66596
66597
66597
66597
66597
66598
66598
66598
66598
66598
66598
66598
66599
66624
66624
66624
66624
66624
66624
66624
66625
66625
66625
66625
66625
66625
66626
66626
66626
66626
66626
66626
66626
66627
66627
66627
66627
66627
66627
66627
66628
66628
66629
66629
66629
66629
66629
66629
66630
66630
66631
66631
66631
66656
66656
66656
66656
66656
66657
66657
66657
66657
66657
66657
66658
66658
66658
66658
66658
66658
66658
66659
66659
66659
66659
66659
66659
66659
66660
66660
66660
66661
66661
66661
66661
66661
66661
66662
66662
66662
66663
66663
66663
66688
66688
66688
66688
66688
66689
66689
66689
66689
66689
66690
66690
66690
66690
66690
66690
66691
66691
66691
66691
66691
66691
66691
66692
66692
66692
66693
66693
66693
66693
66694
66695
66695
66720
66720
66720
66721
66721
66721
66721
66721
66721
66722
66722
66722
66722
66722
66722
66723
66724
66724
66724
66724
66724
66725
66725
66725
66725
66726
66726
66726
66727
66727
66727
66752
66752
66752
66752
66752
66752
66752
66753
66753
66753
66753
66753
66754
66755
66755
66755
66755
66755
66756
66756
66756
66756
66756
66756
66757
66757
66757
66757
66758
66759
66759
66759
66759
66759
66759
66759
66784
66784
66784
66785
66785
66785
66786
66786
66786
66786
66786
66786
66786
66787
66787
66787
66787
66787
66787
66787
66788
66789
66789
66789
66789
66789
66789
66790
66790
66790
66791
66791
66816
66816
66816
66816
66816
66816
66816
66817
66817
66817
66817
66818
66818
66818
66819
66819
66819
66819
66820
66820
66820
66820
66821
66821
66822
66822
66822
66822
66822
66822
66823
66823
66823
66823
66823
66848
66848
66848
66848
66848
66848
66848
66849
66849
66849
66849
66850
66850
66850
66850
66850
66851
66851
66851
66851
66851
66851
66851
66852
66852
66852
66852
66852
66852
66852
66853
66853
66853
66853
66853
66853
66854
66855
66880
66880
66881
66881
66881
66881
66881
66881
66881
66882
66882
66882
66882
66882
66882
66883
66883
66883
66884
66884
66884
66884
