75910
75910
75910
75910
75910
75910
75911
75911
75911
75911
75936
75936
75936
75937
75937
75938
75938
75938
75938
75938
75938
75939
75939
75940
75941
75941
75941
75941
75941
75941
75941
75942
75943
75943
75943
75943
75943
75968
75968
75968
75968
75968
75969
75969
75969
75969
75969
75969
75969
75970
75970
75970
75970
75970
75971
75971
75971
75971
75971
75972
75972
75972
75972
75972
75972
75972
75973
75974
75974
75974
75974
75974
75975
75975
75975
75975
76000
76000
76000
76000
76000
76001
76001
76001
76001
76001
76001
76002
76002
76002
76002
76003
76003
76003
76003
76003
76003
76004
76004
76005
76005
76006
76006
76007
76007
76007
76032
76032
76032
76032
76032
76032
76033
76033
76034
76034
76034
76034
76034
76034
76034
76035
76035
76035
76035
76035
76035
76035
76036
76036
76036
76036
76036
76037
76037
76037
76038
76039
76039
76039
76039
76039
76064
76064
76064
76064
76064
76065
76066
76067
76067
76068
76068
76068
76068
76068
76068
76069
76069
76069
76069
76069
76070
76070
76070
76070
76070
76070
76071
76071
76071
76071
76071
76096
76096
76096
76096
76096
76096
76096
76097
76097
76098
76098
76098
76098
76098
76099
76099
76099
76100
76100
76100
76101
76101
76101
76101
76101
76101
76102
76102
76102
76102
76102
76103
76103
76103
76103
76128
76128
76128
76128
76128
76128
76128
76129
76129
76129
76129
76129
76130
76130
76130
76130
76130
76131
76131
76131
76132
76132
76132
76132
76133
76133
76133
76133
76133
76134
76135
76135
76135
76135
76135
76135
76160
76161
76161
76161
76161
76161
76162
76162
76162
76162
76163
76163
76163
76164
76164
76164
76164
76164
76165
76165
76165
76165
76166
76166
76166
76167
76167
76192
76192
76192
76192
76192
76192
76193
76193
76193
76193
76194
76194
76195
76196
76197
76197
76197
76197
76198
76198
76198
76198
76198
76198
76198
76199
76199
76199
76199
76199
76199
76199
76224
76224
76224
76224
76224
76224
76224
76225
76225
76225
76225
76226
76226
76226
76226
76226
76227
76227
76227
76227
76227
76227
76227
76228
76229
76229
76229
76229
76230
76230
76230
76230
76230
76231
76256
76256
76257
76257
76257
76257
76257
76258
76258
76259
76259
76259
76259
76259
76259
76260
76260
76260
76260
76260
76260
76261
76261
76261
76261
76261
76261
76261
76262
76262
76262
76262
76262
76262
76263
76263
76288
76289
76289
76289
76290
76290
76290
76290
76290
76290
76290
76291
76291
76291
76292
76292
76292
76292
76292
76292
76292
76293
76293
76293
76293
76293
76294
76295
76295
76295
76295
76295
76295
76320
76320
76320
76320
76320
76320
76321
76321
76321
76322
76322
76322
76322
76323
76323
76323
76323
76324
76324
76324
76324
76325
76325
76325
76325
76325
76326
76326
76326
76326
76326
76327
76327
76327
76327
76352
76352
76353
76353
76353
76353
76354
76354
76354
76354
76354
76354
76355
76355
76355
76355
76355
76356
76356
76357
76358
76358
76358
76358
76358
76359
76359
76359
76384
76384
76384
76384
76384
76385
76385
76386
76386
76386
76386
76386
76386
76386
76387
76388
76388
76388
76388
76388
76388
76389
76389
76389
76390
76390
76390
76390
76390
76391
76391
76416
76416
76417
76417
76418
76418
76419
76419
76419
76419
76419
76419
76419
76420
76420
76420
76420
76420
76420
76420
76421
76421
76422
76422
76422
76423
76448
76448
76448
76448
76448
76448
76448
76449
76449
76449
76449
76449
76450
76450
76450
76450
76451
76451
76452
76453
76454
76454
76454
76454
76454
76454
76454
76455
76455
76455
76455
76455
76455
76480
76480
76480
76481
76482
76482
76482
76482
76482
76483
76483
76484
76484
76484
76485
76485
76485
76486
76486
76486
76486
76486
76486
76487
76487
76487
76487
76512
76512
76512
76513
76513
76514
76514
76514
76515
76515
76515
76515
76516
76516
76516
76516
76516
76516
76517
76518
76519
76519
76519
76544
76544
76544
76544
76544
76544
76544
76545
76545
76545
76545
76545
76545
76545
76546
76547
76547
76547
76547
76547
76548
76548
76548
76548
76548
76548
76548
76549
76549
76549
76549
76549
76549
76549
76550
76550
76550
76550
76550
76550
76551
76551
76551
76576
76576
76576
76576
76576
76576
76577
76578
76578
76578
76579
76579
76580
76580
76580
76580
76580
76580
76581
76581
76581
76582
76583
76583
76608
76608
76609
76609
76609
76610
76610
76610
76610
76610
76610
76611
76611
76611
76612
76612
76612
76612
76612
76612
76613
76613
76613
76614
76615
76615
76615
76615
76615
76615
76640
76640
76640
76640
76640
76641
76641
76641
76641
76641
76641
76641
76642
76642
76642
76643
76644
76644
76645
76645
76645
76646
76646
76646
76646
76646
76647
76647
76647
76647
76647
76647
76647
76672
76672
76672
76672
76672
76673
76673
76673
76673
76673
76674
76674
76674
76674
76674
76674
76674
76675
76675
76675
76675
76675
76675
76676
76676
76676
76676
76676
76676
76676
76677
76677
76677
76677
76677
76678
76678
76678
76678
76678
76678
76678
76679
76679
76679
76679
76704
76704
76704
76705
76705
76706
76706
76707
76707
76707
76707
76708
76708
76708
76708
76708
76708
76709
76709
76709
76709
76709
76710
76710
76710
76710
76710
76710
76710
76711
76711
76711
76711
76711
76711
76711
76736
76736
76736
76736
76736
76737
76737
76737
76737
76737
76738
76738
76738
76738
76739
76739
76739
76739
76740
76740
76740
76740
76741
76741
76741
76741
76741
76742
76743
76743
76743
76743
76743
76743
76743
76768
76768
76769
76769
76769
76769
76770
76770
76770
76770
76770
76770
76771
76772
76772
76772
76772
76772
76772
76772
76773
76773
76773
76773
76773
76773
76774
76774
76774
76774
76774
76774
76775
76775
76775
76800
76800
76801
76801
76801
76801
76801
76801
76801
76802
76802
76803
76803
76803
76804
76804
76805
76806
76806
76806
76806
76806
76806
76806
76807
76807
76807
76807
76807
76807
76832
76832
76832
76832
76832
76832
76832
76833
76833
76834
76835
76835
76835
76835
76835
76836
76836
76836
76836
76836
76836
76836
76837
76837
76837
76837
76837
76837
76838
76838
76839
76864
76864
76864
76864
76864
76865
76865
76865
76865
76866
76867
76867
76867
76867
76868
76868
76868
76868
76868
76869
76869
76869
76869
76869
76870
76870
76870
76870
76870
76871
76871
76871
76871
76896
76896
76896
76896
76897
76897
76897
76897
76897
76897
76898
76899
76899
76899
76900
