9
31
42
7
2
1
37
49
13
25
31
13
11
3
2
37
17
39
35
40
42
30
16
30
25
7
47
34
40
44
4
8
30
11
31
20
6
25
36
38
2
26
9
24
47
32
32
26
38
4
14
37
13
2
24
31
46
31
3
28
43
4
33
39
37
42
21
31
31
16
25
30
19
27
19
20
25
47
30
3
21
11
9
2
23
45
41
11
48
11
28
11
38
42
36
13
21
40
24
33
49
19
37
20
3
37
18
6
18
44
25
2
9
31
8
14
18
40
41
45
28
6
24
9
25
41
17
23
28
20
28
29
14
21
33
15
15
43
16
1
29
29
47
19
25
27
25
30
12
33
26
40
24
10
21
7
13
15
7
3
17
14
13
40
26
23
24
42
4
22
47
22
42
45
50
40
46
13
2
23
19
18
3
4
49
31
40
32
41
35
16
20
35
41
19
2
13
2
43
35
20
20
32
29
16
42
43
36
1
15
47
18
7
43
2
12
20
19
29
23
35
17
49
45
46
1
21
19
31
20
32
26
42
25
7
29
30
13
14
8
26
3
39
44
20
16
37
9
29
25
50
45
13
37
14
20
34
13
30
19
48
43
15
43
18
25
24
38
12
28
31
14
28
49
41
27
25
4
22
1
41
16
34
46
29
40
18
45
27
1
3
36
25
47
25
46
33
42
8
17
29
40
27
1
48
16
19
32
22
47
36
8
24
46
5
45
23
15
47
26
22
34
48
4
2
47
6
18
27
22
45
38
29
32
1
49
8
42
45
38
45
29
23
7
17
48
21
6
10
43
44
42
33
23
48
34
10
47
17
24
43
39
19
12
36
4
8
6
16
17
16
20
36
6
35
39
39
40
47
48
43
35
50
13
4
16
11
47
39
25
43
17
39
29
20
8
41
6
7
19
39
29
47
5
12
35
30
6
43
15
22
45
15
15
31
36
41
41
6
45
25
4
33
1
41
19
4
10
39
40
49
32
21
42
47
47
16
45
19
2
17
41
28
33
13
47
43
21
9
11
23
13
18
45
14
29
14
39
18
39
45
4
41
49
40
11
33
2
1
46
36
47
39
7
18
39
28
23
12
47
42
27
26
7
46
35
9
32
40
21
27
3
41
44
19
16
39
9
32
28
22
33
23
47
31
29
3
13
43
44
9
4
23
14
3
4
37
32
46
20
38
9
21
2
35
35
10
49
2
14
36
45
14
35
38
28
39
47
46
30
21
22
37
17
28
11
6
27
22
37
28
15
14
33
49
47
1
21
21
1
21
3
18
14
44
22
43
17
15
11
27
1
32
2
13
18
3
1
15
43
49
29
18
46
30
17
20
22
31
15
45
38
32
19
30
1
6
42
15
9
38
2
7
11
25
7
37
44
33
21
31
8
33
37
27
45
46
44
35
26
7
25
45
16
5
20
18
49
22
32
39
27
37
28
35
27
28
31
15
43
2
10
5
41
43
4
28
14
16
38
4
28
19
50
20
13
26
41
33
32
1
39
11
46
48
9
19
45
10
10
22
39
3
50
43
19
18
42
12
14
18
33
50
49
26
13
32
49
35
37
42
48
3
24
9
11
49
41
25
1
18
33
49
10
23
19
21
14
32
44
42
43
38
3
4
40
23
29
28
36
31
31
9
29
32
34
19
25
36
13
27
35
15
48
41
17
13
20
10
49
44
14
48
26
5
8
11
18
43
26
31
40
49
39
5
41
22
32
34
41
35
32
1
32
28
40
28
16
43
4
48
13
50
12
28
39
7
33
22
30
18
44
45
15
31
25
32
40
5
32
40
47
19
9
39
18
7
4
46
7
29
48
30
35
44
21
23
30
49
22
42
29
1
32
17
13
9
14
4
49
2
28
25
17
39
11
39
31
7
49
48
29
9
49
25
42
16
7
32
49
2
10
29
35
47
30
17
43
13
9
2
22
35
45
15
26
9
30
41
20
36
5
33
21
16
14
45
10
43
38
42
9
13
22
25
13
11
13
36
20
32
15
8
20
26
19
32
41
14
29
29
2
50
21
15
45
25
29
11
12
18
49
17
38
15
33
43
34
13
17
35
4
47
17
6
2
37
24
12
41
5
42
28
29
20
15
4
50
21
25
40
45
45
31
23
37
33
43
43
45
19
24
29
45
26
7
19
8
18
1
29
24
8
26
9
8
1
35
39
24
15
12
44
25
9
2
12
5
27
40
46
45
43
35
8
40
29
44
34
31
50
2
33
7
14
43
44
36
19
9
4
29
26
22
49
26
38
23
14
42
