357
328
367
46
345
316
376
270
184
476
177
282
98
109
50
231
121
10
30
320
176
149
10
456
148
203
470
496
404
184
247
329
288
66
195
469
77
307
380
191
411
490
167
21
17
150
275
405
233
30
409
361
8
354
173
73
335
444
437
163
108
299
30
132
141
16
25
459
379
120
388
460
307
452
428
121
363
236
339
402
495
304
320
190
214
259
187
114
254
430
255
455
268
322
372
47
63
28
315
314
150
183
133
335
141
142
268
214
219
68
209
370
194
263
417
148
193
13
296
378
491
493
178
391
450
15
73
497
292
382
303
276
41
56
158
470
142
308
104
169
235
406
164
312
93
474
378
348
163
317
41
83
406
82
104
418
146
98
101
242
220
309
24
281
249
17
69
38
309
227
442
5
85
395
173
149
375
370
127
494
155
390
120
459
377
144
51
209
22
108
182
295
163
497
131
295
9
99
464
269
299
343
273
428
319
380
290
125
441
435
394
191
266
362
56
445
162
223
134
188
309
375
165
122
210
282
285
188
115
277
48
87
69
299
119
100
156
352
323
486
474
142
334
94
385
317
150
187
174
263
286
208
251
397
155
320
362
326
328
380
500
185
274
427
326
291
268
382
226
247
49
80
406
285
375
43
41
386
144
416
461
382
74
266
340
149
223
91
2
336
209
77
484
309
382
176
375
282
323
177
183
461
469
55
3
102
15
61
334
479
135
57
441
91
425
58
311
267
88
292
112
459
436
152
12
314
179
343
130
382
290
123
108
38
222
195
180
383
11
170
377
494
500
253
499
35
461
475
100
140
436
352
477
10
203
418
15
345
420
131
232
87
95
297
35
424
304
493
236
25
36
196
338
237
175
483
225
123
276
177
75
216
295
73
283
236
127
349
316
187
333
447
312
441
447
91
193
288
434
474
56
67
371
141
195
172
214
98
174
283
379
355
390
328
116
398
451
77
127
166
161
213
39
339
93
246
361
265
45
16
255
213
456
301
348
308
288
403
318
155
354
168
196
461
211
164
115
225
356
422
177
214
67
318
213
285
407
237
474
452
68
354
42
313
384
57
243
327
324
364
188
297
214
115
138
396
498
24
122
290
75
167
30
13
341
226
464
36
275
490
380
30
300
415
411
44
5
18
185
170
51
110
333
163
393
500
322
408
81
276
271
115
359
136
127
106
500
160
7
17
385
465
324
439
107
176
86
440
294
86
370
476
310
222
487
459
374
195
9
350
61
70
433
328
190
95
111
441
213
89
418
103
342
428
102
373
436
217
34
251
275
190
289
433
172
202
315
1
286
125
63
315
114
474
87
326
100
228
165
361
386
445
31
139
234
33
497
43
43
236
330
319
38
26
183
487
159
236
101
464
328
14
354
9
459
250
229
413
61
172
127
365
470
75
199
376
186
138
219
134
148
240
5
264
173
432
113
185
456
402
437
172
204
306
197
239
384
324
209
365
180
132
78
125
188
52
163
61
302
64
10
113
439
461
203
292
116
24
255
381
110
94
130
434
16
392
384
299
151
253
43
408
182
412
216
329
235
182
440
90
370
414
222
445
413
96
344
179
320
78
200
134
246
488
56
133
58
203
444
349
443
157
93
59
148
183
387
365
251
115
469
324
383
264
94
249
246
263
307
438
36
193
427
280
111
2
414
365
157
261
149
308
164
200
187
297
282
256
234
188
467
350
7
47
84
71
113
343
228
370
51
66
189
320
83
412
314
451
43
418
443
239
482
263
3
351
495
226
354
122
1
367
52
45
32
96
190
418
16
286
488
282
315
202
419
71
453
50
477
400
213
391
139
414
266
211
251
335
472
222
189
285
226
391
247
123
277
205
432
368
431
354
84
273
241
110
344
452
471
15
308
5
60
166
252
45
113
451
317
341
83
496
435
40
34
362
397
374
422
478
464
367
333
240
45
418
500
322
492
430
287
31
443
207
200
69
396
53
427
163
182
336
436
98
22
329
64
138
248
458
431
427
12
88
33
103
237
155
33
253
196
270
7
281
389
223
457
24
106
322
354
491
369
111
83
90
306
212
40
136
250
271
197
467
477
53
234
5
418
24
110
216
390
174
303
411
128
470
383
314
210
247
343
266
182
123
339
186
422
28
45
384
123
17
347
131
47
111
497
407
382
40
286
2
385
5
304
233
348
55
364
100
259
418
190
228
212
173
361
254
65
240
146
128
267
267
95
118
442
436
383
397
305
407
219
150
436
199
90
296
108
317
180
494
243
236
306
185
356
27
254
10
94
151
99
458
154
391
362
145
