1
7
17
40
6
38
14
13
28
16
36
4
41
49
3
7
19
31
20
44
2
21
17
10
19
14
45
14
47
11
5
12
28
37
41
14
39
22
37
7
25
42
27
14
43
29
2
43
40
17
30
39
15
23
13
46
33
46
32
16
20
29
10
21
45
46
18
24
28
43
2
42
6
23
33
29
17
35
18
2
14
39
18
37
49
47
1
35
26
13
9
29
9
43
17
48
22
38
42
46
22
2
25
33
31
28
17
48
6
5
41
10
36
15
13
15
45
25
10
42
10
16
19
29
25
48
21
42
44
15
26
8
41
4
19
22
22
14
44
36
17
34
44
22
22
16
44
48
31
45
29
15
47
47
9
30
39
26
31
36
3
31
25
47
8
35
29
21
35
36
11
4
27
46
28
6
35
44
39
36
19
47
36
14
13
49
11
29
18
10
32
23
31
27
26
16
37
29
22
26
43
40
40
26
36
25
16
9
6
31
1
29
50
44
20
33
18
20
6
13
10
5
44
24
34
24
49
48
26
18
13
37
21
24
32
35
4
3
38
47
28
40
42
8
33
24
33
1
11
44
27
44
2
12
14
15
22
35
10
46
28
1
46
49
39
4
46
1
45
36
37
7
32
11
30
4
46
46
25
32
48
8
25
15
13
36
44
7
1
14
35
43
35
44
3
8
9
8
33
43
38
40
19
13
4
10
50
47
10
18
37
49
12
34
44
26
25
23
11
30
28
28
39
41
1
46
11
10
1
42
46
11
49
2
45
15
41
23
46
25
27
23
7
29
39
50
48
3
47
19
39
41
44
28
49
17
29
19
23
31
45
43
44
20
39
32
32
8
2
12
23
19
35
35
27
17
37
27
14
5
2
40
38
1
26
31
7
19
50
18
15
16
28
3
1
36
10
47
15
11
49
17
47
18
14
27
35
8
49
42
2
40
8
27
34
19
8
36
43
6
21
24
19
50
16
19
9
33
37
19
32
25
6
22
9
40
15
34
41
3
19
18
2
26
31
18
50
39
3
48
37
19
9
49
14
32
34
16
28
3
13
49
16
6
27
10
4
1
21
8
26
23
14
24
8
18
38
43
45
35
33
29
22
12
16
50
35
50
34
8
20
50
48
43
17
25
5
33
4
38
49
14
15
43
17
41
33
15
13
14
40
41
45
38
46
37
32
31
45
30
19
27
1
37
18
20
13
5
22
15
17
17
46
34
24
20
50
27
9
37
16
42
11
18
7
47
29
29
7
33
31
22
9
24
10
8
14
41
6
38
50
40
12
39
18
15
26
26
19
16
23
2
48
47
22
24
12
29
49
9
12
47
31
35
40
4
50
1
45
36
3
10
13
50
5
29
21
39
23
4
4
21
11
8
45
16
26
17
23
32
49
40
25
37
30
36
25
47
37
14
16
41
34
18
25
24
47
22
7
12
13
40
16
21
23
9
47
11
39
17
26
41
8
37
46
16
26
14
12
5
17
48
3
27
47
39
45
25
43
43
9
48
4
28
39
49
28
42
2
40
23
7
34
27
12
29
42
7
39
32
44
42
49
15
12
11
14
44
10
44
21
14
12
49
32
39
13
31
32
23
40
30
3
27
20
37
9
17
30
19
35
36
2
9
33
29
44
15
31
24
17
1
11
46
26
35
38
49
25
9
24
40
28
22
48
38
27
34
11
6
28
11
42
42
38
17
10
18
21
15
35
40
42
41
39
16
29
26
30
21
48
32
2
50
13
39
13
16
19
12
38
22
24
42
13
6
3
7
42
1
22
27
39
31
16
32
27
1
40
45
39
46
13
29
7
1
48
28
43
43
7
14
47
15
10
32
50
8
49
14
28
8
22
4
27
43
42
21
24
37
49
40
50
46
15
46
14
18
29
1
41
11
2
41
44
16
34
49
45
27
42
49
50
15
5
17
9
22
15
18
6
33
19
8
18
21
11
9
41
33
8
31
14
50
39
47
35
15
16
3
21
3
38
45
17
28
32
17
20
7
18
44
27
18
4
21
4
25
32
9
32
34
16
15
33
46
12
41
17
30
13
31
29
11
15
20
34
18
25
34
34
10
29
27
21
34
29
35
10
31
1
4
24
9
28
5
10
3
37
15
45
11
40
50
3
14
30
40
48
43
41
25
10
7
36
12
17
39
17
15
15
18
29
48
47
24
41
27
20
21
2
24
37
24
13
1
45
19
2
26
1
35
2
3
49
46
25
36
48
19
4
20
6
50
22
35
40
42
38
40
50
1
3
22
29
33
18
19
16
29
