44
6
48
20
22
9
28
41
26
21
36
1
17
46
35
3
2
20
20
27
8
12
4
2
11
47
7
20
20
16
8
1
47
33
34
39
23
37
30
46
22
9
9
5
45
21
10
25
32
31
39
27
47
27
13
29
25
32
27
41
48
6
43
4
45
17
5
1
5
37
48
32
22
40
1
40
22
50
21
45
21
34
31
26
25
13
19
2
28
13
9
17
47
30
40
16
19
37
29
42
30
37
10
10
23
19
48
26
50
12
46
19
20
13
11
32
4
11
23
17
8
34
33
37
11
23
50
26
33
23
19
42
37
45
13
25
43
39
33
45
33
44
48
7
14
35
48
1
31
17
49
34
33
27
46
42
47
26
9
43
31
48
15
47
27
18
20
43
19
34
31
26
39
42
15
31
43
7
19
9
26
17
40
19
17
18
49
17
46
35
33
49
9
31
32
1
20
41
9
6
32
15
1
36
22
42
24
15
26
15
19
5
50
14
47
46
1
26
2
19
21
32
23
37
18
43
41
40
46
35
6
17
33
30
21
4
34
40
30
17
6
35
12
12
3
28
45
26
24
41
15
20
27
27
44
1
27
19
32
2
16
48
8
28
15
31
7
12
31
21
41
2
40
11
21
29
14
28
20
21
7
40
9
21
23
48
24
7
28
29
3
12
45
43
33
36
24
38
37
23
16
23
28
32
4
7
19
47
9
16
30
37
2
40
32
24
1
24
46
37
16
41
11
34
25
37
4
8
47
1
9
17
25
30
9
42
23
2
19
25
11
22
31
42
10
43
27
6
31
16
11
30
22
33
38
10
11
35
43
50
23
49
6
9
7
23
42
41
38
36
36
14
13
23
9
35
25
8
19
47
19
7
2
34
6
46
34
26
36
17
10
50
34
7
45
32
43
18
36
17
31
30
47
22
40
37
36
41
41
37
6
22
16
41
10
31
48
49
19
12
13
36
43
19
18
14
6
36
1
28
8
31
22
37
44
5
50
40
40
23
40
7
2
20
48
48
16
21
32
1
26
18
14
33
2
2
29
44
46
30
26
5
28
21
2
34
29
4
8
28
7
45
21
15
29
9
23
31
44
19
1
34
31
8
50
21
7
45
5
7
15
27
48
28
34
8
45
38
28
1
15
8
40
48
11
14
4
34
41
36
40
43
46
47
42
17
20
18
39
45
33
38
31
12
10
32
38
1
38
9
3
38
28
22
29
18
35
2
21
50
50
12
17
20
23
34
4
21
18
2
29
20
40
26
38
25
35
35
7
43
14
21
41
41
37
21
16
20
42
19
40
10
39
30
26
37
1
43
40
8
21
14
48
28
28
31
12
39
21
11
38
14
33
33
32
35
24
26
45
18
50
13
3
50
35
12
2
20
13
7
16
3
13
33
7
10
18
28
1
17
48
43
23
10
9
50
11
27
44
38
34
2
39
30
24
37
24
50
25
5
2
43
29
16
29
38
7
50
23
31
2
12
8
25
2
43
28
42
24
5
9
8
6
14
10
26
3
6
19
4
22
12
37
28
27
10
7
13
2
17
44
35
48
9
4
50
7
19
10
37
32
15
39
2
30
49
37
24
16
41
14
40
33
14
41
14
32
48
17
46
32
40
1
34
14
15
30
9
21
41
12
24
14
24
12
33
12
46
35
41
12
44
9
14
27
6
2
18
11
41
23
36
42
10
43
37
18
30
4
17
16
15
37
17
28
13
22
36
27
21
19
10
42
28
47
44
23
10
33
24
40
45
1
27
32
32
43
37
46
31
33
30
37
24
25
22
10
1
3
10
22
11
42
12
15
19
2
7
43
13
28
19
27
25
47
33
5
46
41
21
35
13
35
3
50
3
15
47
30
11
20
40
25
12
1
16
7
5
42
19
17
27
27
25
29
45
43
15
16
8
1
1
28
35
31
26
16
49
32
49
45
31
17
22
11
18
15
12
1
27
49
47
23
27
38
35
38
27
10
44
17
37
12
2
39
19
45
48
31
36
2
21
47
30
28
36
28
29
10
43
7
23
22
29
3
48
30
18
20
31
6
23
31
7
42
18
22
8
12
26
17
14
21
40
21
31
15
32
19
18
2
33
45
2
30
33
50
16
41
38
34
50
25
47
18
48
16
16
36
18
15
50
46
46
10
16
40
32
45
3
16
42
36
14
19
3
47
11
21
45
23
6
28
24
27
34
9
5
15
36
17
6
6
22
49
20
25
6
25
45
20
25
3
31
17
19
22
32
50
15
20
17
30
1
30
23
16
42
4
50
