161
491
52
265
210
28
329
36
159
226
53
305
78
149
137
485
394
78
405
28
250
378
118
269
79
215
435
40
461
309
34
221
145
98
13
456
222
152
27
223
384
9
289
277
438
278
79
394
218
16
465
386
354
412
454
500
429
292
108
257
415
233
393
99
165
226
25
37
75
386
488
433
61
40
4
219
36
300
495
216
129
261
52
263
479
215
420
336
363
15
404
193
342
202
160
41
167
176
467
336
20
441
420
118
36
498
147
450
485
119
223
305
132
197
191
180
98
179
126
190
122
100
192
254
356
202
185
413
174
360
90
343
421
99
151
494
276
131
275
274
91
155
381
372
499
119
194
234
222
480
35
433
56
463
244
265
366
195
490
166
220
457
282
26
47
433
147
275
449
410
462
392
376
136
133
164
421
278
214
111
126
247
381
122
174
202
451
306
294
266
479
189
466
148
471
475
378
84
134
364
182
269
43
27
71
485
382
345
13
269
374
342
298
383
476
355
350
106
100
109
90
48
63
245
66
420
59
284
412
21
326
442
60
120
159
108
334
496
44
297
280
285
211
283
304
474
176
334
409
238
254
174
70
471
25
95
206
222
341
214
477
411
25
31
4
151
319
78
64
257
305
210
386
272
110
270
130
361
66
410
187
254
10
499
384
135
55
133
76
221
132
63
146
45
222
24
396
208
396
406
308
104
500
491
355
177
317
421
303
60
347
359
197
82
276
290
282
183
284
321
122
353
127
76
451
132
264
218
257
426
18
235
13
1
67
326
401
433
497
27
289
91
298
363
456
294
351
412
285
38
368
491
229
450
139
401
235
28
404
286
138
274
80
194
159
68
342
86
376
68
17
62
209
262
340
148
404
90
239
355
262
261
283
228
330
449
60
395
349
218
449
26
210
246
451
121
289
190
33
104
454
314
161
285
486
336
177
386
368
381
131
452
93
336
327
260
298
59
418
176
148
103
219
209
423
449
493
368
346
259
412
418
384
425
206
295
456
455
100
391
21
338
332
465
465
290
371
306
477
486
2
419
420
408
210
157
154
447
411
381
109
15
343
351
178
100
435
482
174
449
90
219
116
13
475
276
158
441
275
161
260
99
236
13
278
128
156
318
107
194
262
254
171
87
101
460
447
89
167
125
194
199
217
254
297
394
357
338
350
294
69
486
151
213
15
170
68
404
371
12
464
287
31
12
276
458
324
203
130
82
65
434
120
490
203
396
286
324
471
338
199
145
313
477
412
142
62
490
98
132
248
25
87
479
500
255
423
211
408
348
135
265
141
402
398
109
407
353
140
296
261
122
134
22
126
343
483
495
123
267
204
133
336
61
474
92
328
178
358
346
175
475
211
29
207
57
215
79
472
379
297
165
483
23
306
342
91
490
491
71
166
469
245
226
290
10
300
498
437
343
382
339
368
33
475
388
336
452
154
393
276
71
292
336
177
224
374
492
143
149
14
447
30
376
41
158
255
303
261
374
260
487
81
363
355
254
452
318
496
219
103
224
8
284
4
102
448
380
449
305
154
184
195
104
1
202
464
181
62
159
230
176
325
419
457
94
145
396
175
107
231
101
355
135
177
60
410
18
2
389
22
486
16
255
11
274
410
123
180
309
1
481
409
103
219
316
311
223
279
384
35
496
104
25
261
140
121
378
229
2
407
67
9
473
457
457
187
88
265
170
38
473
20
325
167
456
398
158
97
403
145
106
483
371
160
320
22
393
80
344
218
491
367
279
136
276
358
216
425
366
31
117
15
347
313
74
137
134
99
303
21
4
31
274
383
103
254
27
401
245
384
149
482
164
85
371
70
453
387
284
342
117
418
130
89
468
158
476
455
120
100
415
191
211
11
98
443
419
190
117
110
219
363
256
277
159
106
191
181
107
377
189
83
239
97
49
53
447
497
360
66
222
81
255
106
36
314
27
127
282
136
90
23
437
37
358
135
249
400
269
246
473
372
11
43
462
354
73
211
426
408
134
17
325
436
60
216
331
428
35
427
209
222
385
468
146
412
390
136
93
370
201
335
109
39
425
201
249
164
385
58
279
474
473
3
50
33
145
18
413
131
473
4
172
445
199
272
402
132
256
28
52
432
327
231
388
382
39
281
165
333
200
357
72
187
495
2
78
82
370
182
41
6
266
428
311
320
306
134
238
193
268
97
426
318
457
27
267
411
37
415
290
34
119
344
247
147
109
157
5
333
14
492
360
454
475
321
139
181
9
146
254
293
204
486
29
12
152
431
136
185
313
384
325
58
472
331
54
283
252
