62075.52
15525.77
38197.11
31647.66
6842.30
49421.68
94549.00
39353.85
91996.50
45435.88
30723.48
9352.17
65063.25
45107.70
48075.12
41715.45
22691.88
43853.88
49421.24
45661.56
50549.44
65213.80
50741.44
6096.66
24840.60
63715.47
12914.04
9694.20
47238.94
11681.32
8300.82
1396.49
50374.02
27538.95
55259.20
38741.70
58174.05
11267.90
26305.12
22500.66
17574.60
71497.03
46576.92
41733.00
69680.79
15779.83
55955.16
37395.30
19017.02
15966.90
58112.50
7443.84
60704.40
31450.16
35964.18
12781.52
32868.00
8276.82
1342.43
46523.75
44507.97
14007.12
34764.96
54393.28
23335.02
63743.97
4823.10
62591.42
58484.01
24752.00
48499.20
12017.60
38342.48
11847.69
20745.84
63040.60
78983.50
10294.86
49914.00
68472.90
27284.21
34866.41
36326.22
70156.32
7688.48
2712.00
2432.62
25767.36
63618.00
29031.25
51282.36
36819.60
28150.00
73445.02
57211.65
42417.72
15965.04
34877.18
14679.72
12036.80
38611.71
30061.92
36085.86
69415.08
34673.24
64211.64
36839.68
13971.12
43104.88
31470.22
16746.19
51490.04
19325.70
89960.08
25408.08
62994.50
48807.92
54417.60
39233.40
8556.17
48940.50
5601.05
63382.50
21034.08
53315.99
62458.44
8937.68
37643.30
86100.24
32372.50
31110.48
23978.50
20341.76
1410.50
18260.14
27498.24
74193.30
65233.08
50228.64
26127.80
26002.62
66330.81
50034.39
43062.36
34634.41
1522.62
49182.36
67642.92
68585.82
50840.19
20589.72
43859.16
45308.05
59390.14
1319.41
5090.55
19404.21
1529.62
35958.39
86106.24
59017.88
51744.13
25995.36
83982.89
20952.26
39690.28
7988.61
32492.03
83337.30
24596.46
59759.70
7728.20
36831.12
79063.16
46298.50
69323.50
22357.53
35678.40
1530.63
25807.60
15330.51
27859.70
19221.00
44795.85
15120.48
52706.16
42042.16
12703.60
37792.08
22318.53
7878.35
10623.27
49669.91
24326.00
20482.20
38743.74
41617.22
36198.00
28853.59
20016.45
73201.83
46380.88
28061.44
6720.35
25803.00
34581.54
23840.96
58989.02
21533.04
31219.32
7141.68
65053.88
64836.64
51293.76
60114.64
2568.74
44852.56
40551.70
21454.56
11011.90
47787.00
15036.84
19380.35
21408.95
47030.04
9351.90
19169.28
31558.75
9746.48
3958.23
44632.73
34949.76
55715.04
58263.00
1503.59
36872.64
29823.20
83936.36
80360.60
35876.94
2997.18
68312.00
3144.42
40530.72
3973.26
5415.85
57348.14
40940.28
37930.80
40963.50
50410.65
8208.96
68399.67
50407.72
81785.57
52063.11
40639.86
14325.75
19088.16
19115.90
3027.30
54329.28
6607.00
71517.60
13861.12
46288.96
30438.66
53456.10
31057.60
58715.72
32616.34
5340.80
43447.62
22864.80
53271.12
58489.56
5490.06
79184.19
26653.05
7704.40
44291.52
32584.75
44687.43
14211.36
1039.13
9994.56
46459.70
34354.20
9000.81
973.07
18304.65
54136.81
6659.00
43589.56
69152.80
62204.34
30852.80
43776.00
71883.68
6619.00
29932.50
50649.20
15239.92
41239.45
9502.15
920.01
51272.73
37115.10
59744.27
27422.44
42188.51
53001.12
33589.08
58176.72
60703.37
20289.96
28110.42
27522.16
67885.75
30459.33
16285.50
6426.07
31906.88
44752.84
14477.82
19598.67
13947.00
67355.40
37503.84
40995.00
25437.50
26362.08
18448.06
41315.34
25592.28
54778.14
68562.90
17875.62
1670.76
39157.72
12950.28
14455.20
7490.04
34034.91
24218.35
46224.96
26184.60
46306.47
52080.81
65909.60
49114.54
35073.15
20762.60
10487.25
24025.50
17310.48
37596.96
17098.00
13599.63
59561.37
56003.20
18235.14
25503.50
44221.81
60717.69
34863.48
52043.76
84739.50
69152.80
46502.96
3952.23
34040.37
32722.38
7928.52
62484.86
27133.04
18555.88
11183.83
1063.16
18361.98
54441.42
37600.50
23631.52
61024.33
32903.97
19060.44
22157.38
32286.32
57180.18
16477.40
72676.40
61413.66
73915.02
3323.52
12463.40
58620.38
72346.05
12333.20
51491.44
22073.40
70634.97
29367.16
16781.88
36372.60
25752.15
55144.97
42686.33
84312.83
35878.36
33936.60
47405.40
58248.07
87499.68
39113.92
51379.02
48055.92
5648.94
16878.15
49890.75
63376.11
24798.84
20469.92
42255.00
12309.04
9059.50
26700.16
22725.00
71562.27
60123.00
46697.28
49734.00
60187.19
44158.32
4612.96
7976.52
10901.88
12438.09
12196.96
69978.80
66586.84
72481.50
8463.00
23851.00
4368.76
45107.70
15350.28
19813.12
39397.26
46715.85
79534.00
83936.36
33948.45
5751.20
37023.10
77067.06
20864.44
45210.75
36666.44
42522.33
33983.64
23262.84
36881.26
44749.74
4613.00
14286.96
11113.76
79218.79
38365.75
44111.04
68657.24
57859.23
58924.32
30335.34
29442.96
18949.80
13834.80
54596.09
27893.52
9674.40
75216.96
66447.81
4813.20
1665.76
70904.20
77366.18
28364.70
31640.00
82234.24
36831.12
25461.18
4630.10
46749.43
37455.60
68792.40
36753.44
14407.68
34958.67
39366.05
44408.12
43745.77
38204.89
70120.96
53509.50
25731.02
47527.48
16465.92
40005.90
13144.95
17841.98
1318.41
26173.14
24891.12
1886.06
14730.48
39963.60
64326.02
46977.56
27279.73
13508.69
24986.80
15229.17
52129.11
43477.50
23200.50
37793.34
6356.00
47083.40
49356.58
36789.90
16592.68
73111.95
18317.60
21926.94
44286.97
25678.08
4725.20
48352.08
17068.00
28625.32
26048.00
4453.74
55029.34
35466.76
28654.32
50397.32
29002.61
37020.94
86870.14
1035.13
69198.98
974.06
53944.96
21835.56
57037.44
34928.96
25479.30
16462.49
18055.20
68205.82
16811.64
18889.80
68373.78
34740.96
40554.72
44546.97
30110.67
45570.06
11262.06
28735.20
61625.20
16199.01
25120.14
32748.76
48742.33
48372.00
73982.61
46760.85
35353.80
26608.40
6054.60
49739.43
62012.27
35303.18
50734.40
20289.96
87949.61
47637.24
78902.19
66304.14
63707.51
14071.40
43328.58
23950.35
62345.64
52343.36
11082.00
52331.17
39723.20
22095.15
60751.02
24791.25
14887.99
23547.27
72186.66
37059.00
82358.40
2528.70
3241.42
39808.86
61770.60
24258.52
51122.65
30036.62
50933.70
68003.41
44179.96
41512.70
29321.90
50032.36
3958.23
78531.81
13446.16
21959.36
63043.20
28929.78
18738.02
47898.25
16713.15
59823.00
63754.47
26289.90
71015.49
34266.90
6302.68
46315.17
46953.40
2214.40
46333.01
31191.48
72315.61
78117.90
6274.64
6394.76
65715.30
9618.40
3237.51
37504.04
42778.08
28184.55
61012.44
21788.10
60824.05
39333.36
48792.11
38253.82
4595.05
8563.24
55282.68
15117.93
79508.70
52342.10
36478.40
1482.57
57009.18
29157.97
16067.40
39745.29
1952.12
54983.71
27630.60
1880.06
34373.12
54643.95
65588.76
19354.72
66262.14
1250.34
19381.20
1486.58
33892.80
10802.77
11211.83
33707.65
70875.36
25016.32
40348.44
21517.54
50738.63
5425.85
45607.14
36316.28
69725.48
31898.44
21568.82
44591.36
41073.12
40166.84
26939.38
39786.88
62040.49
8023.50
21533.04
35825.95
31345.06
25419.60
5671.15
8500.10
57784.23
72568.44
54936.88
2740.92
37410.70
69441.60
26139.71
44158.32
6559.21
37479.60
49865.76
11751.39
5555.82
44408.12
15426.30
16916.36
70465.39
38239.11
44594.43
57162.00
64176.62
44496.96
13935.00
48844.06
26383.14
27749.61
15551.77
60188.64
52006.50
77732.50
36519.90
42204.63
12325.95
30465.28
62591.13
54838.42
54530.52
48349.15
40635.00
32108.80
58529.02
33048.36
41137.47
50338.78
48364.36
6390.76
24702.00
18345.60
16217.28
5260.70
29931.80
8729.15
53208.00
4164.52
31323.90
9229.70
4838.13
5762.16
78968.25
19929.28
49779.00
50453.10
29593.98
68427.52
32971.40
77661.90
20145.78
16883.73
3522.81
65067.00
9352.17
29663.04
35038.15
80689.77
1397.48
42508.20
13942.64
93148.51
35548.38
37767.84
33692.12
7750.40
52713.12
63087.62
57381.20
11652.60
1462.55
15368.00
6623.00
22948.86
10847.48
13181.92
25624.08
4760.20
24866.91
19130.41
80266.60
50838.04
27046.69
3036.30
39421.36
32182.03
61973.94
42325.50
33475.15
67895.28
7872.64
24246.20
28855.20
7245.91
50939.79
34076.11
24915.12
1543.64
6763.12
36439.55
57401.57
46373.95
45519.88
35017.95
48568.04
67354.56
6106.55
16910.73
36263.04
6531.95
68049.75
32206.02
43112.25
56339.50
34818.96
16442.28
2440.62
37353.69
58126.25
52456.00
16085.16
24682.68
5580.12
51077.39
28624.09
2266.46
34022.10
71186.67
50744.39
2875.06
43425.15
20319.93
62081.36
25037.88
30572.40
37209.06
32638.84
45887.61
74758.40
31365.88
18303.60
18695.10
51375.20
14673.82
35378.10
79341.72
35457.40
30991.12
5532.12
14034.90
56187.20
5230.65
8118.55
25434.88
7231.74
2662.84
47785.92
34026.90
28073.74
33641.28
22535.64
39185.16
37515.96
19824.84
32299.83
54705.96
26956.82
13982.72
34091.82
25406.85
73677.74
56555.73
33610.75
62120.10
13306.93
21010.68
1616.71
43138.74
65145.08
51218.73
87031.08
4530.00
29310.72
25403.82
37508.46
946.03
66121.00
10195.85
79891.85
2927.10
48965.28
38411.10
56151.20
14000.76
77207.83
6647.00
38785.74
43934.28
84124.36
3635.82
47442.24
5050.55
951.04
18544.80
28379.70
45339.05
14399.12
20307.96
65803.92
35782.72
23755.62
47187.66
21639.04
80364.60
33333.30
61085.25
13966.72
37713.79
63186.80
41414.45
50966.39
44688.49
73823.40
28343.36
61892.12
61721.52
9009.50
8379.18
36640.00
33059.04
9260.10
47698.56
1048.14
31028.97
22508.64
54202.56
13574.50
68084.52
45285.45
44126.69
24117.84
63320.08
13133.92
88439.61
9630.60
60351.04
44968.80
17799.18
57860.86
74511.26
76026.50
12649.78
2278.46
52476.18
79479.72
56447.94
50993.70
51254.80
53560.32
38281.32
15722.10
14810.84
60865.35
56248.28
8258.70
973.07
31163.22
55903.80
23853.06
35781.22
20829.96
7395.76
88170.59
56214.76
26728.05
39483.20
34479.40
