66149.30
33570.34
77584.78
30753.60
16691.92
79654.66
32579.73
39801.34
11898.53
9898.44
32374.23
84689.10
31618.56
17409.37
4220.60
41056.71
11045.58
1201.30
19533.06
14715.84
19320.21
26089.14
57590.04
34158.08
55209.50
70914.80
64819.50
9915.57
43474.53
9685.53
37482.27
57613.60
2512.70
25339.86
64129.62
28390.20
91346.00
14348.29
11232.90
10241.33
29474.94
10968.00
37115.99
12783.70
11099.69
50974.34
3723.92
28020.90
92497.00
38651.40
13739.58
46831.84
67481.55
37776.69
38189.48
67696.98
76730.64
65470.00
32659.75
73306.40
17944.20
53416.80
8517.06
55043.45
65028.80
61444.44
73513.44
19078.28
1134.22
29119.44
34752.08
74698.72
15647.61
8219.89
18450.33
44518.56
18226.72
43150.08
37768.08
26679.12
41493.32
57707.18
2961.16
1753.84
83946.32
60038.90
1171.26
2026.22
47805.66
8959.45
18037.24
3021.30
28366.59
14512.00
50747.72
33776.65
40941.16
41388.84
59212.30
13034.28
28750.60
1599.69
15009.75
8438.90
23725.60
54868.95
68205.82
56175.20
85673.76
55894.74
40304.44
22744.60
3335.52
41073.12
65729.03
18719.69
24595.95
22021.63
6014.36
4624.89
80709.71
66490.11
52164.90
52857.12
4865.24
41354.10
60769.80
5017.36
73950.24
56068.80
56140.00
39917.25
63907.60
27749.60
30623.94
26803.77
64157.32
50106.78
16596.18
20104.85
39517.43
43546.11
9249.87
26764.16
32885.25
23446.64
88993.50
64284.54
33972.00
68888.60
33931.72
4244.60
64168.50
78385.13
49428.48
25394.74
29832.25
51931.88
62859.21
59582.40
72465.62
49556.08
74878.76
64888.25
19460.96
26445.72
34176.90
8016.68
58108.80
47461.95
45239.60
21329.62
8080.88
31764.60
58430.88
12852.14
4761.16
54989.97
11650.65
31366.16
8487.06
35841.39
22083.80
28688.82
40119.86
29762.70
1166.25
13300.56
10372.92
6162.72
22719.00
45647.75
13417.69
1666.76
63403.20
23875.56
28813.32
4520.92
50346.12
2462.64
33465.30
5024.28
44013.15
50367.78
71096.48
42535.85
5159.43
28397.92
11322.20
57429.84
23185.00
35215.70
10181.78
31029.48
30046.97
26846.98
77825.70
46391.64
20101.44
47114.32
54873.60
43277.64
21771.88
24301.50
4402.68
6411.85
70680.39
939.03
32234.27
33136.74
45934.00
8689.44
19138.13
5630.91
41245.74
31706.25
24876.18
18444.47
1158.25
40305.87
62194.00
1612.70
27251.64
79418.25
29759.13
22995.70
41046.46
22187.28
48845.77
6777.20
44303.04
4663.95
14761.05
48161.75
64484.20
10218.88
5700.30
48575.24
48231.00
61751.78
24169.60
57133.44
31125.64
17244.26
53214.81
8825.52
49251.90
47763.66
41707.92
32982.04
2514.68
20542.40
63087.16
8505.27
37480.32
51892.50
24586.08
1170.26
71210.86
60892.01
13000.86
36619.68
46725.28
55528.20
37625.04
17190.36
41690.55
50673.99
43226.82
27969.80
55228.95
1035.13
10098.11
19455.67
12454.52
17118.00
28806.25
11812.70
55234.90
12229.32
13694.49
51966.32
46174.95
63418.00
73908.83
6977.45
52584.84
1986.18
12949.58
83761.86
27779.10
48540.96
24714.24
40724.40
23600.76
72556.80
84568.80
62590.44
31458.24
60544.08
7923.40
54188.35
17423.19
71835.27
35687.75
12565.68
5209.60
91088.55
82586.68
43630.54
37779.60
85385.76
34291.29
21568.82
28653.45
4464.80
35773.85
49588.92
37593.60
41877.78
24251.75
18548.00
4853.13
13638.82
10853.40
22003.80
4552.83
51329.60
41408.64
32434.56
37769.60
66070.56
42515.82
81874.02
56863.63
46248.72
56724.85
24932.18
23222.50
54506.22
11284.00
29747.54
55558.83
41114.10
63068.30
9200.87
42345.36
57391.74
28367.08
81312.14
3105.30
33341.62
21367.46
19975.01
26392.86
28244.83
36774.68
14095.00
8369.12
48568.33
33037.77
1796.89
8363.85
15304.51
59422.40
33426.00
62075.52
8691.24
46731.98
27551.16
84188.50
16614.18
55418.24
30678.56
7339.86
66586.84
14029.07
23433.08
48669.80
47603.82
31428.39
32311.23
75151.12
5731.15
50403.96
64826.80
3293.46
31198.12
36711.68
67185.30
5639.91
50716.36
24680.04
7778.34
68280.48
65472.03
51272.73
2739.03
35875.84
6547.08
47475.09
3229.40
11642.60
65589.42
43570.19
11281.90
22003.80
44399.04
68290.22
32470.02
16880.82
49638.24
80493.77
41492.22
43299.62
9253.08
4840.30
10577.43
32515.70
28926.96
66135.81
11674.32
48510.33
57986.25
79848.42
84417.69
58963.50
41267.46
10000.90
18920.25
43320.50
18492.76
52279.36
13061.72
4312.59
8104.80
60265.00
29871.80
13622.32
3874.14
4677.04
57351.84
48827.22
24134.04
32855.40
34068.24
28436.92
19055.55
72250.36
61265.70
27992.14
68014.22
87492.00
76060.98
12779.91
81878.40
40196.10
3487.66
41644.48
48540.36
42380.64
46143.40
18776.52
75935.64
22464.14
46345.76
85229.10
44792.88
38496.48
6210.56
62610.80
52842.15
7129.68
52495.20
53325.50
8457.20
37780.50
50747.20
32507.31
58445.91
63621.11
42080.15
63658.65
33407.64
14331.48
60156.36
70875.36
40693.00
42705.60
36494.43
6358.72
64654.80
39049.92
21947.24
7688.22
7105.70
16145.28
2815.00
49377.24
3471.75
54027.96
4351.62
61409.76
13595.40
29263.90
5417.70
50122.80
66859.52
32678.65
12199.88
41068.50
22675.00
21208.86
6679.20
57216.06
21569.37
89325.60
17106.24
53780.76
54778.52
59424.45
36880.40
26019.54
64202.04
11631.51
46863.23
8744.20
22647.94
35475.96
32864.65
12774.44
14393.60
31230.87
54424.11
58247.10
30207.50
34336.74
57129.16
41029.89
3579.87
76709.36
22936.32
15388.20
46159.01
60737.28
62465.91
62352.36
64077.34
38078.56
14562.73
17406.76
54506.22
16187.36
28870.60
21637.95
63074.88
3072.36
49032.62
11169.83
24154.52
55701.77
52064.32
19589.68
10539.28
51666.74
36401.41
42957.12
40531.12
13021.76
44717.40
14161.18
1101.20
28916.80
36075.24
22265.38
57149.70
81312.14
75441.87
8982.81
41645.20
14757.99
39354.48
15265.51
12179.09
49933.75
32441.50
69929.26
5039.31
9243.78
31133.25
43687.20
21058.20
22379.94
33651.18
55462.68
31927.02
58934.92
11082.00
46480.50
71468.67
8899.59
27869.28
56550.48
31958.04
37483.56
39237.90
16202.29
49387.65
54780.42
63576.24
25728.00
41445.45
20476.47
20712.67
33046.56
50614.32
79843.13
47616.75
33927.96
59343.84
37966.82
76625.55
26037.54
61031.78
1688.78
83485.40
1634.72
4054.32
53549.43
44808.40
6720.35
1311.41
42072.52
19690.25
32810.00
6034.40
33120.36
21251.49
32855.96
38777.04
20391.56
37612.61
17208.60
28806.96
8359.96
38729.08
10840.41
1722.81
31522.56
1486.57
18619.68
38326.77
24534.62
91439.52
47102.40
47728.94
86478.14
7452.90
20466.23
39487.36
56336.67
11162.83
38359.48
26922.56
17434.76
7874.40
25271.86
29855.36
43536.00
50672.37
44351.97
49031.77
23433.52
36101.52
49552.56
5300.55
1418.51
37825.59
17073.45
19348.80
10923.99
934.02
21191.10
56999.70
34053.11
6811.42
4933.28
22376.42
17364.62
74502.12
3459.72
18245.50
3640.00
32434.75
34922.38
38656.80
48232.36
18873.91
10956.00
64238.08
15655.77
54512.14
2823.00
43062.36
14543.28
5149.48
73036.80
57390.84
50339.38
12333.30
9135.90
73038.42
19831.00
2426.62
47005.56
49558.91
4970.40
38121.30
25128.32
22174.63
49604.82
4594.86
46110.96
22744.16
56154.88
4090.38
37143.36
5222.49
54831.80
25434.88
22422.53
34276.00
65733.12
38632.80
8817.36
46304.72
16367.85
6511.95
58546.60
37390.20
21483.40
45866.14
79986.18
21407.04
39601.86
52003.44
9721.53
3525.70
92560.02
45765.72
92947.50
2200.38
8009.61
9519.95
57037.44
3047.22
38335.82
28831.00
19492.96
36003.24
27914.25
8508.95
42911.00
22188.40
18541.88
7222.70
58064.86
53607.54
1500.59
20391.70
950.04
2907.10
11940.53
53241.97
1622.72
8889.35
27293.52
56099.60
48892.80
17322.62
16473.38
36075.27
26533.12
29078.93
36038.72
36025.52
80516.48
53957.05
26055.72
44075.16
9321.84
78933.50
25828.00
24866.60
40362.48
28090.13
23190.31
46081.98
18380.20
1351.44
11541.33
20466.90
45841.92
63781.65
78033.48
33383.28
87360.63
67894.92
30296.50
57949.20
24260.25
34852.95
55040.46
5698.04
66388.14
24430.80
56789.52
40724.40
42893.76
57180.80
53949.24
2270.46
18628.16
63977.20
56852.25
25987.80
48193.84
912.01
52195.11
11664.72
30070.73
12045.87
1449.54
39198.51
59679.48
49704.50
10823.40
49638.24
15075.06
38623.64
54633.96
45291.18
47631.43
41075.01
39762.60
28894.80
51139.44
20602.05
26531.05
49300.56
51659.10
14701.05
15612.94
31810.56
22266.40
72436.50
39432.30
50832.60
48768.06
21126.56
4260.64
75329.55
38722.53
41373.77
50365.58
63426.60
53408.62
61454.75
39947.09
969.06
5741.15
3880.14
33957.12
28050.00
33488.91
19767.42
75247.68
10480.98
23531.76
30819.30
30434.04
48813.30
74246.90
28320.36
25067.52
48436.70
35798.16
52864.58
27500.90
47980.66
53949.24
39101.44
1226.32
45450.00
18659.50
33914.14
80292.48
39882.24
5886.35
8066.58
23482.41
13422.08
14415.75
14920.95
5820.36
8172.00
50109.05
48965.28
51848.16
37372.68
60045.57
67929.04
22855.31
37402.95
54485.09
48025.00
10539.13
50733.90
10300.92
22373.70
87836.16
9158.80
79512.79
40744.88
29997.00
19509.42
60138.68
22152.24
68072.50
23807.96
24622.62
13257.86
73821.88
79937.13
21569.22
34732.00
32616.00
51967.86
49087.48
72974.67
14238.29
10468.98
38130.82
17406.48
36439.00
13434.30
86241.00
44056.71
76175.95
6877.44
90238.56
49581.30
32987.28
43054.08
3435.69
58141.05
44597.40
80454.15
83877.75
49017.50
28228.36
6210.78
6221.65
38732.31
44893.94
37913.04
32602.38
27326.70
54253.12
47291.66
66849.52
14079.12
26668.05
18355.14
1305.39
59177.30
5073.44
44388.27
44558.73
42795.00
