126533
126534
126534
126534
126534
126534
126535
126535
126535
126535
126535
126560
126560
126560
126560
126560
126561
126561
126561
126561
126562
126562
126562
126562
126562
126563
126563
126563
126563
126563
126564
126564
126564
126564
126564
126565
126565
126566
126566
126566
126566
126566
126566
126566
126567
126592
126592
126592
126592
126593
126593
126593
126593
126593
126593
126594
126595
126596
126596
126596
126596
126596
126597
126597
126597
126598
126598
126598
126599
126599
126599
126599
126624
126624
126625
126625
126626
126626
126626
126626
126626
126627
126627
126627
126627
126627
126627
126628
126628
126628
126628
126628
126628
126628
126629
126629
126629
126630
126631
126631
126631
126631
126656
126656
126656
126656
126656
126657
126657
126657
126657
126658
126658
126658
126658
126659
126659
126659
126660
126660
126660
126660
126660
126660
126661
126661
126661
126661
126661
126662
126663
126663
126663
126688
126688
126688
126688
126688
126688
126689
126689
126689
126690
126690
126690
126690
126690
126690
126691
126692
126692
126692
126692
126693
126693
126693
126693
126694
126694
126694
126695
126695
126695
126695
126695
126720
126721
126721
126721
126722
126723
126723
126723
126723
126724
126724
126724
126724
126724
126725
126725
126725
126725
126725
126726
126726
126726
126726
126726
126726
126726
126727
126727
126727
126727
126752
126753
126753
126753
126753
126754
126755
126755
126755
126755
126755
126756
126756
126756
126756
126757
126757
126757
126758
126759
126759
126759
126759
126784
126784
126784
126785
126785
126785
126785
126786
126786
126787
126787
126787
126787
126787
126787
126787
126788
126788
126788
126788
126788
126788
126789
126789
126789
126789
126790
126790
126790
126790
126790
126791
126791
126791
126791
126816
126816
126816
126816
126816
126816
126817
126817
126817
126817
126818
126818
126818
126818
126819
126819
126820
126820
126820
126820
126820
126820
126821
126821
126821
126821
126821
126821
126821
126822
126822
126822
126822
126822
126823
126823
126823
126823
126823
126823
126848
126848
126849
126849
126849
126849
126849
126849
126849
126850
126850
126850
126850
126850
126850
126851
126851
126851
126852
126852
126852
126852
126853
126853
126853
126853
126853
126853
126853
126854
126854
126854
126855
126855
126855
126855
126855
126855
126855
126880
126881
126881
126881
126881
126881
126881
126882
126882
126882
126882
126883
126883
126883
126883
126883
126883
126884
126884
126884
126884
126884
126885
126886
126886
126886
126887
126887
126887
126887
126912
126912
126912
126912
126912
126913
126913
126913
126914
126914
126915
126915
126915
126915
126915
126915
126916
126916
126916
126917
126917
126917
126918
126918
126918
126918
126919
126919
126919
126944
126944
126944
126944
126944
126944
126945
126945
126945
126946
126946
126946
126946
126947
126947
126947
126947
126948
126948
126948
126949
126950
126950
126950
126950
126950
126950
126951
126976
126976
126976
126977
126977
126977
126977
126977
126977
126978
126978
126978
126978
126979
126980
126980
126980
126981
126981
126981
126981
126982
126982
126982
126983
127008
127008
127008
127008
127008
127008
127009
127009
127009
127009
127009
127010
127010
127010
127010
127011
127011
127011
127012
127013
127014
127014
127014
127014
127014
127014
127014
127015
127015
127015
127015
127040
127040
127040
127040
127040
127041
127041
127041
127041
127041
127041
127042
127042
127043
127043
127044
127044
127044
127044
127045
127045
127045
127046
127046
127046
127047
127047
127047
127047
127047
127047
127047
127072
127072
127072
127073
127073
127073
127073
127073
127074
127074
127074
127074
127075
127075
127076
127076
127076
127076
127076
127077
127077
127077
127077
127077
127077
127077
127078
127078
127078
127078
127078
127079
127079
127079
127104
127104
127104
127104
127104
127104
127104
127105
127106
127106
127106
127106
127106
127107
127107
127107
127107
127107
127108
127108
127108
127108
127108
127108
127109
127109
127109
127109
127109
127109
127110
127110
127110
127110
127110
127111
127111
127111
127111
127136
127136
127136
127136
127136
127136
127137
127137
127137
127137
127137
127137
127138
127138
127138
127138
127138
127138
127139
127139
127139
127140
127141
127142
127143
127143
127143
127168
127168
127168
127168
127169
127169
127169
127169
127169
127169
127169
127170
127170
127170
127170
127170
127170
127170
127171
127172
127173
127173
127173
127173
127173
127173
127173
127174
127174
127174
127174
127174
127174
127175
127175
127200
127201
127201
127201
127201
127202
127202
127202
127202
127202
127203
127203
127203
127203
127204
127204
127204
127204
127204
127205
127206
127206
127207
127207
127207
127207
127207
127207
127232
127232
127233
127233
127233
127233
127233
127233
127234
127234
127234
127234
127235
127235
127235
127235
127235
127236
127236
127236
127236
127236
127236
127237
127237
127237
127237
127238
127238
127238
127239
127239
127264
127264
127264
127264
127264
127264
127265
127265
127265
127265
127265
127265
127266
127266
127266
127266
127266
127266
127267
127267
127267
127267
127267
127268
127268
127268
127268
127269
127269
127269
127270
127271
127271
127271
127271
127271
127296
127296
127296
127296
127296
127297
127297
127297
127297
127298
127298
127298
127298
127299
127299
127300
127300
127300
127301
127301
127301
127302
127302
127302
127302
127302
127302
127302
127303
127303
127303
127303
127328
127328
127328
127328
127328
127328
127328
127329
127329
127329
127330
127330
127330
127330
127330
127330
127330
127331
127331
127331
127332
127332
127332
127332
127333
127333
127333
127333
127334
127334
127334
127334
127334
127334
127335
127335
127360
127360
127360
127361
127361
127361
127361
127361
127361
127362
127362
127363
127363
127363
127363
127363
127363
127363
127364
127365
127365
127365
127366
127366
127366
127366
127366
127366
127366
127367
127367
127392
127392
127392
127392
127392
127392
127392
127393
127393
127393
127393
127393
127393
127394
127395
127395
127395
127395
127395
127396
127396
127396
127397
127397
127397
127398
127398
127398
127398
127398
127399
127399
127399
127399
127399
127399
127399
127424
127424
127424
127424
127424
127425
127425
127425
127426
127426
127426
127426
127426
127426
127427
127427
127427
127427
127427
127427
127428
127429
127429
127429
127429
127430
127430
127431
127431
127431
127431
127431
127431
127431
127456
127456
127456
127457
127457
127458
127459
127459
127459
127459
127459
127460
127460
127460
127460
127460
127460
127461
127461
127462
127462
127462
127462
127463
127463
127463
127463
127463
127463
127488
127488
127489
127490
127490
127490
127490
127491
127491
127491
127492
127492
127492
127492
127492
127492
127492
127493
127493
127493
127493
127494
127494
127494
127494
127494
127494
127495
127495
127520
127520
127520
127520
127520
127520
127520
127521
127522
127522
127522
127522
127522
127522
127523
127523
127523
127524
127524
127524
127524
127524
127525
127525
127526
127526
127526
127526
127526
127526
127527
127552
127552
127552
