55724.27
50479.58
2951.14
65956.70
1608.70
56852.73
71114.80
42582.00
18359.20
39981.70
8273.75
19894.42
9375.90
3453.64
52077.48
20086.00
1585.68
52745.16
65094.30
35858.88
6001.45
30292.00
4116.48
65301.60
39905.32
60179.46
54853.50
29376.32
33929.00
53785.96
32465.10
1768.85
57592.80
20107.12
42651.09
24460.80
19710.68
89111.53
28049.40
11072.88
37813.82
19963.06
25164.81
25299.00
65686.08
43438.40
7993.45
48333.87
45951.84
43539.19
20030.12
49522.20
36678.60
12923.80
70433.73
60583.58
66269.56
35590.40
31040.68
36263.50
62558.86
64211.64
17082.24
33855.60
48514.70
14249.29
30165.17
52313.10
36470.28
75343.68
66171.92
3195.48
61906.68
44808.40
42465.08
24476.75
33845.70
26590.31
37870.80
47566.12
17811.20
14205.18
55237.97
43265.04
17827.81
33966.37
34859.03
27154.80
17290.00
40153.40
68751.14
37630.95
70178.06
74815.20
11388.48
5754.30
18875.25
39129.72
4916.19
54539.48
38565.71
77315.42
64482.37
42778.85
66929.30
52159.77
54670.22
70874.40
8000.72
35129.86
64038.96
52436.70
46810.83
9394.85
12190.05
14982.84
1810.00
26572.56
49641.68
25899.72
79063.16
20522.20
67367.52
69862.96
89158.53
53681.94
31201.92
33961.25
8511.06
49463.55
56460.96
67635.06
14746.05
36702.93
62983.62
21136.78
56260.77
55228.34
6042.60
10496.25
86994.18
40353.93
20361.48
24931.06
86805.71
81742.57
25476.03
55234.52
38019.80
55364.40
18740.10
47314.24
31116.87
61006.68
52812.76
50336.65
15163.02
24506.64
33798.72
57994.91
75094.20
31516.65
86847.08
67347.28
10106.80
43164.36
58160.56
23395.08
30053.62
19179.74
49148.62
18499.95
67262.67
49903.49
44747.00
55516.89
64412.04
47055.40
29709.54
2784.96
25785.36
53516.43
4076.44
13105.30
12136.81
56375.66
45078.64
23437.70
12766.91
28422.72
38083.77
13250.86
70465.92
4985.45
79148.25
28217.88
18541.74
11705.76
10298.07
66135.81
16632.36
20678.08
23775.46
52030.30
49904.50
41167.24
29422.88
39652.84
4363.62
8906.59
58603.38
2392.58
30123.00
48352.44
15746.72
64148.00
37078.80
30714.89
44410.73
59342.70
29110.80
24351.50
21374.95
35879.20
37881.20
11221.21
45886.10
60321.36
50455.07
11667.32
89581.53
32375.00
58161.25
2666.86
28712.32
70024.50
70352.10
11868.56
54315.84
53097.11
4420.68
15756.60
13694.40
41513.56
8192.88
85544.55
41328.47
6661.20
31191.75
36929.68
11254.21
70171.92
75642.54
13355.93
6201.65
40074.24
12726.00
37608.64
14823.96
71074.80
63908.64
12589.68
37737.42
1079.17
7163.52
24489.00
44648.00
9289.08
6505.08
55191.40
50003.28
1964.16
11722.60
65975.56
57818.42
22686.30
6843.24
37665.60
13118.30
72482.26
47087.88
60511.36
76400.64
1041.13
4252.64
16677.60
57596.48
58899.69
55399.89
14180.94
57228.48
12901.60
85440.00
28256.36
52983.68
20602.47
20020.00
52114.50
36966.33
29452.29
5351.64
64135.64
77085.42
35738.85
45694.43
2889.18
63282.68
79415.16
73391.97
10101.00
19194.00
21078.56
28998.60
16660.71
53292.15
41747.94
4606.86
52119.04
23971.22
66724.56
23110.65
37482.48
52176.00
56594.72
38537.60
62814.24
24281.76
28455.75
30461.66
38165.25
21011.10
51007.00
29934.45
10985.58
16235.85
46845.05
48307.04
83697.75
40469.52
23334.64
11996.67
62949.16
45281.28
46453.96
1543.63
25091.56
46603.06
34752.74
55851.84
7143.48
4868.13
28894.32
11910.69
77599.83
22331.53
50664.60
72841.95
29554.19
72303.66
6979.63
76156.08
42637.44
83093.22
17763.36
24284.52
32457.09
22296.48
49729.49
48176.44
18680.10
36339.30
72538.05
28157.60
7439.80
17607.85
67511.20
44623.68
11340.48
29086.56
42727.33
72147.66
19116.13
1846.94
6410.76
11056.10
31970.88
71264.76
51054.80
23465.20
83485.71
13534.40
7350.98
2798.98
6026.50
53903.73
10234.96
10281.20
34343.82
26027.52
41900.80
65042.64
58302.00
5033.28
38174.25
15906.80
1033.13
29785.54
7555.92
16910.73
7119.48
33075.77
73355.28
58382.55
70390.71
67846.38
52119.04
40707.03
16897.80
46646.60
11392.30
29567.04
59102.28
54207.00
51468.94
80208.04
29951.90
46380.02
62012.27
36309.00
70210.36
28570.40
35772.76
73652.85
38814.12
50814.90
2764.96
43596.02
25206.09
36598.40
21148.40
67803.75
45865.47
11087.64
38857.00
75437.13
21575.04
16786.24
4969.32
41744.14
7748.28
93248.00
36803.00
24174.84
20080.19
55984.28
41697.00
32885.77
35162.25
60464.00
25647.00
60972.17
28794.43
11496.54
9193.92
23184.60
30553.04
11422.04
15408.64
16020.29
29508.94
49685.76
81719.75
2883.18
15820.92
24966.80
68184.24
37843.82
42879.87
24533.46
65730.56
33408.42
76715.55
59241.00
45973.25
40149.63
31285.32
4384.76
29628.11
13807.95
50274.45
12833.80
52876.24
47650.66
58273.05
40223.40
13742.48
65520.00
40746.96
5465.73
81671.24
3705.99
29218.86
43343.15
22079.16
48411.00
41580.45
8577.28
56950.06
48982.15
4222.50
39751.20
42165.63
38646.65
16487.85
4645.00
47602.56
52631.36
49192.56
45865.68
21446.88
33060.16
6489.14
31554.39
75381.58
1289.38
1462.55
23865.28
64468.54
88641.06
17347.46
61066.00
22535.80
47265.40
22995.18
51262.39
65057.08
44399.04
39675.90
3639.82
22284.20
1853.95
8824.25
10151.10
30733.00
29355.94
12289.31
19915.28
41012.28
38771.40
40916.46
20856.66
52367.87
5201.56
48321.64
75785.36
24534.62
47923.00
46511.06
11217.06
51831.78
70714.40
87753.12
15236.20
54493.35
27329.96
63363.62
64238.08
71619.68
8913.42
44507.06
23971.09
54367.48
32960.00
75026.72
46851.36
89175.59
47474.75
51894.72
35564.13
59595.90
30656.88
66647.04
20184.32
75479.20
25556.85
66839.52
79157.26
14920.95
22288.42
51784.90
51808.38
45168.00
14496.00
25731.72
1713.80
23946.22
45325.28
26685.50
34373.12
44927.94
53966.35
53841.73
24601.75
7328.08
48132.15
55614.82
2212.40
33047.56
51730.38
61451.13
18058.90
35250.26
49397.76
52762.24
30244.76
34705.80
33343.20
58327.35
13334.20
28034.40
6860.49
55818.82
41455.10
73597.20
26173.71
18431.14
68801.04
19544.64
22238.55
7191.56
16726.71
47724.75
39104.76
17214.00
42056.28
44062.48
1664.76
29645.11
59943.60
14295.68
72577.05
22388.70
50032.64
76640.52
41920.37
20682.60
48161.75
62183.94
44791.32
68585.82
26731.75
57758.86
80956.92
54367.48
64267.37
8293.75
76816.52
26894.43
32311.80
26411.84
4901.16
25037.88
4294.56
61708.15
37023.10
47838.18
44519.60
62690.12
2700.88
33786.60
53685.40
17619.04
12853.52
70073.60
73325.28
13819.85
11688.72
59606.64
28317.76
41299.44
29381.75
26188.00
20614.32
13734.48
13678.40
62435.45
54916.63
28954.62
79749.13
52577.17
37644.04
65587.56
55904.85
10216.85
33836.00
63911.76
53067.68
14133.34
37223.76
66265.20
47812.18
32370.09
4548.92
17596.59
28124.14
61875.10
62814.78
2708.88
57150.06
8609.05
19445.85
59723.08
17971.36
80308.64
44976.96
2754.03
13021.76
12873.70
4306.59
61225.56
11800.39
9029.45
57521.68
35293.70
30107.50
3071.24
45922.29
62780.86
30991.12
75049.20
48351.00
38989.34
56604.96
42165.72
43633.40
66341.54
49135.36
4678.95
22535.64
27947.92
5320.80
53849.40
11253.90
33827.86
7953.54
1609.70
6871.44
3589.78
6370.00
2672.86
25707.84
31394.24
73821.02
27260.80
8283.70
88393.00
37380.96
41964.80
26740.44
8273.75
39859.34
24578.62
4565.00
48421.45
15676.47
10813.77
29335.24
14825.80
43255.82
38791.54
74118.00
59188.53
45768.60
83187.50
34654.48
17310.36
15226.11
5701.15
30570.21
3444.72
49454.36
31210.81
40029.66
47966.10
27532.96
25962.74
4132.41
8333.80
42045.00
8553.28
21811.01
40032.60
71664.95
45937.92
11163.92
62953.21
23446.78
27119.19
26524.52
3788.16
1552.64
69002.10
48929.17
42958.08
32194.00
11859.87
71575.68
46494.70
14559.72
6594.96
1331.42
28967.78
15724.94
56806.18
1267.35
2256.44
58892.53
5651.94
34773.18
48039.48
57781.20
42841.24
12606.23
46016.29
44496.96
24791.25
72849.28
15622.47
31285.80
28187.83
46670.85
15148.32
15196.50
7402.85
48676.80
36288.50
25082.56
6191.60
54506.22
26476.00
36056.18
21148.40
40759.16
60291.72
36253.90
21498.62
13412.70
65021.00
8785.52
62057.60
60111.36
39244.50
29824.96
13320.93
19112.28
55410.48
39249.60
19020.80
81442.54
18091.20
53706.98
16229.28
9544.22
34697.80
34292.91
27172.80
64261.47
25695.36
14622.48
24727.00
17922.96
82262.88
34437.44
32711.28
16469.28
33775.60
13577.40
64117.20
93198.00
62414.44
13339.56
30713.02
1259.35
44471.88
55946.67
51773.10
81397.44
67190.80
77011.34
22344.48
60867.37
14211.36
75560.54
30869.02
51417.99
54867.60
3687.96
34469.44
24608.01
27497.96
15167.92
35476.28
34236.50
40258.75
17480.19
43517.84
28927.36
21591.04
34956.08
7140.84
30146.92
72026.50
12553.56
32776.38
67236.95
56611.50
44945.22
31823.66
20081.80
17530.59
65771.16
38254.26
11022.69
45050.00
62517.00
76947.42
84520.80
16697.76
75147.38
66760.65
21936.24
49732.20
42605.08
21083.00
12605.36
25952.54
40660.78
3964.32
63521.97
23889.65
33491.76
30480.56
60063.04
35217.00
50571.36
49047.89
43391.30
55120.52
26068.56
66246.50
13646.76
57195.84
15780.94
12272.39
31713.30
23902.83
35178.50
49048.20
39311.36
26368.20
29134.56
28241.31
40788.21
46816.23
84176.32
23593.68
42907.41
64193.40
65203.25
13071.08
43570.80
31012.80
10741.60
18329.20
21368.49
3219.48
72192.12
3797.98
48056.49
4440.80
36198.00
5090.50
46399.20
34705.80
28450.40
6228.78
49192.15
47378.66
67462.92
30217.86
71763.44
50344.52
2050.24
54957.63
28928.00
51695.60
34799.18
52690.39
30488.64
15264.80
