24
35
22
13
30
25
29
42
26
7
33
4
8
47
35
28
2
48
27
49
24
43
17
8
14
21
13
21
44
11
8
31
40
48
31
48
38
26
23
22
24
28
9
38
5
42
49
37
31
30
35
17
20
19
36
36
48
14
28
30
5
17
23
7
42
18
18
9
30
14
43
10
5
9
9
30
28
34
19
23
15
42
5
10
3
47
41
48
44
46
31
17
23
6
36
7
39
1
16
47
10
14
25
39
11
50
39
39
2
44
22
31
25
40
13
23
25
21
20
38
40
2
2
46
20
47
11
26
11
9
48
23
8
30
22
49
42
6
16
16
35
23
27
37
26
32
49
43
26
50
10
1
31
34
16
39
22
30
10
31
14
5
41
30
7
43
26
2
29
6
4
7
27
32
38
12
25
46
21
10
28
32
37
9
47
15
22
40
22
46
46
1
13
11
12
17
12
26
6
46
12
21
27
34
32
43
26
34
50
4
43
13
28
31
35
5
16
2
2
6
4
21
13
39
8
28
38
12
14
47
44
32
17
27
36
11
16
25
11
27
50
30
22
23
22
10
39
7
32
38
10
18
19
36
1
37
24
2
42
17
32
8
32
22
34
3
23
6
2
25
45
23
16
50
14
9
43
29
23
10
21
7
11
12
26
1
50
43
13
26
31
39
34
11
24
6
43
8
7
28
31
43
33
1
40
40
46
39
37
42
16
11
44
20
29
32
29
9
30
18
14
29
12
31
29
47
16
40
6
10
9
27
25
1
40
3
23
45
45
25
15
37
26
6
23
44
42
25
36
9
1
49
9
38
26
28
21
27
27
36
38
49
45
20
7
13
44
16
47
31
29
39
29
4
42
6
33
31
14
41
40
3
36
46
42
21
2
20
4
49
38
10
7
3
37
37
13
49
2
24
4
9
27
34
38
40
13
34
7
16
44
25
48
37
17
33
43
26
14
30
14
21
38
43
39
34
43
9
32
27
18
31
8
11
1
33
28
1
28
8
3
21
39
11
37
8
37
48
24
20
19
19
9
31
41
24
40
31
4
35
47
48
15
10
28
45
2
32
41
50
5
15
23
41
34
29
22
7
24
42
45
9
48
46
36
16
2
6
31
30
45
10
10
40
3
40
50
47
46
28
49
27
44
41
16
24
4
43
6
2
14
45
43
1
48
11
12
18
19
46
43
50
8
28
22
3
7
34
30
47
47
31
10
40
23
40
30
20
24
16
30
38
5
41
35
48
2
38
26
28
6
48
46
7
27
18
15
4
24
36
48
5
17
12
27
31
28
11
23
20
47
33
50
17
18
44
36
4
26
18
40
36
32
18
41
11
15
25
19
29
33
9
45
43
28
41
37
8
28
3
22
38
17
29
4
23
6
11
39
21
40
11
33
13
7
45
2
29
2
33
8
8
33
5
48
36
31
12
16
23
28
6
45
22
28
37
46
42
10
19
43
26
37
31
44
21
24
4
49
30
28
46
16
32
22
11
38
48
24
26
49
27
46
18
38
43
41
16
29
13
45
20
47
4
46
9
32
33
21
42
30
7
13
16
30
34
16
25
14
49
25
23
14
40
24
3
30
43
1
31
19
27
43
20
24
41
27
24
37
39
1
38
29
17
9
41
9
2
46
29
37
11
34
20
45
5
1
35
35
48
41
33
35
6
18
17
30
35
41
23
48
6
19
13
37
7
38
39
37
7
38
31
7
32
2
10
19
31
27
13
44
38
41
19
19
45
46
29
14
13
14
16
44
13
16
37
10
39
42
19
25
45
3
45
5
7
38
28
40
16
8
35
2
12
13
19
43
16
30
18
37
28
3
11
42
33
30
21
32
14
23
12
24
19
5
21
11
9
31
7
14
10
37
33
20
33
1
47
37
32
45
39
12
39
39
14
49
49
11
10
18
35
14
21
32
41
28
28
26
49
28
5
25
40
48
39
17
15
23
29
10
30
34
40
36
36
50
37
28
47
45
34
29
44
17
32
46
43
49
18
41
11
24
2
19
50
23
35
33
33
37
39
7
14
36
20
15
47
12
3
11
45
12
45
41
7
33
1
31
40
9
3
48
28
21
28
15
13
24
7
30
2
5
44
16
17
1
27
30
15
30
49
33
7
28
38
18
41
42
40
19
44
29
21
48
24
49
12
37
41
12
47
44
36
41
7
6
13
20
20
45
35
22
19
43
7
6
42
50
15
36
41
41
45
48
22
34
8
50
8
30
46
10
31
6
1
10
14
12
25
24
42
12
35
26
48
30
27
50
29
