68871
68896
68896
68896
68896
68896
68896
68896
68897
68898
68898
68898
68898
68899
68900
68901
68901
68901
68901
68901
68901
68902
68903
68903
68903
68903
68903
68928
68928
68929
68929
68929
68929
68929
68929
68930
68930
68931
68931
68931
68931
68931
68932
68932
68932
68932
68933
68933
68933
68933
68933
68934
68935
68960
68960
68960
68960
68961
68961
68961
68961
68961
68961
68961
68962
68962
68962
68962
68962
68962
68963
68963
68964
68964
68964
68964
68965
68965
68965
68965
68965
68965
68965
68966
68966
68966
68966
68966
68966
68967
68967
68967
68992
68992
68992
68993
68993
68993
68993
68993
68994
68994
68995
68995
68996
68997
68997
68997
68997
68997
68998
68998
68998
68998
68998
68998
68999
68999
68999
68999
68999
68999
68999
69024
69024
69024
69024
69024
69024
69024
69025
69025
69026
69026
69027
69027
69027
69028
69028
69028
69028
69028
69028
69029
69029
69029
69029
69029
69029
69030
69030
69030
69030
69030
69030
69031
69056
69057
69058
69058
69058
69058
69059
69059
69059
69059
69060
69061
69061
69061
69061
69062
69062
69062
69063
69063
69063
69088
69088
69088
69088
69088
69089
69089
69089
69089
69089
69090
69090
69090
69090
69091
69091
69092
69092
69092
69092
69092
69092
69092
69093
69093
69094
69094
69094
69094
69094
69095
69095
69120
69120
69120
69120
69120
69120
69120
69121
69121
69122
69122
69122
69122
69123
69123
69123
69123
69123
69123
69123
69124
69124
69124
69124
69124
69124
69125
69126
69126
69127
69127
69152
69153
69153
69153
69153
69153
69153
69153
69154
69155
69155
69155
69155
69155
69156
69156
69156
69156
69156
69157
69157
69157
69157
69157
69158
69158
69158
69159
69184
69184
69185
69185
69185
69185
69185
69185
69186
69186
69186
69186
69186
69186
69186
69187
69187
69188
69188
69188
69188
69188
69189
69189
69189
69190
69191
69191
69191
69191
69191
69191
69216
69216
69217
69217
69217
69217
69218
69218
69218
69218
69218
69219
69219
69219
69219
69219
69219
69219
69220
69220
69221
69221
69221
69221
69221
69222
69222
69223
69248
69248
69248
69248
69248
69249
69249
69249
69249
69249
69249
69249
69250
69250
69250
69250
69250
69250
69250
69251
69251
69251
69252
69252
69253
69253
69254
69254
69254
69254
69255
69255
69255
69255
69255
69255
69280
69280
69280
69280
69281
69281
69281
69282
69283
69283
69283
69283
69283
69284
69285
69285
69285
69285
69285
69286
69286
69286
69286
69286
69286
69287
69287
69287
69287
69312
69312
69312
69312
69312
69313
69313
69313
69313
69314
69314
69314
69314
69315
69315
69316
69316
69316
69316
69316
69316
69316
69317
69317
69317
69318
69318
69318
69318
69318
69318
69319
69319
69319
69344
69344
69344
69345
69345
69345
69345
69345
69345
69345
69346
69346
69346
69346
69346
69346
69347
69348
69348
69349
69349
69349
69350
69350
69350
69351
69351
69351
69351
69351
69376
69377
69377
69377
69377
69377
69377
69378
69378
69378
69379
69379
69379
69379
69379
69380
69380
69380
69380
69380
69380
69380
69381
69381
69382
69382
69382
69382
69382
69383
69383
69408
69408
69408
69408
69408
69409
69409
69409
69409
69409
69409
69409
69410
69410
69410
69410
69411
69411
69411
69411
69411
69411
69412
69413
69413
69413
69413
69413
69414
69414
69414
69415
69440
69440
69440
69440
69441
69441
69441
69441
69441
69441
69442
69443
69443
69443
69443
69443
69443
69444
69444
69444
69445
69445
69445
69445
69445
69445
69445
69446
69446
69446
69446
69446
69446
69446
69447
69447
69447
69447
69472
69472
69472
69473
69473
69473
69473
69474
69475
69476
69476
69477
69477
69478
69479
69479
69504
69504
69505
69506
69506
69506
69506
69506
69506
69507
69507
69507
69507
69507
69507
69508
69508
69509
69509
69509
69509
69509
69509
69510
69510
69510
69510
69511
69511
69536
69536
69536
69536
69536
69536
69536
69537
69537
69537
69537
69537
69537
69538
69539
69540
69540
69540
69540
69540
69540
69540
69541
69542
69542
69542
69542
69542
69542
69543
69543
69543
69543
69543
69543
69568
69568
69568
69569
69569
69569
69569
69569
69569
69569
69570
69570
69570
69570
69571
69571
69571
69571
69571
69572
69573
69573
69573
69573
69573
69574
69574
69574
69575
69575
69575
69575
69575
69575
69575
69600
69600
69600
69600
69601
69601
69601
69601
69602
69602
69602
69602
69603
69603
69603
69603
69603
69603
69603
69604
69604
69604
69605
69605
69606
69606
69606
69606
69606
69606
69606
69607
69607
69607
69607
69607
69632
69632
69632
69632
69632
69632
69632
69633
69633
69633
69633
69634
69635
69635
69635
69636
69636
69636
69636
69637
69637
69637
69637
69637
69638
69639
69639
69639
69639
69639
69664
69664
69665
69665
69665
69665
69665
69665
69665
69666
69667
69667
69667
69668
69668
69668
69668
69668
69668
69668
69669
69669
69670
69670
69670
69670
69670
69671
69671
69671
69671
69696
69696
69696
69696
69696
69697
69697
69697
69697
69697
69697
69698
69698
69698
69698
69699
69699
69699
69700
69700
69700
69701
69701
69702
69702
69702
69702
69702
69703
69703
69703
69703
69703
69703
69728
69728
69729
69729
69729
69729
69729
69729
69729
69730
69730
69730
69730
69730
69730
69730
69731
69731
69731
69732
69732
69732
69732
69732
69732
69732
69733
69734
69734
69735
69735
69735
69735
69735
69735
69735
69760
69760
69760
69760
69761
69762
69762
69762
69762
69762
69763
69764
69764
69764
69764
69765
69765
69765
69765
69765
69766
69766
69767
69767
69767
69767
69792
69793
69793
69793
69793
69794
69794
69794
69794
69794
69795
69795
69795
69795
69795
69795
69795
69796
69796
69796
69796
69797
69797
69797
69797
69797
69797
69797
69798
69798
69798
69798
69798
69798
69799
69799
69799
69799
69799
69799
69824
69824
69825
69826
69826
69826
69826
69826
69827
69827
69827
69828
69828
69828
69828
69828
69828
69829
69829
69829
69829
69829
69829
69829
69830
69830
69830
69830
69830
69830
69831
69831
69831
69831
69856
69856
69856
69856
69856
69857
69858
69858
69858
69858
69859
69859
69859
69859
69859
69860
69860
69860
69860
69860
69860
69860
69861
69862
69862
69862
69862
69862
69863
69863
69863
69863
69863
69863
69863
69888
69888
69888
69888
69888
69888
69889
69890
69890
69890
69890
69890
69890
69891
69891
69891
69891
69892
69892
69892
69892
69892
69893
69893
69893
