362
474
46
426
45
219
164
182
395
476
112
282
25
64
301
4
154
303
107
78
105
491
39
330
272
161
418
49
39
495
356
448
413
151
39
70
269
259
211
15
487
152
10
83
105
108
413
490
375
207
133
184
356
88
53
59
415
419
131
464
87
40
317
380
145
323
460
353
434
396
96
252
373
214
444
351
232
233
61
115
426
489
24
192
134
97
137
228
278
448
306
204
170
129
422
371
240
109
25
66
381
419
49
454
269
462
43
224
298
171
131
92
469
234
327
243
253
170
229
219
272
43
256
96
448
343
116
337
266
381
103
389
487
472
33
275
20
277
400
130
182
234
245
412
275
377
310
412
219
125
295
80
219
393
45
45
215
181
62
434
14
327
24
52
295
173
124
134
154
284
242
285
327
216
380
335
313
247
109
118
465
106
269
420
155
421
356
362
60
351
249
482
355
13
176
331
458
462
327
278
469
345
480
158
213
118
60
441
432
480
466
443
440
61
235
157
373
173
281
414
321
269
442
323
34
222
232
385
446
58
398
36
216
57
386
118
209
256
412
156
212
456
387
413
409
305
450
300
372
384
117
173
329
312
480
427
244
418
308
235
381
219
121
190
422
5
108
313
354
481
415
334
42
53
392
95
229
105
474
264
383
85
262
209
410
492
176
297
480
358
106
116
70
356
97
195
37
28
242
487
310
134
332
291
261
214
77
59
17
311
278
244
69
267
100
315
322
160
498
478
441
104
464
428
335
78
392
100
409
204
392
294
378
363
29
227
51
27
237
488
99
203
298
334
190
229
479
212
395
119
476
486
258
354
446
340
232
495
262
84
344
427
367
46
319
274
256
409
27
224
322
36
379
324
348
156
228
436
265
86
94
117
463
13
385
95
331
266
418
135
334
490
488
325
199
279
411
213
68
364
484
291
241
197
403
26
52
154
410
338
90
198
443
222
378
155
476
208
321
422
120
463
129
445
269
128
181
85
161
443
126
382
402
268
493
28
132
139
461
352
46
285
47
118
426
437
448
211
397
495
88
158
32
416
31
422
9
133
299
29
388
469
407
17
450
291
101
255
58
60
68
260
106
201
484
108
279
303
180
170
123
58
288
21
291
402
50
7
96
47
433
405
293
451
275
101
455
14
320
458
348
497
303
197
371
103
30
410
86
267
234
285
306
69
191
132
429
268
383
452
65
9
477
311
400
239
352
419
375
364
136
35
216
109
324
427
254
299
376
312
282
305
35
152
435
357
341
349
113
395
271
197
241
101
44
62
97
19
23
500
353
367
280
49
305
313
41
138
240
103
68
111
295
447
68
285
344
164
192
27
41
443
484
270
422
423
482
315
358
91
493
461
416
441
312
25
353
260
117
431
103
443
176
266
98
23
114
289
18
421
402
421
468
78
61
124
226
79
59
71
378
291
180
386
329
279
50
84
225
144
359
231
171
194
381
49
336
342
74
316
274
274
13
10
299
470
422
241
385
264
79
272
102
453
267
409
9
304
72
216
482
205
357
280
96
500
279
242
488
136
56
481
412
131
174
350
457
51
382
110
292
36
226
50
345
155
89
9
432
131
420
125
23
435
132
336
15
456
206
377
215
373
479
45
389
3
199
105
247
443
302
157
219
199
235
22
174
166
490
262
118
113
340
314
466
151
31
282
222
344
197
280
279
189
128
266
411
186
459
78
309
236
441
414
493
97
14
134
490
50
150
239
285
417
183
287
479
142
227
14
441
248
353
314
365
140
442
367
384
151
363
155
126
306
77
170
24
341
335
297
213
153
440
360
137
238
412
83
283
176
116
395
230
53
332
355
197
116
30
130
233
381
50
56
424
90
477
261
483
193
212
331
232
323
222
75
250
259
258
270
150
218
244
397
376
82
499
349
443
271
433
34
164
95
87
439
352
99
274
277
27
12
59
462
51
296
28
5
53
442
229
68
72
167
149
440
228
160
287
434
388
417
267
257
325
102
204
388
342
397
89
90
381
115
59
352
282
499
276
278
458
500
40
265
315
67
231
496
459
422
245
47
179
463
420
14
322
316
387
190
411
162
76
356
313
244
4
226
110
302
192
384
27
114
116
18
285
210
326
323
6
470
318
140
4
499
47
109
177
54
247
273
459
359
485
409
450
398
495
453
234
69
4
93
136
401
444
68
491
276
338
371
106
28
81
232
11
404
3
24
430
372
452
196
20
119
139
98
198
83
281
338
203
492
353
32
87
403
378
171
342
351
318
192
251
427
404
328
350
138
494
343
406
297
128
113
72
151
11
28
