134434
134434
134434
134435
134435
134435
134436
134436
134436
134436
134436
134437
134438
134438
134438
134438
134438
134439
134439
134439
134439
134439
134439
134439
134464
134464
134464
134464
134464
134464
134464
134465
134465
134466
134466
134467
134467
134467
134467
134467
134467
134467
134468
134469
134469
134469
134469
134469
134470
134470
134470
134470
134470
134470
134471
134496
134496
134497
134497
134498
134498
134498
134498
134499
134499
134499
134499
134499
134499
134500
134500
134501
134502
134503
134528
134528
134528
134528
134529
134529
134529
134529
134529
134529
134529
134530
134530
134530
134530
134530
134531
134531
134532
134532
134532
134532
134532
134533
134533
134533
134533
134533
134534
134534
134534
134535
134560
134560
134560
134560
134560
134561
134561
134561
134561
134562
134562
134562
134562
134563
134563
134563
134564
134564
134564
134565
134565
134565
134565
134566
134566
134566
134566
134566
134567
134567
134592
134593
134593
134593
134593
134593
134593
134594
134594
134594
134594
134594
134595
134595
134595
134595
134595
134596
134596
134596
134596
134597
134597
134597
134597
134597
134597
134597
134598
134599
134599
134624
134624
134625
134625
134625
134625
134625
134626
134626
134627
134627
134627
134627
134627
134627
134628
134628
134628
134628
134628
134629
134629
134629
134630
134630
134630
134631
134631
134631
134631
134656
134656
134656
134656
134657
134658
134658
134659
134660
134660
134660
134661
134661
134661
134661
134661
134661
134662
134662
134662
134662
134662
134662
134662
134663
134663
134663
134688
134689
134689
134689
134689
134689
134689
134690
134691
134692
134693
134693
134693
134693
134693
134693
134694
134694
134694
134694
134695
134695
134695
134720
134720
134721
134721
134721
134722
134722
134722
134722
134722
134722
134722
134723
134723
134723
134723
134723
134723
134723
134724
134724
134724
134724
134725
134725
134725
134725
134726
134726
134726
134726
134726
134726
134727
134752
134752
134752
134752
134753
134753
134753
134753
134753
134753
134753
134754
134754
134754
134755
134755
134755
134755
134756
134756
134756
134756
134757
134757
134757
134757
134757
134757
134757
134758
134758
134758
134758
134758
134758
134758
134759
134759
134759
134759
134759
134784
134784
134784
134784
134784
134785
134785
134786
134786
134786
134786
134786
134786
134787
134787
134787
134787
134788
134788
134788
134788
134788
134788
134789
134789
134789
134790
134790
134790
134790
134790
134790
134791
134791
134791
134791
134791
134816
134816
134816
134816
134817
134817
134817
134817
134817
134817
134818
134818
134818
134819
134819
134819
134819
134819
134820
134820
134820
134821
134821
134821
134821
134821
134821
134821
134822
134822
134822
134822
134822
134823
134823
134823
134823
134823
134823
134823
134848
134848
134848
134849
134849
134849
134849
134849
134849
134849
134850
134851
134851
134851
134852
134852
134852
134852
134852
134853
134853
134853
134853
134854
134855
134855
134855
134855
134855
134880
134880
134881
134881
134881
134881
134881
134882
134882
134883
134883
134883
134884
134884
134884
134884
134884
134884
134884
134885
134886
134887
134887
134887
134887
134887
134912
134912
134912
134912
134913
134913
134914
134914
134914
134915
134915
134915
134915
134915
134916
134916
134916
134916
134916
134917
134918
134918
134918
134918
134918
134918
134919
134944
134944
134944
134944
134944
134945
134945
134945
134946
134946
134946
134946
134946
134946
134946
134947
134947
134947
134947
134947
134947
134947
134948
134948
134948
134949
134949
134950
134950
134950
134950
134950
134950
134950
134951
134951
134951
134951
134951
134976
134976
134977
134977
134977
134977
134977
134977
134977
134978
134978
134978
134979
134979
134979
134979
134980
134980
134981
134981
134981
134982
134982
134982
134982
134982
134982
134982
134983
134983
134983
134983
135008
135008
135009
135009
135009
135010
135010
135010
135010
135010
135010
135011
135011
135012
135012
135012
135012
135013
135013
135013
135013
135013
135013
135014
135014
135014
135015
135040
135041
135041
135041
135041
135041
135042
135042
135042
135042
135043
135043
135043
135043
135043
135043
135044
135044
135044
135044
135044
135045
135045
135045
135045
135045
135046
135046
135046
135046
135046
135046
135046
135047
135047
135047
135047
135047
135047
135047
135072
135072
135072
135072
135072
135072
135072
135073
135073
135073
135073
135073
135073
135074
135074
135074
135075
135075
135075
135075
135076
135076
135076
135076
135076
135077
135077
135077
135078
135078
135078
135078
135079
135079
135079
135079
135079
135079
135079
135104
135104
135104
135104
135104
135104
135104
135105
135105
135106
135106
135106
135106
135106
135106
135106
135107
135107
135108
135109
135109
135109
135109
135109
135109
135110
135110
135110
135110
135110
135111
135136
135136
135136
135136
135136
135136
135136
135137
135138
135138
135138
135139
135139
135139
135139
135140
135140
135140
135141
135141
135141
135141
135142
135142
135142
135142
135142
135143
135143
135143
135143
135143
135168
135168
135168
135168
135169
135169
135169
135169
135169
135170
135170
135170
135170
135171
135171
135171
135171
135171
135172
135172
135172
135172
135172
135173
135174
135174
135174
135174
135174
135174
135175
135200
135200
135200
135201
135201
135201
135201
135201
135202
135202
135202
135203
135203
135203
135204
135204
135204
135205
135205
135206
135207
135232
135232
135232
135232
135232
135233
135233
135233
135233
135233
135233
135234
135234
135234
135234
135235
135235
135235
135235
135235
135235
135235
135236
135236
135236
135236
135236
135236
135236
135237
135237
135237
135237
135237
135238
135238
135238
135239
135239
135239
135239
135239
135264
135264
135264
135264
135265
135265
135266
135267
135267
135267
135268
135268
135268
135268
135268
135269
135269
135269
135269
135269
135269
135269
135270
135270
135270
135270
135270
135270
135271
135271
135296
135296
135296
135297
135297
135297
135297
135297
135297
135298
135298
135298
135298
135298
135298
135298
135299
135299
135299
135299
135299
135299
135300
135300
135300
135300
135300
135301
135302
135302
135302
135302
135302
135302
135303
135303
135303
135328
135329
135329
135329
135329
135330
135331
135332
135333
135333
135333
135334
135334
135334
135334
135334
135334
135335
135335
135335
135335
135335
135360
135361
135361
135361
135362
135362
135363
135363
135363
135364
135364
135365
135366
135367
135367
135367
135367
135367
135367
135367
135392
135392
135392
135392
135392
135392
135392
135393
135394
135394
135394
135394
135394
135394
135395
135395
135395
135396
135397
135398
135398
135399
135424
135424
135424
135424
135425
135425
135425
135426
135426
135426
135426
135427
135427
135427
135427
135427
135428
135428
135428
135428
135429
135429
135429
135430
135431
135431
135431
135431
135431
135431
135456
135456
135456
135456
135456
135456
135456
135457
135457
135458
135458
135458
135458
135458
135459
135459
135459
135460
135460
135461
135461
135461
135461
135461
