4437
8414
9019
9144
7466
9930
5936
8077
2965
5902
7238
8480
5217
8091
2889
7267
3653
2579
8915
9974
2545
1608
8260
6084
6600
9448
471
9621
7387
7765
2420
7023
771
7975
7341
3448
4579
8542
8110
8611
7073
3366
6992
4826
7406
9860
8299
345
7652
4891
7459
8521
5444
8024
6456
9370
7197
3793
8426
2567
3473
6223
7324
9544
3964
9977
2001
1823
3440
3166
8732
4706
8935
420
7852
298
169
295
5116
5260
5183
5468
9468
5808
5014
9300
4174
8231
3339
8758
2591
4644
6698
9948
3860
745
9755
1430
1324
8547
4774
9720
6444
8541
2355
5888
1010
5760
2065
464
293
6294
3678
2244
3305
7470
9583
5015
5544
6154
6136
7031
345
2635
8867
5616
9847
9387
2087
4512
1840
5919
976
9440
7208
1993
6180
2889
3552
8737
7088
7256
5828
3556
4156
7073
8899
7963
8919
6899
4994
4579
5582
1068
515
6350
6883
98
5048
9372
4340
282
7975
5635
3995
7732
9672
6548
8349
5859
7415
3327
7955
5148
787
1175
6357
2241
1057
3035
1789
6951
2053
9152
3959
503
782
78
481
2337
3803
4511
167
9068
3002
6825
2901
9277
4227
82
1780
5707
5121
6786
4577
6325
8159
9401
586
7829
2159
1412
6241
6811
8476
7021
8756
3510
6286
7133
2698
1448
4234
8298
3715
6731
1417
2583
8812
5579
6375
9135
7533
4863
4971
1229
4528
78
4416
4719
2468
1520
3290
4719
7271
9264
9895
2792
2207
6127
8195
1457
3070
1132
2325
9551
8069
1737
7576
4354
16
9571
8664
6112
6750
5923
5726
6386
2767
5004
177
1011
8968
9483
7671
9928
6191
15
8437
2631
3069
4590
1399
9903
5732
6660
947
4854
6194
1325
1572
3050
7783
3908
4811
685
12
664
8080
2846
679
1591
4579
8239
1414
3402
6423
7919
8562
2544
589
1390
9950
6609
3839
7202
4012
5941
286
8970
7668
8131
3594
2055
4631
4785
7566
1446
9609
4462
6196
6579
6834
8826
6219
6425
3460
5126
4380
288
6762
5059
1053
7292
2974
7432
4655
2165
2198
6770
2995
6355
666
4353
471
248
1375
4578
155
8071
887
3523
1974
3248
622
7024
7652
9193
1974
5911
6629
1870
3283
324
8469
298
7496
3999
2950
6688
9777
6331
9086
3123
5769
9560
2190
4891
2106
6053
6981
8781
2137
8440
9428
120
5067
8481
1425
3354
5530
1952
1234
7114
6501
8869
7473
9796
4768
1789
982
2651
2090
1955
2295
7790
4749
5338
5432
3025
7487
2072
7730
165
859
4997
1193
214
7298
4504
5280
2515
9577
9959
9091
9008
6756
6959
2422
2015
5501
3203
2862
3667
5766
8358
9095
4413
4466
2035
7591
9400
1047
1110
8360
2184
2178
8651
7150
3544
8245
6135
9715
2988
5860
6352
9259
2466
7439
4121
1293
89
94
1719
5327
1721
3474
8016
6272
62
7161
7369
2029
3830
3229
8015
9613
686
4842
9543
9893
5779
4492
5958
4440
1410
2112
771
8586
891
3069
9121
1800
9952
6592
2448
6743
9773
8510
8994
1205
9071
509
4847
7039
6916
5453
7524
3424
1021
2584
114
3000
7610
9858
7346
4130
2379
100
8243
4622
9940
5851
6012
5298
7368
9662
2967
2046
6170
2389
326
7397
6983
82
4145
5197
6897
8995
729
8114
3
9335
9193
9009
6766
8221
6027
9185
2238
8774
7185
9549
9060
1885
6637
4997
1747
8617
368
8750
5946
3018
9379
9527
7140
5986
6547
5641
5245
7359
384
356
2776
3424
1348
544
1897
214
3390
745
6391
5966
1708
9920
939
5050
4101
4590
7573
8687
3076
9848
787
5382
660
6424
6141
6248
8213
1029
6298
6307
7604
7201
5092
7855
3784
8843
5545
5798
6207
6801
2020
9147
1460
3869
6829
8745
1891
6429
7358
1451
7071
7529
3923
88
4899
14
1927
9721
974
2390
6304
3617
9369
4417
5501
4778
4620
5695
5755
2024
6405
6434
1770
3881
5867
839
5593
4819
9158
8351
9419
354
6114
5923
2806
4153
9301
5058
3718
2407
3774
8336
8871
1379
6217
3930
101
4723
5286
5211
6139
3663
9840
1163
1467
3408
5053
9157
1029
256
1314
2845
5558
9491
7952
564
2226
4464
6413
381
2599
3186
7519
1413
6840
4604
4486
595
7722
3638
2447
5421
854
8653
1861
966
1669
9349
5644
2912
7465
7491
8929
37
3250
3175
1090
4505
8313
3864
7082
6758
9810
2922
5338
4081
3819
9336
5313
1483
3118
6108
5481
6930
8490
397
6377
4874
1729
1198
3036
1531
4967
9146
7870
6379
5331
7117
8818
2779
4450
9317
6986
5435
635
4959
8560
112
3779
4412
8815
9352
1170
2171
6292
9068
4094
1085
9619
9582
8996
6254
384
7392
6899
5151
841
9242
9583
7163
8151
450
2911
266
2678
7947
8572
9638
3221
3541
1357
9226
5490
5650
2092
1702
6012
8877
5721
1270
9454
5914
2199
4115
1400
3125
6104
8457
7345
2270
3660
8426
4139
6504
5823
541
8590
227
9984
2897
2875
3395
8198
9708
6687
3504
9877
1521
1122
7089
8417
8340
6909
4471
89
4393
1451
8382
6466
1445
5515
798
7812
1145
3401
4618
4208
8033
9949
6617
7902
8958
9356
5223
5113
8344
4005
7584
7993
9571
5582
9168
4331
6177
324
3453
6644
7369
4971
6364
6693
3141
621
1159
8123
293
5805
459
7450
5640
7471
7992
2551
3777
9571
477
1743
9309
956
8876
3233
3560
6895
3967
6046
2878
9133
6376
933
8169
3361
3618
6314
6084
9952
6847
5620
9289
1146
6886
6656
4364
447
6860
7103
9790
8338
2117
8943
7438
7899
6021
5649
423
7044
2650
9770
431
8621
9098
9679
1343
6257
5903
2964
4026
3408
7445
4835
2662
81
3826
8592
3208
9345
29
3773
8453
7342
6081
3567
2631
4036
9326
9394
1021
3993
8755
5912
2288
4989
8209
8733
3141
5044
1061
7010
3016
5788
9340
9097
210
8447
1859
8355
1364
4847
2093
6231
7648
4146
6778
5096
7535
227
7040
1505
