395
91
96
161
219
436
373
484
90
441
240
282
440
181
232
281
131
148
208
253
181
344
269
359
83
465
5
187
324
239
6
65
81
426
228
27
112
73
458
88
413
494
254
214
456
169
109
369
163
316
429
365
261
330
265
156
60
33
235
120
345
410
125
223
42
153
192
230
172
448
206
384
6
209
403
203
208
189
477
58
159
74
461
221
156
117
420
495
184
311
121
367
140
330
415
51
429
451
305
435
371
142
350
443
275
428
93
27
301
440
265
226
445
156
263
205
357
482
38
257
360
320
277
299
324
322
228
99
39
321
109
322
112
192
258
442
80
262
339
460
179
333
269
446
272
78
85
496
213
202
152
130
329
353
270
21
267
428
79
104
485
446
458
221
92
1
119
121
306
118
76
374
115
98
234
439
309
299
249
65
432
211
68
401
458
183
326
228
33
499
160
216
485
164
124
128
27
279
331
490
254
497
359
438
415
51
140
194
401
108
208
197
71
8
77
112
408
253
36
395
214
440
198
126
128
160
391
499
113
172
444
104
32
128
447
85
189
267
128
353
126
390
278
353
153
362
42
333
27
393
132
315
419
11
220
112
289
33
298
185
319
338
317
339
148
403
177
453
200
30
450
249
171
130
217
310
144
488
15
251
357
456
121
237
313
40
65
424
285
136
199
150
126
13
119
259
27
194
147
355
416
449
163
397
331
481
182
289
215
68
451
152
175
390
169
90
479
143
393
146
361
202
422
369
84
318
404
134
436
309
138
390
128
479
72
9
389
207
297
326
239
83
402
36
125
246
204
368
296
303
299
414
252
267
60
121
378
266
340
238
28
25
293
411
337
250
452
262
367
144
151
354
434
202
325
266
132
33
73
221
340
374
71
32
414
318
128
183
178
13
201
216
18
112
252
313
477
47
237
22
349
109
462
471
46
293
310
247
103
401
91
90
486
17
107
428
402
351
82
67
23
254
92
104
322
193
43
144
81
104
338
172
222
456
369
28
403
463
202
122
331
476
364
19
374
292
425
189
151
95
102
325
217
329
385
373
202
437
145
288
187
489
75
111
10
306
286
264
486
500
386
41
337
42
230
494
364
266
37
42
17
111
54
35
500
98
242
406
103
39
344
497
287
246
159
63
437
461
302
149
32
64
229
188
161
60
14
360
129
323
255
401
186
337
411
465
241
309
263
40
257
169
68
234
437
210
87
336
180
306
296
495
426
49
153
480
170
60
349
127
187
84
24
446
448
79
61
366
283
24
372
185
151
496
121
351
415
55
175
114
7
149
411
50
201
374
390
252
259
134
85
316
86
3
295
296
63
323
421
136
484
452
81
230
401
186
170
174
161
376
489
273
419
407
185
468
228
201
257
48
40
414
144
317
121
63
207
390
412
234
298
147
440
463
449
363
333
239
18
125
381
259
225
307
302
119
104
298
143
260
326
130
149
179
370
158
367
72
323
148
299
15
316
414
189
377
276
104
366
462
45
474
201
396
398
123
496
190
326
76
376
79
382
260
2
415
289
421
388
232
188
363
83
195
434
1
302
69
267
207
373
206
45
98
29
495
472
369
495
215
9
255
80
147
264
459
106
15
445
433
283
4
117
313
143
470
8
416
451
225
405
460
103
305
171
381
115
379
371
346
228
99
235
388
215
451
229
477
363
15
140
361
202
445
254
244
163
99
437
198
90
342
30
360
309
274
119
254
393
360
224
259
311
450
230
329
222
396
238
373
288
358
188
165
40
280
81
205
433
137
181
327
33
79
481
293
488
438
200
357
406
51
140
308
303
370
271
183
57
467
223
13
39
393
500
181
93
334
104
14
148
70
141
365
243
140
291
456
212
299
66
282
375
196
486
322
172
267
162
314
482
175
419
234
22
51
493
261
361
376
314
383
266
428
377
283
438
330
435
372
58
169
411
303
57
183
471
311
221
109
435
270
495
111
271
137
168
58
473
381
384
417
302
75
32
331
31
224
160
87
219
166
323
218
273
35
468
28
469
187
118
195
497
437
380
497
428
238
6
322
328
210
341
189
290
80
50
89
396
172
314
466
424
360
269
309
332
315
325
175
323
158
479
15
128
111
321
461
12
124
63
314
231
316
315
261
133
247
217
34
120
495
437
234
89
117
379
115
66
47
42
95
229
1
56
293
301
275
433
382
236
375
112
203
43
38
108
456
285
413
311
329
23
199
414
438
100
355
144
139
431
437
132
75
197
255
283
3
437
243
175
56
417
487
461
333
448
365
189
108
430
133
230
142
355
254
322
412
316
456
