50
41
46
31
34
6
1
30
20
24
13
16
35
13
28
42
31
4
9
21
16
18
20
14
29
16
30
6
39
4
48
38
42
48
29
8
11
45
30
47
25
6
36
48
30
6
12
4
17
29
5
30
45
46
2
37
31
26
25
31
37
36
18
38
28
37
16
39
13
50
42
38
49
50
6
29
1
37
38
1
17
42
31
2
21
41
17
49
12
10
40
25
19
42
12
18
14
19
13
19
35
43
35
31
45
11
16
29
48
3
11
46
39
37
8
38
13
28
5
10
31
18
36
48
3
47
30
5
33
11
38
31
6
23
27
4
23
23
6
50
30
7
11
7
50
49
36
4
8
47
44
8
15
7
24
37
19
42
15
36
7
42
35
17
34
32
25
43
31
17
45
11
13
46
40
45
19
6
47
28
45
4
10
45
35
37
35
37
18
20
34
25
14
39
40
24
1
37
26
30
26
17
22
23
27
25
40
40
9
27
2
47
28
32
12
45
49
34
49
21
32
37
34
24
35
25
12
35
38
5
22
37
5
14
31
36
9
9
24
49
1
5
5
6
47
38
34
48
37
32
14
7
8
50
42
18
37
32
46
23
10
1
25
11
33
22
12
6
43
20
35
23
29
26
5
42
8
35
39
23
3
33
41
42
42
1
41
3
34
34
3
27
45
7
23
6
50
42
5
34
33
9
7
22
48
42
34
44
44
14
31
30
26
25
32
10
49
1
31
15
35
30
42
18
3
37
46
44
31
1
47
14
30
5
43
16
47
8
2
40
4
2
21
25
41
41
1
21
14
13
11
42
47
31
31
42
38
24
44
6
39
9
31
26
21
19
19
29
19
34
24
37
9
35
2
10
28
12
47
31
30
22
35
25
27
42
30
50
24
32
4
47
2
42
19
17
19
24
40
45
42
3
43
16
10
13
38
48
48
48
23
33
5
8
48
20
39
2
38
44
33
1
13
40
26
41
16
33
42
35
21
32
38
50
37
36
24
25
23
13
24
14
17
5
15
10
50
42
8
30
19
44
29
2
46
13
2
48
22
9
19
28
28
1
49
43
23
20
31
4
47
27
29
35
1
48
19
38
44
15
39
42
20
10
13
5
39
15
11
10
15
19
33
43
15
10
20
25
8
32
31
38
12
7
6
26
43
48
15
6
45
49
9
18
42
33
11
40
46
40
19
28
50
48
44
42
17
36
33
5
16
24
38
48
7
44
16
47
13
4
6
9
46
34
45
41
3
34
40
2
11
42
40
42
22
37
23
24
42
12
32
50
44
50
48
3
13
18
34
9
19
38
1
18
48
35
15
6
24
49
12
3
50
48
36
22
26
30
25
34
19
46
39
7
44
29
45
31
27
8
23
50
33
8
33
18
42
48
10
33
28
32
44
2
45
30
10
5
24
33
18
47
5
14
48
42
7
29
21
3
18
44
40
43
50
31
11
17
36
10
4
13
27
41
7
15
31
17
3
34
45
23
39
21
34
39
34
42
35
22
2
23
9
4
50
3
45
10
3
1
41
44
49
22
25
17
11
48
20
19
11
21
6
30
20
42
14
13
29
44
43
18
1
41
36
47
22
20
17
45
12
34
22
36
28
22
48
44
34
14
11
2
2
42
24
18
30
5
17
17
31
35
4
40
37
48
11
39
3
46
10
35
21
49
37
33
30
17
3
44
30
7
35
33
23
45
2
1
37
13
6
13
3
18
14
20
14
5
27
31
44
35
35
42
7
1
32
15
26
41
20
10
13
39
33
19
46
6
42
23
4
12
12
32
8
18
36
37
13
48
10
1
11
22
7
11
22
12
31
21
26
24
50
50
13
44
44
1
50
6
23
20
13
14
22
24
17
18
22
11
17
43
22
22
28
17
29
43
44
9
12
42
30
38
46
38
23
7
8
48
25
28
18
50
4
33
50
43
49
41
48
26
25
3
9
49
15
39
47
44
34
24
7
34
3
20
3
15
20
4
15
36
5
36
7
32
36
45
1
26
50
40
17
11
37
25
18
50
34
39
10
39
36
44
18
23
50
37
28
37
16
20
48
50
43
46
29
18
36
34
11
40
24
28
47
29
20
3
25
13
26
10
2
50
11
9
38
44
29
3
12
18
45
2
4
9
11
3
11
46
27
8
40
13
49
4
1
26
9
35
14
48
42
41
39
5
3
38
1
36
2
25
5
20
26
42
1
42
28
48
12
32
35
46
9
50
15
34
5
49
8
13
32
17
18
27
46
45
11
13
49
1
3
39
49
9
19
35
40
18
