11036.62
40148.24
35102.16
19020.90
12653.50
7056.70
78006.34
36263.04
16000.83
17118.45
34539.54
53677.26
45055.85
4921.28
20737.20
54614.88
47285.84
33546.65
63416.50
35766.28
25208.82
89594.50
25437.30
3443.62
52302.88
53649.64
34416.20
30482.75
13023.90
42701.76
54937.92
63331.68
25637.82
27427.07
88685.10
20485.23
45233.30
35012.25
79560.66
1089.18
8246.82
4112.48
44190.81
32572.76
32725.70
8994.45
3011.18
47581.17
34888.08
26582.22
70242.97
10036.80
60169.96
22095.15
27211.73
50361.12
918.01
75187.20
24622.62
68053.82
51483.66
32170.32
9164.60
54625.75
48763.26
20197.76
25117.30
56037.16
60277.24
39642.30
1034.12
33018.77
8761.52
47399.75
38602.40
8108.64
70466.34
10991.52
29982.25
29767.32
11023.10
34176.90
70674.00
8384.94
8643.18
60995.93
5096.37
25584.51
45671.76
46273.68
25506.17
71986.05
40933.80
49856.43
2849.04
83633.20
29563.74
18618.23
2915.08
4616.96
27115.87
74901.89
29875.50
8288.75
41568.24
43029.63
12751.75
15097.06
41253.68
42535.85
16467.40
39082.80
36927.12
64114.34
42985.80
42605.08
70469.10
43651.52
21851.46
32795.28
4136.52
23281.08
4224.56
46744.83
5976.48
25520.74
40746.72
54490.13
10648.66
3288.57
14031.12
53480.52
42044.70
45710.62
26208.16
62537.74
32399.34
10841.80
19536.72
24941.25
4501.80
53606.70
45738.60
7067.44
7563.05
60940.60
60880.68
47151.50
42806.80
24361.76
33575.40
66408.11
87451.68
56615.76
37560.04
13149.84
68123.00
25748.37
50709.44
45897.67
9448.02
15385.00
2306.48
48562.92
32794.65
15346.66
28290.00
28080.25
48674.90
36194.18
14505.30
18001.62
15526.95
28830.62
44649.27
42977.25
57746.10
27652.90
66071.00
38123.25
6723.08
30273.00
19446.42
70664.10
79801.72
41445.20
46298.76
33530.49
33295.00
77121.45
10739.28
36032.01
56720.73
46201.32
34489.80
52435.20
73357.20
50228.64
39113.14
15136.64
39326.85
23876.50
42086.46
14940.24
46701.50
32710.44
11162.76
16891.82
35017.95
16992.72
14649.48
50559.21
6468.14
33419.52
20511.90
22521.80
29724.24
61265.50
29824.48
22071.52
76791.36
13304.20
38843.47
49700.49
35257.00
46797.59
91045.50
38816.00
72645.08
22511.64
41930.20
21062.56
49204.16
38666.00
24939.12
19215.13
33203.52
63578.51
63593.62
31757.88
45197.50
75759.64
18545.14
35553.70
5982.36
78006.34
74754.54
23525.20
44255.52
45012.24
57656.52
7400.05
33444.48
14835.70
33509.49
44000.19
30392.64
45409.14
29830.71
19344.09
47698.56
69346.10
33220.38
66669.84
7592.16
47923.00
23774.16
3285.57
16537.50
6822.25
21022.35
70034.96
13368.41
34178.72
4180.56
53292.15
80516.48
12718.37
51655.47
16374.38
44461.71
8366.96
5606.05
1145.24
33396.00
74678.40
26570.52
71562.27
44688.96
29331.20
28254.03
61006.68
33255.20
50977.20
64912.80
49569.84
47279.70
24842.84
72832.54
26459.84
52795.50
52310.65
47784.46
3139.32
32825.40
38459.23
15797.25
41511.96
6298.64
4693.98
46564.70
4456.74
22255.52
14645.62
12957.68
55213.80
30907.68
44590.80
59680.32
6597.05
47008.83
44352.48
66378.40
19140.64
86040.50
9478.02
37474.46
33803.28
68967.50
20485.92
56386.21
32199.36
47553.24
26137.44
77407.18
8123.60
34236.00
28613.62
11312.20
22957.48
43032.08
6923.56
39299.85
44312.40
22775.76
61510.98
81235.50
37615.00
35373.48
5069.44
12204.88
28926.87
17947.62
37329.16
29996.12
72509.28
6771.16
8775.30
12993.97
42887.57
32767.28
42929.04
5994.54
33419.52
13622.32
43629.60
38409.28
41097.42
5360.85
5159.43
68184.48
22794.30
12885.60
19039.90
48561.80
20966.26
14471.20
44614.80
47705.22
33972.40
15421.64
54722.13
9074.50
36819.60
2796.06
71419.46
34252.66
30040.86
21478.56
35303.40
28750.60
71796.27
7384.08
26697.86
11163.84
35245.44
17425.08
24637.90
70024.50
7698.15
22463.52
21596.96
14237.34
29312.10
31497.12
32509.75
56522.40
54387.30
31473.60
82054.48
54283.76
10795.52
42562.08
11123.84
29281.50
13834.70
67246.20
48292.20
57444.84
20461.70
11302.20
23280.82
58570.38
7467.90
57495.55
18411.36
4995.45
33811.00
52383.18
20391.75
1669.76
12283.20
17920.55
65893.96
42404.40
45678.60
12047.09
37040.80
46745.14
33168.30
23163.07
46369.20
65497.52
7399.98
3932.32
45336.47
37985.14
8388.18
64397.55
17497.08
50033.04
20614.14
40074.24
58021.74
23345.30
18648.76
29371.14
4690.98
11442.30
61012.08
63768.00
58719.36
1826.92
16776.36
59343.84
33035.70
12982.77
40290.48
28550.40
3808.08
22734.00
6907.50
31867.56
11500.24
68070.24
25421.70
37299.33
34582.80
23499.75
3814.11
64244.04
19117.28
73263.74
17667.20
22422.53
44648.40
71580.60
17998.90
53804.88
73401.28
53656.32
35447.28
4799.07
28831.50
9439.08
6871.38
52588.58
64378.86
78130.56
63031.32
76532.50
65379.30
45648.00
38078.26
5790.30
29793.97
77499.42
34855.11
60515.58
32314.56
6496.95
10611.60
5233.60
17208.20
6250.60
64868.40
47101.50
32001.66
28509.03
72677.00
48464.06
18619.68
11518.54
21730.80
3856.11
52352.18
11856.96
3487.68
29489.98
14983.68
24732.27
9189.65
33135.50
25695.36
35416.76
13786.74
25819.20
58517.55
63603.32
21919.10
37827.31
12389.12
67672.00
47251.50
15416.30
39257.28
83347.40
18521.47
51105.12
35840.34
42519.75
18343.44
30363.00
12377.42
16220.27
22045.24
33696.63
14359.04
22772.86
30860.35
31380.75
11582.50
30922.12
51134.80
7713.20
30016.96
35949.52
13658.64
68776.20
32855.40
39978.24
40571.52
12942.58
20983.44
24194.03
52327.44
18682.02
28561.20
35389.68
34022.10
53624.42
24441.92
41020.50
65433.03
18258.50
4913.28
1376.47
29005.02
27568.80
13621.63
41864.88
35461.80
51258.06
6554.92
75430.00
26406.38
51941.25
9063.60
67021.50
22584.40
7261.80
29937.54
6490.88
51399.60
7495.84
48946.80
32602.80
34522.62
52761.12
18289.65
48833.10
13703.58
3589.78
19064.70
46057.32
44324.80
30241.92
52075.08
42285.00
12124.20
24268.45
34616.48
9361.17
34663.41
27659.34
69948.06
14532.30
37623.04
21252.46
1752.84
35543.07
6496.14
24400.61
51800.35
52891.76
28036.14
28813.20
57260.57
60095.04
18336.14
61870.80
21947.10
19080.80
42502.62
51614.93
27978.64
47652.00
21797.56
13456.41
18544.63
18069.76
51944.40
68958.67
74350.32
86394.72
31823.88
51079.68
29937.73
1746.83
81441.14
27479.75
34708.74
19160.40
23881.20
17188.10
57670.05
62781.23
64975.00
34055.91
68624.20
71474.80
26178.25
19162.74
10230.22
70775.50
87115.20
29914.92
1920.10
47175.04
25587.40
26573.12
56680.04
17253.60
7700.28
13224.20
8288.75
15192.52
53747.05
54347.04
1942.12
50251.58
22615.51
58391.94
44519.60
63067.05
20697.72
16349.52
8985.54
64223.62
49567.20
4913.19
43973.81
1370.46
3956.32
78600.56
41801.76
23776.00
49353.84
24260.25
39257.52
54969.75
8661.31
5926.28
52602.87
4985.28
8794.25
26867.43
40723.50
82701.22
71980.32
49148.44
45618.30
34539.54
48536.90
67735.98
77823.90
45742.36
38501.40
16547.50
32794.38
33145.20
61624.98
90478.56
19776.79
29095.44
65189.08
40920.88
10595.20
87652.65
1374.46
66929.30
51294.60
43101.50
45922.29
47827.43
64308.09
26228.00
10923.68
35492.76
33575.88
47286.70
28215.75
43677.84
20218.22
3719.90
4945.32
29880.54
49148.02
12949.58
47137.68
34136.89
19299.21
1513.61
34728.54
28954.93
63988.15
37595.31
26913.38
83841.89
28509.92
39060.84
19032.30
51545.10
38233.23
59392.56
17988.90
7803.25
62777.88
39256.40
11100.24
62967.50
23755.20
59051.88
31702.06
12311.52
73997.70
9015.54
16475.68
34977.67
5312.58
35501.62
75071.12
73090.97
9621.22
40818.46
6911.28
48853.50
65589.12
49388.04
45687.02
5060.50
50010.28
59614.00
34140.24
30657.66
70214.34
68316.16
26028.34
22311.13
39171.60
9894.57
33636.30
39722.56
24542.10
47290.80
45324.18
37958.25
21550.68
8080.80
39041.25
13818.98
9908.57
61594.75
46188.90
73928.50
48569.34
47818.43
50068.20
74218.32
60416.86
1794.89
53048.00
3319.50
15784.92
43195.25
42410.62
25395.30
46699.45
19740.63
38089.82
1438.53
22488.00
20910.12
34082.83
29571.40
39222.00
21632.52
9312.94
48016.46
28735.20
12178.81
10925.52
77121.60
46418.88
65470.00
52984.00
7397.85
78075.48
43816.50
52457.86
25803.54
64677.90
43502.40
81436.00
54410.48
66531.92
19975.01
3955.23
26164.32
72057.44
3173.36
58909.76
38869.64
12150.81
29631.40
56588.73
43849.81
9762.48
36367.90
51265.76
11246.83
68183.81
56723.76
6146.60
13802.88
14941.20
76265.10
27661.12
17619.04
52487.10
28443.45
62856.78
37902.04
79631.16
29496.19
54909.50
18373.60
73826.22
36242.22
54025.55
62892.23
80549.07
29994.73
7553.05
21574.69
27665.61
47660.40
28794.42
46175.40
41098.24
17716.21
63603.26
73806.24
34245.12
40434.72
17290.87
29310.16
6374.72
1891.98
32271.84
59595.80
22298.70
36558.96
44831.04
28706.62
34723.15
3291.57
12693.44
33275.52
57789.50
41420.16
93848.50
21653.52
85454.55
41008.46
55929.20
22809.78
38141.10
14141.40
62421.62
15196.65
72436.00
6587.00
18361.98
1413.50
29207.64
3081.36
14447.20
79043.66
54462.04
44655.60
51715.80
11190.83
7363.86
26208.84
39983.79
8296.96
38562.48
52817.76
29563.74
7456.24
49342.08
17282.72
33732.14
3677.86
1368.46
32534.75
10769.77
49553.55
49522.20
4243.50
46333.98
2442.62
37324.95
42213.78
33822.88
12091.09
39626.56
52459.44
14854.84
30974.00
33260.50
9224.70
16330.38
57948.80
73196.80
8843.45
5721.15
11315.82
22265.38
41173.80
55393.28
67818.41
70324.50
28526.94
12162.96
29555.46
31732.02
18240.00
70595.63
