3405
2917
1034
5409
8100
2134
3989
8104
9410
436
9377
1992
7342
2480
3706
2964
5590
9920
1478
9271
4652
4058
2263
2479
5747
8254
2276
6478
8226
3723
5093
3438
3714
1650
7361
5271
3004
7900
8074
9529
3016
7093
5596
1360
977
3852
5989
5626
3849
5996
7682
6909
5219
108
7536
4615
8586
3555
6916
1236
57
2506
7267
9468
5678
1364
586
893
7887
3339
3181
8808
4518
2720
8133
922
6829
2501
7838
4739
3141
9256
7569
1033
4466
8832
2885
7630
4289
6692
6781
8457
3510
6817
435
25
5424
6587
7610
6897
7669
3429
4671
2405
5207
9846
9184
2327
9186
5903
1289
6301
9317
2630
9964
8593
6532
3066
4909
9747
899
5646
5052
1069
6755
414
3487
1579
296
5840
267
2816
9937
1290
6185
1814
5709
45
5750
7542
8328
5854
4575
1878
81
4350
3731
3428
4351
5362
8099
4255
901
7824
7583
1992
1166
2575
2042
5624
7344
9821
969
157
3690
8914
5516
8609
7416
1635
4302
2999
8724
2178
6372
2258
9023
1489
4855
6815
3713
4549
5722
7484
3541
2429
7979
2796
6363
8160
343
3014
580
8407
3182
6757
2642
6209
2830
6444
1964
7206
8068
3545
9826
7787
9063
76
7144
5377
8770
7135
9164
5300
46
9026
7608
6285
9566
8640
9762
4029
6227
4408
3810
731
6069
5660
2905
8873
7004
5791
8358
5035
8906
3517
9681
4731
8300
9531
2006
3012
1462
9213
397
2228
2524
2268
4363
7984
6924
2086
4230
1139
3227
4263
4814
7256
882
358
5603
6075
2462
6231
8673
6404
82
3863
6597
4141
251
8543
5552
1039
9661
970
9879
3435
83
7551
4652
9882
7323
2337
3667
402
9977
6835
4252
8815
4906
1700
7264
6421
7185
3975
7573
6699
5462
361
8819
8773
2397
6347
5063
7251
1828
536
649
6895
2950
8240
3942
5455
5619
6925
5746
2463
2606
7073
3086
2730
7120
6193
1953
7843
2528
5146
3422
4260
2535
2761
8089
3499
7601
2900
1496
1260
953
3913
704
1015
8382
918
7506
4631
7804
3529
5538
5798
2594
3998
3999
8424
8163
2807
2455
5465
2158
3450
6818
9053
8122
2730
7321
9345
6121
4324
9603
5133
3822
5763
2837
6349
5807
7284
8532
1490
1652
4296
6816
2938
2530
6573
2543
1313
173
1410
1358
2937
5619
2111
4332
1904
8031
669
8363
5821
7454
3691
9242
2291
3860
5455
1532
6112
50
6124
9438
5093
7476
2603
6786
2210
4452
2737
9636
8761
1044
383
712
2706
3653
3831
5262
4512
3653
4762
1682
9722
1045
949
6556
3460
6280
6649
3847
6236
8263
2619
9765
7788
3426
912
3062
4506
6883
9695
8966
1446
344
2053
3993
5343
7379
7328
8350
5797
9055
5463
4336
8747
4968
4313
7193
8825
1856
8174
1320
7310
1103
288
5834
8101
6675
3827
3393
1908
3675
8336
2261
4120
1138
95
257
8309
5044
7852
3575
4834
9035
5572
3342
2682
1898
9354
8765
3899
2634
3700
1547
9169
2209
2320
1274
6050
3537
8405
9669
2519
3583
2601
8720
4808
6020
1413
2134
598
6204
7844
4401
1962
7323
2593
5967
5150
1529
4635
6480
9157
1094
704
5282
2199
4663
7952
8353
5994
792
1702
2786
8478
4759
9456
5716
7109
5592
121
2508
8810
7339
4691
8980
3302
741
1943
1219
8113
2326
1731
1644
7856
8387
5577
2014
2578
7215
247
7065
3585
8989
4458
2421
6491
9997
10
2601
1417
1250
6589
5807
6812
3974
4272
6188
5607
1633
852
8876
9203
9250
2820
9163
9871
9651
502
1817
4254
276
5990
4610
6377
5382
6202
1234
6143
4278
5841
2361
8103
784
500
5978
5972
3352
9129
1284
5095
1139
4956
2083
4272
9130
4386
5930
4746
8033
5003
6039
4907
9767
188
5483
2711
1166
4395
5550
7249
2336
6467
2701
5194
5040
8142
1484
8502
1253
6419
4562
1559
6115
46
5598
1780
1602
1934
4202
1686
7823
7185
2159
651
7347
9438
7709
5246
9235
6124
5909
6211
9733
1537
2317
7106
5617
837
4947
7041
5174
3684
1360
5862
1848
3905
3195
5482
5918
9679
256
2200
4761
4311
2155
2468
6189
3519
6907
4529
3087
3826
8227
6399
2117
8439
6886
8184
2426
8543
1050
6336
2400
8926
9245
3874
4666
344
453
7084
5575
4709
8519
6167
1466
7038
9293
1293
8458
6122
6939
4841
3928
6589
8559
290
4077
9340
8054
8881
26
4471
5181
6523
905
2192
1260
5655
1023
1072
7441
2579
730
444
4548
4508
2471
7311
9968
9313
8883
2319
8943
3447
7951
2196
8007
8360
2373
131
9335
7345
6129
7574
2523
3692
4684
9182
359
3359
2624
8183
2699
3893
8698
6201
6814
9487
1608
3641
1166
783
4897
8569
2286
6714
3170
3749
9097
9942
1251
8828
7585
5356
7470
3545
9476
13
8919
8656
4704
4691
1762
1394
2450
1027
6642
8352
8172
1766
6644
3112
7923
9998
851
361
6726
9849
2073
8396
9840
5148
1262
5519
1600
2304
28
3858
7397
4039
9030
5904
2880
9248
9617
7133
917
5909
7271
9950
497
9155
7478
8503
2158
4747
142
4516
5255
531
9177
8961
4887
9285
5006
4192
1639
306
8648
3254
2290
5743
1620
373
6848
8017
8901
2681
9061
3404
7377
394
2589
8049
8180
4064
2627
1030
9302
2245
653
5447
7229
5774
676
3831
6442
410
8936
9202
2981
4415
225
4775
1411
3158
768
7637
1850
276
3534
9172
2022
6060
230
3479
8071
8768
9144
1384
9807
8031
3926
4567
3388
7351
6829
9571
9298
8999
9587
6868
2462
4438
5775
1926
8148
353
9596
3583
9769
1771
2582
4195
4218
1320
5787
6286
2751
2386
6557
3639
9104
7073
5249
4762
3055
6340
7385
7551
1011
3764
7155
169
5315
8682
8137
5272
6038
3473
3058
812
7640
6677
8251
527
231
8796
7031
1312
7283
9465
4064
6869
4512
5411
7098
4019
1645
7276
3858
6883
8060
9407
7938
3745
1230
8492
1876
77
5301
7150
