89792
89793
89793
89793
89793
89793
89793
89793
89794
89794
89794
89794
89794
89794
89794
89795
89795
89795
89795
89795
89796
89797
89797
89798
89798
89798
89798
89798
89798
89798
89799
89799
89824
89824
89824
89824
89825
89825
89825
89825
89825
89826
89826
89826
89827
89827
89827
89827
89828
89828
89829
89829
89829
89829
89829
89829
89830
89830
89830
89830
89831
89831
89831
89856
89856
89856
89856
89856
89856
89857
89858
89858
89858
89859
89859
89859
89859
89859
89859
89859
89860
89860
89860
89860
89861
89861
89861
89861
89861
89861
89862
89862
89862
89862
89862
89862
89863
89863
89863
89863
89863
89863
89863
89888
89888
89888
89888
89888
89888
89888
89889
89889
89889
89889
89890
89890
89890
89891
89891
89891
89891
89891
89891
89892
89892
89892
89892
89892
89892
89892
89893
89893
89893
89893
89894
89894
89894
89894
89895
89895
89895
89895
89895
89895
89920
89920
89920
89920
89920
89921
89921
89921
89921
89922
89922
89922
89923
89923
89923
89923
89923
89924
89924
89924
89924
89924
89924
89924
89925
89926
89926
89926
89926
89926
89926
89927
89927
89927
89952
89952
89953
89954
89954
89954
89954
89954
89954
89954
89955
89955
89955
89955
89955
89955
89955
89956
89956
89956
89956
89956
89957
89958
89958
89958
89958
89958
89959
89959
89959
89959
89959
89984
89984
89985
89985
89985
89985
89985
89985
89986
89986
89987
89987
89988
89988
89988
89988
89988
89988
89988
89989
89990
89990
89990
89990
89990
89990
89990
89991
89991
90016
90016
90016
90016
90016
90016
90016
90017
90017
90018
90018
90019
90019
90019
90019
90020
90020
90020
90021
90021
90021
90021
90021
90022
90022
90022
90022
90022
90023
90023
90023
90048
90049
90050
90050
90050
90050
90050
90050
90051
90051
90051
90051
90052
90052
90052
90052
90052
90052
90053
90053
90054
90054
90054
90054
90054
90054
90055
90055
90055
90055
90055
90055
90080
90080
90080
90080
90080
90080
90081
90081
90081
90081
90082
90082
90082
90082
90083
90083
90083
90083
90083
90084
90084
90084
90085
90085
90086
90087
90087
90087
90087
90087
90087
90087
90112
90112
90113
90113
90113
90113
90113
90114
90114
90114
90114
90115
90115
90115
90115
90115
90115
90115
90116
90116
90116
90117
90118
90119
90119
90119
90119
90119
90119
90144
90144
90144
90145
90145
90145
90145
90146
90146
90146
90147
90147
90148
90148
90148
90148
90148
90148
90148
90149
90149
90149
90149
90150
90150
90150
90150
90150
90151
90151
90151
90151
90151
90151
90151
90176
90176
90176
90177
90177
90177
90177
90177
90178
90178
90179
90179
90179
90179
90179
90180
90181
90181
90181
90181
90182
90182
90182
90182
90182
90183
90183
90183
90208
90208
90208
90208
90209
90209
90209
90210
90210
90210
90210
90210
90211
90211
90211
90211
90211
90212
90213
90213
90213
90213
90214
90214
90214
90214
90215
90215
90215
90215
90215
90240
90240
90240
90240
90240
90240
90240
90241
90241
90241
90241
90241
90242
90242
90242
90242
90242
90243
90244
90244
90245
90245
90245
90245
90246
90246
90246
90246
90246
90247
90247
90247
90247
90247
90272
90272
90272
90272
90272
90272
90273
90274
90274
90274
90274
90274
90275
90275
90275
90276
90276
90276
90276
90276
90276
90276
90277
90277
90277
90278
90278
90278
90279
90304
90304
90304
90304
90304
90304
90304
90305
90305
90306
90306
90306
90307
90307
90307
90308
90308
90308
90309
90310
90310
90311
90311
90311
90311
90311
90311
90336
90336
90337
90337
90337
90337
90337
90337
90337
90338
90338
90339
90339
90339
90339
90339
90340
90340
90340
90340
90341
90341
90341
90341
90342
90343
90343
90343
90343
90343
90368
90368
90368
90368
90369
90370
90370
90370
90370
90370
90370
90371
90371
90372
90372
90372
90372
90373
90374
90375
90375
90375
90375
90375
90375
90400
90400
90400
90400
90401
90401
90401
90401
90401
90401
90402
90403
90403
90403
90403
90403
90403
90403
90404
90404
90405
90405
90405
90405
90406
90406
90406
90406
90406
90407
90407
90407
90407
90407
90407
90407
90432
90432
90432
90432
90432
90433
90433
90433
90433
90433
90434
90434
90434
90434
90434
90434
90435
90435
90435
90435
90435
90435
90435
90436
90436
90436
90436
90436
90436
90436
90437
90437
90438
90438
90438
90439
90439
90439
90439
90464
90464
90464
90464
90464
90465
90465
90465
90466
90467
90467
90467
90467
90467
90468
90468
90468
90468
90468
90468
90468
90469
90469
90469
90469
90469
90469
90470
90471
90471
90471
90471
90496
90496
90496
90497
90497
90497
90497
90498
90498
90498
90498
90499
90500
90500
90501
90501
90502
90502
90502
90502
90502
90502
90502
90503
90503
90503
90528
90528
90528
90529
90529
90529
90529
90530
90530
90530
90530
90531
90531
90531
90531
90531
90532
90533
90533
90534
90534
90534
90534
90534
90535
90535
90535
90560
90561
90561
90561
90561
90561
90562
90562
90562
90562
90563
90564
90564
90564
90565
90565
90565
90565
90565
90565
90566
90566
90566
90566
90566
90566
90567
90567
90567
90567
90567
90567
90592
90592
90592
90592
90592
90592
90593
90593
90593
90593
90593
90593
90594
90594
90594
90594
90594
90594
90594
90595
90595
90595
90595
90596
90596
90596
90596
90596
90597
90598
90598
90599
90599
90599
90599
90624
90624
90624
90625
90625
90625
90625
90625
90625
90625
90626
90626
90626
90626
90626
90626
90626
90627
90627
90627
90627
90627
90627
90628
90628
90628
90628
90628
90629
90629
90629
90629
90629
90630
90630
90630
90630
90630
90630
90630
90631
90631
90656
90656
90656
90656
90657
90657
90657
90657
90657
90658
90658
90658
90658
90658
90658
90659
90659
90660
90661
90661
90661
90662
90662
90662
90662
90663
90663
90663
90688
90688
90689
90689
90689
90689
90689
90689
90689
90690
90690
90690
90690
90690
90690
90691
90691
90691
90691
90691
90691
90692
90692
90693
90693
90693
90693
90693
90693
90693
90694
90694
90694
90694
90694
90694
90694
90695
90695
90720
90720
90720
90720
90720
90720
90721
90721
90721
90721
90721
90722
90722
90723
90723
90723
90723
90724
90724
90725
90725
90725
90726
90726
90726
90726
90726
90726
90726
90727
90727
90752
90752
90752
90752
90752
90752
90752
90753
90753
90753
90753
90753
90753
90753
90754
90754
90754
90754
90755
90755
90755
90756
90756
90756
90757
90757
90758
90758
90758
90758
