2896
6315
8522
5368
5086
8480
9597
8081
6152
5743
1124
4220
467
4042
403
1243
1313
7601
6895
221
4143
5760
3139
5341
4268
9588
9277
4951
5110
6760
5290
8865
6093
4446
2817
8057
8518
5828
7639
8735
2096
1610
9037
1067
9642
9808
7265
1850
3515
6464
8614
3491
6290
52
7396
8068
4294
6978
1697
2383
7828
1427
8516
3725
2485
1227
9225
9423
9928
5704
6304
1370
4347
3921
5422
3036
5414
6918
5142
2597
5797
2966
3802
3171
599
5308
2879
9397
1386
9121
2915
340
6566
5169
3470
2992
2535
4102
759
4318
225
4646
7392
3960
6041
3047
2563
5545
5854
4071
4349
268
4169
9968
9927
8653
5205
3656
6503
6558
275
6089
1416
3680
4726
1881
9485
7082
4989
8324
3451
1732
4685
5326
1843
289
2452
701
1047
8437
5962
2575
7254
700
5895
4702
1421
5150
9523
6895
9791
4549
7518
2977
9849
2069
2052
4333
3954
3816
5059
3232
3767
9897
5954
4693
3694
9462
8184
2328
5604
9822
2802
6307
2592
6762
378
4395
602
4550
248
7451
3940
4347
4702
485
1693
1159
7510
804
7860
8627
563
8502
5149
3916
8446
9397
7011
8753
73
6091
5910
3744
2747
5582
1414
1468
1328
3180
8163
6660
5804
5915
6676
66
3235
7915
2793
9213
9547
3187
6996
399
4435
4109
9467
550
6349
8207
9890
8461
9974
3689
1910
3307
8355
8699
2585
7767
5689
8307
3715
1785
7630
9771
1283
8748
4437
6400
1716
6783
8265
3358
4951
8139
1526
2405
8547
5483
5074
6901
5361
3825
8346
8103
6903
9897
4510
4055
3317
5470
9418
2999
9313
8038
6760
4016
5925
1711
5142
4926
8692
316
2586
833
8312
7383
3387
2258
8247
5708
870
800
9615
4677
226
6207
6899
5872
5954
1968
5440
3613
8351
2904
4131
7164
4057
9828
1275
8735
4802
4367
4200
8919
4949
6300
8181
6661
8094
6595
8105
3777
4354
1334
7333
195
5371
7273
5082
997
6334
8747
9976
5566
7730
2487
6235
8844
9173
7588
1567
3655
2726
8829
2429
1077
8255
8862
7792
6047
2996
4237
8957
4934
1080
9039
5722
623
6741
7799
2309
2207
173
5863
4521
4361
2449
1233
2479
8827
750
5248
2615
1368
389
1956
8639
5567
6727
3587
2984
9364
4586
31
7114
6752
4655
265
8878
9916
7825
8799
6063
7895
6754
3609
5163
3372
3081
2951
6898
3753
800
2326
5643
2915
1840
8112
8006
1811
8129
7377
750
8652
2380
8580
3318
6171
3967
7305
7091
7916
8970
6292
6418
3291
8459
8203
6561
2553
3791
8062
7249
7376
8710
5879
535
5517
3146
2999
870
8504
6174
1814
9749
9851
9218
2741
2775
285
4542
4682
8554
8123
6463
7740
474
2258
7713
4359
6329
644
9143
2701
5430
552
860
3041
3450
8587
5353
6635
2615
7125
6575
9626
7689
1810
7525
6284
7062
4066
5204
3127
8296
6491
9032
6440
6277
9234
8401
8606
1965
6676
7254
8210
3909
2478
5067
9588
4558
9632
434
7785
3797
4044
4952
5823
8527
2903
2449
1853
6482
8871
3736
9614
2524
9555
7312
7848
2548
945
6886
134
3157
9057
2686
116
6076
5241
4348
1412
7038
5028
4022
5446
6103
6987
1654
5099
2236
9350
7734
5118
574
1459
5139
6950
2098
5938
9513
435
1923
8076
4721
2475
3858
1311
4758
7515
955
6063
8829
4938
1213
775
2607
5634
8468
437
9156
5949
7414
4059
3479
8579
9294
186
5898
6655
2143
2180
3761
7733
2713
3714
8256
1188
1289
86
4017
7432
1246
7193
6648
9581
6741
8407
1877
3444
1098
7526
6011
9346
4395
6074
5550
9077
6657
7474
1331
1125
4503
8538
1840
2988
9049
8636
3300
5930
54
4119
7570
923
4095
8451
1448
4494
9646
3642
3966
5352
965
9875
758
3130
4548
3106
9494
3436
2943
5405
5504
4399
119
8837
9871
8953
3385
2399
4772
7250
4088
7859
9164
6365
5762
9130
9181
4394
1834
8028
5830
54
6114
3129
2500
5497
3102
2095
5473
7696
9698
1497
5932
8790
3059
1466
5071
2015
8055
560
1006
3622
997
8777
5859
7477
2999
7685
5497
9953
7074
5206
2588
5999
4139
7674
3575
4924
5391
4920
5364
4748
7362
9165
7276
5001
3210
3536
8537
7936
4186
523
8156
257
4595
128
9599
9453
4846
2952
8105
8766
9392
9067
4005
8532
2479
145
9948
2713
1814
3211
5291
1195
7059
7654
4860
9432
6859
7200
4390
1274
5632
7514
1475
7415
38
6346
6809
2613
6375
3892
9664
516
5853
4012
8748
1797
1335
1153
3266
5880
7710
6150
7460
3943
726
9520
9178
8199
5000
7801
4047
83
540
6477
9133
7860
2160
1740
6216
5853
6957
3217
4272
3279
5420
804
2632
1955
1784
5165
6905
3311
2381
4573
3942
859
5092
471
4144
1912
605
3193
7855
8318
9999
5264
6406
3022
8608
2246
7994
7018
8381
8411
8695
6864
5198
1080
7829
5793
8960
9776
7237
8762
7598
5984
631
3414
655
5946
1875
614
8445
3699
1635
506
7964
7251
4758
6969
1725
9476
7531
3025
5984
5128
4962
2558
3386
9892
9352
3822
3450
3119
6968
7167
5057
7163
5563
1649
5091
326
4939
4364
8982
6455
3797
8568
6316
106
9487
6336
5920
2378
9053
9088
6380
2303
5717
9342
4280
8314
3155
1840
1834
9903
9123
6647
2269
6247
6578
5638
8758
8634
9195
6711
6734
8483
586
8063
8863
6267
4673
5217
5384
8208
280
4333
4852
6775
7927
4769
7586
8
1994
7381
1969
9434
5623
1535
2475
699
9982
756
5016
8452
9367
7578
8448
8082
3036
5636
705
6320
1327
6212
292
260
2212
5719
3066
5785
4610
3807
3634
5638
8877
1361
5224
4719
3879
1310
997
517
3508
6732
2822
5798
351
4723
1939
1538
3555
8381
2684
5938
4548
5715
7871
7161
254
5444
6002
9722
6066
9118
3038
7501
6810
4287
6602
6823
8647
3481
1126
3414
4832
8947
8525
6799
2460
7047
838
6414
