62822
62822
62822
62822
62823
62823
62823
62823
62848
62848
62848
62848
62849
62849
62849
62850
62850
62850
62850
62850
62851
62851
62851
62851
62851
62851
62851
62852
62852
62852
62852
62852
62852
62852
62853
62853
62853
62853
62853
62854
62854
62855
62855
62855
62855
62855
62880
62880
62880
62880
62880
62880
62881
62881
62881
62881
62881
62882
62882
62882
62882
62882
62882
62882
62883
62883
62883
62884
62884
62884
62884
62884
62884
62885
62885
62885
62885
62885
62885
62886
62886
62886
62886
62886
62886
62887
62887
62887
62887
62912
62912
62912
62912
62913
62913
62914
62914
62914
62914
62914
62914
62914
62915
62915
62915
62915
62916
62916
62916
62917
62917
62918
62919
62919
62919
62944
62945
62945
62946
62947
62947
62947
62948
62948
62949
62949
62949
62949
62949
62949
62950
62950
62950
62951
62976
62976
62976
62976
62976
62977
62977
62977
62977
62978
62978
62978
62978
62978
62979
62979
62979
62979
62980
62980
62980
62980
62980
62980
62980
62981
62982
62982
62982
62982
62982
62982
62982
62983
62983
62983
63008
63009
63009
63009
63009
63009
63009
63009
63010
63010
63010
63010
63011
63011
63011
63011
63011
63012
63012
63012
63012
63013
63013
63013
63013
63013
63014
63014
63014
63014
63015
63015
63015
63015
63015
63015
63015
63040
63040
63040
63040
63040
63040
63040
63041
63041
63041
63041
63042
63042
63042
63042
63042
63042
63043
63043
63043
63044
63045
63045
63045
63045
63046
63046
63046
63046
63046
63046
63046
63047
63047
63047
63072
63072
63072
63072
63073
63073
63074
63074
63074
63074
63074
63074
63074
63075
63076
63076
63076
63076
63076
63076
63077
63077
63077
63077
63077
63077
63077
63078
63078
63078
63078
63079
63104
63104
63104
63104
63104
63104
63105
63105
63105
63105
63105
63105
63106
63106
63106
63106
63106
63107
63108
63108
63108
63108
63108
63108
63109
63109
63109
63110
63110
63110
63110
63110
63111
63111
63136
63136
63136
63136
63136
63136
63137
63138
63138
63138
63138
63138
63139
63140
63140
63141
63141
63141
63141
63141
63142
63142
63142
63142
63142
63142
63143
63143
63143
63143
63168
63168
63168
63168
63169
63169
63169
63170
63170
63170
63171
63172
63172
63173
63173
63173
63173
63174
63174
63175
63175
63175
63175
63200
63200
63200
63200
63200
63200
63201
63201
63201
63201
63202
63202
63202
63202
63203
63204
63204
63204
63204
63204
63204
63205
63205
63205
63205
63205
63205
63205
63206
63206
63206
63206
63206
63206
63207
63207
63207
63207
63207
63232
63233
63233
63234
63234
63234
63234
63234
63235
63235
63235
63235
63235
63236
63236
63237
63237
63237
63237
63238
63238
63238
63238
63239
63239
63239
63239
63239
63264
63264
63264
63265
63265
63266
63266
63266
63267
63267
63267
63268
63268
63268
63268
63268
63268
63268
63269
63269
63269
63269
63269
63269
63270
63270
63270
63271
63271
63296
63296
63296
63296
63296
63296
63297
63297
63297
63297
63297
63298
63298
63298
63299
63299
63299
63299
63299
63299
63300
63300
63300
63300
63301
63301
63301
63301
63301
63302
63302
63303
63303
63303
63303
63303
63328
63328
63329
63330
63330
63330
63330
63330
63330
63331
63331
63331
63331
63331
63331
63332
63332
63332
63332
63332
63332
63333
63333
63333
63333
63333
63333
63334
63335
63335
63335
63335
63335
63335
63360
63360
63360
63360
63360
63360
63360
63361
63361
63361
63361
63361
63361
63362
63362
63362
63362
63362
63363
63363
63363
63363
63363
63364
63364
63364
63364
63364
63364
63365
63365
63366
63366
63366
63366
63366
63366
63367
63367
63367
63367
63367
63367
63367
63392
63393
63394
63394
63394
63394
63394
63394
63394
63395
63395
63395
63395
63396
63397
63397
63397
63397
63398
63398
63398
63399
63424
63425
63425
63425
63425
63425
63425
63426
63426
63427
63427
63427
63427
63427
63428
63428
63428
63428
63428
63428
63429
63429
63430
63431
63431
63431
63431
63431
63431
63431
63456
63456
63456
63456
63456
63456
63457
63457
63457
63457
63457
63458
63458
63459
63459
63460
63460
63460
63460
63460
63461
63462
63463
63463
63463
63488
63488
63488
63488
63488
63488
63488
63489
63489
63489
63489
63489
63489
63489
63490
63490
63490
63491
63491
63491
63492
63493
63493
63493
63493
63493
63493
63494
63494
63494
63494
63494
63495
63495
63495
63495
63495
63520
63520
63520
63521
63521
63522
63522
63522
63522
63522
63522
63523
63523
63523
63523
63524
63524
63525
63525
63526
63526
63526
63527
63527
63527
63527
63527
63527
63552
63552
63552
63552
63552
63552
63553
63553
63554
63554
63554
63554
63554
63554
63555
63555
63555
63556
63556
63556
63556
63556
63557
63557
63557
63558
63558
63558
63558
63559
63584
63584
63585
63585
63585
63585
63586
63586
63587
63587
63587
63587
63587
63587
63587
63588
63589
63589
63589
63589
63589
63589
63589
63590
63590
63591
63591
63591
63591
63616
63617
63617
63617
63617
63617
63617
63618
63618
63618
63619
63619
63619
63620
63620
63620
63620
63620
63620
63621
63621
63621
63621
63621
63621
63621
63622
63622
63622
63622
63622
63622
63623
63623
63623
63648
63648
63648
63648
63648
63649
63649
63649
63649
63649
63650
63650
63650
63650
63650
63651
63651
63651
63651
63651
63651
63652
63652
63652
63652
63653
63653
63653
63653
63653
63653
63654
63654
63655
63655
63655
63680
63680
63680
63680
63681
63681
63681
63681
63681
63681
63682
63682
63683
63683
63683
63684
63685
63686
63687
63687
63687
63687
63687
63687
63712
63712
63712
63712
63712
63712
63713
63713
63714
63714
63714
63714
63714
63714
63714
63715
63715
63715
63715
63715
63715
63716
63716
63716
63716
63716
63716
63717
63717
63717
63717
63717
63718
63718
63718
63718
63718
63718
63719
63744
63744
63744
63744
63744
63744
63745
63745
63745
63745
63745
63745
63745
63746
63746
63746
63746
63746
63746
63746
63747
63747
63747
63747
63747
63747
63748
63748
63748
63748
63748
63749
63749
63749
63749
63749
63750
63750
63750
63750
63751
63751
63751
63751
63751
63751
63776
63776
63776
63777
63777
63777
63777
63777
63777
63778
63779
63779
63779
63779
63779
63780
63780
63780
63780
63781
63781
63781
63782
63782
63782
63782
63782
63782
63782
63783
63808
63808
63808
63808
63808
63809
63809
63809
63809
63809
63809
63810
63810
63811
63811
63811
63811
63811
