1787.88
41845.76
19000.15
55429.78
2933.12
42001.22
10072.89
34434.66
28518.72
63706.97
59328.45
33003.36
22656.72
36549.30
72211.50
54027.96
25299.00
6715.26
23605.05
24146.00
12325.14
59274.21
29792.16
44408.43
65063.25
13634.64
19819.93
46561.78
38842.80
1001.09
74238.30
37138.33
13486.16
48752.46
42765.60
24025.35
34576.52
57935.56
46460.40
16406.02
26835.38
66118.09
11556.72
25893.54
80685.00
79589.58
14054.90
45949.32
40692.75
56090.88
36095.01
33435.40
23356.20
8353.03
44439.43
5616.10
22577.80
73228.00
54141.55
73915.49
43507.53
23628.92
40061.18
23669.76
8343.80
65299.45
38092.60
57390.55
41971.01
2262.46
68907.54
9291.84
50100.80
81736.50
42780.92
52136.00
10574.20
31161.36
18868.32
30563.96
2892.18
32668.38
30692.40
7933.35
22208.55
5941.40
76941.00
32474.20
7399.76
11309.32
11406.24
18310.50
2488.68
27269.00
47110.68
27021.40
58527.38
35948.34
49828.70
37349.78
54971.04
19080.80
40929.40
37175.60
23839.20
46662.31
32864.65
47682.18
24475.80
38877.44
10763.41
24650.08
40560.40
20184.23
13181.04
28530.40
30337.77
38733.82
54809.92
60291.72
19748.88
35641.72
16382.85
3393.66
43104.88
52416.00
24204.40
73077.50
39908.05
6572.05
47331.84
48905.22
36788.64
31611.44
18115.37
11472.40
64043.76
47121.92
64568.37
6659.00
40146.24
20022.00
10010.11
47784.46
26381.12
37865.25
45029.05
62016.60
34489.62
79807.28
59913.90
64000.20
23385.57
44245.97
37245.69
36491.00
26941.58
7352.80
14679.86
23827.96
27427.07
47966.43
22412.97
56261.00
50034.39
18819.70
49253.76
13786.85
66151.19
11375.94
63114.23
29536.64
13454.70
73713.49
40596.03
18756.32
34034.91
46308.90
6108.66
48839.11
52521.87
36999.48
5838.20
20357.76
27580.16
11788.48
60115.00
11460.16
27997.64
1157.25
35303.40
6636.28
43283.76
87742.50
21547.95
71222.80
59071.95
15119.17
62270.34
13040.65
27983.70
22380.38
30773.35
39998.56
51896.25
83472.30
51327.94
69553.20
3970.26
24155.84
40399.70
48121.68
21322.32
36138.00
41769.25
19893.42
33461.10
29908.48
66174.42
35818.22
28587.21
13286.40
32581.39
62811.74
3255.54
10252.22
8296.96
13776.98
39606.28
27448.80
25131.36
27448.80
42221.12
47615.98
56625.30
16992.72
8173.60
78052.34
42266.95
43255.08
55567.16
67722.00
43006.80
66806.10
48652.40
31594.20
66760.65
35002.53
20795.97
44056.44
39489.12
53124.33
35258.10
49107.80
36651.96
13089.72
26495.12
34036.25
16033.36
52135.60
26697.86
38409.28
32813.37
4570.83
71265.15
7539.88
51935.60
9999.64
8609.36
18487.56
16626.08
42855.25
66034.38
54781.09
12325.04
57929.42
54969.91
40192.02
12883.77
36318.00
27807.45
37072.73
14701.05
23352.84
74620.96
6807.25
26592.90
4465.74
58436.56
71713.68
44079.73
30623.94
40838.07
14511.60
24385.62
69460.58
21477.12
30344.40
13995.96
27605.16
6677.10
35233.80
29791.60
45710.96
75487.68
13286.40
56265.30
78236.34
17794.81
1840.02
9305.94
15708.17
3401.58
24802.60
47512.92
35357.20
1110.20
17628.50
56561.00
73837.60
1386.47
35695.59
24315.48
68337.45
32398.02
15997.51
46562.16
30029.40
8053.55
9261.84
35320.05
49367.50
1889.98
17518.40
68771.01
14017.96
10941.90
76964.84
46849.50
47116.88
76400.55
6026.36
12824.00
52207.76
32678.34
47931.75
2108.30
21170.78
17266.62
8609.36
31962.32
39665.86
60613.70
41067.84
65632.07
33095.00
40614.78
78514.56
44966.10
42143.01
59198.37
38465.75
68060.22
20199.85
19366.91
32695.39
36939.25
74009.49
17046.72
23979.20
81631.01
36507.96
34456.20
8329.04
7295.64
44884.84
70775.00
11639.65
31893.02
11219.92
13945.26
62066.50
73994.83
44869.05
43030.08
49739.76
6817.30
21199.36
22740.48
58575.54
8961.54
16184.85
88311.59
29958.24
74726.69
55904.85
1158.25
37761.41
71595.84
15700.68
63922.95
6572.05
86010.72
50450.61
11327.88
68129.44
28596.32
40084.00
9658.20
46338.60
69422.58
53308.81
18516.00
11667.32
53330.94
22063.75
51831.78
58901.04
4396.76
38408.26
6510.88
66818.84
44380.71
65541.52
90445.00
83832.75
34692.48
86570.62
40304.44
5129.40
34332.48
44689.06
35612.61
25258.98
32165.02
72852.56
6310.68
11592.72
13069.76
53232.44
56707.31
60511.36
34488.52
84508.65
3805.05
1537.62
32506.80
71776.00
44840.84
33220.04
23840.96
52406.50
11622.42
15889.28
62717.65
3523.70
5306.58
42298.20
48628.15
44327.97
13894.80
55884.48
7628.10
56315.20
26123.30
59710.40
6419.07
30470.11
2280.48
52262.28
1424.52
37790.25
41711.78
29471.51
33852.00
1493.59
25366.60
4525.00
46083.98
26328.50
15564.77
12726.00
34304.66
52619.76
17634.72
14535.60
29606.75
12072.87
80009.58
7063.62
14643.72
62550.01
12365.12
9730.70
34392.96
9072.90
80984.26
77436.45
34623.99
75286.12
10222.74
33647.25
19439.28
16267.42
13118.28
15436.00
24914.52
15980.51
28013.44
72893.28
46042.72
41580.24
25653.00
28230.90
37891.92
57018.06
24248.18
10613.16
8475.00
24966.80
13124.00
14751.84
31352.94
78987.56
7035.70
29049.60
58972.78
25305.28
14025.30
34929.18
20704.84
49584.20
41535.70
9214.65
26530.35
18644.16
14551.28
6031.50
1694.79
20898.44
3994.26
44976.24
9100.00
53003.61
34375.34
67964.16
48157.20
17587.04
17009.82
39045.72
3728.08
10604.34
30568.17
33103.84
60670.68
3483.66
21815.36
1950.14
57111.50
3078.36
49250.36
61559.75
43727.88
62523.62
34236.48
36375.86
50977.65
35686.72
19841.60
31586.56
28365.76
71490.60
3642.90
80235.85
14845.70
1256.35
33195.00
23586.78
31017.12
55744.20
43056.63
54793.63
61049.10
22884.15
49976.36
20055.28
6902.56
40904.28
25427.50
36998.12
7219.56
19116.30
19677.68
41050.90
47552.17
38934.84
1900.99
27947.92
77201.77
19496.28
7814.34
36191.61
91343.52
42620.64
21503.20
51607.68
23993.20
62803.65
10098.11
23604.90
12683.60
28974.56
83271.84
4076.44
75796.90
17541.59
42868.41
25917.30
10351.33
33201.42
23945.44
29231.50
6216.65
43629.84
31202.24
30867.48
16946.93
54741.66
47397.09
24176.04
13346.40
42815.24
12133.00
32055.66
49598.55
22217.76
61707.12
13958.72
63376.68
37279.76
14367.04
15759.34
45463.05
41212.02
33734.25
53154.68
14716.05
48875.68
2977.16
30971.79
10649.22
39280.05
28734.82
69321.98
53054.10
6815.20
4296.64
38615.75
38501.10
8661.18
23865.60
49053.50
64667.66
64190.98
81705.36
70391.10
31735.66
58711.88
16992.54
41867.28
36840.40
28848.60
25803.20
26344.08
47201.25
8780.45
31014.12
3307.50
25296.60
42747.87
1856.94
3889.14
84778.65
58029.72
45649.20
16722.24
41381.01
16968.30
46174.61
20535.71
28500.68
57948.80
46641.60
3784.16
41480.64
43655.84
2362.54
68773.00
60544.40
79267.79
52830.33
39477.57
24336.52
65251.46
42409.56
46298.75
50319.71
15484.56
56443.52
81269.14
20740.32
42745.85
42100.80
10979.52
35077.20
18956.52
47930.70
23741.74
36634.28
48743.52
14881.20
75147.38
8850.45
34385.20
59615.79
17607.85
57480.48
21142.72
74718.40
19236.64
21884.94
14351.12
23895.20
5484.06
48212.03
13830.85
25347.00
62387.62
23902.83
2384.58
29386.16
78973.79
58489.56
43241.38
33640.58
47734.12
4148.48
18319.20
61585.20
60825.66
11304.48
67940.38
27605.76
20327.45
3728.08
31365.39
29637.24
19467.42
8281.04
39374.37
25602.00
48851.84
13160.42
20153.42
20049.12
6228.72
15087.84
5061.44
5084.34
23263.82
35563.00
31023.90
39560.43
9600.22
32234.27
45969.00
67772.00
14599.36
73908.20
2652.82
60530.68
78483.00
54780.42
14480.51
42295.39
47791.10
62672.70
50781.02
42990.64
12694.50
23034.45
61055.68
85289.76
72660.54
69818.26
28084.42
45318.00
65913.12
71861.44
17871.92
2062.24
32061.66
7523.88
39068.56
46866.16
65433.03
84636.78
10630.27
7624.26
20132.32
32276.31
8024.72
32280.27
4028.40
1520.61
42360.50
53311.72
58862.40
34725.44
43045.25
48627.48
27926.41
51770.04
32290.72
44253.12
8777.52
16052.40
4645.00
22115.38
46974.25
88685.10
71251.03
41324.16
37156.68
50569.92
19236.80
1604.70
21968.94
21825.98
26235.44
43902.25
16933.53
21366.72
41361.76
43443.12
34786.08
25932.30
89614.08
9760.70
18697.69
13742.95
31052.80
4468.74
50203.52
25965.54
31002.48
19661.40
68060.22
74967.12
64628.40
38224.32
37877.40
73478.00
36811.44
69239.98
20262.00
30416.40
33659.76
36624.15
4297.56
8547.06
30294.33
24387.48
47365.25
40401.18
37356.27
25627.04
19572.67
33736.00
71467.90
35337.50
27164.70
27005.04
19377.54
61813.79
16136.01
42780.85
13538.84
33526.72
27729.60
66502.56
54170.84
18119.10
52184.64
63535.24
44475.27
44014.08
36017.80
53386.97
38122.92
18379.89
72396.00
56759.85
12389.12
25984.56
21290.36
26812.32
29968.45
15174.38
5277.64
1010.10
48561.30
22448.66
13982.72
2362.56
8969.68
55528.20
20545.84
59565.92
26754.00
48075.12
51110.94
15406.20
3543.72
51306.00
13302.00
14919.96
42525.72
18271.98
77650.08
28692.09
71584.68
59806.40
20950.40
18680.60
18167.37
69023.50
66355.20
12783.70
3391.56
43126.80
20524.10
35781.44
56699.52
72158.36
10379.12
55920.06
57181.44
4841.10
52855.24
81656.57
36695.44
83301.40
3895.17
88341.61
72351.44
56499.50
30817.28
34532.52
33380.15
54909.50
51088.40
36135.04
42932.88
6757.32
54015.96
68826.66
72588.56
46255.30
14352.12
51265.35
31075.00
4348.62
4886.16
12243.20
22552.64
1286.38
47898.66
33868.88
43758.40
16133.16
79635.60
17258.20
10649.52
78832.80
52464.90
25247.56
41059.20
9249.87
52892.70
27839.52
51345.66
33388.92
67606.92
16065.44
32170.58
12132.80
22840.84
89085.12
48693.48
