34
24
38
50
38
4
50
11
9
5
25
41
10
43
34
12
32
38
35
16
5
19
1
10
27
11
27
39
7
1
21
44
44
1
32
17
48
18
36
36
43
44
40
16
18
7
39
25
11
19
3
12
32
11
20
44
34
36
11
50
4
20
14
24
22
6
47
36
42
13
39
1
50
18
21
34
5
23
13
27
13
36
10
46
7
47
22
18
42
48
47
25
3
17
25
5
43
37
28
44
26
29
12
40
1
4
25
1
35
30
34
17
14
19
21
23
38
47
12
13
28
37
50
34
37
43
25
20
18
2
19
43
44
36
47
8
45
39
25
13
41
10
33
7
2
14
25
40
7
29
31
30
19
24
40
36
21
33
6
48
8
25
10
22
23
2
26
27
25
22
48
14
49
37
31
49
2
14
47
1
27
44
48
38
32
15
33
13
29
49
42
28
36
43
21
36
27
19
32
35
32
12
20
37
14
3
37
44
43
4
22
17
46
22
35
32
7
17
36
43
27
20
37
47
8
36
23
21
20
36
15
8
35
31
44
10
3
2
27
44
38
8
45
38
12
30
48
18
49
16
15
25
6
20
16
43
19
34
22
42
49
4
39
33
27
44
7
2
8
21
29
50
49
31
8
35
38
26
23
26
21
43
18
48
46
38
16
23
26
44
13
48
13
36
18
46
16
18
34
3
40
41
1
34
12
21
20
48
27
28
18
12
37
12
28
36
3
36
43
9
7
18
46
41
48
47
8
40
30
32
19
12
6
14
1
9
2
16
31
4
7
11
38
31
17
31
13
4
39
5
31
5
41
50
24
42
12
45
48
29
8
3
21
39
13
21
43
2
22
24
27
8
30
12
2
7
46
6
14
40
26
34
48
20
45
22
5
47
43
6
21
49
7
17
39
40
26
38
43
37
15
4
2
42
32
40
33
44
12
42
24
23
40
22
30
11
24
45
38
26
47
11
20
18
44
48
41
38
49
30
8
4
23
40
44
12
30
35
18
1
34
24
48
8
17
17
12
27
41
33
38
31
17
24
48
6
48
39
2
26
1
49
20
18
28
48
16
1
45
33
24
22
20
36
20
24
18
11
49
15
8
25
16
38
32
21
42
10
33
25
45
42
42
41
1
14
5
15
47
49
13
45
22
4
40
12
27
38
38
44
36
6
1
36
47
15
42
16
14
15
26
13
3
3
39
20
29
22
37
5
20
40
11
44
12
34
28
5
13
28
38
41
2
36
43
2
25
12
28
17
12
30
3
9
33
16
28
6
44
40
7
40
23
39
3
4
26
36
33
8
16
45
42
25
25
16
11
20
26
12
1
33
12
34
32
32
11
35
25
26
27
11
41
38
36
29
10
38
18
26
6
35
46
41
46
45
14
39
26
49
7
17
33
10
41
37
30
43
14
46
4
23
38
3
32
46
36
13
35
34
28
25
27
14
11
4
48
36
1
13
14
16
27
12
1
6
13
28
43
29
44
30
9
5
2
32
41
49
18
11
4
49
32
23
26
23
13
33
7
34
40
40
19
49
46
25
22
29
31
6
4
48
15
19
42
3
24
40
40
28
6
12
38
7
31
14
29
7
23
5
44
18
39
43
41
23
47
29
36
45
38
39
40
8
13
48
35
49
45
5
23
38
8
47
50
33
24
32
8
27
24
38
44
31
45
36
49
49
6
25
8
4
49
7
13
45
28
31
25
43
15
3
12
38
5
13
34
19
10
24
8
46
3
29
36
38
8
13
14
3
32
5
27
45
15
30
4
1
20
15
18
19
48
23
42
49
7
12
25
35
34
34
41
22
33
46
47
40
47
6
39
44
1
26
34
43
14
9
5
15
10
29
12
10
46
18
16
24
11
40
20
20
39
30
35
25
21
1
16
6
9
13
15
17
30
2
43
35
22
33
34
41
34
34
39
24
19
49
38
38
11
38
14
20
7
12
2
6
24
5
11
31
21
42
47
22
5
3
46
49
8
31
5
29
38
4
2
47
5
48
25
3
26
28
50
37
38
10
38
26
10
11
10
46
3
44
44
14
38
6
47
12
45
2
15
47
42
48
3
1
24
18
50
6
28
42
33
46
21
31
28
9
26
37
9
43
50
12
4
44
19
49
28
5
22
41
2
9
39
9
40
19
46
40
34
22
8
23
17
48
44
1
22
46
23
27
47
20
49
25
28
40
15
20
1
36
18
12
36
42
41
12
36
19
28
26
33
21
47
8
9
17
39
43
39
31
35
37
37
30
19
29
39
47
11
13
50
36
6
20
