4883
3048
2559
7224
2564
4331
5214
6418
4284
9812
7411
1368
5039
1317
2702
6380
5500
219
1672
1306
4465
2476
1340
2530
2956
8228
7617
6319
1070
9092
4745
1713
9776
6666
3522
3698
7664
2622
2204
2063
132
6631
1062
2536
4709
3991
9496
5371
8719
9843
7811
771
9203
3290
1532
2221
9703
564
8958
672
418
5782
5273
1128
8760
6858
9451
7732
6070
1230
1865
8640
8657
2732
5025
3400
7603
6392
8271
9888
1063
2912
7627
9677
7573
3285
7802
5718
2947
3125
2365
7501
1343
6457
3841
6059
3984
2429
6559
6530
8237
5049
2204
2160
2800
7178
8152
1932
9722
4484
637
2638
5403
3931
3561
3523
8138
1238
1811
774
4741
649
2190
7224
5485
8402
200
5556
8232
4410
4082
3977
3848
1762
2491
5242
8547
6566
2599
5759
7765
101
10
5742
7481
3611
2550
4608
5140
6722
4427
1553
4894
9170
3476
1502
9020
6564
8221
8924
9534
1395
418
4221
6115
2979
4122
2351
8879
4991
7798
23
8053
897
2195
1271
9711
4639
3115
6133
7512
9412
5554
5367
3048
7566
1301
3529
5568
6251
1703
6042
3761
4850
2534
9709
8779
474
2984
5957
4650
7066
3158
528
253
5949
8747
2836
3420
5366
9154
6360
9867
1905
770
9196
958
1167
9787
8060
8596
7200
814
8428
3182
4028
4281
9075
514
929
6141
2927
5414
135
9349
4040
9725
6790
4459
9074
1281
9445
1174
584
2314
8145
7576
2394
7692
3728
562
9175
275
1852
4114
8961
7487
7454
2243
8395
8998
4296
2313
6617
7676
5979
4394
6522
1175
4636
3136
1257
5530
6574
6634
2663
5373
7919
531
9906
9554
1377
1079
8389
3684
7454
6866
2586
8362
5762
6119
9225
8139
8301
4837
9918
363
6358
7365
8625
7428
5353
9580
2442
8664
3204
2348
2798
717
7013
5424
7017
5795
4401
5345
6861
5205
7855
4227
5940
7479
2797
8828
1617
6893
6035
1324
5207
710
643
958
7503
1988
2849
5498
6368
4190
9880
2659
3721
5792
9597
8008
6367
7147
8157
4150
3342
333
3173
7322
7618
6825
9374
439
3751
1864
2923
6309
9071
893
2636
2577
9154
1238
5815
6571
3671
3044
4808
836
3111
9813
8133
7916
5115
7508
1157
5033
3499
2094
6335
9811
2095
9286
3281
2461
2728
3360
5817
593
52
6972
9243
4833
8334
7251
7014
9582
9399
9511
4410
1890
3270
4983
6886
1085
4007
4705
1152
8918
4230
4253
3763
1466
4257
8662
2882
199
8837
1726
2616
4739
4585
7901
6956
4921
5976
16
8801
4526
4814
5174
1428
9037
8747
7670
3063
6727
3662
2630
5985
4663
4973
9359
8629
4450
6529
6113
8069
9924
9139
7384
9084
7551
5856
2866
2105
9659
5176
489
1263
2623
859
9956
6959
17
7696
240
3341
1523
611
1994
7374
9501
1592
2909
5000
2584
8145
297
4005
9410
2645
8561
8303
8276
3438
8996
5272
2318
9616
645
2071
7321
5103
4748
2818
8374
1849
4799
2258
123
3348
9028
8000
3562
4036
2848
2616
5682
1165
3123
7034
6242
1826
3199
2866
9503
3345
6406
9320
9832
8928
105
4804
2469
4246
8027
7436
8684
7802
2903
3939
5358
265
2916
5301
1793
2327
9422
3346
9001
1531
7587
1643
7163
1198
4985
494
8024
9269
9077
2280
1543
6835
1462
5070
6236
3123
2546
858
141
5933
5521
8346
857
3212
6086
4083
6866
2686
7307
9956
9575
2354
9750
8776
4388
4602
694
4432
1552
8617
6878
5527
1085
4232
8109
6182
5899
6459
1887
9956
7732
5022
8992
1369
5977
2124
7395
5435
5997
8867
8167
8167
5808
6554
4014
6667
3365
910
3831
5114
3709
3691
4195
2825
4037
3540
6590
5264
7336
2915
3072
2241
5635
2863
1314
6245
8204
4742
5308
4876
3199
9325
1766
4840
4444
6425
9886
1026
8558
5424
7256
9923
8073
9528
6582
99
2872
4054
349
6784
4703
803
7167
5639
4379
7536
9284
9072
7994
8979
7949
4900
8534
3823
6038
5645
5016
1701
8704
563
1250
3351
7441
2751
6900
5390
9947
8388
7976
2282
2239
5140
2630
8223
8218
9670
7189
5905
4553
46
9243
5044
9272
9466
2611
2715
6172
2294
8028
518
4343
1950
9318
4386
1862
9980
8244
7314
603
7922
2559
9144
7690
7172
2062
840
6086
8625
6358
6203
9619
2452
9687
1420
2965
4298
1141
1892
6800
1013
9212
3354
9358
3931
2236
2290
4642
711
7717
5035
1184
6798
8129
3928
2637
1340
1041
5540
7243
6657
3029
1592
7049
27
2133
2972
2804
4622
4036
2537
7763
9129
5980
5360
6788
468
1521
1133
1019
5466
3498
4409
9446
4920
4702
8418
8327
1668
3985
416
938
2463
8454
4468
8069
4506
4631
9998
1875
4785
986
9171
4606
3927
4562
3721
3128
5980
9971
1127
7326
3774
9930
2616
7182
5643
8070
7096
4499
1106
8612
5305
9994
7564
8177
6815
7566
5737
9939
4249
4523
2195
7163
9252
5674
6972
7902
2835
4387
1131
5967
2300
1703
3143
92
6967
1353
6090
6429
40
243
123
4824
5961
2074
3796
7150
7645
5584
5163
8534
1247
9074
6573
8721
3712
5687
1151
1568
7362
7781
5108
8359
9493
456
7525
6518
6012
9966
255
9279
5873
3698
8597
6443
3650
6507
4102
8217
1589
4533
1891
7315
67
1085
4482
6479
5962
1910
6181
2647
3630
9924
7893
3937
7248
2179
1908
8713
8640
8020
8729
4771
5857
267
2417
9101
718
4822
5842
1280
4217
4946
2565
7360
8162
7428
2746
6805
9862
6120
3759
7336
3278
5110
3714
8779
764
9959
5404
1033
4493
7473
7567
6372
6789
8170
3304
7247
4867
5663
2395
431
2289
7706
528
1997
1364
1909
2396
3899
9567
7754
285
7662
4852
198
602
7222
9879
6220
6268
1737
1748
2458
9685
2237
4508
3546
3725
2322
5120
6380
4264
8564
9458
8436
909
1824
283
4847
9839
5066
7803
8413
5354
3643
216
9945
5972
7097
7330
9607
9084
8947
9566
