137504
137504
137505
137505
137506
137507
137507
137507
137507
137507
137507
137507
137508
137508
137509
137509
137509
137509
137509
137509
137510
137510
137510
137510
137510
137511
137511
137511
137511
137536
137536
137536
137537
137538
137538
137539
137540
137540
137540
137540
137541
137541
137541
137541
137541
137542
137542
137542
137542
137542
137543
137543
137543
137543
137543
137543
137568
137568
137568
137569
137570
137570
137571
137571
137571
137571
137572
137572
137572
137572
137573
137573
137573
137573
137573
137573
137574
137574
137574
137574
137574
137574
137575
137575
137575
137575
137575
137575
137600
137600
137601
137601
137601
137602
137602
137602
137603
137603
137603
137604
137604
137605
137605
137605
137605
137605
137606
137606
137606
137607
137607
137607
137607
137607
137632
137632
137633
137633
137634
137634
137634
137634
137634
137634
137635
137635
137635
137635
137636
137636
137636
137636
137637
137637
137637
137637
137637
137638
137638
137638
137639
137639
137639
137639
137664
137665
137665
137666
137666
137667
137667
137667
137667
137667
137668
137668
137668
137668
137668
137669
137669
137669
137670
137670
137670
137670
137670
137671
137671
137671
137696
137696
137697
137697
137697
137697
137697
137697
137698
137698
137698
137698
137699
137700
137700
137700
137700
137700
137701
137701
137701
137701
137701
137702
137702
137702
137702
137703
137703
137703
137728
137728
137728
137729
137729
137730
137730
137730
137730
137731
137731
137731
137731
137732
137732
137733
137733
137733
137733
137733
137733
137733
137734
137734
137735
137760
137760
137760
137760
137760
137760
137761
137761
137761
137761
137761
137762
137762
137762
137762
137762
137763
137763
137763
137763
137763
137763
137763
137764
137764
137764
137765
137765
137765
137766
137766
137766
137766
137766
137766
137767
137767
137767
137767
137767
137792
137792
137792
137792
137793
137793
137793
137793
137793
137793
137794
137794
137794
137795
137795
137795
137796
137796
137796
137796
137797
137797
137798
137798
137798
137798
137798
137798
137799
137799
137799
137824
137825
137825
137825
137825
137825
137825
137825
137826
137826
137826
137827
137828
137828
137828
137828
137828
137828
137828
137829
137829
137829
137830
137830
137830
137830
137830
137830
137830
137831
137831
137831
137856
137856
137857
137857
137857
137857
137857
137857
137857
137858
137858
137859
137860
137860
137860
137860
137860
137860
137860
137861
137862
137862
137862
137862
137862
137863
137863
137863
137888
137888
137888
137888
137888
137888
137889
137890
137890
137890
137890
137890
137891
137891
137891
137891
137891
137891
137891
137892
137892
137892
137892
137892
137892
137893
137893
137893
137893
137894
137895
137895
137895
137920
137920
137920
137920
137920
137921
137921
137922
137922
137922
137922
137923
137923
137923
137923
137923
137924
137924
137925
137925
137926
137926
137926
137926
137926
137927
137927
137952
137952
137953
137953
137953
137954
137954
137955
137955
137955
137956
137956
137956
137956
137956
137956
137956
137957
137957
137958
137958
137958
137958
137959
137959
137959
137959
137984
137984
137984
137984
137984
137984
137984
137985
137986
137986
137986
137986
137987
137987
137987
137988
137988
137988
137988
137988
137988
137988
137989
137989
137989
137989
137989
137989
137990
137990
137990
137990
137990
137991
137991
137991
137991
137991
138016
138016
138016
138016
138017
138017
138018
138018
138018
138018
138018
138019
138019
138019
138019
138019
138020
138020
138020
138020
138021
138021
138021
138021
138021
138021
138021
138022
138023
138023
138023
138023
138023
138048
138048
138048
138048
138048
138048
138048
138049
138049
138049
138050
138050
138051
138051
138051
138052
138052
138053
138053
138053
138053
138054
138054
138055
138055
138055
138055
138055
138080
138080
138080
138081
138081
138081
138081
138081
138081
138081
138082
138082
138082
138082
138083
138083
138083
138083
138084
138084
138084
138084
138084
138085
138085
138085
138086
138086
138086
138086
138086
138086
138086
138087
138112
138112
138112
138112
138112
138113
138113
138113
138113
138113
138113
138113
138114
138114
138114
138114
138115
138115
138115
138115
138116
138116
138116
138116
138116
138117
138117
138117
138117
138117
138118
138119
138119
138119
138144
138145
138145
138145
138145
138146
138147
138147
138148
138148
138148
138148
138148
138148
138149
138149
138149
138150
138150
138150
138151
138151
138151
138151
138151
138176
138176
138176
138176
138176
138177
138178
138179
138179
138179
138179
138180
138180
138180
138180
138180
138180
138180
138181
138181
138181
138181
138181
138182
138182
138182
138182
138183
138183
138208
138208
138208
138208
138208
138208
138208
138209
138209
138209
138209
138210
138211
138211
138211
138211
138211
138211
138211
138212
138212
138213
138214
138214
138214
138215
138215
138215
138215
138215
138240
138240
138240
138241
138241
138241
138242
138242
138242
138243
138243
138243
138243
138243
138244
138245
138245
138245
138245
138245
138246
138246
138247
138247
138247
138247
138272
138273
138274
138274
138274
138275
138275
138275
138275
138276
138276
138276
138276
138276
138277
138277
138277
138277
138277
138277
138278
138278
138278
138278
138278
138279
138304
138304
138304
138305
138305
138305
138305
138305
138305
138305
138306
138306
138307
138307
138307
138307
138307
138307
138308
138308
138308
138308
138308
138308
138308
138309
138310
138310
138310
138310
138310
138310
138310
138311
138311
138336
138336
138336
138336
138337
138338
138338
138338
138338
138338
138339
138340
138340
138340
138340
138340
138340
138340
138341
138341
138341
138341
138341
138341
138342
138342
138342
138342
138343
138343
138343
138368
138368
138368
138369
138369
138370
138370
138370
138370
138371
138371
138371
138371
138371
138371
138371
138372
138372
138372
138372
138373
138373
138373
138373
138373
138374
138374
138374
138374
138375
138375
138375
138375
138375
138400
138400
138401
138401
138402
138402
138402
138402
138402
138402
138403
138404
138404
138404
138405
138405
138405
138405
138405
138406
138406
138407
138407
138407
138432
138432
138432
138432
138432
138432
138433
138433
138433
138433
138433
138434
138434
138435
138435
138435
138435
138435
138435
138435
138436
138436
138436
138436
138436
138437
138437
138437
138437
138437
138438
138438
138438
138438
138438
138438
138439
138439
138439
138439
138464
138464
138464
138464
138465
138465
138465
138465
138466
138466
138466
138466
138467
138467
138468
138468
138468
138469
138469
138469
138469
138469
138470
138470
138470
138470
138470
138470
138470
138471
138471
138471
138496
138496
138497
138497
138497
138497
138497
138498
138498
138498
138498
138498
138498
138498
138499
138500
138500
138500
138500
138500
138500
138500
138501
138502
138502
138502
138502
138503
138503
138528
138528
138528
138528
138528
138529
138529
138529
138529
138529
138530
138530
138530
138531
138531
138531
138531
138532
138533
138533
138533
138533
138533
138533
138533
138534
138534
138535
138535
