15
10
3
37
49
34
28
13
49
36
23
25
36
6
43
20
2
13
22
10
2
39
8
26
27
39
22
45
17
15
28
27
7
44
37
29
11
21
20
7
19
24
5
44
25
16
7
45
26
37
50
13
8
26
11
16
1
26
36
7
2
26
41
50
35
38
42
30
11
5
3
47
35
23
1
5
28
40
48
1
28
2
7
37
34
9
33
24
13
28
40
37
10
49
21
22
10
42
27
10
29
47
50
37
8
29
25
40
15
24
38
10
39
38
1
13
35
25
33
43
1
4
24
26
29
44
7
14
35
38
29
7
23
25
6
15
50
25
43
45
26
5
31
50
5
35
18
50
4
39
23
12
49
15
21
29
42
49
42
20
16
4
8
46
14
5
23
39
7
11
27
4
7
3
8
28
12
28
11
20
27
29
15
40
2
9
41
23
32
22
32
29
8
48
18
45
16
41
44
1
6
4
25
36
3
36
25
43
12
3
41
13
7
12
12
26
28
45
37
26
49
20
30
49
15
37
36
37
7
1
13
27
19
11
26
14
13
22
23
19
6
47
35
12
46
17
6
13
5
24
9
19
33
37
2
38
13
4
43
14
10
19
19
47
1
18
40
43
30
21
49
4
39
1
9
12
45
4
39
33
49
48
11
37
14
41
35
10
30
10
21
26
9
28
18
48
5
39
11
27
15
25
19
32
46
15
33
15
40
7
8
34
7
26
35
36
24
26
31
21
12
15
29
49
37
31
29
48
13
6
30
45
45
34
23
28
9
21
10
13
41
40
2
1
45
21
32
25
22
5
3
26
39
19
17
34
18
11
12
9
29
13
50
24
6
40
15
33
47
12
18
29
43
11
31
38
5
14
19
29
7
11
20
41
42
26
23
36
17
15
18
37
22
25
9
26
37
20
46
30
37
20
2
11
11
18
49
6
39
4
25
3
46
5
5
14
37
34
15
50
8
47
42
34
34
6
35
42
12
24
48
7
17
24
39
31
19
6
9
8
23
41
36
26
6
50
32
5
30
18
15
18
30
50
33
12
23
20
31
8
42
32
41
49
33
21
33
42
22
9
10
7
4
50
46
30
28
37
15
38
4
25
33
39
16
20
43
1
29
5
38
14
46
17
11
37
31
27
11
24
36
8
27
3
50
29
32
5
17
50
44
3
32
27
36
28
13
42
21
11
7
38
35
25
6
27
44
8
37
12
18
21
46
34
6
42
42
9
3
3
36
46
5
16
43
30
25
7
47
6
18
48
10
24
41
10
5
17
16
11
7
30
41
50
25
6
6
42
14
42
39
12
39
10
14
48
20
48
8
25
30
6
50
14
4
1
29
15
37
19
15
23
47
18
39
25
21
35
23
20
14
2
37
39
34
48
47
14
47
33
43
35
15
21
44
21
17
2
11
35
3
8
20
40
2
45
24
43
22
34
7
49
1
10
42
25
38
21
46
30
5
19
25
46
24
38
41
48
30
10
35
9
40
4
1
30
20
31
41
6
29
48
24
2
6
19
8
25
42
9
25
38
24
41
10
41
21
4
11
5
12
46
8
13
19
21
43
6
24
27
49
19
44
6
22
19
37
15
50
17
38
49
47
2
26
19
38
46
28
34
28
36
35
48
1
23
44
34
31
12
41
15
9
40
43
36
7
50
23
37
41
50
36
41
9
25
16
41
16
29
38
22
9
13
38
4
43
49
38
3
44
33
37
37
49
37
12
13
15
39
7
24
49
35
47
22
43
16
44
13
3
2
20
3
27
36
32
12
1
32
1
24
50
40
9
5
8
45
35
29
4
6
4
42
36
3
23
34
47
37
44
34
25
32
11
28
8
17
16
21
43
8
42
45
40
43
39
7
23
33
4
9
14
6
46
43
47
48
37
4
24
7
38
33
40
11
45
14
12
11
49
14
6
36
38
9
36
9
9
17
23
10
47
20
22
14
36
42
15
40
8
41
33
18
36
5
21
11
12
9
7
31
23
38
2
41
37
26
48
48
27
38
49
9
4
48
50
41
13
36
5
26
43
24
43
45
16
10
45
18
15
48
35
37
14
43
49
3
18
6
40
43
24
31
6
50
14
9
21
27
13
9
23
11
49
25
50
7
47
40
31
17
15
21
50
35
40
17
24
29
10
13
29
3
15
6
7
6
25
35
31
1
11
12
29
13
49
32
2
41
16
11
8
16
39
11
16
50
31
9
29
4
38
31
44
29
46
15
45
35
33
50
20
30
42
2
12
10
14
7
36
19
8
27
26
9
47
46
39
49
