22343.94
9908.50
87311.63
16937.90
40154.32
18367.36
46398.90
48067.20
18400.36
10432.98
12503.40
83437.20
20982.40
26428.40
1870.96
58125.56
41373.36
22296.48
14458.40
42571.80
68123.00
36213.81
7087.55
46146.36
68427.45
2190.36
38602.40
10802.61
20140.05
54568.88
14541.30
54265.28
4940.40
8589.05
53314.11
1702.79
54306.72
11028.12
54705.96
43749.40
58909.76
58093.56
17920.55
82136.50
6362.72
49829.04
19877.44
19377.54
18932.32
18655.68
6086.55
77060.34
54658.80
47199.50
10388.25
14009.76
12293.20
32143.82
9309.84
38215.50
1263.36
49048.20
82477.48
48945.62
49486.47
33408.42
12445.20
44056.44
27068.48
9910.80
24218.40
31407.12
34105.06
54752.63
47089.84
15008.95
2296.48
36039.24
12523.40
28560.24
7598.05
7970.52
42926.08
34747.50
18019.52
41267.85
68356.24
6451.02
59033.04
13951.08
974.06
84639.50
64059.64
33523.65
6799.38
7442.90
76785.12
17508.48
38260.88
21131.80
9369.01
13138.72
88217.59
60860.25
31598.06
16469.64
32505.20
53565.33
41592.54
80995.05
1870.96
22266.20
29423.94
2406.58
1279.37
5611.05
73557.20
20902.35
8612.24
7056.70
47145.84
26452.80
72617.54
4620.10
29401.46
10868.88
64147.60
52585.33
12988.17
9214.65
13806.56
9299.75
40272.90
7081.62
74622.72
12997.76
48646.26
35270.08
58473.54
51144.46
17152.33
34636.60
11835.46
53253.20
47286.70
44070.30
34206.90
14038.80
20523.23
53608.00
44672.95
6024.54
32134.80
18364.80
24530.88
20180.85
46456.29
59833.64
34236.48
62617.00
45369.20
33609.27
6949.50
25857.15
17248.20
41324.48
39040.18
37191.36
19537.08
35613.00
33367.62
55994.07
8433.27
70914.80
41420.47
28652.58
10937.52
40924.80
38010.00
26560.08
44467.59
50421.12
66293.50
31285.32
42736.98
52314.90
57554.52
50814.90
28296.03
53941.38
65094.30
13926.64
41056.47
42633.08
57216.06
5670.04
20251.76
55174.68
23657.12
33813.18
35534.28
7960.72
8624.10
28218.51
15395.64
64955.80
22272.48
1714.81
10262.07
52946.76
32266.56
84218.83
25885.16
1878.97
24999.52
49011.84
10311.20
12053.00
4769.12
21728.10
9073.76
6276.84
8016.72
21091.23
11295.97
53967.55
43704.90
15486.40
17208.90
28029.51
37189.02
16061.36
28140.90
37140.25
9859.50
42594.62
58371.60
28561.50
71980.02
9294.75
8272.96
65709.20
10041.71
50505.00
51633.45
34497.33
40324.24
68974.85
69571.32
36184.75
23785.74
22179.15
13504.40
65988.66
1023.12
29494.51
46662.31
39452.35
34906.96
9607.22
85065.30
45047.25
53034.80
37167.12
68801.04
62153.91
40523.52
18003.36
6835.38
24475.68
41805.60
30191.67
73133.28
39481.26
17882.92
42249.39
68327.64
30432.20
38289.48
74834.76
32122.32
12820.68
44358.98
85145.28
10931.90
37064.00
40867.40
68392.00
36746.64
40131.09
4641.00
52616.70
56669.40
8694.15
13865.67
26888.39
47812.32
36580.72
61945.10
22097.27
45122.35
49739.34
4988.25
31431.98
12082.90
35962.36
72748.80
73447.74
57530.90
1393.49
13226.04
12388.14
55113.45
3451.64
3970.26
13209.30
2544.74
7574.10
28091.70
16154.16
32323.20
33636.75
31473.84
34061.50
52536.33
76440.96
25894.35
79709.28
65086.40
3450.72
87307.54
41894.28
55532.45
47571.84
11102.00
50645.63
80868.96
60287.04
55868.67
62003.12
49704.50
32109.84
59746.19
34705.26
16607.85
20325.76
11397.24
16814.82
4685.04
37856.31
44388.27
59324.56
37140.60
3147.42
15933.94
32821.36
3099.36
46375.98
46145.88
19401.40
29280.96
20547.56
12403.30
94048.50
40362.84
7049.70
48103.75
36705.15
66818.30
5916.35
46498.92
39582.30
69241.44
44112.25
4456.80
66247.09
5934.28
30909.48
58843.78
1247.34
48263.34
18518.63
32812.38
18664.95
24668.46
1248.34
51278.72
69817.89
39794.58
46354.62
48484.80
65168.88
29090.80
46128.90
5978.32
66554.84
7599.96
6951.32
19172.44
56019.60
57953.91
30104.62
8689.10
42895.00
60504.00
48572.00
13950.64
53162.19
36929.90
12805.91
41420.48
24007.34
21597.69
54804.75
994.09
39233.40
38390.75
3181.36
19236.21
19213.91
10560.55
9271.08
13262.28
5363.64
18031.08
54491.46
45263.52
53517.64
7432.90
45622.75
28255.50
47290.80
16797.70
41067.15
24185.60
38602.40
51756.35
25829.55
25316.55
27088.80
29577.11
17638.60
61224.80
5621.88
30320.40
20361.96
30802.30
69868.80
27869.28
7069.62
11852.64
69261.50
83388.20
43866.90
3159.34
14495.40
63451.50
52211.08
69574.00
59909.94
44777.95
60217.84
55983.45
43354.44
39532.63
41540.84
66219.72
46669.95
61301.10
6727.20
46447.50
20415.45
14036.85
51910.60
40596.93
81867.24
24504.74
22110.27
8307.09
29350.90
15929.04
53232.44
31763.44
20055.78
86524.18
25064.64
60815.50
20453.92
42816.20
60522.50
14235.60
39248.16
19154.70
11163.92
24174.84
22331.40
44707.32
7235.60
41264.28
20307.56
65588.03
10771.52
51035.65
15720.90
83337.50
47374.75
32441.73
37597.00
23515.70
35130.13
54596.09
49854.91
2730.00
1715.80
67023.93
26522.86
59596.56
37816.08
67464.00
3357.63
80722.64
31129.35
7583.00
28621.20
9423.96
50129.28
4204.47
2965.16
1881.97
31858.63
43871.00
8333.80
8577.36
51944.12
15246.20
58813.50
10563.28
5425.76
51621.10
25563.84
21843.60
46024.44
15929.51
70351.71
27491.44
22031.16
48608.10
2943.21
34636.75
14575.82
41204.94
40374.09
34898.15
52576.00
42605.44
20421.93
1741.83
41940.15
33846.11
92647.00
9796.43
27709.12
67071.50
27918.00
60664.40
12797.52
29420.24
8569.05
44184.98
15174.38
64976.56
11672.60
69024.54
27669.60
38117.60
16561.49
40573.20
28758.96
11408.43
27755.00
40963.71
3060.33
45798.25
4300.59
18539.50
13720.98
14255.20
55712.28
72632.56
74357.60
7099.62
13878.64
32563.44
52304.28
29379.24
40612.44
73650.83
29551.04
2923.10
47436.75
6312.84
69835.92
67423.98
15553.12
45766.98
49604.00
35795.28
73332.42
14695.44
79090.19
14641.05
15868.92
19368.58
23566.62
44664.40
51206.00
64034.04
60504.40
79900.04
60876.86
7558.00
55996.26
42111.51
46647.04
13562.64
37769.82
40122.90
13854.70
28701.40
35678.61
73469.76
17518.19
8398.85
39743.34
62076.15
16978.40
36758.60
6018.54
5597.96
54537.30
2118.30
48214.44
37375.78
45095.28
52777.39
31021.87
20602.05
60515.00
8154.00
21989.24
43126.80
59891.70
38041.42
63423.68
28556.09
3573.84
1331.42
42021.21
7988.45
34936.80
27332.07
40764.68
41868.80
36793.78
16593.92
13995.96
1521.61
74418.12
48211.45
23485.53
41162.22
59564.00
47616.75
4910.19
63108.50
32257.27
50542.92
24455.76
30326.04
54729.80
67366.38
44368.00
10725.77
37540.00
46697.64
66262.14
22893.78
9333.90
36080.81
2112.30
67228.98
13272.56
53496.64
33640.58
28542.24
27870.60
31641.84
61910.94
17497.08
7199.56
34712.00
10833.48
19292.35
36279.00
44688.40
20501.92
17022.20
60703.36
59678.72
11562.18
47652.25
48364.36
39242.24
3204.48
42561.72
38664.23
23461.20
14316.12
69764.06
25690.08
39161.52
24535.95
46867.98
16982.82
6534.92
49840.11
40062.92
4857.20
57705.90
72351.93
65789.20
61412.13
51589.44
22072.63
30656.88
40602.90
52850.70
37109.16
11243.82
18596.34
10061.00
26835.38
39498.84
40411.03
61616.00
20855.89
37713.69
51622.12
29973.90
24344.25
57778.04
52085.17
31189.10
30056.40
3669.93
39312.00
37271.52
9309.75
25296.60
38320.89
20469.92
16695.36
31747.65
31144.00
6610.96
32626.44
14302.47
24726.41
45498.35
3787.98
20476.26
40482.72
20021.44
35911.14
45687.51
46514.88
19281.24
15867.83
26783.12
14557.62
30434.94
12129.39
48759.81
23876.99
3093.36
51139.00
33419.76
43137.36
43726.20
38201.76
24468.40
66289.65
28125.60
78335.81
26680.29
42872.92
16627.60
40278.84
6510.14
11408.04
26668.05
81355.14
25436.85
48394.08
32063.36
16882.40
91496.00
23362.64
50137.58
60694.50
46129.72
52675.20
52416.32
19929.84
94048.50
83255.40
46527.64
25380.60
25842.15
43586.55
62076.15
6537.00
62730.36
12963.90
59913.46
17776.85
12950.04
21459.62
80494.28
70225.00
43447.20
8709.15
43469.54
29118.90
1099.19
55762.74
30444.96
14691.84
61255.74
7676.22
34114.37
51414.40
36056.61
49516.56
82794.94
45359.22
24878.60
82259.73
74013.30
6573.21
72632.56
41729.80
42299.82
68973.50
9069.50
84283.65
50169.04
79655.13
38885.34
49549.82
23642.27
56130.06
10083.78
15737.10
56087.64
12142.39
78323.04
70782.46
22774.08
39014.91
2274.46
66950.30
76068.08
41165.79
53097.12
29291.64
4270.56
41543.01
65789.60
31970.88
49262.15
48557.11
18804.32
38435.04
15526.95
43197.82
79159.99
36368.22
10384.92
56129.50
4540.80
46521.58
41484.45
47395.48
6982.45
28266.75
4736.01
66113.96
19403.54
17112.34
55235.40
56781.31
74985.72
40644.10
64292.64
46712.40
25983.93
19911.19
36286.41
26103.25
38915.00
61565.19
65299.88
41973.16
29907.25
37732.23
79463.16
18090.55
30393.00
47370.40
36102.64
61945.60
84077.36
70766.82
9663.29
18229.20
16121.16
10032.11
26236.32
24362.40
75190.72
13555.52
35317.17
47348.88
68872.67
33317.10
16658.46
73209.55
9384.80
28427.31
49462.20
78742.80
6241.65
10258.85
19524.96
1826.92
10012.56
38911.74
39588.90
35843.94
16436.68
52108.32
82947.95
30793.49
78082.50
31135.87
62688.78
35938.25
52302.88
39689.86
10420.06
40794.96
57588.52
64028.06
26722.26
4027.29
61966.50
81413.56
3261.46
47975.49
12428.65
30495.96
30897.12
17618.59
73513.44
31150.64
50919.65
8969.59
10253.07
58009.05
43643.46
61355.25
31468.41
11784.60
6351.80
49503.74
45937.92
40030.38
50067.04
67579.98
19468.46
25705.08
78156.90
36453.78
29334.96
1063.16
27240.00
46514.60
3411.69
11207.76
