62488.70
33524.12
56297.67
17937.92
22231.68
35277.00
59210.64
55078.45
28830.62
3880.14
40384.32
42268.80
60923.32
20734.67
19507.67
60949.37
10083.71
52631.49
45184.50
43453.80
45654.00
40503.52
49156.20
28344.14
70937.49
45447.84
30755.55
17425.59
44728.40
28668.24
3288.57
45289.20
47201.52
20279.56
46874.00
76017.98
14094.21
9530.15
55978.80
30816.48
20013.84
31144.00
68322.24
14577.39
45649.36
32579.52
65429.20
31225.88
11940.60
2226.40
74903.31
36753.44
10547.28
52559.33
18195.68
23424.75
51286.08
3729.92
14585.50
63780.97
19452.72
17731.26
38312.48
35112.03
26571.86
45258.18
63562.95
21436.69
46206.16
13254.10
1880.97
44544.96
29699.55
82900.95
20106.32
18141.72
35040.48
14825.80
8120.80
19127.13
77571.48
54430.88
64896.58
15876.80
33299.64
5185.65
9434.85
3156.42
55765.59
10411.12
14915.90
1413.51
25091.56
64471.68
37264.32
5057.31
24308.03
17406.62
18373.60
76738.31
18554.58
30272.40
57937.76
18639.60
49577.85
63277.51
7938.40
60880.68
11788.48
82586.24
16578.08
4757.12
11882.80
37647.84
23433.99
21108.23
64308.64
19154.70
78901.56
8579.05
71267.24
28668.24
34556.40
17425.08
31393.20
74068.89
61490.13
20447.23
69961.92
13146.42
44527.36
51770.32
86064.16
46845.05
31405.44
6650.28
25722.00
33322.38
29678.74
62190.45
52795.50
18037.03
33947.64
10758.77
20333.04
2716.90
42717.08
8288.88
9522.24
11884.53
77031.00
4957.32
60094.35
49135.80
53119.19
41988.52
12973.90
42077.51
23473.68
14567.28
5069.34
28397.92
16006.90
39279.17
31440.06
66716.97
70781.97
37441.95
40395.20
1870.96
82487.00
43882.02
14139.18
20844.78
3085.28
50366.01
55597.74
37392.00
28884.60
69873.20
28015.74
25066.80
61973.01
2404.58
27313.65
29767.32
81130.05
32492.34
80120.04
64572.64
71751.68
22794.64
36372.27
7968.40
1444.54
71795.68
64723.68
25927.80
68031.60
53046.00
47931.10
73585.74
65893.96
71175.50
41228.28
10378.92
5550.12
40579.92
44840.84
48495.48
9971.64
49507.50
20822.78
66771.50
25689.51
26142.60
4108.44
6156.66
80544.60
38543.23
75420.90
29538.35
24232.78
45782.10
83382.30
18879.70
12821.52
47245.68
33916.68
20129.12
18202.25
3892.17
38139.92
8226.82
2480.66
39587.86
9730.32
28974.60
35878.36
22508.85
49661.43
6030.40
17646.84
75637.38
20722.32
74318.00
34651.26
22359.84
18527.88
91151.52
3725.90
43761.90
13222.79
41654.40
22888.48
22264.00
51679.08
76216.95
63964.60
60479.36
19611.00
50077.28
66777.52
10162.88
15546.40
10944.00
39553.58
13934.80
3788.16
9376.01
61297.36
41315.96
5240.49
48394.08
52120.38
27949.44
29406.50
35013.76
36739.17
28344.94
22824.16
49654.00
50708.79
33892.80
29657.00
24806.10
2036.22
43670.20
76760.55
64100.54
28283.92
32457.09
74812.69
1597.69
26988.48
13958.64
28784.80
14165.00
39405.86
2845.02
57862.00
57898.23
55077.90
31210.64
4680.10
26655.86
42164.72
28037.70
11165.70
1504.60
19184.28
18259.65
16427.70
25307.00
35430.40
13962.96
1689.78
92167.53
4148.52
24182.67
17255.26
29750.24
20391.75
47462.76
4660.10
39011.70
33063.19
41924.16
14960.48
1543.64
31493.44
15104.64
42817.00
20514.56
11793.39
1311.40
82939.12
14727.72
31073.92
8342.88
68907.54
55578.24
17588.90
47050.80
19490.46
69608.98
67892.76
62766.50
16883.73
28927.64
39842.00
6384.96
42813.12
63658.24
11328.48
51154.25
66986.10
55790.28
72940.56
7593.05
22140.63
3615.90
28850.60
54868.80
40446.90
28784.80
37818.69
59595.90
17462.76
32815.65
54521.60
31105.92
75179.50
78008.25
45132.28
44647.00
62226.00
26782.56
931.03
70488.10
58911.36
25190.82
32060.00
52465.20
71421.44
24105.44
44462.60
1092.18
6194.56
64848.88
17731.26
40003.66
12451.32
49012.20
35874.75
53355.12
35245.44
59390.14
18799.70
26398.08
13474.40
2116.28
4366.62
48563.52
16286.85
33861.25
6072.60
16685.46
38216.96
43336.80
30139.20
24251.50
60345.58
51929.13
60600.86
24346.03
32899.36
48921.60
22063.94
43539.19
45700.50
26037.30
68784.66
11212.10
24966.80
31533.39
39213.72
26956.62
62752.05
39431.43
38484.81
45600.20
33670.37
30071.80
25857.06
52977.82
63336.60
52485.65
40672.21
7211.56
1796.89
4027.32
5564.85
78090.32
22247.68
38963.34
30888.49
20524.14
3465.64
67516.91
16308.27
66152.50
36003.22
31113.36
15136.64
52868.16
47652.00
47410.80
76766.34
64619.50
19064.16
940.04
59751.00
26230.16
17035.20
36817.56
51652.86
33497.42
32648.73
9658.40
51961.76
23919.09
18660.00
74959.20
56003.40
48335.75
1699.79
18869.70
43269.60
15571.95
49192.92
92216.53
70625.10
24226.00
50901.76
31474.58
57600.55
42598.08
24931.52
47921.22
5531.00
39665.76
14524.51
40083.60
46425.64
5838.36
41311.08
50294.00
24231.48
51105.50
3735.99
15856.92
26054.54
51770.32
28834.59
61580.70
61625.70
35890.62
33190.74
52354.77
63329.83
4772.04
48226.08
70508.39
43197.82
54350.80
49655.76
27329.64
22794.15
44949.06
80752.71
12613.36
18942.00
29533.14
31617.39
54408.42
78478.72
2925.21
20745.72
19640.76
26773.05
68027.82
5290.75
19312.41
12140.88
28998.60
27980.42
18389.30
23124.45
33531.30
55498.80
46533.31
32097.36
47306.16
26837.04
12076.80
35194.42
15280.44
51762.56
26208.16
44884.84
30080.96
41355.45
30683.00
44291.52
8781.30
69346.53
65587.29
41196.16
35797.60
51654.30
60614.05
52863.44
7382.85
16243.50
18920.16
13774.70
15756.70
78369.90
46609.20
41393.75
48806.06
2754.94
13490.64
63670.11
47954.88
78874.74
38556.42
15334.00
52044.60
45300.60
24916.79
90911.52
7708.15
30497.04
93001.51
20338.34
3419.60
84283.20
28790.60
68014.22
16715.71
47436.92
16627.19
57495.55
24676.75
4384.76
51920.76
18091.20
88488.61
76532.96
17955.57
24289.03
11063.88
32315.10
30892.60
40369.68
13406.22
60629.17
8160.88
48415.64
25508.00
11852.56
42210.66
50689.12
48244.80
69744.26
30723.60
8037.68
37590.00
66369.81
11207.76
17614.05
14694.48
45552.96
67107.95
31894.50
1894.99
30280.06
1797.89
51267.94
44929.44
47664.92
7372.80
50552.32
82322.24
7256.00
10847.48
38204.88
5786.16
1027.12
51849.10
48953.50
32941.86
30583.02
7045.56
1420.51
1972.16
79139.52
4332.68
40732.20
19551.42
2530.70
39803.05
11092.76
50894.53
67635.06
55218.10
6061.55
38036.02
14265.20
62761.62
29935.36
37914.60
45113.02
4871.16
8303.75
41040.45
40281.09
22279.40
21847.76
50453.20
69855.39
65949.60
25245.54
6316.75
15063.84
57166.20
37737.04
49342.08
33489.18
71796.27
65941.92
5690.04
40671.12
15654.94
40280.24
16207.20
34602.54
48203.00
60193.35
47669.49
36039.24
50689.12
10923.99
36543.96
25110.54
46753.28
77661.90
61294.74
6493.08
49186.77
73868.49
32165.10
1306.39
46710.30
52465.20
40506.72
38729.54
63576.24
52669.87
49093.77
43056.36
38299.77
55390.68
28450.80
19044.48
52301.70
48099.48
32609.75
50793.21
19401.20
44522.10
45119.28
25715.36
2790.06
29294.88
42851.90
42245.55
67919.72
21286.72
32534.40
78149.25
13092.17
60651.58
55330.80
18211.68
15812.72
4465.74
45577.56
30661.02
3017.20
38802.56
2921.10
3603.90
4913.19
39462.84
42090.00
44939.56
31889.88
56729.40
40346.87
37433.00
2648.82
52736.40
8673.36
50883.72
47568.70
62267.94
67649.40
29819.90
12334.14
53764.55
48252.00
4272.64
29229.72
3604.00
41513.94
53357.97
6006.45
49613.20
26461.12
81715.50
33475.20
13950.30
50441.96
60929.05
44687.40
43286.80
80296.48
14190.03
20086.00
59878.00
1484.58
36975.12
63427.76
40490.52
19677.42
11968.60
80580.28
4102.35
37587.48
15793.65
52003.50
80285.00
31910.32
16440.38
11397.15
8163.60
47314.24
79116.99
44510.88
66178.14
66935.04
73077.50
1880.06
16902.54
15136.00
53503.26
62504.91
23002.07
7207.56
31566.58
9722.40
10237.85
26284.56
35892.22
41491.33
13037.97
8864.52
40864.89
28199.55
23404.78
39867.00
72076.80
57195.84
58815.73
53903.38
42256.20
1265.36
4910.16
4570.00
1671.76
3784.12
18189.10
29519.04
44087.41
38841.25
13658.76
43856.28
66514.14
48072.44
3315.57
39041.28
21586.68
17152.33
2626.80
59508.45
18984.02
27644.61
43817.99
9676.20
44773.88
54152.05
52283.81
24199.67
69506.99
15207.17
42762.24
45272.52
3312.57
11397.24
11604.32
6979.56
72877.00
34536.75
36278.06
63850.64
4991.28
9120.00
7395.76
34110.45
29219.77
48760.48
9129.84
29599.68
41130.00
2014.20
26622.90
1916.10
17651.70
61945.60
27518.61
31172.76
61770.79
34559.57
64220.20
46398.90
27522.16
2298.48
9433.17
57421.92
16658.46
15810.34
7027.50
5216.49
40876.88
45493.56
6663.04
72941.28
20723.78
56989.44
68316.16
65157.60
25875.54
73955.70
21545.12
42742.08
34109.82
35447.85
86379.65
46401.00
27613.95
29600.20
10055.64
69403.98
34912.51
10973.52
56304.20
62270.91
3943.20
30475.17
43854.72
46225.58
74719.20
42907.53
69433.20
50963.70
58238.40
1300.39
40374.03
24314.40
65901.42
73877.85
46694.31
14835.99
43701.84
51407.73
61277.78
1085.18
34616.92
52153.48
3169.34
63171.15
45936.64
42381.08
34331.10
8749.20
7568.16
50716.36
31258.50
47398.12
52941.00
69854.89
13650.00
44039.94
17974.76
12775.59
52347.42
6892.35
64034.04
4344.72
75407.64
21905.94
6859.38
34309.40
48766.90
35164.53
20642.60
56696.10
2576.76
26716.16
3748.02
33720.40
25164.54
66711.05
45948.90
15576.50
15572.17
4624.89
9682.26
48676.80
17239.70
24012.50
57827.20
24778.04
32459.75
7623.05
64223.62
24965.52
2002.18
10835.60
61466.00
35869.92
36975.42
57976.62
59723.08
47890.18
16451.49
8785.52
