280
375
386
332
411
25
398
228
418
364
490
47
179
470
351
141
228
307
342
491
457
48
475
269
39
390
28
76
256
126
100
306
324
345
318
247
459
161
474
412
380
316
183
155
26
353
472
296
272
262
256
441
437
13
418
430
139
15
101
253
423
188
183
201
294
472
227
161
148
164
68
227
310
454
234
488
326
499
58
25
237
1
145
390
254
318
128
115
427
69
35
457
300
323
98
171
71
62
357
8
318
6
308
429
423
495
392
240
206
6
373
170
147
133
232
337
43
349
64
385
84
349
64
10
10
302
37
320
415
412
381
195
418
257
59
226
362
460
480
466
196
115
110
63
287
86
377
1
396
297
411
440
437
158
365
378
477
259
442
251
75
485
353
9
110
283
410
291
171
264
199
343
37
306
361
393
390
313
135
8
429
70
484
151
1
236
312
104
124
404
260
262
414
10
230
376
467
180
88
194
71
237
269
181
467
278
84
433
205
257
437
227
319
335
188
342
227
462
68
462
124
453
46
83
218
229
105
203
453
78
158
477
287
155
132
53
493
66
414
470
243
102
326
410
278
399
182
160
104
471
347
294
115
99
174
356
84
498
277
261
247
17
323
209
452
114
199
75
166
239
489
500
422
479
298
14
219
349
368
20
135
265
289
470
205
396
124
198
248
90
353
449
1
376
401
240
220
320
161
102
38
407
146
317
329
410
110
358
361
250
369
91
86
93
469
458
98
222
281
207
210
190
376
209
358
148
175
117
299
131
97
233
125
458
196
165
136
487
74
87
457
179
407
416
14
78
301
248
293
35
339
247
459
18
55
43
397
391
75
210
63
263
206
405
371
142
325
146
116
318
3
14
89
198
115
309
268
109
134
475
246
400
234
70
132
329
9
275
179
460
439
495
99
476
417
185
480
342
25
386
494
62
167
479
474
168
325
246
498
286
97
43
109
87
77
414
403
109
316
494
366
59
75
167
258
19
245
1
31
249
208
291
308
65
152
445
343
434
325
276
79
489
402
297
421
453
216
462
73
406
67
120
198
145
361
23
446
321
227
365
466
320
489
369
176
117
138
154
412
86
117
128
301
364
458
326
475
113
26
398
93
311
337
347
477
233
111
19
133
55
485
97
273
145
478
76
149
293
239
264
19
373
267
341
417
125
36
467
388
300
139
189
246
396
279
440
427
111
460
390
167
413
422
320
87
368
270
87
274
311
253
269
66
393
454
209
148
160
102
126
308
143
284
213
130
178
408
163
459
49
91
446
247
252
10
407
324
352
446
421
378
147
379
376
378
65
84
105
337
79
3
202
173
47
366
460
352
277
6
372
264
84
220
364
270
381
357
457
172
416
265
437
305
140
391
321
422
470
71
313
492
78
128
454
347
205
229
114
84
406
331
150
464
184
207
481
161
148
380
469
28
350
114
220
94
351
19
252
66
485
280
433
259
403
103
54
353
437
397
429
239
207
228
39
202
457
180
15
240
306
381
249
430
183
461
472
254
429
455
468
284
97
383
324
79
450
393
313
142
179
326
201
258
118
467
388
218
400
316
68
59
431
465
31
29
69
439
453
453
98
235
466
175
446
448
5
324
26
11
75
399
103
23
382
324
94
114
85
255
37
387
385
49
357
96
86
454
18
35
278
445
175
56
332
130
280
396
286
430
317
387
359
262
48
314
262
80
477
208
436
471
300
494
103
223
190
94
395
106
475
129
409
482
347
137
287
262
132
78
337
11
29
176
375
462
245
330
334
478
161
126
280
155
398
66
389
492
3
429
333
407
462
33
345
172
333
350
255
82
287
55
395
426
51
253
428
259
279
7
8
231
50
249
233
84
191
348
172
338
124
409
164
260
291
268
160
192
409
312
486
333
11
396
226
319
348
125
133
78
264
260
236
57
482
478
477
353
356
41
249
223
345
374
96
269
101
405
142
31
29
286
95
408
24
14
160
62
161
171
248
283
72
71
216
239
239
417
84
298
207
270
53
209
398
164
214
176
427
387
13
110
215
83
237
197
36
160
314
278
61
185
240
45
290
20
410
4
358
386
345
100
27
422
479
87
191
191
348
143
26
86
246
127
384
481
125
369
188
16
467
347
226
202
495
400
139
121
228
430
20
133
168
304
307
331
25
288
418
446
219
257
439
300
327
42
65
71
376
69
207
311
33
305
217
10
251
135
377
302
4
379
310
476
410
294
189
470
225
140
436
20
19
334
39
266
53
493
468
42
1
284
321
483
389
356
5
324
200
319
33
355
332
43
40
159
426
355
62
32
186
