39
33
19
35
39
28
19
2
22
49
50
16
8
2
8
36
9
50
18
38
46
36
5
7
45
24
12
36
23
16
29
33
46
41
24
24
17
7
25
7
6
11
49
24
16
47
26
40
11
1
21
22
25
21
34
42
41
17
24
48
32
48
49
29
43
22
42
4
43
12
35
26
26
24
32
43
4
18
40
27
23
11
6
42
37
49
39
43
43
39
28
4
22
1
25
21
41
14
33
34
16
11
34
5
6
42
32
5
44
18
26
9
23
49
35
44
50
24
28
18
11
39
16
47
20
43
11
16
28
45
39
32
19
40
30
50
10
1
38
5
9
34
41
3
14
35
19
30
13
22
15
4
36
21
29
18
25
4
42
39
34
27
49
23
5
22
5
45
23
30
18
17
43
1
50
14
45
34
34
28
49
9
48
11
9
1
41
17
42
50
11
17
28
28
47
50
21
50
8
14
19
2
50
29
15
7
42
27
29
37
9
29
15
9
29
8
1
18
2
40
1
3
5
50
19
30
2
49
19
21
41
48
17
11
25
42
47
44
2
15
45
41
22
8
23
47
13
7
37
20
36
36
2
16
26
5
6
41
31
43
38
33
21
30
49
22
40
36
39
33
39
23
43
50
50
36
28
41
1
9
4
43
50
46
22
34
27
35
24
46
45
21
12
22
6
29
48
46
48
6
49
9
14
25
10
2
45
29
50
26
42
5
12
6
1
38
6
10
29
29
11
2
13
9
14
34
38
42
7
10
36
8
1
9
43
3
34
32
32
2
32
30
40
1
39
14
21
23
34
26
18
31
39
34
19
20
37
11
43
34
19
46
38
15
32
13
27
13
2
7
41
16
17
47
16
5
13
33
31
28
23
43
28
18
10
13
15
41
16
37
15
43
8
11
16
29
8
24
43
10
27
48
37
43
21
26
44
44
1
50
21
6
35
46
41
1
22
13
47
7
4
36
40
18
1
35
45
32
16
47
7
31
20
5
6
27
8
4
43
8
38
29
27
27
16
22
5
1
35
7
22
19
35
38
33
43
8
16
39
11
25
16
39
42
48
22
16
4
20
29
44
24
9
28
43
40
28
34
50
42
35
1
3
45
15
28
16
32
48
24
21
35
42
31
46
7
19
13
32
29
10
40
22
22
41
23
30
28
46
6
9
14
25
39
47
26
7
6
44
41
10
13
18
25
40
49
34
8
8
33
11
46
46
5
35
22
45
11
29
14
10
10
25
28
34
13
28
17
27
31
1
22
6
43
28
17
29
49
26
20
12
11
37
10
19
7
6
27
34
27
27
30
30
50
11
6
47
34
10
3
3
9
44
15
50
35
9
12
49
28
23
7
49
35
45
26
39
39
4
13
35
43
5
36
12
43
4
11
49
15
17
13
25
40
2
25
38
44
35
26
1
45
28
15
5
1
46
2
40
11
42
26
38
36
34
26
46
7
21
10
11
35
15
17
38
25
37
19
11
25
34
27
6
1
7
1
1
2
33
30
33
7
40
6
4
16
13
14
12
27
10
6
25
23
38
37
21
24
47
42
2
41
16
2
6
37
7
33
33
34
38
3
34
38
13
44
42
21
5
35
19
31
43
2
6
17
48
41
42
19
45
39
46
5
28
28
49
22
32
3
38
32
1
31
33
21
36
31
23
21
36
15
27
28
19
3
36
12
38
37
28
17
33
6
19
7
11
3
28
14
3
30
25
26
4
1
46
41
16
27
12
33
28
3
22
25
1
29
43
16
34
3
36
33
3
38
34
50
21
5
39
17
20
16
37
28
24
48
43
38
2
27
32
42
16
37
30
15
11
3
45
28
1
21
12
20
34
19
16
41
5
27
2
47
33
23
31
17
50
2
31
43
13
7
44
25
12
43
32
32
13
18
42
43
43
43
25
26
44
43
27
49
47
40
40
6
36
23
48
34
36
11
7
12
50
16
39
43
41
34
42
4
32
26
30
5
43
23
20
46
5
5
3
25
20
48
13
22
39
5
30
4
38
16
39
41
41
8
47
30
18
42
32
29
28
6
44
1
32
30
19
37
32
9
44
12
45
37
25
9
45
15
39
31
48
6
12
17
4
42
34
39
4
12
27
23
4
30
49
9
49
44
25
15
34
46
39
21
19
47
30
28
41
1
20
23
23
22
14
50
44
16
7
18
6
9
49
3
11
23
27
4
29
8
6
12
46
26
8
8
12
50
10
32
33
34
4
26
48
11
17
46
12
24
48
34
3
42
20
33
32
36
4
27
41
31
29
50
20
13
