50748.60
1418.51
35254.13
23697.52
8244.00
16865.94
16738.08
28073.83
14421.68
3357.63
75630.12
44584.26
17233.00
61541.80
22104.24
26705.16
28163.88
16449.92
81131.75
18297.50
60393.50
31373.20
64249.64
65589.75
18484.00
59778.90
58087.56
48980.80
63000.21
18818.02
24938.40
53366.10
63403.20
64458.62
22549.14
9059.50
5261.64
30545.55
10514.34
65915.70
7694.22
17893.81
47094.54
10523.10
28338.80
44182.25
47523.60
52574.39
15424.96
44135.96
25676.28
44964.26
33321.42
70730.52
17750.98
23657.12
27469.20
5435.70
17607.59
72845.28
14835.70
53486.40
26991.38
46641.28
17262.90
40018.87
33321.75
1444.53
65170.80
61304.80
66575.97
36831.48
8719.20
11404.08
57336.48
36778.56
54154.31
17879.57
16781.82
8823.36
61024.40
24105.60
7592.16
56803.25
58670.16
989.08
22196.15
70852.82
23490.27
41168.50
51207.20
51050.34
39597.12
18175.32
4989.36
64966.08
15604.38
5405.85
46345.76
11256.36
57820.80
38889.60
9916.44
988.08
9574.14
53496.64
40880.69
4572.92
22568.00
36206.16
14469.40
9129.84
64588.00
37064.25
67608.00
21524.75
41035.20
26921.43
57852.80
30693.32
38941.25
20301.45
76946.96
33517.08
29149.28
16683.81
30608.88
57048.48
8577.12
3207.48
19886.79
53357.97
21885.46
36389.22
60799.68
62198.64
12255.88
53142.62
50237.28
22817.84
5806.16
16567.50
67968.81
2418.60
55980.48
73256.55
39041.34
68027.82
66502.56
12991.58
7457.95
9685.53
20865.61
50077.28
76280.50
15083.25
19945.42
20587.84
67415.52
8098.55
5566.05
19100.40
40312.09
61716.00
29702.70
19430.85
74102.85
44780.43
3696.96
29504.32
31978.08
4210.47
26260.56
64528.20
47855.30
49779.00
35177.00
5241.60
22012.15
25956.56
8423.03
21263.04
36778.17
13776.98
32488.20
36078.00
37805.79
53615.76
32375.64
51464.16
30989.47
53849.40
21036.80
26508.20
36921.42
54834.66
12823.70
16253.28
36194.81
1495.58
1799.89
47024.25
56261.90
33849.86
81085.05
9390.30
44780.43
51293.76
55289.22
47538.12
43645.75
21911.36
37660.59
29198.72
7618.05
8787.30
8163.82
76562.64
56611.50
49206.62
69824.00
4048.32
13980.30
70634.40
53402.44
34083.91
5402.70
25097.14
27407.70
84553.65
45589.72
35548.24
49779.00
25515.18
45516.06
12072.96
74138.61
48244.32
27129.25
62604.36
11748.84
68410.85
23797.62
22942.08
17869.20
23755.62
65319.30
27309.26
45190.20
24370.80
85327.24
16610.19
70409.25
23807.76
64611.37
37460.56
1783.88
25677.36
6823.20
52055.04
80360.60
5459.73
23002.07
69702.99
46042.36
37040.70
11460.33
23873.74
48052.32
39707.29
30392.34
49121.58
31252.32
26142.45
2764.94
74292.12
49300.48
24602.08
63102.60
49921.05
33227.96
61629.75
56091.20
59743.60
28164.75
45105.32
78534.72
13901.76
70316.06
22526.79
21204.78
19156.28
18601.23
66540.38
15466.40
9284.75
6211.65
52782.58
59282.30
52153.86
49878.24
16542.18
15240.28
15226.11
14146.34
87841.12
26828.32
5265.60
56561.00
40133.32
55247.22
54189.72
30867.21
14805.70
17392.87
24458.64
52373.87
12132.80
32710.00
5962.32
20217.23
1834.00
52162.11
19280.70
74526.49
31405.22
30483.30
37164.69
43430.11
44761.22
26277.75
19040.80
9057.60
73797.20
27721.90
7142.60
32354.20
19712.76
45002.52
28416.21
55744.77
48124.44
79534.00
61904.15
7252.84
19796.88
18922.02
18012.57
35736.22
70950.15
25605.51
17359.04
39822.12
10539.28
5934.28
40653.40
37600.20
7057.62
48004.32
23881.44
38129.40
36278.00
8024.58
23865.28
58989.00
29381.50
10982.79
66591.52
10114.80
35373.80
30325.79
50243.55
40151.66
5986.45
5586.05
39101.72
17007.90
60396.96
16217.20
61024.33
27749.10
10190.07
84877.30
61090.68
44387.10
26427.75
8811.63
31570.02
5348.61
51265.94
50571.36
56648.63
32099.20
41203.20
27097.98
50522.56
10074.80
51653.35
29463.72
57966.42
17768.70
19284.64
27100.48
5565.92
28873.05
49816.49
44951.04
51967.86
6106.48
47474.75
6942.40
44707.56
72066.36
4565.00
35083.18
47354.76
31725.44
7659.33
43101.50
54838.08
55331.69
66645.92
66174.81
9017.68
35216.28
64652.04
20042.22
17188.70
27307.44
16649.46
3361.54
5946.32
52042.77
22974.45
62178.72
57581.20
37948.30
47138.40
25943.94
20121.80
9898.56
74028.50
1704.79
34555.29
32300.58
24731.10
62183.94
24569.74
18050.76
42825.57
48616.06
78973.30
51207.66
10042.62
8086.68
87644.16
11975.67
11548.32
2726.90
47178.74
13334.52
5529.88
44034.48
9532.35
50977.20
67803.75
46787.06
60671.68
60545.28
6438.80
7976.52
18739.60
52481.25
42466.20
67831.72
35721.52
48626.33
81040.05
13152.79
6370.00
55386.90
17056.34
28254.03
46867.41
51638.25
39223.60
24046.50
11956.72
10538.55
24974.64
36635.20
7587.96
28110.51
41414.10
60825.17
24288.84
22800.96
37389.75
23569.20
14487.30
7603.05
51468.94
27551.16
19479.46
55460.00
29931.60
49373.54
10527.55
18730.69
68771.01
56940.12
66771.30
73631.22
37315.60
34558.74
40755.12
25492.74
39065.28
66684.30
45233.30
32524.20
56258.67
25815.02
9838.38
49643.55
3102.36
54958.66
38344.88
16201.68
55330.97
8144.88
41669.58
14205.60
37960.96
4363.65
76580.55
41984.70
30208.20
85590.00
46840.41
29857.50
56532.06
60162.57
45463.88
18431.14
24614.28
76400.55
25101.69
35296.42
71991.27
9789.43
58101.60
49693.60
61855.64
16616.60
19881.80
48202.50
40639.86
91186.55
37078.80
41804.70
36272.88
47282.24
39006.16
71853.60
50485.02
40593.29
45248.80
13703.49
24614.28
37089.52
49589.32
9954.64
80308.64
59486.40
56635.52
73477.20
2456.64
61383.36
10401.30
73733.88
21827.92
7579.96
21221.78
41168.50
52842.15
25487.17
43952.69
52314.90
22407.84
58628.35
1948.12
59247.36
21463.40
72897.00
75919.60
26704.44
17555.72
86491.00
18192.72
45232.00
68814.20
1956.14
19963.19
26476.31
7288.00
49680.82
3276.54
9074.73
50831.63
71034.80
38552.58
59186.79
48886.11
34276.20
6493.02
61841.16
60707.01
35967.75
79463.70
58151.42
33828.00
58334.40
45060.05
5846.30
12782.00
51948.87
17431.37
37070.25
64869.00
29830.71
60894.05
14505.75
40171.23
33275.20
44587.60
51006.65
28275.24
36419.44
25842.15
31840.49
12766.59
39416.75
12396.02
10235.07
10707.44
34997.03
44688.96
42994.82
8676.54
13802.58
17386.59
6862.35
3348.63
22493.85
19349.74
40448.10
22893.78
20333.23
45780.82
27739.24
7291.64
82504.73
6781.32
49762.50
1850.04
39768.05
46319.35
28228.36
25167.00
17056.34
7042.70
15916.03
3593.78
41175.96
5516.76
78742.80
20081.80
67366.38
31911.81
48140.70
29500.16
50706.60
43029.36
54587.75
47997.03
25611.60
24010.35
51265.35
52450.65
8043.50
16229.28
47813.22
72677.00
28740.42
56262.21
20614.32
3381.66
63793.47
52786.80
55237.97
46670.82
19496.28
49717.85
4093.35
65833.95
11832.70
24314.45
41294.22
39890.84
80472.48
43738.53
18545.14
3892.24
39567.05
25091.40
21723.60
22480.97
35396.05
7292.75
16502.85
38090.50
65070.09
12553.56
3895.17
18452.16
29662.28
5841.30
43441.53
60093.94
66859.93
22343.40
11977.08
25467.40
64152.20
27983.70
50955.63
54744.09
21212.10
55618.20
35618.10
5207.49
50537.20
1395.49
47650.66
68484.78
48674.90
26869.98
36921.42
10707.34
15241.65
24291.45
70975.50
8754.20
2280.46
19244.28
71580.60
8841.42
17728.70
27052.48
60383.36
9620.50
37363.26
36075.39
51843.88
59761.08
41364.80
30176.96
35188.76
80917.44
61816.50
61604.94
39302.00
17644.05
52056.50
79654.66
18715.80
14355.60
28090.00
53916.72
31561.88
36958.80
51258.40
29200.08
17064.72
3237.42
59495.70
31253.20
10054.89
22788.08
52706.16
16601.64
30273.28
51085.02
5645.91
28821.87
37844.04
25271.70
20294.23
62076.15
19184.28
17255.26
25911.54
33706.14
37065.93
35633.62
11484.24
46275.31
22473.36
13334.93
11724.84
1487.58
29099.46
53866.08
41491.56
69485.98
1870.06
6252.78
18969.90
52211.25
33348.16
36054.20
5275.75
2180.36
7904.46
4777.12
33868.88
39432.90
55267.41
33370.92
23461.41
39550.00
40596.93
3944.28
71370.95
41373.36
61015.50
67842.00
6594.21
45407.79
22788.57
48966.54
14951.68
12663.64
48238.68
1871.96
55995.28
46380.88
36663.20
29205.90
10062.71
30607.75
39552.30
50965.76
65466.78
60718.70
43630.40
29575.92
38910.64
26641.86
10514.34
12077.26
40082.02
28065.03
11684.48
40651.52
42336.51
56667.52
60651.72
40781.03
79748.66
27750.60
47893.30
5497.88
56908.18
23927.50
5974.32
53247.60
61852.60
43688.19
35254.13
17211.26
74985.72
36867.42
56868.12
83807.86
52989.76
84232.80
57818.05
48102.50
41904.52
37479.78
38408.18
2396.58
14000.85
24722.04
10253.07
35795.62
65820.50
46385.28
71787.84
29016.62
37401.78
13291.30
61866.50
51715.86
10871.46
59747.64
9754.36
14289.12
71134.86
12180.88
69879.34
11423.94
36589.44
53114.61
6522.88
65581.16
30019.92
24409.92
24992.64
16594.60
22607.64
3138.39
37681.60
5354.61
20325.96
4220.56
61889.94
69824.50
47427.24
8696.31
18028.90
33612.00
70922.88
25028.64
7210.84
82195.48
39830.28
81269.14
42443.56
54078.09
1524.61
82256.40
9015.54
36881.26
89325.60
21545.12
55980.48
45073.44
61675.68
36702.60
34588.29
6973.50
56147.28
64361.32
46865.56
52589.04
45040.64
20391.70
48436.70
3319.50
20847.97
23906.16
48411.87
66340.50
61313.12
45750.50
24114.35
39192.00
17406.48
36786.28
16197.10
11217.06
13014.00
43545.75
5861.30
30502.56
17651.04
11872.80
44238.15
75759.55
85153.67
28030.52
11977.08
82022.40
9339.80
34617.80
44080.16
52393.44
1463.55
13550.64
45969.29
59174.28
11148.76
84643.65
18477.47
41046.46
22830.48
11292.36
