2663
915
8956
7927
2267
8880
201
5135
1598
4166
3562
9439
1521
5056
7981
5652
5897
5723
5121
2854
1878
4463
1042
8421
6284
8762
8241
5760
4662
3443
7480
459
6293
4678
3011
4092
9207
7793
2797
4730
9504
6946
9351
8030
4732
3515
5596
6090
1127
5124
657
8111
8812
9448
1368
4747
7645
6069
1821
3620
4462
9114
8906
6311
2974
1891
4019
6651
9729
1179
7110
2668
3413
2236
3731
742
6406
653
3348
9887
6219
7207
6757
1837
2667
543
8276
4391
4816
7365
8591
9115
1772
7334
9895
5394
5071
6162
721
2928
1259
7072
4767
6646
1670
5866
7295
2652
1617
3206
691
7611
2593
6925
5169
6743
3664
1149
804
6216
3853
2872
6960
5813
3676
8810
5907
7778
1894
2161
8564
445
2011
7256
9776
5162
3959
4075
964
2139
8778
7425
7745
1336
3023
9663
4417
4929
5456
1707
3699
9001
409
3972
2596
8236
9792
2799
4423
9422
359
3610
2197
4314
5757
1847
1891
1375
3757
1588
3177
931
2085
6226
3941
4871
4136
9658
7453
7583
9890
2144
3101
2357
5856
9724
3346
3807
2705
258
4292
2830
2597
5657
9819
3349
3794
5715
6118
3352
5335
5415
7383
6714
5999
3344
3743
8162
6327
5680
6705
7485
4766
9978
8495
342
6340
5571
690
6255
6883
8690
8745
2860
3692
4190
6893
4231
9393
2664
6106
378
1391
3746
8000
8661
335
3020
3520
5159
7750
2927
4952
5451
1497
3623
9848
9901
9730
4291
3460
453
1031
5393
7436
7103
5061
1333
3749
7647
6513
8033
7651
8437
9735
3866
4222
5259
3394
7221
7518
5209
2540
3584
951
3755
8574
2911
4625
7911
2555
2109
497
1810
8027
1190
1772
5802
2665
4343
2632
5555
7192
9313
7162
4594
123
6676
863
3293
5749
6329
9320
5802
9805
9968
1535
6893
2687
2089
2362
4350
5897
6210
2493
6241
9224
4429
2596
6491
511
3449
6426
6454
8409
8747
4720
3250
5227
9505
7113
4386
3856
1070
9713
1005
7481
1409
1029
9586
4310
8141
4280
5271
9425
4486
7384
3960
4723
4916
8212
5783
5635
4375
5952
7161
4480
2514
155
4249
9102
8413
4661
5180
4166
2951
1693
1403
2805
7730
9899
673
743
7436
4396
879
1860
9134
1187
714
372
8942
1538
3990
9704
774
5976
4110
4902
4114
111
388
5875
355
4225
2938
8699
3072
9941
4458
1547
6741
1199
4384
7156
271
9979
9892
1164
81
9877
943
7057
1989
4070
8432
3019
2764
2552
1591
9066
4336
8106
7063
7884
6827
4702
5070
476
8008
1881
6488
9724
1436
2595
2203
5648
4153
657
9137
8373
2562
5308
7279
7833
3148
4221
8816
717
3683
8840
979
5997
9134
7817
1758
6578
557
5741
7215
8116
4212
436
3360
9808
6972
3430
6982
2955
6953
9240
4899
5316
5124
3387
1645
4688
6147
7732
1282
587
3630
9362
3258
1064
2173
1360
1227
1968
2625
2486
8514
1892
6779
9284
1298
9971
8245
7220
4558
5358
8963
9275
5280
9487
5637
1219
3098
8173
65
6985
1920
1025
9031
9612
8194
9787
5980
892
7118
988
1684
3526
9927
7083
59
1926
6798
2355
4663
6139
4993
4909
6699
8024
4517
5063
7324
8284
3226
9115
1903
8285
7629
5468
3303
9546
2033
6831
9925
3124
8312
1697
547
224
4518
8733
1097
5044
4426
6180
5553
9015
7191
3241
1055
5872
7011
4160
2502
1623
7565
8442
588
3132
4129
3455
9843
8593
1763
7018
7321
302
6031
7849
2655
7047
383
2493
7126
7006
769
2141
1054
4032
2699
1003
3337
4654
7250
2521
7437
57
925
433
3187
8148
9480
7059
9521
63
1317
7659
711
5154
9640
8448
5649
1361
3336
1824
2791
1884
859
6902
4406
7612
2676
781
6361
9075
7770
3471
5942
1837
1880
1565
9604
2634
558
4386
3856
9755
5291
938
6961
9079
3951
2087
2673
3883
4247
4037
8916
5276
9335
7173
5032
622
8803
5819
22
9680
6888
5820
2086
7097
6274
2647
2208
9323
1429
2479
9212
6065
409
6549
3251
5698
610
6473
9620
6547
1401
1122
402
6477
1821
9996
6069
963
8441
3923
7881
615
9092
5428
8607
6752
6990
8023
4579
4657
7248
634
7664
5785
7928
1884
7622
9534
6203
2346
6545
582
2257
9
8301
4351
6825
8778
7167
6205
6717
2294
3561
4803
2157
8008
901
1185
7180
1204
3926
1212
4344
6846
5065
1559
5585
6211
6004
9042
2215
2352
9151
7023
2228
3734
3271
1170
3641
4050
1935
9209
779
675
2361
6820
494
2121
94
7422
806
5432
2087
6107
4994
8626
4282
1113
624
6245
1659
9756
3598
714
4672
1857
8434
4207
327
9312
8651
1884
7820
8756
573
7254
8402
1742
3321
8602
5348
9384
3204
6065
8778
128
2434
2846
6952
8035
5100
700
8507
1436
1534
3294
5257
7393
4155
5463
565
4142
4361
7003
9147
685
2373
2762
8682
9451
8581
7920
5479
1647
9860
4066
6279
5903
6877
9987
3733
4897
2757
4550
9275
2265
2386
4757
7742
4379
1848
4046
9747
7045
9117
7167
2920
9562
3880
2441
2454
8191
9936
2885
7231
5068
8622
6789
6851
9003
3058
4413
2122
3354
6936
2716
5730
3610
4887
9038
7842
5014
2835
6678
1233
8843
790
7384
2686
2806
8244
7214
4409
1783
8799
1659
113
5118
5032
9384
4787
4392
9304
9104
7644
4376
1205
7618
2626
9351
8883
260
3487
9728
4639
6987
2810
1818
1248
5153
9643
649
610
4261
8135
9627
5867
6446
2924
5053
253
9773
5480
6485
7999
4931
8939
396
8415
9184
6255
4578
4062
3020
155
9798
1141
1028
1605
9966
7170
394
1208
7984
1209
1878
3667
5264
9610
1219
4198
2164
7762
4227
1676
5458
5816
3225
9803
3971
1779
7229
2565
4616
4928
599
6617
9964
4427
1582
9617
6482
7242
8902
5611
8250
5465
1566
4528
9934
9683
1842
6752
7256
4060
485
470
6167
1991
9212
2261
7561
1727
1974
5787
9425
450
