5275
8204
4353
7628
8648
2807
4113
4499
916
9042
7553
9808
4425
1826
4156
1710
7229
6997
5258
6517
5981
835
8508
2662
7055
4740
3794
6134
6987
3817
9445
6264
2626
4051
8657
1575
7750
3565
1743
6137
5004
6445
143
8220
7923
6497
10
1404
3013
1453
627
4414
4577
7329
7022
6501
3056
3042
4167
729
2144
2476
1722
6535
6962
9015
8380
6534
3989
231
3332
6032
120
3174
6053
7006
7043
6735
2968
6817
9650
2047
8434
2325
975
5307
8678
9342
5753
6803
8471
2341
7466
409
8760
5457
715
6963
4302
6566
2032
9491
577
4722
7848
7180
9477
9891
6486
1828
1721
1524
9384
3694
1627
9152
1659
7321
1925
457
661
3642
6769
833
6016
1173
4137
9074
5035
2136
6706
8373
1862
3722
1500
2031
610
7931
6425
3374
6005
9687
6190
2092
8878
2366
9723
9961
904
8052
845
6375
9665
7636
2657
5990
3431
2095
4073
566
7526
6872
5139
1965
1354
544
7181
4993
8896
1155
2351
1648
8021
7708
239
265
1603
7678
7432
123
5573
4050
8138
7788
4470
8393
578
4771
5338
8609
9740
3919
3483
4248
2843
1067
6135
8541
6519
3005
9851
2414
6941
5725
3322
8798
1456
5757
7928
9384
1822
4082
4177
2309
2402
9554
7614
1134
372
87
7624
1365
5781
1287
5209
3603
3455
6248
6180
3708
6514
8575
3346
7759
5183
5388
4930
3110
8643
7101
7963
3695
6048
8326
1351
5310
1462
9868
5139
4190
5029
8992
6319
7273
5121
7371
8485
8172
2482
22
9476
8084
6170
9500
2033
5729
4595
8664
5971
4332
5251
8370
7886
260
82
7766
847
1884
1786
8953
5276
6542
6961
1348
5311
1541
4940
1044
3584
3826
1309
6447
8802
8776
4127
6037
8170
8758
3693
2590
4342
2833
8105
8988
6881
702
8562
3035
3793
8517
2351
1952
120
602
1420
7541
23
4093
790
6128
3897
5199
3579
4200
4236
8524
7693
4297
7586
7650
3651
9276
6883
6099
5815
8189
1928
2126
6261
2162
4282
2956
6810
893
6304
3023
3813
5968
5912
775
2476
6021
6714
6747
3317
9010
4660
2495
7373
6946
3473
6352
7175
7311
4769
6610
8260
5529
571
6573
1154
7273
5414
4150
2532
6178
3018
3276
4373
638
7837
1264
9018
5425
9361
8119
2781
51
3569
1003
7232
5449
1758
7834
2595
2075
837
6926
9001
5092
2542
7531
680
8055
6155
2038
770
9462
6319
6651
4444
4528
7052
477
6680
1330
8643
6711
240
1057
5191
9926
3905
9698
8138
6812
5654
7997
3341
6514
6888
7175
5224
8504
4678
7481
1329
5943
7238
4792
7242
9473
9406
1608
5411
1369
6075
9722
6167
8806
7580
3600
8441
1975
8932
8979
7593
6974
5912
9894
2636
2418
3369
9960
3368
1335
1848
6452
8745
5015
7068
2627
4277
2210
6106
9303
4152
706
3986
1851
8404
1622
4109
9432
1978
2858
9854
2277
8437
9282
6211
7081
7104
5540
9057
5278
4545
5060
719
1801
4429
3808
6100
5952
5276
516
2802
7729
7204
4651
6651
746
7131
3513
512
8315
9239
9412
1848
8248
1546
8987
4036
1583
3006
3344
5177
8110
208
6085
5586
2134
2047
8184
7680
6928
3414
2800
6476
3159
2879
4774
6260
1558
7841
357
8067
4807
1832
7113
9950
1439
5782
1910
3287
2759
9258
4072
8267
852
4232
7759
1197
7499
9861
1758
2784
5333
9395
9207
5499
7298
2303
8962
963
8190
1601
101
7751
7468
3207
1175
3381
6313
9910
3808
7632
8294
4519
4379
2229
9135
5961
4075
4201
4546
4346
5497
3935
2185
4996
4728
8603
8418
5579
3357
5335
5665
3438
7437
1783
2899
6594
3589
5288
2815
6355
5950
4850
520
1703
6927
8054
683
2044
8131
6647
4756
3917
8193
4384
7775
5271
4908
8545
6917
5080
3903
4044
4052
7662
6359
3551
387
6827
1848
5622
3378
6654
343
248
2917
7830
7462
3826
2662
9666
6048
3766
7710
8619
1239
8240
4158
1073
4427
2422
5354
44
9701
8638
7021
8693
5136
4951
9772
3599
1569
5477
5838
5016
7441
692
4455
4856
5805
9063
2800
7033
6241
968
9821
9929
2731
8737
2342
5891
5577
9565
7104
6216
7345
1671
7363
688
9958
1254
9920
1829
7104
430
8372
554
8195
9590
5523
8590
9307
7802
6539
8852
4360
5318
6310
1219
5065
6007
7493
8161
8407
641
8105
6861
4410
2911
8212
1138
3945
2332
6764
8222
7961
1728
1490
6355
8440
174
4134
6286
3081
1299
1680
170
9963
3055
2890
9624
7248
4471
2230
4733
2285
5903
8547
8160
4328
2387
3448
6588
1046
7818
5325
1965
421
7293
8056
9126
9916
5508
8051
6765
5948
5568
7147
6725
2960
4665
1377
2870
353
2056
4302
8440
7963
2078
2671
5342
5682
950
635
7310
5142
8560
2311
3267
3591
355
6106
1881
7961
7324
364
718
9254
638
2655
5485
320
902
5507
433
3936
7060
879
5679
8957
3143
2381
1018
2309
5789
3102
2513
906
783
3206
2306
2351
9661
7154
738
2724
7692
4919
7963
456
3302
4144
2889
1050
1548
1528
6019
472
6265
9530
1309
8479
7663
9575
286
6721
6989
3364
7558
1799
9271
3402
2212
4012
9648
5722
7572
188
7428
5959
8437
7343
5705
2315
2169
8823
6059
4504
9339
73
4712
8623
1178
346
1022
6083
6947
5243
6031
2019
736
7709
8943
4263
1859
5164
7001
7766
7562
4381
5195
4430
2897
2725
2878
3965
6713
660
7919
2091
2979
6657
8282
3968
871
8117
6401
2351
8012
6088
7365
7073
4027
5929
2391
9338
7442
1581
8241
8765
4080
9539
6072
7954
5614
8405
3031
6319
4561
506
3378
1368
264
6337
1435
1268
5456
5462
6305
5661
6073
7255
290
6324
620
6190
8426
9341
8996
4839
3809
1525
7377
12
4861
2065
640
5947
397
1560
1850
6827
8517
6863
9
5694
9777
6194
1700
9473
9278
8800
9147
7510
9901
3177
1292
5001
8158
9317
8504
4210
3360
6908
