395
15
39
155
87
233
98
448
220
139
129
207
232
456
314
66
410
469
42
488
87
78
275
139
244
366
428
233
202
404
356
240
433
343
1
63
441
234
303
327
227
292
75
211
82
283
435
494
43
175
284
69
175
156
450
200
73
498
170
180
35
400
235
289
463
445
359
176
161
310
305
74
234
327
397
326
458
21
271
401
486
10
63
361
289
498
470
33
125
435
13
342
460
73
414
435
350
103
186
232
255
183
454
494
462
387
326
348
390
385
146
100
114
287
214
307
125
478
429
438
456
307
242
417
74
75
452
424
277
399
460
450
166
486
21
355
183
287
90
405
395
340
169
476
253
395
260
435
258
472
102
428
223
228
191
467
223
101
253
59
424
437
388
464
124
7
121
108
321
422
132
308
488
89
160
384
82
79
348
439
184
98
84
39
202
13
412
310
345
440
90
486
161
445
73
88
41
122
66
492
225
14
434
176
387
87
127
422
66
205
455
11
84
430
194
395
16
319
27
165
169
221
342
218
435
147
408
280
396
221
5
353
364
182
127
346
438
125
27
467
301
276
306
297
104
485
10
41
340
477
381
288
414
148
463
85
346
359
243
440
359
315
384
37
129
448
164
50
146
264
14
292
466
464
421
152
280
159
425
356
381
151
128
75
383
224
39
117
11
325
101
244
21
62
373
313
434
364
146
464
294
39
435
482
4
433
136
257
218
38
231
281
80
128
414
103
244
342
376
122
198
265
32
35
335
440
419
35
459
311
349
474
407
279
441
204
144
427
327
321
439
43
466
34
32
7
9
447
56
365
205
23
293
351
27
60
326
336
460
195
132
29
414
151
15
404
269
224
323
439
12
183
441
268
220
216
147
487
93
240
450
98
325
446
342
136
33
280
296
415
462
300
4
156
459
400
337
340
7
23
342
75
455
347
60
153
445
415
374
390
405
116
422
261
328
440
292
117
151
91
317
31
154
42
21
442
477
450
181
245
320
308
252
386
325
496
298
9
399
147
230
450
67
92
335
122
180
40
108
437
68
133
165
24
166
289
491
306
269
167
436
424
309
296
250
317
470
21
236
494
297
295
262
423
462
296
452
83
456
157
273
18
46
194
278
106
431
356
287
415
292
276
371
104
268
475
398
390
392
403
444
357
250
410
74
433
319
125
324
175
95
375
180
367
88
452
217
393
287
67
416
180
127
54
17
269
91
356
261
169
64
393
84
49
120
469
166
496
22
387
100
312
225
87
211
120
69
232
379
206
218
367
50
167
344
135
166
393
156
372
70
231
7
409
3
452
81
400
266
401
465
444
468
371
43
28
11
4
18
82
89
239
110
171
56
46
45
422
227
426
478
424
465
220
382
71
2
241
227
496
407
153
202
89
39
92
240
145
122
253
174
498
431
10
49
181
22
244
322
266
168
151
377
404
484
145
414
363
348
3
400
382
451
323
499
460
392
316
402
179
418
361
96
321
269
422
91
226
169
491
44
365
207
421
169
231
4
122
184
131
322
100
345
266
384
491
249
215
294
315
115
230
273
155
372
210
52
453
398
427
316
326
401
64
489
280
59
90
149
217
209
484
58
97
500
34
422
245
440
479
260
479
453
294
94
248
297
203
202
458
98
368
327
317
225
34
389
362
69
426
349
179
6
56
489
48
235
446
465
446
90
493
235
205
130
31
292
97
359
12
110
477
22
241
372
202
494
40
284
331
453
257
4
213
409
272
444
197
113
377
50
28
112
375
271
247
129
403
470
57
342
106
443
381
382
497
58
67
498
212
54
89
318
454
473
12
65
435
226
379
274
466
36
292
112
219
269
337
354
102
468
159
317
154
436
174
99
429
380
243
71
341
306
226
487
1
71
4
334
60
182
227
370
367
388
284
32
390
364
257
123
439
44
42
381
396
72
389
473
427
323
114
470
405
253
131
313
82
311
184
307
256
441
322
84
265
181
295
388
150
324
231
445
486
295
86
440
112
472
327
217
324
468
278
380
175
34
108
175
320
190
327
107
13
254
490
415
18
458
30
122
240
415
378
209
276
428
32
486
64
489
24
106
5
229
222
401
351
322
61
215
494
407
367
170
246
297
403
269
180
118
357
367
2
186
431
158
64
285
403
7
465
400
149
88
165
456
216
77
335
296
334
477
115
445
105
198
342
227
316
181
454
455
425
64
198
472
30
96
416
408
449
235
436
52
484
350
320
486
361
19
110
430
124
28
239
478
267
110
162
50
255
465
119
194
295
220
232
15
63
441
207
430
178
414
316
247
362
199
346
