8366
1448
4058
1107
7296
7309
4172
7519
1958
5245
9849
5454
3296
2543
9201
5493
8404
339
7336
3998
9310
8056
407
3967
5655
1757
7242
4090
4340
4094
8714
2670
2557
9275
6352
705
8707
2883
8216
2318
3364
6164
8001
8491
3683
5852
2132
2500
8666
4658
5987
7567
4571
9795
1537
2181
2875
2422
521
2528
3446
6346
1591
1100
9692
82
8035
9170
1259
8847
8853
5489
4094
3368
1991
5954
3658
4517
6941
3105
5328
859
3648
9910
6827
9951
640
6639
1555
6531
3356
9351
6196
8513
1929
3564
7201
8510
1510
9484
8386
9629
1843
2324
9076
6277
1981
4613
505
8617
7946
9229
417
8713
4511
8768
9848
1671
9541
324
4177
9580
3068
5314
7164
2442
8452
8229
5407
2041
2215
2303
1779
5259
3582
1275
2716
6981
3650
4903
546
5758
1436
1005
769
9641
3717
612
8223
669
886
7891
2342
738
9457
7243
7477
5368
9644
605
8344
3691
2919
8220
7701
1279
9088
5950
9785
2265
2820
4790
8950
9276
1239
8336
2814
5379
402
192
1251
4561
1424
955
7243
8652
7273
5613
5313
3707
1466
5612
4430
5943
9149
8435
9498
2327
4101
842
671
2075
9666
6242
5333
1859
2503
6062
6389
9629
5375
7225
8295
193
568
2749
1585
3015
2248
8810
8725
1883
741
2826
5559
9426
922
2847
5266
7204
2414
7667
9145
9798
9284
3466
3831
6255
825
3049
3145
5533
1142
9909
5372
3676
1709
1973
4078
8729
4233
3789
5810
2982
6569
7846
4381
1707
6214
2157
2343
3850
7748
311
1644
6473
9790
3822
4499
509
9024
1096
1437
5016
510
7078
3227
2528
4202
7112
2734
1189
2974
6282
8556
9242
4163
3374
9572
4688
4905
1893
2000
3201
7786
2182
6141
7186
608
5627
8198
1323
3456
5330
6092
4023
9919
6156
1533
8829
3393
977
192
968
1800
9651
3440
1146
2553
5229
6594
1759
2859
9933
9049
2420
6914
7951
6637
8093
4087
7689
1539
7094
3240
1243
4760
329
8869
2310
9952
7259
1876
9530
7970
7660
8241
8754
4665
9018
4905
2575
1794
8506
2903
1535
8708
3669
3055
1047
1460
4676
9074
2925
6105
548
721
9243
5347
2415
4178
8357
7895
458
3344
850
5605
5801
3474
1499
5632
4129
9357
80
3649
8373
3455
5386
3415
1734
8525
5416
6475
5036
3977
5090
6238
9611
7640
8671
1966
4847
9583
7790
4922
1309
6220
5636
9386
9963
2447
2024
3234
8090
4921
426
1087
8431
937
3078
14
6393
3919
3498
1413
8824
9891
4741
6542
2947
7767
8632
6716
6440
8813
9316
9818
4985
8789
3611
1729
4398
3468
8097
1352
2141
5092
6706
4560
6430
8189
515
4415
8111
9350
3250
9912
9040
9978
4001
4797
2886
2932
2910
6880
8872
5723
6044
2252
4890
4933
2310
7794
4398
6153
6507
4235
4883
7328
4221
5413
2324
2449
5640
5655
9067
6971
9087
6842
2725
1115
7177
5049
6920
1007
2093
700
6743
538
3815
8153
6324
832
377
6010
5184
2088
5223
3934
6915
6429
6511
4593
7459
1133
9496
8197
4907
4261
5216
544
7596
425
2560
118
1070
442
9544
5817
7032
2197
4555
4712
9790
8109
7268
2599
1094
2785
2805
9815
6501
4688
4725
5208
5522
6220
4227
9535
5628
1681
456
7225
5051
7290
9739
1383
7567
6813
2717
6718
3235
4704
8599
9628
8033
3724
9130
4353
7195
943
9075
2664
4137
511
5151
2822
3993
9845
2083
227
6620
1872
3022
3209
4104
145
4254
784
1255
5428
9217
5184
4277
3490
1219
3217
8862
3054
5310
9444
2854
8858
1551
5387
6573
8074
8196
3246
3701
9653
7512
629
9417
7033
2096
2012
6355
6924
9466
5378
4477
8214
981
4523
4487
9293
5777
2359
7217
4003
2325
2856
9329
9388
3667
9931
138
7136
399
9664
616
8028
4286
9864
7525
2240
5090
1244
3688
3155
2785
555
4193
9406
581
9350
9963
4671
3374
2739
2188
9699
5923
1160
346
3045
4205
9115
829
2122
9502
8268
2433
7168
676
9865
6123
4107
8414
3821
7577
1933
5480
1581
1310
9993
8819
4745
5952
9549
5364
8426
9082
6240
3150
59
5234
2341
2872
1386
2937
4956
3591
1604
4275
6266
176
244
5264
5420
5317
6413
1956
8084
6964
2994
674
8923
3807
2258
8492
4819
3547
3126
1350
7807
875
4574
7374
6285
4823
4690
6251
4620
2236
6280
5983
7422
402
9620
820
3313
4024
9207
2050
9353
3226
7859
6126
7865
8523
4289
3159
8407
5176
7304
5564
76
5009
3649
6276
13
5604
6618
5178
4156
4988
9201
295
9677
9745
8222
87
9230
1900
7010
5971
9195
5685
1914
5145
2860
3491
2705
7631
4410
9822
7616
1254
6741
6084
9749
5550
1757
3026
7092
4453
7038
7639
6566
4060
3563
9242
1224
9528
5892
7589
5505
2492
1881
489
7976
6303
6577
7169
3637
8447
8156
5197
9374
8297
1175
8123
8482
21
1327
5779
7997
1816
381
6916
444
8078
5794
5845
8678
1317
2603
6286
6597
4794
789
4063
4149
6889
2916
2216
3844
3756
6769
429
4884
6302
488
7282
407
6005
4894
6543
8841
9446
3041
3823
2940
7727
6206
4099
6563
3281
2494
5491
8776
4172
3636
5539
8997
6827
9669
4201
9252
3279
3745
694
3096
2954
3743
5292
5172
1976
9987
4567
2143
4950
6681
9412
9953
3520
3422
9069
4133
9604
2939
2417
7246
4725
8393
6140
7362
6484
4490
4367
417
5141
2653
2979
1652
2749
2096
3793
6048
5903
9882
5014
2554
9755
5782
1256
9191
2887
4406
4351
1497
6315
3096
3642
6136
5433
2730
7969
72
9968
9053
6183
4153
3402
1547
3558
5159
8236
108
4317
2378
8505
128
6451
2207
6683
8261
6431
9334
8815
5956
1441
687
2735
5493
9264
6503
1985
7785
5712
1523
8405
8380
413
4207
1122
6182
287
8984
7771
9324
346
9383
1620
4053
2192
8737
1193
7179
4073
9847
9203
4372
7
9251
6416
7962
5267
