80839
80839
80839
80839
80839
80864
80864
80864
80864
80864
80864
80864
80865
80865
80865
80865
80865
80865
80866
80867
80867
80868
80868
80868
80868
80868
80868
80869
80869
80869
80869
80869
80870
80871
80871
80871
80896
80896
80896
80896
80896
80897
80897
80897
80897
80897
80897
80897
80898
80898
80898
80899
80899
80899
80899
80899
80899
80899
80900
80900
80901
80901
80901
80901
80902
80902
80903
80903
80903
80903
80903
80903
80928
80928
80928
80928
80929
80930
80930
80930
80930
80930
80930
80930
80931
80931
80931
80932
80932
80932
80932
80932
80933
80933
80933
80933
80933
80933
80934
80934
80934
80934
80934
80934
80934
80935
80935
80935
80935
80935
80960
80960
80960
80960
80960
80960
80960
80961
80961
80961
80961
80961
80961
80962
80962
80962
80962
80963
80963
80963
80963
80964
80964
80964
80964
80964
80964
80965
80965
80965
80965
80966
80967
80967
80967
80992
80992
80992
80992
80992
80992
80992
80993
80993
80994
80994
80994
80995
80995
80995
80995
80996
80996
80997
80997
80998
80998
80998
80998
80998
80998
80999
80999
80999
80999
81024
81024
81024
81024
81024
81024
81025
81025
81025
81025
81025
81025
81025
81026
81027
81027
81027
81028
81028
81028
81028
81029
81030
81030
81030
81030
81031
81031
81031
81031
81031
81031
81056
81056
81056
81056
81056
81056
81057
81057
81057
81057
81057
81058
81058
81058
81059
81059
81059
81059
81059
81059
81060
81060
81060
81060
81060
81060
81060
81061
81061
81062
81062
81062
81062
81062
81062
81063
81063
81063
81063
81088
81088
81088
81088
81088
81089
81089
81089
81089
81090
81090
81090
81090
81090
81091
81091
81092
81092
81092
81092
81092
81092
81092
81093
81093
81093
81093
81093
81094
81094
81094
81094
81095
81095
81095
81095
81095
81095
81095
81120
81120
81120
81120
81120
81120
81121
81121
81121
81121
81121
81121
81121
81122
81122
81122
81122
81122
81122
81122
81123
81123
81123
81123
81123
81123
81124
81124
81124
81124
81124
81125
81125
81125
81125
81125
81126
81126
81126
81126
81126
81126
81126
81127
81127
81127
81127
81127
81152
81152
81152
81152
81152
81152
81152
81153
81153
81154
81154
81154
81155
81155
81155
81156
81156
81156
81156
81156
81157
81158
81158
81158
81158
81158
81158
81158
81159
81159
81184
81184
81184
81185
81185
81185
81186
81187
81187
81187
81187
81187
81187
81188
81188
81188
81188
81188
81188
81189
81189
81189
81189
81190
81190
81190
81190
81190
81190
81191
81191
81191
81191
81191
81191
81191
81216
81216
81216
81216
81216
81216
81216
81217
81217
81217
81217
81217
81217
81217
81218
81218
81218
81218
81218
81218
81219
81219
81219
81219
81219
81220
81220
81220
81220
81220
81220
81220
81221
81221
81221
81221
81221
81222
81222
81222
81222
81222
81222
81222
81223
81223
81223
81223
81248
81248
81248
81248
81249
81249
81250
81250
81251
81251
81251
81251
81252
81252
81252
81252
81253
81253
81253
81253
81254
81254
81254
81254
81254
81254
81255
81255
81255
81255
81280
81280
81281
81281
81281
81282
81282
81282
81282
81282
81283
81283
81284
81284
81284
81284
81284
81284
81284
81285
81285
81285
81285
81286
81286
81287
81312
81312
81313
81313
81313
81313
81314
81314
81314
81315
81315
81315
81315
81315
81315
81316
81317
81317
81318
81318
81319
81319
81319
81344
81344
81344
81344
81344
81344
81345
81345
81345
81345
81345
81345
81345
81346
81346
81346
81346
81346
81346
81347
81347
81347
81347
81347
81347
81347
81348
81349
81349
81349
81349
81349
81349
81349
81350
81351
81351
81351
81351
81351
81351
81351
81376
81376
81376
81376
81376
81376
81376
81377
81377
81378
81378
81378
81378
81378
81379
81379
81379
81379
81379
81379
81379
81380
81380
81380
81380
81380
81381
81381
81381
81382
81382
81382
81382
81383
81383
81383
81408
81408
81408
81408
81408
81408
81408
81409
81409
81409
81410
81410
81410
81410
81410
81411
81411
81412
81412
81412
81412
81412
81413
81413
81413
81413
81413
81414
81414
81414
81414
81415
81415
81415
81415
81440
81440
81440
81440
81440
81440
81440
81441
81441
81442
81442
81442
81443
81443
81443
81443
81443
81443
81443
81444
81444
81445
81445
81445
81446
81446
81447
81447
81447
81472
81472
81472
81472
81472
81472
81473
81473
81473
81473
81474
81474
81474
81474
81474
81474
81474
81475
81475
81475
81475
81476
81476
81477
81477
81478
81478
81479
81479
81479
81504
81504
81505
81505
81505
81505
81505
81506
81506
81506
81507
81508
81508
81509
81509
81510
81510
81511
81511
81536
81536
81536
81536
81537
81537
81537
81538
81539
81539
81539
81539
81539
81539
81540
81540
81540
81540
81541
81541
81542
81542
81542
81543
81543
81543
81568
81568
81568
81568
81568
81569
81569
81569
81569
81569
81570
81570
81570
81570
81570
81570
81570
81571
81571
81572
81573
81573
81573
81573
81573
81573
81574
81574
81574
81575
81575
81575
81600
81600
81601
81601
81601
81601
81601
81601
81602
81602
81602
81602
81602
81602
81602
81603
81603
81603
81603
81604
81604
81605
81605
81605
81605
81605
81606
81606
81606
81607
81607
81607
81632
81633
81634
81634
81634
81634
81634
81635
81635
81635
81635
81635
81635
81636
81636
81636
81636
81636
81636
81637
81637
81638
81638
81639
81639
81639
81639
81664
81664
81664
81665
81666
81666
81666
81666
81666
81666
81667
81667
81667
81667
81667
81667
81668
81668
81669
81669
81670
81671
81671
81671
81671
81696
81696
81696
81696
81696
81696
81696
81697
81697
81697
81697
81697
81697
81697
81698
81698
81698
81698
81698
81698
81698
81699
81699
81699
81699
81699
81699
81700
81700
81701
81702
81702
81702
81702
81703
81728
81729
81729
81730
81731
81731
81731
81731
81732
81732
81732
81732
81733
81733
81733
81733
81733
81733
81734
81734
81734
81734
81734
81735
81735
81735
81735
81760
81760
81760
81761
81761
81761
81761
81762
81763
81763
81764
81764
81764
81764
81764
81764
81765
81765
81765
81766
81766
81766
81766
81766
81766
81767
81767
81767
81767
81767
81767
81792
81792
81792
81792
81792
81793
81793
81794
81794
81794
81794
81794
81794
81794
81795
81795
81795
81795
81796
81796
81796
81796
81796
81797
81798
81798
81798
81799
81799
81799
81824
81825
81825
81825
81825
81825
81825
81825
81826
81826
81826
81826
81826
81826
81827
81827
81828
81829
