368
15
150
311
385
202
108
205
287
255
87
274
90
447
204
392
136
81
166
338
431
130
24
261
62
442
289
171
251
175
252
369
104
270
269
381
355
185
161
87
280
348
359
424
138
354
344
231
49
410
332
221
436
64
257
312
308
492
83
266
383
240
105
91
65
115
266
470
30
159
16
284
440
62
274
97
75
455
192
9
184
357
383
417
160
114
464
305
240
189
481
89
394
52
72
236
318
19
461
334
344
154
132
483
265
193
110
85
477
239
457
408
217
81
352
80
328
472
217
319
15
42
391
83
258
447
236
88
26
273
234
417
334
214
378
251
419
209
34
251
323
120
22
3
37
227
336
245
286
186
472
340
174
376
335
236
370
239
420
391
180
87
473
346
434
187
163
62
221
163
23
393
439
476
230
419
133
237
55
152
394
175
494
499
81
468
79
419
7
40
113
356
279
379
217
277
402
358
142
384
25
181
144
203
277
146
379
267
466
168
333
459
454
391
95
127
415
159
58
357
93
99
74
318
390
425
292
479
381
418
70
86
90
325
387
420
236
331
463
345
324
414
143
397
484
132
136
4
91
266
302
16
402
213
318
23
120
337
230
262
330
271
99
270
271
226
53
30
57
492
287
467
484
13
472
371
31
229
58
50
94
68
301
157
327
231
358
100
411
65
195
197
250
162
12
310
181
456
281
287
90
474
64
130
399
430
428
203
115
368
347
307
313
117
169
61
390
351
484
481
86
396
420
239
447
276
398
213
450
369
11
130
24
413
223
226
240
176
52
427
482
34
22
68
246
262
257
105
100
375
227
354
390
255
299
137
365
248
124
234
298
220
277
256
408
213
163
38
204
276
38
367
108
38
320
391
325
260
433
447
266
212
207
453
301
6
139
76
147
428
453
165
311
14
96
397
470
3
410
483
435
48
422
56
286
117
53
142
19
376
90
20
369
248
64
230
328
429
83
128
26
281
307
296
478
205
200
187
18
346
110
365
242
368
292
219
498
15
288
121
20
159
91
396
323
337
132
254
14
294
156
107
493
321
429
451
44
194
84
355
293
77
338
258
100
299
199
199
307
52
38
97
313
241
488
243
6
473
442
375
489
239
301
466
122
452
120
418
6
446
243
164
333
280
138
161
276
473
363
381
283
122
95
357
477
68
366
128
295
440
346
308
334
489
213
220
65
215
303
368
421
475
418
32
186
444
331
377
220
150
425
277
221
344
263
154
235
24
121
422
105
14
231
274
361
47
189
252
163
123
419
63
50
278
267
136
373
48
291
486
467
138
352
379
159
312
173
497
26
329
463
318
51
286
271
485
337
31
232
139
28
398
258
70
78
16
323
243
82
352
305
412
155
397
369
278
350
468
39
470
357
412
255
361
55
138
251
339
145
370
340
70
258
364
454
250
16
230
393
345
27
479
379
302
168
288
202
160
255
405
145
85
85
479
202
106
276
222
351
467
175
380
261
44
352
210
140
70
161
332
41
117
9
30
34
36
433
79
242
83
458
229
453
205
37
378
165
373
76
287
440
385
152
45
92
479
486
50
62
266
375
21
182
230
362
256
480
489
50
170
137
237
197
20
123
390
45
496
61
284
472
250
447
53
294
419
497
397
157
396
487
294
480
438
228
323
323
484
42
215
364
382
219
239
1
465
321
127
231
210
128
254
132
196
471
217
74
391
34
363
494
354
412
90
87
9
374
192
420
315
434
235
258
130
144
370
422
149
46
326
138
81
227
128
255
149
269
276
348
144
263
30
317
466
433
409
232
178
270
59
488
14
83
166
50
48
110
402
311
304
369
77
499
229
160
446
407
460
278
257
100
353
155
407
187
216
118
10
31
409
111
331
55
221
469
221
423
440
389
157
350
352
178
443
238
376
44
406
292
230
6
232
453
291
87
53
282
463
45
427
358
104
314
59
207
75
245
386
93
221
107
376
99
170
384
293
439
440
109
233
300
277
47
362
313
140
87
383
185
468
350
77
89
8
149
457
120
217
408
452
201
310
206
121
166
220
457
151
448
200
159
472
208
176
405
307
362
141
259
433
126
249
337
184
156
153
13
32
349
9
193
115
390
455
412
100
165
274
340
190
172
88
398
454
465
64
499
442
127
73
424
66
379
477
468
404
399
245
49
289
32
90
431
141
188
264
106
117
129
409
353
331
412
325
290
311
430
110
487
191
216
88
218
194
384
120
246
58
115
245
344
360
96
469
389
28
82
180
191
149
460
499
52
199
495
491
377
194
448
178
350
370
488
266
442
490
28
14
278
353
