166370
166370
166370
166371
166371
166371
166372
166372
166372
166372
166372
166372
166373
166374
166374
166374
166374
166374
166374
166374
166375
166400
166400
166400
166400
166400
166400
166400
166401
166401
166401
166402
166402
166403
166403
166403
166403
166404
166404
166405
166405
166405
166405
166405
166406
166406
166406
166406
166406
166406
166407
166407
166407
166407
166407
166432
166432
166432
166432
166432
166433
166433
166433
166433
166433
166433
166433
166434
166434
166434
166434
166435
166435
166435
166435
166435
166436
166436
166436
166436
166436
166436
166437
166437
166437
166437
166437
166437
166438
166438
166439
166439
166439
166439
166439
166439
166439
166464
166464
166464
166464
166464
166464
166465
166465
166465
166465
166465
166465
166466
166466
166466
166466
166466
166466
166467
166467
166467
166467
166467
166468
166469
166469
166469
166469
166469
166469
166469
166470
166470
166470
166470
166470
166471
166496
166496
166496
166496
166496
166496
166496
166497
166498
166498
166498
166498
166498
166499
166499
166499
166499
166499
166500
166500
166500
166500
166501
166501
166502
166502
166502
166502
166502
166502
166502
166503
166503
166503
166503
166528
166528
166529
166529
166530
166530
166530
166530
166530
166531
166531
166531
166531
166531
166531
166532
166532
166532
166533
166533
166533
166533
166534
166534
166535
166535
166535
166535
166560
166561
166561
166562
166562
166562
166562
166562
166562
166562
166563
166563
166563
166563
166563
166564
166564
166564
166565
166565
166566
166566
166566
166566
166566
166566
166566
166567
166592
166592
166592
166592
166592
166592
166593
166593
166593
166594
166594
166595
166595
166595
166596
166596
166596
166596
166596
166596
166597
166597
166597
166597
166598
166598
166598
166598
166598
166598
166599
166599
166599
166599
166624
166624
166625
166625
166625
166625
166626
166626
166626
166626
166626
166626
166627
166627
166627
166627
166628
166628
166628
166628
166628
166629
166629
166629
166629
166629
166629
166630
166630
166631
166631
166631
166631
166631
166631
166656
166656
166656
166656
166656
166657
166657
166657
166657
166658
166658
166658
166658
166658
166659
166660
166660
166660
166660
166661
166661
166661
166662
166663
166688
166688
166688
166688
166688
166689
166689
166689
166690
166690
166690
166691
166692
166692
166692
166692
166693
166693
166693
166693
166693
166693
166694
166695
166720
166720
166721
166721
166721
166721
166721
166722
166722
166722
166722
166722
166722
166722
166723
166723
166723
166723
166723
166724
166724
166724
166724
166724
166724
166724
166725
166725
166725
166725
166725
166726
166726
166726
166726
166727
166727
166727
166752
166752
166753
166753
166753
166753
166754
166755
166755
166755
166755
166755
166755
166756
166756
166756
166756
166756
166756
166756
166757
166757
166757
166757
166757
166757
166757
166758
166758
166758
166758
166758
166758
166759
166759
166759
166759
166784
166784
166784
166784
166784
166784
166785
166785
166786
166786
166786
166786
166786
166787
166787
166788
166789
166789
166789
166789
166789
166789
166789
166790
166791
166791
166791
166791
166816
166816
166816
166816
166816
166816
166816
166817
166817
166817
166817
166817
166818
166818
166818
166818
166818
166818
166818
166819
166819
166819
166820
166820
166820
166820
166821
166821
166822
166822
166822
166822
166822
166822
166823
166848
166848
166849
166849
166849
166849
166849
166849
166850
166850
166850
166850
166850
166851
166851
166851
166851
166852
166852
166853
166853
166853
166853
166853
166854
166854
166854
166854
166854
166855
166880
166880
166880
166880
166880
166881
166881
166881
166881
166882
166883
166883
166884
166885
166885
166885
166885
166885
166886
166887
166887
166912
166912
166912
166912
166912
166913
166913
166913
166913
166913
166914
166914
166914
166914
166915
166915
166915
166915
166915
166915
166916
166916
166916
166916
166916
166917
166918
166918
166919
166919
166944
166944
166944
166944
166944
166944
166945
166945
166945
166946
166946
166946
166947
166947
166947
166947
166947
166947
166948
166948
166948
166949
166949
166949
166949
166949
166949
166950
166950
166950
166951
166951
166951
166951
166976
166976
166977
166977
166977
166977
166978
166978
166978
166978
166978
166978
166978
166979
166979
166980
166980
166980
166980
166980
166981
166981
166981
166981
166981
166982
166982
166982
166983
166983
166983
166983
166983
167008
167008
167008
167008
167008
167008
167009
167010
167010
167010
167010
167010
167010
167010
167011
167012
167012
167012
167013
167013
167013
167013
167013
167013
167014
167015
167015
167015
167015
167015
167040
167040
167040
167041
167041
167042
167042
167042
167042
167043
167044
167044
167044
167044
167044
167044
167044
167045
167045
167045
167045
167045
167045
167046
167046
167046
167046
167046
167047
167047
167047
167047
167072
167072
167072
167072
167072
167073
167073
167074
167074
167075
167075
167075
167075
167076
167076
167076
167076
167076
167076
167076
167077
167077
167078
167078
167078
167079
167079
167079
167079
167104
167104
167104
167104
167104
167104
167104
167105
167105
167105
167105
167106
167106
167106
167106
167106
167106
167107
167107
167107
167107
167108
167108
167108
167108
167108
167108
167109
167109
167109
167109
167109
167109
167109
167110
167110
167111
167111
167111
167111
167136
167137
167137
167137
167138
167138
167138
167138
167139
167139
167139
167139
167140
167140
167140
167140
167141
167141
167141
167141
167141
167142
167143
167143
167143
167143
167143
167143
167143
167168
167168
167168
167169
167169
167169
167169
167169
167170
167170
167170
167170
167171
167171
167171
167171
167171
167172
167172
167172
167172
167173
167173
167173
167174
167174
167174
167175
167175
167175
167175
167175
167175
167175
167200
167200
167200
167200
167200
167201
167201
167201
167202
167202
167202
167202
167202
167202
167202
167203
167204
167204
167204
167204
167205
167206
167206
167206
167206
167206
167206
167206
167207
167207
167232
167232
167232
167233
167233
167233
167234
167234
167234
167234
167235
167235
167236
167237
167237
167237
167238
167238
167238
167238
167238
167238
167239
167239
167239
167239
167239
167239
167264
167264
167264
167265
167266
167266
167267
167267
167268
167269
167269
167269
167269
167270
167270
167270
167270
167270
167270
167270
167271
167271
167271
167271
167271
167271
167296
167296
167296
167296
167297
167297
167297
167298
167298
167298
167298
167298
167299
167299
167299
167299
167299
167299
167300
167301
167301
167301
167302
167302
167302
167302
167302
167303
167303
167303
167328
167328
167328
167328
167328
167328
167328
167329
167329
167329
167329
167330
167330
167331
167331
167331
167331
167331
167331
167332
167332
167333
167333
167333
167333
167333
167333
167334
167334
167334
167334
167334
167334
167334
167335
167335
167360
167360
167360
167360
167360
167361
167361
167362
167362
167362
167362
167362
167362
167362
167363
167363
167363
167363
167363
167363
167363
167364
167364
167364
167364
167364
167365
167365
