26650.22
47326.68
17824.20
4925.35
23190.31
45200.00
28613.62
64916.88
65709.20
25290.30
29347.92
39039.85
48612.41
17371.08
59562.56
33068.97
71959.44
40138.88
42242.46
36521.15
66874.30
82542.68
56970.20
24091.74
43633.40
33326.64
55770.56
44584.80
69997.48
19952.90
52040.50
18884.52
12793.70
51799.44
54321.76
56291.07
72441.26
36588.68
4330.59
23684.83
33035.70
40511.28
11597.25
30802.30
7502.04
60923.32
70120.96
11722.60
55778.80
27058.56
53463.50
8601.36
59863.94
54276.09
11784.60
77747.32
14928.66
19488.42
21425.04
79103.25
27772.16
3705.90
19196.74
51392.72
34560.54
66422.40
82661.85
48561.80
1864.04
45324.18
83638.00
61763.13
70544.70
11702.60
60826.35
6238.60
22331.40
18028.90
2696.88
58558.79
1903.99
75980.04
38597.76
72989.42
53416.80
61929.36
13702.40
67018.98
66484.56
18115.20
34304.66
46749.00
2730.03
22090.20
2901.08
42349.44
49719.20
55904.26
35092.42
50698.56
35377.05
41786.28
19937.19
30040.92
7342.80
36464.74
45729.60
43277.64
3546.81
35701.92
39850.88
76625.55
72778.44
8749.20
50381.64
14181.03
49672.50
3505.68
61675.68
35501.96
26667.22
39672.30
22094.94
28597.05
47602.50
30083.67
1476.57
52347.42
66817.30
14267.54
35226.38
13847.12
31624.02
18818.80
46850.85
20657.67
9114.60
75931.80
9050.00
9663.29
56727.52
73736.40
16305.76
23695.05
5533.92
12076.80
29965.68
11429.94
47537.84
43101.08
29307.72
11396.16
73953.88
48201.00
26054.34
72527.00
73978.50
13731.74
52134.90
10622.43
60502.26
10931.62
23000.48
26110.14
78472.80
44507.40
58472.55
32222.58
1659.75
11652.72
64146.54
52164.60
54539.04
51992.64
4637.00
7112.77
37921.02
50184.00
7722.33
27551.45
18909.90
31489.02
26057.74
20770.68
38541.65
75553.38
47218.68
58923.00
16401.92
6214.56
48684.33
5111.37
15361.65
40419.12
14359.12
27911.52
70758.62
79716.00
9649.44
51996.35
40707.03
22392.48
16508.02
16347.30
43147.31
31386.39
57966.42
52404.58
3198.48
46670.85
61373.38
84288.50
43807.40
55094.40
23726.00
13356.56
56686.72
17048.00
3369.54
53125.68
73902.24
41921.88
9922.64
44444.84
11932.64
60902.22
40043.20
24982.52
15438.50
31833.84
25663.20
52481.25
72820.86
55287.90
5115.60
67515.93
51440.47
29331.50
48169.03
70585.97
50543.10
50002.80
82387.00
1493.59
43040.25
2857.04
51850.40
83623.86
12060.72
71881.90
18069.95
19929.14
13950.72
34522.11
43907.73
18835.92
49460.16
65633.19
8879.30
47372.49
6671.35
52327.11
57871.50
41925.60
57025.10
62282.00
40331.20
19743.47
31534.00
25734.36
32695.58
28675.62
26476.56
60103.46
48621.60
62057.16
29458.11
23939.96
9289.75
43609.84
35127.70
965.06
1396.49
54692.75
12136.81
1435.52
39770.12
31605.30
18099.52
7696.48
35262.48
65289.07
17218.56
40118.40
16307.10
52661.10
5612.91
60139.35
69609.93
4474.74
62373.86
51535.44
46423.75
3739.92
31221.35
36074.64
24707.90
61228.44
39560.43
13357.30
48039.12
76940.64
24761.35
4964.22
7547.19
66818.30
24597.04
25674.88
76180.50
49458.30
53077.61
33739.64
65447.03
62098.60
73047.97
19975.01
24926.60
45215.05
23533.20
2168.36
73778.50
18035.52
27673.95
78916.74
48373.80
61997.52
37351.00
3757.02
8545.28
6751.32
40950.00
56018.27
17375.87
8799.30
16644.81
2839.02
1261.35
62435.80
17418.48
80640.77
12541.20
85104.67
40043.20
6831.20
39714.94
29958.24
3654.93
62336.86
34169.83
61091.10
54639.75
21262.50
6547.00
35037.52
45409.50
65010.40
56832.04
36764.25
72538.05
7077.70
4865.30
40602.90
8178.60
65205.60
19540.96
57349.32
11552.50
54747.60
26476.56
51387.35
43804.92
4388.72
47208.32
81617.36
22357.53
34214.34
29684.48
8013.45
4856.10
32338.56
3239.42
72177.00
48365.68
53271.12
8018.45
49660.92
47594.12
29705.13
31823.32
51154.25
89077.59
33444.72
12508.16
19494.67
43876.50
94949.50
27862.52
39941.79
16661.64
11520.72
6221.65
4665.04
63247.05
83800.32
29231.20
50358.72
51175.68
5956.40
1801.89
23642.92
13118.28
4797.16
18619.95
4917.28
12397.44
10438.98
70040.06
76404.98
33531.30
39237.90
53334.10
7112.70
26272.62
47031.30
25347.60
12604.41
35750.75
70732.97
51164.46
34476.33
8479.10
12196.96
55904.85
31082.76
10560.20
62738.91
20266.26
19921.60
10987.62
38726.71
15910.65
4556.92
14480.00
8217.00
48276.36
26228.93
35738.76
65020.00
67121.10
62728.12
16775.55
18135.46
61899.79
53107.50
55429.78
51943.93
16065.68
33776.40
18648.76
41467.68
9868.44
69193.35
60788.22
38378.73
3312.60
56802.48
56129.15
43520.73
5477.84
36649.90
43607.52
61253.93
6927.28
34812.80
18331.60
27419.26
39434.85
9307.08
42661.08
44039.58
38088.89
10851.80
46052.44
41449.76
90696.55
16649.76
43353.63
53733.24
25072.32
27118.98
40238.64
16457.40
51781.13
6739.12
36083.34
40083.66
18283.44
13552.84
43049.24
29424.96
46890.60
24460.80
27351.07
37408.68
31401.60
2430.62
66420.50
20847.97
14765.70
17154.70
56412.96
44253.12
14030.80
52290.35
4501.77
44943.38
15953.44
52001.48
17035.53
25324.60
30973.60
28255.50
53706.55
15902.40
54151.72
70820.10
76244.52
48654.06
62895.30
52165.87
60191.04
30143.52
54321.96
10739.61
62842.05
54111.96
23109.89
20181.60
6230.56
50854.80
16658.46
1876.97
62797.05
70101.80
67901.06
62346.13
45105.58
20064.00
50092.80
39080.91
49042.90
30657.60
6234.78
13434.30
5389.76
60506.86
51285.46
64917.12
10692.66
25856.83
26112.45
39561.86
79427.52
27858.41
36253.52
69157.98
56680.04
82196.02
3145.34
56489.40
61175.25
18649.60
83555.56
64057.95
51227.00
41384.10
25346.70
11388.24
52527.16
67560.00
36920.80
55067.52
8276.82
61282.60
49931.04
51852.12
26056.62
84057.75
26578.08
14295.60
21102.80
13451.31
83163.40
26087.06
71718.27
63678.96
88172.16
44248.00
51546.04
79091.52
9186.87
27121.64
75750.04
4489.74
10316.16
30657.60
43223.04
29005.02
1709.80
4213.50
36650.88
56940.80
17347.00
24276.50
38787.64
34227.83
22003.24
61682.80
34751.74
12712.00
6026.40
46651.50
6012.54
22224.48
56468.72
4781.07
20184.23
24722.88
33983.46
47434.95
33495.84
13006.28
36272.28
43381.94
2815.00
29078.93
5838.20
37921.60
16530.08
20485.92
14592.00
31059.68
26362.12
9450.30
6582.96
48713.33
45326.79
45093.30
49864.36
10853.40
52789.76
80346.77
42114.51
68280.48
26151.93
59426.64
21613.12
8542.17
3483.66
67888.52
22410.15
53811.31
66421.00
30558.33
23112.48
67966.04
34828.15
32843.04
32196.09
11778.00
42407.82
13482.70
10769.34
2757.03
67896.00
46179.35
35171.18
29056.00
46850.85
33205.96
14172.34
5646.10
16369.64
24026.25
13684.60
15326.30
62727.96
60249.84
43061.20
25030.32
26999.58
63637.47
28145.70
20518.47
22976.70
23393.53
32094.72
45383.52
14555.50
38291.48
19316.40
15244.02
57212.00
6647.10
24166.35
23893.50
21698.10
53638.28
70868.98
62145.60
47571.84
26970.69
60944.40
1852.02
71265.60
38949.24
50246.82
5954.32
10649.43
46145.98
20812.68
47971.60
5353.72
40794.96
3297.48
50566.12
5962.32
73117.00
50335.32
75258.96
14752.16
54449.29
22787.94
49052.40
21902.14
37867.23
38027.73
40966.40
14739.84
43735.73
37141.52
28317.75
20001.80
33523.88
43220.15
76667.85
26683.86
42391.80
40040.29
55008.10
28776.42
8889.35
37910.34
35944.22
73562.85
33732.00
27143.73
70033.60
17507.04
41885.01
25203.69
62706.40
34576.52
39784.47
36647.68
3489.66
36735.12
50746.34
58117.50
4328.68
28451.08
5573.85
50243.10
30993.12
40552.08
3489.78
66447.93
54818.40
88343.00
74493.31
29494.50
40559.03
30377.34
22530.64
67346.55
12760.37
39166.25
16561.92
49584.20
8348.80
49071.90
89494.00
49270.65
41904.20
50381.64
37241.16
16605.81
63410.97
60164.50
56363.40
63298.88
37156.32
12861.86
86010.72
43284.82
27058.50
56941.20
46074.35
46570.14
23061.78
51668.12
24084.22
5576.82
58958.28
64676.64
36200.22
7339.72
65343.23
70870.80
16327.30
1111.21
60850.02
53059.72
51224.06
71715.20
31701.60
42709.85
38795.71
22956.66
13770.15
85879.70
33003.36
18159.10
6091.55
48380.76
1255.34
36700.17
36748.28
4171.44
37754.34
24386.25
30903.60
6558.92
66359.30
44943.79
38682.00
77213.40
8724.15
5366.64
48540.06
25031.40
15304.66
56324.21
29637.55
26110.29
43249.92
41388.16
24473.92
27355.64
49813.11
84889.50
45457.28
64819.50
7687.33
21275.32
53369.82
52765.50
37860.92
23998.26
71535.60
28505.75
63904.65
28380.78
88845.12
4945.40
59528.00
19435.46
51622.12
35612.75
10174.74
28573.92
44707.27
29225.24
52387.33
2492.68
44933.49
80319.15
25563.84
2934.21
20622.40
27940.64
35888.25
14640.86
6356.80
38239.32
39996.00
32573.09
41932.80
74228.50
1075.16
15716.70
62148.94
7367.85
43607.52
66262.14
19196.28
29542.86
58933.71
22760.08
31778.56
4054.32
39197.34
61365.15
62817.86
4100.48
1832.00
45688.65
89517.60
80868.48
41012.28
15200.38
19172.64
37936.08
65550.03
10829.40
70714.40
51359.44
10439.44
32743.10
30062.13
10408.98
12550.23
12982.97
48106.10
26881.68
41140.88
960.05
24061.22
61979.28
82787.50
44569.98
32276.31
50193.78
24840.27
24712.87
74103.49
81733.92
64373.71
13768.95
50812.53
20507.10
36294.28
45197.50
17373.59
6907.44
40940.90
3306.57
68027.82
19821.42
43012.20
42827.38
1719.81
34092.24
6871.24
48825.81
94499.00
60670.26
42212.40
60515.50
47631.09
50934.40
30107.50
3096.36
14821.20
68382.68
34076.91
69593.20
1104.20
47279.70
29298.78
49342.39
45556.36
31402.25
16698.00
74164.90
6346.72
81686.50
33860.80
59003.53
57362.00
