166
224
264
238
39
421
467
343
133
309
123
499
160
408
49
310
66
308
398
242
98
485
39
17
202
13
309
231
176
120
440
3
468
74
314
406
332
222
213
449
384
221
204
238
284
254
243
462
294
172
302
232
166
299
448
128
448
350
444
69
324
217
162
175
184
266
104
347
87
66
32
245
107
438
149
359
418
413
193
369
44
65
432
145
22
49
233
72
176
117
197
288
448
190
26
101
1
107
369
75
74
46
113
191
491
333
297
362
281
363
34
488
294
58
361
247
496
167
405
320
163
20
188
34
299
57
41
281
403
240
422
65
202
126
25
57
60
31
312
449
272
494
1
23
143
415
475
232
197
361
362
396
343
434
62
175
280
25
433
111
498
385
127
475
255
15
12
461
184
134
278
166
360
447
1
104
149
467
31
97
88
448
306
418
305
93
195
44
190
370
282
153
331
276
237
270
339
363
16
228
301
301
249
41
451
244
227
418
151
486
263
433
277
99
271
227
222
362
228
253
476
240
406
466
50
112
460
45
463
461
428
66
330
427
103
164
421
54
211
233
439
27
69
449
27
470
207
105
255
336
279
214
79
494
130
23
200
231
171
309
460
486
435
357
348
464
380
11
152
298
349
176
391
84
387
128
130
444
137
323
238
387
400
132
496
231
75
270
230
141
126
186
47
43
380
70
157
104
440
446
391
170
314
243
476
252
179
45
19
141
318
427
403
177
144
379
205
317
469
2
356
121
3
467
345
489
466
172
238
6
261
241
384
10
266
80
234
282
130
195
96
458
87
347
149
243
486
13
370
270
169
35
365
424
85
283
245
281
238
312
499
485
255
170
407
176
425
337
82
110
241
373
486
16
349
33
53
101
420
364
465
124
332
301
464
86
416
14
115
306
427
437
129
53
23
192
154
183
185
105
117
439
275
311
437
55
469
471
383
386
212
20
45
156
183
113
206
475
158
64
352
417
392
223
317
93
181
483
397
455
205
108
428
498
88
275
302
432
344
16
201
61
56
21
453
252
243
248
25
376
470
129
48
332
70
454
413
205
223
494
414
135
97
487
19
357
274
33
226
395
85
177
82
150
346
301
294
229
58
481
456
403
172
77
293
123
186
491
235
199
280
483
453
317
194
133
186
495
119
11
57
245
176
6
284
356
88
115
456
178
108
94
139
271
257
381
402
150
54
127
330
394
321
81
249
123
227
205
433
430
102
128
453
368
204
108
53
424
165
92
103
184
265
456
312
9
469
439
93
315
432
228
24
412
169
283
326
173
403
489
452
280
32
117
7
33
203
303
342
163
84
44
287
305
232
353
421
129
309
10
378
482
78
427
317
100
30
185
387
47
187
313
458
305
383
89
411
401
235
324
478
265
192
383
224
73
62
478
234
357
84
39
210
454
419
111
423
267
122
6
365
287
257
93
27
443
330
167
255
281
24
110
440
448
28
354
242
192
384
229
44
477
408
67
105
303
320
432
138
227
231
416
462
258
22
299
367
243
261
21
10
69
495
50
479
31
43
105
381
395
70
234
457
239
421
355
307
310
212
259
407
429
297
59
497
120
370
411
148
6
410
219
328
23
320
205
465
140
246
476
194
351
396
245
93
322
84
200
274
408
475
232
169
26
496
413
43
414
64
411
46
332
214
33
302
124
471
116
422
393
346
94
497
338
443
377
239
275
413
13
449
51
9
479
377
430
321
262
319
50
385
286
263
217
177
145
162
180
269
22
458
239
173
304
121
228
134
263
467
477
249
433
166
396
479
72
420
209
207
281
69
454
354
246
322
497
245
50
457
48
39
318
193
175
21
258
499
384
393
445
99
174
155
430
385
267
297
210
407
327
234
312
35
48
155
284
7
53
342
281
335
168
390
114
230
27
365
234
92
472
81
331
174
77
484
80
50
448
118
6
390
37
230
80
474
241
126
261
248
182
4
466
14
233
482
284
483
102
316
418
13
277
382
190
98
211
347
210
14
379
56
283
289
213
420
177
58
150
264
429
276
41
320
223
49
445
349
232
238
280
212
452
45
180
356
73
256
418
220
76
308
342
289
240
13
238
86
202
460
389
461
287
140
444
97
56
358
291
173
147
242
50
190
395
280
74
468
363
249
173
298
89
12
404
199
477
167
465
192
329
423
487
285
3
478
278
178
251
266
444
411
172
260
13
197
377
162
223
447
370
344
323
281
93
401
333
35
428
4
378
69
445
348
366
338
358
37
317
62
444
226
378
331
397
78
341
199
334
472
180
490
66
275
217
223
368
431
285
185
361
