235
305
401
402
229
295
387
394
75
273
181
496
129
442
408
409
296
33
287
56
292
491
102
170
472
67
389
243
297
189
492
234
320
342
29
195
402
399
316
87
167
201
233
386
210
341
284
160
46
304
276
194
426
174
463
182
212
156
441
13
382
440
154
490
270
328
394
240
334
438
407
279
162
24
114
268
452
459
245
345
464
495
417
459
45
416
377
494
327
219
4
135
40
104
368
316
3
400
226
291
233
142
7
50
317
117
495
285
381
393
425
70
113
335
245
105
425
61
346
384
324
160
104
87
74
10
143
9
240
142
118
117
50
201
255
427
155
393
52
286
209
387
171
390
326
469
214
395
413
404
283
45
226
118
32
219
147
228
191
252
307
35
84
111
162
349
131
236
89
30
45
282
288
404
53
452
56
78
467
281
323
181
73
280
73
458
295
209
39
110
386
211
10
366
401
232
210
359
2
50
332
325
183
285
190
339
246
429
5
132
499
117
334
218
418
382
95
363
160
361
367
113
454
410
332
419
388
234
455
174
306
62
32
150
3
440
20
269
478
499
442
282
261
341
384
259
64
370
72
410
169
420
213
203
256
88
313
471
55
268
461
128
362
75
354
365
250
422
297
404
491
421
294
477
377
496
297
312
245
172
249
302
353
65
417
391
424
83
217
360
422
40
58
305
404
332
68
39
380
265
234
215
286
86
316
169
14
481
305
130
301
155
286
66
73
2
449
383
133
103
324
156
313
307
439
234
371
438
23
361
281
33
11
400
333
273
70
31
452
392
309
27
349
421
216
414
287
420
91
177
126
368
149
51
218
330
256
203
400
467
11
86
152
88
303
438
236
356
202
122
61
281
490
29
474
31
469
420
310
22
49
168
107
490
299
404
70
128
412
135
425
34
129
61
374
414
304
123
337
360
137
202
250
263
461
91
39
167
474
327
193
189
32
353
1
415
104
236
430
32
363
238
91
252
150
49
202
56
473
391
63
323
21
463
352
210
390
284
246
293
268
394
167
80
222
127
331
349
468
415
496
372
188
309
384
122
99
28
271
418
97
82
92
56
384
161
147
433
169
267
22
117
9
371
372
407
244
214
71
285
260
269
122
218
299
14
475
316
161
91
303
172
289
425
493
270
301
430
250
470
238
148
456
406
385
385
224
129
4
477
49
206
198
291
248
329
445
68
408
118
269
355
287
357
307
435
81
395
456
198
429
288
125
66
500
449
235
40
265
313
337
179
252
214
232
139
360
347
495
172
492
399
432
72
40
323
344
220
26
388
401
16
403
294
323
192
359
98
307
380
375
196
181
147
487
187
230
447
449
76
201
48
144
441
11
453
462
391
105
346
24
311
260
142
296
250
19
54
472
335
277
147
456
351
119
275
381
189
286
467
223
172
466
307
453
198
15
158
260
243
444
153
91
351
215
17
98
450
489
292
261
228
329
402
252
133
412
112
374
4
202
153
115
478
189
479
94
465
46
153
43
149
410
321
336
43
113
247
279
489
492
261
215
123
124
359
493
330
411
66
89
418
75
126
196
86
152
129
303
25
397
280
70
495
277
99
156
459
259
244
305
264
28
477
271
477
284
125
165
275
85
85
129
61
228
64
324
10
395
304
406
487
339
349
428
127
208
166
274
49
433
133
413
232
212
306
300
328
333
95
234
296
303
308
357
497
62
309
258
263
96
430
87
306
55
376
467
227
465
128
363
178
167
227
186
251
227
363
157
100
446
33
74
494
349
101
70
1
140
309
229
70
479
352
49
68
137
241
108
319
158
112
487
382
115
83
288
275
272
154
407
349
131
73
185
260
136
201
63
361
72
215
202
323
181
104
419
155
239
302
133
252
395
23
270
280
11
355
261
320
418
404
488
292
261
140
336
206
79
94
404
385
324
329
310
439
282
470
251
368
457
474
424
142
85
448
73
421
183
416
395
374
432
85
243
346
204
59
232
151
45
302
239
16
331
495
367
405
153
225
278
473
229
167
461
215
114
265
209
452
201
46
162
309
38
170
499
41
326
421
500
365
290
70
187
288
181
83
211
363
105
298
94
246
362
300
305
16
332
133
195
394
240
303
227
324
53
480
263
215
133
28
213
49
291
420
183
9
459
6
481
264
35
4
42
294
483
256
192
140
277
304
69
406
55
482
191
251
180
117
458
421
420
465
1
173
170
428
474
19
8
282
228
240
338
317
475
196
103
418
440
155
8
278
255
164
491
67
369
142
252
98
76
382
407
14
194
472
477
374
439
377
382
271
129
17
324
423
309
298
