35401.38
63442.64
37264.32
46909.83
30678.21
71415.03
26953.35
76348.50
12795.75
44850.26
16469.52
15166.50
11298.06
6366.85
49928.20
64176.20
44694.30
29405.16
43557.12
11793.87
27173.64
59035.02
37715.00
41504.10
55225.46
8023.68
32999.77
31313.20
5585.96
38767.82
39936.87
34841.24
35797.60
41669.58
9808.32
85049.10
37896.96
33461.10
28625.40
4486.77
47510.12
8619.24
41611.68
33680.14
16919.73
69733.80
66151.19
28451.08
50633.02
44051.50
34504.96
59330.45
35957.80
38849.04
27268.65
4624.96
74958.80
50813.40
56499.50
14865.66
16289.10
75495.64
42466.20
2730.92
37593.60
34773.18
57336.84
35158.26
19845.14
51698.47
44315.12
3920.28
19416.67
15241.65
2934.21
18992.57
45040.26
43045.20
4393.68
3777.96
27504.75
32359.50
46331.98
58967.04
27256.07
62956.50
35188.76
71547.84
30152.40
45963.47
60479.50
57340.16
52966.24
61361.28
54700.38
8665.44
64369.00
88537.61
43101.12
35312.75
79758.28
58358.16
16970.20
11111.70
29471.51
73037.28
13574.76
11316.36
50470.74
51040.35
34920.67
46447.31
76471.85
9330.00
41804.40
14477.82
35259.40
21170.10
24608.74
49115.89
78385.13
40390.84
22969.18
14169.54
17497.08
40167.50
42136.46
43757.94
34773.18
54586.66
42907.41
16193.60
54412.40
46834.74
68517.45
24201.60
26328.20
15444.66
7225.80
63731.62
6006.54
59714.50
34489.80
18919.80
58855.16
20842.60
31311.54
23983.74
25467.20
63578.64
1555.65
71691.84
27013.35
8366.94
22825.00
19371.06
50175.58
77732.50
50909.46
46473.75
26127.72
40963.71
35188.76
4276.64
70868.10
37922.92
4428.80
66630.40
28218.78
93898.50
15976.90
52262.87
31772.15
35567.43
32165.27
41688.37
50246.13
26616.75
40213.20
52192.84
38680.71
35434.80
55253.45
16307.55
45423.18
40514.08
59460.56
70944.10
74077.60
17036.91
37177.99
38541.00
72564.26
51079.68
17929.35
49931.04
58603.71
62898.88
48170.43
71327.67
3006.27
63423.68
45114.47
16021.94
16308.38
44949.32
80795.71
30326.94
50459.32
26929.77
39774.90
4246.53
43616.94
6635.00
8247.89
23726.00
44239.36
37815.25
28230.90
53632.98
18443.74
8030.61
36074.06
1479.57
51358.86
4508.84
40005.90
36154.06
29679.04
42336.51
25011.60
11676.40
33115.00
69258.93
9559.35
12614.00
16307.70
81278.75
8126.70
18147.14
34799.18
26067.93
25586.85
38342.26
8839.30
26953.20
16670.81
17518.76
19741.60
1067.16
39697.70
33735.60
70430.36
11695.32
33220.16
25816.37
88170.59
33485.75
25258.72
60957.92
58882.22
3696.99
41558.70
7195.52
32726.76
30760.89
47929.75
37939.80
10874.70
46692.88
36137.01
44040.41
41667.56
21461.04
38882.40
23246.65
53450.43
69097.44
43354.31
9194.65
63646.98
22055.63
17746.38
9352.17
927.02
22826.05
51295.20
67831.20
26830.44
33014.80
20301.36
39739.86
38887.94
6050.44
52084.76
14187.24
62755.42
15486.80
1518.61
20125.42
20127.78
2520.70
26571.86
28695.66
25707.20
6322.68
54969.91
9214.87
41093.25
32367.83
14315.47
62722.44
1456.55
31674.44
22956.99
7561.19
28944.32
49204.00
30480.56
35033.44
38105.73
52558.44
21816.56
52536.00
12220.39
27537.67
74379.00
15681.90
28233.24
8345.12
30852.60
26547.90
1472.56
35943.10
53637.00
41673.70
38078.26
10402.92
52495.20
50126.12
70922.88
29326.86
64397.55
83418.89
1378.47
47239.40
33040.19
45164.52
1848.94
70914.80
23641.12
58713.02
53592.62
61264.26
3264.54
40098.24
56911.50
52010.87
41998.46
54595.80
1031.12
26404.35
77208.31
1874.06
19436.52
44040.56
2682.86
8325.09
32408.64
32010.66
55901.45
59647.08
5246.52
70202.40
7688.15
7916.46
4755.20
79643.70
10162.88
25747.60
32353.23
18920.70
23040.36
34037.82
68826.66
63739.62
27385.96
67567.72
3672.93
27889.80
46828.54
45880.96
33924.00
36398.64
64521.71
10747.77
79504.42
58511.60
15786.70
18541.74
47333.70
14505.30
47262.69
47247.52
29855.36
83423.56
20115.59
52980.68
44374.56
45234.28
28481.59
17571.04
33085.50
36608.15
13664.60
45748.00
66151.54
10178.88
28130.00
18992.70
18667.88
65589.42
41511.96
11069.58
7940.46
76815.34
32077.98
32486.20
25267.00
72645.93
26974.44
34981.52
33228.36
2650.84
49717.85
1688.78
24806.10
66669.84
11625.25
45874.14
10481.04
21302.99
53285.43
15661.95
23225.00
5000.28
44832.96
69063.54
22455.84
27177.73
50070.24
2925.10
6916.56
79327.16
19044.48
20898.44
52941.80
35975.04
30668.66
6538.14
14265.75
24062.22
54738.75
5690.08
11676.40
3391.58
38210.26
12936.17
75638.36
47324.25
18119.00
26262.60
43937.88
67447.67
44623.98
26375.58
8280.96
47141.16
19497.24
11419.43
35462.50
27413.19
5642.00
68053.44
44147.88
10451.20
46732.92
72728.26
58601.40
35381.28
59667.65
50598.21
34757.80
54136.96
68870.57
51939.08
40786.90
42165.63
15426.30
1366.46
43487.20
35089.03
69689.34
47427.24
58663.50
35077.80
70408.98
22891.05
34115.80
74706.38
32605.44
38110.80
8252.82
62153.52
7203.56
921.01
2913.10
84270.69
77487.48
42846.87
22571.64
10501.40
17046.04
30296.76
26041.06
25997.30
6090.48
22734.92
35345.70
20196.22
51144.46
38822.54
64521.71
54672.75
53851.55
41949.66
11744.39
19247.74
17706.70
44283.15
21229.46
73821.02
42236.40
5882.24
26455.52
20854.12
12725.37
1764.85
67281.91
19639.08
63664.51
43013.04
40808.72
82387.00
42042.16
3341.52
63051.69
42606.98
23525.40
24401.75
5170.65
44158.32
26140.32
75437.13
51991.40
2742.03
33570.34
29071.02
40818.46
42917.87
87935.12
17983.08
22696.00
28531.00
12509.53
30624.21
47659.92
29690.54
56980.40
73832.85
24774.91
57596.05
63067.05
26803.22
26114.74
31619.15
43114.62
7970.52
19130.28
36513.75
61372.44
88489.10
64520.47
20626.10
13196.30
57569.60
42272.39
51931.88
5801.25
11000.99
36374.64
77161.18
22571.76
54841.60
56175.30
23365.82
65219.50
34570.26
34059.96
21255.78
1446.54
65860.09
40245.66
71370.95
62666.40
40522.55
28896.05
86429.71
42315.44
72115.60
10009.80
44576.76
18928.91
34816.60
48719.48
72148.02
1573.67
68269.81
1288.38
1538.63
19312.54
56315.20
23851.96
85104.67
69403.98
42919.24
68521.78
46815.76
66230.00
44035.81
43202.25
7984.72
60544.26
42073.60
1670.76
2470.66
5676.24
29801.98
72359.11
3618.90
48510.11
42670.57
3013.20
10550.43
24175.50
17135.91
27403.80
31586.68
7580.16
54502.11
46921.91
3604.00
6737.15
61843.78
55233.78
80995.05
75478.13
14455.40
43571.00
56917.18
38190.50
71153.82
40552.28
36116.01
12366.31
25030.32
38473.71
21460.12
56874.18
24762.08
33426.30
76596.84
47594.12
38618.58
5455.95
28741.50
42726.64
51174.80
10691.60
43193.31
56601.50
7172.65
9235.87
1187.27
11842.70
51742.32
46704.70
50304.32
27869.10
29599.04
50767.99
54834.66
26292.84
56729.40
52352.18
2885.08
37552.68
55675.40
59031.00
66227.54
33086.19
20336.93
49332.08
13814.56
75588.87
18246.25
38137.50
70314.00
77477.40
90892.06
31911.88
20589.72
77776.59
38886.51
3001.18
50814.00
19820.79
15331.65
33366.30
42443.24
49637.76
26288.60
31992.80
43621.00
29291.20
25283.28
25579.04
65521.82
31963.51
47734.12
2074.24
34225.29
49612.85
89594.00
53151.35
57501.20
61907.01
31869.81
11905.53
46875.14
36964.12
65902.66
38291.89
30001.50
39414.50
1457.55
14845.70
9045.60
1265.35
34408.66
54987.90
30483.30
29172.28
33560.25
34837.00
31311.80
35013.76
72645.08
50122.80
56805.45
23660.00
35781.22
44155.69
18169.25
2570.76
16472.85
39840.90
52782.58
35468.10
27669.60
43671.12
2528.72
30125.13
1830.00
9479.95
19686.28
16597.50
22150.38
73171.28
25707.84
80296.48
1259.35
15901.65
36878.88
64020.98
24740.28
57976.10
54049.12
33081.96
15712.80
12269.04
35963.84
22381.66
43866.90
50543.72
41369.08
72851.67
10667.44
30632.88
30426.76
61213.02
67434.34
15921.08
24673.87
21833.25
8752.38
57746.10
65220.00
13350.08
63548.08
66671.00
36423.36
16358.55
56102.28
16433.52
59005.76
22213.38
8288.75
67223.52
29176.90
35645.61
10547.10
61469.52
43679.16
55641.59
28402.92
49672.50
23233.44
43415.19
11375.43
34129.08
47838.18
46549.20
3459.75
81236.00
45351.88
22900.08
30952.80
33260.50
20833.68
28470.06
40061.18
28028.58
31654.50
25920.72
22727.88
29125.46
21166.32
63003.60
25156.46
9184.65
24554.88
36289.15
79668.00
54195.05
41774.20
35051.28
69080.20
59855.27
76376.08
59447.53
14247.36
48855.17
57855.05
4838.10
3591.78
8168.88
58273.38
80135.58
23034.18
57326.80
69049.44
53713.00
44807.22
24675.04
1183.28
35158.26
39818.29
49131.90
12389.52
19196.74
40188.66
45287.52
6872.30
60210.96
22151.28
23680.05
29391.20
12782.00
18884.04
70982.48
47534.76
55321.89
916.00
60236.68
15273.28
47436.30
93398.00
24060.99
78790.32
38232.92
64114.71
32505.20
77121.12
49414.82
24971.25
8584.24
41867.28
79925.58
20200.76
38556.42
27595.48
24746.10
17478.04
2827.00
8186.76
38496.71
24600.40
33594.72
3599.78
19681.40
3795.98
14967.68
91431.55
82487.00
75765.13
60950.25
36753.44
6930.56
33531.63
26110.29
45723.00
61910.10
11844.56
24109.74
47336.69
9277.94
45772.44
45163.30
14865.80
36600.00
24866.10
43376.19
33110.25
1612.70
12453.30
46735.60
63234.78
57821.20
48247.20
39477.57
43653.84
23416.53
39233.17
39466.50
67858.92
2754.92
64478.02
20868.12
44246.50
43630.15
57744.72
50669.64
10959.55
61649.76
35705.07
78995.04
42809.33
7015.56
24686.87
35773.92
24055.35
4958.22
25227.00
26173.71
50867.88
1131.22
20363.70
24337.45
31337.80
31266.93
15921.28
48646.26
53941.38
49376.30
32524.20
43306.20
50126.12
29912.70
69821.79
