60
264
177
117
127
295
423
354
304
139
390
391
409
275
431
340
486
497
230
17
185
363
205
111
256
452
1
497
335
153
409
306
7
53
216
231
414
433
32
187
372
12
353
278
321
375
381
143
385
298
372
196
179
20
485
252
191
275
300
1
337
14
106
192
494
431
60
229
251
469
403
274
140
221
198
441
449
37
489
238
257
220
128
261
434
301
353
411
45
209
471
183
69
340
179
416
399
383
497
173
214
395
119
489
404
112
333
369
269
467
149
138
123
27
416
352
253
269
123
296
396
498
386
317
333
460
437
107
291
391
207
366
145
25
340
105
39
186
66
73
347
283
277
430
215
70
26
397
379
219
212
94
302
79
193
100
436
184
30
85
148
330
145
359
413
455
500
173
189
377
432
345
163
446
372
19
362
254
230
388
249
421
114
288
192
481
339
250
264
44
369
114
202
460
55
472
230
282
80
5
51
43
135
335
498
35
157
58
322
188
46
254
219
160
334
286
426
209
340
489
244
286
460
102
258
46
124
51
149
377
407
320
408
292
55
464
452
120
391
76
82
150
3
93
7
21
413
362
423
311
452
140
282
118
241
48
30
362
64
53
309
437
5
173
217
426
351
37
178
445
323
494
286
246
208
39
124
150
243
10
31
38
19
306
191
200
493
143
194
176
110
127
365
60
436
428
381
285
154
189
311
106
347
80
475
466
253
351
254
167
269
21
479
469
293
403
194
484
400
215
94
364
156
197
365
465
81
330
38
388
76
339
188
370
116
293
239
184
154
245
102
290
99
223
340
71
232
333
473
107
244
160
451
29
237
45
213
332
311
395
235
174
67
351
34
172
104
115
155
345
91
376
351
150
457
67
245
109
206
270
294
289
142
131
224
318
375
20
196
219
301
106
467
355
267
72
283
407
37
139
295
428
475
455
204
45
458
46
345
53
313
425
91
155
395
167
453
347
302
138
175
284
475
461
337
477
64
198
380
396
185
192
71
426
126
163
397
270
441
336
468
401
403
296
139
248
442
33
473
276
62
252
353
338
355
323
281
71
40
258
147
457
302
478
42
179
50
210
266
2
233
182
447
242
482
344
148
357
166
496
448
366
173
491
348
187
459
139
248
249
392
418
221
264
131
303
125
51
335
236
204
51
83
256
153
317
8
382
319
449
496
22
341
252
83
94
324
200
101
225
218
425
489
293
371
205
95
499
230
408
418
438
363
70
197
93
90
287
203
417
398
230
239
443
217
266
260
27
202
206
333
254
412
388
64
333
358
71
444
219
117
487
127
56
418
416
310
207
134
133
303
145
393
222
225
360
394
61
361
126
288
500
213
91
71
438
488
32
497
178
409
328
354
417
188
33
195
136
303
161
1
331
311
43
44
85
393
468
320
347
185
439
313
437
10
175
183
441
156
30
467
329
303
189
141
329
496
95
206
71
58
174
133
28
357
147
93
491
248
237
333
161
186
146
133
348
422
496
194
330
273
173
152
286
484
486
111
299
411
81
97
169
169
183
484
430
6
196
369
148
51
125
92
150
330
177
33
412
232
364
110
430
264
395
133
485
2
460
65
46
455
477
415
131
47
496
390
227
273
344
478
288
116
82
452
188
168
304
292
149
384
68
291
221
208
143
341
37
349
21
457
371
308
412
212
211
1
228
274
289
169
156
111
225
191
48
213
285
497
360
39
428
372
406
151
330
267
346
443
198
33
353
69
409
101
440
143
35
180
477
203
37
382
139
386
214
343
110
331
420
202
109
121
486
471
49
137
379
318
125
80
495
241
444
451
411
216
414
341
386
327
358
179
487
127
499
495
371
435
398
348
295
482
109
218
75
427
68
166
384
163
32
65
7
495
203
4
258
229
294
217
330
257
492
373
239
146
68
97
478
217
236
292
246
151
88
314
499
452
224
198
209
171
430
413
262
28
80
182
468
14
66
158
93
142
410
123
25
53
185
303
464
183
129
430
225
483
306
108
446
307
226
471
275
359
49
173
128
247
1
430
234
217
32
140
227
52
369
368
135
153
311
236
119
489
341
448
6
40
1
230
155
36
229
498
456
165
316
484
458
410
39
191
160
98
321
109
88
187
73
344
5
447
183
75
99
47
235
429
417
105
124
418
79
59
38
344
394
200
432
326
338
81
2
180
298
474
235
189
303
62
455
55
365
283
11
45
132
395
142
407
285
375
222
43
178
196
360
91
74
380
332
223
321
272
424
445
285
479
448
431
82
153
243
93
199
126
282
166
399
464
359
492
48
65
270
372
275
269
70
