3418
8937
5686
3051
5139
6453
8656
7893
7009
3342
4036
265
4150
4071
976
8141
4704
7712
9820
4070
41
1846
7880
2696
1763
5275
7740
47
8903
6130
1836
1308
9682
4150
6373
78
9636
202
9144
4899
7331
9368
7394
289
2754
3891
9952
6955
2378
4610
4072
1719
3732
721
332
1490
342
3245
3176
8079
1775
4394
516
4434
6781
4199
9246
1102
6001
1118
6053
5473
2676
6799
6020
956
587
1628
8395
9102
4763
2088
6477
6509
5299
6557
225
842
4742
2398
7241
2382
9248
4515
6969
6106
1477
9866
7229
676
5834
8900
1722
943
1976
1081
7718
8847
6965
4407
3023
5272
1189
5290
5113
363
5715
3945
348
7572
9946
1896
235
9287
6843
5637
8730
2469
652
3244
879
7491
8908
6764
3607
428
1307
7734
6936
4706
4696
6899
7244
9585
7449
500
3062
254
5033
9661
4197
3654
370
7191
7422
8320
9823
2259
1421
7327
5641
3767
9823
291
9111
4641
6815
6755
6885
1260
4542
3719
8883
8219
5804
4748
978
8706
8779
8277
9880
3643
2204
463
9132
4200
2178
8554
264
3295
6120
6582
1029
2192
7158
187
1433
644
9873
2546
8295
7347
1668
7794
9530
4957
529
7627
2169
7638
7577
2039
2913
8491
79
1241
5179
3529
5213
864
5075
849
6356
4966
9799
7182
1972
7418
4642
1711
1312
2938
5470
5098
6549
8431
4646
3861
6390
6647
1993
9459
1774
523
5271
1292
4141
9626
7879
8179
8734
1503
6895
9468
3475
968
8241
2228
8398
5609
747
5370
3343
6235
3310
7652
3279
2735
3575
9986
8837
749
5607
8050
9429
540
6887
5000
1
5595
5842
6406
8433
6077
4657
7176
4956
649
2837
5446
293
169
7325
8344
4353
8584
6053
8337
6596
2108
3818
6350
8539
5601
5798
2221
9793
2678
2356
3056
5822
1128
1515
842
7314
5446
2491
3613
5165
1291
2551
1619
415
226
8008
9190
2364
4972
2720
3577
8636
3373
2380
5628
6694
5148
2210
2115
292
979
4553
7627
6967
4771
6756
5021
9038
8980
2016
1713
1100
4175
1711
3242
7748
3042
8014
3612
4590
2742
4393
1437
5338
4608
5610
875
4998
9971
8303
29
9341
442
2639
2246
8881
9475
2769
7658
1645
465
8879
3549
6850
3207
9770
9495
5543
4778
9828
7738
7379
2074
1957
6481
1357
1347
4861
4585
9009
6641
5841
8589
6708
8435
8237
5454
905
2357
1885
8242
250
3153
6572
6466
1844
8874
6775
9494
5349
8327
7489
3598
9318
5298
9659
632
7019
5950
4162
5141
82
2727
671
1829
6607
719
1074
4046
7127
7358
8287
9660
8805
5655
6271
804
3441
6236
2128
8597
7355
9557
8366
8175
6873
9311
6510
8619
5980
5147
6844
8714
139
9512
4257
4107
8982
8726
4748
7677
1998
3831
9254
7584
7556
5817
137
4560
602
4168
9365
5907
535
7357
474
8397
7897
6263
7409
7643
5372
585
6169
2122
790
9896
6188
3601
8348
1188
5802
3167
7587
8316
7808
6665
5707
3045
4502
6013
5863
6129
4631
8483
9171
4961
6375
2677
4777
158
4386
790
7345
1747
5691
7337
2664
5527
5838
4474
3699
3471
4755
3609
2831
9957
2478
243
4081
3306
9665
8650
7113
1814
2979
7056
5123
4454
7267
2297
1026
5180
4022
6679
7333
3900
7990
5944
9228
3663
609
8111
8070
40
41
8334
4459
6302
7395
2391
7357
5751
8322
585
7999
6202
3123
6513
8308
8283
7968
5389
7956
880
5884
9588
2075
5378
4580
9581
6816
647
7473
5390
8803
7342
921
285
9239
6864
4676
8032
7603
1662
1330
2851
7148
8971
4012
6164
1534
8467
7998
7297
2871
5103
6064
3542
1583
5184
1848
3895
4459
1816
6068
6219
5940
451
8914
5667
3736
3114
2648
2071
5377
3724
4723
2572
314
6914
4004
9500
1217
7653
2516
6042
8968
6358
6272
9176
1284
8084
9066
9797
3800
5752
2950
1066
9512
5570
3415
7573
3829
7793
6036
5617
2669
3205
4471
3516
5805
8541
8136
1014
8657
7198
8399
8371
5827
6931
4217
6730
7672
7499
5055
5496
8680
9513
2858
6022
3483
1526
1238
2643
4054
6130
9770
8381
3914
3748
2557
4557
2743
5730
4796
5686
3719
6686
5039
6942
4964
593
2646
3856
7071
3429
2685
8415
3343
162
7602
1173
7461
6534
1504
7879
8259
6426
9762
9131
8406
8658
1038
1184
3105
1237
4609
8570
2936
8048
6790
1753
1615
8000
6852
4375
9059
3939
6020
2141
3987
4141
4434
1874
3730
5176
7183
982
755
9121
4982
4546
2696
5054
9193
5166
3027
5467
3406
4484
7767
6822
5723
6225
9983
6526
1078
4422
5448
954
1384
7702
9153
1059
5599
5911
9913
4556
7367
9025
7028
3704
7878
2478
8368
6966
8659
9912
6012
5984
757
9390
9438
6334
4708
1787
9691
4843
8965
6119
3317
2370
6507
7504
676
7720
7099
7905
5419
5543
4212
2655
8763
3688
1591
2850
4172
836
8988
8337
5153
1397
7509
2274
3938
9575
3818
5209
2307
9482
4598
2258
9645
1349
5676
1109
3603
7907
3968
6795
2444
42
1874
94
3733
469
864
1291
1293
925
1624
850
4609
4765
8485
2133
6388
6988
9697
6300
3974
6194
7377
4576
2215
453
8084
6741
5438
1605
367
2305
2867
2914
5484
9699
8193
6019
5510
1480
9381
3185
6222
9071
4980
575
2532
634
1725
7122
8064
5173
3648
1276
1265
224
707
129
7928
7762
3253
5745
3043
566
7878
7941
1744
9481
6451
1444
3856
3154
7317
6978
125
1708
9880
3948
1545
2061
7483
4365
9333
4957
1424
4401
3670
2660
1121
7401
7742
8264
1675
775
4680
9471
7870
5769
1013
9771
8319
4681
7896
7776
8846
6751
2030
7816
779
3330
6556
5926
4629
2007
4949
8728
5371
3582
2439
2164
5081
5957
6398
8756
950
6060
9305
5701
49
9888
5535
7059
3348
6929
1290
9578
2148
512
1853
1642
1562
8740
390
2109
1075
2231
8849
5080
2864
4246
