285185
285185
285185
285185
285185
285185
285186
285186
285186
285186
285186
285186
285186
285187
285188
285188
285188
285188
285189
285189
285190
285190
285190
285190
285190
285190
285190
285191
285191
285191
285191
285216
285216
285216
285216
285216
285216
285216
285217
285217
285217
285217
285218
285219
285219
285219
285219
285219
285219
285220
285220
285221
285221
285221
285222
285222
285222
285222
285222
285222
285222
285223
285223
285248
285248
285248
285249
285249
285250
285250
285250
285250
285251
285251
285251
285251
285251
285252
285252
285252
285252
285252
285252
285253
285253
285253
285254
285254
285254
285254
285255
285280
285280
285280
285280
285281
285281
285281
285282
285282
285282
285282
285282
285282
285282
285283
285283
285283
285283
285284
285284
285284
285284
285284
285284
285284
285285
285285
285285
285285
285285
285285
285286
285286
285286
285286
285287
285287
285287
285312
285312
285312
285312
285313
285313
285313
285313
285314
285314
285314
285314
285314
285314
285315
285315
285315
285315
285316
285316
285316
285317
285317
285317
285318
285318
285318
285319
285319
285344
285344
285344
285344
285344
285345
285345
285346
285346
285346
285346
285346
285346
285346
285347
285348
285348
285348
285348
285348
285348
285349
285350
285350
285350
285350
285350
285350
285351
285351
285351
285351
285351
285351
285376
285376
285376
285377
285377
285377
285377
285377
285377
285377
285378
285379
285379
285379
285379
285379
285380
285380
285381
285382
285382
285382
285383
285383
285383
285408
285408
285408
285408
285408
285409
285410
285411
285411
285411
285411
285412
285412
285412
285413
285413
285413
285413
285413
285414
285414
285414
285414
285414
285414
285414
285415
285415
285415
285440
285440
285440
285440
285440
285441
285441
285441
285441
285441
285442
285442
285442
285442
285442
285443
285443
285443
285443
285443
285443
285443
285444
285444
285444
285444
285444
285444
285445
285445
285445
285445
285445
285445
285445
285446
285446
285446
285446
285446
285446
285447
285447
285447
285472
285473
285473
285474
285475
285475
285476
285477
285477
285477
285477
285477
285477
285478
285478
285478
285478
285478
285479
285504
285505
285506
285506
285506
285506
285506
285506
285507
285507
285507
285507
285508
285508
285509
285510
285511
285511
285511
285511
285511
285511
285511
285536
285536
285536
285536
285537
285537
285538
285538
285539
285539
285539
285539
285539
285539
285539
285540
285540
285540
285540
285541
285541
285541
285542
285542
285542
285543
285543
285568
285568
285568
285568
285568
285568
285569
285569
285569
285569
285569
285569
285569
285570
285570
285570
285570
285571
285572
285572
285572
285572
285573
285573
285574
285574
285575
285575
285575
285575
285575
285600
285600
285600
285601
285601
285601
285601
285601
285601
285602
285602
285602
285603
285603
285604
285604
285605
285605
285605
285605
285605
285606
285606
285606
285606
285607
285632
285632
285632
285632
285633
285633
285633
285633
285633
285633
285634
285634
285634
285634
285635
285635
285635
285636
285636
285636
285636
285636
285636
285637
285637
285637
285638
285638
285638
285638
285639
285639
285639
285639
285639
285639
285664
285664
285664
285664
285664
285664
285665
285666
285666
285666
285666
285666
285666
285667
285667
285667
285667
285667
285667
285668
285668
285668
285668
285668
285669
285669
285669
285669
285669
285669
285670
285670
285671
285671
285671
285671
285696
285696
285696
285696
285697
285698
285698
285698
285698
285699
285699
285700
285700
285700
285700
285700
285700
285701
285701
285701
285702
285702
285702
285702
285702
285703
285703
285703
285703
285703
285703
285703
285728
285728
285728
285728
285729
285729
285729
285729
285730
285730
285731
285731
285731
285731
285732
285732
285732
285732
285733
285733
285733
285733
285733
285734
285734
285734
285734
285734
285735
285735
285735
285735
285735
285735
285735
285760
285761
285762
285762
285762
285762
285762
285762
285763
285764
285764
285764
285765
285766
285766
285766
285766
285766
285766
285767
285767
285767
285767
285767
285767
285767
285792
285792
285792
285792
285793
285793
285793
285793
285793
285793
285794
285794
285794
285795
285795
285795
285796
285796
285796
285797
285797
285797
285797
285797
285797
285798
285798
285798
285799
285799
285799
285799
285799
285799
285799
285824
285824
285824
285824
285825
285825
285825
285826
285826
285826
285826
285826
285826
285827
285827
285827
285827
285827
285827
285828
285828
285828
285828
285828
285828
285829
285829
285829
285829
285830
285830
285830
285830
285831
285831
285831
285831
285831
285831
285856
285857
285857
285857
285857
285858
285858
285858
285858
285858
285858
285859
285860
285860
285860
285860
285861
285861
285861
285861
285861
285861
285862
285862
285862
285862
285863
285863
285863
285863
285888
285888
285888
285889
285889
285890
285890
285890
285890
285891
285892
285892
285893
285893
285893
285893
285894
285894
285895
285895
285895
285920
285920
285920
285920
285920
285920
285921
285921
285921
285922
285922
285923
285923
285923
285923
285923
285923
285923
285924
285925
285925
285925
285925
285926
285926
285926
285926
285926
285926
285926
285927
285927
285952
285952
285952
285953
285953
285953
285953
285953
285953
285953
285954
285954
285954
285954
285954
285954
285955
285955
285955
285955
285955
285956
285957
285958
285958
285958
285959
285959
285959
285959
285959
285959
285959
285984
285984
285984
285985
285985
285985
285985
285985
285986
285986
285986
285986
285986
285986
285986
285987
285987
285987
285987
285988
285988
285988
285988
285988
285988
285989
285989
285989
285989
285990
285990
285990
285991
285991
285991
286016
286016
286016
286016
286016
286016
286017
286017
286017
286017
286018
286018
286018
286019
286019
286019
286019
286019
286019
286020
286020
286020
286020
286020
286021
286021
286022
286022
286022
286022
286022
286023
286048
286048
286048
286048
286048
286049
286049
286049
286049
286049
286050
286051
286052
286052
286052
286052
286052
286053
286053
286053
286053
286053
286054
286054
286055
286055
286055
286055
286055
286055
286080
286080
286080
286080
286081
286081
286081
286082
286082
286082
286082
286082
286083
286083
286083
286083
286083
286084
286084
286084
286084
286084
286084
286084
286085
286085
286086
286086
286086
286086
286086
286086
286086
286087
286087
286112
286112
286112
286113
286113
286113
286113
286114
286114
286114
286114
286115
286115
286115
286116
286116
286117
286117
286117
286118
286118
286118
286118
286118
286119
286119
286119
286119
286119
286119
286144
286144
286145
286145
286145
286145
286145
286145
286146
286147
286148
286148
286148
286148
286148
286148
286149
286149
286149
286149
286149
286149
286149
286150
286150
286151
286151
286151
286151
286151
286176
286176
286176
286176
286176
286176
286176
286177
286177
286177
286177
286178
286179
286179
286179
286179
286179
286179
286180
286180
286181
286181
286181
286182
286182
286182
286182
286183
286183
286183
286183
286208
286208
286209
286209
286210
286210
