122
53
489
496
343
5
451
450
414
100
105
369
133
92
457
124
480
36
354
358
210
236
204
103
403
254
69
334
330
249
102
2
453
7
323
476
75
233
478
481
369
74
308
338
221
11
282
233
10
149
142
473
391
282
464
23
408
237
236
415
141
167
351
54
206
410
253
71
169
207
183
55
316
157
64
458
289
122
209
59
244
74
293
188
157
352
355
39
426
408
427
333
146
412
437
69
439
270
318
19
449
38
207
195
121
478
123
294
69
37
220
408
202
448
374
45
452
46
236
313
289
30
423
125
400
41
141
227
168
177
343
369
383
283
413
145
161
9
52
363
37
47
363
155
162
263
33
293
347
69
238
150
483
188
303
130
366
228
368
9
96
349
236
233
331
480
238
440
484
19
402
382
460
203
368
2
467
310
197
180
157
25
305
105
459
84
430
165
2
464
140
10
246
116
377
410
58
72
137
96
471
490
450
429
460
15
166
349
13
100
313
251
23
437
246
187
83
93
157
64
221
406
49
498
437
448
249
174
486
140
218
340
355
471
370
271
353
303
262
60
389
461
446
113
464
329
209
254
289
353
436
71
147
127
441
137
370
352
471
103
193
106
388
444
184
69
444
328
168
30
411
433
369
383
370
9
468
239
306
123
194
213
375
416
500
256
441
379
151
273
354
34
117
340
63
83
201
232
290
162
92
491
221
383
429
481
81
263
438
85
464
328
262
25
446
99
176
341
408
426
98
354
359
355
120
215
481
478
191
153
204
115
112
130
32
96
275
440
17
409
1
146
20
468
198
467
153
331
228
93
351
251
225
183
254
80
329
471
349
225
270
245
439
39
287
233
34
94
413
205
380
265
368
464
215
97
225
421
353
97
312
432
333
311
79
171
431
152
326
230
279
236
289
383
3
270
262
168
184
122
219
252
157
399
226
72
258
432
142
173
499
418
43
344
341
38
40
304
278
167
309
455
315
232
398
409
327
235
8
474
424
85
261
134
94
464
451
232
206
399
281
104
134
135
103
248
409
43
72
427
194
105
233
465
252
213
298
421
328
277
225
90
419
159
448
205
476
183
205
161
2
322
312
251
39
130
140
184
319
463
11
265
444
3
450
137
228
373
327
96
470
366
56
330
447
469
285
59
452
76
178
328
456
60
459
140
19
353
41
56
105
454
318
226
269
213
435
334
443
173
369
280
117
384
290
468
348
411
98
174
115
152
3
109
77
451
408
376
81
104
164
370
497
424
411
169
322
368
476
178
432
451
73
308
194
423
419
436
62
298
235
67
498
426
77
12
248
367
412
304
84
426
446
204
341
422
23
275
415
133
189
172
434
343
372
461
486
265
368
464
164
500
240
158
474
139
471
414
461
155
439
207
223
202
347
132
254
278
351
394
30
415
427
214
312
149
182
84
429
242
106
340
342
13
498
173
108
292
61
363
131
181
45
120
111
460
468
36
350
50
91
440
82
248
205
208
334
421
338
21
115
388
7
97
237
308
357
235
364
300
159
335
63
41
293
444
134
288
469
206
281
72
414
42
169
133
97
120
249
220
142
398
100
348
347
414
401
201
416
383
401
486
314
244
294
266
179
120
123
357
365
65
246
50
378
288
190
115
30
92
498
451
193
356
424
377
132
477
342
395
498
382
166
467
88
165
202
436
68
433
313
465
115
331
455
434
179
283
76
123
58
274
374
392
414
297
32
180
202
384
39
60
106
90
57
86
272
43
166
64
377
369
254
282
9
280
464
109
238
266
438
281
82
391
212
477
298
86
318
491
87
205
487
124
388
321
489
281
432
130
30
78
440
260
362
267
340
135
231
82
431
133
20
40
344
388
131
305
335
399
143
498
372
299
36
173
234
106
355
289
434
288
149
480
319
279
34
335
334
413
298
445
183
49
56
267
155
348
68
386
99
159
170
378
290
230
384
111
142
499
72
404
459
115
26
182
155
372
70
161
434
481
45
471
375
379
288
424
444
107
355
92
91
60
493
322
397
385
16
121
470
262
46
296
475
120
218
162
330
86
208
303
92
306
307
185
24
78
397
300
207
324
329
61
81
347
307
259
176
93
315
184
207
301
271
336
93
429
279
414
337
216
251
269
476
290
210
371
143
95
90
18
207
70
138
234
72
496
294
459
71
373
241
454
192
419
23
347
152
68
157
39
306
85
355
139
288
187
388
111
216
25
417
473
324
210
369
229
57
328
46
108
488
48
229
499
99
335
176
255
122
417
285
76
373
481
80
332
494
415
438
396
267
379
228
432
272
308
59
240
