167365
167365
167366
167366
167366
167366
167366
167366
167367
167367
167367
167367
167367
167367
167367
167392
167393
167393
167393
167393
167393
167394
167394
167394
167395
167395
167395
167396
167396
167396
167396
167397
167397
167397
167398
167398
167398
167398
167399
167424
167424
167425
167425
167425
167425
167425
167426
167426
167426
167426
167426
167426
167427
167428
167428
167428
167428
167429
167429
167429
167429
167430
167430
167430
167430
167430
167431
167431
167431
167431
167431
167456
167457
167457
167457
167457
167457
167458
167458
167458
167458
167459
167459
167459
167459
167459
167459
167460
167460
167460
167460
167460
167461
167461
167462
167462
167462
167462
167462
167463
167463
167463
167463
167463
167463
167463
167488
167488
167488
167488
167488
167488
167488
167489
167489
167489
167489
167489
167489
167490
167490
167490
167490
167490
167490
167491
167491
167492
167492
167492
167492
167492
167492
167492
167493
167493
167493
167494
167494
167494
167494
167494
167494
167494
167495
167495
167495
167495
167495
167520
167520
167520
167520
167520
167520
167520
167521
167522
167522
167523
167524
167524
167524
167524
167524
167525
167525
167525
167525
167525
167525
167525
167526
167526
167526
167526
167526
167527
167527
167527
167527
167552
167553
167553
167553
167553
167554
167554
167555
167555
167555
167555
167555
167555
167556
167556
167556
167556
167556
167556
167556
167557
167558
167558
167558
167558
167559
167559
167559
167559
167559
167559
167584
167584
167585
167585
167585
167585
167585
167586
167586
167586
167586
167586
167587
167587
167587
167587
167588
167588
167588
167588
167588
167588
167588
167589
167589
167589
167589
167589
167589
167590
167590
167591
167591
167591
167591
167616
167616
167616
167616
167616
167616
167617
167617
167617
167617
167617
167618
167618
167618
167618
167618
167618
167619
167619
167619
167619
167619
167619
167620
167620
167620
167620
167620
167620
167620
167621
167621
167621
167621
167622
167622
167622
167622
167622
167622
167623
167623
167623
167623
167648
167648
167649
167649
167650
167650
167651
167651
167651
167651
167652
167652
167652
167652
167652
167653
167653
167653
167654
167654
167654
167654
167655
167655
167655
167655
167655
167680
167680
167681
167681
167681
167681
167681
167682
167682
167682
167682
167683
167683
167683
167683
167683
167683
167683
167684
167684
167684
167685
167685
167685
167685
167685
167685
167685
167686
167686
167686
167686
167686
167686
167687
167687
167687
167687
167687
167687
167712
167713
167713
167713
167713
167714
167714
167714
167714
167714
167714
167714
167715
167715
167716
167716
167717
167717
167718
167718
167718
167718
167718
167718
167719
167719
167719
167719
167744
167744
167744
167744
167744
167745
167745
167745
167746
167746
167746
167746
167746
167747
167747
167747
167747
167747
167747
167748
167748
167749
167749
167750
167750
167750
167751
167751
167751
167751
167751
167776
167777
167777
167777
167777
167778
167778
167778
167778
167778
167779
167780
167780
167780
167781
167781
167781
167782
167782
167782
167782
167783
167808
167808
167809
167809
167809
167809
167809
167809
167810
167810
167811
167811
167811
167811
167811
167811
167812
167812
167812
167812
167812
167812
167812
167813
167813
167813
167813
167813
167813
167813
167814
167814
167814
167814
167815
167815
167815
167815
167840
167841
167841
167841
167841
167841
167841
167842
167843
167843
167843
167843
167843
167843
167843
167844
167844
167844
167844
167844
167844
167845
167845
167845
167845
167845
167846
167846
167846
167846
167846
167846
167846
167847
167847
167847
167847
167847
167847
167872
167872
167872
167872
167872
167873
167873
167873
167874
167874
167874
167874
167874
167875
167875
167875
167875
167875
167876
167876
167876
167876
167877
167877
167877
167878
167878
167878
167879
167879
167879
167879
167879
167879
167879
167904
167905
167905
167906
167906
167906
167906
167906
167906
167907
167907
167907
167907
167907
167907
167907
167908
167908
167909
167909
167909
167909
167909
167909
167910
167910
167910
167911
167911
167936
167936
167936
167936
167936
167936
167937
167937
167937
167938
167938
167938
167938
167939
167939
167939
167939
167939
167939
167939
167940
167940
167941
167941
167941
167941
167942
167942
167942
167942
167943
167943
167968
167968
167968
167968
167968
167969
167969
167969
167969
167970
167970
167970
167970
167970
167970
167971
167972
167972
167972
167972
167972
167972
167973
167973
167973
167973
167973
167973
167973
167974
167974
167974
167974
167974
167975
168000
168000
168001
168001
168001
168001
168001
168002
168002
168002
168002
168003
168003
168004
168004
168004
168004
168004
168004
168004
168005
168005
168005
168005
168005
168005
168005
168006
168007
168007
168007
168032
168032
168032
168033
168033
168033
168033
168033
168033
168034
168034
168034
168034
168035
168035
168035
168036
168037
168037
168037
168037
168038
168038
168038
168038
168039
168039
168064
168065
168065
168065
168065
168065
168065
168065
168066
168066
168067
168067
168067
168068
168068
168068
168068
168068
168068
168069
168069
168069
168069
168069
168069
168070
168070
168070
168070
168070
168070
168071
168071
168071
168071
168096
168096
168097
168098
168099
168099
168099
168099
168099
168099
168100
168101
168101
168101
168101
168101
168101
168102
168102
168102
168102
168102
168103
168128
168128
168128
168128
168129
168129
168130
168131
168131
168131
168131
168131
168132
168132
168132
168132
168132
168133
168133
168134
168134
168134
168135
168135
168135
168135
168135
168135
168135
168160
168160
168160
168160
168160
168160
168161
168162
168162
168162
168162
168163
168163
168163
168163
168163
168164
168164
168164
168164
168164
168165
168166
168166
168166
168166
168166
168166
168167
168192
168192
168192
168192
168192
168192
168192
168193
168193
168194
168194
168194
168194
168194
168195
168195
168195
168195
168195
168196
168196
168196
168196
168197
168198
168198
168198
168199
168199
168199
168199
168199
168199
168199
168224
168224
168225
168226
168226
168226
168227
168227
168227
168228
168228
168228
168228
168229
168230
168230
168230
168230
168230
168230
168230
168231
168256
168256
168256
168256
168257
168257
168257
168257
168258
168258
168258
168259
168259
168259
168259
168259
168260
168260
168260
168260
168260
168261
168261
168261
168261
168261
168261
168261
168262
168262
168262
168262
168263
168263
168263
168263
168263
168288
168288
168288
168288
168288
168288
168288
168289
168290
168290
168290
168290
168290
168290
168291
168291
168291
168291
168291
168291
168291
168292
168292
168293
168293
168293
168293
168293
168293
168294
168294
168294
168294
168295
168295
168295
168295
168320
168320
168320
168320
168320
168320
168320
168321
168321
168321
168321
168321
168322
168322
168322
168322
168323
168323
168323
168323
168323
168324
168324
168324
168324
168324
168325
168325
168325
168326
168326
168326
168326
168326
168326
168326
168327
168327
168327
168327
168352
168352
168352
168352
168352
168353
168353
168353
168353
