337
436
27
466
32
231
474
290
191
324
413
51
262
463
238
393
494
284
413
22
363
339
167
169
480
354
309
23
99
296
331
74
302
396
43
79
484
498
185
194
31
480
113
25
82
342
63
157
100
141
143
242
497
494
96
194
158
22
471
487
172
334
401
412
341
485
398
160
439
10
13
281
69
330
295
132
3
156
462
412
52
97
245
73
481
298
170
389
61
439
312
482
466
72
312
218
483
416
25
71
445
458
29
458
385
221
188
82
9
24
413
475
448
238
396
331
295
160
276
341
196
304
418
386
377
185
64
40
360
495
104
276
20
357
431
97
444
320
323
421
55
306
266
425
236
51
315
22
141
269
195
154
59
500
429
188
312
193
369
467
311
119
418
56
479
311
408
100
459
325
289
210
324
84
194
133
2
450
461
323
257
216
87
317
224
437
446
498
27
337
325
407
330
469
377
203
122
147
62
15
38
97
27
396
75
356
190
40
354
432
356
14
407
315
147
262
6
438
203
458
215
171
158
221
289
441
190
204
7
445
490
154
487
161
172
185
117
203
186
52
324
401
482
444
417
276
11
214
201
401
271
377
330
55
486
494
11
233
82
215
205
436
278
125
375
422
290
442
19
484
76
441
228
438
499
418
397
17
75
222
39
247
153
78
332
409
252
130
3
213
457
477
245
366
151
155
294
115
316
293
101
284
372
383
186
403
336
368
102
200
1
120
446
345
357
467
305
398
386
9
113
324
22
454
129
392
317
38
285
346
395
372
417
279
20
101
398
208
296
356
399
373
96
426
215
139
497
105
465
421
341
284
356
278
49
437
488
356
221
307
182
367
12
408
7
51
60
266
297
237
206
394
149
249
338
468
131
232
454
115
393
382
301
114
271
352
22
384
404
316
318
56
152
31
340
410
88
328
130
153
272
142
478
354
497
260
289
295
74
294
96
443
274
224
120
446
481
236
359
340
382
499
284
327
393
362
331
441
116
460
324
52
434
292
145
211
465
418
365
21
226
334
408
114
209
389
465
65
491
369
105
488
332
157
374
239
419
87
32
351
124
340
460
36
310
145
476
261
353
345
229
143
443
115
344
404
199
220
423
116
50
195
468
179
292
76
98
171
153
210
158
438
140
153
290
285
112
52
24
229
161
360
270
264
251
190
231
350
203
132
290
364
174
73
126
205
475
141
475
394
392
150
70
329
207
363
405
433
86
209
481
293
117
199
416
489
86
453
467
314
149
376
145
117
45
160
229
133
264
172
34
144
5
307
368
397
6
256
37
135
325
383
210
145
14
417
327
96
311
98
169
406
218
7
268
42
390
379
96
254
353
476
286
40
432
235
245
179
471
44
2
69
52
403
98
287
180
226
161
105
435
431
490
200
245
451
432
468
247
360
108
24
266
95
272
395
260
1
351
162
308
5
330
317
420
123
10
335
7
135
87
80
56
283
382
435
61
304
398
45
422
79
415
270
227
125
144
77
19
233
200
341
64
395
53
188
412
496
66
62
403
121
67
66
257
9
304
200
314
19
117
451
365
211
110
83
211
249
88
225
245
1
447
346
274
432
293
321
368
315
443
85
473
144
285
254
310
86
357
272
359
192
296
202
328
136
193
36
286
337
375
86
308
313
87
269
399
142
294
383
270
16
449
276
72
58
498
110
74
297
350
145
282
31
414
446
59
393
180
134
77
171
236
205
63
374
234
391
90
256
339
45
28
185
230
111
364
331
143
185
306
315
135
12
99
267
110
366
473
29
309
339
277
401
400
394
19
427
422
273
215
443
359
146
151
465
291
90
145
24
201
72
136
271
397
417
342
67
310
155
495
311
444
351
472
111
429
461
158
155
330
29
327
24
464
293
413
474
362
212
294
383
368
38
347
5
224
362
323
149
450
500
406
347
349
254
190
433
165
222
496
33
395
386
133
8
329
36
351
233
139
493
197
245
480
426
150
189
276
46
452
118
343
330
443
315
83
316
40
197
211
454
182
410
485
467
422
396
407
208
468
494
364
296
498
415
17
126
78
104
20
181
394
266
409
166
393
418
194
141
274
356
117
338
498
376
242
496
499
176
103
94
397
232
148
287
206
493
352
80
51
427
437
59
293
493
12
412
447
46
88
44
283
305
75
430
433
56
139
264
28
263
165
487
415
16
261
143
212
331
367
400
49
398
337
287
229
435
406
482
400
101
317
241
188
316
249
62
292
442
378
318
312
53
161
175
353
447
326
254
272
99
155
197
186
19
23
112
252
300
267
79
156
443
56
9
96
199
254
11
