49522.70
36426.28
50713.72
67250.54
33118.74
46803.36
34901.67
27933.44
14267.54
53028.10
30543.30
45183.88
61824.27
65348.80
18081.03
27579.26
20251.42
23923.20
51715.86
1820.00
19640.76
43601.04
47151.69
22970.22
64548.00
41652.24
74460.89
6416.85
6752.20
57613.60
50453.64
18922.02
54103.05
40684.40
38441.10
35716.59
32191.56
17048.00
41539.92
65237.64
57825.51
1404.50
10601.50
86441.00
48331.68
39859.63
18655.68
33542.91
56230.90
32440.32
26968.80
18037.11
8066.64
25587.18
56780.40
13344.20
45718.14
38729.60
15208.02
14862.12
7132.55
50768.46
7287.75
4232.60
59072.30
54491.04
43861.12
15775.65
26248.29
58389.51
33695.40
33729.63
10826.48
20913.96
72892.67
52064.95
34489.12
32740.65
50201.76
65120.40
68330.01
26343.90
50886.00
54090.08
60188.27
37020.94
18455.36
20614.44
40212.64
2867.06
30036.50
21298.44
6298.68
10943.46
56512.72
21579.12
42129.78
30343.86
39689.43
17813.04
1496.58
51154.25
31506.16
63340.30
43651.52
31218.18
63983.26
15438.39
13824.80
42762.53
45239.88
27918.24
44145.26
12910.04
29952.96
77741.84
74598.66
13665.63
17188.10
39416.75
16913.93
44242.98
11969.98
45763.40
39563.20
3069.24
9705.36
49858.20
43607.70
48243.20
24253.74
21340.95
39484.92
37852.02
18944.71
18217.80
73742.85
51017.94
38377.28
26037.72
29936.48
27503.26
33185.62
64328.04
17818.70
64370.46
38495.48
77160.77
36038.16
14919.96
33876.00
79811.60
63988.47
44266.80
70031.34
52387.33
2430.62
83136.42
42893.85
43671.00
41597.01
27839.10
1413.50
20907.00
64993.25
28381.92
34052.80
18354.95
21494.88
64531.66
42986.36
91383.04
80296.48
5159.43
8703.54
50733.20
18720.40
26305.12
4735.98
38989.44
58968.00
25114.56
19731.42
7479.84
8294.82
13910.76
29359.72
24651.90
57174.42
48332.70
32638.39
75157.12
9195.72
75358.80
15416.80
70606.80
10819.48
19688.76
9649.29
59133.76
55067.52
8216.96
33299.52
47956.32
11837.87
9346.08
50461.65
63781.65
43691.40
2090.28
9025.66
32942.77
1692.79
27425.16
54781.09
15738.94
20362.20
44968.80
28381.92
71355.20
24106.00
46588.88
18180.00
51137.46
1665.76
36118.00
41443.75
59058.78
26395.84
15782.25
32025.35
40252.68
61685.13
40312.09
77954.70
5444.73
14427.48
40095.18
27217.68
39939.78
17605.26
29977.92
55299.46
73787.61
37990.02
28111.83
43135.88
42644.88
62414.44
9883.71
85770.24
5593.92
25305.28
49359.80
28435.21
16814.36
7752.48
14599.28
78454.32
3748.02
18220.00
34756.60
70978.46
16623.00
15647.72
40278.56
48755.84
49639.05
45745.92
9820.38
4950.40
16007.16
58163.56
38093.40
55830.77
5681.94
38039.80
40868.01
3795.98
72030.66
19503.08
49697.76
37167.36
7883.35
26247.93
26799.50
30881.76
72931.95
20371.26
22208.55
61559.12
10098.80
69163.32
22406.13
31337.88
33109.19
68923.50
61489.75
21923.80
20575.10
26666.31
78855.19
2248.44
990.08
49533.20
49139.48
14519.82
69869.26
41949.36
1591.68
36964.25
32638.76
30542.94
9000.81
47966.43
75587.55
52135.30
58247.10
54431.84
4160.52
41683.92
9334.17
55197.90
16257.50
55500.00
32878.86
24470.46
44648.40
84265.83
923.01
43245.60
24701.10
33208.74
60881.28
52119.04
41309.45
18884.91
82932.94
3486.75
26705.16
64836.64
51819.95
3976.32
2861.04
31434.75
45408.16
38681.16
73822.83
6979.56
45095.28
10949.52
65119.50
11298.32
12878.04
37188.33
10907.46
3393.58
46638.16
22032.24
54453.48
32188.27
68090.75
16594.08
37482.27
45300.60
54781.09
46777.83
54364.38
43202.70
28526.68
38079.80
46979.40
3685.86
9088.73
35149.80
13044.00
62345.01
43135.88
31858.08
55859.04
18740.60
33155.00
56165.76
46697.28
28597.05
37043.16
29333.72
22938.66
1321.41
45723.00
55454.85
10811.34
39899.79
32924.98
34662.00
61929.36
33034.98
50381.64
35852.62
10428.44
81837.80
44443.00
16916.20
43563.84
68112.45
85972.16
15989.05
44447.10
11933.53
17135.91
55706.83
13474.30
43285.31
16712.46
26754.00
41393.22
39491.75
56821.16
54134.08
47410.80
49620.48
1027.12
47958.46
13846.56
29389.77
6291.75
69901.92
58400.16
25002.40
22328.70
43485.60
38378.89
2098.28
13366.08
44427.04
59533.08
32352.84
21827.92
21203.00
88292.61
23398.20
13433.22
48728.46
21341.32
42433.39
78130.56
12223.20
73727.02
33901.06
2452.62
14105.00
42446.40
991.09
33251.40
33078.98
18555.88
5786.16
76265.55
20566.08
56255.40
23890.20
61445.56
44398.76
28070.00
20085.44
22272.94
31490.56
26999.87
2554.74
64082.20
28644.62
41035.68
10882.55
4552.92
19686.15
7627.96
20361.96
10210.74
84238.20
64580.46
15845.83
44922.25
11232.21
3555.81
33551.28
15823.08
22072.46
21056.23
55796.59
49058.10
15332.52
57077.31
12727.91
70981.82
45715.88
70792.48
29293.19
27769.60
38409.28
69802.96
44862.72
2955.14
49365.82
18917.91
45872.96
32580.00
31478.94
34956.08
35724.00
38036.02
9890.64
3447.62
39448.50
74009.49
20560.47
37059.90
32029.36
21576.75
44003.16
47427.24
48246.45
2244.42
24659.68
62057.94
20382.45
31257.60
16033.44
24727.00
62270.34
2734.90
50193.78
57724.92
38993.04
32843.04
4162.44
43651.96
81552.02
66346.14
60473.70
63498.96
48229.34
68357.82
46016.88
8835.42
3083.28
26928.80
48752.46
48268.08
1111.20
17012.93
25240.46
58077.12
4306.56
14944.08
77477.40
86805.71
11012.00
2122.30
69192.80
47865.09
47768.82
90094.50
48715.24
62580.70
48947.15
23809.92
70950.15
10838.61
2522.70
63108.78
24826.60
43290.74
61072.78
21715.76
7057.50
30183.00
47523.60
23965.80
71369.25
958.05
40744.88
7427.76
22082.94
31473.60
1535.63
33047.07
68022.00
50339.07
22864.60
19509.42
73085.76
77025.06
51031.68
4820.30
7555.92
36326.92
25030.79
36666.44
41919.25
40666.08
13886.64
65067.00
63340.30
12956.58
35181.26
46146.36
4198.47
26208.16
16715.71
41175.00
28498.58
25972.08
26411.84
74246.90
8038.45
8925.48
17640.59
44368.97
21226.86
52669.87
36754.90
43671.12
53018.70
55767.28
30199.86
59317.65
8801.52
965.05
3767.94
13495.69
26825.58
54327.00
63817.60
46634.70
79372.66
49825.82
3333.60
47764.32
59824.32
66487.20
31520.58
3583.76
43101.08
35688.00
19983.60
17610.72
10523.34
16947.80
65776.03
83531.86
64123.32
8619.18
65730.07
8595.36
29371.14
63066.78
35434.24
43696.20
41204.45
41624.24
1748.84
67174.56
7252.91
8086.75
8729.44
85337.76
3255.54
37410.70
42190.72
39641.76
4276.56
51856.50
69633.79
58328.01
42284.40
11977.08
9354.94
5450.73
48103.75
38816.58
36147.10
50566.56
16273.60
64607.55
52077.50
23958.09
50380.92
35938.25
36664.00
79246.42
1522.61
20758.24
19401.28
24997.06
33739.64
77565.40
66647.04
74190.72
33443.76
30568.48
31295.81
12487.09
72108.66
31850.00
33969.06
16322.70
41683.92
47678.76
6709.26
37902.69
21454.56
23944.50
54814.32
56094.50
21781.92
6411.90
9319.94
46298.29
35534.88
58542.35
38041.42
13643.63
2718.90
59326.08
16006.90
34841.52
69204.66
20898.44
23300.08
7624.32
36042.62
41564.40
38070.90
24974.64
4637.00
17495.04
36662.43
37450.02
14155.00
11069.58
25833.72
22595.76
60407.84
72016.12
13574.64
8541.06
8310.96
54301.80
41369.08
34717.20
81085.05
8661.31
66355.20
54727.75
5135.60
23842.50
3003.18
7219.80
63621.11
13951.96
67736.37
14126.88
68512.00
78090.32
67310.93
28891.80
61300.44
42907.41
9703.53
52128.12
6362.72
39810.00
40435.23
31597.80
22535.64
47669.49
22292.53
59199.00
6370.72
23825.60
29855.36
49488.70
15172.20
22183.52
36338.28
50986.06
50294.00
62886.24
19412.80
10835.34
69553.80
46083.67
66175.20
40412.46
21517.80
17917.57
53087.72
33726.30
12060.72
21961.24
30672.40
28526.94
49445.76
59246.28
27943.41
27497.40
9829.71
45149.28
46459.92
44480.80
23699.27
966.05
40918.00
40491.20
16502.85
38932.95
70718.76
33365.42
43328.74
20881.44
5129.40
69232.80
25695.18
42705.30
28343.59
80004.00
32983.86
8000.80
59913.42
65860.20
78049.84
8669.10
53517.64
23147.08
38189.48
43967.60
50786.19
54364.38
58847.88
8458.10
9081.66
69415.08
25508.00
17438.59
52682.84
71796.27
25779.84
57146.74
31778.88
8649.18
25050.69
38079.42
20316.60
57846.25
8153.60
14343.12
35938.25
36316.28
70242.48
9920.80
39322.80
3517.70
47051.23
32573.70
19928.59
60635.84
60735.36
38606.70
54969.48
21715.76
59236.45
7280.98
22866.48
90575.04
76832.36
69174.10
75380.00
56234.15
44796.84
17875.20
53966.35
80274.60
34345.44
62534.34
11709.32
9444.85
32002.56
37187.00
53848.64
79065.26
37750.50
49281.90
52376.64
46877.74
59860.24
6871.38
29931.97
8556.17
20373.48
25578.20
11358.97
37459.40
11124.24
83418.42
76929.12
72941.28
32222.58
4997.25
13010.16
52683.33
11640.42
35215.70
39817.80
5480.95
66237.48
21892.75
55679.40
23305.44
44272.71
17758.70
30657.66
1221.31
14828.10
57660.80
78226.28
38612.18
34028.68
27713.34
65453.52
31273.20
13081.86
40139.20
39482.05
18339.84
24301.84
82146.24
37864.08
25114.46
14607.72
19368.58
11436.16
38189.25
66721.50
24982.52
31389.80
43139.82
45952.17
919.01
51735.10
3777.96
6384.90
70951.20
60351.36
35029.26
41632.77
45397.75
65707.19
63067.50
32910.25
4072.44
40299.18
11019.76
2306.48
42795.00
16800.94
40182.90
24606.40
45611.02
14183.54
21398.88
67114.67
53696.40
31091.64
63246.60
66162.11
85300.77
12942.58
33327.84
23684.92
1882.06
18906.52
66293.50
39486.94
17145.15
47424.75
54338.00
15944.94
6228.78
16541.64
38344.96
16957.93
16442.70
15416.66
67076.55
69163.79
21785.01
15917.04
63222.88
4340.68
42255.50
