12363.65
21831.36
27704.10
15982.83
44155.98
43743.99
18938.70
51715.35
38007.90
45047.04
47449.53
40342.64
73098.08
43918.08
51240.72
61709.56
63818.34
54154.42
4621.89
64069.06
38189.48
25924.08
51223.68
31283.75
5357.61
52988.10
19534.28
17538.60
53851.55
48748.96
14085.40
54253.12
31982.44
33715.60
38870.92
45794.00
44088.00
7768.48
12946.77
4440.80
7628.10
68279.82
28564.58
39370.24
57425.55
54228.84
35197.20
31408.75
14791.05
35060.96
33455.20
21397.80
50438.52
9405.96
34692.48
22674.15
25488.60
64454.04
28182.48
2736.92
25624.08
7416.08
80501.60
21275.46
38100.04
23068.36
73909.88
50032.71
35380.38
15989.04
3828.20
23945.22
25810.55
29852.70
49072.89
35591.99
20758.24
51359.44
15376.44
6376.85
7042.70
47284.54
2670.84
39978.40
90156.57
65937.96
19641.00
7910.46
39708.57
16737.71
56456.40
54525.60
33303.96
39555.63
46642.60
54028.04
46840.14
21442.95
51567.46
70154.00
56844.48
39807.90
31689.84
19390.54
88405.59
67121.10
8321.04
35435.40
39732.00
42997.64
37901.82
54797.75
74921.12
60579.72
90430.56
83669.86
23655.16
34057.44
45680.67
89470.08
7802.34
18880.80
86346.24
12975.17
6060.60
3692.04
26650.26
1571.66
69727.34
8288.82
42659.44
73662.24
41516.64
963.05
77078.77
5670.04
15911.94
38359.48
30938.47
56475.52
51456.99
20445.60
4985.36
9324.75
36363.75
84417.69
73381.44
31618.24
4309.56
1253.34
53396.10
60624.40
54649.28
45543.06
49264.62
72192.12
86340.62
3735.90
48484.80
61931.52
64916.88
62247.64
39399.36
44952.95
33515.91
38156.25
46921.91
1172.27
33435.20
67355.40
24148.67
33585.75
6162.72
50033.38
83379.56
34191.72
35373.00
37780.80
26059.52
59577.42
66590.00
78777.30
1715.81
31001.60
75872.16
56261.66
53912.78
34343.40
56600.72
9870.70
31813.29
22361.97
43381.47
5399.67
40903.50
70536.97
37395.04
21131.80
37188.73
10361.30
42053.88
60966.38
19743.79
5454.00
1417.51
77161.31
6391.00
11255.82
13467.52
8233.89
84472.80
31549.65
25305.28
46459.30
30102.86
11078.10
30810.78
55898.88
23071.70
15581.61
30920.58
51127.02
21935.98
54688.50
69721.92
85959.24
30923.76
12337.32
37921.60
44102.19
57469.92
21878.25
24746.24
5573.82
12480.09
35938.25
71715.20
38962.35
6126.66
6841.38
14230.88
79561.13
18035.52
71179.24
55625.78
32616.76
53977.60
32220.01
1978.16
32315.01
26087.06
57420.09
57638.49
70010.26
6902.49
34966.48
12802.37
30432.75
35890.62
50931.20
9990.90
3283.46
21838.92
5477.84
87041.65
73953.88
39381.16
1266.36
60830.86
40530.72
14323.68
20774.24
45276.98
56423.40
39216.00
59230.08
32154.00
8383.80
47269.80
16802.24
60799.68
28381.20
52267.48
47124.25
46274.72
6930.56
33060.25
1432.52
36138.00
52732.33
17778.84
6486.84
6012.54
38320.48
75478.54
49718.75
7932.61
37985.40
30134.17
43475.94
33246.96
57146.18
27581.40
11380.04
1393.49
3799.98
8441.12
12941.68
3067.24
56310.30
46486.76
30228.00
32936.05
22974.30
7748.20
51012.34
72009.62
26647.31
26579.00
61607.13
28539.09
13270.00
43771.86
15520.56
71857.24
2608.78
39223.14
26188.56
61815.36
33079.20
24314.40
16830.36
35911.14
46425.30
70684.98
34314.00
23899.99
1812.90
14919.60
40775.86
40808.71
3427.60
41024.15
8833.52
58484.16
39210.24
1469.56
59825.70
14319.04
56130.30
37990.50
24126.00
26538.60
20030.01
77698.08
66273.48
73908.83
73736.40
19046.70
48235.68
43769.88
46963.74
32265.83
59833.64
80172.60
52796.16
5306.55
31137.92
74142.72
51621.66
43508.19
76618.85
7224.84
20081.80
58154.51
57601.32
19985.28
56512.28
32614.38
42249.39
55183.95
22578.79
52860.76
10730.52
9346.08
56969.70
1896.98
51674.35
39775.26
87548.16
50139.00
62669.86
9271.08
72526.82
2166.34
65673.52
40818.08
18800.60
72796.95
60357.96
57224.14
62931.96
30689.60
54095.81
1391.48
45990.98
33871.86
11912.53
55954.82
15325.11
45985.32
33670.00
40057.68
65301.60
28350.72
12739.37
33936.25
19789.00
12832.04
29932.24
33251.52
14577.39
40894.46
30552.20
39141.17
31120.32
11695.32
60364.80
22344.53
50357.44
26132.60
84739.00
51188.76
72280.12
26388.20
23761.92
33269.67
63066.40
10474.98
24731.10
34075.80
47004.32
79701.66
69612.96
86442.72
29011.64
37690.00
60184.00
18540.40
14393.60
31714.50
24358.40
54236.70
4129.41
41452.48
67270.98
57912.50
50081.13
38866.25
42645.30
40498.21
16814.82
19897.90
37665.60
16177.60
29951.45
38506.65
19469.08
77914.25
56447.57
20308.05
5409.76
61552.80
20778.78
9988.50
13444.40
69063.54
23124.45
63445.20
23930.16
29195.78
11462.40
15946.51
18387.84
25322.72
23547.27
83465.42
25877.72
70114.00
28520.31
30683.30
59513.14
51305.35
67328.91
18906.71
21262.65
25039.30
40534.56
19700.76
12725.30
20488.14
31948.56
81395.54
45840.33
26668.26
18073.72
48311.68
11612.40
62225.94
11828.56
75632.16
55810.50
7437.90
74923.20
45940.44
85193.76
32105.82
24109.74
45768.60
15713.72
22444.13
34623.99
35938.00
12129.81
6687.08
4714.98
73962.02
25353.30
46834.74
58714.92
1900.08
17385.00
42294.50
39817.68
10125.71
46498.92
46198.25
49417.32
24867.27
40182.87
26272.89
34467.57
29947.55
49087.22
41694.00
6126.55
53356.99
58012.80
12797.52
73836.49
13022.04
65706.42
89064.06
64114.34
19895.66
56262.57
30908.25
66595.93
3216.48
19864.90
77453.42
70634.34
57561.64
38755.08
47136.17
39321.05
43557.92
11232.10
36595.00
28218.74
37111.76
35024.08
20622.40
33040.19
35683.14
10379.25
3763.94
36668.50
5440.90
58358.16
11035.76
42268.80
30969.36
54177.00
22488.72
21915.14
7973.40
22199.94
78427.80
21943.15
43320.50
9901.50
46969.80
14971.35
83247.30
37314.27
72789.54
39818.29
34589.24
44174.76
25327.00
13838.56
14935.68
36718.60
38141.10
34417.80
42521.92
16729.36
16025.16
29623.32
27641.16
36399.30
13433.22
23951.25
33893.72
18055.20
13258.30
4308.68
41119.68
6757.32
5390.67
10144.68
36492.15
9018.66
17618.60
17727.38
31363.98
30206.62
24884.46
66710.40
37495.59
28604.94
46743.95
9129.84
40362.90
48520.50
23653.74
52357.00
61806.15
48740.02
20999.00
28014.24
54896.42
20694.08
32901.96
38801.82
8945.60
82386.50
51174.36
26283.84
46748.74
37440.27
79908.00
9135.72
63603.32
30568.48
67968.22
35457.80
3137.32
3936.28
24626.40
21457.80
12346.95
37509.04
30872.80
53315.99
26081.30
10819.48
57282.18
14365.68
5033.40
32315.01
37246.56
39775.26
27480.30
31053.00
45447.84
21630.12
46625.40
20066.66
37256.00
41137.47
29587.14
36780.96
38282.00
47666.56
38078.30
29632.74
3628.00
7042.50
27399.67
77315.42
16528.49
32616.34
43287.20
18873.40
78933.00
27364.90
79719.85
46711.50
31702.51
67922.22
38921.31
12879.51
47702.49
31515.75
73378.00
55765.59
50516.74
38831.70
1595.69
57998.40
42919.50
43011.87
57950.40
20242.20
53786.70
26974.62
32626.44
47001.50
41227.44
17947.08
51180.94
46901.98
76814.64
27854.82
50138.55
44287.60
41099.10
11982.78
75936.08
43966.36
53028.62
5405.67
56037.16
32895.65
9434.16
51191.46
52151.88
3745.94
65782.08
35795.28
25579.04
54301.22
928.02
9169.60
53096.44
82571.48
53684.81
20001.45
25675.02
83517.30
51898.35
41988.92
12349.04
29445.46
34730.29
55478.78
65297.46
22395.80
39228.84
66470.00
21515.04
41268.50
58923.00
12963.58
68091.44
40788.50
12366.42
22403.85
17310.36
30940.00
40530.48
83438.00
19252.64
32674.80
27807.24
48212.00
62190.10
55641.28
41694.80
38404.48
50165.12
31421.06
22452.12
32098.32
64399.68
63801.85
5411.67
22452.36
59429.37
32080.02
66136.14
8973.48
20559.84
65724.75
86570.71
15991.22
1794.89
18948.48
44046.25
61408.80
18830.25
74736.66
73138.67
37858.92
30902.76
19842.79
31449.18
15072.48
9271.08
15932.25
31075.00
59764.50
30419.34
56820.72
32734.60
21706.88
20152.22
14460.90
24226.18
74229.00
43262.31
14567.28
12633.50
25152.69
56718.42
45745.56
4715.01
50608.74
8577.45
15266.20
4913.19
83337.30
31056.48
20307.96
59554.14
28350.00
34099.11
5597.96
32585.34
72459.66
62854.86
58013.12
39041.25
14829.66
67607.40
63945.65
22584.16
16514.68
75595.38
44820.36
25487.36
40713.75
32180.66
23508.53
23767.38
75318.80
13632.63
37402.95
20077.05
11255.82
14919.96
54136.81
29331.50
7503.84
50499.45
47379.84
17985.11
4793.07
19244.88
58938.73
44213.26
8258.82
74574.90
34369.10
71559.44
58897.02
42100.01
48561.30
33792.54
26108.00
54477.30
46207.98
48021.48
58421.72
46577.60
54818.40
21418.44
53722.08
46361.31
76750.77
41035.68
51309.86
23439.53
67303.28
5369.64
18866.52
1090.18
65238.03
42273.36
40435.56
2630.80
49672.50
1133.23
50837.61
35548.24
17607.72
16748.71
33929.37
24524.10
37053.99
23209.44
8425.20
78788.80
18569.50
33094.80
68182.52
28303.00
35285.13
15304.38
33059.84
17073.30
13154.00
71628.86
29983.52
5652.18
67146.93
11921.13
51993.81
48384.70
58062.50
3271.44
1171.27
51209.94
9532.08
52879.80
6727.26
54457.46
11388.08
58813.88
25227.00
35568.39
3717.99
82537.00
2808.09
39652.84
8570.17
50607.12
39970.78
26009.94
83842.36
10402.98
22775.00
20668.14
7227.65
52901.20
3872.24
55830.77
17839.20
85787.70
39411.24
77794.56
63817.11
56164.50
20475.70
49262.50
45529.20
21330.68
26614.26
55982.59
47174.32
22917.05
16866.00
9201.92
46790.16
34180.80
70715.73
39595.92
1383.48
51415.20
26103.25
3270.54
59495.08
11748.48
28170.80
41160.46
28862.24
3760.05
1250.34
63163.32
19047.00
6154.48
39772.34
78611.04
7042.50
7587.96
30461.94
48883.52
47938.44
