426
155
22
356
440
113
329
66
30
162
486
491
458
274
51
409
345
239
439
430
392
493
2
142
267
26
197
111
68
403
138
475
135
264
140
108
180
417
481
358
133
332
377
208
14
343
211
251
347
214
99
204
284
93
397
61
300
14
119
218
201
128
274
276
70
393
244
287
461
260
89
186
227
28
24
86
154
276
175
495
216
130
199
249
416
2
482
253
226
13
124
379
349
465
86
93
243
428
242
337
403
422
106
455
24
194
462
202
420
266
131
184
30
235
13
189
99
406
412
391
308
187
457
248
22
325
214
166
266
195
266
378
370
326
421
287
244
487
307
142
167
445
300
309
25
345
340
87
48
38
115
160
196
444
381
238
367
327
56
53
54
100
327
344
269
459
482
52
139
449
343
46
461
430
180
305
478
30
127
236
141
112
499
28
97
244
402
54
259
387
131
232
371
402
82
383
262
422
203
360
112
197
381
475
307
10
243
347
134
132
27
493
449
215
101
121
59
279
175
129
263
348
334
473
232
189
39
264
232
271
302
469
420
269
82
175
192
56
6
239
180
471
28
367
470
485
140
235
297
249
227
415
4
128
190
64
337
23
369
324
446
136
41
380
396
15
75
11
42
27
317
191
369
6
138
378
337
128
177
272
445
221
121
421
482
390
12
303
18
79
228
291
154
174
217
414
184
152
170
379
49
113
66
362
384
257
161
490
302
295
77
476
228
471
353
202
489
408
339
470
294
418
64
195
500
467
419
145
238
327
96
223
40
87
177
101
11
269
114
315
424
93
301
64
266
345
414
272
496
432
438
9
204
208
303
323
483
228
304
55
86
151
88
175
419
137
389
60
364
367
497
43
423
17
378
213
448
29
242
50
126
355
342
459
44
409
63
319
321
467
46
54
292
124
396
487
131
273
391
285
192
261
11
384
452
287
344
97
286
119
303
458
76
411
402
298
1
124
109
250
158
423
74
187
371
443
144
110
369
90
7
224
466
29
98
136
253
293
126
28
494
39
313
172
394
149
157
252
359
346
105
308
488
351
436
330
207
52
6
471
258
493
5
410
469
467
284
455
318
240
300
216
270
395
87
249
231
371
268
313
153
29
395
104
401
182
432
295
196
467
65
326
171
253
57
125
244
42
128
228
43
374
75
263
321
116
475
479
3
355
164
215
87
110
351
323
294
394
173
363
225
460
330
393
126
294
367
128
8
251
65
139
142
126
151
260
403
12
128
250
188
269
57
195
398
146
204
499
140
224
195
449
10
363
6
320
285
473
141
151
162
469
455
15
67
450
100
441
43
346
437
387
376
397
149
165
260
379
473
237
354
56
497
238
235
85
415
176
108
316
312
446
121
360
391
101
243
220
364
48
5
341
336
188
333
365
221
247
106
150
325
218
171
8
348
12
452
451
410
157
283
195
365
440
282
23
262
67
162
443
403
255
228
355
175
272
437
295
483
396
150
191
188
239
66
348
52
225
240
172
326
7
276
271
124
268
362
209
91
390
324
346
187
252
411
88
306
351
106
25
440
492
218
142
24
337
69
173
416
468
364
314
250
327
50
86
189
42
149
429
190
491
371
63
464
131
470
68
146
262
489
255
117
384
349
141
238
273
408
177
350
180
471
266
435
274
242
272
474
337
37
405
172
166
450
473
328
136
459
414
378
282
276
200
200
144
338
170
58
30
183
346
132
232
257
311
499
302
21
124
122
26
59
228
229
370
96
434
443
267
336
209
37
283
108
81
380
249
428
454
121
431
171
305
302
15
152
10
461
111
499
312
484
313
344
332
220
80
94
404
365
372
336
57
367
245
129
68
396
91
289
132
486
17
83
370
111
453
498
265
324
22
260
414
448
488
112
437
315
140
216
51
99
32
44
22
349
107
53
437
149
489
12
141
289
495
359
455
128
210
443
229
182
417
142
70
272
386
340
21
240
5
31
452
418
338
404
462
171
417
351
400
143
25
457
58
377
281
64
490
410
158
157
173
25
368
28
310
472
74
226
109
250
336
160
248
122
386
37
99
65
232
213
379
379
134
375
471
327
133
407
331
314
175
134
172
270
461
3
365
346
72
200
12
228
110
394
18
351
289
155
364
265
450
496
258
97
156
103
172
155
320
211
443
283
195
369
31
129
74
340
408
172
17
407
122
122
107
372
411
287
436
493
297
174
309
130
423
168
161
121
465
191
136
316
256
235
186
172
9
372
291
363
297
392
375
201
336
443
220
423
412
158
8
74
124
455
413
382
71
18
462
279
447
205
387
153
411
228
395
