379
6
255
66
168
239
262
192
297
310
361
31
385
235
90
330
244
185
18
468
173
469
350
465
469
277
290
39
498
265
352
275
130
356
122
96
475
279
255
119
340
422
227
299
181
483
121
6
184
197
290
22
225
169
228
202
211
55
119
201
21
435
287
337
57
334
269
275
136
61
221
229
37
300
136
6
165
38
68
403
494
153
319
50
266
260
217
480
393
273
213
68
137
495
291
258
61
245
72
233
310
174
44
438
106
248
378
484
62
139
36
375
371
488
429
410
119
423
222
259
312
268
143
59
495
406
251
357
377
114
294
118
269
340
286
307
415
208
275
374
164
254
379
274
103
117
47
126
339
75
62
280
363
197
201
428
112
28
229
420
450
406
18
382
97
253
352
405
181
290
421
482
240
247
274
449
473
178
326
257
405
150
290
169
203
34
59
373
294
110
357
212
219
17
295
188
474
66
483
190
39
327
270
309
121
43
459
260
356
64
247
90
184
256
196
453
472
148
378
260
205
37
142
119
252
325
169
13
294
32
29
328
197
416
441
25
81
334
247
64
327
431
300
1
329
321
283
49
298
438
332
118
139
270
90
194
109
481
117
388
487
468
433
453
132
327
414
428
309
381
70
1
305
284
405
349
315
49
221
376
247
279
276
472
321
416
191
150
272
296
171
198
387
49
324
474
292
383
463
334
387
173
438
379
351
331
85
374
232
108
34
10
147
36
90
104
386
450
45
152
51
37
281
155
463
410
230
431
434
51
415
163
339
237
405
378
37
163
149
132
265
450
403
53
20
186
249
387
439
490
204
101
172
98
182
299
45
337
136
117
105
226
95
403
161
193
381
485
149
3
387
391
467
322
477
245
483
202
315
415
425
193
443
275
341
238
32
4
90
361
167
128
393
318
202
403
252
400
167
351
482
290
145
292
474
205
93
218
389
74
219
451
371
267
114
220
49
473
75
173
31
410
71
364
288
114
53
50
395
465
311
132
309
406
394
264
485
188
383
464
9
473
96
198
288
485
59
234
33
463
340
386
79
149
321
153
336
7
418
247
376
378
282
489
235
430
350
147
256
44
372
131
203
198
147
202
291
483
42
279
138
201
385
200
135
55
418
359
304
169
215
452
200
102
415
23
184
428
345
51
52
459
18
220
484
236
327
35
131
131
351
333
219
65
170
44
119
148
299
24
120
75
92
256
428
335
378
249
233
400
401
435
85
243
82
309
245
29
215
206
38
454
281
386
134
137
235
322
108
52
251
358
401
9
91
142
117
216
132
404
324
69
404
367
162
461
441
194
234
239
74
145
427
218
358
22
242
232
247
423
465
125
312
13
112
245
92
114
208
321
289
155
278
240
251
181
484
69
62
19
258
92
437
446
34
349
198
124
272
369
313
236
268
1
243
488
113
69
317
165
112
227
487
115
477
48
242
113
222
364
177
146
165
176
249
214
127
113
161
139
257
423
352
331
16
335
348
98
210
378
396
31
236
54
452
31
30
268
77
427
227
446
190
222
356
319
206
250
81
483
339
203
13
55
369
5
315
12
198
216
271
435
104
102
325
388
141
214
55
271
270
214
275
72
493
360
441
98
67
93
324
416
270
168
485
313
205
92
6
267
179
489
387
86
249
380
328
119
313
21
258
445
252
318
375
73
431
397
122
424
477
261
281
374
178
448
27
203
320
488
278
38
336
346
21
82
456
200
373
70
144
117
420
83
320
337
152
161
194
124
339
22
355
333
475
134
393
485
245
408
485
272
7
79
113
381
431
99
38
346
451
371
298
367
359
57
55
442
450
393
250
461
284
460
151
163
66
378
194
159
416
475
38
444
284
311
22
225
201
39
349
109
180
386
264
279
476
242
454
375
384
64
200
498
209
463
443
197
173
88
128
283
210
94
390
476
254
317
491
291
441
296
312
48
419
78
114
466
305
60
188
283
170
27
106
112
488
58
276
28
213
44
498
311
44
474
192
289
350
226
326
98
262
222
166
28
476
83
164
437
464
244
294
46
113
51
196
1
331
187
225
113
208
436
86
195
353
451
88
324
259
1
51
329
380
186
177
272
22
211
86
326
396
279
102
185
38
227
432
450
194
335
432
141
196
308
468
264
442
108
34
293
214
470
416
92
480
211
428
220
298
176
80
430
123
334
26
59
350
444
413
388
498
406
482
81
49
324
57
89
351
13
37
190
393
194
103
163
271
188
218
235
77
104
20
196
296
249
300
480
433
147
315
352
113
321
85
20
134
308
128
121
212
347
292
132
93
278
195
364
