968
2889
7481
9793
5052
5990
8345
156
2910
5380
450
1927
7503
9348
9474
4795
5973
2934
8735
4216
7971
34
6362
8876
1759
5117
354
8782
4524
2661
3812
5382
7981
1805
5644
2403
7509
3145
9058
7328
5258
5217
9393
2796
8000
7973
7640
4864
5462
6138
1233
8429
4501
4279
735
6621
3796
7942
6146
7638
1565
4488
7697
8915
8324
6553
8050
9056
5520
7985
6266
7429
2747
7215
3202
8747
8741
655
3427
384
1710
5237
3801
5701
4555
9792
7767
9716
8968
5769
4978
8358
650
3545
8079
4607
5287
5608
2886
1365
7836
9592
3339
5236
5103
2985
3110
758
7027
9597
2452
4746
1091
8877
7847
8111
287
2635
8454
1218
9323
128
6730
9200
9438
2348
6156
8542
4504
4405
1852
2925
3680
9984
6548
7226
5046
1889
1726
4953
7422
4106
7770
6375
7007
4326
711
2666
9831
8848
7012
8673
6467
6552
1785
4644
8810
682
5955
2585
732
9543
9214
2221
2106
64
5885
6044
7126
5909
511
2870
6900
9200
2741
2120
677
3263
1276
8089
4820
1180
1263
5044
2866
3570
8272
4268
7654
9520
3985
5225
8212
6119
2029
9444
2056
6641
8426
9467
5702
287
7670
463
2563
1867
6384
1880
9807
6217
3679
5623
9423
7897
7480
3643
1185
4737
3522
9729
4852
3601
5077
5879
9766
1047
5353
3679
8273
1828
8615
6236
886
1292
7571
1549
9441
4259
9245
5505
7497
515
4567
7374
8453
8622
5578
7733
6448
916
8004
5870
2379
2958
3893
4556
6862
9576
260
2109
3037
6869
4832
9120
2879
565
9455
548
5457
683
6005
338
6759
4845
7857
6592
1886
2720
2584
6397
1913
5846
2734
9183
1725
8890
42
2204
1205
4968
2917
3869
596
4564
3229
573
5174
5256
6663
2303
9247
1338
7206
2467
1459
148
4552
4687
9979
6819
4153
7701
7636
7200
3676
2320
9966
8494
6065
9180
4894
2804
2256
9853
9827
4922
527
7481
8999
9194
7124
6460
7375
1312
8170
19
5223
3339
8427
5690
8387
3942
616
9337
1894
7073
4740
859
6040
3643
487
8469
8240
4438
9119
4076
7668
3606
5163
1386
6160
5209
2322
6773
1462
2913
2179
9626
6090
1930
9266
2780
205
4594
9689
6666
3881
1639
8128
1284
8804
8132
8767
4175
4319
3732
7677
3278
9233
636
7016
6770
2824
275
6891
753
2226
6750
3771
7003
8002
6707
4835
5722
5954
12
8321
2750
7579
9430
9658
3449
5013
6784
3419
2774
974
8891
3217
597
7650
8239
7766
6578
2759
8859
4282
5124
7164
1707
6492
6234
13
5578
5174
6792
9784
1015
5989
2656
6691
6443
7687
8603
7951
3147
6487
1215
8637
8227
7726
8558
5571
8409
3453
9708
9461
2785
1999
8792
6889
3347
1264
5253
9965
8044
3609
3146
7138
5945
8177
7916
7786
4929
4324
6839
559
3486
4728
7107
1561
2028
8810
9296
1928
2438
1988
680
7466
9250
2972
3294
5464
5252
865
1829
9846
8002
3544
6798
2516
1409
2121
5429
8132
8389
8491
4164
9117
9028
8284
8931
5547
1513
6278
5367
8775
4028
1898
1270
9406
7179
8748
2557
3282
2016
9021
786
8388
4879
3930
6791
3257
9909
116
6749
6730
2087
8657
528
6213
7060
3394
6523
8323
2392
5858
7151
7545
77
4318
1503
3620
6140
6870
8019
172
8973
4881
931
9845
9409
9491
8639
4542
6962
3673
9967
9353
8889
7219
8935
5679
6951
8122
7613
7334
1378
4756
1530
2998
2740
6769
2950
6055
4468
592
5189
3558
9176
8469
2943
2517
7839
5624
2793
1691
725
3687
408
3176
7369
6828
5543
8394
6729
9875
4737
1608
1150
9043
8977
4725
4406
5529
1786
1761
1548
4418
9118
5838
4799
2152
4854
9747
7420
7099
1085
1718
3056
2156
9620
3090
587
9949
3997
1633
95
2896
9206
8681
9689
7774
8458
8839
1296
748
6487
4841
6877
7397
5684
8756
3520
1149
1341
1270
4414
5880
5518
9784
7973
9547
5361
6255
829
3556
7769
4124
606
1864
1550
4851
7614
6813
1783
2270
2219
8956
150
5184
2768
3072
5684
6345
9490
5272
6188
9699
7257
5051
6671
9885
5481
6358
4937
9367
5401
8019
4528
3166
4488
3730
3256
8333
7756
3997
5454
5872
5891
5929
7878
6535
9665
5368
4482
5649
1118
3805
7238
9677
6775
947
5424
6824
6989
6933
9012
1320
4239
8488
4930
7898
5791
1512
1419
7082
4238
696
5340
5244
5560
9276
9997
183
4847
518
5764
2056
5233
3765
5872
6434
9107
3921
7073
2248
7912
3750
2070
9674
8763
7124
4350
8511
132
301
5930
1785
8149
4450
9909
6269
6489
2069
3660
9564
9733
1518
3552
4897
5255
9003
3793
3181
8604
2278
5430
1394
4997
3579
319
2539
9181
611
6990
8864
1048
2993
7871
1152
1732
4173
9030
809
3480
5689
6798
9584
8447
5440
9996
5310
4381
832
812
7181
1764
1587
1730
5458
2447
1025
7393
2700
3780
9303
2091
4968
6531
128
6744
541
6778
5610
9568
4313
1978
9793
9133
6784
4277
646
9372
8724
8543
5184
9334
2907
3341
5207
9041
5194
5935
8297
9792
8651
9848
5450
5505
7228
4372
8228
6622
4006
9858
3650
6873
1386
8103
6691
9548
5179
2802
9018
1228
2477
4429
4012
2644
7362
8996
3429
8814
7194
5109
4640
832
7131
4135
4013
3373
9663
2808
8755
7950
2517
2085
4082
1573
1493
1411
8685
2037
1725
940
3211
44
5159
3508
4977
7581
5968
4987
2094
2145
8999
7961
4607
7709
1593
7174
9148
9061
306
1427
9692
2628
1939
5656
345
7485
3530
8936
6409
9553
1971
2446
5733
6004
7589
6963
4000
2408
8019
4882
2620
1084
3384
2332
9150
3269
350
8053
702
6682
8782
8659
1236
1300
5969
7616
3930
242
6364
1605
1629
6594
6815
7757
1614
2753
1220
5446
7750
6083
4574
889
6051
1326
2010
1201
9984
5422
6609
8684
11
3426
8278
7966
8203
9992
8789
5226
1140
4143
4888
4346
272
1933
