78854
78854
78854
78854
78854
78855
78855
78855
78855
78855
78855
78855
78880
78881
78881
78881
78881
78881
78881
78882
78882
78882
78882
78882
78882
78883
78883
78883
78884
78885
78885
78885
78885
78885
78885
78886
78886
78886
78886
78887
78887
78887
78887
78912
78912
78912
78912
78912
78912
78912
78913
78913
78913
78913
78913
78913
78914
78914
78915
78915
78915
78916
78916
78916
78916
78916
78916
78916
78917
78917
78917
78917
78917
78918
78918
78919
78919
78919
78919
78944
78944
78944
78944
78944
78945
78946
78946
78946
78946
78946
78946
78946
78947
78948
78948
78948
78948
78949
78949
78949
78949
78949
78950
78950
78950
78951
78951
78951
78951
78951
78951
78951
78976
78976
78976
78976
78976
78976
78977
78977
78977
78977
78977
78978
78978
78979
78979
78980
78980
78980
78980
78981
78981
78981
78981
78981
78981
78981
78982
78982
78982
78983
78983
78983
78983
79008
79008
79009
79010
79010
79010
79010
79010
79010
79011
79011
79011
79011
79012
79013
79013
79013
79013
79013
79014
79015
79015
79015
79015
79015
79015
79040
79040
79040
79041
79041
79041
79041
79041
79041
79042
79042
79042
79043
79043
79043
79043
79043
79044
79045
79045
79045
79045
79045
79046
79046
79047
79047
79047
79047
79047
79047
79047
79072
79072
79072
79072
79072
79072
79072
79073
79073
79073
79073
79073
79073
79073
79074
79075
79076
79077
79078
79078
79078
79079
79104
79104
79104
79104
79105
79105
79105
79105
79105
79105
79106
79106
79106
79106
79106
79106
79107
79107
79107
79108
79108
79108
79108
79108
79109
79109
79109
79109
79109
79110
79111
79111
79111
79111
79111
79111
79111
79136
79136
79136
79136
79136
79136
79137
79137
79138
79138
79138
79138
79138
79139
79139
79139
79139
79139
79139
79140
79140
79141
79141
79141
79142
79142
79142
79142
79143
79143
79143
79168
79168
79168
79168
79168
79168
79169
79169
79169
79169
79169
79169
79170
79170
79170
79170
79170
79170
79170
79171
79171
79171
79171
79172
79172
79172
79172
79172
79172
79172
79173
79173
79173
79174
79174
79174
79174
79174
79175
79175
79175
79175
79200
79200
79200
79200
79201
79201
79201
79201
79201
79201
79201
79202
79202
79202
79202
79203
79203
79203
79203
79203
79203
79203
79204
79204
79205
79205
79206
79206
79206
79206
79206
79206
79206
79207
79207
79207
79207
79207
79207
79207
79232
79232
79232
79232
79232
79232
79233
79233
79233
79233
79233
79234
79234
79234
79234
79234
79234
79235
79235
79235
79235
79235
79236
79237
79237
79237
79237
79237
79237
79238
79238
79239
79239
79239
79239
79239
79239
79264
79265
79265
79265
79265
79265
79265
79266
79266
79267
79268
79269
79270
79271
79271
79271
79271
79271
79271
79296
79297
79297
79297
79297
79297
79298
79299
79299
79299
79300
79300
79300
79300
79300
79301
79301
79302
79302
79302
79302
79302
79302
79302
79303
79303
79303
79303
79303
79328
79328
79328
79328
79328
79329
79329
79329
79329
79329
79329
79329
79330
79330
79330
79330
79331
79331
79331
79331
79331
79331
79331
79332
79332
79332
79332
79332
79332
79333
79333
79333
79333
79333
79334
79334
79335
79335
79335
79360
79360
79360
79361
79362
79362
79362
79362
79363
79363
79363
79363
79364
79364
79364
79364
79365
79365
79365
79365
79365
79366
79366
79366
79366
79367
79367
79367
79392
79392
79392
79392
79392
79393
79393
79393
79393
79394
79394
79394
79394
79394
79394
79395
79395
79395
79395
79395
79395
79396
79396
79397
79397
79398
79399
79424
79425
79425
79425
79426
79427
79427
79427
79427
79427
79427
79428
79428
79428
79428
79428
79429
79429
79429
79429
79429
79429
79429
79430
79430
79430
79430
79430
79430
79430
79431
79431
79431
79456
79456
79456
79457
79457
79457
79458
79458
79458
79458
79458
79459
79459
79459
79459
79459
79460
79460
79460
79460
79460
79460
79461
79461
79461
79461
79461
79461
79461
79462
79462
79462
79463
79463
79463
79463
79488
79489
79489
79489
79489
79489
79489
79489
79490
79490
79491
79491
79491
79491
79491
79492
79492
79492
79493
79493
79493
79493
79493
79493
79494
79494
79495
79495
79520
79520
79520
79520
79520
79520
79521
79521
79521
79521
79521
79521
79522
79522
79522
79522
79523
79523
79523
79524
79524
79524
79524
79525
79525
79525
79525
79525
79526
79526
79526
79527
79527
79527
79527
79552
79552
79552
79552
79552
79552
79553
79553
79554
79554
79554
79554
79554
79554
79554
79555
79556
79556
79557
79557
79557
79557
79557
79558
79558
79558
79558
79558
79559
79559
79559
79559
79559
79559
79559
79584
79584
79584
79584
79585
79586
79586
79586
79586
79586
79586
79586
79587
79587
79588
79589
79589
79589
79589
79589
79589
79590
79590
79590
79590
79591
79591
79591
79616
79617
79617
79617
79617
79617
79618
79618
79619
79619
79619
79620
79620
79620
79620
79620
79620
79621
79621
79621
79621
79621
79621
79622
79622
79622
79622
79623
79623
79648
79648
79648
79648
79648
79649
79649
79649
79649
79649
79650
79650
79650
79650
79651
79651
79651
79651
79651
79651
79652
79652
79652
79652
79652
79652
79653
79653
79653
79653
79653
79653
79654
79654
79655
79655
79655
79655
79680
79680
79680
79680
79680
79681
79682
79682
79682
79683
79683
79683
79683
79683
79683
79684
79684
79684
79684
79684
79684
79684
79685
79685
79685
79685
79685
79685
79685
79686
79686
79686
79687
79687
79712
79712
79712
79713
79713
79713
79713
79713
79713
79714
79714
79715
79715
79715
79715
79715
79716
79716
79716
79717
79717
79717
79717
79717
79718
79718
79718
79718
79718
79718
79719
79719
79719
79744
79744
79745
79745
79745
79745
79745
79746
79746
79746
79746
79746
79747
79747
79747
79747
79747
79748
79748
79748
79748
79748
79748
79749
79750
79751
79751
79751
79751
79751
79776
79776
79776
79776
79777
79777
79777
79777
79778
79778
79778
79778
79778
79778
79779
79779
79779
79780
79780
79780
79780
79780
79781
79781
79781
79781
79781
79781
79781
79782
79782
79782
79782
79782
79783
79783
79783
79783
79783
79783
79783
79808
79809
79810
79810
79810
79810
79811
79811
79811
79811
79811
79811
79811
79812
79813
79813
79813
79813
79813
79813
79813
79814
79814
79814
79814
79814
79814
79815
79815
79840
79840
79840
79840
79840
79841
79841
79842
79842
79842
79842
79842
79842
79842
79843
79843
79843
