23
19
21
10
37
35
30
40
12
13
18
22
4
50
13
46
5
17
8
43
32
39
33
27
2
13
35
37
30
24
21
11
7
25
32
37
2
5
40
11
48
44
14
12
1
36
27
2
20
26
1
17
31
6
38
48
37
5
8
2
43
8
12
30
37
24
50
29
18
11
29
6
11
32
20
42
10
14
14
35
20
42
18
48
48
15
43
15
34
33
8
11
27
46
23
11
25
42
14
32
21
16
24
8
2
27
14
35
45
45
41
11
26
31
16
6
4
41
37
4
5
40
42
45
3
39
27
3
32
37
43
40
37
26
22
18
17
3
16
12
18
33
21
18
35
7
34
5
40
8
6
11
9
50
24
6
34
46
47
4
46
47
5
21
6
44
29
29
16
7
12
4
12
25
34
6
30
12
27
36
42
50
26
18
21
6
7
15
39
14
27
12
41
17
19
45
30
3
8
44
27
23
43
14
13
13
24
49
27
50
20
15
22
48
28
10
16
30
41
11
24
13
7
23
2
15
6
15
31
38
29
37
13
31
33
25
6
44
20
46
26
48
34
20
15
44
3
9
43
8
19
6
43
4
7
46
16
17
26
15
3
33
10
17
9
35
22
41
22
9
19
35
23
30
33
29
47
29
12
38
19
19
47
31
24
49
46
38
39
9
39
29
29
5
9
21
33
25
36
40
44
8
3
28
18
25
5
4
8
35
34
20
36
42
27
18
23
1
48
35
3
36
5
27
32
38
43
7
47
29
29
24
12
31
37
35
9
6
35
47
45
12
25
44
41
44
15
8
32
8
12
44
38
7
38
5
7
34
50
49
41
28
41
34
41
33
15
5
19
7
15
49
45
48
2
43
37
27
38
49
21
13
26
27
28
10
10
25
16
44
34
49
14
50
26
27
44
18
43
13
11
7
4
6
28
24
43
47
11
11
8
45
11
5
43
45
32
4
32
44
45
22
4
34
11
45
1
1
38
19
3
36
4
18
15
22
40
36
28
47
7
4
44
35
25
29
36
41
50
42
10
9
28
26
17
1
3
26
37
26
2
28
6
28
18
27
3
23
13
28
5
46
13
40
21
12
10
38
37
36
3
16
12
18
7
5
9
11
11
48
4
24
18
9
26
28
11
29
4
19
2
43
23
25
7
4
3
23
34
30
30
42
45
14
46
26
18
6
20
19
4
5
17
8
49
15
28
24
35
23
44
11
7
21
41
11
14
25
5
23
23
26
31
8
22
45
47
19
34
15
45
35
19
38
48
21
3
11
47
50
25
21
13
14
18
46
16
16
50
42
40
28
13
50
5
18
5
36
45
40
16
9
26
4
6
41
21
25
14
45
24
7
43
46
27
39
11
24
32
12
31
4
17
19
13
15
12
48
38
4
18
22
20
16
4
31
22
11
27
31
48
41
43
5
36
40
25
29
35
20
44
20
8
1
41
12
50
28
24
29
33
34
41
17
1
16
15
1
45
24
6
33
16
46
29
39
23
3
6
7
48
28
31
46
3
38
17
19
25
16
18
42
49
22
1
10
44
2
8
33
13
1
17
1
17
23
39
31
44
33
5
46
47
27
2
29
4
49
8
28
7
49
50
33
13
18
12
14
50
38
41
22
27
9
17
48
25
38
6
8
29
27
43
45
7
19
3
14
47
46
14
6
11
32
6
11
30
12
2
36
24
43
17
43
35
50
8
6
7
22
28
12
27
45
11
16
2
46
38
21
22
39
6
45
48
2
24
25
40
38
46
18
25
44
15
1
5
13
36
34
40
41
40
12
44
47
48
42
44
8
46
50
18
15
21
39
49
28
30
41
14
4
5
37
41
20
23
39
23
33
12
32
3
8
39
37
17
44
11
17
17
28
36
19
14
18
38
7
18
25
22
39
22
6
20
48
47
33
1
32
6
9
8
43
25
34
1
15
30
35
21
16
35
10
28
12
25
23
49
25
16
4
27
20
25
40
47
48
46
8
19
22
2
36
30
3
20
25
44
32
12
21
45
28
9
16
46
37
10
39
48
14
28
4
18
8
33
49
30
13
18
15
30
33
12
25
13
47
16
22
1
48
36
4
42
19
22
24
16
18
26
14
24
25
30
40
12
13
18
48
10
15
34
43
3
37
36
26
39
4
7
21
22
42
29
16
23
5
30
47
32
26
40
25
27
44
45
35
15
7
44
5
24
43
38
22
14
20
50
11
45
42
21
29
39
34
40
1
36
9
42
46
40
12
27
26
35
27
31
19
2
35
44
12
12
24
13
34
3
44
