13
6
44
6
8
11
33
31
38
33
34
42
3
47
27
30
30
28
19
49
4
20
18
41
12
13
8
30
23
4
30
2
31
7
2
37
30
8
23
31
32
6
17
4
47
50
37
6
33
1
37
22
22
43
2
31
13
12
19
48
26
20
13
1
38
33
42
33
40
13
2
36
41
40
2
16
13
43
46
27
30
15
7
1
37
45
6
25
38
17
29
24
20
39
14
47
37
4
10
8
41
48
16
31
46
2
50
14
18
36
2
35
24
10
32
14
49
47
25
33
33
3
13
27
48
18
4
49
7
21
15
40
25
35
24
28
32
38
15
44
4
45
18
22
49
6
40
41
34
44
1
33
50
13
19
4
6
41
43
2
34
48
15
49
7
21
11
8
32
13
30
49
15
36
49
44
42
41
2
29
3
19
20
23
43
26
44
46
32
2
21
50
16
12
40
16
21
28
21
5
7
4
6
30
35
41
29
17
14
18
25
42
29
39
35
19
39
36
23
44
37
10
14
41
27
37
19
24
16
21
36
4
43
23
30
46
36
26
44
18
40
11
40
4
3
4
5
42
13
25
48
45
35
45
9
11
3
19
9
2
16
49
13
21
40
7
9
35
42
28
34
18
25
18
22
30
27
22
18
28
47
10
47
5
41
4
2
3
32
48
43
10
13
32
38
35
18
28
37
45
31
48
15
5
32
1
9
49
19
2
36
18
34
14
32
19
28
24
23
49
7
6
24
17
15
10
33
9
8
29
50
35
38
47
35
8
38
15
25
49
39
36
23
31
14
38
48
33
4
5
26
10
46
26
48
11
14
17
37
17
47
19
8
17
34
23
12
36
33
11
13
36
48
2
17
36
8
9
4
34
26
25
19
18
36
9
22
46
23
14
39
6
47
23
29
29
8
19
13
29
40
11
28
8
15
31
4
37
6
31
8
17
49
24
37
33
31
48
23
36
39
10
23
11
2
12
39
26
9
21
1
48
39
16
27
44
30
40
18
12
47
18
47
19
7
29
49
37
36
46
25
26
44
7
41
24
10
33
7
22
9
11
15
9
21
8
41
4
35
24
18
33
20
12
31
4
44
16
1
25
37
15
33
9
11
50
29
4
5
47
25
38
3
34
42
17
43
4
9
2
35
24
24
43
2
26
19
9
7
27
28
17
15
48
42
9
25
13
18
34
14
1
33
4
1
23
6
46
22
19
15
3
8
16
18
5
50
5
38
24
12
12
2
35
44
20
47
9
36
5
11
43
8
6
20
33
31
35
23
4
9
12
4
30
41
37
18
28
32
25
40
31
15
44
26
11
46
16
37
31
43
16
19
46
7
36
37
9
41
41
24
23
38
49
15
44
35
44
17
7
7
24
23
2
34
22
36
18
39
12
5
11
47
41
11
4
25
4
49
32
32
45
23
15
13
16
35
41
44
38
47
3
7
1
16
32
13
41
46
21
3
19
48
19
9
7
30
39
34
14
6
26
26
49
14
3
44
35
23
7
1
45
30
40
38
34
3
40
42
36
2
16
49
6
8
21
21
31
27
39
11
16
30
14
24
50
19
26
16
35
29
22
36
45
48
4
39
50
44
43
10
25
9
3
26
36
41
37
34
23
45
20
32
38
32
49
25
10
24
9
46
47
23
46
9
8
49
11
11
25
38
7
46
25
29
39
25
33
4
35
26
27
27
37
22
49
21
17
46
16
39
44
20
23
43
6
9
13
3
50
12
6
37
29
2
33
40
3
46
39
29
3
23
44
20
27
35
26
15
38
39
47
10
32
13
3
20
38
20
5
12
24
41
16
26
12
11
17
13
36
20
2
37
34
47
19
9
13
22
8
50
30
47
39
29
41
20
12
40
33
1
18
39
43
3
48
30
19
34
20
23
20
2
11
19
9
20
25
27
6
4
2
35
44
50
41
32
17
3
47
36
42
15
4
16
35
37
48
25
50
25
23
32
1
11
34
41
34
35
29
37
36
30
48
20
4
14
29
17
14
45
31
18
43
22
43
32
37
15
1
5
16
38
31
16
22
24
10
50
42
5
5
5
27
44
9
26
8
2
24
37
47
7
19
30
4
40
2
41
31
18
11
31
32
11
10
37
35
21
18
22
12
41
25
3
39
9
5
43
47
3
10
21
10
2
16
43
6
9
41
31
38
35
37
29
15
37
36
29
29
36
31
12
37
9
22
20
7
35
10
16
24
3
31
13
47
30
18
20
38
2
49
3
34
11
3
14
6
32
43
37
45
12
5
49
42
23
23
9
48
