5
49
30
22
44
32
31
33
19
49
47
2
38
7
48
34
28
26
3
24
18
49
40
27
49
23
13
46
27
1
39
50
23
10
11
25
39
49
25
25
13
26
35
40
35
6
33
38
13
34
48
33
34
35
34
25
49
13
10
41
17
32
38
2
26
49
11
47
5
38
50
36
35
31
9
17
10
7
18
25
40
46
22
42
38
48
48
16
32
27
38
20
33
30
24
17
12
7
21
47
32
41
33
26
38
43
22
32
33
49
25
30
23
24
6
42
13
4
25
45
11
32
40
12
35
43
45
48
8
19
16
25
9
46
22
37
14
33
11
33
34
1
15
41
6
12
50
24
32
48
44
30
21
9
1
23
13
17
15
31
11
50
14
29
44
12
22
46
25
13
26
49
19
47
28
50
42
18
33
44
33
14
2
16
41
14
8
26
12
8
24
7
35
8
37
22
46
41
44
50
49
39
43
50
47
15
10
48
44
36
21
31
23
11
19
10
39
22
11
26
22
23
17
46
10
15
49
2
38
25
28
46
30
19
4
19
48
35
17
45
26
14
16
41
27
13
31
18
12
24
41
44
3
16
32
49
36
16
28
21
27
22
27
36
24
20
9
29
1
20
15
45
8
10
16
34
49
42
38
7
38
7
2
45
34
44
24
35
12
43
18
12
45
4
18
13
20
45
25
15
32
32
49
31
37
3
43
41
26
34
22
44
12
10
29
17
29
44
39
41
4
30
41
20
27
43
31
24
23
3
13
36
7
12
50
34
50
47
42
25
18
40
25
18
3
9
41
9
34
7
33
15
26
34
24
16
6
29
2
36
33
19
4
33
18
39
16
35
10
37
25
16
43
19
48
49
10
46
48
4
5
28
29
37
36
3
44
38
13
48
41
50
24
30
15
9
27
48
46
7
26
39
48
49
25
21
20
8
26
25
5
10
19
17
18
11
34
18
7
4
17
7
16
41
40
43
41
49
21
14
49
48
20
15
27
8
44
30
21
28
25
7
17
19
27
26
42
8
27
25
1
38
50
49
33
26
49
3
28
4
28
10
15
6
35
37
47
6
8
17
19
29
36
50
44
41
25
17
3
2
27
36
33
14
33
45
13
40
3
45
24
18
42
22
42
40
41
46
46
6
2
39
1
25
17
22
47
29
11
50
41
35
16
46
22
43
30
35
34
31
28
18
16
11
35
44
30
10
40
39
11
37
20
19
34
46
9
21
41
37
20
12
24
18
42
50
35
33
42
40
20
47
9
2
27
22
28
19
16
11
33
48
5
30
37
36
13
44
34
40
20
25
24
45
41
36
10
20
27
25
31
34
1
19
30
15
6
40
39
2
40
6
28
44
5
34
48
25
4
31
21
17
48
21
18
49
34
19
19
42
12
38
41
18
13
45
24
6
28
13
2
18
23
43
4
17
30
9
25
36
8
29
33
9
37
11
43
44
35
33
34
44
18
15
41
39
21
36
26
46
49
45
33
13
27
25
36
28
1
31
20
10
15
2
49
30
15
7
16
36
5
42
24
38
38
20
7
31
25
28
36
32
8
42
34
1
40
29
10
34
17
34
26
20
14
44
1
48
50
47
29
42
1
37
27
17
42
13
20
31
8
46
11
34
20
3
4
27
33
22
4
44
16
7
37
7
49
33
14
21
18
26
8
48
34
45
32
7
27
21
7
17
41
23
1
34
39
36
46
18
1
35
40
36
9
15
44
14
3
49
36
19
21
47
7
28
10
41
48
36
5
33
13
8
42
46
6
9
31
37
41
17
23
6
26
11
13
37
9
32
33
37
40
34
25
44
39
35
43
2
49
16
3
21
2
41
47
24
8
7
25
32
17
22
26
25
1
21
6
13
27
27
50
50
5
15
23
47
48
11
4
31
44
22
26
26
15
1
13
18
43
5
9
21
16
10
37
47
12
29
33
13
43
21
48
44
26
26
2
1
28
3
32
30
34
24
24
23
11
17
34
41
11
44
22
5
3
13
9
24
3
38
12
25
17
11
25
22
33
19
42
39
40
30
35
45
42
40
13
15
12
6
41
14
19
5
49
13
32
31
12
31
46
31
36
45
20
19
47
23
2
39
37
3
43
14
48
30
27
2
13
44
49
29
14
38
19
28
23
26
10
21
33
38
9
7
9
8
27
14
43
5
16
42
13
12
43
46
45
15
4
13
47
35
43
29
34
48
22
38
36
27
12
18
8
32
37
25
14
25
50
11
49
13
47
10
50
47
38
21
27
19
10
43
40
28
24
33
22
30
