116
303
260
40
445
264
308
472
148
292
428
201
454
66
306
328
218
404
244
125
396
453
446
302
144
118
219
87
303
255
341
100
241
479
310
204
78
80
156
384
6
65
148
347
422
253
341
263
218
332
305
328
402
142
459
409
373
382
289
350
279
190
309
183
244
282
417
454
39
92
180
484
260
24
170
448
381
364
288
301
493
20
314
250
431
297
387
373
178
238
493
457
287
204
471
443
374
430
31
240
232
103
246
23
294
258
87
212
276
309
41
264
155
403
247
148
195
232
139
160
3
249
172
301
23
83
412
466
266
24
345
243
27
427
2
272
175
214
251
173
98
91
101
115
493
5
184
12
382
130
401
293
481
478
46
159
156
307
433
36
10
300
275
28
248
410
454
57
320
82
430
450
190
374
152
61
266
315
18
443
115
110
70
289
104
302
88
288
176
14
240
129
452
379
74
305
77
404
429
234
314
318
355
35
497
42
483
409
246
482
274
156
342
227
410
89
309
303
287
485
176
127
87
104
52
190
400
4
203
121
274
285
268
351
60
64
205
38
21
115
7
360
47
115
151
358
412
337
365
403
339
101
178
150
470
178
341
301
15
386
47
382
407
117
246
226
165
36
74
215
350
384
108
113
367
384
347
140
58
439
93
139
40
409
360
120
167
268
217
10
250
183
419
232
113
8
23
83
141
137
201
270
126
192
407
22
126
222
250
186
467
106
391
440
119
209
34
322
113
472
151
155
189
39
165
6
342
200
292
280
2
168
246
395
179
209
388
269
213
329
365
103
73
500
332
445
245
162
242
309
240
361
386
468
414
475
120
158
242
301
199
139
276
353
295
356
426
371
430
69
298
219
204
367
338
198
72
249
430
81
372
359
493
497
38
336
286
44
482
248
470
421
412
498
397
169
413
74
372
436
222
230
219
446
111
111
25
268
95
58
36
450
461
68
377
48
309
40
222
28
63
195
114
93
178
178
163
264
308
352
129
18
200
446
306
351
470
244
344
388
65
403
441
128
114
5
235
373
96
330
279
26
328
176
238
420
86
354
98
329
136
84
357
146
494
393
111
421
96
393
68
260
272
455
137
64
167
489
205
314
379
254
480
477
447
253
26
465
324
60
376
395
196
44
172
49
357
430
274
195
150
175
67
63
2
250
416
414
107
368
276
110
418
259
78
361
33
280
255
132
266
113
146
484
278
329
350
136
251
170
443
103
349
419
257
9
481
219
288
221
398
153
356
380
319
269
493
344
185
411
328
94
423
186
136
375
150
436
321
49
106
161
330
475
455
216
5
491
338
498
27
413
427
364
210
155
467
2
200
328
251
425
118
257
423
114
90
183
109
414
298
448
310
169
440
378
54
71
33
299
30
67
262
128
146
14
372
349
291
80
393
83
480
91
353
367
475
343
283
467
161
227
69
294
83
105
275
5
165
201
246
87
40
335
220
348
187
408
418
416
232
329
10
446
425
102
305
254
80
312
329
242
203
359
269
19
218
239
261
225
127
254
304
48
208
64
483
259
490
371
214
359
270
208
42
196
443
307
34
425
138
46
425
157
215
214
70
71
216
327
349
54
52
40
347
358
211
194
477
440
447
363
120
74
406
309
325
189
400
68
329
396
207
311
112
500
146
285
332
204
365
411
174
383
387
57
203
285
192
179
218
397
275
320
316
224
229
171
324
37
3
244
62
16
227
364
18
347
143
467
153
140
97
412
403
240
393
462
416
287
317
357
224
62
274
133
403
354
126
77
214
10
349
290
327
37
474
104
267
339
333
253
337
281
126
353
439
275
157
207
496
160
57
191
389
113
412
255
215
232
132
110
288
377
242
189
300
190
485
276
267
357
197
60
488
356
117
97
9
355
310
439
20
94
500
85
305
327
91
208
333
68
193
445
271
317
388
276
120
278
475
28
17
68
255
296
110
215
296
190
187
329
330
246
327
364
400
163
475
457
71
107
225
466
186
113
140
318
495
150
71
216
37
266
175
403
119
463
26
495
94
500
119
200
62
154
129
106
177
188
136
355
391
185
236
297
41
236
450
5
73
270
217
146
12
411
337
230
473
265
331
115
293
477
293
218
419
120
378
433
63
145
168
162
208
125
196
214
168
15
12
338
383
194
245
114
472
139
280
224
53
314
283
350
497
433
451
44
93
101
486
439
87
311
118
487
382
137
266
335
351
66
145
463
377
66
415
133
381
33
237
55
10
498
260
174
333
403
166
136
338
406
461
201
315
389
434
152
139
329
225
331
160
412
268
62
112
279
393
46
