46
28
39
11
16
20
36
35
31
3
23
28
46
11
13
41
7
31
45
39
35
34
36
22
39
37
21
13
40
18
3
40
46
14
25
43
13
7
30
31
21
34
42
9
31
32
40
28
7
2
41
29
8
43
16
15
32
2
10
37
14
18
23
23
14
33
45
23
44
10
1
48
31
47
13
17
37
10
8
11
42
46
49
10
27
5
5
3
31
8
10
1
26
36
36
3
19
14
14
47
11
24
31
10
35
43
5
42
8
44
16
4
10
24
17
13
44
18
43
5
44
18
20
18
20
49
39
19
48
14
32
28
46
35
22
7
15
34
23
35
30
11
18
11
19
2
28
6
8
7
45
4
45
28
43
28
10
37
24
8
3
16
10
23
19
47
49
39
32
1
50
26
11
11
2
31
33
41
18
40
29
20
33
2
15
18
45
31
44
44
44
22
33
5
1
44
36
20
40
35
35
46
44
50
36
6
6
36
44
33
7
35
11
50
21
15
4
6
45
31
47
19
26
26
45
10
8
27
28
11
11
3
31
7
2
26
6
18
28
15
39
4
12
42
18
40
27
16
14
48
2
35
7
30
16
20
36
41
49
32
15
37
41
8
10
12
22
10
4
7
43
28
3
42
39
16
25
32
39
26
16
50
33
32
25
15
2
28
45
46
17
29
43
1
16
8
22
10
26
2
50
39
30
17
5
14
26
18
6
1
12
15
15
20
32
11
1
49
4
17
11
26
15
36
5
30
23
24
16
1
22
16
47
11
7
1
44
12
32
6
39
32
14
40
11
41
39
38
9
28
25
6
24
41
12
35
45
39
44
5
17
3
20
42
26
22
21
37
14
21
32
32
50
47
34
25
40
21
1
38
48
18
35
30
46
16
35
1
4
41
18
37
9
36
31
42
24
41
10
18
10
2
3
32
17
25
6
9
32
39
23
25
34
37
46
19
26
30
19
31
50
15
42
10
20
21
28
18
45
43
37
41
37
20
23
49
37
35
29
4
1
3
3
49
16
26
19
18
2
47
11
47
37
24
16
36
50
40
49
50
12
1
36
22
13
39
49
22
23
8
41
13
16
48
36
29
1
10
24
15
42
49
39
20
32
23
35
36
17
27
5
24
11
40
34
6
29
40
13
50
3
12
17
28
19
45
45
19
18
39
41
3
42
43
29
49
42
26
15
26
43
8
21
18
21
33
47
3
12
12
15
42
5
13
8
17
26
10
15
33
35
43
34
33
24
8
34
12
31
22
44
32
45
25
36
6
43
41
32
20
30
35
28
5
14
14
10
10
42
30
25
38
2
12
49
32
42
42
17
30
36
19
48
5
28
49
11
2
45
20
46
11
38
17
35
25
4
41
12
49
46
19
19
9
30
20
39
9
49
8
47
28
8
29
41
48
37
30
7
25
39
6
15
9
36
43
30
1
29
1
29
48
38
5
31
44
8
7
28
4
1
38
50
21
26
6
1
2
48
4
27
21
2
35
7
41
38
35
5
23
10
34
16
29
43
3
5
45
31
13
22
28
41
40
27
5
9
45
38
31
27
39
46
4
28
14
22
10
21
50
35
33
36
41
11
36
27
28
45
39
6
31
47
30
1
29
30
24
31
41
37
31
27
27
36
28
16
45
39
25
39
20
37
24
19
3
16
34
27
44
16
20
47
13
34
42
16
11
3
42
26
2
38
2
3
3
36
46
29
22
30
41
41
2
40
8
34
47
42
42
22
9
29
40
4
26
4
26
29
5
40
28
45
20
15
38
35
30
40
44
9
22
35
1
24
44
42
18
7
43
3
21
9
37
50
26
11
9
5
32
43
47
42
48
50
2
18
10
29
39
23
4
23
8
7
24
26
31
11
7
33
15
14
25
48
39
41
38
42
1
3
5
1
4
10
16
47
25
12
26
42
26
3
24
12
13
2
45
11
21
37
6
38
43
29
17
49
11
29
27
3
9
8
6
50
25
31
34
3
10
4
27
17
41
8
24
45
2
15
2
11
40
21
18
43
23
44
30
29
2
9
48
9
17
5
3
44
42
4
48
11
48
44
48
18
42
17
36
18
37
49
50
15
28
7
41
31
6
43
39
3
31
32
37
48
29
40
30
48
1
37
24
39
45
39
13
46
27
41
1
26
38
2
35
32
28
19
5
6
29
25
28
35
37
15
47
19
9
34
5
42
4
44
21
6
34
46
27
20
47
2
16
3
28
27
49
30
10
17
3
6
48
17
17
34
14
25
5
47
17
2
8
50
24
27
39
38
26
11
8
