147555
147555
147556
147556
147557
147557
147557
147558
147558
147558
147558
147559
147559
147559
147584
147584
147585
147585
147586
147587
147587
147587
147587
147588
147588
147589
147589
147589
147589
147589
147590
147591
147616
147616
147616
147617
147617
147617
147617
147617
147617
147618
147619
147619
147619
147619
147619
147619
147620
147620
147620
147621
147622
147622
147622
147622
147622
147622
147623
147623
147623
147648
147649
147649
147649
147649
147649
147650
147651
147651
147651
147651
147651
147651
147651
147652
147653
147653
147653
147653
147653
147653
147654
147655
147655
147655
147655
147680
147680
147680
147680
147680
147680
147680
147681
147681
147681
147681
147682
147683
147683
147683
147683
147683
147684
147684
147684
147684
147684
147685
147685
147686
147686
147686
147687
147687
147687
147687
147712
147712
147712
147712
147713
147713
147713
147713
147713
147713
147713
147714
147714
147714
147714
147714
147714
147714
147715
147715
147715
147715
147715
147715
147715
147716
147716
147716
147717
147717
147717
147717
147717
147717
147718
147718
147718
147718
147719
147744
147744
147744
147744
147745
147745
147745
147746
147746
147747
147747
147748
147748
147748
147748
147748
147749
147749
147749
147749
147749
147749
147749
147750
147750
147750
147750
147750
147750
147750
147751
147751
147751
147751
147776
147776
147776
147777
147777
147777
147778
147778
147778
147778
147778
147778
147778
147779
147779
147780
147780
147781
147781
147781
147781
147782
147782
147782
147783
147783
147783
147783
147808
147808
147808
147808
147808
147808
147808
147809
147809
147809
147809
147809
147810
147810
147810
147811
147811
147811
147811
147811
147811
147811
147812
147812
147812
147813
147813
147813
147813
147814
147814
147815
147815
147815
147840
147841
147841
147841
147841
147841
147841
147842
147843
147843
147844
147844
147845
147845
147845
147845
147845
147846
147846
147846
147846
147846
147846
147847
147847
147872
147872
147872
147872
147872
147873
147873
147873
147873
147873
147873
147873
147874
147874
147874
147874
147874
147875
147875
147876
147876
147876
147876
147876
147876
147876
147877
147878
147878
147879
147879
147904
147904
147904
147904
147905
147905
147906
147906
147906
147906
147907
147907
147907
147908
147908
147908
147908
147908
147909
147909
147909
147909
147909
147909
147909
147910
147910
147910
147910
147910
147910
147911
147936
147937
147937
147937
147937
147938
147938
147938
147939
147940
147940
147941
147941
147942
147942
147942
147942
147942
147943
147943
147968
147968
147968
147968
147969
147969
147969
147969
147969
147970
147970
147970
147970
147970
147970
147971
147971
147971
147972
147972
147972
147973
147973
147974
147974
147974
147974
147974
147974
147975
147975
147975
147975
148000
148000
148000
148000
148000
148000
148001
148001
148001
148001
148002
148002
148002
148002
148002
148003
148004
148004
148004
148005
148005
148005
148005
148005
148006
148006
148006
148006
148007
148032
148032
148032
148032
148032
148032
148032
148033
148033
148034
148034
148034
148035
148035
148036
148036
148036
148037
148037
148038
148038
148039
148039
148064
148064
148064
148064
148064
148065
148065
148065
148065
148066
148066
148066
148066
148066
148067
148068
148068
148068
148068
148068
148069
148069
148070
148070
148070
148070
148070
148070
148071
148071
148071
148071
148096
148096
148097
148097
148098
148098
148098
148099
148099
148099
148099
148099
148099
148099
148100
148100
148100
148101
148101
148102
148102
148103
148128
148128
148128
148128
148129
148129
148130
148131
148132
148132
148132
148133
148133
148133
148133
148134
148134
148134
148134
148134
148134
148135
148135
148135
148160
148160
148160
148160
148161
148161
148161
148161
148161
148161
148161
148162
148162
148162
148162
148162
148162
148163
148163
148163
148163
148163
148164
148164
148164
148164
148164
148164
148165
148165
148165
148165
148165
148165
148166
148166
148167
148167
148167
148167
148167
148192
148192
148192
148192
148192
148193
148193
148193
148193
148193
148193
148193
148194
148194
148194
148195
148195
148195
148195
148196
148196
148196
148197
148197
148197
148198
148199
148199
148199
148224
148224
148224
148224
148224
148224
148225
148225
148225
148225
148225
148226
148226
148226
148227
148227
148227
148227
148228
148228
148228
148228
148229
148230
148231
148231
148231
148231
148256
148256
148257
148257
148257
148257
148257
148257
148258
148258
148258
148259
148259
148259
148259
148260
148261
148261
148261
148261
148261
148261
148261
148262
148262
148262
148262
148262
148262
148263
148263
148263
148263
148263
148288
148288
148288
148288
148289
148289
148289
148290
148290
148290
148290
148290
148290
148290
148291
148291
148291
148291
148291
148291
148292
148293
148293
148293
148293
148294
148294
148294
148294
148294
148294
148295
148295
148320
148320
148320
148321
148321
148321
148321
148321
148321
148321
148322
148322
148322
148322
148323
148323
148323
148323
148323
148323
148324
148324
148324
148324
148324
148325
148325
148325
148325
148325
148325
148325
148326
148326
148326
148326
148326
148327
148327
148327
148327
148327
148327
148352
148352
148352
148352
148352
148352
148352
148353
148353
148353
148353
148353
148353
148353
148354
148354
148354
148354
148354
148355
148356
148356
148356
148356
148356
148357
148357
148357
148357
148357
148357
148358
148358
148358
148358
148359
148359
148359
148384
148384
148384
148384
148385
148385
148385
148386
148386
148387
148387
148387
148387
148388
148388
148388
148388
148388
148388
148388
148389
148390
148390
148391
148391
148391
148416
148416
148416
148417
148417
148417
148417
148417
148417
148417
148418
148418
148418
148418
148418
148418
148419
148419
148419
148419
148419
148419
148420
148420
148420
148421
148421
148422
148422
148423
148423
148423
148448
148448
148448
148449
148449
148450
148450
148450
148450
148450
148450
148450
148451
148451
148452
148452
148452
148452
148452
148453
148453
148453
148453
148453
148453
148454
148454
148454
148454
148455
148480
148480
148480
148480
148480
148480
148480
148481
148482
148482
148482
148482
148483
148483
148483
148483
148484
148485
148485
148485
148485
148486
148486
148486
148487
148487
148487
148487
148487
148512
148512
148512
148512
148512
148512
148512
148513
148513
148514
148514
148515
148515
148515
148515
148516
148517
148517
148517
148518
148518
148518
148518
148518
148518
148518
148519
148519
148519
148519
148519
148544
148544
148544
148545
148545
148545
148546
148546
148546
148546
148546
148547
148547
148547
148547
148547
148547
148548
148548
148548
148548
148548
148549
148549
148549
148549
148549
148550
148550
148550
148550
148550
148550
148550
148551
148551
148551
148551
148551
148576
148576
148576
148576
148577
148577
148577
148577
148577
148578
148578
148578
148578
148579
148579
148579
148580
148581
148582
148583
148583
148583
148583
148608
148608
148609
148609
148609
148609
148610
148610
148610
148610
148610
148611
148611
148611
148611
148612
148612
148612
148612
148612
