44
458
309
124
116
138
9
265
270
265
329
280
309
218
85
89
204
165
15
484
437
213
466
488
389
103
387
311
162
125
331
421
405
199
126
60
422
294
176
308
78
221
114
113
410
60
176
194
221
334
478
151
276
26
86
91
232
378
72
457
42
196
360
31
454
462
126
198
232
315
426
124
16
319
184
140
337
376
194
203
306
145
7
425
314
126
319
107
8
424
354
375
227
354
210
95
305
375
191
86
492
360
179
321
468
16
446
465
49
44
181
98
4
391
270
274
13
407
153
441
393
10
151
289
369
25
319
72
31
120
479
449
312
97
270
168
53
70
297
215
423
358
434
327
77
475
74
467
37
242
298
132
83
265
456
483
423
307
180
92
66
199
424
111
291
23
345
53
82
52
487
304
198
153
5
321
80
423
413
123
129
343
491
328
11
271
287
315
311
103
62
455
414
152
425
380
342
497
322
30
286
277
91
117
314
57
237
438
94
168
329
280
429
297
435
317
88
239
445
60
121
4
62
144
227
42
357
150
302
143
426
470
167
98
457
345
313
337
486
113
457
327
368
264
37
328
201
381
37
65
102
361
71
309
107
442
31
453
128
52
127
313
158
465
153
94
162
193
327
217
482
467
492
34
374
333
199
389
431
106
145
94
236
398
187
292
119
158
316
375
267
288
302
83
233
364
295
210
286
264
122
238
14
31
186
102
235
32
385
490
96
281
438
449
80
109
303
461
404
50
239
422
248
214
182
132
180
445
50
296
393
358
171
113
198
175
299
107
138
334
349
151
457
113
207
298
136
304
90
262
393
233
12
73
113
183
431
160
174
55
169
33
494
487
284
133
118
468
372
75
95
239
51
338
395
147
284
487
391
498
276
210
466
291
440
390
194
171
496
217
368
393
282
461
418
189
199
481
451
107
48
291
142
483
241
106
142
190
200
38
117
191
473
366
347
68
486
447
276
131
322
427
259
359
315
430
120
337
305
435
54
239
371
122
107
6
205
158
18
147
241
468
163
389
234
194
2
356
33
405
215
56
264
23
219
221
345
290
355
41
431
173
292
174
301
159
198
348
43
276
415
404
164
317
261
399
131
188
116
347
71
167
233
307
279
404
343
111
409
318
239
409
149
324
87
117
167
145
21
469
340
378
84
177
279
197
162
326
485
412
373
479
55
156
176
311
100
335
238
94
67
482
301
271
126
352
232
199
454
224
33
430
153
376
223
399
75
352
419
401
339
81
433
289
348
351
325
330
65
465
71
413
405
317
11
407
62
164
494
493
228
212
200
318
435
202
54
471
411
323
154
488
69
338
420
166
375
440
47
325
20
267
432
317
472
427
428
27
391
468
484
377
139
43
221
267
132
132
398
330
50
385
65
381
324
126
477
202
141
213
206
103
490
168
143
21
262
322
160
384
254
41
247
338
315
9
35
210
190
372
214
276
288
235
464
24
127
345
388
498
303
158
237
203
61
114
169
303
380
479
48
445
156
222
79
326
361
480
70
347
79
487
417
397
210
361
415
215
430
310
17
204
237
339
156
156
350
331
444
475
461
485
282
40
64
187
410
26
79
11
497
437
99
368
451
28
366
406
413
398
132
410
257
385
99
342
302
349
193
26
59
436
284
146
332
363
296
256
347
471
246
223
386
381
195
313
405
194
406
103
107
282
219
276
78
242
339
98
59
167
200
249
193
92
69
161
465
160
286
355
115
404
2
396
301
291
95
39
130
117
254
110
173
234
469
233
53
364
310
481
474
241
146
83
390
497
106
129
28
58
108
443
185
453
351
14
165
90
446
4
447
341
160
254
289
204
228
360
70
426
415
432
131
9
27
125
241
277
303
310
347
242
313
22
260
150
110
237
86
387
498
288
197
344
276
13
139
373
249
403
50
328
268
407
312
336
407
282
189
400
192
138
33
74
131
405
452
63
338
296
97
275
198
208
264
492
63
377
323
43
411
484
261
21
90
381
447
128
67
413
222
311
369
127
268
452
169
153
15
319
309
446
291
205
210
315
286
35
392
143
150
57
413
370
408
92
271
108
185
309
259
166
413
251
210
288
404
70
268
145
287
305
18
212
28
425
127
125
314
425
487
373
332
233
468
190
411
202
357
480
468
405
373
162
47
428
132
95
132
192
140
52
469
122
34
447
197
421
299
363
413
316
19
229
136
455
415
250
299
225
103
166
155
438
45
314
90
282
294
33
430
310
325
146
411
353
19
53
89
100
320
57
132
46
190
484
85
218
78
86
322
178
236
43
336
180
275
402
292
433
