475
173
111
456
483
326
355
422
288
39
468
301
468
162
340
351
369
182
82
376
52
155
175
113
147
411
207
31
34
276
375
41
16
60
104
21
44
223
42
426
416
66
40
477
156
435
126
236
235
38
112
210
262
227
331
103
369
415
461
330
189
292
106
386
169
457
107
385
484
222
438
70
72
411
43
384
353
370
342
443
410
247
17
175
31
317
162
475
126
470
294
397
380
164
294
304
35
384
252
436
468
237
83
213
113
497
15
181
486
63
108
156
246
122
16
318
290
153
460
414
482
91
415
379
279
110
57
249
478
223
305
264
393
253
416
177
480
298
326
467
323
362
168
343
217
62
257
180
334
10
127
4
77
477
46
418
241
427
98
59
452
175
48
19
161
116
298
122
335
373
386
319
497
418
469
469
106
405
333
78
108
252
84
187
123
148
239
453
328
129
343
180
308
166
495
452
270
480
46
352
312
353
156
478
270
325
341
235
435
98
136
254
54
229
286
124
439
253
360
236
296
424
466
97
276
135
291
256
341
141
473
285
281
500
497
307
74
156
140
286
296
250
477
459
89
58
127
454
395
253
17
106
51
357
294
126
154
71
166
380
42
354
271
324
34
491
433
274
327
281
494
258
121
13
13
412
30
92
174
101
499
190
121
230
243
422
466
70
424
230
64
70
178
211
68
491
473
47
146
356
59
244
453
464
387
358
274
404
48
17
464
34
162
1
204
485
384
240
190
56
194
216
364
113
60
480
216
2
19
312
325
495
126
375
138
167
91
323
350
330
184
284
387
5
316
15
434
276
470
169
262
306
191
489
53
201
119
127
46
456
309
293
75
274
230
307
152
413
445
18
101
24
441
167
79
417
58
159
168
92
493
458
268
233
55
482
170
97
427
311
417
101
189
24
56
79
375
74
401
165
464
398
416
333
15
118
122
267
137
441
237
424
95
232
41
183
108
452
366
163
173
387
448
395
95
431
446
149
281
293
361
196
483
279
89
290
176
475
452
123
277
174
209
470
121
487
208
483
400
227
317
271
359
167
195
259
234
162
474
411
288
5
349
200
424
116
261
450
144
119
161
366
391
19
257
251
150
479
209
365
100
434
88
44
187
248
173
191
266
152
195
451
79
468
72
72
48
208
157
458
226
412
117
56
221
342
38
307
346
429
402
492
466
278
121
105
75
487
198
471
321
462
452
300
159
70
328
58
99
135
132
303
312
187
235
302
11
134
160
191
303
21
380
224
428
39
492
74
359
365
77
299
303
440
18
382
310
307
352
343
112
151
178
257
290
231
449
494
71
316
301
289
388
353
409
101
229
499
292
33
134
218
487
53
240
393
7
139
275
29
283
207
159
77
182
392
203
236
105
17
143
354
284
103
218
243
312
207
47
23
489
191
476
433
318
146
224
469
144
395
473
388
255
152
74
66
78
14
434
279
160
491
75
64
226
444
407
225
192
377
392
169
7
342
413
115
441
288
42
344
197
104
468
236
135
318
249
327
403
123
453
388
22
251
387
497
254
316
91
45
355
333
496
104
220
254
126
345
144
365
293
460
239
328
21
145
344
477
492
480
57
313
261
146
120
422
408
10
269
123
139
1
246
351
185
159
490
481
164
221
390
497
459
96
319
448
37
142
207
21
315
397
132
25
468
6
215
237
469
411
63
430
310
36
53
277
228
317
320
90
337
380
15
58
207
459
370
403
231
146
32
482
349
214
299
274
174
197
393
499
265
118
1
148
12
293
134
140
482
395
6
125
369
136
66
377
197
236
429
71
352
372
205
248
25
129
27
439
11
348
410
459
138
208
386
376
235
444
6
46
76
309
36
149
27
453
482
152
315
467
172
147
435
424
90
191
405
448
311
200
179
151
3
458
409
233
70
206
175
422
194
24
66
369
126
59
283
101
89
301
76
351
22
161
251
432
316
89
247
339
8
421
18
117
201
236
421
422
345
172
488
114
377
324
322
245
20
104
489
216
135
31
99
257
470
23
404
28
90
415
351
217
470
89
434
15
233
227
145
357
422
308
461
263
224
175
349
337
267
93
312
251
177
22
441
63
54
103
468
381
216
265
191
176
434
31
226
305
451
435
190
2
169
464
323
15
205
97
314
420
355
233
299
424
305
144
469
396
429
394
465
113
342
273
132
124
279
326
192
268
461
77
205
329
359
157
406
202
84
47
138
418
481
256
360
213
176
219
218
11
255
329
204
224
400
435
141
378
471
173
472
346
127
330
198
82
454
203
436
107
223
140
210
152
235
281
272
256
180
209
