16072.83
44627.10
45023.04
60748.35
18175.72
31406.41
85938.16
4364.76
18500.20
21893.40
38513.16
4657.95
4955.22
11108.88
44735.04
19232.40
20668.32
40994.71
58301.60
10802.88
24414.78
41455.96
61175.25
45037.22
23834.16
39353.72
79503.60
33914.14
37114.25
83042.42
33535.75
24725.87
45688.16
14851.20
51156.00
36516.64
56599.27
11869.00
27894.00
51542.40
32132.10
26531.05
49704.00
10980.62
46699.45
7555.92
44155.98
1271.36
2406.60
3635.80
47851.20
46730.40
3733.92
24284.52
5159.43
5956.40
35282.52
18739.80
76833.12
51518.04
36580.72
50664.60
19990.66
35485.68
57039.45
65552.76
15054.84
51706.76
51760.80
48053.00
74729.50
34245.12
34781.11
65715.30
8337.04
39001.00
26679.00
17448.75
9469.26
1397.49
18141.37
37598.56
10076.71
38201.60
77785.84
53466.70
64869.12
13298.40
80860.05
45952.53
24192.48
61659.78
13829.67
37368.33
59535.42
21034.44
14154.03
13229.92
16576.19
36318.15
11184.24
50963.00
40818.75
21666.69
75530.00
48841.26
31451.58
4532.92
18329.20
3856.14
56075.40
45649.20
35347.13
9652.14
65803.92
67281.91
6074.44
67711.20
55161.92
17616.90
51534.99
1277.37
30972.80
16850.24
54779.52
18411.36
32180.83
16436.55
44571.75
44029.44
17027.90
33666.30
25701.72
27553.95
83163.40
11436.60
47318.76
57982.92
56460.96
62640.13
48597.46
56175.30
56429.10
72739.08
31575.60
30111.52
6707.08
44939.88
56129.85
8549.24
28786.32
52165.87
67292.68
35438.10
8402.03
64401.64
31869.81
58856.32
40938.96
33299.84
29727.04
44641.44
52660.65
35879.20
16292.55
11147.92
44266.80
30001.20
33247.19
34021.12
31293.90
17478.30
15811.65
20844.89
48218.76
62153.91
84598.65
52736.40
10723.44
4661.00
929.02
39690.28
62934.13
1077.16
57469.92
39858.00
73077.50
10071.00
49968.05
32166.80
1351.44
43426.80
33662.72
37000.40
42735.30
50708.34
9530.40
78132.50
45654.84
46158.72
24986.25
17519.48
41516.01
66472.56
35158.26
63591.85
50424.74
42029.51
27469.96
28921.80
43446.54
18792.52
51417.99
27617.70
28758.42
40633.50
1094.18
73021.08
76663.41
46529.00
68003.41
7322.98
5642.00
47324.91
29967.36
7978.45
26411.84
2560.74
19589.57
61118.33
23145.00
21658.68
46137.60
71054.49
46110.60
64724.04
9496.02
33868.88
16660.60
71444.88
24026.25
18738.02
30206.62
1812.00
42456.62
20639.84
32626.65
9393.96
19698.63
2751.00
48726.81
49949.28
68091.16
33515.20
54287.46
47093.17
76592.64
44847.32
47083.41
41516.64
66798.30
39743.34
40500.46
82887.36
49425.74
62114.52
71015.49
51434.73
33497.62
39820.00
38729.60
54582.48
29083.59
20196.22
88687.59
12779.91
50558.55
67373.67
88701.12
31002.48
17308.48
33707.76
24130.22
2746.94
69813.48
10937.46
29651.13
74880.54
70424.34
54489.28
39439.26
69232.58
75158.80
1681.77
1910.08
17154.72
44077.73
1290.38
4423.71
27331.26
36536.72
12991.86
2174.36
71394.80
36789.00
14424.30
39278.76
48821.28
85202.67
33803.70
40994.10
60345.24
16882.24
73557.44
41583.36
29431.44
31137.48
40222.56
34812.96
8547.12
5301.68
44416.41
5303.58
51935.52
2871.15
31163.22
58283.92
37311.36
17466.60
48781.17
52776.40
52526.70
69260.10
40013.05
6562.00
40123.60
4164.52
24707.41
52457.00
47958.75
42307.22
9676.44
56976.18
69609.39
22448.70
3495.75
80935.26
19172.90
40006.23
39936.46
13594.84
63235.20
27332.07
87292.00
36760.12
52632.87
63591.85
6967.32
23138.50
92216.53
76641.12
8979.54
23851.74
21372.54
67311.20
15402.66
10616.27
22624.60
2566.74
5978.32
18325.98
9053.73
46674.00
14334.12
36725.64
26427.90
1459.55
18980.32
63942.20
56460.00
32836.86
7704.40
1842.94
11779.39
44297.10
86064.16
8398.85
19677.00
65937.52
45168.80
20722.32
60855.38
10769.34
18317.14
46610.88
1419.51
77961.25
56262.57
35721.14
11212.10
44903.88
5280.70
55679.04
27420.00
41447.77
50101.04
51463.68
79708.79
5055.50
23958.09
30457.75
61006.68
28146.14
41774.40
26574.86
989.08
38273.76
32945.70
34232.45
16847.80
48242.88
53676.70
31261.81
49544.04
15658.61
53955.33
43349.04
40839.71
32089.03
38130.56
61877.16
30608.88
37401.78
19534.09
56579.10
73425.44
69398.79
60291.36
73262.08
32866.58
37330.26
28787.20
13496.31
6776.42
16967.80
26299.14
10847.70
11033.99
39397.26
47437.60
40979.40
48827.22
33578.27
12795.86
65264.40
26788.20
39488.85
62081.36
59020.73
27407.70
39091.14
24361.92
6727.12
51756.76
31059.87
19262.88
36966.93
77726.25
55235.40
16048.68
48243.20
78967.80
50977.20
53652.60
37460.56
28848.60
27930.60
40059.87
72315.60
1760.85
19676.76
45071.60
77160.77
27308.80
46535.85
43749.84
10667.43
39194.85
30132.76
60460.26
7285.80
12168.26
4717.08
29281.72
2098.28
27803.52
4770.25
17144.91
35475.96
37241.38
7277.75
14352.21
37392.02
1620.71
17939.36
24025.44
30713.55
33415.20
41525.20
50859.90
37230.33
63947.60
74782.66
3407.60
15005.12
49947.58
33911.46
45080.49
11524.24
54014.28
94699.50
20250.23
44987.70
51506.50
48659.46
26688.40
43239.31
20701.67
69373.89
10835.34
60002.40
45283.14
62270.91
21275.10
47209.80
5730.30
5736.20
38705.04
65098.25
84889.50
27370.07
18294.72
47075.85
25502.75
22504.00
7273.91
13541.40
28850.60
31774.04
27749.61
45171.75
6787.38
36152.48
29184.00
25534.60
39194.85
94248.50
1115.21
31203.90
42070.51
81207.54
62557.62
23425.20
58603.38
20438.44
65847.54
12757.50
15976.90
68981.14
70963.62
18766.02
40542.75
65251.46
48255.87
6326.75
36123.06
33299.42
22569.00
16517.40
62217.28
54938.40
3769.05
7162.60
4483.74
46948.41
42916.85
79756.18
18584.06
18667.88
35651.07
36894.90
59228.70
33695.40
6871.38
13899.00
41175.68
17548.50
15525.64
31673.60
47595.69
58231.25
62719.16
82886.85
68269.38
39822.84
18849.71
28630.94
81225.71
1281.37
12541.41
13034.16
21128.10
43197.88
57420.50
58232.16
6470.84
16197.10
8539.00
9496.02
7203.56
11043.76
43124.31
48462.48
19325.35
61139.40
41284.80
6895.24
20767.20
12062.90
63409.62
22825.20
37043.73
8433.90
23096.48
40382.21
20163.78
1030.12
38738.92
62804.12
42770.00
41579.56
7222.70
1617.70
45914.96
4100.48
48925.14
16746.36
33101.97
18995.02
9862.38
52077.50
54826.80
19640.76
3985.26
69529.92
44947.25
55366.41
39157.14
48268.43
5711.97
7487.88
43241.38
50708.61
34136.50
92647.00
60186.40
24401.75
25415.28
25242.72
47218.68
29679.11
77265.60
74754.54
8775.30
68035.52
12597.64
78127.13
41679.96
24965.52
31490.24
65251.46
81044.92
6206.65
6241.70
33191.64
15005.12
33760.53
25688.88
33060.25
63282.60
15416.39
10919.70
7112.60
33172.74
33494.15
83111.85
70142.80
8222.76
25351.56
51798.78
83531.40
26641.86
18422.36
55183.10
64528.20
61733.16
21074.80
22001.98
22850.00
40487.07
50122.80
39101.44
71781.24
35534.88
45054.36
1287.37
37304.46
28826.82
65314.78
18531.76
35878.85
60522.22
48631.80
33362.28
53840.88
31266.24
55121.34
50524.88
68832.90
13181.19
3495.68
8739.20
21634.80
52731.00
12974.04
22127.38
18700.40
59778.90
41328.24
57703.23
1547.64
51356.00
5546.00
1490.58
32399.34
21677.22
29759.20
26053.94
72104.12
56382.48
86010.72
52762.24
3564.84
79848.85
15929.03
42330.20
16632.36
29712.48
48188.36
7862.47
33216.00
53756.40
67030.20
30973.60
4920.40
49332.16
9424.85
8769.20
5210.49
15674.34
16267.42
46248.90
81597.56
72069.66
5636.10
54573.75
82436.85
6121.55
78949.19
47164.68
11500.24
6381.85
83255.40
37552.56
25525.17
9570.50
42398.92
22347.15
18226.72
48561.80
54090.08
14751.84
8457.20
15528.80
10511.50
25137.54
39441.75
9607.22
30413.11
73513.44
3660.04
64054.98
37992.96
51324.00
12883.77
56883.45
14238.29
50747.72
40574.10
5060.34
10392.06
15166.50
57538.74
21386.68
54904.08
8423.85
82195.48
30333.00
1862.95
51294.80
71595.20
80780.92
56602.10
17694.72
61245.32
43598.72
41008.88
25068.79
54155.28
5360.80
15286.20
26253.50
41956.95
63988.15
59297.04
35101.20
10241.20
1089.18
85139.55
33552.12
18775.80
39675.57
53561.64
78006.34
73076.40
81541.44
87041.50
48255.87
22344.97
48102.50
44455.04
63658.24
34554.52
55548.28
9616.14
77457.60
90719.04
2390.58
31508.75
4309.56
68792.40
24649.04
38840.56
5385.80
7728.20
46675.23
58781.76
58405.32
73677.20
5585.85
41578.84
26054.34
51227.44
68112.24
53685.40
64643.40
35430.40
26624.16
23225.50
49438.91
13878.64
65693.95
10681.60
62670.23
18789.70
8568.45
70465.92
10146.88
41497.58
47630.18
29255.72
31959.49
980.07
12018.87
10955.79
2206.38
36914.85
56687.76
9269.70
49521.91
15451.80
25628.00
35296.17
24204.18
11320.32
31978.32
7923.35
26908.35
50032.36
51798.72
72499.05
43666.20
64919.50
63453.24
37077.70
17418.48
31573.25
34676.60
33580.12
17581.72
81637.92
48372.87
80078.60
50170.12
38182.56
10889.46
67031.10
69624.00
26670.60
28504.59
19819.66
79195.16
48083.03
77073.60
72316.11
58745.88
48955.41
50203.04
1193.28
3247.42
67366.38
84138.50
25829.02
55047.60
20117.60
12780.04
6482.14
36443.90
90990.55
29071.20
32960.25
24407.46
2979.16
56653.44
14667.48
2418.60
44621.88
31100.76
15941.04
74579.00
42415.60
20598.08
57244.74
5485.90
40643.46
12765.52
71784.85
16994.56
29329.16
36964.12
20697.84
15676.47
7392.85
33189.20
77678.78
69198.98
17233.26
8288.70
42886.80
24380.40
75728.16
39522.00
36522.92
68290.22
54597.96
6706.35
11844.96
30624.33
11334.15
11484.60
5702.97
36282.74
57166.57
42409.56
10371.12
62652.12
9598.14
40799.46
34330.66
18735.33
