150598
150598
150599
150599
150624
150624
150624
150624
150624
150624
150624
150625
150625
150625
150625
150625
150626
150626
150627
150627
150627
150627
150628
150628
150628
150628
150628
150628
150629
150629
150629
150630
150630
150630
150630
150631
150631
150656
150656
150656
150656
150656
150656
150656
150657
150657
150657
150657
150657
150657
150658
150658
150658
150658
150658
150659
150659
150659
150659
150659
150659
150659
150660
150660
150660
150660
150660
150660
150661
150661
150661
150661
150661
150661
150661
150662
150662
150663
150663
150663
150663
150663
150663
150688
150688
150689
150689
150689
150690
150691
150691
150691
150692
150692
150692
150692
150693
150693
150693
150694
150695
150695
150695
150695
150720
150720
150720
150720
150720
150721
150721
150721
150721
150722
150722
150723
150723
150723
150723
150723
150723
150724
150724
150724
150725
150725
150726
150726
150726
150726
150726
150727
150727
150727
150727
150727
150727
150727
150752
150752
150753
150753
150753
150753
150753
150753
150753
150754
150755
150755
150755
150755
150755
150755
150756
150756
150756
150756
150756
150756
150757
150757
150757
150757
150757
150758
150758
150758
150758
150758
150758
150758
150759
150759
150759
150759
150759
150784
150784
150784
150784
150784
150784
150785
150785
150785
150785
150785
150785
150785
150786
150786
150786
150786
150786
150787
150787
150787
150787
150787
150787
150787
150788
150789
150789
150789
150789
150789
150789
150789
150790
150790
150790
150791
150791
150791
150816
150816
150816
150816
150816
150816
150816
150817
150817
150817
150817
150817
150818
150818
150819
150820
150820
150820
150820
150820
150820
150821
150821
150821
150821
150822
150822
150823
150823
150823
150823
150823
150823
150848
150848
150848
150848
150848
150849
150849
150850
150850
150850
150850
150850
150850
150851
150851
150851
150851
150851
150851
150851
150852
150852
150852
150852
150852
150853
150853
150854
150854
150854
150854
150855
150855
150880
150881
150881
150881
150881
150881
150881
150882
150882
150882
150883
150883
150883
150883
150883
150883
150884
150884
150885
150885
150886
150886
150886
150887
150912
150912
150912
150913
150913
150913
150914
150914
150914
150915
150916
150916
150917
150918
150918
150918
150918
150919
150944
150944
150944
150944
150944
150944
150945
150945
150945
150945
150945
150945
150945
150946
150946
150946
150946
150947
150947
150948
150948
150948
150948
150949
150950
150950
150950
150950
150950
150950
150951
150951
150951
150951
150951
150951
150951
150976
150976
150977
150977
150977
150977
150977
150978
150978
150978
150978
150978
150978
150978
150979
150979
150979
150979
150979
150979
150979
150980
150980
150980
150980
150980
150981
150981
150981
150981
150981
150982
150982
150982
150982
150982
150983
151008
151008
151008
151008
151008
151009
151009
151009
151009
151010
151010
151010
151010
151011
151011
151011
151011
151012
151012
151013
151013
151013
151013
151013
151013
151014
151015
151015
151040
151040
151040
151041
151041
151041
151041
151041
151041
151042
151042
151042
151042
151042
151042
151042
151043
151043
151043
151043
151044
151044
151045
151046
151046
151046
151046
151047
151047
151047
151047
151072
151072
151072
151072
151072
151072
151072
151073
151073
151074
151074
151074
151074
151074
151074
151074
151075
151075
151076
151076
151076
151077
151077
151077
151078
151078
151078
151078
151078
151078
151079
151104
151104
151104
151104
151104
151104
151104
151105
151105
151105
151105
151105
151105
151105
151106
151106
151106
151106
151106
151106
151107
151107
151107
151107
151107
151107
151107
151108
151108
151108
151108
151108
151108
151109
151109
151109
151109
151109
151109
151109
151110
151110
151110
151110
151110
151111
151111
151136
151136
151136
151137
151137
151137
151138
151138
151138
151138
151139
151139
151140
151140
151140
151140
151140
151141
151141
151141
151141
151141
151142
151142
151143
151143
151143
151143
151143
151143
151143
151168
151168
151168
151168
151168
151168
151169
151169
151169
151169
151169
151169
151169
151170
151170
151170
151170
151171
151171
151171
151171
151171
151171
151172
151172
151172
151173
151173
151173
151173
151173
151173
151174
151174
151174
151174
151175
151200
151200
151200
151200
151200
151201
151201
151201
151201
151201
151202
151202
151202
151203
151203
151203
151203
151203
151203
151203
151204
151205
151205
151205
151205
151205
151205
151206
151206
151206
151206
151206
151206
151207
151207
151207
151232
151233
151233
151233
151233
151233
151234
151235
151235
151235
151235
151235
151235
151236
151236
151236
151236
151236
151236
151237
151237
151237
151237
151238
151239
151239
151239
151239
151264
151264
151265
151265
151265
151266
151266
151267
151267
151267
151267
151267
151268
151268
151268
151269
151269
151269
151269
151269
151270
151270
151270
151271
151271
151271
151271
151271
151271
151296
151296
151296
151296
151296
151297
151297
151297
151297
151297
151298
151298
151298
151299
151299
151299
151300
151300
151301
151301
151302
151302
151302
151302
151302
151303
151303
151303
151303
151303
151303
151303
151328
151328
151328
151328
151329
151329
151329
151329
151329
151329
151329
151330
151330
151330
151331
151331
151331
151331
151332
151332
151332
151332
151332
151333
151333
151333
151333
151333
151333
151333
151334
151334
151334
151334
151334
151334
151334
151335
151335
151335
151335
151335
151360
151360
151360
151360
151360
151361
151361
151361
151361
151361
151361
151362
151362
151362
151362
151362
151362
151362
151363
151363
151363
151363
151364
151364
151364
151364
151364
151365
151365
151365
151365
151365
151366
151366
151367
151367
151367
151367
151367
151367
151392
151393
151394
151394
151394
151394
151394
151395
151395
151396
151396
151396
151396
151396
151396
151396
151397
151397
151398
151398
151398
151398
151398
151399
151399
151399
151399
151399
151399
151424
151424
151424
151424
151424
151424
151424
151425
151425
151425
151425
151425
151426
151426
151426
151426
151426
151426
151427
151427
151427
151427
151427
151427
151428
151428
151428
151428
151428
151428
151429
151429
151429
151429
151429
151429
151429
151430
151431
151431
151431
151431
151456
151456
151457
151457
151457
151457
151457
151457
151458
151459
151459
151459
151459
151459
151460
151460
151460
151460
151460
151461
151461
151461
151461
151461
151461
151461
151462
151462
151462
151462
151463
151463
151463
151463
151463
151463
151463
151488
151488
151488
151488
151488
151488
151489
151490
151490
151490
151491
151491
151491
151492
151492
151492
151492
151492
151492
151492
151493
151494
151495
151495
151495
151495
151520
151520
151520
151520
151521
151521
151521
151521
151522
151522
151522
151522
151522
151522
151522
151523
151523
151523
151524
151524
151524
151524
151524
151525
151525
151525
151525
151525
151525
151525
151526
151526
151527
151552
151552
151552
151552
151552
151552
151552
151553
151553
151553
151553
151553
151553
151554
151554
151554
151555
151555
151555
151556
151556
151557
151558
