41733
41733
41733
41734
41734
41734
41734
41734
41735
41735
41760
41760
41760
41760
41760
41760
41760
41761
41761
41762
41762
41762
41762
41762
41763
41763
41763
41764
41764
41764
41764
41764
41764
41764
41765
41765
41765
41765
41765
41765
41766
41766
41766
41766
41766
41766
41766
41767
41767
41767
41792
41793
41793
41793
41793
41793
41794
41794
41794
41794
41795
41795
41795
41796
41797
41797
41798
41798
41798
41798
41799
41799
41824
41824
41824
41824
41824
41824
41824
41825
41825
41825
41825
41826
41826
41826
41826
41826
41827
41827
41828
41829
41829
41829
41829
41829
41829
41830
41830
41830
41831
41831
41831
41831
41831
41831
41831
41856
41857
41857
41857
41857
41857
41858
41858
41858
41858
41858
41858
41858
41859
41859
41859
41859
41860
41861
41861
41861
41861
41861
41861
41862
41862
41862
41862
41862
41862
41862
41863
41863
41888
41888
41888
41888
41888
41888
41889
41889
41889
41889
41889
41890
41890
41890
41890
41890
41891
41891
41891
41891
41891
41891
41892
41892
41892
41892
41892
41892
41892
41893
41893
41893
41894
41895
41895
41895
41920
41920
41921
41921
41921
41922
41922
41922
41922
41923
41923
41923
41923
41923
41923
41924
41924
41925
41926
41926
41926
41926
41926
41927
41952
41952
41952
41952
41953
41954
41954
41954
41954
41954
41954
41955
41955
41955
41955
41955
41955
41955
41956
41956
41956
41956
41956
41956
41957
41957
41957
41957
41957
41957
41958
41958
41958
41958
41958
41958
41958
41959
41959
41959
41984
41984
41984
41985
41985
41985
41985
41985
41985
41985
41986
41986
41987
41987
41987
41987
41987
41987
41987
41988
41988
41988
41988
41988
41988
41989
41989
41990
41990
41990
41990
41990
41990
41991
41991
41991
41991
41991
41991
42016
42016
42016
42016
42016
42017
42017
42017
42017
42018
42018
42018
42018
42019
42020
42020
42020
42020
42020
42021
42021
42021
42021
42022
42022
42022
42022
42023
42023
42023
42023
42048
42048
42048
42048
42048
42049
42049
42050
42051
42051
42051
42052
42052
42052
42052
42053
42053
42053
42053
42053
42053
42054
42054
42054
42054
42054
42055
42055
42055
42080
42080
42081
42081
42081
42081
42081
42081
42081
42082
42082
42082
42082
42082
42082
42083
42083
42083
42084
42084
42084
42084
42084
42084
42085
42085
42085
42085
42086
42087
42087
42087
42087
42087
42087
42112
42112
42112
42112
42113
42114
42114
42114
42115
42115
42115
42115
42115
42115
42115
42116
42116
42116
42116
42116
42116
42117
42117
42117
42117
42118
42118
42118
42118
42118
42118
42119
42119
42119
42119
42144
42144
42144
42144
42144
42145
42145
42145
42145
42146
42146
42147
42147
42147
42147
42147
42147
42147
42148
42148
42148
42148
42148
42149
42149
42150
42150
42150
42150
42150
42151
42151
42151
42151
42176
42176
42176
42176
42176
42177
42177
42177
42177
42178
42178
42178
42179
42179
42179
42179
42179
42179
42179
42180
42180
42180
42180
42180
42180
42180
42181
42181
42181
42181
42181
42182
42183
42208
42208
42209
42209
42209
42209
42209
42210
42210
42211
42211
42211
42211
42212
42212
42212
42212
42212
42212
42213
42213
42213
42213
42214
42214
42214
42214
42214
42214
42214
42215
42215
42240
42240
42240
42240
42240
42240
42241
42241
42241
42242
42242
42242
42242
42242
42242
42243
42243
42243
42243
42243
42244
42244
42245
42245
42245
42245
42245
42245
42245
42246
42246
42246
42246
42246
42246
42246
42247
42272
42272
42273
42273
42274
42274
42274
42274
42275
42276
42276
42276
42277
42277
42277
42277
42278
42278
42278
42278
42278
42279
42279
42279
42279
42279
42279
42304
42304
42304
42304
42304
42305
42306
42306
42306
42306
42306
42306
42307
42307
42307
42307
42307
42307
42308
42308
42308
42308
42308
42309
42309
42309
42309
42309
42310
42310
42310
42310
42310
42311
42311
42311
42311
42311
42311
42336
42336
42337
42337
42337
42337
42337
42338
42338
42338
42338
42338
42339
42339
42339
42339
42340
42341
42341
42341
42342
42342
42342
42342
42343
42343
42343
42368
42368
42368
42369
42369
42369
42369
42370
42370
42370
42371
42372
42372
42372
42372
42372
42373
42373
42373
42373
42373
42374
42374
42374
42374
42375
42375
42375
42375
42400
42400
42400
42400
42400
42401
42401
42401
42401
42401
42402
42402
42403
42403
42403
42403
42403
42403
42404
42404
42405
42405
42405
42405
42405
42405
42406
42407
42407
42432
42432
42433
42433
42433
42434
42434
42434
42434
42434
42434
42435
42435
42436
42436
42436
42437
42437
42438
42438
42438
42438
42438
42438
42438
42439
42439
42439
42439
42439
42439
42464
42464
42464
42465
42465
42466
42467
42467
42467
42467
42468
42469
42469
42469
42469
42469
42469
42470
42470
42470
42470
42470
42470
42470
42471
42471
42471
42471
42471
42471
42496
42497
42497
42498
42499
42500
42500
42500
42500
42500
42501
42501
42501
42501
42501
42501
42501
42502
42502
42503
42503
42503
42503
42503
42503
42503
42528
42528
42528
42528
42528
42528
42528
42529
42529
42529
42529
42529
42530
42530
42530
42530
42530
42530
42531
42531
42531
42531
42531
42531
42531
42532
42532
42532
42532
42533
42533
42533
42533
42534
42535
42535
42560
42560
42560
42561
42561
42561
42561
42561
42561
42561
42562
42563
42563
42564
42564
42564
42565
42565
42565
42565
42565
42565
42566
42566
42566
42566
42567
42567
42567
42567
42567
42592
42592
42592
42592
42592
42592
42593
42593
42593
42593
42593
42594
42594
42594
42595
42595
42596
42596
42597
42598
42598
42598
42598
42598
42598
42599
42599
42599
42599
42624
42624
42624
42624
42624
42624
42624
42625
42625
42626
42626
42626
42626
42626
42626
42626
42627
42628
42628
42628
42629
42630
42631
42631
42631
42631
42631
42631
42631
42656
42656
42656
42656
42657
42657
42657
42658
42658
42658
42659
42659
42659
42659
42659
42660
42660
42660
42660
42660
42661
42661
42661
42661
42661
42661
42661
42662
42663
42663
42688
42689
42690
42690
42690
42690
42691
42691
42691
42691
42691
42691
42691
42692
42692
42692
42692
42692
42693
42693
42693
42693
42693
42694
42694
42694
42694
42694
42694
42695
42720
42721
42721
42722
42722
42722
42722
42722
42723
42723
42723
42723
42724
42724
42725
42725
42725
42725
42726
42726
42726
42727
42727
42727
42752
42752
42752
42753
42753
42753
42753
42754
