1079
6069
7234
5173
6271
4549
4796
4504
7016
3873
379
6226
8685
7816
1858
9642
2952
3887
1572
7977
6418
832
9286
7087
6752
9398
3322
4549
1337
7483
9083
6399
2923
8024
7703
8601
5350
874
4924
7382
8656
846
7278
2242
6044
8630
5273
8550
9767
4106
3299
8359
9555
8112
2547
3379
8542
1002
5984
8246
8644
9031
4516
4733
6774
8850
7464
6945
6552
5869
7795
9961
8300
1980
1205
7314
8878
1284
1423
5717
6139
2878
6169
5927
215
5948
4724
7596
2883
2003
7970
144
9650
5439
4804
7008
7266
9379
7162
7736
9614
7968
946
4255
3776
7930
2931
8927
4002
9751
9582
457
6051
6356
2973
5545
3180
1856
6634
2053
9071
3336
6710
4068
4303
7502
2192
1508
5932
5609
8571
9973
6426
8156
7577
2868
3399
4821
7628
65
9614
9632
9982
3851
1575
4997
4625
9726
3296
1601
3366
8169
7908
6638
8813
9392
5920
4161
3361
4620
6105
3523
7442
8844
7061
6453
1809
8113
3351
3182
5941
1023
1871
3792
6004
6012
7059
3941
6330
5147
843
4673
999
4871
1260
1406
6749
8242
6079
3290
7081
9882
5100
2109
7387
6382
6769
1607
3648
2625
9679
8569
6064
7569
392
6936
2387
2499
7330
3864
8765
8212
6416
735
9105
8836
2021
6773
8021
9337
9514
4810
2640
8595
5241
2701
3356
1688
507
9882
9048
7875
5630
3691
5661
7850
8172
703
1182
9552
1815
761
96
5819
4412
1142
8690
8193
7530
5162
5451
2370
7249
18
8000
9874
230
9813
3662
7227
3538
651
9050
8506
9995
6441
3874
4629
4969
4631
9631
3134
7150
6597
6035
3582
1973
9088
5835
4891
2362
8849
5098
1756
1348
6932
6409
6242
4387
3109
305
3540
4245
5639
9032
5064
4042
8482
7880
6824
5491
4941
4602
9696
3394
9218
2156
7996
1342
5109
9531
7211
681
8814
930
2263
8140
7266
234
9202
4530
483
4118
2453
1780
667
9746
7146
4513
2207
2715
1666
205
5372
8184
1192
9471
1489
2668
1781
1614
1951
2347
6178
7070
5289
5088
2517
3713
3371
784
1793
7336
9527
6940
7604
5531
8052
9652
4755
7735
5868
5931
1526
6155
6519
4046
394
7834
7004
9942
9181
3716
361
4984
2692
6688
8768
8026
8581
6475
3032
4518
9455
6767
8014
7840
6107
7438
4608
6503
5122
6989
977
9547
2777
370
5288
4801
9993
6938
9297
1466
8634
6692
6883
5369
7139
5924
2833
2998
2436
7049
8132
4190
9561
8770
548
1007
8867
5515
696
6666
2145
4794
7509
5783
2851
8725
7461
1749
738
9074
3861
511
500
1088
3642
5928
3768
2641
8934
5076
9385
4783
4023
8157
122
6494
9204
2585
9755
1770
3291
1301
668
3998
9937
7833
9497
685
5008
5181
3625
2985
4569
7953
4214
1817
2588
1443
7878
4068
6847
6366
8215
2851
5478
9930
817
9884
5771
9484
5955
598
7196
5298
7188
5245
5149
1072
3445
2966
2101
6063
4894
2314
9004
6479
5190
3717
7634
3009
1418
510
6918
9095
7445
2677
9522
9680
6327
357
8648
965
1642
5081
3306
1957
8285
3516
8715
75
2867
5448
8993
9803
875
8535
5776
6896
2081
1254
3040
3536
2302
1031
5860
9597
357
9671
846
8285
9940
2745
1638
6756
8986
8935
9482
7601
5739
9459
2326
4712
1108
9336
8249
4886
9529
8114
2345
9609
8201
5335
5415
4752
7214
2231
891
3765
3052
7093
5733
2257
3368
6230
5653
3262
9143
5201
5969
9691
4231
8559
4400
9039
811
9529
8283
6357
2089
3766
361
5273
8832
968
7357
7752
2756
9277
3804
2114
6406
574
1662
2713
7987
4549
7352
2337
2198
581
758
9047
2934
265
3853
6159
8422
6128
6308
3096
4700
6694
2824
2064
7555
9611
568
9588
4566
1170
6039
2298
9040
2376
7657
6043
2737
9239
5370
388
720
8300
2885
6186
3393
2144
5593
7169
6802
6189
7078
2650
4887
5098
3605
2900
8405
9331
7593
1691
7720
7049
231
2625
5860
6233
7032
4715
3602
4597
5522
5292
2260
528
4057
2735
3432
959
1908
2025
1070
9639
1122
9435
543
5359
344
8896
1428
1707
935
8317
843
4689
4375
6119
6285
2244
2906
9676
9367
9337
4493
5473
5482
6575
9066
6901
5100
7343
9944
4496
8321
6078
8762
5894
4423
3066
3272
1381
5074
1378
8102
2059
6099
7683
903
45
2648
2318
3746
7617
6241
823
4489
7553
712
6760
2069
3521
1500
2355
4959
2435
529
9293
6000
2365
8200
9182
8525
3307
8984
8396
6563
5869
4894
9695
2514
8270
7097
3817
7321
6338
6149
5199
358
1709
9118
9228
3869
5959
3477
1078
6785
4298
3500
4180
4436
9214
5785
4637
3865
5063
230
1117
5006
6894
7913
6225
7404
4510
2571
5067
5659
5396
124
2076
8955
5590
7766
5561
3369
615
9135
2832
7104
9060
1238
7146
2145
9305
2689
687
9716
5762
300
6490
67
5328
4483
5781
8924
2936
8837
119
7385
9685
564
9657
4724
1647
8158
5115
6203
1970
7621
3239
4249
9439
5853
3246
6179
874
8996
5178
2549
7689
3801
6153
827
1795
7694
4386
2328
741
2763
103
7807
5856
9860
566
3372
7397
2027
5232
4165
1843
7862
1830
972
5544
8229
8790
1547
265
8974
1333
985
909
7714
5576
240
3628
2723
1163
3164
6854
7618
2914
5773
2079
241
6662
2111
3635
3675
9679
2307
7988
4222
6931
7132
3978
4950
8415
8498
7086
5416
3171
6359
5190
5937
8549
6739
9727
4900
3693
5539
7404
7350
6018
6646
2078
4538
5520
3336
8746
2654
7496
5834
4837
3880
8440
3760
4970
169
6179
9631
7001
3835
9290
6425
9302
2478
2064
6701
791
3439
4277
1266
3742
1849
1193
3370
9447
2160
8550
1570
8881
2028
9557
1725
8932
6647
2465
2869
6600
1224
7702
5117
9195
8501
4337
8013
2112
8385
4338
5209
1678
421
1153
6661
6751
8887
9610
4569
570
9346
3661
2829
2909
6567
693
5240
7416
56
