464
296
350
29
212
416
420
127
412
257
51
268
182
193
29
457
268
71
366
184
462
202
137
90
428
249
274
493
139
59
189
223
304
13
257
500
300
17
315
496
324
312
264
401
320
68
287
252
192
271
95
67
442
397
422
472
36
464
481
485
407
320
284
53
326
240
153
381
396
100
491
126
194
20
127
111
232
445
414
195
52
483
468
381
487
477
139
124
112
96
444
57
333
91
435
303
302
70
376
146
289
376
249
77
329
355
136
208
72
86
115
367
217
39
209
224
55
419
14
70
204
130
78
106
318
77
280
354
246
44
490
86
229
44
424
479
109
125
110
462
455
130
410
429
267
181
352
399
482
301
24
434
361
75
490
136
89
152
284
55
232
287
7
7
157
489
291
125
191
162
445
100
190
362
114
237
211
88
344
253
472
95
155
37
370
325
124
139
419
365
35
133
311
293
414
364
195
475
436
265
164
182
264
498
241
200
207
72
477
497
269
314
436
17
32
219
494
418
415
350
462
127
373
170
498
475
105
50
8
302
310
172
389
287
9
82
210
363
479
1
475
130
66
195
436
179
399
37
72
425
189
433
220
340
339
252
298
461
301
59
252
452
159
297
481
354
57
96
301
389
19
45
45
110
435
430
345
285
59
292
13
435
48
306
442
446
274
370
38
290
342
285
351
354
197
215
223
161
2
5
9
316
59
295
82
250
3
79
114
276
85
465
83
149
297
244
240
78
49
348
346
381
392
492
293
303
366
148
85
461
5
305
97
146
180
380
367
271
85
112
334
88
14
171
321
374
389
131
329
447
361
1
21
453
174
158
172
83
293
292
167
454
483
425
188
249
416
423
176
265
330
490
149
154
47
312
29
71
241
300
498
465
75
114
495
140
233
268
294
172
442
480
217
254
274
156
94
78
345
358
489
92
324
198
5
252
21
78
477
192
61
483
382
471
221
289
200
311
440
418
262
424
487
257
143
177
27
137
479
414
491
474
77
235
47
73
309
496
340
322
52
357
52
194
396
289
376
364
500
483
181
306
80
255
287
400
222
369
117
446
99
391
245
55
385
377
325
495
69
160
472
500
13
437
188
313
389
117
466
252
283
205
271
404
140
318
221
30
213
40
482
236
473
351
338
208
292
495
130
473
174
2
104
259
372
138
17
190
250
433
403
226
175
29
418
485
117
156
181
347
259
353
455
479
164
334
330
360
291
68
203
118
180
127
292
140
158
121
61
307
411
223
441
275
334
486
310
254
79
444
30
485
368
110
22
216
191
271
409
322
4
183
493
44
422
170
235
164
180
133
195
442
8
453
175
289
397
66
492
414
96
431
447
277
84
316
305
361
258
162
202
172
448
176
282
215
451
455
300
456
207
314
97
265
209
329
23
113
220
179
393
38
420
458
134
361
223
233
278
58
416
221
50
286
262
469
393
129
300
38
329
331
327
61
230
270
110
283
153
413
274
90
156
48
11
171
485
54
272
229
70
470
181
3
442
229
163
16
469
310
268
431
405
259
52
142
281
408
366
217
470
17
417
331
462
465
184
72
412
83
72
391
314
130
224
379
186
91
302
363
499
296
343
401
216
154
181
419
179
408
47
284
282
72
318
55
168
155
229
130
162
471
162
29
343
167
299
179
498
350
92
425
16
208
380
338
371
286
265
257
244
127
446
468
387
379
18
54
425
487
141
119
455
244
387
25
185
275
79
298
278
140
468
476
35
235
23
451
167
496
214
248
380
166
171
235
321
46
183
460
228
240
312
210
267
285
60
35
19
466
33
139
135
298
31
359
62
353
11
10
381
176
337
236
421
212
392
219
272
343
306
493
274
143
6
274
362
73
263
291
160
189
277
42
9
5
249
10
221
164
406
294
252
209
484
281
261
353
51
452
359
294
200
169
102
161
116
160
405
311
75
7
454
470
44
306
469
230
116
299
156
351
357
122
469
333
142
366
417
314
364
317
245
325
485
383
366
138
470
360
464
16
284
123
75
275
415
368
255
490
365
55
489
278
435
85
16
105
370
438
80
378
468
222
229
295
97
230
1
278
146
170
107
391
336
441
309
369
437
22
92
239
248
86
492
340
43
360
191
5
373
271
91
3
91
276
485
207
322
108
372
260
425
118
233
100
408
39
387
456
168
52
99
427
456
228
362
255
260
194
302
88
147
427
483
282
82
366
480
76
104
224
60
279
130
141
187
189
167
57
214
457
255
252
25
115
386
160
37
404
196
8
6
215
56
292
498
352
152
194
497
383
105
192
498
224
278
345
493
51
