211
213
299
69
312
274
421
229
424
436
361
358
82
237
126
379
153
227
366
66
137
481
254
474
170
453
491
12
469
366
415
40
252
110
20
480
229
115
442
64
288
180
459
420
124
329
267
254
418
58
47
276
132
168
201
283
232
26
16
260
37
197
500
129
124
317
94
328
309
307
190
245
468
139
499
263
407
271
91
231
106
68
144
188
380
72
25
200
310
123
232
294
7
59
102
477
87
90
160
420
167
392
431
135
344
456
370
153
290
426
441
219
34
264
393
231
265
217
422
235
306
198
333
423
234
75
354
182
80
389
194
166
326
183
80
458
221
169
213
403
23
471
243
18
115
479
213
468
422
343
79
372
498
355
17
304
79
484
417
120
117
155
5
337
300
376
308
163
464
306
371
315
492
54
159
113
475
230
98
197
259
260
153
497
78
41
254
139
131
189
325
43
51
362
299
489
186
359
90
451
92
204
377
296
299
346
61
83
379
317
384
260
91
249
135
106
278
257
151
129
462
220
186
303
57
308
490
459
55
160
172
111
40
262
13
59
93
280
152
390
334
308
323
356
195
457
357
151
500
475
404
363
147
138
449
84
231
421
194
239
202
267
108
297
326
125
103
453
397
45
382
253
496
209
93
139
64
450
195
263
64
196
425
382
223
42
463
270
486
67
13
221
98
386
126
497
50
173
74
228
361
134
348
125
150
89
170
374
171
89
277
22
295
90
459
161
54
281
374
345
50
92
258
16
242
78
56
72
244
78
103
126
161
492
494
483
109
358
292
406
178
229
452
178
415
72
160
86
133
173
249
217
81
76
317
145
397
66
302
118
70
448
423
321
276
325
359
252
322
308
2
46
8
38
297
140
73
148
199
343
52
30
31
500
44
290
93
312
141
358
406
163
304
221
15
360
35
197
456
201
324
306
117
494
468
333
13
305
469
348
97
390
465
260
147
303
25
455
247
66
457
214
233
373
160
430
347
176
28
234
329
177
197
165
255
340
433
20
245
400
41
499
188
121
270
258
86
273
266
307
307
287
320
269
4
207
202
228
219
487
2
142
179
209
169
422
478
195
284
489
428
299
37
429
135
433
160
229
454
15
190
240
15
49
259
39
283
85
361
469
56
420
87
465
52
226
459
363
64
426
106
337
400
157
411
93
354
79
57
93
42
461
116
472
291
44
451
336
103
161
369
251
200
141
98
425
424
196
170
484
451
96
167
403
144
174
378
338
342
351
168
381
136
454
287
222
58
138
455
284
413
360
365
87
48
287
101
314
352
394
226
2
38
162
163
18
340
316
370
96
4
292
78
459
88
360
79
326
365
488
146
416
58
236
361
117
400
463
305
24
467
449
308
398
137
1
253
52
209
416
419
205
296
366
308
244
387
469
372
42
6
110
208
32
389
383
122
242
376
24
58
212
471
281
484
296
252
92
386
437
334
424
460
190
213
15
300
423
340
426
313
69
258
401
199
60
375
7
89
60
83
330
334
409
128
385
392
319
342
3
442
220
373
406
415
423
346
487
405
44
434
70
420
425
237
241
416
423
116
296
47
271
331
420
258
96
119
366
378
57
420
437
267
262
373
124
76
369
481
121
55
148
477
81
115
429
55
494
50
410
143
72
287
101
39
249
402
290
433
415
452
395
265
38
57
211
380
58
8
351
119
394
197
412
223
276
172
337
358
366
434
73
265
211
60
498
310
229
391
378
274
68
84
237
35
9
356
172
428
7
315
337
308
143
291
491
183
90
77
498
95
127
406
197
276
210
423
364
205
418
486
363
447
90
347
497
463
141
175
248
333
157
360
80
376
317
267
44
361
413
302
352
302
447
231
456
210
143
59
145
395
13
141
498
276
286
3
76
63
40
435
458
153
290
10
213
476
292
393
335
368
118
340
215
76
395
487
256
457
217
81
241
380
205
362
230
354
14
139
481
144
125
389
232
99
163
476
255
202
388
110
374
335
149
47
103
9
34
339
109
35
85
197
32
399
329
84
435
306
84
477
263
245
152
380
111
325
59
264
185
453
329
98
448
342
214
151
296
362
126
406
409
282
359
211
286
304
197
248
408
256
438
116
226
18
207
153
130
314
498
127
181
258
447
89
295
404
278
216
197
292
469
101
256
237
119
463
188
475
476
455
461
17
223
341
148
385
419
368
88
175
239
325
205
176
408
111
123
227
226
215
46
277
421
24
498
129
7
285
463
253
366
275
375
319
496
91
409
75
196
68
486
156
384
132
368
261
442
82
326
386
210
299
214
331
58
258
338
320
366
