31458.75
3101.28
34812.75
36329.90
19606.86
67105.93
24098.84
12721.80
45552.96
46546.50
56413.66
1303.40
84472.80
56179.60
36230.40
81226.14
42515.82
41569.00
32338.56
4177.44
55807.84
36096.06
6889.44
77332.00
52832.16
29632.32
78454.32
42394.75
41175.00
12909.68
40817.21
2344.52
79967.58
35708.40
58124.07
46017.84
56893.44
46929.32
46487.29
45552.96
32678.65
43798.08
37766.04
6915.28
66219.30
56363.50
47611.20
55354.68
40292.29
11928.69
1724.81
42633.08
69524.00
20121.24
2748.92
34686.54
3865.14
15776.34
74382.72
25677.36
27951.90
29678.74
31466.15
46332.72
13214.10
38121.14
35687.72
50396.92
10994.62
88876.06
9722.40
9874.64
3531.81
50040.28
13054.65
22211.28
48951.60
78433.81
49822.85
2206.40
48191.49
69453.93
1384.48
21122.80
47025.92
26363.52
5040.50
28380.06
32843.04
87942.50
24636.68
41203.80
52437.84
38130.56
66934.98
71020.48
76901.42
8402.03
34687.50
2841.02
22006.27
18667.88
2748.92
31593.60
74094.72
23186.30
42008.20
52170.30
12383.20
29956.73
79384.00
41204.45
19611.00
26274.38
59085.69
79064.80
65620.00
18776.34
5234.49
59101.78
51144.60
21202.65
12366.42
40487.07
48432.07
38156.30
76226.36
2192.36
24233.76
81113.54
39607.68
7159.52
32163.66
54657.75
7653.10
41151.40
43055.08
45272.20
15440.96
48568.26
20778.78
65481.46
28518.48
92314.53
67886.55
19637.80
30307.86
78130.08
61637.52
71562.67
47802.00
7035.40
25965.72
49452.82
22389.15
18439.80
65632.07
11892.96
72738.61
56444.50
7416.08
5966.40
9730.70
11376.48
45336.47
7652.16
38442.00
25948.08
53357.97
27596.97
88587.10
50499.90
49687.82
39785.86
26867.43
34837.20
22651.14
58154.92
22928.22
25620.17
83577.86
5075.50
14915.80
40794.96
24570.00
36803.26
4727.01
43180.41
65695.16
34994.96
18516.00
41355.45
25613.72
77345.40
29479.44
36999.60
32870.97
10911.90
47751.75
12009.87
11756.48
31840.29
20601.72
62303.34
72796.40
69753.20
22370.53
11176.76
18181.80
61489.75
78144.34
10272.85
30312.20
12388.23
17512.04
90794.06
47845.98
13824.70
29515.29
37585.04
35606.88
45099.60
70830.48
36649.90
1073.17
7503.84
63697.20
29891.60
6054.44
55009.50
50442.21
1819.91
54865.66
35158.26
9100.00
12042.90
48921.30
49336.54
39992.25
10675.44
41400.45
7519.12
36258.00
47986.88
44147.52
32399.09
22878.05
51127.68
47734.12
32515.70
64419.00
37887.84
57475.32
31085.60
10481.40
29982.25
47225.32
46642.60
33733.08
29147.90
49374.32
36956.85
16957.07
52651.80
30766.78
33362.28
19226.24
37407.69
44241.88
12649.91
5694.24
35738.43
34086.25
26022.30
53560.97
13089.72
57898.62
17098.34
57516.84
27894.24
47397.09
78563.04
7547.92
29599.68
52305.86
34796.60
5690.94
20350.26
60511.68
54694.29
63150.78
49894.38
70433.73
51271.20
64173.64
4886.16
47462.76
42477.12
13864.80
55615.77
44080.16
6330.84
69151.15
41894.95
36515.88
29771.60
29002.59
75499.20
35227.26
7263.64
21451.54
49499.30
47475.84
8048.64
73472.85
23426.00
29472.32
1823.92
65484.82
38421.80
49224.82
33734.25
45745.92
3751.05
45624.96
11602.50
37077.33
37544.32
19893.00
11412.48
38345.28
7315.68
41643.75
29281.72
19688.76
78049.84
87692.16
62546.00
10615.55
3862.11
92658.02
42645.00
70844.34
3185.36
36754.90
69257.32
35598.85
16998.12
29264.28
55768.50
48350.68
31552.68
39201.36
7449.12
7632.40
42702.87
7540.19
51048.63
7131.48
49689.00
50869.76
78370.56
9688.26
54346.56
26461.89
45263.35
27010.62
62330.45
25267.00
45642.62
31702.16
30506.48
56561.00
54925.71
4657.92
32690.70
52175.60
29071.20
16167.10
18739.89
21394.49
38802.40
31749.48
74468.26
81265.36
37474.00
83111.85
51292.06
49376.82
38093.40
5771.25
10945.99
43400.82
10010.72
70650.36
12975.17
19724.25
49642.20
31295.81
14815.52
36743.68
27989.40
21526.88
44096.25
29525.19
74479.96
50061.58
29083.59
19961.80
27901.28
68992.80
22058.40
79379.16
34749.48
58863.00
73631.22
44110.08
60664.40
37200.80
1086.17
60724.80
48074.75
3047.24
70585.97
15977.94
1438.52
48728.89
59383.20
31233.36
20768.88
13625.82
66310.20
21497.04
89544.00
3824.20
37488.69
34884.96
15421.80
28550.59
45665.43
46913.43
70171.92
11088.24
15161.25
18543.47
30001.20
46693.14
31253.88
58362.48
7287.64
27630.30
6431.90
21474.18
87841.12
73156.95
18675.69
73854.24
63871.47
70914.40
5561.85
11660.25
50493.61
37177.99
41803.92
13144.10
54633.09
909.00
40369.23
1862.95
12697.37
13325.22
66387.50
17255.26
78005.84
5402.67
26704.50
4152.52
11996.72
8218.65
47061.56
35137.80
69303.60
86428.65
42648.54
6682.10
22794.15
55543.84
68973.50
85349.67
57115.84
14043.12
47597.22
31266.24
43456.20
63715.08
47679.94
11043.69
23860.62
72069.66
11202.10
39744.29
48953.50
43042.88
12093.00
60864.22
48646.50
9080.00
9189.78
2612.80
24340.65
39481.26
20132.59
82406.88
47886.75
51774.30
952.04
30921.66
80494.28
44056.44
14421.68
4543.83
57362.00
1149.24
33636.00
12293.04
14549.73
42493.08
66466.05
18180.00
4605.05
26002.34
5297.64
3836.20
62309.52
58772.32
34977.67
46943.16
59007.36
26353.50
62502.44
12365.12
94248.50
49011.90
67558.67
15844.92
49655.34
67594.03
78328.34
54658.00
38456.88
7897.54
6779.12
8689.15
19184.28
51886.38
37002.42
32615.40
19569.24
31702.16
56820.72
25316.17
75938.37
29473.29
58619.94
48736.80
29442.96
5090.37
36229.55
73908.20
6466.84
41670.14
51056.46
43361.92
2780.96
66070.40
34352.34
84172.69
37596.96
49818.12
70298.88
6952.40
11316.48
7213.74
53332.62
53901.54
32222.58
41769.00
13148.19
41769.22
51707.13
41337.34
35874.75
5149.52
28019.70
53447.00
38129.40
44508.60
20600.84
22403.85
13811.67
9730.26
43035.60
8102.64
41899.22
6296.75
23103.99
16893.15
23718.46
41719.70
39836.79
51848.52
15076.08
46105.78
11280.36
57140.80
16082.55
2394.58
5115.55
27573.70
75105.12
48599.46
38698.54
66040.20
83335.12
33034.98
36704.64
29788.71
22526.79
80838.71
31869.81
72547.93
35786.07
44062.32
82426.48
11243.76
33300.72
33633.00
23528.70
23757.33
34662.00
22144.00
17178.15
32108.80
82022.40
14591.36
3357.63
65883.72
4135.41
79807.28
12259.52
4855.30
18160.00
46338.90
1660.75
51483.66
43480.74
35814.62
26924.48
56316.96
69065.04
60256.24
18466.47
25169.69
24386.84
36473.43
66599.04
24151.25
63823.76
64440.64
17562.60
9003.60
28380.78
51209.48
56985.06
25478.74
9628.20
61195.78
30530.13
76400.10
36614.64
42408.80
26459.84
81523.75
6180.72
10201.20
37098.80
31499.41
58339.38
34236.48
34469.44
18415.44
19985.28
36402.06
57229.92
82794.94
27045.04
42340.20
27993.00
55828.74
67318.56
70250.40
35716.59
27413.96
11667.51
50373.38
9009.45
23684.92
59318.64
66336.56
5786.25
22596.30
49438.91
12559.41
51325.94
61485.12
30322.76
73717.20
14623.62
51426.93
8200.88
42605.08
19403.54
48513.46
50480.92
51399.60
45156.72
20402.20
19088.16
3723.99
51574.72
60832.08
57031.20
13076.42
61434.98
18686.23
25753.55
12220.96
49588.48
42847.85
34052.80
54970.08
41097.42
73378.00
50319.45
36378.20
18804.32
4048.32
24073.44
46675.23
9666.40
51735.20
73292.40
3361.54
40075.20
1414.51
65408.76
32063.36
33847.10
26292.88
46533.31
57036.06
29191.20
15827.34
5726.08
29567.98
74767.20
33861.25
60855.01
34884.96
6987.45
50003.28
64908.40
73180.08
14259.36
6887.35
26548.40
46741.06
30940.48
60664.40
42813.87
51299.39
60251.96
82406.40
13977.21
64613.25
4304.68
60307.50
35774.20
34273.44
2006.18
37959.80
42213.78
20434.26
62353.28
8989.45
45299.47
46893.56
52625.65
25601.36
49121.58
76244.52
67859.40
49351.91
17354.37
23645.70
7933.35
63697.62
53721.33
11265.32
28557.92
6251.75
16416.00
3331.50
26825.40
42960.87
27301.68
35389.44
7399.98
75905.10
5651.91
47678.12
78183.00
20762.60
77697.40
82983.12
51831.78
15929.51
47290.88
79151.16
65964.03
25202.50
28002.51
32176.32
20181.78
84662.69
44006.76
73998.24
36725.00
49498.05
51190.08
19806.15
15937.44
27149.52
85340.00
4961.25
26326.88
66934.56
12685.36
72232.02
2756.94
48855.17
2054.24
34332.48
71620.44
17130.24
33136.74
19929.00
4528.80
51130.35
41894.64
31065.36
43950.48
34122.11
42424.20
75151.68
29885.90
36498.20
26529.72
55012.91
66093.48
89028.10
17659.26
11056.10
22856.32
44062.08
49853.60
18379.89
63587.20
60038.90
19634.86
46859.60
29747.28
11057.58
2708.88
36933.26
44602.60
15838.03
58643.88
18857.02
3535.70
40242.90
35254.13
49494.90
17568.90
45897.72
60039.84
29334.96
23865.80
85840.00
8416.10
10234.80
49787.49
52527.16
35678.61
55360.89
38831.70
7592.10
35011.70
48274.06
16637.64
17386.59
56819.73
19043.57
24107.22
17841.98
27620.07
37003.33
87692.50
61021.74
9414.85
34554.52
7855.47
3925.20
72733.44
34197.45
25226.46
33665.34
31990.35
81878.40
55457.22
26362.12
54978.80
3769.05
50106.18
56219.10
1362.46
4111.38
1248.34
82706.85
7563.92
27929.52
34428.00
19775.14
40846.50
52590.65
21630.12
29768.20
33862.40
45835.53
24393.76
43446.19
21975.52
20614.44
29920.64
43770.58
69681.92
8088.55
78922.80
89894.50
33736.00
1751.84
63288.83
3201.38
62929.23
8232.96
57654.10
43695.52
35160.08
32863.67
14006.96
55633.20
37219.20
7168.84
65364.30
31690.08
85840.16
48436.96
49494.90
46208.47
35997.78
15143.92
35437.20
18319.80
54154.56
21834.46
26039.30
32025.00
63289.24
37902.69
43921.25
73337.44
31262.76
64580.64
60212.24
24593.22
53382.15
3180.45
78243.25
10467.20
21099.10
