3424
5510
5031
9391
8876
373
8982
9829
3684
2691
4865
7437
3201
8339
2360
6393
791
8256
7785
159
7334
8306
5590
1091
6189
482
23
9252
7869
6044
6891
7129
8556
1197
1424
7527
9863
3117
1173
7974
8507
1227
9005
3352
6937
6535
2525
4619
2790
8284
6107
7375
56
8921
7529
9174
6904
6257
2983
2571
5269
5247
6112
3418
6118
1461
7831
1441
2677
8666
5453
7750
2345
7458
9376
7949
3433
9819
5616
2399
9542
4055
650
1338
1792
8794
4591
6644
31
7081
3788
570
4381
5011
483
688
1850
8573
3383
3653
5114
3765
1084
8493
6555
7614
8867
7029
6785
2546
5914
6405
7464
4224
3007
622
5891
7755
3758
5004
9227
1309
963
2496
9704
4331
8586
9173
6801
1496
4872
1696
3101
3778
4433
5207
624
1683
36
3725
8670
3434
7842
607
6834
4573
9677
435
3281
3095
9361
2557
2600
3605
5713
1993
228
2569
8784
8440
957
2295
8550
3867
2807
8651
2139
3623
6414
5196
8817
7275
5193
2685
4059
4690
8913
5151
8470
8048
5443
8487
1303
4243
95
3348
2847
6284
4787
6031
737
3534
8351
8225
2426
518
7567
1215
2223
3416
8289
7777
7300
3
7952
5433
7137
1165
9365
7302
4737
9305
3967
1698
1430
96
1499
6624
6429
661
9082
8675
7256
157
993
8806
1249
575
4633
1173
408
288
3668
4003
7189
5143
4014
720
5500
7080
3863
9201
2619
4596
2445
8303
5571
1772
5019
2903
8902
444
6425
2522
4387
6254
4248
4175
114
6575
3053
2319
5131
7524
9556
2684
5377
5914
2942
3609
4381
3995
7931
5166
7629
1428
1960
3282
9738
69
8870
1459
5880
5319
384
1594
5536
4200
7412
6558
7630
1356
5845
8576
2063
1473
2456
2798
5788
6915
6630
2637
8681
5032
7006
4402
1266
2868
8419
6312
248
1932
8753
1698
7177
9266
2634
2761
7535
4436
896
619
2864
1448
4290
2518
8550
872
9349
9515
2646
9890
8237
4521
863
8968
3451
5491
3822
530
1038
18
4547
6597
7720
4083
2449
8020
3945
2669
8150
9475
8263
2030
5493
1156
6778
7091
3316
9283
1486
8321
6803
6902
74
9386
6714
7688
3249
3104
6156
6913
746
4123
1478
1765
5534
3384
9435
6161
4013
1627
8471
3133
9882
4775
651
9824
925
6382
9046
2748
7428
5848
2709
4443
6992
8444
9957
1313
9556
7343
1402
2839
363
2981
8588
4517
929
3432
7139
4367
8399
7234
8543
7980
6169
3096
6722
2310
1437
500
654
1639
5537
3861
7658
2916
4532
4259
854
9255
5440
4068
6973
1317
7066
5620
2538
4099
6248
3339
9416
7975
5743
5048
2006
7504
7794
330
9657
2449
8873
3915
9626
5739
3117
1127
6529
8284
7745
5691
8129
120
9705
8505
2728
3304
4295
257
5285
2789
4623
4314
5491
4199
7507
6290
9230
444
8874
3770
3795
4112
2719
6244
2996
1379
5598
2633
8879
4491
8902
2408
5840
7291
72
4148
5493
9649
8162
7767
3372
7860
4315
7217
9093
3932
1862
6448
5811
726
6988
6975
5592
9332
7144
6727
3159
6551
197
1837
317
2484
8560
2161
6648
8965
4954
3917
518
4913
4618
2411
4185
9885
4617
1425
9734
7243
6074
6817
7258
1468
335
9672
8044
3200
672
2111
8499
9848
2771
2543
3396
493
3734
4644
6696
3981
2461
1934
1
4145
3507
5724
6730
1539
5617
3559
3352
8348
5128
3240
2443
9102
1794
1046
5095
3898
234
847
2990
2435
3049
135
9632
5124
2328
113
8171
332
5720
5118
996
9654
7961
710
8788
5187
2805
7772
9001
8014
6122
204
2432
7699
3899
94
5840
7879
9305
968
5777
408
8793
4264
4606
9967
9373
2576
3059
9240
3914
6408
476
5343
9306
394
412
1906
3704
1746
6567
4266
8347
1511
1958
2299
5872
2713
6896
8589
5163
245
6635
397
6546
3982
8140
9177
2706
3318
1954
6938
4041
5949
4324
4255
3072
2460
293
758
5162
2281
7728
9089
6024
1841
696
8566
4049
5067
8968
188
7910
1992
6416
1257
4292
5620
1571
6250
3841
4448
3962
7548
2231
239
3876
9825
2811
7495
4384
6361
9534
2690
5980
5819
4769
6673
3494
5521
6670
8652
33
1621
8007
5106
577
7030
1835
7652
6532
363
3595
1673
4422
7980
2572
4684
7884
1619
5173
468
1019
1199
3166
3299
7484
9326
1438
15
8778
8471
4569
3643
9251
884
1421
4664
7603
1584
8132
2703
3191
8449
2875
7498
7764
3040
2513
9568
6728
4414
8414
1099
7419
4244
8684
6863
5738
5644
5227
4457
1293
6285
762
219
1460
4524
2897
6733
8093
9922
2755
7938
8925
2787
4136
2982
5720
7312
8760
8525
8286
3090
7169
7383
6841
7253
8928
730
4150
1972
9554
3095
7570
1228
9941
6093
4855
6982
5991
8472
5112
7070
3298
7669
3102
8835
5515
1169
5334
1949
440
9667
4257
6383
9078
1609
4587
8379
2419
3617
510
3419
9865
3862
4790
6318
461
4060
1803
8802
1419
1015
3514
338
585
9502
7489
5317
5116
7370
1702
1049
5339
8084
4953
635
600
1791
8210
3186
9701
4692
9993
3982
7474
9336
6479
7940
9680
8719
622
3919
1849
8810
7483
2515
4021
271
5500
5543
2687
6876
7672
732
9876
3311
4259
1433
1453
1212
84
1244
4112
7691
4133
5959
1174
6522
4931
3344
386
1769
5774
6094
8616
7800
8713
4884
4201
5699
385
4840
5592
9114
7371
3267
9700
9767
816
2533
7287
4748
10000
9514
5719
6237
2789
1223
6360
2884
1038
7337
8924
3618
2054
1086
1019
1076
4023
9002
3874
8242
1497
4492
7945
3163
6521
1922
9838
6038
175
6758
986
7267
7229
6140
7654
8628
9241
5722
3523
6533
9922
8889
7826
8586
109
1333
6005
8676
9971
2279
2181
2228
2712
4312
7664
9809
2111
4866
3731
3037
615
656
9832
4111
913
3028
335
1209
4451
5544
1638
4316
3396
6531
7454
1232
3793
8314
1878
2601
746
7758
