25859
25859
25859
25860
25860
25860
25860
25861
25861
25861
25861
25861
25861
25862
25863
25863
25863
25863
25863
25888
25888
25888
25889
25889
25889
25890
25890
25890
25890
25891
25891
25891
25891
25891
25892
25893
25893
25893
25893
25893
25893
25894
25895
25895
25895
25895
25920
25920
25920
25920
25920
25920
25920
25921
25921
25921
25921
25921
25921
25921
25922
25923
25923
25923
25923
25924
25924
25924
25924
25924
25924
25924
25925
25925
25925
25925
25925
25926
25926
25926
25926
25926
25926
25926
25927
25927
25927
25927
25927
25927
25952
25952
25952
25953
25953
25953
25953
25954
25955
25955
25955
25955
25956
25956
25956
25957
25957
25957
25958
25958
25958
25958
25958
25958
25958
25959
25959
25959
25984
25985
25985
25985
25985
25985
25985
25986
25986
25986
25986
25986
25986
25987
25987
25987
25988
25988
25989
25989
25989
25989
25989
25989
25989
25990
25990
25990
25990
25990
25991
25991
25991
25991
25991
25991
26016
26016
26016
26016
26016
26017
26017
26017
26017
26017
26018
26018
26018
26018
26018
26018
26018
26019
26019
26019
26020
26020
26020
26021
26021
26021
26022
26022
26022
26022
26022
26023
26023
26023
26023
26023
26048
26048
26049
26049
26050
26050
26050
26050
26050
26050
26050
26051
26051
26051
26051
26051
26052
26052
26052
26053
26053
26053
26053
26053
26054
26054
26054
26054
26054
26054
26055
26055
26055
26055
26055
26080
26080
26080
26080
26081
26081
26082
26082
26082
26082
26083
26083
26083
26083
26083
26084
26084
26085
26085
26085
26086
26086
26087
26087
26112
26112
26112
26113
26113
26113
26113
26113
26113
26114
26114
26114
26114
26115
26115
26115
26115
26115
26115
26115
26116
26116
26116
26116
26116
26116
26117
26118
26118
26118
26119
26144
26144
26144
26144
26144
26144
26145
26145
26145
26145
26146
26146
26146
26146
26146
26146
26147
26147
26147
26147
26147
26148
26148
26149
26149
26149
26149
26150
26150
26150
26150
26150
26151
26151
26151
26151
26151
26176
26176
26176
26177
26177
26177
26178
26178
26179
26179
26179
26179
26179
26179
26180
26180
26180
26180
26180
26180
26181
26181
26182
26182
26182
26182
26183
26208
26208
26208
26208
26208
26208
26209
26209
26210
26210
26210
26210
26210
26211
26212
26212
26212
26212
26212
26212
26213
26214
26214
26214
26215
26215
26215
26215
26215
26240
26240
26240
26240
26240
26240
26241
26241
26241
26241
26241
26241
26241
26242
26242
26242
26242
26242
26242
26243
26243
26243
26243
26244
26244
26244
26244
26245
26246
26246
26247
26247
26247
26272
26272
26272
26272
26272
26272
26273
26273
26273
26273
26273
26273
26274
26274
26274
26274
26274
26274
26275
26276
26276
26276
26277
26277
26278
26278
26279
26279
26279
26279
26279
26279
26304
26304
26304
26304
26304
26304
26305
26305
26305
26305
26305
26305
26305
26306
26306
26306
26306
26306
26307
26307
26307
26307
26307
26308
26308
26309
26309
26309
26309
26309
26309
26309
26310
26310
26310
26310
26310
26311
26311
26311
26311
26336
26336
26336
26336
26337
26337
26338
26338
26338
26338
26339
26339
26339
26339
26340
26340
26340
26340
26341
26341
26341
26342
26342
26342
26342
26342
26343
26343
26343
26368
26368
26368
26369
26370
26370
26370
26370
26370
26371
26371
26371
26371
26371
26371
26372
26372
26372
26372
26372
26372
26373
26373
26373
26373
26374
26374
26374
26374
26374
26374
26375
26375
26375
26375
26400
26400
26400
26400
26400
26400
26400
26401
26401
26401
26401
26401
26402
26402
26402
26403
26403
26404
26404
26404
26404
26404
26404
26404
26405
26405
26405
26405
26406
26406
26406
26406
26407
26407
26407
26407
26407
26407
26432
26432
26432
26432
26432
26433
26433
26433
26433
26433
26433
26434
26434
26434
26434
26435
26436
26436
26436
26436
26436
26436
26437
26437
26437
26437
26437
26437
26437
26438
26439
26439
26439
26439
26439
26439
26464
26464
26464
26464
26464
26464
26464
26465
26465
26465
26465
26465
26466
26466
26466
26467
26468
26468
26468
26468
26468
26469
26469
26469
26469
26469
26469
26470
26470
26470
26470
26471
26471
26471
26496
26496
26496
26496
26496
26497
26498
26498
26498
26499
26499
26499
26499
26499
26499
26499
26500
26500
26500
26500
26500
26501
26501
26501
26502
26502
26503
26503
26503
26503
26503
26503
26503
26528
26528
26529
26529
26529
26529
26529
26529
26530
26531
26531
26531
26531
26531
26531
26531
26532
26532
26533
26533
26533
26534
26534
26535
26535
26535
26535
26535
26560
26560
26561
26561
26562
26563
26563
26563
26563
26563
26563
26563
26564
26564
26564
26564
26564
26565
26565
26565
26565
26565
26566
26566
26566
26567
26567
26567
26567
26567
26567
26567
26592
26592
26593
26594
26594
26594
26594
26595
26595
26596
26596
26596
26597
26597
26597
26597
26597
26598
26598
26598
26599
26624
26624
26624
26624
26624
26625
26626
26626
26627
26627
26627
26627
26627
26627
26628
26628
26628
26628
26628
26628
26628
26629
26629
26629
26629
26629
26629
26630
26630
26630
26630
26631
26631
26631
26631
26631
26631
26631
26656
26656
26657
26657
26657
26657
26657
26658
26658
26658
26658
26659
26659
26659
26659
26659
26659
26660
26660
26660
26661
26661
26661
26661
26661
26662
26662
26662
26662
26662
26663
26663
26663
26663
26663
26663
26688
26688
26688
26688
26688
26689
26689
26689
26689
26690
26690
26690
26690
26690
26691
26691
26691
26691
26691
26691
26692
26693
26693
26693
26694
26694
26694
26694
26695
26695
26695
26695
26695
26695
26720
26720
26721
26721
26721
26721
26721
26721
26721
26722
26722
26722
26722
26722
26723
26723
26723
26723
26723
26724
26724
26724
26724
26724
26724
26725
26726
26726
26726
26726
26726
26726
26726
26727
26727
26727
26727
26727
26752
26752
26752
26753
26753
26754
26754
26754
26754
26754
26754
26755
26755
26755
26755
26755
26756
26756
26756
26756
26756
26756
26757
26758
26758
26758
26758
26758
26759
26759
26759
26759
26759
26759
26759
26784
26784
26784
26784
26785
26785
26785
26785
26785
26786
26786
26786
26786
26786
26786
26787
26787
26787
26787
26788
26788
26788
26788
26788
26788
26789
26790
26790
26790
26790
26790
26790
26790
26791
26791
26791
26791
26791
26816
26816
26816
26817
26817
26817
26817
26818
26818
26818
26818
26818
26818
26818
26819
26820
