243718
243718
243718
243719
243719
243744
243744
243745
243745
243745
243745
243745
243746
243747
243747
243747
243747
243747
243747
243747
243748
243748
243748
243749
243749
243749
243750
243750
243750
243751
243751
243751
243776
243776
243776
243776
243776
243777
243777
243777
243777
243777
243777
243777
243778
243778
243779
243779
243779
243779
243779
243779
243779
243780
243780
243780
243780
243780
243780
243781
243781
243781
243781
243782
243782
243782
243783
243783
243808
243808
243808
243809
243809
243810
243811
243811
243811
243811
243812
243812
243812
243813
243813
243814
243815
243815
243815
243815
243815
243840
243840
243840
243841
243841
243842
243842
243843
243843
243843
243844
243844
243844
243845
243845
243845
243845
243845
243845
243845
243846
243846
243846
243846
243846
243847
243847
243847
243872
243872
243872
243872
243872
243872
243873
243873
243874
243874
243874
243874
243874
243875
243876
243876
243876
243876
243876
243877
243877
243878
243878
243878
243879
243879
243879
243879
243879
243879
243904
243904
243904
243904
243904
243904
243905
243905
243905
243905
243905
243905
243906
243906
243907
243908
243909
243909
243909
243909
243909
243910
243910
243910
243910
243910
243910
243911
243911
243911
243911
243911
243911
243911
243936
243937
243937
243937
243937
243937
243938
243938
243939
243940
243940
243940
243940
243940
243940
243940
243941
243941
243941
243941
243941
243941
243942
243942
243943
243943
243943
243968
243968
243969
243969
243969
243969
243970
243970
243971
243971
243971
243971
243972
243972
243972
243973
243974
243974
243974
243974
243974
243974
243975
243975
243975
243975
243975
244000
244000
244000
244000
244001
244001
244001
244001
244001
244002
244003
244003
244003
244003
244003
244003
244004
244004
244004
244004
244004
244004
244004
244005
244005
244005
244005
244005
244005
244006
244006
244006
244006
244006
244006
244007
244007
244007
244007
244032
244032
244032
244032
244032
244032
244032
244033
244033
244033
244033
244033
244033
244034
244034
244034
244034
244034
244034
244034
244035
244035
244035
244035
244036
244036
244036
244036
244037
244037
244037
244037
244037
244037
244037
244038
244038
244038
244038
244038
244038
244039
244039
244039
244039
244039
244039
244039
244064
244064
244064
244064
244064
244065
244065
244065
244065
244065
244065
244066
244066
244066
244066
244066
244066
244067
244067
244067
244067
244067
244068
244068
244068
244068
244068
244068
244068
244069
244069
244070
244070
244070
244070
244070
244071
244071
244071
244071
244071
244096
244096
244097
244097
244097
244097
244097
244097
244098
244098
244099
244099
244099
244099
244099
244100
244100
244100
244100
244100
244100
244100
244101
244101
244101
244101
244101
244102
244102
244102
244102
244102
244102
244102
244103
244103
244103
244103
244103
244128
244128
244128
244128
244128
244128
244128
244129
244129
244129
244129
244129
244129
244130
244130
244130
244130
244131
244131
244131
244132
244132
244132
244132
244132
244132
244133
244134
244134
244134
244134
244134
244134
244134
244135
244135
244135
244135
244135
244160
244160
244160
244161
244162
244162
244163
244163
244163
244163
244163
244163
244163
244164
244164
244164
244164
244165
244165
244165
244165
244165
244165
244165
244166
244166
244167
244192
244192
244192
244193
244193
244193
244193
244193
244194
244194
244194
244194
244194
244194
244194
244195
244195
244195
244195
244195
244195
244196
244197
244197
244197
244198
244198
244198
244198
244198
244198
244198
244199
244199
244199
244199
244199
244199
244199
244224
244224
244224
244224
244224
244224
244225
244225
244226
244226
244226
244226
244226
244226
244227
244227
244227
244228
244228
244229
244229
244229
244230
244230
244230
244231
244231
244231
244231
244231
244256
244257
244257
244257
244258
244258
244258
244258
244258
244258
244258
244259
244259
244259
244259
244259
244260
244260
244260
244261
244261
244261
244262
244262
244262
244262
244262
244262
244263
244288
244289
244289
244289
244290
244291
244291
244291
244291
244291
244291
244291
244292
244293
244293
244293
244293
244294
244294
244294
244295
244295
244320
244320
244320
244320
244320
244321
244321
244321
244321
244321
244321
244322
244322
244322
244322
244323
244323
244323
244323
244323
244323
244324
244324
244325
244325
244325
244325
244325
244325
244325
244326
244326
244326
244326
244327
244327
244327
244327
244327
244327
244352
244352
244353
244353
244353
244353
244354
244354
244354
244355
244356
244356
244356
244356
244357
244357
244357
244358
244358
244358
244359
244384
244384
244384
244384
244385
244385
244386
244387
244387
244387
244387
244387
244388
244388
244388
244388
244388
244388
244389
244389
244389
244389
244390
244390
244390
244390
244390
244390
244390
244391
244391
244391
244391
244416
244416
244416
244416
244416
244417
244417
244417
244417
244417
244417
244417
244418
244418
244418
244418
244418
244418
244418
244419
244419
244419
244419
244419
244419
244420
244420
244420
244421
244421
244421
244421
244421
244421
244421
244422
244422
244422
244422
244422
244423
244448
244448
244448
244448
244448
244448
244448
244449
244450
244450
244450
244450
244451
244452
244452
244453
244454
244454
244454
244455
244455
244480
244480
244480
244480
244481
244481
244481
244481
244481
244482
244482
244482
244483
244483
244483
244484
244484
244485
244485
244485
244485
244485
244486
244486
244486
244487
244487
244487
244487
244487
244487
244487
244512
244512
244513
244513
244513
244513
244513
244514
244514
244514
244515
244515
244515
244516
244516
244516
244516
244517
244517
244517
244518
244518
244518
244518
244519
244544
244544
244544
244544
244544
244544
244545
244545
244545
244545
244545
244545
244546
244546
244546
244546
244546
244547
244547
244548
244548
244548
244548
244548
244548
244548
244549
244550
244550
244550
244551
244551
244576
244577
244577
244577
244578
244578
244579
244579
244579
244579
244580
244580
244580
244580
244580
244580
244581
244581
244582
244582
244582
244582
244582
244582
244583
244583
244583
244583
244583
244608
244608
244609
244609
244609
244610
244610
244610
244610
244610
244611
244611
244611
244611
244612
244612
244612
244612
244612
244612
244612
244613
244614
244614
244614
244614
244614
244614
244614
244615
244615
244615
244615
244615
244615
244640
244640
244640
244640
244640
244640
244641
244641
244641
244641
244641
244641
244642
244642
244642
244642
244642
244642
244643
244644
244644
244644
244644
244644
244644
244645
244645
244645
244646
244646
244646
244646
244646
244646
244647
244647
244647
244672
244672
244672
244672
244672
244672
244672
244673
244674
244674
244674
244674
244675
244675
244675
244676
244676
244676
244676
244677
244678
244678
244678
244678
244678
244678
244678
244679
244679
244679
244679
244679
244679
244679
244704
244704
244704
244704
244704
244705
244705
244705
244705
244705
244705
244705
244706
244707
244707
244707
244708
244709
244709
244709
244709
244709
244709
244710
244710
244710
244710
244710
244710
244710
244711
244711
