186436
186436
186437
186437
186437
186437
186437
186438
186438
186438
186439
186439
186439
186439
186439
186439
186439
186464
186464
186464
186464
186464
186465
186465
186466
186467
186467
186467
186467
186467
186468
186468
186468
186468
186468
186469
186469
186470
186470
186470
186470
186470
186470
186470
186471
186471
186496
186496
186496
186496
186496
186496
186496
186497
186497
186497
186497
186498
186498
186498
186498
186498
186498
186498
186499
186499
186499
186500
186500
186500
186501
186501
186502
186502
186502
186502
186503
186503
186503
186503
186528
186528
186528
186528
186528
186528
186528
186529
186529
186529
186529
186529
186529
186529
186530
186530
186530
186530
186530
186531
186532
186532
186533
186533
186533
186533
186533
186533
186534
186534
186534
186534
186534
186535
186535
186535
186535
186535
186535
186535
186560
186560
186560
186560
186560
186560
186560
186561
186561
186561
186561
186561
186562
186562
186562
186562
186562
186563
186564
186564
186564
186564
186564
186564
186565
186565
186565
186565
186565
186565
186565
186566
186567
186567
186567
186592
186592
186592
186592
186592
186592
186592
186593
186593
186594
186594
186595
186595
186595
186595
186595
186596
186596
186596
186597
186598
186598
186598
186598
186598
186598
186599
186599
186599
186599
186599
186624
186624
186624
186624
186624
186624
186624
186625
186625
186625
186625
186625
186626
186626
186626
186627
186627
186627
186627
186627
186627
186627
186628
186628
186629
186630
186630
186630
186630
186630
186631
186631
186631
186631
186656
186657
186657
186658
186659
186659
186659
186659
186659
186659
186659
186660
186661
186661
186661
186661
186661
186661
186662
186662
186662
186663
186663
186663
186663
186663
186663
186688
186688
186688
186688
186689
186689
186689
186689
186690
186691
186691
186691
186691
186691
186692
186692
186692
186692
186693
186693
186693
186693
186693
186693
186693
186694
186694
186694
186694
186694
186694
186695
186720
186720
186720
186720
186721
186722
186722
186722
186722
186722
186723
186723
186723
186724
186724
186724
186724
186724
186725
186725
186725
186726
186726
186726
186727
186752
186752
186752
186753
186753
186754
186754
186754
186754
186754
186754
186754
186755
186755
186756
186757
186758
186758
186758
186758
186758
186758
186758
186759
186759
186759
186759
186759
186759
186784
186784
186784
186784
186784
186784
186784
186785
186785
186785
186785
186786
186786
186786
186786
186787
186787
186787
186787
186787
186787
186787
186788
186788
186788
186788
186788
186789
186789
186789
186789
186789
186789
186790
186790
186790
186790
186790
186790
186791
186791
186791
186791
186791
186791
186816
186816
186816
186816
186816
186817
186817
186817
186817
186817
186817
186817
186818
186818
186818
186819
186819
186819
186819
186819
186820
186820
186820
186820
186821
186821
186821
186821
186821
186821
186822
186822
186823
186823
186823
186823
186823
186848
186848
186848
186849
186849
186850
186850
186850
186850
186850
186851
186852
186852
186853
186853
186853
186853
186853
186854
186854
186854
186854
186854
186854
186855
186855
186855
186855
186880
186880
186880
186880
186880
186880
186881
186881
186881
186881
186882
186882
186882
186882
186882
186883
186883
186883
186883
186883
186884
186885
186885
186885
186885
186885
186886
186887
186887
186912
186912
186912
186912
186912
186913
186914
186914
186914
186914
186915
186915
186915
186915
186915
186915
186915
186916
186916
186917
186918
186918
186918
186918
186918
186918
186919
186919
186944
186944
186945
186945
186945
186946
186946
186946
186947
186947
186947
186947
186948
186948
186949
186949
186949
186949
186949
186949
186950
186950
186950
186950
186950
186950
186951
186951
186951
186951
186951
186951
186951
186976
186976
186976
186976
186977
186977
186977
186978
186978
186978
186978
186979
186980
186980
186980
186980
186980
186980
186980
186981
186981
186981
186981
186982
186982
186983
186983
186983
186983
186983
187008
187008
187008
187008
187009
187009
187009
187009
187010
187010
187010
187010
187011
187011
187011
187012
187012
187012
187012
187013
187013
187013
187013
187013
187014
187014
187014
187014
187014
187015
187040
187040
187040
187041
187041
187041
187042
187042
187042
187042
187043
187043
187043
187044
187045
187045
187045
187045
187045
187046
187047
187047
187047
187072
187072
187072
187072
187072
187072
187073
187073
187073
187073
187073
187073
187073
187074
187074
187074
187074
187074
187074
187074
187075
187075
187075
187075
187075
187076
187076
187076
187076
187076
187076
187077
187077
187077
187077
187077
187077
187077
187078
187078
187078
187079
187079
187079
187079
187079
187104
187105
187105
187105
187105
187105
187106
187106
187106
187106
187106
187106
187107
187107
187107
187107
187108
187108
187108
187108
187108
187108
187109
187109
187109
187109
187109
187110
187110
187110
187110
187110
187110
187110
187111
187136
187136
187136
187136
187136
187136
187136
187137
187137
187138
187138
187138
187139
187139
187139
187140
187140
187140
187140
187140
187141
187141
187141
187142
187142
187143
187143
187143
187143
187143
187143
187143
187168
187168
187168
187169
187169
187169
187169
187169
187169
187169
187170
187170
187171
187172
187172
187172
187172
187172
187173
187173
187173
187173
187173
187173
187174
187174
187174
187175
187175
187175
187200
187200
187201
187202
187203
187203
187203
187203
187204
187204
187204
187204
187204
187205
187206
187206
187206
187206
187206
187206
187207
187207
187207
187207
187232
187232
187232
187232
187232
187232
187232
187233
187233
187233
187233
187233
187233
187234
187235
187236
187237
187238
187238
187238
187238
187239
187264
187264
187264
187264
187264
187264
187264
187265
187265
187265
187266
187266
187266
187266
187266
187267
187267
187267
187267
187268
187268
187268
187268
187268
187268
187268
187269
187269
187269
187270
187270
187271
187271
187271
187271
187296
187296
187296
187296
187296
187296
187297
187297
187297
187297
187298
187298
187298
187298
187298
187299
187299
187299
187300
187300
187301
187301
187301
187302
187302
187302
187302
187302
187302
187303
187303
187303
187303
187328
187329
187329
187330
187331
187331
187331
187331
187331
187331
187331
187332
187332
187333
187333
187333
187333
187333
187333
187334
187334
187334
187334
187335
187335
187360
187360
187360
187360
187360
187360
187360
187361
187362
187362
187362
187362
187362
187362
187363
187363
187363
187363
187363
187364
187364
187364
187364
187364
187364
187364
187365
187366
187366
187367
187367
187392
187392
187392
187393
187394
187394
187394
187394
187395
187396
187396
187396
187396
187396
187396
187397
187397
187397
187398
187399
187399
187399
187399
187424
187424
187424
187424
187425
187425
187425
187425
187426
187426
187426
187426
187426
187426
187426
187427
187427
187427
187427
187427
187427
187428
187428
187428
187428
187428
187428
187429
187429
187429
187429
187429
187430
187430
187430
187430
187430
187430
187431
187456
187456
187456
187456
187456
187456
187457
187457
187458
