11100.24
19605.24
28759.08
19094.13
36710.88
4120.48
37743.84
67523.40
50523.55
37616.04
21442.68
29552.40
18778.89
21064.26
46478.01
29761.55
90156.57
36687.96
47346.30
54870.75
19820.79
43146.47
51715.80
21550.75
11942.90
5090.34
10525.20
38750.58
25542.51
34692.48
80408.28
45295.88
44485.10
29049.24
10117.98
32270.70
65171.23
63017.50
18334.25
7442.90
22889.48
12073.74
13300.56
50803.36
34990.08
73492.02
34806.48
44531.52
32645.40
48083.49
13624.50
52126.17
44741.06
25728.00
47083.68
7105.70
18271.32
76854.96
6829.38
34055.82
8228.76
60750.69
991.08
49396.16
3645.90
21414.88
41196.15
39421.36
32626.80
31157.79
4784.04
14211.47
58961.69
7019.40
25967.80
70575.50
72315.61
42732.62
80924.71
54393.28
51471.23
39249.76
28058.52
24251.03
30732.21
55959.77
4875.30
14565.40
10355.04
20782.05
38262.89
58745.88
16847.82
48103.00
42326.95
80950.05
91396.00
37840.23
87559.12
58306.38
60507.72
15295.28
6490.84
7537.95
56059.60
47990.70
12973.77
8345.96
3731.92
15721.56
36057.80
31618.56
79860.00
2837.00
43174.44
61119.66
31535.25
44024.30
44267.52
31669.66
42157.12
50133.60
22103.16
45313.58
23776.00
66647.04
50922.00
77438.27
23154.66
42351.21
78275.04
1894.99
57018.06
61168.66
51218.46
43867.17
25624.08
20438.44
20121.80
20366.58
4534.80
26171.93
66126.38
38682.00
46974.25
1887.97
3547.74
39029.58
46957.23
19181.00
33628.72
24127.35
18655.80
54078.09
14393.47
39678.12
10901.70
40593.28
45189.79
3811.98
23041.20
37361.20
74922.76
19996.59
36137.81
58186.07
21342.49
91696.50
43993.73
8073.55
38738.70
90451.06
19265.55
21307.65
73425.44
6992.45
15851.08
64847.58
3557.74
90598.06
10226.07
30018.12
76220.10
76200.08
56265.30
15668.94
72364.32
55213.34
27553.95
25396.60
63324.69
25135.69
10262.07
65274.30
54954.42
5483.76
82036.50
55884.15
18235.80
30581.32
22504.00
48652.65
28251.36
16673.76
53038.68
52919.44
24764.41
82190.24
11196.24
45697.92
44532.40
60264.00
46052.67
18920.80
65004.30
50244.18
64882.09
24827.67
45636.14
60183.36
17843.36
19866.15
1242.34
18499.74
22844.08
33132.96
41040.40
16280.10
27379.75
51571.08
7371.72
19076.16
33218.91
49168.58
56508.48
1635.72
81035.50
39787.20
19361.00
64348.00
15196.32
69152.80
68039.28
26112.45
67498.92
31894.29
33091.84
28206.83
44553.60
88685.10
31821.48
21442.56
40428.87
33201.19
40981.15
39521.92
79238.25
34129.44
39743.34
1798.89
35082.96
39545.52
54377.75
27759.24
26260.56
19303.24
39090.92
58389.51
20656.42
12333.20
8397.18
58288.62
43839.84
39822.12
29911.60
49693.20
2296.48
72192.12
27709.12
25877.72
62611.20
49687.82
45434.79
47282.40
53187.12
31641.30
28317.92
48161.75
32830.38
44004.81
6461.95
23713.92
58802.92
55399.41
34159.91
44168.54
39597.58
7490.04
5922.28
59262.53
22123.27
33935.80
19435.46
52809.12
37149.90
44171.50
47450.40
34618.38
9964.56
22764.60
82366.68
33596.00
91235.55
13878.56
3079.26
81749.80
16321.76
52496.00
38885.34
69857.92
11008.62
40016.09
3557.74
19205.55
53229.12
72236.12
7952.52
3579.76
51798.78
21592.95
82498.24
12349.12
68477.01
49552.47
42515.26
79419.66
25674.88
29115.24
53967.55
10712.52
37965.42
51336.76
30185.43
19673.25
47514.09
4246.53
9004.45
38932.95
60496.80
24335.84
37786.23
45407.79
27880.00
11272.20
71093.88
59761.08
16691.92
45189.79
62194.44
32863.67
26627.12
31353.36
69879.34
61604.60
60859.80
58850.28
41924.16
42111.95
14208.03
56272.63
50312.64
7217.84
27360.00
61466.00
12523.41
12643.50
33275.28
49522.20
3321.60
12805.52
50955.63
62348.91
5507.76
13404.30
23545.41
42218.82
61798.00
5894.24
52556.70
78005.88
40651.92
89944.50
63424.62
30848.88
45056.52
53697.60
24385.62
24786.60
35738.00
51638.40
48856.92
21233.10
20652.84
17668.60
53032.76
5687.97
19244.88
3928.20
18049.35
54547.29
6847.38
32505.20
57468.48
8486.17
65518.60
35738.43
37899.60
48607.26
10161.00
16853.07
18127.20
28214.55
26181.90
37759.92
46995.36
1056.15
50454.45
50455.00
38379.12
74414.66
24706.40
5718.30
36778.72
45635.68
16022.05
50192.18
32638.54
18334.36
10621.50
32675.04
10908.00
18884.52
3531.72
25803.20
22633.61
38326.77
53095.04
20874.10
10751.70
53770.08
2080.26
38351.10
71443.24
24946.60
4060.35
3675.86
57517.32
48488.96
22242.80
21638.96
44615.88
5280.70
13132.42
42346.72
3665.86
36732.42
19259.24
73138.67
66760.05
56975.83
18259.20
43275.90
6577.08
4865.20
998.09
54868.38
23865.28
78808.19
45498.82
41004.40
35911.14
26443.84
28380.24
40369.23
37959.80
51806.50
3204.48
66564.05
25667.40
46867.04
11877.53
27041.56
28244.55
17394.88
62423.74
45353.79
37394.99
12909.68
40092.25
33399.30
55995.30
39142.95
7112.60
65389.46
74077.60
6797.42
75980.04
10195.85
46594.30
85544.55
64792.64
66350.00
14865.84
3841.11
15451.29
68399.64
70775.50
2346.52
50800.63
54929.46
47600.40
56599.27
55144.97
43517.38
46840.14
1814.00
31654.41
34388.10
42410.88
23032.48
58744.38
43202.25
50135.78
5297.68
5433.80
75842.04
7287.91
25356.86
54109.05
53713.00
28461.78
25676.28
86018.16
49493.20
44960.85
15865.08
69373.08
26713.05
46310.40
31976.49
33497.42
50485.52
72176.50
1366.46
32101.02
70346.40
22495.61
44724.24
1774.87
76462.95
11179.92
48921.30
22873.20
51667.44
57596.45
3611.78
37053.99
64292.55
58117.91
42962.85
6907.28
27379.75
27809.25
34980.96
54350.80
16902.00
54015.12
33275.00
45503.76
55188.46
45200.85
31234.24
24848.46
44064.48
56255.40
57670.05
53847.09
12284.96
6074.44
51054.06
23169.30
32056.56
33408.72
35934.36
5220.65
22740.30
42009.63
56670.75
46392.76
79508.70
77613.06
25844.56
34122.34
41757.76
16594.08
13748.58
16177.10
28388.36
73392.40
9099.99
1801.89
29793.97
53636.40
67102.20
66646.30
5329.68
15515.50
84728.78
57181.44
42670.57
23292.64
48016.46
38400.88
39707.29
48281.45
19201.00
22542.12
37868.32
45230.64
24427.62
35414.61
11780.56
55796.59
53112.15
24595.74
49718.32
32195.80
46927.40
52224.90
16190.01
4477.74
59871.04
42134.16
51056.46
18163.80
44610.30
50774.65
31705.29
15759.34
20639.84
6426.07
37960.08
63427.32
1352.45
7291.80
30016.96
31483.32
44510.88
24377.92
38573.80
15691.34
56740.40
87123.08
9291.94
5240.52
70895.82
40742.52
71625.60
27693.90
12636.78
7976.52
54886.32
80078.13
76376.52
53402.44
29492.10
36046.64
11312.20
33882.10
55070.14
30079.52
33081.96
94749.00
62814.36
52312.81
3764.12
9844.38
77487.48
40269.32
58162.50
68857.44
48812.90
13917.12
53767.40
47354.76
1289.38
34396.20
44058.15
5681.10
42658.98
68792.40
62764.70
33353.91
28296.24
14946.75
72616.95
76298.95
57265.32
51001.02
18611.88
56353.27
38494.82
1964.16
41783.51
28064.40
35605.68
12667.50
60413.58
52759.68
30440.64
41900.16
11412.08
51823.08
82166.40
44638.80
89372.08
24505.92
35548.38
25548.88
33726.60
2064.24
18015.03
16905.07
21147.36
52339.84
39672.60
7922.46
12757.52
25590.88
74376.12
33983.64
24014.99
9890.80
36746.64
86900.18
82278.24
45688.44
26501.75
45281.28
37363.59
33425.28
24521.68
83535.20
67581.38
31085.60
14385.30
57986.25
44553.59
64082.15
26957.04
75889.80
55643.04
44602.95
79547.42
26305.12
37336.04
48556.46
44546.75
23320.50
2278.46
40545.55
29891.80
38379.12
31344.18
6534.92
89133.12
28642.82
5971.40
55796.59
71002.80
1341.44
59330.37
50873.70
50246.13
82454.88
12085.20
67105.93
8883.63
19626.00
40830.68
58558.38
74767.20
39843.60
54109.00
25659.18
53503.26
52639.16
52495.17
8808.45
38601.60
74758.40
57546.39
41195.22
34840.26
23280.84
15307.11
25597.08
65970.50
35187.50
58812.98
7743.33
48492.00
35700.43
26459.72
66830.80
3856.11
73493.74
41163.84
12325.04
81413.56
46658.88
67472.00
25290.09
21607.95
49332.48
33220.38
42670.57
17799.04
75716.55
4841.10
24866.25
37747.82
42985.41
29612.40
11616.72
71825.44
12754.14
36495.37
40608.75
53966.35
45696.96
65268.80
49624.70
31786.29
47138.91
12424.09
15151.65
53957.05
77007.84
36182.40
52339.84
48327.48
39443.20
13872.95
7504.24
6887.24
20104.66
14656.05
32731.65
85419.70
56272.26
56255.40
42796.80
81220.50
43197.82
44648.40
8198.89
31425.60
27965.70
28062.24
49854.91
39774.28
45500.45
46450.40
71670.60
22830.48
13847.12
55708.80
13302.30
31744.63
10675.36
44820.79
19999.28
19973.28
10427.06
9775.62
2394.58
7165.74
34851.18
41414.10
12133.00
73787.28
3167.36
23461.02
55078.10
29137.02
34237.34
8370.18
35975.04
68003.41
58915.88
44446.50
36904.00
53400.32
34617.24
36801.60
10189.98
54793.63
14885.80
2358.54
33555.40
17529.04
75488.16
12571.78
7376.08
11221.21
17088.00
23605.60
3037.22
70178.06
2928.21
11732.60
48723.84
36777.00
63646.64
63868.00
48319.92
32971.05
63988.15
14029.07
21512.82
33888.40
28317.76
30451.11
6481.90
46175.40
33056.98
7798.25
2232.42
1393.49
39647.58
39101.85
77131.42
77775.88
13202.42
48724.80
53943.54
7225.80
78337.35
29374.88
22429.97
31582.65
37334.02
67481.55
62426.91
32514.40
9193.80
41626.54
13794.70
47043.36
40433.40
20999.00
36249.44
12145.20
71307.18
7071.44
45169.35
61785.20
40062.09
65505.30
53967.55
69270.58
44396.50
13194.79
57669.18
27277.64
45687.40
8448.90
13920.30
55765.59
35937.80
1551.64
22103.16
76490.55
33497.10
4558.83
24281.25
47851.20
88028.16
11288.90
64744.08
43634.92
33914.40
22668.30
68232.48
24746.60
2176.36
33595.40
42384.21
41444.80
