45
13
15
36
43
38
7
35
9
2
18
3
29
32
16
25
36
33
45
28
48
30
46
41
27
13
16
31
32
7
38
31
29
21
16
40
43
16
19
31
16
13
27
32
18
31
34
5
11
48
37
24
11
6
6
28
32
34
27
36
26
31
38
28
22
43
35
39
18
40
14
27
2
32
38
21
23
4
32
1
2
28
50
42
10
42
28
19
29
3
7
1
9
27
27
46
50
40
4
36
50
18
38
17
29
47
14
20
19
48
37
24
9
43
14
47
31
13
10
36
19
50
32
2
43
2
16
49
10
29
24
44
31
2
21
15
43
50
1
2
19
5
28
24
16
36
15
24
48
2
12
8
12
49
42
40
15
8
45
23
10
38
35
24
37
23
3
6
47
48
8
48
18
1
35
21
28
19
25
42
20
39
20
4
46
45
27
5
46
40
39
17
22
44
4
17
40
15
23
22
47
36
37
3
50
13
29
16
6
15
25
27
20
10
7
47
21
32
48
50
3
40
33
20
39
26
44
16
25
31
46
40
10
23
13
48
8
30
49
33
47
27
36
3
32
34
44
17
18
7
37
1
46
3
32
19
1
29
27
17
37
15
26
1
36
26
24
4
38
27
34
16
25
35
33
1
25
38
16
34
41
10
30
1
2
33
20
16
2
19
7
4
33
23
31
3
44
44
33
43
3
35
37
44
3
20
5
37
2
41
8
1
24
23
22
50
27
49
15
12
30
48
8
40
36
43
29
1
42
28
25
39
37
48
42
36
22
14
37
32
20
17
15
6
36
49
25
43
39
18
40
46
13
38
12
37
35
12
32
44
36
16
22
11
13
15
25
34
27
4
7
12
10
42
44
25
12
49
29
17
48
10
16
3
20
29
35
48
7
22
13
41
21
49
10
44
30
47
31
11
16
31
17
42
15
18
10
8
30
13
41
31
46
36
44
23
26
7
14
1
4
50
8
44
38
12
41
32
12
42
45
16
14
42
42
2
15
41
23
41
5
49
3
48
39
41
17
45
19
36
18
50
43
16
23
50
39
39
34
42
7
39
14
16
7
31
49
15
39
18
20
28
39
14
19
37
43
16
24
41
9
28
24
28
28
39
43
24
14
14
21
23
39
19
20
39
47
26
18
28
34
5
2
38
4
50
40
29
11
27
30
23
21
38
35
44
22
24
13
48
16
22
16
19
32
35
31
21
3
39
24
40
3
43
43
43
33
21
3
40
7
25
6
17
48
37
41
2
38
8
12
19
35
37
9
45
34
35
50
22
1
21
3
47
46
16
16
15
23
38
39
31
2
44
4
4
13
17
42
12
40
27
30
34
2
49
15
29
37
22
36
25
31
36
7
25
13
18
14
36
43
19
34
11
41
17
13
26
13
30
10
35
36
32
24
28
21
40
42
37
20
32
11
46
21
50
2
15
26
29
33
48
45
2
38
48
22
12
21
30
14
21
7
29
48
11
47
37
25
44
30
19
44
38
21
48
5
35
20
31
42
41
1
16
31
47
45
2
13
44
47
4
5
12
37
32
11
36
49
30
40
5
28
4
32
29
5
18
28
16
5
11
20
12
44
29
4
18
47
37
49
25
16
37
33
32
13
12
21
19
23
46
22
35
27
20
2
5
1
20
36
7
43
11
34
7
4
10
2
45
8
22
18
8
25
31
23
1
34
11
21
42
20
22
1
37
6
10
2
30
22
48
50
17
19
11
8
37
36
48
18
12
46
31
46
18
40
10
47
46
40
14
1
16
42
31
7
28
20
35
30
20
45
4
41
20
5
2
40
22
48
27
23
14
20
16
5
35
15
48
41
27
21
2
37
42
49
44
45
48
32
16
33
36
36
15
32
50
5
42
30
18
6
40
13
32
44
5
16
43
47
1
45
33
14
10
46
4
19
13
7
42
20
23
37
29
41
44
7
21
45
38
36
8
18
32
6
35
43
30
24
14
44
23
49
45
17
46
8
21
17
31
48
11
45
6
10
3
15
43
26
6
4
14
34
35
42
18
9
3
21
27
40
15
32
13
31
46
30
21
19
41
20
1
2
19
13
4
2
41
31
21
49
15
12
43
26
30
34
15
3
18
6
46
10
13
43
32
11
21
42
22
31
21
48
31
12
13
6
31
16
18
43
22
32
45
20
43
5
5
13
5
33
37
2
45
6
34
10
38
10
34
47
16
16
32
34
13
22
5
37
40
23
25
19
6
13
19
4
11
12
32
50
32
47
46
38
23
26
31
49
37
4
18
46
9
4
30
10
12
