117444
117444
117445
117445
117445
117445
117445
117445
117446
117446
117446
117446
117446
117447
117472
117472
117472
117472
117472
117473
117473
117473
117474
117474
117474
117474
117474
117474
117475
117475
117475
117475
117475
117476
117476
117476
117476
117476
117476
117477
117477
117477
117477
117478
117478
117478
117478
117479
117479
117504
117505
117505
117505
117505
117505
117506
117506
117507
117507
117507
117507
117507
117508
117509
117509
117509
117510
117510
117511
117511
117511
117511
117511
117511
117511
117536
117536
117537
117537
117537
117537
117538
117538
117538
117538
117539
117540
117540
117541
117541
117541
117542
117542
117542
117543
117543
117543
117543
117543
117543
117568
117568
117568
117568
117568
117569
117570
117570
117570
117570
117570
117570
117570
117571
117571
117571
117571
117571
117571
117571
117572
117572
117572
117572
117572
117572
117573
117573
117573
117573
117574
117574
117574
117574
117574
117574
117575
117575
117575
117575
117575
117600
117600
117600
117600
117600
117600
117600
117601
117601
117601
117602
117602
117602
117602
117602
117602
117603
117603
117603
117603
117603
117603
117603
117604
117604
117604
117605
117606
117607
117607
117632
117632
117633
117634
117634
117634
117634
117634
117634
117634
117635
117635
117635
117635
117635
117636
117636
117636
117637
117637
117637
117637
117637
117637
117637
117638
117638
117638
117638
117638
117638
117638
117639
117639
117639
117639
117639
117639
117664
117664
117665
117665
117665
117665
117665
117665
117665
117666
117666
117666
117666
117666
117667
117667
117668
117668
117668
117669
117669
117669
117670
117670
117670
117670
117670
117670
117670
117671
117671
117696
117696
117696
117697
117697
117697
117697
117697
117698
117699
117699
117699
117699
117699
117699
117700
117701
117701
117702
117702
117703
117703
117703
117703
117703
117728
117728
117728
117729
117729
117729
117729
117729
117729
117729
117730
117730
117730
117730
117731
117731
117731
117731
117731
117731
117731
117732
117732
117732
117733
117733
117733
117733
117733
117733
117733
117734
117734
117734
117734
117734
117734
117734
117735
117735
117735
117735
117735
117760
117760
117760
117760
117760
117761
117761
117761
117761
117761
117761
117762
117762
117762
117762
117762
117762
117762
117763
117763
117763
117763
117763
117763
117763
117764
117765
117765
117765
117766
117767
117767
117767
117767
117767
117792
117792
117792
117793
117793
117794
117794
117794
117794
117794
117795
117795
117795
117795
117795
117795
117796
117796
117796
117796
117796
117797
117797
117797
117797
117797
117797
117798
117798
117798
117798
117799
117799
117799
117799
117799
117799
117824
117824
117824
117824
117824
117824
117825
117825
117825
117825
117825
117825
117825
117826
117826
117826
117826
117827
117827
117828
117828
117828
117828
117828
117828
117828
117829
117829
117830
117831
117831
117831
117831
117831
117856
117856
117856
117856
117856
117857
117857
117857
117858
117858
117858
117858
117858
117858
117858
117859
117859
117860
117860
117860
117860
117860
117860
117861
117861
117861
117861
117861
117861
117861
117862
117862
117862
117862
117862
117863
117863
117863
117863
117888
117888
117888
117889
117889
117889
117889
117889
117889
117890
117890
117890
117890
117890
117891
117891
117891
117892
117892
117892
117892
117892
117892
117893
117893
117894
117894
117895
117895
117920
117920
117920
117920
117920
117921
117921
117921
117922
117922
117922
117922
117922
117922
117922
117923
117923
117923
117924
117925
117925
117925
117926
117926
117926
117927
117952
117952
117952
117952
117952
117953
117953
117953
117953
117953
117954
117954
117954
117954
117954
117954
117954
117955
117955
117955
117956
117956
117956
117956
117956
117957
117957
117958
117959
117959
117984
117984
117984
117984
117985
117986
117986
117986
117986
117987
117987
117987
117988
117988
117988
117988
117989
117989
117989
117990
117990
117990
117991
117991
117991
118016
118016
118017
118017
118018
118019
118019
118019
118019
118019
118019
118020
118020
118020
118021
118021
118021
118021
118021
118022
118022
118022
118022
118022
118022
118023
118023
118023
118023
118023
118023
118023
118048
118048
118048
118048
118049
118049
118049
118050
118051
118051
118052
118052
118052
118053
118054
118054
118054
118054
118054
118054
118055
118055
118055
118080
118080
118081
118081
118081
118082
118082
118083
118084
118084
118085
118085
118085
118085
118085
118086
118086
118086
118086
118086
118087
118087
118112
118112
118112
118113
118114
118114
118114
118115
118115
118116
118116
118116
118117
118117
118117
118117
118117
118117
118118
118118
118118
118118
118118
118118
118118
118119
118119
118119
118119
118119
118144
118144
118144
118144
118145
118145
118145
118145
118145
118145
118145
118146
118147
118147
118147
118147
118147
118147
118147
118148
118148
118148
118148
118148
118148
118148
118149
118149
118149
118150
118151
118151
118151
118151
118151
118151
118151
118176
118176
118176
118176
118176
118176
118177
118177
118177
118177
118177
118178
118179
118179
118179
118179
118179
118179
118180
118180
118180
118181
118181
118181
118182
118182
118182
118182
118182
118182
118182
118183
118183
118183
118183
118183
118208
118208
118208
118208
118208
118208
118209
118210
118210
118210
118210
118210
118210
118211
118211
118212
118212
118212
118212
118213
118213
118214
118214
118215
118215
118215
118215
118215
118240
118240
118240
118240
118240
118241
118241
118241
118241
118241
118241
118242
118242
118243
118243
118243
118244
118244
118244
118244
118245
118245
118245
118245
118246
118246
118246
118246
118246
118246
118247
118247
118247
118247
118247
118272
118272
118272
118272
118272
118272
118272
118273
118273
118273
118273
118273
118273
118274
118275
118276
118277
118277
118278
118278
118278
118278
118278
118278
118278
118279
118279
118279
118279
118279
118304
118304
118305
118305
118305
118306
118307
118307
118308
118308
118308
118308
118308
118308
118309
118309
118309
118310
118311
118311
118311
118311
118311
118311
118311
118336
118336
118337
118337
118337
118337
118337
118338
118338
118338
118338
118339
118339
118339
118340
118340
118341
118342
118342
118342
118342
118342
118343
118368
118368
118368
118368
118369
118369
118370
118370
118370
118370
118371
118372
118372
118372
118372
118372
118372
118372
118373
118373
118373
118373
118373
118373
118374
118374
118375
118400
118401
118401
118401
118402
118403
118403
118403
118403
118403
118404
118404
118405
118405
118405
118405
118405
118406
118406
118406
118406
118406
118407
118407
118407
118407
118432
118432
118432
118432
118432
118432
118432
118433
118433
118433
118433
118434
118434
118434
118434
118434
118434
118434
118435
118435
118435
118435
118436
118436
118436
118436
118436
118437
118437
118437
118437
118437
118438
118438
118439
118439
118439
118439
118439
118439
118439
118464
118465
118466
118466
118466
118466
118466
118467
118467
118467
118467
118467
118467
118468
118468
118469
118469
118469
118469
118470
118470
118470
