8211
2679
8240
5613
4896
7259
7067
107
7323
5567
4503
6494
1965
7801
9757
8950
162
7984
9647
4305
9733
4487
6632
8563
6245
3050
8768
3077
8331
4374
4173
3804
4473
1244
4457
4857
6756
5421
6897
5706
2774
2201
4925
949
5733
9951
7848
7116
5715
9794
4544
4467
2005
539
3459
1516
3242
9519
43
1498
3891
3467
200
8062
9805
3112
1007
4011
996
9547
3859
7577
392
3781
604
549
4390
4840
6491
1993
1924
1546
8233
9578
1903
4171
8514
3787
8654
9113
3427
9558
9211
9074
1649
2154
1124
1372
9172
5447
5110
8867
8373
7502
3275
2915
2383
4424
9346
7125
6236
5742
1884
3801
7081
8637
2153
4712
5093
4169
2766
169
8192
6459
5162
4134
7453
501
3648
5413
6514
198
4397
6283
4312
7392
4718
8064
8355
3499
5725
637
2026
7309
7591
5842
3176
5823
8115
3492
8659
7634
6271
7083
947
8834
2890
3255
6974
4333
8661
5258
5550
3473
8278
5423
696
5989
3393
4011
7134
8737
8676
7537
2712
5278
7237
9132
7537
5008
2809
9561
8824
4514
2052
7519
929
1079
8811
8987
8895
9700
5489
9269
2230
5350
7266
7098
2052
3055
6815
9029
4974
2646
3295
550
8808
1646
9445
9283
7763
1674
9961
3547
4709
1272
390
1570
934
4612
5244
6133
2099
7085
3079
8048
1026
2506
6907
6321
3133
718
4722
3460
8982
1385
4141
7889
9453
7123
7
9429
2670
1171
732
6842
9533
8295
3260
5779
7596
1116
3401
8834
3070
2932
7311
2374
3925
3438
4023
1471
7168
3904
4956
613
382
9306
4272
169
7928
4951
3919
3483
8638
7650
316
4510
191
6534
5342
915
9176
4160
9399
1774
9877
6950
5162
8244
9221
308
1607
6169
1125
4762
2358
8906
5578
3123
4906
8709
8038
7455
176
6794
1669
9560
5326
6251
9740
4257
3282
3700
3809
1916
5280
4567
4646
9420
5272
8407
1068
6307
9238
9998
5463
9003
3938
5314
3991
7160
2133
7638
673
6327
4660
5944
4235
4615
8213
2070
7880
1095
1777
1479
3955
87
5490
1306
782
1660
5060
7280
4889
8558
1826
3924
9206
8831
936
385
8250
4217
392
7826
8282
9619
6067
9099
182
3103
1384
8022
8144
5367
7613
6469
4295
138
79
668
5868
2359
6365
330
4013
3752
3683
9405
7209
3651
178
9048
9890
186
5623
5105
4230
4464
3662
1125
3501
9711
3284
3488
2881
4530
6734
3215
3591
727
5688
1102
7396
6413
5146
3597
2814
8438
4309
9066
9337
5022
4719
6254
4835
1839
5588
1095
9470
3960
384
4312
3289
3910
993
4235
5511
6867
8739
9330
7446
9896
8139
2025
7491
5759
1397
3497
9427
6396
5211
1005
9169
1701
396
8865
2538
545
3226
7214
7413
5986
121
2047
5836
3396
8993
4517
4417
3168
6459
5493
8400
7584
2087
5302
8171
9576
485
491
4102
1009
8487
9783
2071
1951
7534
2528
1701
4957
9913
5199
4670
8895
6516
1944
8605
7471
1545
1721
6113
5982
4744
7364
9302
9817
7819
6436
4009
3768
8614
3534
5009
6106
8317
9599
7328
8321
4076
2188
9160
9614
5966
8609
5503
5908
9025
1388
8446
5415
5846
6989
8608
5966
7525
7854
5928
7265
6254
9036
6346
950
9347
436
441
2412
8399
4648
7463
2563
6866
4694
474
2756
3738
9896
1027
1324
6430
4507
5515
1485
1988
4235
4791
948
4375
7476
5460
873
8971
4923
5847
4017
6194
3990
4054
1145
5271
6908
1141
3310
2775
8660
2839
1610
9359
7689
4846
729
5889
6218
1770
6440
4437
8647
4899
3515
4351
990
388
790
6308
6639
9927
6025
1941
7359
1711
3904
3214
2140
642
5065
8234
3624
432
7122
2591
6852
6178
3479
5496
8766
5939
8419
7807
5667
2753
9115
3096
7474
983
9347
3492
3959
2834
6084
8578
9335
9841
5169
9385
29
2848
3539
2164
7882
7641
1200
2779
6221
165
5796
6072
3782
2385
2543
9077
9605
4019
5884
5289
7327
740
2620
6801
4775
8682
9877
814
629
3137
8803
516
7164
3168
420
6485
7764
5592
9663
3823
3261
6550
2766
1890
2018
8937
1651
5115
3718
1923
4739
4539
6573
6262
1628
8654
2210
8191
2808
5415
2557
7598
8064
2554
9266
7731
5652
8357
7257
4766
8696
7914
8662
458
4296
7461
4805
6512
3364
3522
1858
3653
260
5361
8911
9493
5778
5278
4014
6596
1080
879
4995
2078
923
9008
616
7728
7155
8668
8206
1041
1053
3776
2602
769
8162
8725
5912
1714
735
917
7519
3796
6693
6661
5263
8815
9262
3525
2523
1195
2569
7451
2293
8715
734
2517
7219
6516
1295
2014
3126
4257
357
3821
7665
608
1897
1758
1255
7069
4229
7734
6628
2122
6715
2115
5165
8236
1835
2868
6468
1310
3908
1037
9589
7147
3115
3706
2683
6014
3016
6691
6392
1251
7639
7566
7442
1590
33
8159
8219
4735
9954
2879
5073
5744
9662
4013
1800
7145
3919
3011
4334
4653
4145
6238
8182
8651
3763
344
9630
195
9972
7023
3344
9294
9094
3271
8535
5391
2186
1127
9102
4737
9239
4555
2566
2430
1167
723
730
4560
1450
9943
6335
815
8615
3861
7060
9060
9318
6189
2383
774
6196
2524
1356
1526
7521
8770
31
912
7509
9510
6106
8167
7274
9521
4078
8784
9857
101
9121
9235
6919
5901
3007
9374
5034
3595
6712
3934
5134
268
1941
1461
9128
8685
8195
5683
995
258
3474
9239
412
9842
834
3176
5574
475
5467
1930
6947
2946
204
4381
7044
9946
6425
2168
5606
4536
9977
1270
9839
2534
1278
8952
2249
2763
4595
1290
6957
7106
883
4199
5984
666
1173
1607
4595
8697
5007
8462
200
5258
556
6538
968
7581
9345
5371
9393
6584
1224
504
1262
7468
785
5773
9118
4235
6420
6478
2041
9499
3689
4878
4400
5654
4886
9717
8852
1419
9471
7162
6740
8543
273
2002
5680
9556
4421
6455
5171
2658
7943
5310
7431
9001
5543
656
9167
