24
40
24
34
35
49
2
4
17
16
15
38
33
6
29
35
7
28
8
25
41
19
26
13
36
46
13
3
14
25
15
18
19
24
2
4
39
45
46
43
5
28
8
20
48
3
37
24
8
21
9
8
10
23
6
12
11
3
1
27
4
9
2
41
37
23
27
42
11
25
49
43
36
44
11
12
41
35
32
25
8
37
50
45
35
26
20
45
37
2
26
25
45
2
17
23
18
16
3
32
39
14
6
39
50
45
44
23
13
17
45
20
8
26
35
12
21
33
50
45
33
16
19
40
24
39
43
13
1
35
12
36
19
34
35
19
16
4
17
30
8
26
21
24
11
40
33
39
47
17
38
42
39
17
45
39
17
16
30
13
42
28
46
44
36
47
29
23
13
25
43
46
15
15
37
40
19
16
39
22
13
34
24
34
23
26
27
45
30
44
11
11
2
11
35
49
3
40
29
13
44
9
50
44
24
2
8
16
7
32
45
43
10
50
36
5
27
9
48
4
8
49
2
2
21
25
31
14
20
46
8
20
16
47
20
19
28
35
22
8
37
32
13
41
45
49
48
18
45
20
23
21
4
32
15
20
27
3
40
50
38
44
7
4
1
41
26
30
40
40
4
9
1
3
19
15
14
14
27
10
2
34
19
4
23
4
24
4
21
43
9
21
23
23
13
37
42
8
13
46
13
11
40
38
35
10
11
10
28
38
26
40
3
23
15
37
2
48
46
39
48
29
10
32
20
35
17
30
2
38
11
3
45
37
20
42
38
3
41
19
19
40
34
3
34
36
23
9
12
9
29
50
19
3
14
23
19
25
38
37
22
41
14
42
37
9
38
45
2
22
5
9
33
1
23
25
43
2
41
41
44
31
34
35
27
50
40
4
12
14
48
6
50
3
44
32
37
7
18
23
12
44
30
22
44
19
42
11
14
15
27
33
19
35
12
22
33
29
44
50
39
9
23
14
16
45
40
46
15
5
9
9
42
23
43
7
17
10
30
12
24
38
4
38
20
33
22
46
46
7
35
32
35
38
24
28
34
7
50
25
18
6
21
35
16
36
44
35
2
27
10
25
25
49
16
6
1
15
41
29
35
7
13
38
35
30
44
45
32
34
2
5
31
16
27
32
39
4
19
34
20
18
4
37
2
30
9
33
8
49
23
5
34
15
9
7
23
43
41
6
46
20
17
30
44
32
35
46
6
13
43
4
13
15
38
43
6
1
35
41
15
11
18
36
18
31
8
20
30
38
29
27
33
10
39
45
18
6
35
8
25
9
44
14
19
18
12
22
38
24
25
26
48
3
7
8
7
50
14
9
34
45
6
4
48
33
14
27
43
46
28
21
23
3
39
15
49
21
37
30
17
30
32
11
36
5
46
41
29
16
38
12
47
29
4
15
23
13
16
24
1
24
46
29
29
43
50
26
40
34
41
22
39
14
30
36
11
48
49
18
46
10
9
47
20
45
6
23
25
22
35
28
10
24
33
26
10
15
39
19
10
19
19
42
36
24
8
34
29
33
3
20
40
42
2
37
7
11
3
29
28
24
14
28
44
32
36
36
8
17
14
17
9
45
47
41
38
44
5
16
7
38
11
15
17
28
16
7
25
33
32
10
29
32
15
14
1
31
34
2
24
44
15
2
29
28
23
21
36
12
26
31
18
34
25
26
26
50
20
25
8
24
23
12
50
19
10
7
23
33
41
20
6
31
5
2
13
48
34
3
5
11
15
3
39
30
27
11
33
19
16
30
34
5
16
34
23
42
23
35
30
30
2
29
38
12
17
15
32
48
6
26
28
21
36
46
26
5
44
39
20
13
33
20
5
22
34
41
37
37
20
27
3
38
44
40
33
19
39
12
37
43
30
50
2
49
20
12
4
6
35
31
40
17
44
4
43
24
20
16
32
9
29
43
47
8
33
4
26
29
21
7
35
12
17
48
12
8
48
19
24
26
2
3
14
31
27
5
4
37
31
28
12
23
13
36
29
12
31
48
17
15
38
42
34
12
18
36
45
24
39
48
47
46
14
34
22
30
11
35
41
8
46
7
1
36
20
25
43
8
29
48
32
30
41
8
20
45
13
46
31
4
8
8
1
19
3
16
4
19
5
16
28
50
5
30
34
38
11
41
46
39
20
22
49
10
14
39
6
24
34
15
49
11
37
28
23
26
18
43
16
21
23
24
42
25
31
20
25
38
38
22
16
32
29
23
28
7
1
27
11
8
31
32
30
42
1
25
40
41
6
47
30
32
31
5
46
8
15
33
