3
39
1
40
27
3
37
3
35
30
18
18
9
25
23
13
44
49
37
36
28
12
46
6
30
26
23
23
43
46
11
20
2
22
3
41
15
2
22
47
31
49
42
35
1
44
32
26
26
40
18
1
37
32
13
13
31
22
21
26
38
48
3
29
2
29
45
19
26
36
48
49
45
25
37
47
38
5
5
46
2
39
44
21
46
45
32
19
26
12
24
16
37
39
25
29
30
32
11
48
48
20
21
13
32
47
26
35
37
49
24
4
48
5
11
46
46
47
1
9
20
36
46
43
46
18
26
9
12
24
29
29
20
6
50
49
25
31
43
39
1
4
20
24
46
33
50
46
11
20
32
35
25
41
4
40
38
33
30
7
43
19
21
20
46
14
46
35
39
42
36
30
43
40
14
40
35
23
30
12
50
33
2
37
23
20
7
42
30
26
20
2
27
39
44
30
19
22
38
12
17
46
25
33
15
29
35
17
15
45
19
12
42
34
44
22
1
1
4
22
41
32
10
33
46
13
26
8
34
11
18
16
41
41
2
31
36
2
5
31
38
36
6
42
36
10
50
50
50
41
43
13
28
41
2
26
15
20
1
36
5
20
6
16
26
37
34
1
13
36
21
6
18
17
36
34
2
28
34
31
44
9
50
50
24
14
42
42
9
28
31
25
27
23
16
16
42
38
8
25
46
5
45
4
14
8
43
25
44
48
25
7
3
44
25
23
12
8
21
26
30
22
42
16
33
36
4
42
14
47
41
6
50
37
50
2
49
39
19
13
40
15
43
8
6
43
39
46
36
26
23
38
8
34
38
43
17
7
46
20
5
2
30
34
21
12
5
10
11
42
11
30
35
3
32
35
28
12
25
35
15
22
39
22
28
16
13
42
30
35
19
34
12
5
38
18
23
19
11
7
2
8
20
34
50
38
44
50
35
44
46
49
38
46
22
19
11
26
15
6
11
11
21
26
17
6
39
17
49
26
31
46
17
1
4
6
24
23
3
12
7
38
10
42
29
36
32
15
21
23
10
6
28
8
19
1
45
9
43
46
3
1
40
48
8
20
15
40
14
13
46
8
22
46
42
2
37
34
32
39
29
17
21
44
8
35
5
18
1
38
6
49
26
31
20
3
1
29
34
4
44
36
33
48
32
22
23
49
21
42
26
36
42
50
9
28
16
45
4
36
49
8
50
31
31
14
17
8
47
26
42
3
24
50
23
8
39
12
20
5
30
9
36
24
1
32
37
17
26
1
43
44
44
26
33
47
17
4
49
31
38
14
8
15
20
2
42
37
26
12
22
9
15
24
25
26
14
42
8
7
45
38
28
15
10
30
38
41
50
8
26
28
11
20
33
14
50
44
7
27
42
23
24
49
12
12
17
39
7
3
31
31
42
16
6
35
50
27
10
24
21
29
5
10
4
49
15
7
46
17
31
23
48
8
1
31
28
37
17
16
47
3
32
23
9
23
43
22
25
34
48
42
20
35
42
4
35
29
22
49
50
6
3
46
22
6
33
29
2
41
3
29
29
19
38
43
32
8
39
25
21
16
15
32
5
14
31
13
12
10
26
48
15
6
28
3
28
29
48
50
17
41
39
47
17
50
10
27
12
4
50
11
23
32
5
46
16
8
3
26
5
15
12
39
20
19
9
2
47
30
42
36
42
23
17
33
36
48
1
37
40
44
5
31
34
49
45
11
39
1
13
4
15
31
18
34
25
26
42
30
29
4
49
8
12
23
37
17
33
31
10
1
29
12
30
3
1
7
7
2
22
4
24
19
5
35
39
9
23
13
23
27
26
13
31
30
35
28
16
37
10
12
26
36
34
6
23
43
49
48
45
12
35
49
39
15
29
50
37
6
21
38
11
23
23
47
18
31
30
28
10
36
4
35
8
28
12
8
20
16
19
31
48
1
45
43
2
49
47
15
1
24
21
15
15
36
34
17
10
11
13
9
27
42
12
13
17
38
11
8
21
9
1
29
39
23
21
48
2
22
16
45
20
42
32
20
44
44
9
49
27
18
15
7
39
30
15
12
41
38
19
9
40
8
33
33
45
38
23
45
10
43
37
2
36
27
20
18
25
46
47
12
2
32
24
29
28
47
30
13
26
23
13
50
44
40
35
3
39
16
38
10
25
1
17
32
27
45
5
22
48
46
40
14
34
33
1
12
5
14
24
35
40
20
8
20
12
42
37
18
21
2
7
14
40
3
5
35
27
4
16
43
50
30
1
14
47
43
26
30
10
15
25
5
2
25
46
19
23
11
