11541.42
29792.86
53187.12
7526.19
3721.92
1687.78
67411.04
64553.09
24699.87
31283.50
36123.06
23307.44
12806.75
5546.82
3791.98
59929.27
18107.72
71171.49
56584.85
57340.80
39943.68
48681.30
21286.72
33846.60
45973.25
9901.57
50532.99
46459.64
39963.60
70958.80
6979.36
8857.60
48651.30
14073.07
54617.35
35137.00
10805.34
34211.50
48039.48
69841.34
3505.68
42138.46
10595.43
33948.00
84453.36
32034.88
51222.08
23894.26
35721.14
6450.80
16439.64
42299.51
24231.35
2028.22
22176.24
34323.20
51161.20
56634.21
4817.10
31618.16
57552.06
4268.64
33762.63
36075.78
60670.01
47511.24
32479.44
46890.91
41398.02
22504.00
29031.25
28621.50
33722.34
47570.22
35548.24
19301.20
43621.00
79701.66
30543.30
3363.63
27518.40
20107.01
8910.72
3715.88
35204.26
81580.50
56640.27
11848.87
68040.00
20767.78
49696.36
18213.25
45687.02
44484.30
56471.76
15343.51
25584.51
55659.20
43918.08
31483.65
69163.50
21074.80
41744.14
37399.20
2820.09
40373.66
21208.86
7994.58
27028.80
50478.56
25828.25
3669.86
12090.96
30164.86
11147.84
21666.96
30740.40
56380.00
45066.79
84914.10
32739.28
8481.00
40218.48
11883.69
41769.00
59472.14
31227.81
22702.84
29375.92
27369.20
27021.68
45287.85
22325.52
20560.47
55069.08
17058.45
17268.60
64439.37
27869.28
1230.32
51848.52
38204.89
81490.01
22824.51
38390.50
46705.14
45923.00
35137.80
19784.88
47504.49
30426.76
65869.20
22032.00
14515.50
23776.83
7280.91
13365.56
27238.65
11779.46
3081.36
20507.10
15360.52
18726.89
44448.00
45105.32
23255.30
29479.68
78622.74
6598.96
34488.52
51944.40
32528.54
64328.04
74013.30
58313.00
47290.80
83807.86
21043.23
2342.52
39693.86
29328.97
34145.82
3988.26
3864.20
90696.06
32833.65
48852.80
39914.88
77242.77
45829.00
29663.04
33375.00
42255.50
69116.98
26932.69
2704.88
17438.59
2786.98
49288.32
50839.25
19461.40
18940.80
32803.84
30628.35
27340.80
42508.20
60694.50
37012.32
1468.56
21532.80
55661.16
20055.78
8107.75
45844.88
2804.98
13935.00
23125.00
22596.32
37914.60
36585.64
40994.10
20847.44
51898.35
49508.55
47845.98
1376.47
22284.15
18221.95
30288.86
22224.00
51093.76
25117.56
43096.62
27805.00
6713.35
45665.43
35858.40
15694.77
14491.82
9434.16
39509.86
5174.43
66994.59
54838.96
19921.80
23048.48
58003.42
10289.07
38698.47
25603.00
90445.00
43517.25
13066.30
65040.45
18373.60
29671.40
41762.88
16150.42
27480.30
26190.93
84664.80
71369.25
21893.25
53807.62
33064.56
41318.50
40698.72
68547.82
13094.16
47566.12
56820.83
19410.72
33215.56
87115.63
43671.56
29624.13
42519.75
4364.72
27837.70
1405.49
74780.31
21062.56
64905.66
85972.16
49264.91
67711.60
18415.98
80409.15
28191.51
1158.25
5303.55
61516.80
39166.25
82618.48
32985.25
64745.00
59891.70
63571.62
11660.40
22923.48
28596.32
58542.40
33056.64
1383.48
56460.96
27260.80
32733.58
60447.36
38628.70
75797.37
36039.24
10042.72
26620.80
81091.56
6071.50
66310.20
35779.72
26923.35
56131.16
35892.48
34180.08
33356.72
48436.80
3908.28
2164.36
78478.72
5712.24
22740.30
31921.56
31933.88
58202.10
57402.80
27348.16
46769.60
1235.33
69702.99
12893.60
54952.80
81130.05
62614.12
84148.20
51296.94
32464.50
9011.66
22923.48
53481.60
23440.41
9261.84
10581.50
67107.95
48056.36
50454.18
41161.89
20884.00
43584.00
57758.86
12022.90
71092.20
24914.35
36566.64
63062.08
64925.25
31326.06
22175.16
48868.20
4020.36
8897.68
10186.74
27356.80
31057.64
18115.68
26548.20
58525.92
9592.14
61244.40
64652.25
42126.63
71675.60
79842.66
69145.92
48900.89
57425.55
83888.00
20795.97
4853.20
17218.72
17805.81
54296.75
59030.40
29181.50
67021.95
16865.53
38808.51
49380.91
37078.80
12445.12
44615.38
8817.36
9158.73
20123.85
57664.23
47116.59
45169.35
6757.20
18235.32
61559.75
57179.70
9327.84
60479.50
25887.30
20548.66
43112.25
19355.70
20587.05
44222.12
36543.60
62919.83
48801.48
6264.84
53472.60
39767.00
5205.60
57744.72
972.07
76955.77
26190.93
4496.88
11622.60
41970.63
44328.00
64307.60
51862.72
37125.06
63992.04
82242.48
81866.01
21078.56
45949.95
35871.43
2800.98
15827.34
69362.98
29796.20
57084.06
20236.32
89205.06
71756.68
24953.88
11937.78
12740.64
32027.04
21342.49
18686.34
79013.25
24455.76
50803.36
22816.08
54697.11
22560.30
65237.64
72166.05
4496.84
55039.63
70732.97
44928.40
14139.18
41228.22
3069.26
905.00
56732.72
37805.04
54155.28
70273.71
9971.57
23893.56
38613.12
42969.64
25120.14
13190.28
88970.53
71769.60
34056.45
30921.28
12185.81
71329.44
64747.90
9820.62
57404.48
58942.40
19551.42
47218.68
4036.32
72441.26
62634.88
34350.10
16273.76
44390.58
8874.72
47794.56
47397.84
40236.24
48891.81
42249.16
68786.85
36774.68
30715.35
4348.62
13508.69
43735.73
75627.20
12928.68
6422.76
23715.76
25184.46
5342.61
4260.64
55373.46
57532.48
81275.56
31533.40
46486.16
11613.42
37776.69
2720.90
56059.15
52030.30
18759.60
78384.81
3641.82
25086.46
47210.40
47211.30
21064.26
57740.90
63526.88
38400.88
40799.46
78808.19
72066.36
55588.50
19404.42
37351.38
37448.07
17222.87
49752.36
18565.58
9640.20
30380.94
36536.50
61966.49
50761.20
24836.25
26263.58
35876.94
75196.38
58436.98
1445.53
30734.76
36725.64
1359.45
20518.47
4678.95
30830.40
21919.24
50082.12
28916.80
60049.07
23587.16
18665.10
15019.95
26434.89
911.00
44431.36
3731.92
12038.26
23623.38
3946.20
1497.59
25557.00
77954.70
71861.44
31383.22
16542.18
56778.72
43876.80
22089.63
28170.00
24071.96
56169.21
13905.30
50724.90
52724.24
30817.60
21359.99
43816.50
1522.61
6607.20
71643.60
27478.80
15883.74
65695.16
2598.78
11520.18
9966.00
41969.25
12991.58
67188.67
75275.20
60090.03
32185.02
46673.60
11219.92
48264.15
46040.21
40813.20
76671.00
74921.12
82674.68
34092.10
34538.92
9530.15
31759.00
74418.30
24377.76
5886.35
32374.00
28235.88
55331.78
27551.70
52279.36
59069.79
32678.10
61410.75
36663.20
33251.40
32435.10
34336.68
42701.57
13890.30
55658.77
3439.62
10631.50
6111.55
60251.96
44037.16
5233.60
43529.92
23096.36
20694.24
65961.54
4524.88
30469.04
17841.57
48503.00
36798.60
12441.65
34226.40
55655.04
50279.13
43534.40
1177.27
40018.68
12663.64
46925.06
67368.00
16784.64
29937.73
59688.90
16587.50
11762.70
32044.10
48411.87
4399.68
63367.50
74037.83
30793.49
29623.14
55204.80
15148.20
17799.04
28812.42
44168.19
63067.50
59255.70
25690.08
21850.01
31233.92
80199.77
45233.30
67225.67
59829.84
64004.16
3315.57
37479.60
12604.41
14006.96
70928.97
44327.97
25928.00
1587.67
28217.88
39213.24
56067.27
14385.30
24636.68
35947.62
33278.28
25548.88
49844.80
64220.20
63235.20
66247.09
50289.58
2829.09
5754.12
45529.20
24913.14
50832.36
28198.80
59606.64
55827.90
35719.75
17063.91
32369.80
51574.40
61434.60
29652.35
42069.50
55210.68
24101.35
31678.29
57810.90
23214.60
59247.84
48473.07
27007.56
22734.92
19301.00
15386.30
82357.73
72985.00
25717.02
78803.04
43439.76
5931.40
7456.16
11485.54
23298.84
63277.08
33836.14
30940.79
52536.40
63326.62
40721.46
8218.65
45723.20
35787.62
45520.64
56261.16
70676.62
42746.20
39658.56
1533.63
58076.80
45407.88
51535.20
28787.36
21078.56
74296.26
4100.44
66502.56
20834.97
60765.50
16277.28
33748.40
53916.33
7463.12
62666.67
33409.20
53846.70
33010.74
77521.40
79283.25
21457.80
43198.19
40943.25
31522.56
42205.60
6481.95
38345.28
48132.00
56508.10
34901.48
14388.21
58874.40
22560.30
8878.52
4004.36
70730.98
6762.42
42210.95
64628.64
46098.90
42080.15
81265.36
34413.33
32441.50
57179.70
90303.57
25613.50
50076.18
30918.64
1367.46
37544.32
27194.73
11999.26
11640.51
24021.34
6254.64
45914.47
2881.06
43165.64
23651.00
31142.64
39784.29
14920.95
73006.44
58030.76
11849.46
50476.37
45890.40
33705.54
16009.83
62051.64
36413.75
70087.92
29759.20
7519.12
49780.48
50966.37
3029.20
14185.10
41543.08
48421.80
70151.73
39642.60
25697.20
77266.27
13651.82
16361.19
2520.72
31603.44
41799.80
45049.50
18845.25
35163.70
13964.76
44116.80
47324.25
22744.60
44111.16
8293.75
55432.41
34980.96
16289.76
17729.04
58923.00
12923.80
74511.26
57630.80
74880.54
9478.35
19117.28
31339.22
31358.75
20665.84
18664.58
19911.06
44363.52
28290.20
43630.40
16998.30
7944.64
20122.00
32222.58
20618.42
52247.04
55122.04
15514.80
32544.09
39917.34
2440.62
49654.00
34938.96
14310.60
63517.50
29081.25
37217.73
12883.86
21082.20
27443.16
66711.05
23484.99
48882.06
24806.25
55729.74
58456.35
58133.20
19663.93
18056.72
40328.40
5850.20
80689.60
25833.37
6913.44
1930.12
40707.03
41779.92
12277.44
71825.44
6076.50
69961.92
49051.52
29989.77
31072.80
15812.25
7587.96
60164.50
37040.85
27505.00
60183.60
63922.95
62616.60
50521.32
32993.96
40114.29
48429.48
62114.79
39947.86
58968.00
27883.64
28446.48
50193.78
45004.05
46823.14
7778.40
27351.07
12044.80
33100.74
1835.92
51935.52
41611.68
11748.48
40160.38
8775.54
10018.72
1235.32
38541.65
46616.31
40458.48
28154.55
18535.68
56071.84
24301.50
14144.94
2252.42
16121.16
6301.75
37299.69
37921.60
55029.34
73112.40
72746.54
65728.60
14086.80
45128.80
36114.86
41625.76
48978.02
48659.46
89343.50
2943.14
36702.60
13187.79
15150.38
54496.48
49333.24
62021.16
27141.88
8766.63
4316.68
31237.64
28578.94
41249.34
79022.30
27746.16
46562.16
38082.25
17462.76
61469.10
