156
122
315
427
469
265
367
193
90
23
19
422
179
65
479
197
14
63
478
424
265
67
367
155
37
210
182
282
94
332
87
186
120
292
19
221
196
71
250
408
238
73
16
229
294
95
334
296
16
400
145
45
344
386
57
248
153
156
489
259
286
311
346
142
361
400
438
471
294
36
369
175
121
421
22
406
38
116
57
312
144
327
28
394
312
277
422
133
111
304
96
450
438
158
437
4
260
487
402
93
215
259
100
224
56
484
314
463
316
133
291
265
423
395
470
183
303
175
391
176
453
225
168
266
162
465
497
2
349
303
126
426
334
215
18
118
404
347
37
44
317
102
479
276
390
162
316
325
198
126
388
313
258
66
198
19
295
391
487
470
384
169
354
356
247
100
378
200
386
224
302
48
374
285
215
216
473
288
141
56
491
75
441
116
329
450
106
319
218
243
83
269
370
270
242
391
454
230
128
120
123
406
45
205
119
187
496
343
345
452
121
490
66
436
249
263
97
342
254
213
120
330
3
197
65
124
321
207
486
426
79
113
120
406
217
307
445
108
152
225
137
383
469
426
223
340
89
106
404
102
349
35
31
325
429
8
65
122
268
275
449
485
437
219
35
500
197
393
395
150
466
338
114
283
295
176
45
385
407
101
189
120
334
394
57
234
479
407
166
324
77
404
391
69
149
253
473
238
104
173
225
113
418
115
335
96
60
438
415
448
134
266
198
168
328
473
86
350
464
67
256
161
16
442
89
370
347
114
5
251
373
106
5
480
128
371
385
475
294
396
351
121
279
32
119
154
315
2
392
148
184
11
496
228
26
179
353
265
240
25
484
193
430
440
496
228
36
369
372
397
483
45
57
469
400
45
268
116
463
394
324
420
257
466
431
145
456
380
422
25
362
42
431
451
355
423
488
186
236
496
185
83
139
47
92
404
346
455
15
157
264
200
130
123
435
2
295
193
313
3
158
310
498
198
334
222
180
236
75
185
225
17
267
63
197
256
254
133
273
116
424
454
129
82
492
330
108
248
406
127
121
417
343
427
462
36
440
169
138
486
292
273
30
257
287
186
428
10
380
329
236
490
476
199
287
146
10
231
304
256
268
180
333
441
305
209
74
188
476
118
193
171
72
31
434
58
378
462
95
432
118
405
193
201
382
234
182
70
195
237
313
358
450
162
455
90
417
42
294
290
148
477
391
305
115
332
56
264
230
62
385
236
146
415
404
190
434
377
482
126
324
275
333
357
82
44
313
222
344
495
255
470
309
103
293
333
107
287
65
290
460
46
119
176
2
34
78
50
352
165
365
156
440
307
381
323
112
167
331
385
220
36
308
464
54
342
290
448
98
480
336
458
141
180
232
79
230
328
247
354
403
101
483
196
479
246
48
132
290
232
302
199
229
293
23
414
397
143
263
428
373
74
121
178
265
93
194
488
333
390
339
442
406
234
224
320
109
263
376
148
467
459
407
78
359
66
267
288
215
284
265
281
97
330
87
75
344
318
194
242
177
175
78
391
249
153
209
473
203
205
345
170
405
220
290
332
321
75
168
425
200
205
165
165
467
346
114
98
412
250
349
365
112
374
75
186
249
346
353
386
412
292
271
99
165
240
155
315
352
28
462
425
323
151
171
173
161
288
430
80
287
87
395
302
269
255
89
385
369
321
23
55
465
187
61
349
424
423
479
406
25
481
289
276
89
407
172
32
239
63
77
75
315
349
479
48
429
97
130
239
128
12
228
291
444
131
400
183
266
341
411
317
314
374
260
177
260
337
365
316
199
277
296
93
45
98
249
299
315
163
346
125
262
494
23
285
473
1
86
7
68
401
301
484
255
213
457
61
19
43
371
238
134
448
402
401
474
219
240
263
357
92
353
40
424
69
232
201
386
103
482
13
82
198
208
129
316
66
210
153
72
411
412
47
406
190
405
338
255
335
350
246
76
47
217
255
456
415
73
275
43
417
326
221
404
116
11
499
304
41
424
462
441
287
320
331
435
303
366
47
93
342
84
436
342
273
59
335
280
232
365
452
289
224
274
338
148
349
163
362
39
493
379
32
232
306
316
368
299
269
170
333
185
332
123
88
321
192
164
484
226
322
60
68
361
147
75
450
337
163
192
118
277
73
58
435
443
40
406
450
407
325
104
425
205
487
169
380
54
198
467
444
363
463
475
202
419
74
14
313
242
323
215
210
294
236
402
16
155
145
340
197
420
179
492
464
113
109
297
295
234
370
335
28
153
371
327
386
165
256
357
277
122
51
496
288
97
154
475
347
