440
32
93
29
360
105
459
99
153
416
108
203
383
189
186
185
402
60
367
163
361
462
268
61
354
408
29
208
74
261
384
294
274
298
110
93
99
475
462
303
85
5
248
186
57
372
86
390
485
94
180
161
320
433
225
392
90
350
318
391
84
278
92
11
60
93
297
300
346
467
374
100
33
235
21
385
284
177
126
249
61
295
466
435
62
238
494
329
38
167
497
169
288
483
283
349
301
227
160
436
415
272
96
83
324
121
189
322
480
213
131
446
209
182
160
418
223
186
296
339
53
270
500
341
431
434
222
80
358
111
244
15
242
301
104
403
337
352
290
101
197
280
52
137
20
333
88
129
499
272
103
451
251
359
369
478
64
13
99
280
334
62
271
355
315
479
114
193
177
290
132
191
160
385
204
171
144
85
435
104
94
445
115
472
433
71
175
159
285
88
31
174
207
418
385
197
236
361
311
245
351
248
281
476
141
252
35
234
218
308
29
86
44
58
298
250
349
419
136
96
273
371
247
209
309
202
460
391
100
17
452
204
88
68
132
39
8
247
150
402
223
435
318
355
240
87
311
276
387
408
104
462
63
327
52
214
33
201
260
236
355
193
317
308
70
65
5
303
289
254
488
484
431
358
480
34
337
483
480
321
34
52
247
190
209
172
493
249
67
65
392
112
334
237
421
484
207
350
205
281
274
416
496
338
94
319
22
31
128
65
489
459
213
370
249
230
112
409
221
25
241
303
424
37
28
372
262
308
125
392
134
415
267
360
218
154
53
36
168
277
285
490
132
251
425
86
218
391
317
289
115
301
107
48
327
187
101
263
272
235
285
453
262
469
280
275
85
43
263
64
453
399
100
15
281
275
227
94
83
417
107
222
339
37
171
140
429
406
200
382
445
155
125
457
464
259
225
244
281
206
175
126
442
451
79
100
227
403
320
418
41
364
428
469
68
300
360
241
349
127
183
145
207
9
321
316
18
441
94
375
43
159
469
427
245
500
454
485
132
416
451
136
220
472
471
21
449
73
337
499
185
487
111
188
454
236
322
206
398
414
252
281
6
181
480
409
309
133
248
403
38
394
14
398
408
230
167
192
478
276
497
164
469
182
28
56
409
32
195
391
157
385
110
65
330
126
331
18
152
285
198
305
483
126
237
364
130
235
85
201
89
428
216
332
306
270
216
298
198
132
144
366
158
301
457
213
57
421
152
260
192
238
9
264
435
229
322
338
297
3
252
295
268
260
396
499
41
242
459
268
441
244
196
64
483
399
85
482
95
207
399
93
405
258
173
11
170
189
19
394
3
354
445
336
276
484
409
266
497
102
97
122
31
425
139
216
459
168
262
19
324
12
75
388
397
465
12
13
427
219
290
320
70
323
354
51
310
29
393
419
148
494
438
249
490
327
2
222
274
141
270
269
15
57
68
240
63
380
459
63
301
435
124
44
5
256
424
281
406
372
429
500
237
254
466
182
220
6
354
56
278
364
6
265
274
382
371
168
425
140
419
426
45
362
406
160
398
37
298
236
216
382
236
127
215
423
466
390
209
27
286
228
401
464
322
391
101
418
150
30
122
13
185
199
369
453
372
304
432
350
323
471
191
36
212
382
198
463
437
138
380
402
78
52
87
154
73
158
410
226
384
205
446
446
142
188
115
431
177
74
86
383
315
237
359
247
263
408
151
49
384
406
346
40
340
364
392
181
161
81
17
333
274
342
164
240
65
125
223
110
103
182
149
152
321
175
55
279
377
48
402
482
274
231
299
356
262
289
7
179
56
316
461
160
409
411
73
439
486
440
324
25
262
49
150
268
69
243
27
54
306
274
482
382
313
442
408
494
258
256
242
23
75
451
447
191
408
10
69
242
496
90
494
191
376
211
278
494
99
257
338
340
499
212
347
16
246
479
212
204
194
384
441
56
203
380
409
355
131
304
130
242
442
374
81
340
335
48
321
68
400
233
477
199
113
221
95
435
109
500
38
424
112
172
191
107
111
451
21
190
206
316
433
272
85
249
91
336
441
106
74
457
286
3
111
427
350
195
97
470
488
23
86
85
82
242
476
63
469
63
106
454
426
362
385
73
140
58
78
135
102
27
91
425
296
108
96
27
186
423
221
299
144
226
359
154
421
333
190
499
372
339
9
171
333
251
68
425
51
469
361
149
489
364
115
433
81
293
287
239
132
192
232
233
365
40
369
406
278
82
460
397
484
239
443
283
456
85
238
103
447
71
377
265
246
496
154
264
123
465
66
167
235
82
18
183
340
224
63
113
