38
15
3
4
28
42
22
35
28
16
31
42
43
28
44
27
3
3
29
39
19
19
26
9
23
50
26
10
47
42
15
8
25
2
50
6
48
27
42
19
18
36
37
11
35
28
32
14
46
46
46
23
7
6
49
20
8
24
19
49
46
50
44
17
36
14
9
27
10
16
24
2
19
32
33
6
25
2
41
14
41
34
47
44
6
17
45
7
12
45
43
15
48
46
22
18
14
29
23
44
32
35
49
41
48
15
43
23
42
21
43
49
7
25
41
22
34
35
21
22
10
38
22
22
40
37
38
26
1
49
16
34
14
36
22
8
11
12
35
18
20
39
6
25
27
1
43
45
32
47
8
36
33
26
42
27
23
44
8
23
43
19
48
43
8
7
45
3
17
18
44
31
24
35
13
50
30
45
48
33
42
47
3
40
21
14
28
1
41
50
50
5
22
33
10
44
36
49
41
41
13
6
17
46
20
2
1
50
11
24
7
19
38
38
12
48
33
23
43
18
31
7
37
5
15
16
11
11
35
31
32
45
3
8
26
8
9
28
19
42
44
31
6
13
25
48
47
19
35
29
33
17
4
3
29
2
7
35
48
36
11
33
25
18
4
16
15
5
50
10
40
24
6
32
13
1
2
36
20
19
41
43
48
16
27
43
36
43
34
34
8
30
19
25
24
34
47
36
23
41
14
1
12
49
32
18
32
19
31
9
35
45
25
42
10
48
36
26
5
24
49
45
31
24
10
47
30
42
43
4
12
48
33
7
17
23
21
18
15
50
4
46
13
50
10
25
50
43
42
27
6
27
30
2
48
5
3
50
42
23
8
23
32
28
16
16
36
6
42
5
49
27
12
17
47
11
9
6
25
46
24
40
20
28
47
32
41
45
9
4
10
38
1
38
36
17
45
18
16
40
15
16
47
31
14
10
4
42
4
32
30
16
29
49
3
25
2
3
26
46
3
13
6
46
28
20
26
35
32
3
8
4
48
39
35
30
23
44
29
48
16
1
34
29
29
18
16
8
16
30
17
43
18
14
23
2
13
24
6
25
9
47
49
9
41
8
31
30
48
42
50
10
9
10
15
7
24
3
30
41
7
2
10
17
22
12
15
38
16
17
47
47
11
17
44
5
44
9
14
27
19
11
43
44
10
50
15
2
4
9
2
23
12
41
21
31
50
40
27
45
8
13
39
23
8
42
37
11
27
47
25
49
18
39
6
8
1
27
12
17
10
16
43
49
16
18
15
21
39
18
9
25
42
48
1
46
25
1
8
20
6
10
34
20
47
28
24
20
24
31
34
50
45
5
30
8
3
24
29
35
15
16
45
6
17
27
41
35
14
31
48
42
25
1
8
1
45
29
1
15
23
4
39
12
46
32
10
46
31
49
17
47
4
6
47
18
27
19
15
29
21
27
34
9
32
1
33
44
50
6
46
6
26
45
2
22
32
26
28
10
34
42
18
40
26
14
23
37
32
45
26
35
45
18
44
48
48
10
10
14
35
45
13
38
3
14
39
50
47
18
50
39
11
1
28
7
49
16
20
27
2
49
43
24
15
44
5
23
48
7
20
18
36
50
10
25
33
30
30
29
11
42
40
27
50
39
49
10
35
50
13
37
35
2
50
35
3
16
13
46
1
8
22
35
6
24
8
2
2
15
3
3
46
26
45
38
35
5
7
16
13
31
50
17
4
14
45
39
2
37
17
21
7
39
37
9
17
6
4
40
8
5
35
46
17
7
39
28
9
39
24
41
3
43
4
22
4
26
8
5
29
24
18
14
16
13
42
23
31
22
28
41
46
13
23
14
44
31
10
38
5
14
4
39
16
1
40
45
16
13
50
44
50
37
31
46
42
26
30
6
48
8
35
36
25
43
24
47
30
14
2
4
45
22
30
17
44
36
35
22
43
8
48
33
30
30
8
20
44
33
19
14
40
6
44
26
5
9
18
19
36
18
25
29
20
19
12
42
7
37
28
47
5
45
21
19
48
39
23
37
44
41
39
12
21
31
24
22
6
19
45
28
48
43
43
19
47
17
4
4
15
47
34
29
34
29
45
30
17
11
27
27
40
16
31
38
36
13
23
36
33
28
36
28
37
32
46
50
49
6
13
8
45
28
39
21
44
42
35
34
29
41
23
12
24
39
43
19
18
7
15
39
42
4
22
33
13
23
49
3
44
30
18
12
31
42
46
18
23
17
26
5
10
4
10
50
2
21
28
38
11
21
47
33
48
27
39
40
11
30
8
41
23
43
40
41
21
10
17
41
