46
8
21
22
31
19
9
10
7
42
36
43
48
20
43
45
11
14
4
36
1
45
20
47
15
15
29
11
14
45
4
10
1
26
26
13
31
15
43
48
47
16
1
29
35
10
50
22
4
45
13
13
23
46
35
14
9
33
46
15
42
11
21
24
13
35
47
44
23
27
45
23
22
18
26
39
26
20
49
18
46
11
1
18
18
46
42
27
17
7
24
44
26
21
15
42
17
5
19
38
34
1
44
19
4
9
20
27
31
19
10
33
16
17
36
17
45
18
29
21
19
22
16
41
32
38
29
46
45
8
40
5
9
6
19
47
32
28
23
22
4
21
8
27
38
49
10
14
16
13
41
22
23
28
18
15
47
34
1
10
32
50
29
31
21
18
6
18
44
17
32
37
2
31
23
41
8
28
29
8
45
9
10
17
24
8
7
32
4
24
16
19
4
27
4
16
15
6
4
47
23
24
32
23
47
14
47
49
40
25
1
35
39
45
44
4
38
28
47
23
43
41
33
26
35
1
38
1
19
4
49
1
44
22
35
47
15
25
23
26
36
37
20
33
35
3
22
33
27
6
18
35
11
41
47
28
21
28
30
35
31
32
4
24
43
2
3
13
41
28
27
40
23
32
10
8
25
14
30
5
8
45
5
20
18
31
17
40
8
11
28
50
15
5
9
25
8
41
1
3
24
13
34
24
34
15
18
38
10
41
40
16
10
32
1
27
20
32
15
5
28
7
36
49
15
14
21
38
29
29
19
24
7
40
38
2
38
42
5
20
14
40
34
16
35
9
32
37
7
42
20
2
37
22
6
35
14
12
43
24
20
15
30
43
7
45
14
47
26
29
22
12
15
7
30
35
29
37
16
5
6
21
10
25
22
27
19
45
45
19
41
11
47
26
49
11
50
36
47
5
45
24
26
47
22
23
8
16
32
43
46
36
2
5
30
18
48
32
6
26
13
25
14
35
13
19
48
50
43
7
23
23
43
24
6
21
3
47
32
23
4
40
26
33
27
10
18
31
20
12
5
28
47
7
45
4
47
8
2
37
5
15
25
17
12
36
6
44
43
10
31
10
18
6
24
49
26
46
21
32
50
46
14
2
27
7
29
38
5
49
1
38
26
44
36
6
38
21
16
4
15
3
1
30
3
23
37
35
17
15
13
39
20
28
49
6
33
49
26
28
50
12
9
50
43
40
31
50
32
12
15
12
10
13
41
17
41
1
25
39
3
43
31
29
8
48
26
25
15
2
44
5
24
35
26
23
4
22
38
20
9
14
4
31
26
49
9
21
16
32
12
5
35
23
41
15
49
11
19
29
24
20
45
25
16
50
19
21
19
6
15
25
12
17
16
14
32
46
50
37
49
16
30
6
44
35
44
12
13
38
47
25
6
45
50
8
2
23
40
38
42
37
47
7
43
40
27
18
3
44
14
14
28
13
3
44
44
47
48
38
6
6
37
15
27
32
12
14
7
33
31
49
35
36
18
9
17
35
44
47
16
49
21
49
29
11
47
5
40
31
1
40
30
47
27
10
6
1
31
7
39
40
33
14
9
7
29
22
12
30
48
11
32
25
6
44
10
35
24
8
34
22
22
13
19
38
42
45
24
23
37
39
42
43
18
21
44
11
23
42
32
49
44
48
48
37
42
19
42
39
33
8
39
23
5
19
43
28
28
44
1
31
31
21
18
7
38
40
12
36
36
42
10
25
33
13
30
5
14
19
35
18
48
24
40
27
10
42
34
38
42
46
7
37
44
26
19
17
21
25
5
45
23
11
19
31
50
48
38
24
24
18
12
36
38
30
19
46
24
32
20
35
39
44
31
1
37
30
14
10
48
39
30
18
10
28
41
36
31
31
39
34
2
22
29
5
37
48
26
35
29
41
42
20
21
36
36
38
48
49
36
29
18
40
48
3
43
47
38
17
49
37
40
3
40
18
17
12
22
12
46
6
35
19
2
11
7
27
28
4
24
2
27
47
35
16
33
15
38
40
28
18
49
39
19
5
31
12
36
30
13
48
2
12
31
3
13
32
37
40
21
2
43
21
33
35
32
46
5
26
7
16
19
48
15
37
16
20
7
42
42
13
26
34
24
32
49
35
44
7
1
26
2
1
17
29
23
46
15
5
12
13
38
24
40
31
11
10
12
17
35
30
37
8
28
47
5
27
45
46
8
38
36
39
7
19
1
22
48
29
48
45
45
17
7
46
23
50
13
49
50
16
18
11
11
10
42
40
21
27
33
20
1
30
32
22
43
19
4
38
