250821
250821
250821
250821
250822
250822
250822
250822
250822
250822
250822
250823
250823
250848
250848
250848
250848
250849
250849
250849
250849
250849
250850
250850
250850
250850
250850
250851
250851
250851
250851
250851
250851
250852
250852
250853
250853
250853
250853
250853
250853
250853
250854
250854
250854
250854
250854
250854
250855
250855
250855
250855
250880
250880
250880
250881
250881
250882
250882
250883
250883
250883
250883
250884
250884
250884
250884
250884
250884
250884
250885
250886
250886
250886
250886
250886
250886
250887
250912
250912
250912
250913
250913
250913
250913
250913
250913
250914
250914
250914
250914
250915
250915
250915
250915
250915
250915
250915
250916
250916
250916
250916
250916
250916
250917
250918
250918
250919
250944
250944
250944
250945
250945
250945
250945
250945
250945
250946
250946
250946
250946
250947
250947
250947
250947
250947
250948
250948
250948
250948
250948
250949
250950
250950
250950
250950
250950
250951
250951
250951
250976
250976
250976
250977
250977
250977
250977
250977
250977
250977
250978
250978
250979
250979
250979
250979
250979
250980
250980
250980
250980
250980
250980
250980
250981
250981
250981
250981
250981
250982
250982
250982
250982
250982
250982
250982
250983
250983
250983
250983
250983
251008
251008
251009
251009
251009
251009
251009
251010
251010
251010
251010
251011
251011
251011
251011
251011
251011
251011
251012
251012
251012
251012
251012
251012
251012
251013
251013
251013
251013
251014
251014
251014
251014
251014
251014
251014
251015
251015
251015
251015
251015
251040
251040
251040
251040
251040
251041
251041
251041
251041
251041
251041
251041
251042
251042
251042
251042
251042
251042
251043
251043
251043
251044
251044
251044
251044
251044
251044
251044
251045
251046
251046
251046
251046
251047
251047
251072
251072
251072
251072
251073
251073
251073
251073
251073
251074
251074
251074
251074
251074
251075
251075
251076
251076
251076
251076
251077
251077
251077
251077
251077
251077
251078
251079
251079
251079
251079
251104
251104
251104
251104
251104
251104
251105
251105
251105
251105
251105
251105
251106
251106
251106
251106
251106
251106
251107
251107
251107
251107
251108
251109
251110
251110
251110
251110
251111
251111
251111
251111
251111
251111
251111
251136
251136
251136
251136
251137
251137
251137
251137
251137
251137
251137
251138
251139
251139
251139
251139
251139
251139
251139
251140
251140
251140
251140
251140
251141
251141
251141
251141
251142
251142
251143
251143
251143
251143
251143
251168
251168
251169
251169
251169
251169
251169
251169
251169
251170
251170
251170
251170
251170
251170
251170
251171
251171
251171
251171
251171
251171
251171
251172
251172
251172
251172
251173
251174
251174
251174
251175
251175
251175
251175
251175
251200
251200
251200
251200
251200
251200
251201
251201
251201
251202
251202
251203
251204
251204
251204
251204
251204
251205
251205
251206
251207
251207
251207
251232
251232
251232
251232
251233
251233
251233
251233
251233
251233
251233
251234
251234
251234
251234
251235
251236
251236
251236
251236
251237
251237
251238
251238
251239
251239
251239
251239
251239
251239
251264
251264
251264
251264
251264
251264
251264
251265
251266
251266
251266
251266
251266
251266
251266
251267
251267
251267
251268
251269
251269
251269
251269
251269
251269
251269
251270
251270
251270
251270
251271
251271
251271
251271
251271
251271
251271
251296
251296
251296
251296
251296
251297
251298
251298
251298
251298
251298
251298
251298
251299
251299
251299
251300
251300
251300
251301
251301
251301
251301
251301
251302
251303
251303
251303
251303
251303
251303
251328
251328
251328
251328
251328
251329
251329
251329
251329
251329
251329
251329
251330
251330
251330
251331
251331
251331
251331
251331
251332
251332
251332
251332
251332
251332
251332
251333
251333
251333
251333
251334
251334
251334
251334
251334
251334
251335
251335
251335
251360
251360
251361
251361
251361
251362
251362
251362
251362
251362
251362
251363
251363
251364
251364
251364
251364
251364
251365
251366
251366
251366
251366
251366
251366
251367
251392
251392
251393
251393
251393
251394
251394
251394
251394
251395
251396
251396
251397
251397
251397
251397
251398
251398
251398
251398
251399
251424
251425
251425
251425
251426
251426
251426
251427
251427
251427
251427
251427
251428
251428
251428
251428
251428
251428
251428
251429
251429
251429
251429
251430
251430
251431
251431
251431
251431
251431
251456
251456
251456
251456
251457
251457
251457
251457
251457
251457
251458
251458
251458
251459
251459
251460
251460
251460
251460
251461
251461
251461
251462
251463
251463
251463
251463
251488
251488
251489
251489
251489
251489
251489
251490
251490
251490
251490
251490
251490
251491
251491
251492
251492
251492
251492
251492
251492
251493
251493
251493
251494
251494
251495
251495
251495
251495
251520
251520
251520
251520
251520
251520
251521
251521
251522
251522
251523
251523
251523
251523
251523
251523
251524
251524
251524
251525
251525
251525
251525
251525
251526
251526
251526
251527
251527
251527
251527
251527
251527
251552
251552
251552
251552
251552
251553
251553
251553
251553
251553
251554
251554
251554
251555
251555
251555
251555
251555
251555
251555
251556
251557
251557
251557
251557
251557
251557
251557
251558
251558
251558
251558
251558
251559
251559
251584
251584
251584
251585
251585
251585
251585
251586
251586
251587
251587
251587
251587
251588
251588
251588
251588
251589
251589
251589
251589
251589
251590
251590
251590
251590
251591
251591
251591
251616
251616
251616
251616
251616
251616
251616
251617
251618
251618
251618
251618
251618
251618
251618
251619
251619
251619
251619
251619
251620
251620
251620
251620
251620
251621
251621
251621
251621
251621
251621
251621
251622
251622
251622
251622
251622
251623
251623
251623
251648
251648
251648
251649
251649
251649
251649
251649
251649
251650
251651
251651
251652
251652
251653
251653
251654
251654
251654
251654
251654
251654
251655
251655
251680
251680
251681
251682
251682
251682
251682
251683
251684
251684
251684
251685
251686
251686
251686
251686
251686
251686
251687
251687
251687
251687
251687
251687
251712
251712
251713
251713
251713
251713
251713
251713
251714
251714
251714
251714
251714
251715
251715
251716
251716
251717
251718
251718
251718
251718
251718
251719
251719
251719
251719
251719
251744
251744
251745
251745
251745
251745
251745
251745
251745
251746
251746
251746
251747
251748
251748
251748
251748
251748
251749
251749
251749
251749
251749
251750
251750
251750
251750
251751
251751
251751
251751
251751
251751
251776
251776
251776
251777
251778
251778
251778
251778
251778
251778
251778
251779
251779
251779
251779
251779
251779
251779
251780
251780
251780
251780
251780
251780
251781
251782
251782
251782
251782
251783
251783
251783
251808
251808
251808
251808
251808
251809
251809
251810
251810
251810
251810
251810
251810
251811
251811
251811
251812
251812
251812
251813
251813
251813
251813
251813
251813
251814
251814
251814
251815
251840
251840
251841
251841
