24
35
7
48
33
29
17
5
47
18
39
49
38
25
34
23
32
23
42
13
44
40
11
9
21
42
19
22
24
37
13
21
19
34
40
30
1
37
13
16
25
37
43
35
21
6
18
31
3
25
25
21
40
6
36
2
47
45
35
18
27
19
40
23
47
30
48
12
46
21
38
44
25
21
15
9
20
44
3
40
40
40
7
29
5
27
6
32
4
39
1
39
25
35
31
35
23
32
36
36
33
7
19
3
1
35
21
42
15
15
37
6
22
2
44
25
48
47
13
30
37
48
32
48
43
38
41
2
32
6
43
33
10
17
17
47
11
49
33
39
37
2
17
32
41
45
44
6
7
28
8
26
34
45
3
2
7
31
49
34
30
28
32
32
11
4
9
10
31
15
8
6
31
21
6
38
27
24
33
3
37
19
48
2
34
26
16
22
36
19
6
31
17
10
43
26
43
26
50
9
6
41
8
22
37
14
7
17
30
4
9
36
2
19
7
4
15
18
13
9
11
43
48
34
9
41
30
50
50
12
47
8
13
14
42
42
22
31
17
25
14
49
48
17
33
42
26
33
5
41
2
14
45
34
23
26
21
47
28
45
7
37
13
28
18
7
36
7
16
39
34
34
35
32
29
43
32
33
47
30
31
47
5
45
28
4
31
42
49
7
42
2
8
25
44
42
18
11
8
19
38
11
5
40
34
35
14
10
10
41
29
34
10
40
42
41
17
21
13
24
4
44
48
7
34
34
22
10
44
5
12
23
19
15
12
24
24
49
9
5
34
11
23
6
30
30
18
4
28
13
39
4
1
49
50
37
47
39
26
6
30
31
15
43
12
11
15
50
8
21
12
20
21
6
18
20
22
2
38
35
31
46
31
35
37
1
29
29
1
29
50
37
22
47
47
45
10
38
39
41
35
18
32
41
36
14
31
44
41
17
23
2
14
32
44
15
46
18
3
5
40
46
31
40
31
14
5
46
34
33
49
41
9
4
27
13
29
17
30
2
37
39
22
6
28
45
27
30
49
40
44
50
45
16
35
23
42
14
38
3
41
38
40
29
29
18
9
23
36
26
24
24
32
6
27
31
3
41
38
19
37
21
34
27
32
32
7
18
9
5
49
39
2
11
22
22
39
34
47
16
34
29
26
35
44
35
43
44
9
45
17
50
50
25
36
4
1
7
4
28
24
32
34
9
21
50
5
27
16
46
26
25
41
45
39
33
2
26
44
9
9
16
38
20
2
21
7
47
35
25
3
13
42
44
26
50
4
33
8
2
31
44
15
8
21
40
26
5
20
12
48
45
29
44
47
33
33
33
32
45
19
16
38
7
1
6
38
2
39
22
44
23
34
19
30
45
19
38
34
26
25
31
15
22
14
17
17
43
22
37
32
12
45
47
42
2
14
47
13
7
38
27
33
33
9
23
19
3
48
38
7
32
31
28
40
9
4
9
31
20
40
15
46
37
26
43
31
3
41
25
26
39
11
24
42
45
28
13
34
12
13
25
28
48
32
10
18
22
22
10
17
7
11
6
42
23
12
10
9
30
24
11
29
28
38
26
48
32
32
38
31
43
6
44
46
41
29
49
38
33
39
26
5
3
5
19
18
16
23
47
38
34
38
33
11
19
3
49
15
15
6
32
40
27
3
19
11
2
32
31
43
13
38
39
41
1
38
13
2
33
11
43
32
8
27
45
37
38
6
49
15
50
43
30
28
50
21
16
6
43
21
35
38
1
3
29
42
16
3
9
28
42
33
33
33
27
45
38
20
6
20
28
44
42
6
11
4
1
20
1
45
9
2
2
24
35
40
36
49
9
25
25
35
50
25
29
28
17
13
18
47
43
40
20
17
48
47
47
11
15
10
20
15
9
45
15
4
26
9
8
26
32
12
33
2
26
19
40
45
13
28
5
23
34
35
25
11
9
12
1
6
47
31
21
10
7
47
31
38
38
19
2
23
34
48
22
12
2
14
28
33
2
13
34
40
26
25
31
32
8
40
50
37
9
13
12
27
18
4
26
30
13
25
16
10
26
43
39
15
17
8
29
1
12
5
35
39
33
7
41
15
1
39
42
2
16
28
6
12
12
4
25
23
16
10
2
2
49
36
7
38
8
47
45
27
50
34
46
36
15
48
22
23
17
46
9
17
9
1
22
35
13
38
13
28
7
4
2
1
3
17
29
32
6
47
12
45
11
44
25
43
1
8
12
41
49
22
30
33
33
18
25
31
40
15
12
11
9
26
12
12
11
24
5
42
15
50
1
3
37
