4859
9486
8540
5689
1430
9701
3009
9239
7236
836
5033
1770
2544
7596
7544
502
8579
2413
7994
1291
7144
5861
1134
3935
9733
1798
138
3405
5242
4364
7921
9709
3304
6643
5761
555
8095
8147
5854
5824
7987
1570
6873
9733
1268
9826
6163
9080
5136
9317
6019
3719
7850
8426
1735
5687
9167
9353
6968
932
748
7373
7888
7930
7806
521
5041
1023
8323
4059
3833
5632
6899
106
4888
6720
1959
9622
4369
3497
7583
972
5358
8207
5054
8881
9524
551
2636
2610
2929
8389
1728
1064
4646
6179
3366
7579
1475
5362
3207
8914
9267
2285
4638
9570
7629
4049
2553
2279
6848
8552
1760
5851
7129
2452
8600
2136
2951
3057
9519
577
7637
8644
2176
7311
9006
4714
2230
6783
5783
9516
8857
137
1407
1236
4910
1942
3651
2615
9781
8736
3842
7612
6576
4746
1274
8948
5181
2319
9899
8157
29
1105
9059
9492
8747
5656
2761
9134
3898
9572
5136
8074
1339
2993
2031
6482
8626
3105
1567
6085
8933
9537
9728
8362
8768
7676
2566
3173
8488
9270
5601
8942
3011
7659
5479
37
8033
2330
1737
7525
2782
801
5412
7172
5565
7258
5149
6725
3935
3927
9475
5553
4435
1122
9874
5569
9462
8274
312
7549
9975
5626
9149
2769
2466
4363
2251
2340
5627
7143
5861
4779
6566
5767
2477
7211
641
2043
3354
7608
8449
6715
5793
6087
5521
7579
8046
9227
9211
8537
6073
6576
8864
7113
6094
3964
3542
3517
7379
4815
2118
1913
6728
5640
2271
6249
5484
4527
6285
5807
6859
871
6928
4496
752
9680
5922
2532
2081
3570
4761
3785
3788
5685
1125
1281
7283
4652
538
6379
8071
5343
8208
8495
4509
4433
5430
4689
8702
9114
7763
9408
7435
7260
3408
3371
5416
3383
5549
1458
8043
3071
794
2851
4840
5256
6694
2225
4161
1083
9055
2427
4742
4376
4419
7635
1313
7339
2371
4824
4515
1419
7066
6915
6781
6555
5662
7341
8564
2641
8994
9717
3738
9937
3858
4733
1207
2405
426
7057
6993
2112
3262
8638
4627
8462
9519
377
9969
5111
6946
6886
8888
9511
8287
6781
3206
2680
4595
7371
2284
5701
215
7497
1159
1389
9362
1469
8625
4378
29
5622
9795
8415
5584
3912
5943
2313
5738
1833
8714
574
7359
9951
3967
3581
9573
8958
5164
1001
8573
5192
5937
6346
7536
9272
301
4388
7696
7023
2143
5535
5111
6862
4843
3713
5781
2806
639
9265
1205
5942
7943
9011
7705
2089
9108
2598
5127
6533
5795
7614
6254
3931
8326
5637
886
1572
3993
7107
3436
1849
7516
2788
7187
7505
7819
4753
9439
5955
5076
2595
2215
102
3154
8572
8138
2879
6600
8766
121
2950
205
3651
4647
2970
9046
5065
7083
8140
3599
2149
8825
4774
298
6599
6393
4608
4611
4119
5574
1836
110
945
2803
7420
8706
2440
4507
1738
8312
8985
6541
1441
6173
7912
1906
6113
4467
8236
9906
4757
1256
4845
8638
7079
5
1131
6228
8784
1104
45
7194
4949
9953
8927
1139
3833
7744
5224
5726
1477
158
4682
2333
1365
904
5923
4453
5980
2889
9965
3558
4612
2208
5329
1119
9303
1789
2966
5148
8463
1822
6464
3979
7778
8597
549
1894
1607
8527
112
2826
4936
822
2266
4098
2451
8287
7646
8876
3536
4195
7047
9482
1073
4809
8836
3782
530
6497
5560
2742
8083
7780
3128
2787
8116
4416
4143
1355
7586
3659
5909
9646
6497
4212
6888
1551
6638
179
5833
6395
3818
8816
9389
5077
5592
5181
5856
1033
9095
5914
2043
2247
405
3718
9364
7064
8318
3979
2451
2124
6154
1506
7338
8365
3784
3984
4104
3015
957
192
1656
5676
9672
9443
8133
6262
1860
204
3717
4026
1045
403
1666
3104
8560
7290
8400
6805
1464
5329
4453
3536
3938
5016
2942
3119
8800
2721
9268
7438
8896
9703
837
7046
2623
8372
1951
5805
888
1057
9276
71
4308
593
1640
7948
7530
2704
526
3883
2535
4092
9195
7063
2013
8731
4997
3050
9659
1691
9723
2307
502
9992
2353
8467
975
3615
1746
5439
9148
5172
3335
7578
2763
2979
3998
5940
1833
792
8051
5790
8448
1962
68
8378
1611
8747
3128
7149
7549
5482
6929
5898
4511
3198
1022
3831
8716
4955
7994
9645
8392
4693
3664
2127
2737
9460
7275
5672
389
6547
6707
4114
3023
8548
4773
6564
7643
6396
9673
2013
7319
6326
1035
9472
101
4219
8364
656
3132
677
2735
4976
1827
4870
143
2723
249
1389
157
8561
3650
1047
9940
5979
4180
5521
3831
1223
1760
4483
5688
994
7392
7746
4954
6973
5201
1421
6806
4234
9262
8503
6933
9446
2681
8840
393
6675
426
9545
7439
1741
3245
5620
152
6558
412
3262
9889
9168
4538
9643
5335
1438
3477
4547
717
4179
3866
3240
4414
3451
4482
486
7256
8567
8057
3762
9827
165
5282
2786
4433
4492
3124
9205
6140
4298
3513
3364
6961
9562
6632
1128
9578
897
8935
8118
8072
7253
1864
6037
1095
1065
414
3045
3894
5749
4633
4799
4109
5453
5833
3069
3555
4459
1976
5715
8311
9929
6140
5368
3287
1366
8153
1484
6326
6078
3215
9279
621
3559
4185
6900
6683
512
4836
6525
9671
6701
3510
5042
6349
8987
9650
5477
6708
4362
9545
6844
3821
6680
8386
6259
5453
3957
2605
707
534
7861
9728
4312
3446
2558
8435
4756
7602
3916
9918
7244
7535
3756
4798
8833
2531
2039
8487
1553
1949
5114
4608
6321
1607
2190
5027
2828
7108
9610
4475
5804
8230
9731
6114
6281
3513
8621
881
7717
3621
4480
906
5938
5547
8775
8840
9591
4846
3852
1857
372
3069
5506
1458
5665
6021
3036
1049
3777
1826
8575
9482
9962
7536
24
982
310
9660
852
6733
8057
3106
1569
3607
4418
8178
3681
3037
4527
291
9565
5824
8057
8142
2694
5482
4801
9295
6398
2799
1280
7660
6311
8682
6869
97
5911
749
5993
7823
959
208
7101
656
