9763
2427
7145
5652
2908
1187
8901
2845
4777
3335
9784
3634
396
920
3853
5792
3560
7415
5376
5863
498
7662
7538
4747
2949
4188
8275
8843
9960
7580
725
2785
4042
456
9915
8757
8817
2691
1859
1712
7826
5084
2884
1537
8619
6103
1828
7815
3074
7230
8640
3011
3257
7597
7456
3827
7112
3136
1726
2137
9365
1315
167
9238
3909
3319
7796
9675
3002
2195
786
5764
3983
7065
926
2750
9807
831
7487
5903
8330
4494
8238
2533
5373
5228
4792
4360
8052
291
5859
1588
369
1728
125
4058
6209
9110
1419
9807
2764
1157
2553
4958
1440
5147
6493
2516
1621
9386
4192
951
5570
2187
4335
6499
3563
1361
2266
8697
2703
2525
3024
5953
9271
1906
1394
5167
8106
9685
3323
4936
7937
4192
571
2041
2660
6044
384
2346
4412
6313
9130
8849
1930
2916
5188
7427
9541
2111
3161
7131
7274
2987
9336
143
2213
9025
5734
5937
2492
4383
6543
7217
3818
5870
4980
2743
1130
8420
9539
7799
9422
7168
4244
4398
5218
5521
1353
84
1477
2992
3992
1773
2029
3058
1509
6342
3113
8176
2171
8748
586
7985
9495
5592
4321
5907
7340
9686
428
4649
6551
1280
4036
3000
5862
7271
351
3783
9596
4964
5666
5662
3054
2975
3830
6622
226
4999
3923
5947
1979
436
786
1768
2126
9005
848
7476
7944
3656
805
1283
9658
7020
3074
3809
7672
8170
9951
1178
1759
3996
8428
5834
5398
1993
1097
8303
788
7984
8423
9980
7910
8764
2003
47
2003
8609
609
4536
2140
402
2116
1374
1411
6242
1502
2004
6439
9894
4907
8678
1172
6362
1197
2315
9959
8556
8484
5685
414
7191
4944
524
29
5730
9467
4439
2129
9864
5206
5541
7267
2443
6615
8775
8710
1100
8423
4837
1799
5395
3829
8040
221
8538
3325
584
9900
6293
2192
3757
8317
804
7761
6201
7044
7087
932
9768
5974
2944
225
4361
6786
3893
9922
3449
705
6087
3272
5383
8895
8427
5168
1014
1809
3738
4821
6951
6137
2147
6597
1834
8459
4354
1015
1824
4362
1027
3776
1623
6131
199
1692
3992
7313
4569
5487
6167
6066
7515
3732
9617
4971
4271
8226
4054
2343
7351
6511
4948
590
3171
7206
4493
2154
1110
464
8255
7800
6720
1195
5639
2902
8464
8909
5548
2191
8538
9142
6568
4004
6348
8097
9866
5968
2702
3588
2384
717
9695
9291
414
8447
6495
7398
4534
6499
7742
8685
8492
1462
9097
8667
6617
7549
5066
3588
6479
6233
1920
9150
2043
4212
6991
9542
5152
3563
4760
9127
8088
7044
717
266
4180
3471
4223
4436
9257
6192
3090
2265
5074
5879
8218
9360
923
9047
3018
9806
2805
747
2870
966
4351
161
6760
3936
6328
888
2250
855
8662
7547
5202
5911
1351
2564
1429
5741
7741
8469
8409
8587
5343
7817
9804
4791
6462
5424
5812
3531
3966
27
6378
8270
10000
6967
2008
4709
3450
3436
4851
2903
8813
6667
2315
9944
9912
6294
1650
1393
6170
7490
2337
1331
2580
6567
312
2604
4179
317
4033
5149
6678
1855
4772
976
9436
8117
6814
1267
1791
8144
2646
909
4980
4782
6945
4018
6865
7941
5946
4227
5612
3180
9203
4072
1365
85
2753
5131
5231
4833
3526
3509
9320
6663
3431
9670
186
1131
6976
1944
2632
2492
5621
9768
8850
9508
6200
4877
1073
2010
1446
9767
6402
8325
8242
7106
7847
691
6679
8117
9249
6397
4815
9100
6808
8388
6976
3631
3633
7375
7556
6338
3956
4886
8810
5053
2440
4610
3816
4902
4584
6325
9376
8643
2372
9979
3637
2790
152
5907
140
7329
6831
7815
7907
5562
6780
5655
2209
8900
5204
7901
2060
9318
3843
1824
3415
3338
7940
2645
2555
2559
9181
656
8293
3782
9344
3759
4338
8562
1104
7937
48
6051
8799
9070
4481
3108
1055
4290
4539
1901
7915
9575
5973
7562
5981
3378
5399
7708
4997
2131
3176
7921
4712
8835
7858
1418
3812
3746
2745
6076
7385
5260
8347
283
2845
9540
8770
5464
9891
3663
1902
8961
8769
7511
2817
9758
6000
6888
8082
9828
5607
7009
7011
9696
8900
5292
184
5912
1052
5269
1818
8808
4763
8316
1771
8938
2210
7026
476
8725
1605
5059
249
5509
5817
2283
9806
3021
7466
5320
4917
4741
153
861
4548
2144
7536
4055
936
6311
8076
7429
460
6913
5140
2653
8153
8653
8316
6525
1567
4662
9935
8200
1505
1044
1919
2806
8908
2884
896
3566
7364
5901
6145
3454
7099
352
9393
7990
1812
2472
2735
5956
2989
1768
5837
8319
2315
2820
3421
5098
8569
313
4165
3115
1510
2879
3124
1456
7604
8215
7128
4080
6495
3897
5950
3549
8228
163
4242
2500
7335
6783
7953
4374
9975
8585
2298
283
5524
1803
289
2061
8059
3486
3468
2237
3511
6340
6901
9831
2158
8428
4231
6669
3174
1125
7962
2472
4742
5098
5718
1182
991
5384
8856
1387
8042
9603
4579
4196
464
2588
1066
1564
3628
3912
3109
1022
2750
5343
6812
8830
5461
2482
9426
859
1584
195
1896
2637
6420
6918
8188
7917
5135
2066
9111
912
5822
2212
1337
3756
7228
9307
6180
2701
4537
9947
8652
2640
282
6775
2208
7255
1253
1000
245
6499
7202
9275
9541
8992
8323
725
9672
2838
7900
1684
2224
3354
9759
6558
3759
3797
3247
1444
8972
1815
9428
9884
5478
3616
9915
4360
9572
5213
8460
7898
6145
2523
3392
2897
6327
4593
845
7233
4805
2576
3599
8630
1245
3421
8920
9195
1382
7206
7663
9095
2363
1816
3526
8141
5374
7106
8573
1914
6217
3537
1421
7773
4862
5684
9846
4805
9565
8675
3015
6893
4253
4338
6955
9677
8014
643
7897
8906
5255
501
3771
8671
20
274
2945
5346
413
788
5166
6566
9612
9322
1181
3233
4053
5844
7829
9674
1888
3808
187
3543
9035
8175
4987
5348
7241
9473
8883
4958
3786
2501
581
5938
4273
6678
1267
9707
5695
3419
1978
