355
76
445
15
216
352
334
307
381
166
265
291
344
254
433
135
475
267
453
336
219
400
293
295
112
416
304
452
14
77
473
390
421
276
151
63
321
305
190
135
211
263
339
182
323
53
47
181
39
326
32
319
185
22
39
43
301
200
201
380
458
204
493
96
72
490
278
27
57
224
232
494
413
464
187
421
200
287
6
420
417
149
177
9
409
414
424
245
11
364
464
477
432
13
58
152
464
160
155
12
279
311
91
153
466
305
99
26
309
52
155
16
489
65
243
261
418
65
143
360
369
453
368
64
161
121
117
309
109
63
363
476
207
113
153
409
61
271
409
329
231
469
452
316
87
173
422
45
312
382
229
173
260
98
108
248
157
145
344
403
100
86
188
422
328
474
389
7
401
186
403
220
242
43
8
79
228
287
125
39
310
245
420
467
393
292
100
394
68
4
31
163
279
13
324
395
418
456
155
144
292
397
196
205
387
441
266
320
293
326
105
223
387
259
323
153
390
335
409
500
448
91
188
293
134
241
218
211
400
16
51
149
255
369
79
493
433
27
388
209
132
276
419
235
175
95
376
192
246
148
256
57
224
239
352
494
174
103
108
53
455
167
442
289
190
336
325
15
242
481
488
76
342
448
474
491
459
382
193
304
241
276
248
154
488
376
91
39
95
389
114
180
14
298
373
109
292
225
115
206
344
327
45
16
447
211
144
136
172
357
79
2
112
140
68
445
262
234
250
22
417
66
212
246
247
8
307
97
460
52
446
180
218
5
473
333
126
344
187
171
482
372
264
431
252
287
137
254
394
458
39
217
169
96
187
363
220
322
293
197
197
380
120
129
251
217
130
16
70
417
360
448
122
187
371
362
230
325
138
380
66
17
368
207
201
490
297
438
143
86
370
122
54
208
288
397
19
184
398
17
126
125
202
201
243
169
139
206
190
198
475
255
4
366
318
104
491
356
439
397
157
155
212
423
454
76
323
363
472
248
183
14
211
183
374
84
285
46
9
278
434
392
180
153
323
318
157
213
106
298
209
207
386
375
65
303
64
217
6
425
359
473
63
484
116
16
163
249
486
207
74
432
143
47
278
167
291
379
306
135
374
491
395
148
44
426
231
243
53
241
475
129
129
136
373
22
445
409
457
339
442
37
398
285
388
464
467
190
214
27
181
297
151
418
185
45
37
343
209
2
142
198
97
425
126
78
99
34
418
68
284
424
260
334
446
228
331
110
337
172
175
379
315
179
400
267
259
320
466
311
163
9
223
233
203
214
216
363
307
38
288
140
136
112
439
39
71
309
219
114
40
22
182
358
108
361
74
144
389
303
135
449
167
389
390
122
214
203
174
476
246
102
79
39
439
400
15
305
418
47
176
396
137
75
430
264
283
400
315
109
448
439
330
421
391
309
413
155
473
321
485
332
184
22
450
49
48
442
227
241
272
370
360
233
353
7
354
51
139
83
291
488
319
99
267
120
457
125
371
388
316
304
125
447
263
231
159
370
320
259
137
268
192
499
306
202
148
174
31
184
187
343
264
299
307
270
132
89
19
246
206
247
304
64
471
475
54
374
107
398
392
335
189
144
4
340
318
203
168
438
234
10
490
329
238
241
212
343
207
349
427
313
432
13
76
449
241
257
234
302
295
386
51
53
470
386
88
146
159
93
11
439
405
12
447
164
256
375
109
364
88
18
5
178
82
235
93
400
4
36
314
332
138
43
332
496
479
382
367
140
359
178
93
484
169
37
212
485
163
16
448
231
386
357
38
301
367
110
496
17
116
402
373
367
224
460
277
474
160
485
214
59
78
161
251
92
64
414
122
264
489
213
269
440
373
324
215
12
260
73
147
430
134
487
150
206
269
122
182
481
30
298
157
68
128
476
487
421
157
162
443
98
34
298
456
39
278
170
80
69
446
83
119
440
356
104
103
37
255
125
193
370
350
127
232
119
329
491
456
334
359
44
321
73
181
290
451
266
201
250
415
178
128
313
312
136
73
348
211
212
212
242
462
307
183
418
307
78
304
103
392
56
266
341
477
342
409
334
302
493
213
333
174
117
271
32
443
173
28
327
35
391
375
414
477
69
74
333
397
439
148
28
240
2
277
99
365
169
94
272
122
78
62
82
132
428
383
275
414
119
16
177
386
423
234
398
474
469
28
339
126
376
408
345
142
81
402
37
359
255
449
347
273
362
314
168
94
445
46
82
124
358
205
108
70
203
361
97
283
100
110
25
306
235
393
270
25
460
254
191
355
495
78
436
40
147
385
448
456
113
