32800
32800
32800
32800
32800
32800
32801
32801
32801
32801
32801
32802
32802
32803
32803
32804
32804
32804
32804
32804
32805
32805
32805
32805
32805
32806
32806
32806
32806
32806
32806
32807
32807
32807
32807
32807
32832
32832
32832
32832
32832
32833
32833
32833
32833
32833
32833
32833
32834
32835
32835
32835
32835
32835
32836
32836
32837
32838
32838
32838
32839
32839
32839
32839
32839
32839
32839
32864
32864
32864
32864
32865
32865
32865
32866
32866
32867
32868
32869
32869
32869
32869
32869
32869
32870
32870
32870
32870
32870
32871
32871
32871
32871
32871
32896
32896
32896
32896
32896
32897
32897
32897
32897
32897
32898
32898
32899
32899
32900
32900
32901
32901
32901
32901
32901
32901
32901
32902
32902
32902
32902
32902
32903
32903
32903
32903
32903
32903
32928
32928
32928
32928
32928
32929
32929
32929
32929
32929
32929
32930
32930
32930
32930
32930
32931
32931
32931
32931
32931
32931
32931
32932
32932
32932
32932
32932
32933
32934
32935
32935
32960
32960
32960
32961
32961
32961
32962
32962
32963
32963
32963
32963
32964
32964
32965
32965
32965
32965
32965
32965
32965
32966
32966
32966
32966
32966
32967
32967
32967
32967
32967
32992
32992
32992
32992
32992
32992
32992
32993
32993
32993
32993
32994
32994
32994
32994
32995
32995
32995
32995
32995
32995
32995
32996
32996
32996
32996
32996
32996
32996
32997
32998
32998
32998
32999
32999
32999
32999
32999
33024
33024
33024
33024
33025
33025
33025
33025
33025
33025
33025
33026
33026
33027
33027
33027
33027
33027
33027
33028
33028
33028
33028
33028
33029
33029
33029
33029
33030
33030
33030
33030
33031
33031
33031
33031
33031
33056
33056
33056
33057
33057
33057
33057
33058
33058
33058
33059
33060
33060
33060
33060
33060
33060
33060
33061
33061
33061
33061
33062
33062
33062
33062
33062
33062
33062
33063
33063
33063
33088
33088
33088
33088
33089
33089
33089
33089
33089
33090
33090
33090
33090
33090
33090
33090
33091
33092
33092
33092
33092
33092
33093
33093
33093
33093
33093
33093
33094
33095
33095
33095
33095
33095
33120
33121
33121
33121
33121
33121
33121
33122
33122
33122
33122
33123
33123
33123
33124
33124
33125
33125
33125
33125
33125
33125
33125
33126
33126
33126
33126
33126
33127
33152
33152
33153
33153
33153
33153
33153
33153
33153
33154
33155
33155
33156
33156
33156
33157
33157
33157
33157
33157
33157
33157
33158
33159
33159
33184
33184
33184
33184
33185
33185
33186
33186
33186
33186
33186
33187
33187
33187
33187
33187
33187
33188
33189
33189
33189
33189
33189
33189
33190
33190
33190
33191
33191
33191
33191
33191
33191
33191
33216
33216
33216
33216
33216
33217
33217
33217
33217
33217
33217
33218
33218
33218
33218
33218
33218
33218
33219
33219
33219
33219
33219
33219
33220
33220
33220
33220
33221
33222
33222
33222
33222
33222
33222
33223
33248
33248
33248
33248
33248
33248
33248
33249
33249
33249
33249
33249
33250
33250
33250
33250
33250
33250
33251
33252
33252
33252
33252
33252
33252
33252
33253
33253
33253
33254
33254
33254
33255
33255
33255
33255
33255
33255
33280
33280
33280
33280
33280
33280
33280
33281
33281
33282
33282
33282
33283
33283
33283
33283
33283
33284
33284
33284
33284
33284
33285
33285
33285
33285
33285
33286
33286
33286
33286
33286
33286
33286
33287
33312
33312
33312
33312
33313
33313
33313
33313
33313
33313
33314
33314
33314
33314
33314
33314
33314
33315
33315
33315
33315
33315
33315
33315
33316
33316
33317
33317
33317
33317
33317
33317
33317
33318
33319
33319
33319
33319
33319
33319
33319
33344
33345
33345
33345
33345
33345
33345
33346
33347
33347
33347
33347
33347
33348
33349
33349
33349
33349
33350
33350
33350
33350
33350
33350
33350
33351
33351
33351
33351
33376
33376
33377
33377
33377
33377
33377
33378
33378
33378
33378
33378
33378
33378
33379
33380
33380
33380
33381
33381
33381
33382
33383
33383
33383
33408
33408
33408
33409
33410
33410
33410
33411
33411
33411
33411
33411
33412
33412
33413
33413
33413
33413
33414
33414
33414
33414
33415
33415
33440
33440
33440
33440
33440
33441
33441
33442
33442
33442
33442
33442
33442
33442
33443
33444
33444
33444
33444
33444
33445
33445
33445
33445
33445
33445
33446
33446
33446
33447
33447
33447
33472
33472
33472
33472
33472
33472
33473
33474
33474
33474
33475
33475
33475
33475
33475
33475
33476
33476
33476
33476
33477
33477
33477
33477
33477
33477
33477
33478
33478
33478
33479
33479
33479
33479
33479
33479
33479
33504
33504
33505
33505
33505
33505
33505
33505
33506
33506
33506
33506
33506
33506
33506
33507
33507
33507
33508
33509
33510
33510
33510
33510
33510
33510
33511
33511
33511
33511
33511
33511
33536
33536
33536
33536
33537
33537
33537
33537
33537
33537
33538
33538
33539
33539
33540
33540
33540
33540
33540
33540
33540
33541
33541
33541
33541
33541
33541
33542
33542
33542
33542
33542
33543
33543
33543
33543
33568
33568
33568
33569
33569
33569
33569
33570
33570
33570
33570
33570
33570
33570
33571
33572
33572
33572
33572
33572
33572
33572
33573
33573
33573
33573
33573
33574
33574
33574
33574
33574
33575
33600
33600
33601
33601
33601
33602
33602
33603
33603
33604
33604
33604
33605
33605
33605
33605
33605
33605
33606
33607
33607
33607
33607
33607
33607
33632
33633
33633
33633
33633
33633
33633
33633
33634
33635
33635
33635
33635
33635
33635
33635
33636
33636
33636
33636
33637
33637
33637
33638
33639
33639
33639
33639
33639
33639
33664
33665
33665
33665
33665
33666
33666
33666
33666
33666
33667
33667
33668
33668
33668
33669
33669
33669
33669
33670
33670
33670
33670
33670
33671
33671
33671
33671
33696
33696
33696
33696
33696
33697
33698
33699
33699
33699
33699
33699
33700
33700
33700
33701
33701
33701
33701
33701
33702
33702
33702
33702
33702
33702
33702
33703
33703
33703
33703
33703
33703
33728
33729
33729
33729
33729
33729
33730
33731
33731
33731
33731
33731
33731
33732
33732
33733
33734
33734
33734
33734
33734
33734
33734
33735
33735
33735
33735
33760
33761
33761
33761
33761
33761
33761
33761
33762
33762
33762
33762
33762
33763
33764
33764
33764
33764
33764
33764
33765
33765
33765
33765
33766
33766
33767
33792
33792
33792
33792
33792
33792
33793
33793
33793
33793
33793
33794
