14415.21
39278.50
20847.44
31220.10
25031.40
7743.40
51153.48
26283.68
37960.96
49684.48
50010.28
60865.50
48012.00
51310.35
8895.48
56272.16
55610.56
48200.70
1612.70
6672.15
20560.14
17178.46
36474.55
45326.52
45994.95
35007.18
40680.90
33424.38
55468.20
44230.76
16362.00
36255.60
9378.16
54266.08
46803.36
62669.86
71913.27
28812.42
15122.38
23984.22
45242.45
58950.22
80135.58
39482.84
23929.56
45093.30
27859.92
57044.18
52590.65
2156.34
63523.11
60649.05
33160.50
13566.84
33742.10
59817.94
5015.45
2786.98
60379.58
46561.64
10468.98
79848.85
55595.83
16625.76
34030.11
55415.22
3589.76
52134.90
65660.76
15647.72
47679.66
6937.63
14791.20
37167.06
10186.74
21034.61
57838.10
62814.36
26508.40
5018.28
51110.46
59446.21
29231.00
2332.52
79139.04
15991.74
54389.46
16154.01
82759.95
61594.75
21596.82
37537.31
35844.20
33956.80
55386.90
19564.86
10251.10
7492.95
28147.75
56366.63
14004.90
20228.23
41084.46
31893.48
36699.30
39905.80
5710.08
31415.54
38040.25
8744.15
17648.21
52115.48
47066.40
16355.64
19572.28
14127.24
10141.00
80837.26
2426.60
43470.40
14744.10
49228.56
23761.76
51114.39
40765.89
34597.80
56760.12
27483.90
27133.68
36867.42
8983.59
8535.06
83800.32
45815.76
76860.52
13154.28
5571.00
44959.05
16061.16
65205.46
48432.07
8186.70
29280.32
39299.85
22643.79
52445.49
43695.52
19401.09
32578.20
30223.68
49985.28
32623.83
27100.64
41331.68
5624.91
65903.09
62057.94
47728.53
85139.50
35534.42
17530.48
75639.20
3051.24
33947.64
46708.43
30887.47
10769.77
30343.86
57361.50
53253.20
67152.54
86779.20
10793.61
29792.64
24498.22
32977.36
12991.58
62270.01
17037.90
20287.26
2230.40
65463.30
10693.34
27097.98
43291.19
81035.50
11766.60
10460.25
39731.46
39714.94
51414.30
57806.40
37200.80
35966.16
44121.50
25745.02
61763.52
55516.89
42205.22
40542.93
52503.36
30087.62
44943.79
64224.37
24637.90
40868.25
63251.32
45618.65
28948.78
81264.92
35009.52
83983.36
21963.60
55596.00
3111.30
36056.18
6547.08
4922.22
24736.04
57706.65
85818.24
19637.80
13819.85
8198.65
43219.74
66430.00
53937.05
40698.96
20587.05
67534.92
18906.91
7988.61
42668.88
50885.20
12337.44
32735.00
19446.46
79288.99
10802.70
21983.40
73435.40
40537.52
45216.35
50605.00
58337.55
40461.93
18294.72
24842.84
61246.02
8518.95
29348.16
5125.60
41667.56
13694.60
41067.15
5545.88
9405.96
44038.08
66514.56
82602.73
33739.86
31858.68
32220.10
17054.82
57208.06
3748.12
43157.25
59066.28
12103.26
4606.89
32060.35
78418.56
8865.42
47199.25
40122.90
31688.68
18319.44
89494.00
46771.14
14919.60
44597.10
33002.97
74998.40
52751.16
40780.08
27450.07
8378.80
50293.12
47058.59
88685.10
26064.06
43993.73
53198.10
67893.38
30824.88
41499.36
39668.58
26653.75
12135.96
38936.92
21526.68
17995.32
39316.75
9033.60
17056.34
2510.70
3437.62
63191.08
20616.90
32790.58
33597.63
7496.04
28630.60
20792.00
19986.30
6807.30
18679.60
45678.30
17090.91
19633.57
46381.92
27605.76
16088.16
18294.89
8030.68
57192.48
50184.45
42194.50
1019.11
45727.68
26888.56
38338.56
48341.46
41543.75
89158.06
28542.58
60789.05
10391.30
36549.30
63168.69
60005.96
31704.81
68269.85
56594.72
36809.64
30244.76
76400.10
11842.46
1030.13
11457.11
81736.02
31882.08
35517.40
23081.08
42692.88
24710.35
30053.62
28590.72
38041.60
10521.40
13486.16
79512.79
65382.29
14511.28
46650.40
45328.80
37314.27
54153.96
18163.52
6643.14
19536.72
17805.81
42566.00
72324.56
22998.99
36327.04
15604.38
62346.00
29479.68
18962.30
5586.05
15388.20
45271.79
5696.97
19385.85
9718.26
15106.35
34004.08
39142.95
29515.72
4220.60
1584.67
15668.77
70077.63
38782.70
1229.32
33580.12
85940.50
65973.95
39786.88
47615.52
62427.01
44327.52
3345.54
17920.38
24915.12
16837.70
11485.43
10775.28
31704.15
8243.70
40040.66
69087.67
26444.00
15278.51
14575.73
24126.50
8754.20
57789.50
28408.05
36714.00
23099.31
39685.34
26708.40
34096.66
27031.21
21443.31
77080.96
59387.65
69725.48
8381.03
78973.30
61144.80
5862.42
38514.42
47804.17
63572.16
49322.91
38059.25
35244.05
25117.30
17310.36
46876.83
17126.48
86490.72
49003.17
41339.79
17995.08
3480.75
42260.40
62192.52
58610.16
35612.61
43118.08
48093.00
32803.52
37558.04
13302.08
44112.25
7315.68
33028.56
21961.24
49503.36
4965.45
28127.70
57114.31
62488.70
62039.01
61875.10
23965.83
79633.85
46323.75
26235.68
50675.79
44056.71
6883.44
71223.24
25613.72
66044.30
36867.60
23379.75
44867.70
16593.92
74985.72
56115.84
39044.00
74726.69
59565.92
27209.00
41646.64
88843.50
50871.60
27358.80
12866.14
19439.28
61852.60
23830.99
50614.40
6818.42
80724.60
48306.44
44689.94
15879.08
64913.85
55142.34
32027.49
28237.60
17838.70
15496.80
26888.39
16937.90
1246.34
37481.20
54117.12
31978.10
29147.90
78874.74
9450.40
40683.84
87392.00
21505.46
15857.28
26600.86
53781.64
16452.00
51850.80
8390.88
11844.56
43546.20
32262.72
16416.18
20877.89
50611.72
37688.04
6451.02
13586.64
19112.16
12852.14
65818.19
12513.40
30093.00
39336.92
25787.83
20181.60
3408.69
24114.35
45491.88
6306.68
65657.16
45391.58
21082.35
44887.35
39132.85
35091.86
68084.52
34920.67
37682.31
19910.00
40250.84
63074.88
31326.06
11279.82
81985.95
41876.24
43410.62
40074.24
42184.80
33326.64
34533.44
56724.85
33569.10
17118.45
32675.70
27324.80
21238.72
52284.32
3988.26
60005.96
14180.94
68787.90
74598.75
12051.26
39772.34
42219.50
55579.59
62130.72
43245.90
39906.00
2831.00
33744.37
5123.40
17392.62
42849.53
70336.39
48191.49
40501.56
63476.64
3808.20
73661.28
8969.68
65749.60
3055.24
6276.75
45522.75
16647.60
49853.60
45357.82
31339.22
24941.25
86587.20
74322.20
43353.90
54316.13
12252.96
71144.98
9994.56
66499.65
34644.96
52415.42
30458.56
36834.93
7384.08
41940.90
30242.11
37671.48
29792.40
35353.80
20898.44
67224.00
24073.56
71172.48
85373.70
10361.16
53717.42
3361.54
30908.00
40434.46
30902.40
13784.70
33480.72
33563.76
15252.38
63955.76
22884.66
23244.60
39558.05
73517.20
54903.10
52207.00
66367.56
16786.24
38525.76
84598.65
28499.85
42841.80
39191.50
33220.16
33153.67
38320.56
12156.88
80308.64
45480.60
30547.13
34140.24
32550.70
74534.31
28338.80
6991.36
30553.66
33220.38
9465.96
26328.20
51237.76
23515.70
30377.13
45686.82
3355.54
55541.64
22653.32
73425.44
52929.24
25620.28
26278.50
63827.60
45407.79
17099.91
2720.92
15844.51
21017.80
34936.60
67102.30
14550.39
58336.60
27143.56
54616.38
45454.50
48705.68
34616.92
37138.80
25543.08
8734.20
23515.70
5450.73
9955.00
47986.88
40095.32
911.00
28470.20
50402.12
18740.16
33935.06
3832.20
20445.48
11762.70
24570.78
43079.08
11852.70
85394.77
58670.88
46778.04
19193.24
72204.44
30833.00
14676.48
58670.88
31725.44
5231.49
47775.66
87998.61
44117.58
65629.52
51887.48
85938.65
55115.52
54873.92
57084.06
84733.65
21984.00
58189.74
26156.71
1792.88
40914.96
25121.55
24126.25
1705.79
82237.00
25434.88
34620.52
77986.08
50555.00
10890.88
77584.78
80032.04
53341.20
25562.88
6949.50
15453.00
36710.28
39045.72
10763.41
12553.53
13328.70
70151.26
52373.87
7617.26
33887.70
29184.00
61084.44
85640.50
5169.52
48484.80
12802.59
20217.36
35430.40
15086.06
1843.93
28504.59
1373.46
14541.30
8549.17
1567.66
36126.48
1579.67
15730.56
51633.45
45335.52
47385.24
52426.44
35688.75
40742.52
36998.80
25306.72
53666.40
8649.36
9060.66
61768.80
88412.64
33120.72
46040.58
25887.15
16539.60
35607.00
18024.24
26922.39
65816.66
13566.24
25406.85
3017.20
67323.30
71625.60
44786.25
5796.36
27548.96
37681.20
37840.08
1580.67
40469.52
15470.00
40072.23
37967.02
17955.76
36118.81
30393.33
39345.43
47986.68
38500.23
11375.43
18427.44
58886.28
7733.15
83688.00
49293.91
12332.95
13763.12
37539.40
16920.54
8113.55
25787.60
41268.50
15211.50
35714.88
44643.60
28058.42
54357.30
70184.25
64869.80
78949.19
24413.62
52988.10
34461.75
40231.52
40811.84
21233.10
51378.99
45183.60
22123.63
13103.72
73585.74
56928.90
68855.15
43062.74
5105.55
40523.52
58806.69
5373.72
29158.08
35737.40
1795.88
54089.73
79779.15
1887.98
18737.23
57146.25
9484.90
66671.00
48540.70
18906.91
52683.33
42184.80
36349.17
46276.62
53271.82
19885.06
57421.92
23723.16
51294.25
12454.42
13834.70
38963.34
8433.27
2120.30
9560.50
54738.40
65589.60
17920.55
22242.38
16578.18
2806.98
5671.10
22310.80
71468.95
50477.46
16321.76
29006.25
80641.26
14765.70
19298.88
26494.60
37012.32
12693.60
7449.12
15745.28
75759.55
49508.55
41405.76
18479.40
65874.70
47679.12
23661.27
63024.78
25500.30
44608.00
92897.50
15907.08
16305.76
5405.67
25283.28
49632.75
19144.44
12938.97
12853.60
5477.84
53607.60
52254.81
75750.04
17763.98
89470.08
10462.98
37314.06
56339.50
28596.82
8176.88
40369.23
49318.92
1137.23
37690.20
5750.08
16097.60
62258.24
50679.72
59263.50
63620.16
27589.90
58309.56
41491.56
46224.36
40950.45
1488.58
56227.50
9780.70
34052.80
38029.50
89205.06
36037.80
36206.06
38290.80
32984.07
74679.50
19954.00
27841.41
56508.96
46510.88
50832.36
6475.14
52653.76
4608.96
60670.01
38170.80
40967.42
32131.20
25828.00
80881.71
53376.11
19956.30
66070.56
5475.95
1646.73
64615.68
43726.02
14663.36
42861.12
4092.44
82886.88
20702.40
20789.42
60304.00
12662.30
50958.60
33535.20
48036.10
