9550
6050
195
4318
7326
419
6320
9970
3344
9002
3828
9387
8222
2861
9391
2430
2364
516
5405
6675
2152
2178
6454
5512
7927
2746
1423
6371
3343
3049
2688
5792
4284
3910
5288
7887
1712
120
6047
1010
2156
530
6766
9407
956
9756
8119
4861
9641
7903
4343
3487
1512
8405
6832
2178
1317
4409
8312
6829
8895
9694
4923
562
6948
3608
6278
6596
5318
7687
2662
8709
291
791
7681
9330
6877
7438
8889
796
3416
1203
8726
2466
6519
7710
8473
9343
7605
1924
8495
1942
3529
4566
4887
4202
7251
744
7117
4503
1993
6296
985
3011
1718
7742
978
2283
7643
9130
3715
290
4350
4417
8769
489
2286
7539
9026
561
9104
4517
3692
6508
3335
2554
2080
2143
3723
9685
9289
2468
7339
3043
8437
377
987
205
8701
7846
7092
2450
5230
8694
6120
1215
7296
7689
6786
5304
4323
3966
6618
5887
1480
2830
9007
1134
6402
8336
3932
2921
3510
9211
4690
4133
634
6809
5329
4499
7125
4024
3239
999
5233
4048
8855
6903
559
3940
5235
8980
619
1231
6559
2856
3089
5095
1939
714
7365
2916
5081
97
7524
258
2939
8631
881
463
5771
3982
5335
851
6652
7966
7471
1364
9214
6129
3393
1090
6661
24
8735
4616
7714
3462
2105
5042
1567
9786
444
7558
68
3570
361
4112
7209
1581
8433
1441
6410
6359
2271
6589
469
1724
8834
7930
1544
6702
8875
6304
8461
1739
7740
1291
2964
4904
8303
9346
6871
6738
3738
8460
2244
3023
3425
680
7135
3888
633
7667
6556
3897
3236
3902
501
2729
5508
8315
112
296
8769
4025
3167
4687
5010
1298
5304
6238
2066
333
236
1713
9389
4451
3273
8358
132
6266
7455
8660
8717
8026
6924
1018
8529
3905
641
6018
9457
6727
5713
7855
4662
6906
9276
7118
9718
2405
7292
3199
5386
6227
2440
9203
469
7421
6727
1012
6528
5310
3854
1762
794
7095
3275
385
5123
1698
1765
2593
6752
7392
4411
826
8954
5230
6949
8091
6705
5336
8053
4381
3389
4678
2558
8577
107
8642
8718
2577
4610
8191
5439
6556
9624
3602
2920
1212
4869
2154
8949
8336
1334
1361
505
5944
5731
5432
7058
3870
764
1129
1048
4889
7213
4183
9246
2077
2186
7321
6792
3233
5644
9584
4174
1888
5987
2938
9177
2139
2090
792
3149
3718
1254
4613
5040
6928
3086
8290
3448
4597
4141
4134
8145
2564
267
4788
5051
9131
5812
8248
476
9860
3511
3
8112
8252
3682
2698
724
2915
4649
6232
6713
5461
1590
5735
9445
7781
5361
976
7275
210
3668
7295
446
9799
2632
593
8929
3708
4580
4846
6072
2791
5304
2128
9377
3489
7718
5271
9457
2999
8258
1955
5599
7782
1092
9078
8449
8835
7843
1813
1524
5135
8333
3177
672
3475
8388
7380
3896
4376
1287
5156
1555
39
1224
6768
2358
5444
3816
9902
5946
1628
8636
1716
7145
1538
5047
3651
740
3240
1420
5983
333
4733
9158
7127
9762
9205
1374
9100
1247
5137
4844
1334
5998
8323
1457
7441
5637
2532
5188
9320
6123
8338
8400
6899
7287
7480
3017
7533
7816
913
740
3155
1612
4105
9754
4560
1320
2469
2569
4708
9392
222
365
1254
3316
9770
8734
3952
175
5064
9631
5821
6555
1752
8380
6199
458
4580
5928
5910
5003
1726
5525
3610
827
3363
6821
9676
6108
2338
8357
2580
1695
1463
6517
2623
3533
8526
3248
6350
2912
2563
683
1632
5655
2523
1826
7169
6659
6400
7976
7282
8531
9573
9456
6776
1470
3115
510
6074
9020
3155
2468
7642
4397
7775
5938
6215
1948
7808
6464
5185
3989
7194
7808
565
813
6863
5846
3375
1688
7383
1481
4928
593
1494
5440
4636
6394
7852
5943
3859
4224
1377
106
8998
185
774
7366
7107
3892
289
8318
5976
7752
2066
2383
9191
7639
1964
1156
5189
7551
167
6709
4882
2268
6578
9533
599
4039
6679
8258
575
9925
5599
8948
8907
6715
778
3555
8489
9990
9787
9369
4222
6495
1103
2638
2087
3708
9926
4766
3374
903
9487
3782
7247
3996
5173
6859
8822
1428
3983
9075
430
5360
5416
8885
5521
4855
3466
5271
7893
4649
86
9445
1272
5462
3655
6719
4686
4599
8116
1511
8853
7033
7477
3100
1623
1034
6165
3602
1119
7568
6438
5153
4049
2995
1071
8761
9730
8336
1086
406
1673
4683
4245
5785
1399
2118
6761
473
9640
2699
6677
6690
5014
521
584
2197
4873
7777
2479
8478
2047
1768
2162
10
660
8508
7803
8556
3802
7828
4697
7062
8005
6683
8215
7402
6078
718
3279
6006
1109
2787
1146
6931
8375
6347
277
5354
667
5290
5815
8515
8180
5854
482
7416
1384
5593
1655
1062
2231
6344
3215
5295
6726
1378
8202
8141
8245
4987
5458
8624
2930
9942
8596
5157
8928
4991
8806
9158
8416
223
6520
8205
6188
5599
9379
2224
5062
7580
8934
7165
5898
7948
4898
8202
4074
6341
575
3225
6211
3773
1565
1219
3738
7768
3824
522
7891
4010
3846
3428
6057
7176
3763
4551
4837
635
4893
3120
2579
229
1956
8932
3720
2314
7999
8817
4435
7721
9301
5163
5754
822
759
4753
4710
6656
6586
5879
6444
649
4138
5442
7682
2866
5570
9682
3035
9069
7162
4991
4050
6053
1763
3201
3826
1217
6211
7020
8701
7118
1379
7208
5632
8495
9869
7417
5814
3421
7825
7649
4616
1593
166
5170
9231
9083
9972
9237
8620
13
2401
7187
8400
1796
3333
5254
8544
7438
3088
3973
1232
1846
5688
7859
2788
4367
2110
8146
8819
8041
4184
9874
1487
1358
9820
2710
2719
3021
473
2883
9342
9446
7779
5234
3060
2780
4134
4230
1342
2396
9108
8757
2940
7493
1688
6494
8768
7324
628
8158
1241
1396
6256
5272
3390
1831
7077
9266
9146
7684
1799
1201
9083
6516
3581
7248
6772
4637
5285
8503
6471
6303
8344
4913
7237
8280
5885
8216
3030
3826
1855
2931
6485
