1
22
36
14
23
37
23
21
9
21
36
22
30
14
21
39
28
28
44
41
33
43
22
28
22
9
50
22
50
45
47
5
27
33
25
8
9
39
28
26
30
6
44
50
14
15
47
23
37
35
46
50
12
45
23
35
5
11
18
23
42
43
39
25
38
34
45
41
42
34
9
12
5
47
35
42
46
4
31
24
28
4
42
3
14
48
24
15
17
47
8
37
7
11
13
28
11
10
26
17
5
15
4
47
25
11
47
7
44
26
45
33
42
26
32
34
9
31
48
19
36
47
31
3
16
35
38
41
24
34
48
7
23
47
22
18
36
20
32
3
38
36
17
24
4
24
44
40
4
44
30
32
2
47
26
10
44
47
14
50
48
6
49
28
31
25
34
1
2
41
10
32
26
24
39
37
45
17
49
32
1
41
40
18
45
38
18
42
20
10
18
31
12
21
30
37
37
23
6
23
38
3
2
28
16
18
16
22
41
48
28
21
13
30
30
21
7
36
50
34
30
3
35
1
29
46
18
10
12
17
35
22
8
12
9
37
37
26
39
9
48
14
24
32
38
49
17
47
17
50
31
16
33
2
47
12
4
44
1
8
21
47
45
35
26
18
2
27
34
13
18
6
9
48
18
6
6
1
39
30
30
47
24
14
39
32
36
35
46
36
28
7
49
40
42
29
13
8
17
30
33
31
46
16
10
5
28
22
35
39
18
40
35
22
50
3
7
48
41
39
13
19
8
5
36
49
33
32
34
37
16
45
9
11
20
30
24
39
26
41
39
30
41
27
3
12
34
40
18
24
14
23
47
16
38
46
21
27
10
28
12
34
5
47
41
27
40
22
29
35
20
3
36
8
38
26
18
43
7
35
15
3
1
8
12
18
26
44
23
5
42
14
21
39
2
12
16
12
19
47
24
9
28
5
28
17
1
1
50
12
9
6
38
2
9
38
37
5
7
36
1
33
14
16
21
43
46
48
9
27
33
36
21
19
32
19
41
43
23
10
48
20
10
46
8
27
30
1
13
26
32
3
29
6
40
14
4
4
12
25
5
39
29
4
33
30
45
41
40
22
40
6
6
16
8
7
40
13
24
23
37
12
36
49
7
21
6
22
15
35
1
28
15
28
27
9
48
22
41
8
23
15
50
19
45
16
13
33
32
14
47
18
22
34
39
21
28
16
29
17
33
31
16
11
23
12
17
11
25
46
20
20
42
18
3
18
17
12
4
26
48
23
14
37
42
10
1
9
5
15
6
46
39
18
24
36
11
20
44
39
1
13
21
35
35
30
14
11
15
23
48
33
38
4
48
41
28
36
14
9
23
18
27
17
38
26
23
4
2
21
7
23
46
39
33
33
6
39
10
49
8
29
20
5
41
45
13
30
19
27
7
39
35
4
29
5
36
11
15
49
36
8
40
32
23
36
32
12
32
48
12
11
46
14
19
24
44
48
10
6
19
36
18
41
5
47
36
40
40
14
15
40
14
20
40
42
9
34
2
8
50
23
23
23
14
21
19
35
50
49
27
19
32
49
8
22
13
48
1
20
43
42
44
19
16
40
38
46
33
14
43
14
40
6
37
42
38
26
29
19
36
25
20
34
39
8
41
36
25
43
40
47
1
33
15
6
7
23
49
11
33
42
44
45
36
7
43
36
21
39
36
3
23
4
30
50
47
21
17
2
11
2
19
45
25
15
29
8
9
3
23
12
19
45
17
10
38
46
6
18
43
28
48
23
20
3
5
49
15
36
25
3
48
7
41
12
20
8
14
13
19
35
23
27
28
39
15
17
9
7
39
33
16
29
18
38
50
30
35
10
10
10
12
5
27
5
16
8
36
5
20
28
16
18
12
31
37
21
17
11
10
14
41
30
23
14
50
12
11
24
37
5
44
24
35
28
6
2
4
19
3
38
12
47
30
19
25
29
37
33
2
42
35
22
35
26
43
2
2
19
18
27
50
24
20
50
21
28
49
39
47
43
10
39
28
33
10
6
47
46
31
46
42
13
35
16
9
25
34
17
9
27
26
35
14
13
44
39
44
23
50
22
10
31
29
46
36
5
36
16
23
46
47
18
18
20
10
7
12
34
6
39
35
47
33
36
44
4
9
35
48
50
44
46
30
3
48
42
13
16
30
42
4
6
36
32
41
29
50
47
13
40
33
6
48
12
17
33
14
25
23
8
19
14
12
43
35
25
13
38
40
20
25
20
6
22
39
3
9
3
45
38
26
17
23
1
13
47
30
34
2
3
14
6
48
50
27
33
36
29
