87
139
323
486
168
208
397
160
374
418
97
59
337
329
182
251
111
483
468
201
181
120
256
126
70
417
376
319
406
314
225
317
428
372
468
79
500
293
432
80
363
194
438
236
94
160
60
4
479
209
184
335
77
50
352
30
264
27
417
308
109
288
215
28
290
170
222
417
248
310
345
331
486
107
379
259
95
413
330
289
295
344
69
105
196
201
272
213
160
1
347
24
164
351
46
57
86
316
316
185
124
334
186
43
313
479
330
306
89
116
72
79
60
496
305
423
335
187
80
376
435
133
174
312
230
296
199
295
216
65
451
56
189
330
407
215
450
315
307
342
357
458
439
80
409
269
300
253
85
294
385
210
261
486
470
126
357
419
11
241
167
211
47
264
431
20
250
287
281
392
141
145
264
68
431
286
314
227
361
44
491
249
474
435
412
69
473
302
442
289
456
199
116
318
438
328
433
17
144
275
444
196
291
200
318
45
101
483
140
313
103
336
397
336
245
59
287
117
6
400
208
476
411
234
67
434
375
104
479
45
462
82
420
75
348
95
198
256
159
473
69
74
285
236
115
298
469
104
312
20
34
69
413
149
147
69
191
353
102
434
104
497
401
357
222
113
111
292
420
485
499
34
46
265
379
321
77
391
140
382
225
236
226
229
110
97
346
460
263
409
185
351
218
421
485
476
471
383
53
23
82
460
200
362
436
318
21
1
103
110
318
190
261
28
15
38
380
106
107
301
441
210
215
435
498
321
209
310
22
66
465
346
340
254
25
437
301
124
297
383
265
466
235
482
456
107
70
406
427
388
55
164
277
20
145
251
88
414
100
67
164
87
288
380
323
78
47
71
327
350
424
427
5
50
52
454
96
277
198
188
60
424
339
406
324
381
58
38
182
445
250
189
164
186
463
97
72
456
365
68
273
484
15
60
40
485
463
189
131
278
182
208
394
398
216
412
460
319
328
489
250
273
163
207
448
189
290
30
442
193
279
229
458
22
338
373
129
177
292
477
260
326
380
210
102
461
185
89
102
275
375
269
7
49
155
189
27
27
78
486
139
22
245
68
249
303
479
244
192
310
92
229
447
9
143
178
140
200
388
301
6
59
84
70
348
163
109
433
81
164
299
453
458
233
174
227
500
158
259
111
432
450
72
380
322
331
381
499
362
487
371
101
126
64
144
489
392
499
176
74
229
182
14
163
21
163
118
389
497
38
57
182
395
102
27
140
16
134
133
29
377
245
351
96
62
107
402
491
238
207
304
38
406
381
46
84
275
438
169
32
128
34
234
111
454
90
56
351
148
387
219
217
398
463
248
324
228
397
92
298
188
66
83
251
8
28
51
288
125
253
96
437
64
44
420
415
194
144
442
427
357
254
383
457
69
477
337
31
10
490
16
146
106
40
223
292
206
459
321
327
273
21
480
478
49
485
406
387
353
89
348
400
270
147
35
179
122
409
214
18
64
39
443
49
432
140
222
423
469
381
346
225
478
214
97
254
216
308
402
155
382
460
188
249
495
370
28
128
81
308
414
360
336
420
141
158
283
351
100
260
185
474
465
301
426
468
95
319
265
351
168
294
385
431
47
138
92
349
498
412
194
40
314
370
241
364
299
420
44
158
403
483
396
161
489
352
179
205
348
209
319
35
244
195
204
133
440
497
407
331
208
324
292
49
415
307
388
487
348
279
76
192
213
208
99
392
319
454
419
43
411
8
485
199
496
279
212
394
206
175
478
321
62
221
227
379
371
45
119
90
120
395
246
135
229
62
360
79
470
202
456
454
112
34
12
220
120
500
190
163
110
238
290
453
217
31
23
436
1
141
426
359
127
277
302
281
104
496
238
364
404
139
412
237
379
377
119
131
106
103
8
408
71
229
66
404
346
111
71
63
482
113
21
383
76
381
325
323
223
443
105
6
287
173
261
442
184
349
209
348
162
484
239
206
433
399
145
497
53
262
207
479
47
148
381
214
225
328
199
329
464
112
153
430
411
474
168
413
230
454
250
116
43
32
426
172
496
327
405
16
370
332
357
366
317
466
48
407
138
499
5
340
317
21
425
166
336
136
63
309
136
495
413
193
101
10
376
433
171
326
110
363
326
224
486
71
312
355
60
221
90
232
370
346
115
425
177
188
82
327
311
484
356
417
120
495
264
124
96
266
22
297
465
483
238
128
109
161
469
306
461
71
212
146
156
231
380
275
210
200
456
444
218
393
316
454
345
221
302
57
429
276
62
246
237
41
107
443
10
401
379
312
282
112
305
285
453
211
428
341
