9444
3045
2067
4607
7048
73
744
280
3591
148
2684
5181
4344
2439
1138
9463
4817
5121
5249
1649
2584
88
3663
3888
4345
8226
727
8104
6817
2759
1709
392
5487
8296
7720
5493
7546
7382
8837
1149
6665
9759
2324
8184
5216
8073
2911
8529
275
9938
6822
9503
784
1980
2438
6724
1960
7369
8264
3982
5778
9348
9147
1999
2306
8672
7693
9760
3070
4829
1548
2213
8828
1785
7380
3129
3714
8852
1126
3603
155
9260
339
7800
8135
2704
6623
984
6842
3063
1452
3387
2819
6370
4464
3259
9150
7654
101
6982
8346
6775
8141
5481
8952
9954
7811
3999
6249
4034
500
1967
8439
3145
1805
5526
2014
4789
4802
746
6927
2519
3111
4819
8387
9221
6774
6937
4071
2813
4228
7992
4088
2582
6333
8552
3022
7153
2794
3185
5846
9621
4544
9072
2661
852
6351
5948
8257
4276
3574
3364
1722
5837
9354
9281
3545
2157
3440
1562
6643
4536
5090
735
3743
3095
5832
1646
9711
1568
5779
4047
7076
9627
2167
4168
826
1381
6936
8164
4286
823
1428
4341
8705
6613
1819
6481
1841
7810
2470
6618
4278
8404
7520
55
73
6036
4817
6353
4780
4562
1428
6280
9574
1430
8616
875
4950
4658
3962
2174
4058
9403
909
8721
1176
5472
6411
9239
5325
3824
5577
2094
2156
9725
4141
4039
2370
1222
9209
9933
5974
2582
6460
6042
262
1271
321
1173
3111
3761
5848
744
7951
7038
498
6004
9128
3869
5957
6152
2020
9343
3629
7232
4738
6589
9689
6614
7875
1944
5943
3085
7767
7123
2606
8390
9421
8038
1798
8837
1739
8560
4343
8957
4276
2488
8245
7865
1413
1751
5246
2962
2136
8222
443
4421
2353
4198
1117
5898
9571
1808
3167
2214
1478
4717
2068
6461
235
7225
8474
3555
2606
2512
818
9293
4186
1186
9305
5828
4912
5768
8913
8627
234
1975
7436
503
338
1141
1812
3635
3374
95
7816
4077
1468
4387
7577
2027
6811
9505
8039
5988
6054
4139
3528
5726
6093
8737
4144
7932
1579
9471
4017
9160
8414
7633
3815
2181
2745
3906
4731
1960
7751
3926
8609
8932
5243
5814
7033
1199
1950
7065
8345
7641
8503
4258
2775
4883
6126
8701
1873
1109
8003
4500
2631
5089
3330
450
1069
1162
7726
7252
2895
4265
9219
3157
2551
1376
6461
7240
9744
7904
6749
6985
809
3039
145
2131
6312
644
2648
7021
2988
8941
8676
6906
5966
8382
2819
2773
2328
1019
2355
4092
9887
6889
7454
5940
9558
5588
1721
9491
5583
9337
3120
8522
4643
8045
7031
8614
2261
3214
5068
6821
2352
6767
3814
6655
7005
8415
5975
8980
4358
8120
3072
4195
267
8058
223
3479
5251
3072
9434
569
3116
5002
3950
8872
7393
2040
5348
2352
6021
8935
3873
5661
9241
5819
7651
9894
3957
1829
8391
7234
1178
4423
797
7807
6754
9425
9885
2373
6347
9788
2241
9270
850
6496
1180
1598
9826
3897
8205
6451
5096
3857
1714
5243
7428
7045
2951
2244
1083
7838
1233
6940
1545
4881
1402
305
8220
7281
7244
1258
3873
1549
8494
6568
6838
9905
5041
1871
9650
5113
1738
6682
3388
6209
9411
9423
4242
11
9983
267
2890
5600
6873
9602
9547
1405
7326
4558
2982
9307
7252
4678
6424
177
570
6592
712
3769
9368
7083
6875
6871
5917
5679
1402
9146
2720
2642
969
3568
6527
8885
3475
7766
7495
7894
8658
5136
3388
7965
3184
4174
2056
103
3143
2080
6876
8189
4220
4927
7935
8778
2302
8370
9780
1612
9463
3204
7812
4192
143
570
3681
3916
461
6930
219
3041
3319
9222
6308
3242
8575
4748
7492
1652
890
5554
7520
6975
4470
4706
6303
823
9744
9854
7799
2514
1916
6606
7668
8658
6610
2666
1874
3063
5525
4497
8558
1054
9979
2131
8033
871
976
1101
49
6630
8205
372
2897
596
6158
3530
4709
8240
4231
8106
311
8454
3605
4169
2788
8616
6337
3823
1141
6175
5023
9106
8223
4617
5618
3653
1444
9659
7108
2805
2405
2374
8822
578
8941
2618
5611
3236
2183
6633
6522
4692
3027
8639
8729
1786
2727
9032
3300
5947
5491
3782
7028
7788
6181
5287
8140
5455
5591
3939
2045
4399
7147
3310
321
2134
6226
8293
404
1144
5823
8659
7476
7892
5047
3473
8946
4377
8570
9831
5060
6072
1042
2681
5608
2541
1644
3794
8702
3866
9092
6185
6774
5819
771
6340
8875
7084
728
9970
1257
5988
1174
8800
320
9829
5094
270
731
5845
8418
2369
3133
8550
245
8434
5673
9986
9301
17
4612
9536
3589
7686
4494
6365
7648
3683
2732
2835
4721
3761
4993
6927
2158
8006
7540
701
9831
2987
7269
8703
6024
5190
7253
51
733
5097
2740
5265
1921
3650
1439
8122
5911
4136
7657
7932
3132
3042
3379
6712
8782
3015
432
2992
8563
5955
2950
9563
4922
9899
3111
5557
3938
3235
4158
3268
9461
2159
2130
744
5245
6425
6388
8674
2262
1330
5770
1814
5865
6331
4740
5068
7662
1571
7195
3083
1123
2206
4923
1329
1990
6691
5176
1895
4165
5647
4206
5408
1368
4031
6220
7308
1482
1835
1153
5223
6408
4573
3082
3541
6511
235
6374
3470
7891
9137
1097
8598
5443
437
4247
6019
2274
7138
5420
2144
4785
305
5935
640
5528
3691
1355
2231
7982
1665
8788
1992
6224
1260
5450
9825
9860
5006
1035
40
7637
6502
1914
7938
8918
9728
8619
4745
9498
9843
584
9493
1704
7006
8147
2109
9730
616
3616
5886
6076
8840
4942
1606
6587
4193
9829
5460
4112
212
2852
4607
4463
6517
278
2973
1167
9103
2343
3835
5195
7740
3650
1608
9909
1318
3053
5541
823
4450
1604
8121
7059
9477
4171
7451
2492
7702
3810
7916
3005
8347
4575
3075
7180
8462
977
2443
4183
9990
3650
5328
6447
3072
7108
9947
1915
4050
3548
9670
1484
5159
7231
2035
7827
3510
4807
1606
4112
3830
2199
911
7722
3642
1214
861
