2686
626
1491
919
6584
2609
8213
3198
7624
2231
3680
9590
5247
5360
4202
8388
8655
5081
1292
7662
5278
1542
5858
2234
3996
9675
1141
5556
162
313
31
2224
4706
4814
5228
613
3618
4433
3882
1509
4100
5708
9887
7023
6462
7913
4258
9327
5781
1434
686
3378
7380
9103
9583
9117
7352
8313
512
9342
9628
9847
3482
73
1969
1728
6496
3931
4689
3309
8136
8242
603
3400
7123
4299
1107
3997
8869
1471
7464
676
8164
9015
2983
5674
2110
7421
3371
3662
298
1829
7753
1176
7408
3598
5772
7322
9051
6132
484
1632
3851
5899
8309
9010
1406
9264
6072
1844
8653
3656
2872
6827
8133
6218
976
7866
220
8307
1590
4315
598
5639
8708
4942
3494
6877
2169
1073
5660
4453
1401
1924
7355
88
8840
573
7005
9536
773
5260
3886
2857
5573
13
5181
2040
2911
9947
7135
6670
2595
1868
8429
2136
7204
9438
8585
6593
4529
881
6849
7230
1953
8322
6174
1986
6311
7063
900
5094
4839
2702
6638
1610
3916
6462
3775
3954
3050
9247
4362
2134
3965
5076
6810
274
3755
5754
1657
357
4752
8786
4611
448
5555
7728
572
2805
8850
8957
6241
299
9829
501
4957
1907
4450
7598
5791
1349
6368
9391
8230
4560
8875
7433
1556
5340
7029
8477
4439
4
3631
5103
9604
6918
7766
4960
6006
9902
4997
2280
8179
5095
4102
5344
3845
7351
1312
8362
2694
7554
4644
8772
4831
9717
6354
1704
4728
1278
8893
4400
8167
133
4168
8683
5590
24
9169
3125
5804
7265
2738
7570
7032
3944
1380
1119
294
1699
4307
4258
8748
1331
5517
1606
1845
8379
5374
9358
1721
3518
1205
2074
5648
5186
9162
5287
821
7988
1819
6326
8408
4185
289
7506
7804
964
4821
9995
3923
9530
201
4044
2612
7144
9239
6266
5411
197
7499
717
5415
4206
5560
1530
5733
39
4225
1529
6034
7319
966
7558
5558
9631
2942
1051
2047
8678
3452
5794
5340
547
3816
5339
5930
5222
3061
5634
2445
3694
5076
462
8437
4311
1079
1505
5678
6017
4491
8853
9660
2486
1823
122
7720
9856
9983
2730
2571
5723
141
7245
4463
8898
1965
3448
56
8863
8756
8177
2821
7256
2561
7845
6490
5230
5303
3586
8242
8733
9069
402
1798
2827
8868
4549
131
6144
8239
7116
6844
5860
3753
5755
2846
2041
2429
1617
940
3924
4799
5465
9840
7292
3400
1464
3389
7271
8122
3793
200
3499
6698
808
1643
612
3771
7720
6863
155
3727
8661
4747
9556
4665
5492
9084
263
6330
2179
1373
9450
4958
1629
3100
2570
6640
4534
1208
5527
1979
2203
3343
9919
7521
9101
7412
7999
1862
3680
9088
7098
1418
2954
7183
2156
743
8103
984
1439
5428
348
2372
4252
9753
4448
774
9527
6137
9196
1934
8729
7813
1012
7689
7873
5423
388
8552
5969
3292
7398
5208
611
2900
6914
4008
3133
5289
7434
177
5057
136
2252
6747
8753
6409
3462
8520
9467
1743
1611
2166
6800
4714
1023
2316
1647
2375
8252
1251
4901
2948
3209
5302
9366
6934
9386
2353
3399
8212
6293
1645
3433
4585
6867
5816
8824
3479
1441
8939
2796
6131
4202
8385
1301
3063
6178
6857
8837
2460
1875
8037
2829
1492
8227
6130
9096
9031
3628
1939
6758
145
9824
7063
3799
5375
6661
1493
6257
6774
5571
2117
796
9945
1877
7318
2048
9406
4136
4136
3123
350
1553
4972
78
6413
7679
2668
6773
2992
8019
1452
131
5192
1288
1061
9970
9815
8613
2925
8960
5311
5131
6970
8078
869
2062
8127
7055
2123
4705
6191
7115
4643
4843
7351
1142
5307
3615
9432
8922
4433
1357
6674
9848
6771
2507
7498
926
6007
2793
9497
7000
6773
1123
9113
666
5657
6766
6480
2023
2561
8448
4408
9769
1194
5516
9439
1092
9681
3737
8262
6620
8544
8986
6746
9789
2955
1441
1122
4739
1787
7001
9533
633
8067
2103
3181
2219
9326
7941
2647
3458
2669
6567
3007
6025
9279
7633
8084
2201
411
1819
8797
7597
3681
1836
635
9528
4999
9434
7220
204
6148
5947
553
8177
5658
449
350
4730
2423
541
136
4529
7143
4792
3131
993
6578
4501
8156
7186
1487
2906
4048
6897
8417
2203
3660
106
1534
8951
111
6766
1502
2447
1136
4831
3213
2261
9584
857
389
8936
6461
5817
4714
5966
5445
2432
4108
939
6152
7475
9343
4122
8690
2079
4308
9081
7549
8590
6703
7779
1854
7451
7102
3506
4589
1623
3808
6358
7365
7016
3163
9110
1368
4133
8319
2669
7051
239
6344
1936
4876
5739
4730
494
7155
3469
7653
2038
2770
4166
8986
7118
8977
6093
8527
4802
8294
6890
7903
3135
5368
7042
9546
470
2158
4138
9438
1286
9122
4035
6550
4036
6160
8549
1636
1605
9594
6154
885
6269
6318
4016
61
1246
6944
3746
1332
1667
6409
5859
5546
9472
9953
4315
1608
3000
4275
4039
1891
5277
9243
9052
6502
5584
1201
730
181
8689
3877
759
8201
5329
3339
5828
6159
4939
8959
1918
568
6914
9565
5629
1562
8395
7909
2063
6417
5621
9541
9944
6205
6844
4743
2335
8488
5632
6615
3177
4522
7803
7586
6849
5973
7211
9799
9564
541
9863
4652
3625
7514
3922
6128
2261
378
7720
5515
8602
5433
4564
2333
3443
1033
3575
198
2405
4657
6163
2349
6290
9011
2125
1700
7816
1719
2334
2311
4393
5302
2927
448
3556
4859
4729
3916
9710
8011
7494
9095
4669
7541
1384
52
8523
8939
4765
3669
4791
9748
6263
738
6114
4078
2472
162
1292
8226
4452
2961
4416
8824
905
5239
8129
5625
4651
3580
6783
5883
3421
1017
6129
5354
9943
1990
5060
8833
3825
8659
8300
3560
1315
9141
688
5369
1117
533
9247
9329
9617
9561
8881
9047
5740
5988
7603
9201
4756
3394
1413
835
364
116
1386
2560
9664
1878
8991
9599
9942
9911
7229
2879
3005
2119
2085
1825
8483
9619
2647
