9
46
18
34
49
11
15
40
41
13
42
3
45
22
19
34
16
50
5
29
10
28
44
2
48
11
45
49
42
33
25
20
36
40
48
28
15
44
31
41
16
6
23
18
24
11
33
37
18
45
1
17
16
20
38
14
40
46
47
3
14
40
12
23
37
35
5
37
29
45
19
48
13
20
43
18
3
21
12
22
18
25
23
32
19
8
7
23
10
28
14
30
34
46
14
39
28
6
25
20
42
18
19
17
35
29
30
35
15
13
17
11
7
1
18
17
6
11
24
1
21
25
30
3
7
41
3
26
22
30
1
40
38
42
2
50
12
40
20
17
17
24
26
13
6
47
40
40
16
10
48
33
39
50
8
4
32
28
13
31
42
42
42
39
14
25
12
8
38
11
22
34
44
36
43
25
4
44
32
35
5
47
9
49
22
43
26
39
24
4
2
49
18
41
37
9
40
47
45
31
42
8
8
3
12
22
41
26
50
20
28
10
31
12
1
17
35
29
34
48
35
28
49
30
21
2
50
44
46
17
21
50
40
1
3
9
34
27
8
18
13
41
6
41
7
26
34
45
20
49
45
46
15
36
29
17
42
19
8
32
4
22
27
13
43
24
32
39
15
26
47
19
7
45
43
13
3
9
29
37
2
32
25
43
28
27
1
23
46
2
1
35
17
16
15
27
37
39
47
9
34
11
10
39
20
3
1
1
48
45
47
4
5
38
45
21
49
36
4
43
41
20
48
8
35
6
27
12
3
27
6
36
31
29
39
11
36
21
27
32
42
43
23
43
11
27
13
11
30
30
32
31
10
11
10
1
28
24
25
44
15
25
39
31
32
20
5
50
31
4
47
12
36
36
2
40
1
24
41
19
41
49
48
8
32
4
28
6
44
33
24
36
50
48
6
27
39
36
15
13
3
24
40
25
9
20
43
25
39
41
1
28
20
43
48
13
9
36
35
3
16
25
49
28
24
32
33
37
47
26
8
22
36
43
26
27
26
46
6
28
26
42
25
38
6
27
23
34
17
46
25
20
35
1
32
36
14
1
7
13
34
40
18
23
37
48
22
4
33
43
20
45
48
18
1
23
27
31
19
36
44
41
29
25
35
29
3
31
33
42
29
50
5
10
34
27
11
31
38
28
9
16
32
19
23
36
35
21
42
47
21
28
38
20
30
3
23
38
36
16
46
34
47
20
10
1
4
26
22
50
15
14
48
40
37
37
15
17
11
26
34
40
30
44
21
20
31
42
6
8
5
17
9
9
21
3
36
2
1
17
18
41
9
11
31
18
9
50
44
41
11
36
11
15
43
6
46
26
23
25
33
11
7
5
48
34
14
30
23
34
5
45
47
31
2
3
32
14
42
8
38
34
20
18
19
25
17
14
15
24
27
17
32
37
28
32
18
23
17
42
18
20
22
44
8
10
10
31
42
17
28
42
49
24
23
49
31
6
46
27
20
3
49
7
9
29
9
26
28
49
25
35
20
40
27
30
25
8
8
3
1
33
14
24
7
10
37
43
14
30
24
46
9
10
42
3
34
49
34
11
31
7
23
23
5
47
4
36
3
8
38
14
40
46
14
32
19
45
14
9
46
27
49
18
18
8
49
12
4
20
48
23
36
45
38
16
21
13
15
18
8
23
21
22
26
18
41
33
5
28
6
26
20
28
34
14
32
27
13
42
2
6
50
50
4
49
31
48
6
17
17
29
13
16
10
43
25
7
48
30
5
12
7
21
17
40
16
12
20
35
7
11
50
16
9
39
29
2
34
5
38
42
3
5
34
27
4
14
2
28
46
14
28
4
19
22
10
10
9
27
23
3
38
1
5
34
48
32
39
17
45
38
22
18
38
29
26
13
50
9
32
9
11
9
38
13
33
5
31
20
3
49
3
4
39
39
7
12
3
23
2
43
48
30
18
23
43
13
13
10
3
46
45
46
26
12
13
50
17
9
24
11
46
17
39
42
25
39
8
48
44
9
5
39
17
47
33
40
5
45
17
38
42
7
35
43
37
35
14
31
13
30
14
46
1
5
36
11
14
26
45
17
37
28
44
15
11
46
6
31
34
12
22
22
14
12
8
8
38
49
8
2
26
3
26
28
8
46
24
18
36
26
43
29
6
32
2
22
26
43
27
16
47
39
18
48
33
21
34
39
4
35
28
42
19
37
17
41
13
13
16
36
42
1
43
10
15
17
9
7
12
41
35
4
50
14
15
9
37
2
44
35
34
22
26
33
20
33
3
42
24
41
20
44
34
41
45
30
2
49
