16000
16000
16000
16000
16001
16001
16001
16001
16001
16001
16002
16002
16002
16003
16003
16003
16003
16003
16003
16004
16004
16005
16005
16005
16005
16005
16005
16005
16006
16006
16006
16006
16006
16007
16007
16007
16007
16032
16032
16032
16032
16032
16033
16033
16033
16033
16033
16033
16034
16034
16034
16035
16035
16036
16036
16036
16036
16037
16037
16037
16037
16038
16038
16038
16038
16038
16039
16039
16039
16039
16064
16064
16064
16065
16065
16066
16066
16066
16067
16067
16067
16067
16067
16068
16069
16069
16069
16070
16070
16071
16096
16096
16096
16096
16096
16096
16097
16097
16097
16097
16098
16098
16098
16098
16098
16099
16099
16099
16099
16100
16100
16100
16100
16100
16100
16100
16101
16101
16102
16102
16103
16103
16103
16103
16103
16103
16103
16128
16128
16128
16129
16129
16130
16130
16130
16130
16130
16130
16130
16131
16131
16131
16131
16131
16131
16131
16132
16132
16133
16133
16133
16133
16133
16133
16134
16134
16134
16134
16134
16134
16134
16135
16160
16161
16161
16161
16161
16161
16161
16161
16162
16162
16163
16163
16163
16163
16164
16164
16164
16164
16165
16165
16165
16165
16166
16166
16167
16167
16167
16167
16167
16167
16192
16192
16192
16192
16192
16193
16193
16193
16193
16194
16194
16194
16194
16194
16194
16195
16195
16196
16196
16196
16196
16196
16197
16197
16197
16197
16197
16198
16198
16199
16199
16199
16199
16199
16199
16224
16224
16224
16224
16224
16225
16225
16225
16226
16227
16228
16228
16228
16228
16229
16229
16229
16229
16229
16229
16229
16230
16230
16230
16230
16230
16230
16230
16231
16231
16231
16231
16256
16256
16256
16257
16257
16257
16258
16258
16258
16259
16259
16259
16259
16260
16261
16261
16261
16261
16261
16262
16262
16262
16262
16262
16262
16262
16263
16263
16263
16263
16263
16263
16288
16288
16288
16288
16288
16289
16289
16289
16289
16289
16289
16289
16290
16290
16290
16290
16291
16291
16292
16292
16292
16292
16292
16292
16293
16293
16293
16293
16293
16293
16294
16294
16294
16294
16294
16294
16295
16320
16320
16320
16320
16320
16321
16321
16322
16322
16322
16323
16323
16323
16323
16324
16324
16324
16325
16326
16326
16326
16326
16326
16326
16327
16352
16352
16352
16352
16352
16352
16353
16353
16353
16353
16353
16354
16354
16354
16354
16354
16355
16355
16355
16355
16355
16355
16355
16356
16356
16356
16356
16356
16356
16356
16357
16358
16358
16358
16359
16359
16359
16359
16359
16384
16385
16386
16386
16386
16386
16386
16386
16386
16387
16387
16388
16388
16389
16389
16389
16390
16391
16391
16391
16391
16391
16391
16416
16417
16417
16417
16417
16418
16418
16418
16418
16419
16419
16419
16420
16420
16420
16420
16420
16421
16422
16422
16422
16422
16422
16423
16423
16423
16423
16448
16448
16448
16449
16449
16449
16449
16450
16450
16450
16450
16450
16450
16451
16451
16451
16451
16451
16452
16452
16452
16452
16452
16453
16453
16453
16453
16453
16453
16453
16454
16454
16454
16454
16454
16454
16455
16480
16480
16480
16480
16480
16480
16480
16481
16481
16482
16483
16483
16484
16485
16485
16485
16486
16487
16487
16487
16487
16512
16512
16512
16513
16513
16513
16514
16514
16514
16514
16514
16515
16515
16515
16515
16515
16516
16516
16516
16517
16517
16518
16518
16519
16519
16519
16544
16544
16544
16544
16544
16544
16545
16545
16545
16545
16545
16545
16545
16546
16547
16547
16547
16547
16547
16547
16547
16548
16548
16548
16548
16549
16550
16550
16550
16550
16550
16550
16551
16551
16551
16551
16551
16576
16576
16576
16576
16577
16577
16577
16577
16577
16578
16578
16578
16578
16578
16579
16579
16579
16580
16580
16580
16580
16580
16580
16581
16581
16582
16582
16582
16582
16583
16583
16583
16583
16583
16608
16608
16608
16608
16608
16608
16608
16609
16609
16609
16609
16609
16609
16610
16610
16610
16610
16610
16611
16611
16611
16611
16611
16611
16611
16612
16612
16612
16612
16613
16613
16613
16613
16613
16613
16614
16614
16614
16614
16615
16615
16615
16615
16640
16640
16640
16640
16640
16641
16641
16641
16642
16642
16642
16642
16643
16643
16643
16644
16644
16644
16645
16645
16646
16646
16646
16646
16647
16647
16647
16647
16647
16647
16672
16673
16674
16674
16674
16674
16674
16674
16674
16675
16675
16675
16675
16675
16675
16676
16676
16676
16676
16676
16676
16677
16677
16677
16677
16677
16677
16677
16678
16678
16679
16679
16679
16679
16679
16679
16704
16705
16706
16706
16706
16706
16706
16706
16706
16707
16708
16708
16708
16708
16709
16709
16709
16709
16709
16709
16710
16711
16711
16711
16711
16711
16711
16711
16736
16736
16736
16736
16736
16736
16736
16737
16737
16738
16738
16738
16738
16739
16739
16739
16739
16739
16740
16740
16741
16742
16742
16743
16743
16743
16743
16743
16768
16768
16768
16768
16768
16768
16768
16769
16769
16769
16769
16769
16769
16770
16771
16771
16772
16772
16772
16772
16772
16772
16772
16773
16774
16774
16774
16774
16775
16775
16775
16775
16800
16800
16800
16800
16800
16801
16801
16801
16801
16801
16802
16802
16802
16802
16802
16802
16803
16803
16804
16804
16804
16804
16805
16805
16805
16805
16805
16805
16806
16806
16806
16806
16806
16806
16806
16807
16807
16807
16807
16832
16833
16833
16833
16833
16833
16833
16834
16834
16834
16834
16835
16835
16836
16836
16837
16837
16838
16838
16838
16838
16838
16838
16839
16839
16864
16865
16865
16866
16866
16866
16867
16867
16868
16868
16868
16869
16869
16869
16869
16870
16870
16870
16870
16871
16871
16871
16871
16896
16896
16896
16896
16896
16897
16897
16897
16897
16897
16897
16898
16898
16899
16899
16900
16900
16901
16901
16902
16902
16902
16902
16903
16903
16903
16903
16903
16903
16903
16928
16928
16928
16928
16928
16929
16929
16930
16931
16931
16931
16931
16931
16931
16932
16932
16932
16932
16932
16932
16933
16933
16933
16934
16934
16934
16934
16934
16934
16935
16935
16935
16935
16960
16960
16960
16961
16961
16961
16962
16962
16962
16962
16962
16962
16963
16963
16963
16963
16964
16965
16965
16965
16965
16965
16965
16965
16966
16966
16966
16966
16966
16966
16967
16967
16967
16967
16967
16967
16992
16993
16993
16993
16993
16993
16993
16993
16994
16994
16995
16995
16996
16996
16996
16996
16997
16997
16998
16998
