8810
9252
3529
6237
2023
6003
7674
4600
579
4383
620
7580
3705
7926
6962
61
9883
9286
7495
2764
3308
772
5652
9112
4077
2900
5501
3314
7276
7912
1156
8869
6096
5722
6012
2298
6782
4589
7080
62
4106
1161
3173
2211
19
4330
3770
1038
5969
248
1176
9104
5428
2361
6725
3033
3161
2842
620
3680
5272
4233
5770
5885
2941
6755
1292
6609
5497
2389
1855
5352
9016
6443
4584
1988
336
536
6870
1417
3256
818
6265
2060
8962
9763
267
4147
7234
452
2978
3456
9072
641
9306
6374
2554
2333
8705
5951
1786
9125
7358
4141
6831
450
4952
9489
7626
6627
3159
9586
7619
432
9958
9033
2846
353
8304
3841
3807
495
8438
6506
5891
830
8901
1540
6596
7737
6018
1076
2709
718
3117
2429
9218
3070
2925
4981
9661
5691
3956
7325
6508
2120
4513
4810
7476
2371
8006
3922
7808
2902
3718
5666
6109
2392
786
5657
3308
9369
8819
4414
5627
9700
9256
1037
7564
824
6443
6687
6212
3482
7693
2112
3446
9124
302
5678
4157
4536
352
6172
9969
5521
5065
3270
5456
9661
4983
3994
5812
9424
3236
8391
4514
7328
8457
1696
6547
4336
573
9311
4536
7667
3937
8722
2583
395
3812
6660
8432
1017
9344
5505
3834
7081
4181
6968
88
1568
5961
8576
9558
5434
997
4289
3406
942
5041
2697
9772
2880
3229
4997
8224
2637
8101
7602
7109
981
7835
5284
8778
4582
5328
6015
4397
999
3944
5347
9732
1605
6303
7807
8045
8101
5091
3733
6632
3693
7949
1649
3206
5805
6319
8428
4778
8351
1074
4019
3073
3369
1271
3317
114
6572
29
4047
3892
7205
2115
4828
2904
7914
8807
7696
2334
3424
3805
7686
3103
4893
9500
4022
1890
8608
6961
547
5113
1171
6992
194
5974
7743
5108
7303
8300
6771
8940
8929
3389
4415
3930
6079
2526
2717
5059
5639
2160
8982
7561
3240
1161
9445
3394
316
8445
7391
4890
8817
7748
4244
4326
1501
3131
956
2996
7633
813
9639
3837
4551
9977
8130
8567
1672
2081
1444
7522
731
8770
6720
7190
9860
4322
9672
9948
9825
3272
7243
5591
4752
5286
9374
5780
3662
5264
5978
9223
1680
9914
2359
2923
4480
1909
2168
4016
7372
8531
8149
6864
2282
430
6012
2514
808
1077
4366
2766
4087
7324
39
5
9758
686
2557
4697
9678
608
3987
7831
200
8153
4550
4369
211
5890
4913
2388
2104
4529
5008
6724
7917
8167
7175
5501
2800
7351
7179
5090
774
5414
5751
1441
2550
6661
7502
1998
4547
4697
5385
2923
1576
6128
3712
7285
9551
2253
7966
900
2794
9607
4742
1823
1622
91
7176
7995
5176
9570
2651
1324
8875
1651
3319
4939
758
4191
1722
6430
710
1272
6129
9707
6948
1802
3462
1348
3499
5026
9260
1225
7878
2657
1899
7884
6333
5609
6699
6494
262
8031
5563
4821
3877
4784
609
3421
6068
1140
3478
9431
2587
5192
7422
903
6294
3785
1998
4037
6812
6381
4656
8464
8627
7335
9774
9455
7237
7382
2123
6923
8368
7425
1242
1500
7693
4776
6162
2728
7109
3800
2484
8253
6732
9119
9015
2388
117
3662
4597
8388
5378
4899
5692
273
1049
3854
6380
1373
2626
7008
7219
3260
8152
7980
7603
1209
9325
5027
4251
3780
8876
4636
7317
8788
1433
3851
5486
2116
443
2360
1877
5896
8686
6865
2996
371
6415
94
9609
5887
3779
6001
4634
7493
2232
8832
5132
7229
2768
652
3407
6072
6974
936
5616
3286
2250
9213
5860
3787
7906
3243
3939
5587
4495
5714
408
973
6967
5101
9660
7316
7960
7246
5544
5056
4539
1165
7596
8756
562
5209
4284
4255
4266
4033
1829
554
8978
7315
8723
7363
3675
3376
8872
1691
7031
3530
2683
3313
7741
6962
4802
5697
8255
2236
8615
6035
3741
9618
4216
5602
9600
1963
861
6160
8358
5537
7055
477
5913
2643
7471
3076
8605
5958
9807
2576
1729
3446
6915
8326
3953
8993
5119
9405
1384
8075
3916
1039
512
3148
6676
1126
4008
9449
7825
942
9933
6730
7100
9979
3375
8579
213
3514
7743
8486
7697
6379
6400
3340
4027
1279
4032
878
4602
3841
9723
5392
3889
5177
3420
4081
4932
3217
3991
327
8329
6636
257
1680
8369
6950
6069
2033
1456
224
8382
1345
4731
2294
3891
4905
1594
5149
972
285
6797
1039
673
4559
6942
5413
4167
2028
6600
6729
1108
6408
2587
5669
8727
5852
4911
2884
1672
8169
744
234
672
7637
9083
8085
2961
3602
2840
6319
513
4396
3087
7132
5584
6052
2320
7477
492
1629
356
3515
3295
2901
8814
2816
4185
6579
6534
2466
556
3808
2430
7742
5392
2046
3526
2692
614
9659
7623
1040
2251
8971
1240
4164
6152
4001
4794
3694
4043
1762
1510
6225
9997
8241
4839
4202
7353
3876
3422
431
9011
8046
594
5270
6530
195
3265
4251
2702
8331
3683
5440
1914
3792
9406
8783
3612
1060
7820
6774
7836
3302
8000
8348
5612
285
6089
8958
866
7595
4606
9175
7749
5318
322
953
3824
9386
221
7710
158
8484
982
9731
2932
909
9725
8996
5976
1733
1615
6554
9720
7667
9212
1023
7490
7857
5629
9304
2140
1504
3651
2276
7256
9881
9084
6816
4457
8483
2682
483
1268
5377
6708
9644
1741
1472
4099
7287
5265
5763
2282
8434
3381
3370
6742
738
2315
9359
3905
6180
4740
4498
9699
9877
1113
333
5127
4193
6519
5277
2069
4812
5878
5112
6012
7133
8801
2830
3833
4860
6336
9717
2627
3716
4270
9420
6118
7641
1911
2388
3207
5795
5098
8147
4681
1732
7230
1109
9237
4068
3689
4992
8564
773
7169
9376
5828
4205
4395
3321
1490
7517
2034
734
3312
7889
7483
1996
2052
6119
52
7239
1481
5268
6702
9653
6079
4844
6214
5691
9844
8164
8579
5235
9678
4276
4433
2489
4930
829
3710
7315
5322
1341
9525
172
1952
7363
7209
6031
8511
4187
8078
