165379
165379
165379
165380
165380
165380
165381
165381
165381
165381
165381
165381
165382
165382
165382
165382
165382
165383
165383
165383
165383
165383
165408
165408
165408
165408
165409
165409
165409
165409
165410
165410
165410
165411
165411
165411
165411
165411
165411
165412
165412
165413
165413
165413
165413
165414
165414
165414
165415
165415
165415
165415
165440
165440
165440
165441
165441
165441
165442
165442
165442
165443
165444
165444
165444
165444
165444
165444
165445
165445
165445
165445
165445
165445
165446
165446
165447
165472
165472
165472
165472
165473
165473
165473
165473
165474
165474
165474
165474
165475
165475
165475
165475
165475
165475
165475
165476
165476
165476
165476
165476
165476
165477
165477
165477
165477
165478
165478
165478
165478
165478
165479
165479
165479
165479
165479
165479
165504
165504
165505
165506
165506
165506
165506
165507
165507
165507
165507
165507
165507
165508
165508
165508
165508
165509
165509
165509
165509
165510
165510
165510
165511
165511
165536
165537
165538
165538
165539
165539
165539
165540
165541
165541
165542
165542
165542
165543
165543
165543
165543
165568
165568
165568
165568
165569
165569
165569
165569
165570
165570
165570
165570
165570
165571
165571
165571
165571
165571
165571
165571
165572
165572
165572
165573
165573
165573
165573
165574
165574
165574
165574
165575
165575
165575
165575
165600
165600
165600
165600
165600
165600
165600
165601
165601
165601
165601
165601
165601
165601
165602
165602
165603
165603
165604
165605
165605
165605
165606
165606
165606
165606
165606
165606
165607
165632
165632
165632
165632
165632
165633
165633
165633
165633
165634
165634
165635
165635
165635
165635
165635
165635
165635
165636
165636
165636
165636
165637
165637
165637
165637
165637
165637
165638
165638
165638
165639
165639
165639
165639
165664
165665
165665
165665
165665
165665
165665
165666
165666
165666
165666
165666
165667
165667
165667
165667
165668
165669
165669
165669
165670
165670
165670
165671
165696
165696
165696
165696
165696
165697
165697
165697
165698
165698
165698
165698
165698
165698
165699
165699
165699
165699
165699
165700
165700
165700
165701
165701
165702
165702
165702
165702
165702
165702
165702
165703
165728
165728
165729
165729
165729
165729
165729
165730
165730
165730
165730
165731
165731
165731
165731
165732
165732
165732
165732
165732
165732
165732
165733
165733
165733
165733
165733
165733
165734
165735
165735
165735
165735
165735
165735
165735
165760
165760
165760
165760
165760
165760
165760
165761
165761
165761
165761
165761
165761
165761
165762
165762
165762
165762
165762
165762
165762
165763
165763
165763
165763
165764
165764
165764
165764
165765
165765
165765
165765
165765
165765
165766
165766
165766
165766
165767
165767
165767
165767
165767
165767
165767
165792
165792
165792
165792
165792
165792
165793
165793
165793
165793
165793
165793
165793
165794
165794
165794
165794
165794
165794
165795
165795
165795
165795
165795
165796
165796
165796
165797
165797
165798
165798
165799
165799
165799
165799
165799
165799
165799
165824
165824
165824
165824
165824
165824
165824
165825
165825
165825
165825
165826
165827
165827
165827
165827
165828
165828
165829
165829
165829
165829
165829
165830
165830
165830
165830
165830
165830
165830
165831
165856
165856
165856
165856
165856
165856
165856
165857
165857
165857
165857
165857
165857
165857
165858
165858
165858
165859
165859
165860
165860
165860
165860
165861
165861
165861
165861
165862
165862
165862
165862
165863
165863
165888
165888
165888
165888
165888
165889
165889
165889
165890
165890
165890
165891
165892
165892
165893
165893
165894
165894
165894
165894
165894
165894
165895
165895
165895
165895
165920
165920
165920
165920
165920
165921
165922
165922
165922
165923
165923
165924
165924
165924
165924
165924
165924
165924
165925
165925
165925
165926
165926
165926
165926
165926
165926
165926
165927
165927
165927
165927
165927
165927
165952
165952
165952
165952
165953
165953
165953
165953
165953
165953
165954
165954
165954
165954
165954
165955
165955
165955
165955
165955
165955
165955
165956
165956
165956
165957
165957
165957
165957
165957
165957
165957
165958
165958
165958
165958
165958
165958
165959
165959
165959
165959
165959
165984
165984
165984
165984
165984
165984
165984
165985
165985
165986
165986
165986
165986
165986
165987
165987
165987
165988
165989
165989
165989
165989
165990
165990
165990
165990
165990
165991
165991
165991
165991
165991
166016
166016
166016
166016
166016
166017
166018
166018
166018
166018
166018
166019
166020
166020
166020
166021
166021
166021
166022
166022
166022
166022
166022
166022
166023
166023
166023
166023
166023
166048
166048
166049
166050
166050
166051
166052
166052
166052
166052
166052
166052
166053
166054
166054
166055
166055
166055
166055
166080
166080
166081
166081
166081
166081
166081
166081
166081
166082
166082
166082
166082
166082
166083
166083
166083
166083
166084
166084
166084
166084
166085
166085
166086
166086
166086
166086
166086
166087
166087
166087
166112
166112
166112
166112
166112
166113
166113
166113
166113
166114
166114
166114
166114
166114
166115
166115
166115
166116
166116
166116
166116
166117
166117
166117
166118
166118
166118
166118
166119
166119
166119
166119
166119
166119
166119
166144
166145
166145
166145
166145
166145
166145
166146
166146
166146
166146
166146
166147
166147
166147
166147
166147
166147
166147
166148
166148
166148
166148
166149
166149
166149
166149
166149
166149
166149
166150
166150
166150
166150
166150
166151
166151
166151
166151
166151
166151
166151
166176
166176
166176
166176
166176
166177
166177
166177
166178
166179
166179
166179
166179
166179
166180
166180
166180
166180
166180
166180
166180
166181
166181
166181
166181
166182
166182
166183
166208
166208
166209
166209
166210
166210
166210
166210
166211
166212
166213
166213
166213
166213
166213
166213
166213
166214
166214
166214
166214
166214
166214
166215
166215
166215
166215
166240
166240
166240
166240
166240
166240
166240
166241
166241
166241
166241
166241
166241
166242
166242
166242
166242
166242
166243
166243
166243
166243
166243
166243
166243
166244
166244
166244
166245
166245
166246
166246
166246
166247
166247
166247
166247
166247
166247
166247
166272
166272
166272
166272
166272
166272
166273
166273
166273
166273
166273
166273
166273
166274
166274
166274
166274
166274
166274
166275
166275
166276
166276
166276
166276
166276
166276
166276
166277
166278
166278
166278
166278
166278
166278
166279
166279
166304
166304
166304
166304
166305
166306
166306
166306
166307
166307
166307
166307
166307
166307
166307
166308
166308
166308
166308
166308
166308
166308
166309
166309
166309
166309
166309
166310
166310
166310
166310
166310
166311
166336
166336
166337
166337
166337
166337
166337
166337
166337
166338
166339
166339
166339
166339
166340
166340
166340
166341
166341
166341
166341
166341
166342
166343
166343
166343
166343
166368
166368
166368
166368
166368
166368
166368
166369
166369
166369
166369
166369
166369
166369
166370
166370
166370
