22
1
28
17
10
30
10
39
7
50
13
48
30
21
1
37
5
11
35
18
43
46
43
38
27
6
22
47
14
25
48
35
24
46
22
33
1
2
41
30
18
46
37
21
46
50
33
19
7
17
50
35
13
14
31
3
43
35
18
25
27
8
48
10
39
18
12
31
8
38
50
45
26
11
11
19
31
23
12
12
43
49
5
1
30
28
31
13
41
21
23
10
39
41
3
48
31
12
11
38
17
34
41
31
9
6
34
17
17
15
31
20
5
14
33
8
38
25
13
47
14
47
42
16
6
40
35
2
38
2
28
9
7
23
35
48
17
42
48
23
11
8
15
31
6
13
34
21
17
3
26
25
29
14
19
9
36
7
33
18
39
41
21
29
18
35
2
3
31
49
38
35
8
41
35
1
48
36
34
4
22
39
8
9
11
22
13
8
43
5
8
42
27
37
23
44
32
32
27
28
50
13
29
37
43
15
29
45
24
41
50
40
17
31
8
25
27
17
34
18
27
23
44
21
36
30
20
43
42
34
26
50
46
17
35
46
44
50
27
24
18
49
15
10
2
11
7
28
31
26
39
33
22
26
4
47
13
2
27
46
29
12
34
33
5
45
14
44
47
30
31
5
35
34
42
33
14
49
34
3
11
30
31
29
22
4
34
48
14
46
26
20
7
40
42
43
48
44
19
36
32
35
36
38
47
19
25
44
24
35
46
13
12
32
29
30
2
43
46
35
41
35
5
25
47
48
15
6
35
18
14
43
11
39
47
48
25
9
22
25
10
34
8
28
38
14
22
6
19
29
7
15
44
21
3
32
30
36
24
15
11
49
28
44
49
43
29
40
8
9
50
44
44
9
28
13
37
20
36
7
27
44
48
14
42
19
6
9
41
32
31
42
17
2
17
12
49
17
39
9
39
23
35
31
23
18
22
39
4
43
17
11
36
29
37
18
24
47
49
31
3
4
26
41
31
32
6
29
46
27
21
21
49
34
13
12
9
17
20
49
34
17
32
29
17
41
11
2
40
8
9
7
23
41
22
18
4
40
41
1
13
15
48
34
10
13
35
16
43
12
11
15
26
23
50
47
50
44
13
7
36
44
40
36
5
34
2
34
8
46
6
12
30
26
8
3
45
17
19
28
19
3
31
34
42
21
23
23
9
42
50
37
44
36
48
25
7
43
9
50
26
6
45
48
48
28
42
17
1
5
12
25
22
12
40
37
45
4
22
24
16
19
37
12
22
21
49
40
4
39
27
14
6
22
22
33
14
31
22
7
2
18
22
1
24
5
12
2
31
1
18
4
41
42
3
2
45
8
40
15
20
21
34
21
4
34
2
48
36
36
16
45
10
4
38
6
6
19
41
33
11
2
33
35
39
23
17
20
32
38
10
30
5
27
15
19
27
49
46
46
34
36
36
12
34
8
35
33
36
32
13
10
38
11
27
13
26
24
35
3
31
14
21
16
41
50
6
30
44
33
36
41
41
10
33
17
33
31
14
8
24
13
28
16
20
2
14
1
37
34
35
10
3
9
34
23
26
21
7
34
43
49
32
44
11
40
1
24
43
37
16
27
27
35
45
11
13
7
40
33
46
48
24
45
20
40
33
44
22
10
9
11
48
30
2
15
38
18
6
41
30
8
8
38
19
25
49
10
22
20
21
26
44
25
37
26
23
37
48
41
13
42
45
6
26
20
14
26
3
26
31
44
23
10
18
14
47
13
31
44
26
12
30
23
32
40
30
28
6
35
33
6
34
3
10
43
49
3
10
35
8
35
20
7
16
2
40
10
41
29
16
34
19
10
16
20
39
50
9
45
18
19
19
8
1
37
35
38
25
14
13
19
19
34
37
24
46
39
13
36
16
29
9
11
47
14
1
21
17
9
43
21
19
10
14
7
15
23
38
39
24
4
46
38
41
19
38
21
5
10
5
13
44
13
41
41
43
8
33
27
48
16
45
12
17
12
38
42
11
8
36
43
31
12
34
47
44
2
49
43
47
47
21
22
17
37
41
4
33
36
14
24
27
40
26
12
26
43
20
38
20
14
5
48
4
50
44
43
21
41
48
29
26
26
30
46
32
4
21
30
37
12
43
4
15
31
42
46
22
13
2
49
19
20
11
13
32
11
19
9
15
4
8
41
28
31
19
2
19
28
21
5
38
7
33
45
22
3
44
9
2
30
40
33
42
38
29
34
20
39
18
17
11
31
34
33
14
47
10
42
48
19
36
50
12
38
30
1
33
13
50
27
35
47
15
26
30
26
35
3
