40
32
46
33
33
33
11
32
32
38
30
45
10
14
42
22
40
22
27
1
7
38
11
4
1
22
7
12
36
44
35
1
19
29
27
32
42
50
23
8
45
47
49
27
44
37
6
3
35
49
44
46
31
46
27
15
4
4
49
29
19
6
13
1
31
9
34
40
22
16
23
27
13
5
36
33
19
14
3
3
23
14
35
38
40
28
22
50
27
43
10
13
35
37
1
17
18
13
44
18
47
19
46
37
42
29
12
29
28
35
17
9
42
1
39
41
30
13
5
44
37
6
19
42
30
24
2
46
33
18
36
44
43
11
36
10
26
26
41
41
25
2
25
31
29
31
42
28
11
48
26
40
14
24
44
6
19
26
4
36
42
21
28
7
37
20
10
14
33
33
38
31
14
9
13
2
40
34
34
35
42
2
18
31
48
12
23
29
14
47
23
6
29
20
27
3
44
9
23
13
40
32
34
39
7
7
48
5
33
8
18
44
41
38
36
9
28
7
17
45
39
33
14
39
24
49
31
14
7
43
22
33
39
46
26
40
27
6
19
29
23
28
31
20
22
13
29
35
15
48
16
34
24
44
42
8
32
38
42
23
44
28
28
8
12
16
46
21
17
11
41
28
49
6
43
34
16
21
32
3
37
45
26
4
7
27
50
14
16
31
26
49
25
13
3
5
1
15
33
31
12
28
6
3
49
38
22
13
35
50
7
42
15
27
2
13
7
37
7
12
37
2
10
7
50
6
17
39
1
32
39
42
49
12
26
21
36
15
11
41
37
31
40
46
42
32
29
24
19
25
30
24
21
9
4
29
50
23
32
11
22
9
34
9
44
40
35
13
27
42
1
17
25
22
18
27
9
43
9
48
6
28
4
16
8
10
47
8
42
18
30
4
35
21
11
34
10
36
49
24
44
14
28
39
26
17
43
21
38
49
37
15
33
32
41
50
25
23
10
16
18
27
38
24
15
47
6
30
19
21
44
1
41
14
24
19
30
17
35
40
37
25
13
41
31
2
25
29
30
16
29
13
8
8
10
18
24
41
30
5
6
38
12
43
35
45
29
34
38
18
4
12
43
8
25
15
45
17
25
24
21
45
33
37
34
38
42
36
17
1
14
41
50
24
34
10
33
21
42
48
27
29
29
15
32
46
14
36
14
9
19
1
18
50
46
48
14
27
4
47
8
1
40
33
7
15
31
49
31
37
39
15
5
18
25
4
21
10
20
44
34
27
39
34
37
40
16
28
12
28
28
21
26
46
47
22
20
39
26
20
22
28
25
9
32
44
4
23
9
50
5
10
35
7
20
38
13
46
5
29
6
22
18
13
4
16
25
46
45
6
18
43
33
44
43
48
42
38
36
1
14
4
44
18
24
1
30
13
11
44
15
18
9
18
26
44
19
10
2
35
32
50
6
48
1
37
31
25
2
15
14
2
26
33
42
5
5
43
9
20
26
28
49
3
40
2
20
8
21
50
48
39
37
47
49
18
5
9
37
3
25
34
33
45
16
11
13
22
48
7
49
9
32
44
7
5
13
34
40
24
48
43
2
31
28
40
2
21
1
24
40
4
43
4
41
19
15
21
43
5
1
14
46
38
9
11
45
15
6
20
34
21
11
9
44
47
25
4
40
49
39
23
12
7
20
3
5
27
44
5
5
20
8
49
48
12
19
33
9
37
14
19
1
13
45
38
32
43
46
36
36
33
19
49
48
31
24
4
19
28
5
34
46
35
35
46
29
47
7
17
35
12
31
40
4
29
33
22
5
45
20
48
4
34
30
44
40
13
25
6
36
34
31
11
31
36
17
2
36
22
40
20
41
23
2
19
13
37
18
41
25
14
13
42
39
34
21
12
36
7
19
38
50
22
36
18
42
31
22
43
2
31
37
34
6
18
36
4
19
3
8
18
13
13
6
38
22
7
25
29
45
43
13
18
35
27
22
12
31
16
44
16
8
1
21
11
27
43
24
27
5
14
2
38
36
32
37
38
9
46
13
19
15
33
5
7
42
37
31
35
26
32
39
47
2
42
14
8
2
36
16
34
50
42
14
23
37
1
49
2
35
50
50
25
8
2
41
34
14
40
30
9
31
37
35
3
45
23
43
24
41
32
47
1
34
20
31
27
47
10
25
36
37
4
17
31
35
42
13
35
10
39
20
43
36
30
14
39
10
9
12
6
32
12
13
46
50
18
34
2
9
23
38
4
7
42
15
13
10
17
33
4
10
20
21
3
32
33
38
9
13
4
21
48
42
38
46
15
46
37
