14947
14947
14948
14948
14948
14949
14949
14949
14949
14949
14949
14950
14950
14951
14951
14951
14951
14951
14951
14976
14976
14976
14976
14976
14977
14978
14978
14978
14978
14979
14979
14980
14980
14980
14980
14980
14980
14981
14981
14981
14981
14981
14981
14981
14982
14983
14983
14983
14983
14983
14983
15008
15009
15009
15009
15009
15010
15010
15010
15010
15010
15011
15011
15012
15013
15014
15014
15014
15014
15014
15014
15015
15015
15015
15015
15040
15040
15040
15040
15040
15040
15040
15041
15041
15041
15041
15041
15041
15042
15042
15043
15043
15043
15043
15043
15044
15044
15045
15045
15045
15045
15045
15045
15045
15046
15046
15046
15046
15046
15046
15047
15072
15072
15072
15072
15072
15072
15073
15073
15073
15074
15074
15075
15075
15075
15075
15075
15075
15076
15077
15077
15077
15077
15077
15077
15077
15078
15078
15078
15078
15078
15079
15079
15079
15079
15079
15079
15079
15104
15105
15106
15106
15106
15106
15106
15106
15107
15107
15107
15107
15107
15108
15108
15108
15108
15108
15108
15109
15109
15109
15109
15109
15109
15109
15110
15111
15111
15111
15111
15136
15136
15137
15137
15138
15138
15139
15139
15139
15139
15139
15139
15140
15140
15140
15140
15140
15140
15140
15141
15141
15141
15141
15141
15141
15142
15142
15142
15142
15143
15143
15143
15143
15168
15169
15169
15170
15170
15170
15170
15171
15172
15172
15172
15172
15172
15173
15173
15173
15173
15173
15173
15173
15174
15175
15175
15200
15200
15201
15201
15201
15202
15202
15202
15202
15202
15202
15202
15203
15204
15205
15205
15205
15205
15205
15205
15205
15206
15206
15206
15206
15206
15207
15207
15232
15232
15233
15233
15233
15233
15233
15233
15234
15234
15234
15234
15235
15235
15236
15236
15236
15236
15236
15237
15238
15238
15238
15239
15239
15239
15239
15239
15264
15264
15264
15264
15264
15265
15265
15265
15266
15266
15266
15266
15266
15266
15267
15268
15269
15269
15269
15269
15269
15270
15271
15271
15271
15271
15271
15271
15271
15296
15296
15296
15297
15297
15297
15297
15297
15298
15298
15298
15298
15298
15299
15299
15299
15300
15300
15300
15300
15300
15301
15301
15301
15302
15302
15302
15302
15303
15303
15303
15303
15303
15303
15328
15328
15329
15329
15330
15331
15331
15331
15331
15331
15331
15331
15332
15332
15332
15332
15333
15333
15333
15333
15333
15333
15333
15334
15334
15334
15334
15334
15334
15335
15335
15335
15335
15335
15360
15360
15361
15361
15362
15362
15363
15363
15363
15363
15363
15364
15364
15364
15364
15365
15365
15365
15365
15366
15366
15367
15392
15393
15394
15394
15394
15394
15395
15396
15396
15396
15396
15396
15397
15397
15397
15397
15397
15397
15397
15398
15398
15399
15399
15399
15399
15399
15399
15424
15425
15425
15425
15426
15426
15426
15427
15427
15427
15428
15428
15428
15428
15429
15429
15429
15429
15429
15429
15430
15430
15431
15431
15431
15431
15431
15431
15431
15456
15456
15456
15456
15456
15457
15457
15457
15457
15458
15458
15458
15459
15459
15459
15459
15460
15461
15461
15462
15462
15463
15463
15463
15463
15463
15463
15488
15488
15488
15488
15488
15488
15489
15490
15490
15490
15491
15491
15491
15491
15491
15491
15491
15492
15493
15493
15493
15493
15493
15493
15494
15494
15494
15495
15495
15495
15495
15520
15520
15520
15520
15520
15520
15520
15521
15521
15522
15522
15522
15522
15522
15522
15523
15523
15523
15523
15523
15523
15524
15524
15524
15525
15525
15526
15527
15527
15552
15552
15552
15552
15552
15552
15552
15553
15553
15554
15554
15554
15554
15555
15556
15556
15556
15556
15556
15557
15557
15558
15558
15558
15558
15558
15558
15558
15559
15559
15559
15584
15585
15585
15585
15585
15586
15586
15586
15587
15587
15587
15587
15587
15587
15587
15588
15588
15588
15588
15588
15589
15590
15590
15590
15590
15590
15590
15591
15591
15591
15591
15591
15616
15616
15616
15616
15616
15617
15617
15618
15618
15618
15618
15618
15618
15619
15619
15619
15619
15619
15619
15619
15620
15621
15621
15621
15621
15621
15622
15622
15622
15622
15622
15622
15622
15623
15648
15648
15648
15648
15648
15648
15648
15649
15650
15650
15650
15651
15651
15651
15651
15651
15652
15652
15652
15653
15653
15653
15654
15654
15654
15655
15655
15655
15655
15655
15680
15680
15680
15681
15681
15681
15682
15682
15683
15683
15683
15683
15684
15684
15684
15684
15685
15685
15685
15685
15685
15685
15686
15686
15686
15686
15687
15687
15687
15687
15687
15712
15712
15712
15712
15713
15713
15713
15714
15714
15714
15714
15714
15715
15715
15715
15715
15715
15716
15716
15716
15716
15716
15716
15717
15717
15717
15717
15717
15718
15718
15718
15718
15719
15719
15719
15719
15744
15744
15745
15745
15745
15745
15746
15746
15746
15747
15747
15747
15747
15747
15748
15748
15748
15748
15749
15750
15750
15750
15750
15751
15751
15751
15776
15776
15776
15776
15777
15777
15778
15778
15778
15778
15778
15778
15779
15779
15779
15779
15779
15779
15779
15780
15780
15780
15780
15780
15780
15781
15781
15781
15781
15782
15782
15782
15782
15782
15782
15782
15783
15783
15783
15808
15808
15808
15808
15808
15808
15809
15809
15810
15810
15810
15810
15810
15810
15810
15811
15811
15812
15812
15812
15812
15812
15813
15814
15814
15814
15814
15815
15815
15815
15815
15815
15840
15840
15840
15840
15840
15841
15841
15842
15842
15842
15843
15843
15843
15843
15843
15844
15845
15845
15845
15845
15845
15846
15846
15846
15846
15847
15847
15847
15847
15847
15872
15872
15872
15873
15874
15874
15875
15875
15875
15875
15876
15876
15877
15877
15877
15878
15878
15878
15878
15878
15879
15879
15879
15904
15904
15904
15904
15904
15905
15906
15906
15906
15907
15907
15907
15907
15907
15907
15908
15908
15908
15908
15908
15908
15908
15909
15909
15909
15909
15909
15910
15910
15910
15910
15910
15910
15911
15911
15911
15936
15936
15936
15936
15936
15936
15937
15937
15937
15938
15938
15938
15938
15938
15939
15939
15939
15939
15939
15940
15940
15940
15941
15941
15941
15941
15941
15941
15942
15942
15942
15942
15942
15943
15943
15968
15968
15968
15968
15969
15969
15970
15970
15970
15970
15971
15971
15971
15971
15972
15972
15972
15972
15973
15973
15974
15974
15974
15975
15975
15975
15975
15975
15975
15975
16000
16000
