7910
3865
6717
6003
3695
987
2617
977
7302
1704
3857
6651
7547
7921
253
4388
4106
4051
3546
989
9342
1826
4865
349
8407
1036
1785
1372
7077
8279
392
7849
9956
5849
6043
9474
4997
8867
3456
8470
406
5805
3010
8622
6353
3765
1244
9233
5555
7809
9975
8804
2555
5912
3915
7591
7737
4307
4792
6042
4868
1760
7210
5292
1893
1105
5782
4999
1356
5008
1535
3102
9512
4101
1259
7511
2637
7584
7602
4219
3283
9840
8984
8494
7362
8716
452
3814
4238
2652
2740
5408
2475
8958
9448
5578
944
1464
2464
6651
5401
1236
505
9622
3452
121
3241
479
7020
4171
9790
7870
4541
6152
7848
8957
5132
79
5679
8512
5061
8854
3494
8157
4468
4597
2283
8967
5113
1360
3407
7651
3408
3694
9974
7040
7405
5028
4502
2719
6234
1546
7674
6464
4127
1965
3606
9198
1384
4871
8189
7153
8412
5177
3824
2514
8748
4277
1713
9811
9308
3177
9322
3700
4444
512
1859
2403
2930
4331
6826
6626
1201
8806
824
6013
6847
7227
2412
2704
1969
8358
7339
7799
6803
7255
5759
624
4056
3316
1080
5926
7250
4187
8269
5714
8971
3567
2979
4946
2099
3752
2451
4379
887
806
4685
4967
5574
2012
3010
5613
195
2460
9463
2607
4633
8208
4872
8381
1586
4700
7757
4389
9254
7278
915
8622
9679
4850
1193
8172
3364
6661
7719
8050
6853
8934
8806
6519
1087
8639
9114
3144
2929
6111
140
4032
2370
8142
9341
2074
6943
8184
3324
2694
3764
8549
6835
5295
7240
1112
5110
5713
6057
7801
8413
5798
4466
8059
4743
275
9581
8316
1179
6789
3111
4161
2294
581
9682
767
4489
1741
9307
53
4176
310
2980
2034
34
7256
8254
1990
1257
201
4764
9337
3585
2389
5153
7040
3918
9954
2640
8701
6665
381
4893
3978
1751
3882
2969
4012
8987
6082
8192
8611
9975
7306
5176
7480
8659
1301
4148
9681
7026
5132
3445
824
3259
9751
1156
8303
5663
6248
6237
6422
1286
7243
8907
4311
1202
1688
3909
6625
8479
1318
8868
1012
4152
5724
7145
8082
14
3883
3423
1444
7077
2102
2656
9840
2691
2905
3287
3927
4988
470
5201
2166
5417
7341
6618
5770
4792
4324
8378
7971
2452
8385
5069
8207
103
9170
958
3070
6192
1688
9679
3081
8914
1593
2576
1701
4078
4797
8501
727
5758
9379
7583
8193
3436
7233
252
5262
3675
3357
6260
9144
8842
4760
4032
8081
5124
5101
6804
8214
3126
5307
3649
528
8661
3961
919
530
234
3809
8727
9987
8352
6556
7032
4830
8485
2899
7059
2932
9119
9391
8931
1883
9080
6039
2993
6906
2593
1383
9287
1333
2842
4826
6168
8523
2837
4751
8200
5283
800
5125
3742
9663
7827
6268
6215
7185
8657
3478
6203
8812
1901
8084
7551
743
7860
7360
9265
6364
7760
2487
3600
293
7273
9055
6156
9376
2486
9265
9929
4187
2525
1133
5678
4165
7832
9753
8120
2250
822
2257
9898
8356
3942
9004
6912
9753
9140
609
3486
2169
2444
4711
8855
7956
2049
3383
4318
7933
6214
3074
7554
8094
9225
3340
9469
9121
5483
7481
8298
1089
6502
3104
6294
92
5147
7088
221
4967
7261
2255
7981
7531
3537
9486
9427
4804
4823
681
2316
1681
944
3868
410
8154
4853
3289
6645
3236
8320
674
8294
6765
668
8337
7792
68
3387
4133
8142
8378
2403
7040
7455
293
2983
3161
7023
8629
768
9726
2661
7309
5994
4129
237
5698
3865
7508
8990
2432
8413
8955
3408
5601
3817
2003
3378
1218
4960
9127
4319
6530
1882
5444
5865
7589
2562
5832
2419
8054
74
3183
6519
2315
917
6971
3913
3961
8256
2618
8752
8634
8248
8010
2711
2106
8400
5258
122
7849
2908
8830
1866
6652
9453
6161
8971
4724
540
8937
8692
5703
9824
3565
3777
2543
6777
6995
1832
8354
8990
4919
9553
821
6556
5364
739
2979
8011
1941
4688
7193
9374
7917
2652
812
5860
8856
722
7900
820
5859
2146
4497
1556
5971
8452
3135
2358
7182
2304
3350
1649
968
1219
2578
3842
7460
3650
8858
906
4144
4666
4969
9884
8739
2560
1328
3063
4874
775
738
1853
7701
7547
807
7221
8551
1548
5307
879
2506
1746
874
9405
7070
1387
5618
6518
6690
5751
6776
2225
158
8945
8779
5296
6392
8217
9606
5293
1687
378
3003
853
2849
806
6855
2955
9102
9738
4532
8859
9779
5124
3543
9247
1234
9800
960
1617
5747
9468
1940
2786
457
1458
9150
7578
5167
1778
3819
7062
7670
5725
4266
3000
8318
4622
9596
2657
8849
8840
9160
9473
2588
5906
1774
9218
5414
513
1862
8772
4827
164
2810
9127
1979
263
2795
285
6706
2438
4547
4043
5088
782
4195
372
994
2025
8574
7964
9529
2915
7624
3175
5600
7624
4900
2583
369
7629
8499
2405
8954
3125
2269
2740
2990
2115
530
6297
4922
2204
197
4217
8507
4319
7995
9879
1720
3577
6645
1475
3942
9621
6036
1105
4285
9649
1024
8764
162
1266
8195
4168
6381
5320
1775
144
4752
6611
1575
4500
856
3127
3456
1095
6826
2904
1607
2503
7854
4597
580
3125
6730
7181
6879
1851
6169
706
9820
1761
2331
3097
9567
5059
6041
4204
73
6231
2552
6532
8079
868
6040
314
4311
4977
5248
386
1513
8656
880
4564
700
4438
1351
191
798
8516
4506
2587
5751
1681
6434
1697
580
1644
4909
1963
7710
9545
2633
8592
9787
6788
853
5811
2027
5779
8656
8655
1002
7219
9379
6281
4473
578
3607
7077
2087
5111
4219
7157
5054
366
6627
933
8978
8866
5593
7414
4680
2376
7597
7880
4660
4954
7859
6102
1439
4655
992
8596
1862
3928
9850
2141
9860
7419
4658
3609
6165
1263
2918
9533
6240
3316
1075
5118
3691
8545
3810
8303
2302
6029
3975
3666
3677
7991
2886
3183
1771
3822
2312
5195
4851
7459
3799
5620
6459
9068
2411
761
4512
7528
412
