110435
110435
110435
110436
110436
110436
110436
110436
110436
110437
110437
110437
110437
110437
110438
110438
110438
110438
110438
110438
110439
110464
110464
110464
110464
110464
110465
110465
110465
110465
110465
110465
110466
110466
110467
110467
110467
110467
110468
110468
110468
110468
110469
110469
110469
110470
110470
110470
110471
110496
110496
110497
110497
110497
110497
110497
110497
110497
110498
110498
110498
110498
110498
110498
110498
110499
110499
110499
110499
110500
110500
110501
110501
110501
110502
110502
110502
110503
110503
110503
110503
110503
110528
110528
110528
110528
110528
110528
110528
110529
110529
110530
110530
110530
110530
110530
110531
110531
110531
110531
110532
110532
110532
110533
110533
110534
110534
110534
110534
110535
110535
110535
110535
110535
110535
110560
110560
110560
110560
110560
110561
110561
110562
110562
110562
110562
110563
110563
110563
110564
110564
110564
110564
110564
110565
110566
110566
110566
110566
110567
110567
110567
110567
110567
110567
110592
110592
110592
110592
110593
110593
110594
110595
110595
110595
110595
110595
110596
110596
110596
110596
110596
110596
110597
110597
110597
110597
110597
110598
110598
110598
110598
110598
110598
110599
110624
110624
110624
110624
110625
110625
110626
110626
110626
110626
110626
110627
110628
110628
110628
110628
110628
110629
110629
110630
110630
110630
110630
110631
110631
110631
110631
110631
110631
110656
110656
110657
110657
110657
110657
110657
110658
110658
110658
110658
110658
110658
110659
110659
110659
110659
110659
110659
110660
110660
110661
110661
110662
110662
110662
110662
110663
110663
110688
110688
110688
110688
110688
110688
110689
110690
110690
110691
110691
110691
110691
110691
110692
110692
110692
110692
110693
110693
110694
110694
110694
110695
110720
110720
110720
110720
110720
110720
110721
110721
110721
110721
110721
110721
110722
110722
110722
110722
110722
110723
110723
110723
110723
110723
110723
110723
110724
110724
110724
110724
110725
110725
110726
110726
110726
110726
110726
110726
110727
110727
110727
110727
110727
110727
110727
110752
110752
110752
110753
110753
110754
110754
110754
110754
110754
110754
110755
110755
110755
110756
110756
110756
110756
110756
110757
110757
110757
110757
110757
110758
110758
110758
110758
110758
110759
110759
110759
110784
110784
110784
110785
110785
110785
110785
110786
110786
110786
110786
110786
110786
110787
110787
110787
110788
110788
110789
110789
110789
110790
110790
110790
110790
110791
110791
110791
110791
110816
110816
110816
110816
110816
110816
110817
110817
110817
110817
110817
110818
110818
110818
110818
110818
110819
110819
110819
110819
110819
110819
110819
110820
110820
110821
110821
110821
110821
110821
110821
110821
110822
110822
110822
110822
110822
110822
110822
110823
110823
110848
110848
110848
110848
110848
110848
110849
110849
110849
110849
110850
110850
110850
110850
110850
110850
110850
110851
110851
110851
110851
110851
110852
110853
110853
110853
110853
110853
110853
110853
110854
110854
110855
110855
110880
110880
110880
110880
110881
110881
110881
110881
110882
110883
110883
110883
110883
110883
110884
110884
110884
110885
110885
110885
110885
110885
110885
110885
110886
110886
110886
110886
110886
110886
110886
110887
110887
110912
110912
110912
110912
110912
110913
110913
110913
110914
110914
110914
110914
110914
110914
110915
110915
110915
110916
110917
110917
110917
110917
110917
110917
110918
110918
110918
110918
110918
110919
110919
110919
110919
110919
110919
110944
110944
110945
110945
110945
110945
110945
110945
110946
110946
110946
110946
110946
110946
110946
110947
110947
110947
110947
110948
110948
110948
110948
110948
110949
110949
110949
110949
110950
110951
110951
110951
110976
110976
110976
110976
110976
110977
110977
110977
110978
110978
110979
110980
110980
110980
110980
110981
110981
110981
110981
110981
110981
110982
110982
110982
110982
110982
110983
110983
110983
110983
110983
110983
111008
111008
111008
111009
111009
111009
111010
111010
111010
111010
111011
111011
111011
111012
111012
111012
111012
111012
111013
111013
111013
111013
111013
111014
111014
111014
111014
111014
111014
111015
111015
111015
111040
111040
111041
111041
111041
111041
111041
111041
111041
111042
111042
111043
111043
111043
111043
111043
111043
111044
111045
111045
111046
111047
111047
111047
111047
111047
111072
111073
111073
111073
111073
111073
111073
111073
111074
111075
111075
111075
111075
111075
111075
111076
111077
111078
111078
111078
111078
111078
111078
111079
111079
111079
111104
111104
111104
111104
111104
111105
111105
111106
111106
111106
111107
111107
111107
111107
111108
111108
111108
111109
111110
111110
111110
111110
111111
111111
111111
111111
111111
111111
111111
111136
111136
111136
111136
111137
111137
111137
111137
111137
111137
111138
111139
111139
111139
111139
111139
111139
111140
111141
111141
111141
111141
111141
111142
111143
111143
111143
111143
111143
111143
111143
111168
111168
111168
111169
111169
111169
111169
111169
111170
111170
111170
111170
111170
111170
111171
111171
111172
111172
111172
111172
111172
111172
111172
111173
111173
111173
111174
111174
111174
111174
111174
111174
111175
111175
111175
111175
111200
111200
111200
111200
111200
111201
111201
111201
111201
111201
111201
111202
111202
111202
111202
111202
111202
111202
111203
111203
111203
111203
111203
111203
111203
111204
111204
111204
111204
111204
111205
111205
111205
111206
111206
111206
111206
111207
111207
111207
111207
111207
111232
111232
111232
111233
111233
111233
111234
111234
111234
111234
111235
111235
111235
111235
111235
111235
111235
111236
111236
111237
111237
111237
111237
111237
111238
111238
111238
111238
111238
111239
111239
111239
111239
111239
111239
111264
111264
111264
111264
111264
111264
111265
111265
111265
111265
111265
111266
111266
111266
111266
111266
111266
111266
111267
111267
111267
111267
111267
111267
111267
111268
111268
111268
111268
111269
111270
111270
111270
111270
111271
111271
111271
111271
111271
111271
111296
111296
111296
111296
111296
111297
111297
111297
111297
111297
111297
111298
111298
111298
111299
111299
111299
111299
111299
111300
111300
111300
111301
111301
111302
111302
111302
111303
111328
111328
111328
111328
111328
111329
111329
111329
111329
111329
111330
111330
111330
111330
111330
111330
111331
111331
111331
111331
111331
111331
111331
111332
111332
111332
111332
111332
111333
111333
111333
111334
111334
111334
111334
111334
111334
111335
111335
111360
111360
111360
111360
111360
111361
111361
111361
111362
111362
111362
111362
111362
111362
111363
111363
111363
111363
111364
111364
111364
111364
111365
111365
111365
111365
111365
111365
111365
111366
111366
111366
111366
111366
111366
111366
111367
111367
111392
111392
111392
111393
111393
111394
111395
111395
111395
111395
111395
111396
111396
111396
111397
111397
111397
111397
111397
111398
111398
111398
111399
111399
111399
111424
111424
111424
111424
111424
