54
239
261
311
85
233
296
237
408
263
487
441
232
272
397
434
125
97
174
460
203
470
370
435
19
187
195
61
412
219
263
350
211
245
476
350
364
414
316
255
70
400
272
102
53
339
416
158
297
53
417
113
447
119
245
3
360
262
135
335
213
336
343
484
366
354
393
21
45
235
204
316
346
3
262
78
223
167
144
48
475
285
150
224
261
479
162
373
52
71
140
445
144
11
9
359
197
24
330
44
296
248
207
493
385
89
86
337
262
259
161
214
434
294
426
146
42
477
301
478
366
466
1
450
321
19
4
253
248
146
74
149
359
316
311
257
57
437
223
153
465
400
268
251
21
38
322
23
29
97
181
440
79
124
172
104
54
119
248
202
381
67
175
357
78
253
383
394
151
324
500
37
368
261
136
191
420
106
440
436
383
98
476
210
254
38
220
212
125
20
343
345
443
347
10
195
211
117
439
2
136
284
132
261
82
389
147
424
290
46
482
232
386
20
416
403
65
117
217
335
416
22
256
362
209
374
286
446
83
89
384
3
43
63
436
262
27
255
305
498
11
252
465
297
302
354
434
403
47
69
185
399
272
398
295
456
31
353
451
12
374
346
222
385
381
203
220
171
287
204
224
213
420
49
154
449
84
294
32
44
410
161
430
165
496
180
353
276
387
75
486
474
82
56
453
469
408
157
209
465
405
83
319
190
365
462
186
373
249
151
260
494
427
476
434
404
260
454
328
425
103
67
222
469
428
84
311
65
431
219
40
63
74
53
94
2
103
329
338
340
98
452
70
420
68
377
276
327
185
419
3
134
282
30
231
285
188
12
107
121
268
282
270
14
267
122
147
92
97
135
207
370
207
471
207
307
484
276
70
229
452
460
301
426
278
277
11
410
50
175
496
172
111
253
180
47
21
57
282
155
383
215
317
484
165
344
223
412
213
220
375
233
454
39
48
273
11
126
28
211
64
386
284
99
56
210
126
468
22
226
397
427
260
246
400
414
446
391
243
126
446
101
369
474
156
56
195
368
61
329
131
137
245
482
13
408
342
183
275
114
146
124
214
459
177
49
304
446
129
208
72
144
346
109
247
294
298
169
218
125
327
147
339
7
162
258
240
287
489
363
245
305
374
472
301
417
84
467
253
286
69
171
371
335
243
135
231
224
135
394
457
139
290
358
375
465
342
185
74
341
404
489
146
250
74
133
180
193
213
188
355
330
6
334
260
437
311
206
471
272
235
152
420
183
32
491
274
386
107
189
305
197
154
100
169
255
11
156
334
126
178
16
317
100
186
357
321
393
398
342
52
457
377
100
16
384
384
398
30
66
7
201
118
5
111
9
311
366
494
1
39
31
470
38
280
14
40
270
248
206
104
102
216
316
127
356
46
114
101
413
384
284
254
145
254
272
441
361
61
199
404
143
27
430
496
20
67
247
498
52
87
26
411
377
424
190
77
295
20
332
17
103
340
25
493
63
334
484
356
210
458
442
405
276
298
153
99
473
161
115
168
455
182
162
56
29
112
218
37
204
224
458
109
271
106
389
241
89
149
407
107
83
433
444
117
10
410
146
344
221
144
385
149
202
66
218
493
399
284
121
465
126
314
105
367
352
376
187
433
215
431
161
287
345
369
98
190
193
45
254
260
85
297
468
139
167
96
34
323
30
439
101
193
277
417
226
17
216
383
313
317
338
47
105
27
61
254
443
399
359
228
203
58
448
303
336
476
416
443
311
295
96
451
7
13
178
359
30
194
42
16
260
162
17
421
167
373
104
69
411
407
185
9
276
197
386
492
182
210
460
142
102
260
122
473
137
352
331
296
69
56
232
291
406
279
109
189
134
446
415
428
110
271
483
309
213
41
125
25
188
469
10
178
10
460
277
183
464
58
357
359
229
229
449
316
85
237
351
31
484
65
402
177
247
17
86
406
5
202
67
377
213
190
268
359
120
78
422
310
53
307
267
5
234
235
83
495
422
53
380
83
11
84
15
328
309
103
36
244
74
54
74
111
52
355
220
207
363
125
322
270
445
365
201
260
491
18
43
165
192
327
407
351
499
165
375
103
252
219
266
9
356
442
273
467
470
384
275
402
481
418
187
473
241
465
241
480
229
325
286
262
139
65
286
171
260
110
412
384
92
390
4
166
378
407
207
455
421
56
158
169
344
151
434
248
55
254
193
417
410
144
264
154
174
275
305
304
316
473
297
42
111
35
378
212
246
353
173
104
468
389
6
84
79
339
262
493
274
85
340
455
273
118
230
52
311
483
311
368
422
