256
376
130
437
309
482
317
117
453
12
99
52
427
118
73
335
273
349
198
453
330
425
78
282
282
308
472
430
114
112
283
250
125
276
317
209
204
373
348
140
43
188
2
224
213
108
113
350
209
227
192
338
85
482
339
457
290
5
79
40
75
170
308
58
369
102
280
347
237
119
240
278
414
263
218
150
152
307
323
152
39
400
432
62
486
15
175
34
353
15
329
237
401
33
313
185
10
12
119
252
5
152
291
291
105
222
268
423
50
303
12
118
87
448
376
41
476
211
338
157
409
246
329
421
173
476
213
117
82
294
319
379
280
113
37
28
35
57
383
404
282
78
215
181
371
372
96
244
41
264
294
253
93
338
310
489
344
397
299
360
396
163
13
126
266
124
373
366
378
132
275
361
495
111
28
28
112
66
13
156
412
433
331
233
464
11
254
91
25
296
273
454
467
53
140
321
300
108
282
58
395
330
19
164
462
186
232
206
495
125
191
51
302
309
70
344
348
429
472
366
209
256
453
343
118
260
489
66
439
375
436
392
288
433
377
110
117
230
433
280
86
231
9
137
129
189
457
166
312
320
94
316
36
353
496
193
113
408
60
265
37
312
39
384
131
204
260
452
455
76
214
137
123
68
300
434
247
461
261
30
7
1
4
467
98
21
261
167
39
332
14
323
242
164
47
288
268
43
412
431
441
293
185
490
420
488
189
441
41
292
120
317
424
270
235
376
142
490
297
430
102
206
335
76
36
89
377
356
416
236
140
450
230
35
222
116
498
369
403
375
332
315
48
105
488
491
93
374
57
81
469
436
120
120
83
178
51
393
244
66
314
397
82
112
128
126
88
317
63
417
403
114
457
251
111
324
233
19
211
39
183
90
415
109
434
409
303
143
285
366
373
282
33
403
239
188
387
280
378
337
73
331
68
147
33
290
230
15
320
171
289
379
459
35
163
318
185
433
463
96
92
184
490
158
388
208
47
470
454
216
218
2
383
26
404
108
394
74
249
435
38
79
386
437
287
491
481
306
137
324
354
232
70
445
262
415
121
107
196
174
428
30
41
280
63
143
100
292
77
430
373
68
483
252
301
323
479
254
270
238
346
171
245
98
150
454
419
69
309
496
415
205
314
331
371
405
427
284
490
29
341
381
141
358
361
182
49
129
313
178
153
423
235
98
279
441
2
338
34
203
323
62
127
380
452
175
77
341
133
425
428
475
15
277
86
418
28
267
107
77
134
89
225
10
323
22
468
486
128
218
470
125
82
468
145
124
154
476
215
446
482
281
66
207
172
272
97
292
177
198
290
69
117
261
113
384
127
499
178
483
280
408
446
20
201
261
10
230
360
315
495
491
169
46
338
481
283
17
368
50
498
14
105
332
153
244
448
190
231
239
486
155
72
133
34
328
350
296
473
307
374
351
453
235
86
102
336
487
265
236
101
232
100
10
353
280
46
232
424
69
251
95
196
189
334
171
194
105
198
478
293
479
33
323
57
411
166
124
246
39
193
448
224
471
291
208
342
401
126
270
307
62
172
261
197
282
286
55
116
97
311
387
81
170
180
103
398
411
51
170
252
328
132
77
127
73
480
147
383
315
354
169
223
97
130
41
326
141
305
180
137
414
232
266
206
4
285
155
55
135
335
496
454
343
211
359
379
320
402
463
125
276
175
55
2
262
110
286
428
19
202
334
288
72
387
286
267
132
49
4
28
268
284
179
370
153
407
393
14
221
447
472
232
277
224
118
54
48
261
487
266
165
96
420
352
38
60
252
102
493
375
422
258
182
251
341
345
491
39
317
327
486
174
343
226
426
290
81
128
455
53
49
395
45
158
422
58
499
386
144
85
388
470
83
238
142
236
434
484
107
190
253
146
183
320
277
409
177
386
225
224
369
117
404
390
342
291
446
43
209
92
25
481
408
83
177
241
245
354
336
102
418
99
47
332
241
399
76
379
242
78
343
186
415
414
306
441
17
124
389
382
395
450
405
129
264
45
412
86
162
433
173
53
498
232
443
241
227
233
19
36
419
409
263
60
122
258
13
451
486
185
47
489
160
360
105
207
439
95
62
408
5
38
169
6
447
422
295
2
436
331
421
312
238
459
207
180
258
172
145
428
77
67
402
54
437
284
282
178
418
117
387
85
254
225
122
228
449
347
274
408
263
43
171
46
213
342
74
85
50
244
87
478
153
387
106
450
404
306
226
143
95
138
214
476
381
130
213
156
37
24
303
377
320
279
112
277
279
10
154
471
460
334
42
342
177
287
192
77
194
