44976.00
30768.30
32234.27
40167.25
66177.72
28187.83
16938.54
33937.86
3540.81
8136.88
54938.80
17711.85
23250.50
65145.08
57762.50
18669.23
43847.60
5053.44
25101.52
71179.24
53880.64
943.03
8583.12
12711.30
33011.28
26416.08
51734.74
72276.00
60103.46
59317.21
38144.73
1093.18
56269.50
10955.68
20433.70
41667.78
57696.84
18455.36
38772.71
7832.56
24785.67
43408.53
1165.26
14340.75
48514.07
21238.72
75197.58
50155.71
20241.36
27686.61
38818.18
39325.40
49420.36
48444.44
53833.05
9129.60
54336.72
41764.80
30783.89
28619.59
51667.66
17588.90
28632.45
52856.40
55246.68
8654.31
80815.10
20309.76
42134.16
44217.25
8500.17
29655.74
38088.89
45104.84
65782.56
14788.84
51530.40
42917.87
25035.12
21840.00
49670.28
60107.24
18639.60
63658.65
51218.73
5495.95
20745.84
10144.68
74147.85
33186.00
27790.90
76017.98
49668.36
13514.50
2130.32
39658.56
36657.78
45451.14
69974.50
44832.24
41994.25
27100.80
37406.46
12051.26
54751.42
51220.35
37132.26
22745.94
12332.95
24235.65
59781.27
49768.92
15697.12
32332.23
38344.11
29438.88
30736.00
55081.04
36225.59
14590.62
46600.96
69625.92
5336.61
39552.30
49654.00
30547.13
27894.24
5577.96
15176.10
53291.94
24290.40
66571.00
10120.22
39560.86
49533.20
7247.64
38841.71
13875.12
7187.56
1279.37
82799.22
30308.79
42164.55
28335.03
67672.50
8864.52
4917.28
3673.86
28446.72
38178.00
55190.22
57859.23
38496.48
42165.63
52266.12
71034.80
18870.15
12054.87
14519.20
5029.40
22830.08
18325.98
71661.44
32285.10
39498.84
62699.67
23832.65
39441.75
43367.20
21343.20
59325.00
51105.12
32655.00
45669.47
1008.10
14656.16
46768.30
10221.10
45313.20
32802.65
50023.58
27750.60
27563.90
23089.20
17528.40
40811.84
47251.50
61084.44
41925.95
12754.14
42328.95
6166.65
44246.50
47344.32
79328.25
6825.42
51715.08
34749.48
38260.11
12557.28
11364.08
56415.06
89758.08
33151.77
21574.69
24732.27
64103.40
11444.16
3105.28
69743.89
66376.52
60255.72
23128.64
45975.60
44351.97
50319.45
20394.44
8398.85
22151.16
42495.00
19943.14
36595.00
71085.15
5676.24
18686.23
21654.88
31818.51
57068.83
14755.70
26668.60
12653.36
30160.48
30438.43
37700.32
25924.08
64560.54
64422.54
16418.49
15364.44
17048.00
941.04
59231.37
15525.64
40831.89
34629.44
44820.38
49762.20
63895.32
10727.22
39753.78
20200.76
44497.60
17346.48
21697.95
32739.84
12850.75
76860.96
35191.17
24160.50
31537.44
58502.00
3279.46
27461.16
22552.00
17607.59
56256.06
5681.97
45700.50
21407.32
8524.00
10637.16
59532.21
45651.06
40077.66
50069.12
46276.62
1844.02
51534.80
40946.20
33151.96
38408.18
51612.47
48981.24
63373.60
29060.90
9021.60
19028.70
21759.76
52407.36
35821.92
24166.00
78532.30
37566.48
56394.27
67054.54
21108.36
79159.99
32284.50
35290.08
12178.81
19156.64
2556.74
9059.50
42670.00
31348.68
5003.25
62746.40
33862.14
9920.90
36053.01
54398.52
6734.35
55672.28
62057.16
38933.44
44376.80
44134.41
24489.92
9344.80
25380.81
47515.95
82630.68
46136.72
20733.84
66326.11
61165.50
48219.48
52707.50
46273.50
1843.93
1075.17
5385.85
9484.95
39166.50
26235.90
39946.56
31249.87
14541.39
4472.84
37819.60
1470.56
87892.50
21947.94
37090.66
64187.60
9922.57
56297.67
58670.16
14095.07
43198.19
33846.60
34656.60
8390.94
24891.12
41084.80
31520.58
49660.92
32290.23
36888.72
62270.34
3898.17
18681.88
1670.76
5640.24
83531.40
80084.50
70929.46
25476.03
65573.92
70101.80
53351.10
18489.40
11922.80
43917.56
8659.10
23224.08
38272.77
59775.84
18466.47
43977.84
86478.62
22682.79
32440.54
16832.06
34216.91
42472.24
27690.60
71563.14
1527.62
61153.32
8040.72
36634.28
33641.10
63091.20
21528.12
2805.06
41804.37
58174.05
15070.25
30603.30
12445.44
14511.60
19817.14
60407.84
52290.17
48225.43
26692.82
2910.18
17805.81
26271.29
55691.28
4147.44
18600.40
25227.09
49103.50
16838.64
85340.00
43688.58
53009.68
47125.40
1810.90
6360.90
21598.68
8198.65
10468.98
28230.50
23809.92
39312.24
44911.68
53040.61
30806.89
51097.46
50669.96
70386.36
3752.12
60961.12
60825.17
18980.80
19190.88
18037.32
47966.82
12623.50
52327.80
42188.51
39003.90
14235.10
6384.00
31141.00
35786.34
7427.80
22643.79
23587.16
22391.52
31596.60
73619.28
47552.00
38223.14
25271.55
34261.20
15810.34
13614.60
61721.52
58717.44
8401.12
22644.40
84123.69
55966.20
13753.74
33805.86
20276.04
24362.78
52039.48
70193.60
56268.48
31545.80
14704.16
10868.88
8594.05
20448.45
30713.02
35462.40
91596.00
7472.16
53508.00
52550.16
49813.38
9347.94
34444.52
37219.38
31650.56
28961.02
61770.19
21628.88
2116.30
38056.04
20805.84
5639.91
51622.12
34706.16
29389.94
20514.56
18906.91
42535.85
81913.01
48983.48
10210.88
29181.50
12900.51
44394.00
26593.52
51154.25
51499.94
30850.68
59072.58
51512.16
26667.22
18422.47
37461.69
49549.82
45759.00
59704.64
20614.08
43021.76
30415.43
71927.90
30708.00
46339.02
22084.00
58201.51
27136.62
4308.68
62165.52
26941.58
5017.36
32828.58
44928.80
90195.00
22391.52
51573.99
10912.99
42661.80
29372.10
9004.66
23723.83
16397.19
44222.12
72389.62
18766.02
55102.32
52314.90
40394.90
32828.39
51910.32
12648.30
31150.64
11042.00
8763.30
24650.41
1322.42
80455.07
81398.14
33531.63
59081.48
41781.14
81275.10
3239.42
41067.84
29307.72
13753.85
9284.75
55706.83
50883.72
17662.70
34329.12
53577.20
62336.49
30870.47
3333.52
68823.00
39484.92
1565.66
41581.76
36608.87
31191.75
28830.24
29206.50
10736.66
1700.79
16657.81
9017.68
20896.68
24010.22
11972.90
27446.07
4690.98
50443.12
22178.55
12168.20
27583.67
29767.71
15168.64
11083.84
12493.28
63000.21
37992.64
18277.89
31083.75
25543.08
57820.80
12575.53
34620.72
37966.82
53463.62
23785.56
44892.47
63647.76
32940.36
58111.92
35040.48
56363.50
16787.70
12273.20
15649.12
46473.00
48007.68
27719.10
27163.50
37532.32
2240.42
48115.20
56978.10
10979.52
40334.84
42704.24
11956.72
77949.48
39685.34
3719.90
30965.76
13494.24
26809.38
40191.66
16082.40
4754.01
7613.05
58309.56
51113.86
59375.36
84665.28
47436.92
1045.13
70895.82
3447.72
54969.92
31695.30
2832.09
53746.70
6390.72
18599.50
50133.12
48235.68
48705.03
48103.66
46628.40
8235.09
69073.14
33095.00
56511.00
48604.11
31995.72
43245.50
31428.58
30296.64
49942.50
28318.68
90144.50
41246.94
66493.92
30019.45
77571.48
27720.30
42433.62
38722.40
8086.68
9970.64
58141.12
33707.88
1767.86
64270.15
10779.52
1807.90
52001.10
58429.44
17558.50
38450.54
19428.96
30632.75
59706.92
21317.04
81182.71
20482.44
53472.60
27661.12
58757.78
45031.49
28125.44
57833.23
50114.65
36920.40
38641.00
19621.40
12363.30
11478.24
44576.76
26950.98
43178.74
75392.87
8402.03
25449.17
15528.80
16257.10
28083.51
76275.85
9811.62
43787.50
29202.77
47138.40
43299.52
54868.95
55751.28
54868.80
13001.17
65464.29
22032.24
76535.55
38570.04
17841.98
46735.60
42797.44
63691.76
57480.84
11199.06
34670.16
7659.33
67434.34
33630.63
18979.90
33893.46
1202.29
10529.10
2780.98
47570.76
14465.40
32885.00
22788.08
16487.85
4690.15
44663.52
32430.84
33055.00
68693.32
34581.54
32763.73
35888.00
78472.35
47732.22
28758.66
30596.22
19205.55
53696.88
66244.11
48150.44
15628.68
77571.90
28038.24
45472.98
28080.60
84616.80
27722.24
16933.36
19841.60
35221.44
28470.92
21668.10
8424.27
38833.08
7042.63
34448.11
53115.72
55499.40
35484.85
62659.96
56225.57
18303.46
17178.46
22464.20
35334.40
69801.48
39521.37
34407.80
24185.76
27809.10
71138.76
38681.04
30987.99
30461.94
47149.25
48697.65
36137.34
29587.32
50132.80
9976.50
38937.34
32274.58
25418.88
8098.55
7676.22
27353.26
21407.32
13404.30
19061.00
39431.43
11676.40
49191.48
7387.85
54669.72
9357.90
14307.12
21275.46
44228.41
54763.10
25969.54
42723.00
81965.24
22974.48
70512.21
69945.92
8877.42
1059.15
38202.23
27812.45
38388.42
85959.24
1450.54
72710.82
25407.20
55638.80
30717.49
90959.04
22449.61
6587.05
17058.12
30163.86
60664.00
35814.22
63390.60
33054.80
3729.92
10709.22
3838.11
41563.92
23297.82
42570.85
61409.76
5285.55
59997.84
43470.75
32686.38
52700.58
61967.36
8173.60
24071.96
7993.45
72941.00
33407.91
30976.64
12383.30
47090.40
35156.80
49003.50
37959.80
13735.12
1359.45
28670.24
15640.94
46797.45
14375.30
57256.09
4536.88
46724.00
41803.92
40126.09
16127.40
64525.37
53016.00
35633.22
62304.24
18102.24
30693.60
13826.88
81236.00
85390.00
3754.02
46391.30
87629.54
38737.16
46030.53
45618.65
61841.16
13226.28
24355.65
49716.48
44343.04
49268.16
11334.15
51956.90
63664.94
41696.70
78883.50
20151.45
29948.40
6979.50
1007.10
23680.05
22424.20
44521.75
51638.40
25927.80
45846.61
42090.00
60679.80
31386.18
67534.92
52291.44
10066.56
11052.12
39353.52
38575.32
59964.50
64883.00
46595.64
16327.50
44903.32
7752.48
16780.36
42719.98
14992.08
40915.20
59679.00
5300.55
75702.90
86478.62
80785.00
39017.47
47991.00
43137.74
43101.12
10908.00
11612.40
47570.49
34990.08
82694.88
29359.44
33047.56
9030.00
27660.96
14055.24
41876.16
84123.20
24698.24
57587.74
33707.76
44633.10
22375.84
43639.86
63481.08
1842.94
7063.62
15063.93
20694.08
18422.36
10156.68
53693.64
24145.74
23319.08
60168.24
60435.36
37218.69
34311.91
26780.50
16308.00
68382.68
56969.70
30572.40
20745.78
49852.50
91824.04
53767.40
31706.44
38911.95
