7835
550
1378
7039
7444
4861
5807
2581
2887
6017
1799
948
1072
5160
1305
3327
2217
9474
3112
2495
2266
4818
2685
3669
1887
9331
2331
5678
5302
4754
6926
6961
7820
4079
1182
2813
7160
8937
4022
6883
9717
8064
4248
2459
6507
1752
7062
3998
8717
4697
1050
6551
26
3641
7319
530
372
9238
4886
2959
8496
9046
2050
4049
8243
6781
4416
9167
2038
341
8038
3587
6759
5523
3669
8805
8738
5228
6013
5300
3230
5747
5677
8108
7291
5026
3622
994
1423
3841
2363
1202
8860
8561
5562
67
4971
803
1030
861
5096
7682
5245
6608
418
2257
5451
86
275
4175
9111
6763
7015
6988
7746
1763
6420
6457
8996
2401
6365
8248
793
9656
22
9082
4643
7825
8981
8100
3580
1742
5890
51
4235
4869
9245
6575
250
47
9097
7173
3704
6114
3860
7226
2923
6511
9593
5857
4267
4658
3584
2090
7765
9372
1401
3674
2932
9603
2122
5799
3510
3396
6833
4507
4953
2556
6319
7081
7929
5677
7189
3242
2022
7143
1637
7036
392
4043
4712
1228
4569
7371
7823
8875
4321
1033
2288
2126
7461
1374
1695
3485
9287
179
7298
278
928
2973
4545
5047
4455
1778
8570
541
6982
6908
5609
7064
7633
9867
9909
6226
2151
8165
7030
6664
8004
2984
1048
3626
960
1103
3787
9260
5399
7503
7424
6706
5273
4784
8267
9562
6921
8637
6566
5629
9520
3221
880
5224
2546
5614
2760
5087
4777
4437
7864
27
5838
848
5677
5741
4336
6901
9411
2800
9582
1629
8405
3381
8483
2487
5609
6811
2164
3903
2943
8291
4450
8383
2977
1231
2736
9097
7566
8216
5057
2309
3960
1384
6539
4142
2859
3619
416
6629
6442
4607
4981
5412
8495
1231
7112
3376
2762
582
2880
7497
6924
5769
873
9191
4772
2021
3993
6583
8749
60
8466
2975
7970
813
3356
7928
1533
2321
3716
8471
7510
7874
7688
9038
6664
2615
3210
5699
9005
2150
749
7527
6108
5394
4279
2208
8387
6992
2083
3066
9720
2602
7433
2499
953
7444
8244
5661
1487
58
8239
1106
9456
4068
2026
8690
6619
6383
7741
4666
5562
9850
4775
7074
1794
9069
4925
3108
9641
6157
7517
7079
1203
8940
1337
197
9285
9748
9286
5310
8729
5858
242
2367
7897
9691
659
3412
9981
1747
8187
5648
9623
3733
9253
3536
8912
8073
7232
3173
5086
5957
2828
8445
4211
1610
2634
392
3962
3295
8112
4316
8319
6653
1
5547
1924
4637
969
152
1308
5424
8331
840
2787
6763
784
7763
3045
7711
2499
7597
8557
4046
6305
3350
7191
1987
5073
5887
6564
3009
9796
5357
8113
4602
5329
6372
220
8829
2391
5120
9398
797
237
5149
833
228
5825
7411
7635
9939
730
395
2603
6481
2110
5512
8454
8469
5931
6845
2881
8528
8710
8140
4033
6712
1576
5313
6467
7336
3979
4842
8804
7832
2635
5692
323
5424
6101
6483
8695
2783
6260
5640
2227
8147
3509
4061
7149
9886
5296
5790
8001
9463
9486
6413
4340
989
6138
6833
1917
4359
5307
7940
6121
9279
3990
2741
3003
5207
395
9983
2887
328
3717
635
6250
4403
9654
3970
8706
8776
3494
133
4578
9718
5287
6083
7119
3021
6081
7379
7318
7129
3099
3843
5548
410
7907
6679
4520
7905
757
5738
4747
9006
6544
9548
105
782
6553
4572
954
2585
504
5990
1456
7219
3133
9126
1426
985
2322
1654
4698
2501
6288
827
872
2424
9617
9327
9422
4113
1961
3289
5608
2284
5889
3447
8883
5168
314
1377
8911
4070
3768
6798
2029
4798
7621
4859
8145
3013
6957
6934
8367
8438
267
2952
8979
7590
9423
1366
8974
590
6371
3204
2770
7946
8068
3661
6082
4604
6998
878
4896
3307
3114
6672
164
582
3326
8065
5186
7129
292
6278
9731
5920
9721
7805
8001
6601
9018
9609
4677
7394
9540
3845
1448
2358
5268
3018
8575
3606
3498
3724
7986
7475
53
8621
3811
6152
4482
2758
5853
618
587
5358
1388
2947
9897
2695
6305
2306
9889
4291
7637
919
4158
8730
6576
7296
1188
8928
7215
8826
5213
4287
9619
4140
5574
3725
5440
4693
351
687
6670
9718
741
6436
4771
8167
8540
7908
7399
4799
1328
3133
580
1926
6111
1499
4511
5379
81
1947
2604
1156
9741
4483
6610
6145
6428
784
4691
3285
9217
1269
8632
5683
4681
1967
8586
4170
2933
4634
1746
8320
1061
9015
726
1863
1136
8562
4508
4466
8652
9210
1215
7631
9614
1358
7972
4961
5010
8644
2686
106
348
2561
7356
6994
6265
3721
2995
9932
4213
3378
3455
1661
2936
7258
4839
5198
6852
2209
2942
127
7419
5010
2238
6938
8438
3878
3394
1706
3731
3266
6780
4556
762
2225
3280
8612
339
3835
3500
3609
535
998
1857
8688
2909
9757
234
9275
7349
9856
6422
3559
2597
1228
5708
5326
3377
1473
683
7160
6108
1212
9499
4950
4536
5918
590
2320
6918
7428
2305
3444
270
7038
6887
523
1619
8354
3474
4893
2129
7787
129
8154
5701
8930
5390
5553
6275
4062
9400
9459
1570
5591
6488
1534
1718
3325
8070
9962
7804
2078
1685
2225
9995
8035
9706
5649
7790
963
9536
6851
4174
8760
7340
1081
4623
4860
7953
2241
8336
1815
935
4751
7489
1721
8676
5417
2875
7574
15
7904
9947
6159
3908
7318
2949
9860
2185
6132
7438
7505
1883
285
1580
6092
3972
5494
3934
988
2292
101
7652
92
2289
619
2617
554
8778
3644
2167
1905
5799
4856
2935
5443
5167
2754
8727
9693
5882
7553
9244
3482
7831
2380
2889
3223
4552
3313
3782
5941
8355
7293
5045
4909
9449
6600
8485
5530
586
7890
3985
986
9095
510
2875
4566
7072
3933
8502
9462
8734
2065
9770
6994
2122
8391
5101
2167
4741
8215
7979
1673
4066
4768
8881
6498
5565
9905
3067
450
688
3756
1179
276
9994
5920
1840
1702
6521
5411
7847
6923
2851
1522
9604
4146
