247
323
113
189
427
497
273
433
262
57
330
462
226
218
43
29
220
206
117
43
201
306
459
258
295
309
71
199
428
473
99
239
205
99
315
472
266
115
194
192
250
310
294
404
111
331
189
273
182
144
326
461
395
244
170
368
328
140
412
326
51
483
143
428
393
330
324
356
457
435
273
246
373
134
235
361
486
156
278
83
467
101
486
65
215
171
129
156
400
439
266
161
241
33
58
205
75
226
216
82
448
180
255
492
332
29
221
42
488
2
439
21
20
157
151
455
3
161
349
348
350
477
140
114
259
330
269
291
62
431
202
59
333
465
303
105
288
338
125
293
412
272
350
306
85
440
209
44
235
192
478
354
329
428
133
283
348
264
78
205
289
99
209
368
45
420
465
464
290
342
28
5
35
12
259
19
257
177
470
429
483
128
220
221
232
75
485
409
8
232
202
441
486
189
189
43
437
305
445
431
222
26
6
284
321
225
36
83
21
326
5
402
56
199
125
95
268
381
40
266
200
157
296
41
229
429
276
181
120
151
345
51
193
260
225
392
48
368
313
418
324
329
398
316
186
171
172
434
418
299
50
363
165
50
127
467
181
254
71
311
447
21
293
464
9
181
10
74
136
252
413
422
192
130
34
362
170
141
189
193
390
235
426
31
460
254
86
34
407
437
200
383
223
135
337
141
395
22
443
401
131
119
53
115
472
483
231
455
175
48
283
98
262
53
233
223
170
444
179
57
323
72
249
47
83
356
467
50
259
27
257
295
380
270
280
15
142
280
8
143
375
243
138
209
209
449
167
206
478
465
448
80
433
75
411
77
199
310
360
408
266
117
235
475
114
496
274
274
61
241
408
421
163
326
277
19
337
277
435
61
362
403
230
39
216
154
389
443
332
65
330
133
136
457
275
398
270
312
484
204
494
11
353
236
415
14
63
469
328
335
494
423
464
318
120
212
408
312
180
428
442
355
10
430
215
224
40
243
58
200
450
304
76
266
334
200
41
474
7
394
432
69
146
96
423
348
219
363
335
493
159
115
115
450
211
490
243
345
272
500
154
143
327
69
182
181
326
121
203
165
214
106
365
274
280
130
311
163
56
429
312
458
274
205
161
229
148
286
194
249
365
121
217
344
88
184
461
199
172
287
245
111
65
453
136
378
462
164
40
401
429
321
428
395
427
115
73
433
4
463
238
25
238
403
19
190
471
175
363
174
405
438
142
461
439
143
72
122
366
27
190
467
202
424
25
287
50
178
151
121
308
137
153
465
488
294
298
37
414
239
180
484
490
222
267
438
448
108
458
461
420
232
81
151
282
287
33
38
277
423
139
371
393
400
359
24
481
205
114
447
48
448
453
329
401
495
215
308
482
200
173
439
223
481
383
90
198
185
241
45
15
434
142
198
408
377
138
228
189
142
413
23
172
249
355
470
133
255
69
67
52
249
355
3
60
146
315
173
134
334
449
472
37
340
97
137
361
387
500
9
174
247
111
450
351
231
108
50
492
84
58
107
130
324
273
315
456
17
87
407
477
141
443
253
429
72
125
88
490
320
374
277
66
249
288
273
202
162
14
98
263
43
304
400
428
245
52
76
19
18
94
446
89
100
152
449
491
5
33
491
332
65
61
222
290
43
1
421
274
338
290
37
182
157
387
195
157
235
127
376
243
30
364
265
325
468
373
99
429
305
204
371
188
453
219
26
92
337
383
495
3
468
220
239
32
422
391
215
218
422
281
236
81
23
311
190
335
309
52
175
384
289
219
230
314
24
309
497
499
185
130
270
30
353
437
59
178
21
292
384
338
231
446
31
36
101
27
212
288
122
214
56
469
114
128
338
441
98
176
8
82
6
151
52
113
230
365
493
29
78
8
301
409
36
410
100
425
323
382
115
204
214
195
326
203
36
358
50
238
406
199
241
8
291
188
440
268
110
203
277
259
311
79
213
37
480
182
444
480
190
498
222
15
303
391
322
3
443
208
461
234
15
372
295
187
410
278
58
195
195
47
26
254
368
48
314
266
312
491
178
77
315
205
384
26
81
385
371
400
58
403
338
158
83
318
371
195
195
23
299
465
382
314
243
188
14
331
240
144
175
396
441
191
3
462
32
236
185
189
437
148
435
128
86
17
88
238
355
335
478
11
32
295
400
420
22
40
178
144
281
120
35
451
439
184
18
3
117
53
462
253
205
223
150
291
190
65
305
497
356
48
87
91
239
480
7
270
414
283
277
456
99
366
288
333
390
21
220
122
237
288
121
288
311
348
398
210
371
89
341
