9541
303
4255
6131
2121
795
9785
5798
2544
5801
296
2870
5309
4669
3671
3949
8247
4022
8652
1311
1441
2735
6312
3591
7940
2451
4934
2911
7344
9400
68
5511
5687
2396
9730
8340
9226
9847
691
7598
5915
7538
9080
923
687
5670
1074
8633
9499
4451
5343
6379
5484
4434
5724
6075
6694
5481
8921
2709
7502
5068
1622
9348
1610
4088
5777
7728
2558
9740
4296
2508
894
9076
626
2791
8030
8276
4678
3192
224
1818
5280
7067
136
4882
8182
6753
5327
5605
281
1519
4852
3101
7063
2729
8598
1118
7965
562
7635
8900
7616
5540
9126
7279
5987
9887
486
6960
9854
1545
6080
2602
6874
6052
4059
3069
8336
6927
40
2003
2964
2771
7679
3500
4252
1161
1727
3882
9
2474
9934
3748
1259
9664
7433
3999
2801
4316
7715
2702
9487
800
827
6949
1603
8234
5893
1060
9662
7892
8998
9011
6156
621
2256
735
3031
2338
9303
2867
3295
2167
9481
8217
7684
5973
339
1522
1359
9609
7323
3375
2124
3978
7202
8113
4072
2550
6967
4354
8423
5176
1188
1263
4673
8720
8738
3914
1040
9578
1186
9826
4414
2576
4210
5885
8971
9628
1548
4536
9938
2265
4256
4697
2114
1966
6556
1651
1320
8478
6869
5197
3900
3040
401
3525
9936
8748
9568
5405
4306
8461
4540
2042
2429
804
5257
3676
6670
8959
2891
145
1960
6757
3298
7349
2326
8905
9973
2801
3380
1893
8113
1295
1406
231
9962
1021
9211
6012
9550
3158
9864
587
394
6870
2864
7317
2122
3859
3755
4371
7836
5382
205
9390
6046
6753
2921
9686
5607
2180
2934
988
3423
6295
8715
7428
9418
1563
9147
1327
3537
3085
4474
9217
2081
4460
4257
1167
1551
1221
2185
7420
5135
5132
9262
9708
9135
7779
2362
1623
775
3878
8550
9109
240
8924
9606
9508
54
1754
7858
1946
1123
9389
6359
3225
7322
6501
6383
4495
1765
8928
712
3452
7097
8355
2138
9196
3601
937
578
5025
8018
4106
1092
3073
4322
6008
9642
3680
3478
9074
6339
4949
4006
4154
8705
4022
1420
5247
8405
837
2917
85
3822
3599
7599
1665
9667
8497
2427
4837
4366
6937
6850
7143
9902
3000
5818
5388
6537
3006
9722
1597
4341
9597
1288
1130
901
562
6544
9869
7014
80
6749
8642
7659
4722
5557
2096
9433
7063
9671
4454
1911
2526
8272
2522
3764
4800
9954
3338
4725
9710
981
8363
6783
8504
9373
5944
8644
7220
8783
552
5046
3174
3432
9470
7937
5257
7825
113
5564
1672
6990
6639
9546
7928
3946
5722
6873
8031
4953
1229
5624
2167
7353
7637
4128
6980
1483
9175
8865
2463
9642
1827
1684
2948
9795
1578
932
8921
616
2147
8321
2897
3913
2554
1491
1517
8371
9201
5058
6753
6422
8265
4198
584
4973
1041
9633
5674
9775
2158
8551
5455
7100
5006
2586
1400
5308
5019
9205
8244
2214
6634
2826
2373
1489
7857
6295
5451
4949
6541
9767
9817
9752
8271
7975
1943
4989
7785
2483
648
3241
7503
8492
3152
3367
4081
3640
8959
8664
5136
1734
6425
2610
5956
5890
6803
6531
239
9165
9800
6345
931
9493
2914
7898
4925
9487
8945
5579
9692
7893
4563
5536
9450
5591
8868
8760
4018
6024
4525
599
5720
9680
4725
4036
3000
4547
9715
8952
8873
6315
3803
7859
4665
3484
3635
6413
8566
6133
2788
9558
824
6570
7256
5497
3265
6195
7812
311
4407
8729
5001
4223
8472
6534
1023
249
411
5410
9603
3924
1060
4079
6505
6559
8385
5968
4836
6946
4388
2345
4403
750
1231
7682
5194
9457
62
19
8614
1724
2204
8847
6056
1253
9652
3680
7257
869
6823
9132
654
542
638
1073
8716
9599
3420
7285
3079
5816
8287
9054
5679
3115
9614
9165
5291
3920
6930
2128
8939
1319
6488
475
7853
5171
5897
7343
9319
322
653
5887
7860
8489
9693
6835
7696
4083
4972
7118
8599
7334
2781
8628
9710
8781
9072
7203
489
2420
6875
3963
950
3685
2505
3258
4005
1750
2927
3172
5874
5980
5364
7240
1804
7322
7750
1921
3768
1024
4095
5005
4350
2194
4134
1800
1808
3562
5966
6811
2230
5433
2882
4070
6751
9225
1196
5810
5839
4574
3005
3504
4500
9305
2337
2481
6639
2360
5193
7364
1517
1306
4537
1085
301
4986
4251
5148
6131
7817
5535
7306
9942
4057
5022
2774
4765
3196
7224
9208
8820
3250
7502
1633
2109
8885
4012
3731
8369
4207
5052
8453
4196
2003
3440
3520
9803
8328
6457
8011
3408
2379
1355
9018
404
8124
8322
8974
2566
2132
1416
2568
9835
8092
6394
7803
9886
8868
2974
6835
3017
8645
7547
5770
6066
9202
1741
3500
4275
5251
5779
986
9562
6360
3573
7980
3375
3091
8102
8119
9337
270
1667
7422
8258
7251
7442
6316
8603
7410
3610
6711
2648
9180
7616
332
4231
945
6738
2174
9841
7014
6299
7080
2670
397
6161
6839
8987
160
421
4757
6659
7441
1408
9605
5894
5603
3180
3702
2674
7092
9844
4462
7037
837
7074
7474
733
1236
4927
4748
8203
5500
1919
9271
4082
3067
8172
2555
5431
7717
889
5618
2776
8880
6198
8596
9288
5418
8317
9681
9790
9017
3021
5337
2055
8856
7789
6174
5168
9353
8357
4767
6589
9558
4076
4946
6499
7149
9287
4780
3486
5996
8067
7329
8708
6623
266
4274
4638
760
9402
922
3510
2364
5433
597
3499
2029
7756
4207
1898
5000
5678
9094
9666
2230
3579
7935
6501
5987
9427
1917
8652
8001
1258
1720
7342
9475
3196
520
3939
4832
1986
9608
8533
6927
6572
7163
6872
7699
7449
5245
7224
2061
2890
8260
833
4706
3284
9021
8095
213
1287
8228
3278
8949
4499
987
3184
8037
5384
4634
5439
1034
7834
7054
1261
3853
1038
786
5723
6262
841
8722
1188
4566
6473
9690
7233
9662
5475
3030
9859
9099
8373
7559
8763
8875
6554
6133
9731
3014
3988
1053
884
8644
3742
1279
6656
