10194.88
1349.44
34633.80
5040.50
20455.93
20677.10
3228.51
48501.34
9299.75
16103.36
63318.24
59815.80
3597.87
11564.32
3330.60
6992.45
61682.80
45855.21
32326.58
83687.56
54868.95
13496.70
20918.40
26193.44
1560.65
74643.75
5746.20
35787.24
3733.02
24952.25
77890.08
36171.41
18974.15
50923.61
59142.45
44959.60
1615.70
33931.72
23608.41
21965.58
62100.64
53508.00
16362.00
18193.37
41253.68
58009.05
12409.56
5610.00
62986.40
34378.30
7571.92
61931.52
38364.82
5114.37
71926.50
6499.08
76448.41
26488.40
25587.36
44346.12
20241.60
41327.22
10448.13
38041.80
76881.12
4910.40
16031.51
11870.87
34807.50
21070.08
47569.95
50201.28
1996.18
53397.12
11357.94
53938.55
59342.70
19901.14
44350.56
23186.30
16033.16
84472.80
57410.68
14559.28
38144.04
18609.50
75491.36
34003.86
1456.55
35938.25
34002.45
21425.95
7715.33
51174.36
27463.80
66040.20
11082.00
31207.22
36699.26
50165.28
22004.46
32311.02
17448.40
51505.44
10835.77
30765.02
45191.52
15176.10
8433.00
6102.44
5561.82
6829.32
30300.43
19460.52
66528.97
80484.48
31641.12
64479.47
8703.24
12243.20
11892.87
28302.02
25247.56
58526.88
51415.68
37644.32
46255.30
38665.48
22310.80
13202.56
14523.73
56649.10
1680.77
12806.75
1485.58
55284.69
58273.56
39647.58
41948.55
84971.30
17358.48
58231.25
21398.88
13590.00
56771.84
46519.20
34034.91
25714.37
11312.20
6278.64
80409.60
25184.46
62217.00
47523.17
16397.40
50610.56
24920.46
38200.80
77682.00
3011.20
45084.24
9568.14
47369.66
41744.14
33782.70
21244.86
1994.16
57534.45
10168.68
19843.42
8614.10
54233.28
81793.80
18964.32
33066.67
44795.88
58371.54
24403.03
15628.80
4368.76
28806.25
14655.60
46389.70
3711.90
8051.68
35894.95
42489.72
59225.79
43859.16
20939.10
62903.16
48563.52
5337.72
33280.92
6348.84
57767.49
14074.90
59007.36
35178.50
76684.96
40863.42
20518.47
69329.04
21816.56
21051.61
84520.80
19677.00
12584.78
27202.98
7693.10
26887.77
16983.30
54148.05
29516.13
13217.04
52855.68
5946.32
11016.12
5751.20
84221.69
80052.28
32127.84
82087.00
19017.02
35149.20
38727.18
54687.60
87492.00
10541.34
12223.20
65820.50
15746.60
35840.76
51233.70
39378.24
50670.02
74597.69
18580.00
44871.32
6664.28
24107.22
40278.84
21905.94
67299.30
30656.88
67925.81
37046.10
58124.07
41246.94
76972.84
11372.30
8463.90
37747.82
86709.08
60497.96
8769.20
56556.72
78826.30
13442.52
22242.15
24906.80
45600.10
29803.32
2422.62
7728.20
60696.68
25496.85
20709.84
14034.90
19733.00
41052.88
8973.81
46845.05
22104.24
60651.93
23641.68
46339.02
31471.44
19911.60
45859.95
29461.14
8721.44
15015.76
26142.16
17574.60
35688.44
16007.40
30656.88
44447.10
9556.08
88685.10
78975.16
7216.00
37542.80
11856.46
18431.06
17801.38
14211.34
51292.40
67435.28
18805.23
4897.28
1359.45
59295.84
18963.71
15759.34
84129.86
3186.45
32994.19
8689.10
31113.36
16901.73
13106.28
3737.92
40843.20
78032.50
33586.00
10471.40
34933.20
23818.62
63024.78
39858.00
63426.60
71874.27
5748.24
55541.64
85582.77
35320.05
67919.72
1001.09
11892.96
52690.44
37453.78
3003.27
41156.64
45769.60
79908.48
7375.92
85337.28
52129.33
40962.90
8163.75
44446.75
35988.25
80752.71
39191.50
26432.52
11639.25
18835.92
15759.17
25338.60
73878.50
66135.81
18388.50
36118.00
60334.26
27483.90
78633.00
26825.40
11376.48
38120.88
71130.15
10813.77
65805.12
9099.90
33316.42
66490.52
8065.68
58859.98
48744.17
6493.02
30368.40
1802.89
12226.05
31183.50
33266.15
30212.00
76806.00
6887.35
43415.19
52279.42
22728.64
62051.15
22541.84
41921.28
55098.91
29885.90
2582.76
22412.97
35986.06
2867.04
55499.22
17959.11
31995.02
5642.91
36818.33
18307.68
1520.61
10833.48
33173.07
61642.68
78832.80
29851.60
69609.39
60288.36
48412.00
3378.66
52415.42
27202.98
44951.04
33736.00
30558.66
22744.60
18963.71
67559.04
61015.32
8892.72
54916.63
11027.58
34337.45
18280.20
55873.77
30989.47
39241.72
44689.94
53717.42
30615.13
32914.80
42007.66
90647.06
55267.08
55462.68
8113.55
52511.16
17218.10
17154.34
20733.72
30239.68
11884.46
42409.08
70120.96
46886.04
16457.52
35178.15
45120.60
22949.08
17947.62
17739.70
24897.52
18710.02
51567.46
24063.67
59373.45
35668.85
32743.10
26524.75
65588.76
25624.08
18879.70
7240.00
1701.79
73344.08
69727.34
45322.75
14295.04
3561.74
76549.84
47502.00
16159.50
70000.71
42272.39
19396.96
47650.12
56002.77
21183.00
28270.00
9113.84
23242.44
19765.12
30380.94
58010.04
26979.04
35137.44
17002.04
76471.85
27329.68
7511.88
21913.76
8744.20
16277.20
44708.84
34693.44
41977.76
87692.16
43584.00
7960.72
41618.20
64339.86
67610.91
84221.69
51996.35
52903.76
6931.32
17883.18
2748.03
21783.60
24752.00
23692.62
45948.25
14575.28
18695.88
51030.36
65893.96
43726.40
23784.99
16865.88
39786.84
57980.80
1165.26
3363.63
26001.72
49618.47
18555.88
36564.00
42760.62
31074.24
12081.96
34884.96
37901.82
13146.42
13190.28
40867.40
42034.46
6799.16
29495.90
58763.00
37539.75
26867.43
64135.64
8539.00
86240.50
35187.50
78041.32
22816.08
44528.00
54245.76
19145.74
33936.60
5778.12
29138.78
30070.92
42049.95
11322.20
44934.35
33524.12
46164.44
62934.62
39813.12
72232.02
80985.50
45491.88
39838.05
11260.90
36182.16
46128.60
5646.18
78130.56
18704.34
28919.05
7715.33
59006.08
38378.73
12533.28
45809.72
63517.95
3168.45
25872.30
36042.81
5264.52
18716.52
12399.42
32059.02
78050.28
18500.40
47824.60
2016.20
50166.72
42855.25
11793.46
48562.50
37335.76
2252.42
26140.32
35438.10
54346.11
7841.47
17923.36
79688.70
25840.35
57119.57
36542.88
61489.75
54772.35
62459.65
50402.82
48825.81
19641.40
29813.13
31029.48
40117.50
65631.30
41165.79
68832.90
30507.43
44181.41
24952.25
8226.09
49192.65
3661.84
8252.76
43634.58
19340.58
19077.57
47049.50
21412.80
27829.60
57709.92
30289.86
26488.35
6745.26
30838.00
22091.76
35177.00
45817.84
24650.22
50261.12
29454.88
11419.43
41725.20
54574.38
6294.64
62181.01
10296.22
36898.68
81597.56
10027.64
30840.48
29852.70
4580.96
36608.64
15872.25
20253.36
36388.75
6583.14
10523.20
31113.18
46595.95
24348.48
29937.73
16605.81
41043.25
43607.20
61130.22
36578.40
9550.44
33651.18
17064.72
45477.20
39940.29
22487.66
24578.88
45168.00
11762.60
50746.34
5375.80
25226.72
70994.40
11320.32
43477.30
1322.41
18973.02
14845.70
67892.41
27709.60
53372.88
33916.68
74216.61
63928.97
21446.62
85465.70
14585.40
10154.88
17347.46
9910.80
30948.48
37913.40
39321.05
11392.30
34813.52
35497.40
55357.34
45998.25
81881.80
61278.19
42156.80
54246.42
56268.48
24751.91
14875.12
53785.96
63620.16
48892.40
30346.43
61312.35
38691.12
63612.64
56909.70
23620.05
36638.40
61588.80
10442.25
12604.41
53438.11
17406.48
49397.76
2502.70
51444.00
47948.49
54707.09
43566.58
32164.56
69112.80
63787.60
53233.50
42689.36
31870.44
21353.04
17000.82
59823.90
14326.40
64244.04
53345.42
43787.16
25984.56
21207.80
14280.75
60592.80
13550.64
67140.30
5160.60
56731.52
2863.04
21479.04
9559.35
35515.80
48652.65
35127.70
73478.00
33186.38
38388.00
49684.48
13004.97
13695.15
60384.00
35066.03
9748.53
38165.40
9464.90
14432.60
47811.60
36493.41
72808.56
55380.78
48366.92
44429.97
16217.10
7336.08
52555.16
13250.28
73171.28
58109.12
50406.72
79328.70
59963.07
65915.70
63083.83
38117.89
81395.54
39613.86
43899.50
44488.98
34652.80
77960.78
21833.25
21563.75
28799.62
11989.08
42080.95
38746.23
52585.42
20615.84
6748.42
49863.04
3453.72
34881.82
28750.40
16181.01
38911.08
5642.00
37651.23
28526.08
61137.12
82894.68
44744.10
20769.98
35513.28
24650.08
33886.00
21283.00
7715.33
5133.48
48211.60
37665.95
8248.96
51447.76
17499.38
40534.56
13478.16
62864.67
66994.59
55099.34
9114.55
36299.88
12818.91
62892.23
47272.68
14280.03
14619.72
12044.80
35768.40
55632.83
73047.97
32105.82
17407.08
30541.06
28734.08
65480.76
17891.36
17478.40
51452.25
68706.16
59823.90
62610.80
1208.30
66647.04
4757.12
56218.20
18220.00
30581.13
59431.14
38496.48
2710.88
46257.96
63892.34
58974.08
3269.44
8897.60
50154.50
26452.08
9474.24
58652.58
36308.74
60651.72
47351.48
26173.71
21667.95
62897.67
48546.96
48938.46
23209.20
12773.75
4729.08
39569.76
76545.12
2997.27
11141.70
37875.02
2394.58
15080.38
82630.68
91055.04
8829.36
37625.04
66778.20
76208.64
33035.25
76380.95
38435.04
38437.18
41078.52
33188.16
69625.60
79202.99
15832.92
40363.40
1629.72
62466.72
37661.04
19040.40
66743.04
46018.17
34326.72
52696.40
48122.44
14000.85
30111.52
52824.10
39641.76
36929.33
3393.58
22896.96
72356.00
73467.08
29408.32
5826.20
41618.75
64135.64
27774.00
19803.42
73385.08
56347.20
53980.05
46150.17
24426.20
26975.43
34004.08
15631.95
1338.43
26123.68
52554.88
39854.87
41315.12
9620.50
34853.76
12685.80
15664.80
57941.60
49692.70
47886.75
26317.29
38307.80
57401.57
28168.14
35337.50
4112.48
44795.85
27730.00
17486.48
11692.60
33435.75
24866.60
22409.53
50272.65
52355.16
36516.64
52407.36
46150.17
41064.10
40875.50
67931.28
71096.76
32354.20
11396.16
39402.00
37363.02
49909.58
11112.00
27624.24
15234.52
7123.68
37859.60
78902.19
44399.52
53592.62
12923.80
30432.40
31582.65
9847.71
78995.04
28448.94
36929.78
29312.10
31623.12
44488.00
48502.06
24489.00
27846.00
63475.68
3739.92
30478.76
