50
42
48
18
3
46
47
48
38
5
35
35
38
24
2
48
2
32
14
18
2
49
19
23
39
17
16
45
34
30
43
3
41
5
25
29
19
9
41
41
30
30
40
19
46
10
45
35
28
39
42
35
7
13
39
26
23
43
9
7
48
35
36
3
22
39
7
12
24
26
30
14
6
13
12
48
5
4
32
14
10
34
20
14
44
15
14
10
2
10
20
34
20
14
48
25
6
32
40
46
48
18
23
21
1
10
21
38
45
27
48
26
44
2
14
13
32
23
5
21
48
11
12
12
47
30
34
48
37
11
25
44
24
2
12
13
16
45
45
30
44
29
2
17
20
5
22
9
34
44
25
21
26
36
15
48
43
2
2
21
35
13
1
18
43
33
24
15
37
34
28
31
15
23
35
37
49
1
43
33
36
5
14
42
26
6
11
35
48
49
41
50
20
19
36
14
6
25
26
5
6
3
1
45
13
12
20
21
27
11
23
1
43
40
20
22
27
13
49
43
13
46
9
16
12
8
27
10
4
35
29
36
4
25
8
48
11
10
9
3
48
16
49
41
47
28
8
21
36
13
50
26
40
35
41
35
43
33
37
13
28
46
43
8
21
11
24
50
30
36
25
27
35
9
9
32
30
35
5
13
19
50
34
42
23
18
22
42
40
7
32
39
8
46
9
26
25
26
27
29
18
32
12
16
23
26
9
21
42
33
3
39
42
27
33
33
38
23
10
49
9
32
28
2
41
10
43
46
1
49
28
23
2
42
28
9
22
9
48
42
27
26
32
50
34
41
40
15
45
44
48
1
46
10
4
43
50
3
7
5
49
29
29
4
43
10
48
28
34
17
6
29
21
49
21
37
49
25
6
12
23
4
35
26
38
3
47
17
32
31
26
13
38
48
47
5
14
31
4
9
4
40
27
12
13
32
33
40
4
2
16
10
9
33
7
46
4
14
29
37
31
23
30
4
42
18
2
12
23
37
7
30
8
45
16
42
17
30
39
9
29
7
26
45
26
11
44
18
18
29
49
20
1
44
30
36
19
33
17
20
38
6
30
41
13
50
25
23
35
9
24
28
28
23
13
33
36
34
33
24
33
20
31
18
3
33
48
44
9
10
25
15
18
22
9
47
11
25
29
27
43
46
18
25
33
43
11
6
19
20
49
36
15
39
41
22
35
32
36
7
21
46
46
26
36
23
8
18
41
9
11
13
26
24
25
27
41
1
27
41
47
23
11
37
4
9
27
19
30
28
36
28
28
26
28
49
45
42
50
11
29
29
7
18
38
12
1
29
14
21
31
30
19
47
45
44
38
18
34
2
44
44
46
43
49
34
48
38
15
13
25
20
18
3
13
19
35
24
20
44
15
45
35
27
21
2
39
1
13
22
26
50
13
44
17
46
38
25
45
14
36
29
38
6
5
9
21
15
19
20
12
33
6
25
13
15
48
27
8
47
13
16
20
26
15
46
1
45
5
50
50
19
13
26
9
34
33
15
21
36
27
27
40
24
31
21
9
46
48
39
26
48
29
19
19
45
1
2
24
43
13
44
15
10
39
8
20
27
18
8
26
6
48
43
19
8
48
24
5
4
23
40
10
30
5
35
14
25
4
17
30
49
27
20
21
4
31
23
20
5
40
30
41
21
10
34
17
41
11
21
13
3
24
42
26
47
44
19
32
3
39
7
23
38
36
7
21
25
8
25
6
35
49
7
5
33
5
45
46
44
41
22
34
26
11
10
28
4
1
30
37
28
42
43
42
28
9
24
25
25
17
22
5
11
38
42
10
34
39
24
18
20
15
9
33
30
14
2
7
20
38
3
47
2
25
37
16
23
12
11
32
32
12
45
1
42
25
27
12
30
32
34
24
38
33
10
34
17
25
2
31
35
49
29
6
39
13
25
36
4
3
28
2
46
47
42
32
48
22
22
44
45
40
43
43
14
4
38
36
50
31
11
38
28
5
18
6
43
32
45
34
9
27
42
18
39
1
49
40
19
5
19
7
22
31
22
45
15
17
35
37
48
41
47
43
41
11
26
41
34
22
41
18
17
26
31
33
25
18
33
49
29
45
43
46
43
15
16
26
29
45
50
17
10
44
31
5
12
50
44
43
6
19
9
1
38
43
12
31
19
35
19
3
19
46
50
36
48
33
43
28
10
42
30
11
22
50
13
15
47
36
20
9
5
5
40
35
22
24
14
6
31
38
10
4
13
26
48
36
7
27
28
13
29
23
39
23
5
41
12
43
22
47
12
20
43
46
18
41
33
