12
2
12
2
31
34
27
35
15
37
7
2
31
47
10
2
4
49
1
7
24
33
27
11
43
22
34
16
8
34
27
8
16
44
12
23
11
19
4
9
49
42
6
25
6
8
23
5
15
10
9
4
22
6
36
28
30
8
47
14
30
23
1
32
32
17
24
29
24
32
46
18
38
19
21
3
17
43
38
29
50
32
6
47
47
36
20
37
5
40
1
44
37
7
20
25
6
41
25
41
4
11
22
34
33
32
37
21
50
12
5
27
16
26
48
47
24
40
28
49
33
8
3
43
39
37
9
38
41
11
1
47
6
24
26
29
2
36
42
22
12
24
33
32
1
3
6
41
26
15
32
22
19
6
28
2
13
39
45
15
32
39
45
3
6
7
18
11
6
32
14
15
26
2
26
50
30
42
49
17
30
45
21
32
48
12
22
35
28
47
15
24
2
23
28
40
11
14
1
23
5
26
48
44
44
5
8
14
42
2
34
27
3
2
20
3
20
34
42
19
26
13
3
31
5
14
48
16
30
11
28
40
27
37
25
38
37
8
40
5
36
33
23
21
49
48
49
43
9
42
36
22
48
26
15
27
36
47
8
17
17
9
14
13
42
41
28
24
20
49
11
29
16
28
37
21
25
45
31
18
25
14
20
25
40
35
26
19
34
15
6
10
49
6
7
25
15
35
15
41
20
39
28
4
46
14
41
16
23
46
10
35
42
37
42
33
21
48
40
34
11
25
6
41
4
49
44
46
24
31
10
14
24
19
41
27
48
45
28
25
13
13
34
12
36
31
17
5
14
48
43
20
4
40
15
19
22
43
38
3
48
30
20
23
49
39
1
7
45
30
34
8
7
9
29
12
2
11
16
5
16
45
42
6
10
5
22
11
45
6
36
31
46
32
28
29
9
26
8
40
44
37
14
30
17
13
34
10
4
29
35
14
14
43
17
46
23
29
37
13
42
39
35
46
25
5
7
10
11
23
42
47
25
37
25
11
2
34
19
16
4
34
39
43
13
41
39
43
24
14
20
35
43
37
18
39
31
13
47
36
35
9
43
11
24
47
11
26
19
35
48
42
26
21
37
17
13
1
28
28
39
10
47
29
14
42
50
8
49
32
13
18
5
14
43
11
40
44
48
31
44
28
46
12
21
18
22
38
43
22
27
13
27
5
16
48
47
47
2
15
37
50
27
48
41
33
25
22
19
8
30
31
8
39
32
34
39
28
25
12
35
29
28
13
4
10
30
3
28
49
37
16
24
6
48
34
23
34
19
26
7
21
47
28
4
13
8
33
21
3
30
37
35
18
17
46
44
6
3
24
6
11
4
46
2
8
46
33
45
31
38
37
9
44
5
36
44
7
8
15
7
43
7
33
49
41
8
7
33
11
4
9
30
17
19
47
34
44
19
31
29
33
9
36
2
47
26
23
23
15
28
50
42
27
20
17
5
14
30
25
2
33
19
11
49
45
48
40
25
9
41
24
40
16
39
17
16
5
46
42
17
8
34
17
45
2
3
45
45
26
36
13
39
35
1
5
14
44
12
8
50
40
34
14
30
3
6
2
29
12
37
34
12
27
5
7
49
33
20
6
44
46
21
34
26
16
6
18
14
13
25
29
21
34
19
4
17
37
16
9
17
30
4
35
17
19
6
29
21
36
6
22
6
3
13
37
12
11
24
46
8
44
12
43
1
37
44
26
48
22
9
2
40
44
11
25
50
38
9
20
16
45
15
22
18
4
48
34
1
6
4
12
22
37
9
1
27
9
35
23
34
18
39
11
10
6
31
43
49
40
29
14
34
48
28
14
28
7
49
3
17
41
37
8
16
42
21
36
3
43
28
11
40
35
16
33
21
48
24
34
46
7
30
21
47
43
30
23
10
32
34
42
28
7
30
37
13
13
23
48
22
37
33
30
35
11
48
13
44
9
28
17
25
2
21
46
31
17
37
38
23
21
11
34
27
12
17
20
18
27
22
7
41
43
6
11
6
40
9
30
17
18
39
4
41
22
20
25
6
21
25
3
32
1
29
49
7
35
2
1
30
8
33
47
37
47
29
3
3
20
12
35
3
7
32
37
39
32
48
27
18
24
29
49
45
19
31
41
13
17
18
15
6
36
9
3
45
18
23
15
21
5
18
10
47
12
29
36
50
8
5
36
48
17
38
6
19
42
11
19
46
26
35
29
25
50
4
17
42
19
11
50
24
44
23
34
23
49
30
34
14
32
15
34
25
16
14
4
46
18
47
48
49
7
25
15
2
41
5
50
