73908.83
48772.50
50138.20
20578.14
20350.44
14544.00
55358.45
34605.80
51784.95
39908.78
27371.16
28264.02
64348.00
56851.52
57937.76
44208.76
55579.28
58568.72
53294.62
63336.88
31493.80
18400.47
35825.95
10211.10
5886.42
16226.10
67512.00
17042.34
15382.51
67336.67
3171.45
48002.22
32066.88
66736.52
36720.40
58814.21
15199.02
25390.86
35534.88
46178.88
22222.20
53108.00
27980.42
18924.57
44112.48
58013.51
65277.03
29109.93
1874.96
3444.72
52781.33
49641.90
14667.62
48007.68
81586.00
40249.29
30860.64
64559.08
6082.48
72849.28
30609.02
52312.58
5027.31
89544.00
3687.88
13294.00
11932.90
28796.40
25244.82
16787.94
17568.50
26404.35
35150.38
25639.36
19351.54
60479.36
14835.96
17238.36
8884.35
55373.22
33618.25
65314.78
33966.54
3848.24
9354.80
58546.60
19843.42
8409.12
23965.83
63565.15
90286.56
35345.70
9810.70
30832.80
58334.40
53775.54
36413.75
11117.97
64548.00
33425.10
32067.82
18614.16
3796.05
19857.66
45183.58
18906.30
20426.45
5593.92
18403.44
61344.80
20180.85
49354.14
4579.83
11991.87
11207.70
6594.21
54214.04
52640.70
13335.30
61069.40
51324.00
22327.84
55203.63
50850.00
21562.68
83079.84
41627.70
25947.72
42072.52
50986.63
44352.48
27357.96
6446.80
12949.68
34683.74
22634.14
43961.19
8757.63
49353.84
56579.40
12565.28
36723.87
1859.95
35737.28
32533.50
6132.72
26932.69
58303.54
20752.05
40747.84
10968.00
41996.16
18873.80
59561.70
14595.39
72296.36
48724.80
46598.04
69157.98
71881.90
15746.90
57526.20
41467.44
47462.76
47511.22
4829.10
46610.00
22512.72
38260.56
18973.02
43182.08
62153.52
8945.68
44335.36
41617.94
41578.51
16193.28
27894.24
18034.50
22171.38
25467.60
53299.61
2504.70
10781.70
82674.24
54207.76
2910.18
1173.27
19060.30
42407.82
81183.14
47449.75
15460.29
41336.02
38733.82
19490.85
65251.46
48177.48
9558.15
20769.97
2907.08
12403.30
23577.12
39049.92
24489.01
4723.98
88364.64
50552.32
49024.14
7772.34
24021.34
67366.38
5361.72
12852.14
21306.78
4231.50
62561.88
23713.92
40151.66
24374.48
31618.56
20573.84
39206.16
25237.69
48429.15
16073.16
5693.97
16705.92
23569.20
47916.44
38787.64
17596.59
45407.79
82012.48
2264.44
68471.64
38495.48
60045.57
19172.90
46797.60
1016.10
67751.28
22656.79
27353.44
64097.26
66896.10
18499.80
21183.23
41644.48
51299.73
16631.46
62617.00
14775.57
31638.60
16930.20
61732.80
41933.76
46418.60
8964.81
16367.30
75392.87
54287.46
33424.92
10854.48
41040.40
35926.80
14703.72
26728.40
25241.55
35261.80
16576.19
34151.37
27329.96
39443.16
19928.59
50032.71
1014.11
73928.50
11148.24
28531.20
7183.56
47824.60
36615.96
10396.92
27103.50
47369.66
24021.20
4811.07
8654.31
10619.36
59808.00
43029.36
33201.30
8989.45
66246.50
40744.88
5375.67
57630.80
26151.44
36188.50
18325.98
45031.14
9494.95
28448.94
45119.28
80886.26
39510.90
26626.60
35040.70
72144.11
68410.78
73516.80
60741.86
7916.46
7335.72
45313.22
61426.36
4859.13
31813.65
44794.27
3186.48
66184.30
5874.24
44586.36
46735.04
28443.24
46706.04
20677.27
52784.16
49338.82
80770.05
62129.16
79475.52
35595.44
51673.44
37867.50
12409.56
53851.55
47474.75
30812.60
65124.78
61945.20
59188.22
45122.05
67930.92
48792.11
73778.00
23605.05
16712.36
20181.60
14295.20
24475.95
36932.94
58561.92
14263.47
3539.72
45373.84
7908.35
11147.64
13878.56
21154.86
20704.32
4489.77
77867.25
25016.88
16683.81
16857.80
45404.14
2338.52
52751.16
36231.04
72757.28
12767.37
60544.80
43822.08
41534.40
88734.10
21403.20
3680.04
48616.06
31669.66
45457.02
35417.20
13027.08
54547.63
40392.44
70825.50
44428.80
11736.84
6351.80
58406.60
28741.32
9850.56
15024.48
23530.00
78384.25
1586.68
70058.40
40042.25
1587.67
12068.80
75639.20
5216.49
19803.60
35017.95
69818.40
54754.48
44448.40
46693.14
39994.02
64519.00
26158.60
18635.76
16434.00
34245.12
20074.01
18277.72
4328.68
33756.00
56192.40
11325.15
1086.17
44779.05
6699.08
10555.28
29821.50
59067.36
61007.10
50165.12
59199.00
9499.95
65319.30
48050.70
47744.06
20085.12
44327.10
17580.04
51702.72
42922.08
52579.80
47365.25
88076.12
55827.90
67871.60
4549.80
62576.12
20697.84
33519.64
9910.90
30328.76
78022.59
36759.78
38468.82
66806.95
4901.28
35677.40
20184.45
13445.41
64537.55
64691.25
47093.17
77938.56
38756.47
57985.56
57490.23
40369.68
67901.40
70487.72
59633.00
57349.32
8745.38
19634.86
19551.42
11692.60
15767.08
71434.80
77982.50
32416.02
1791.88
40897.89
16660.60
38536.56
22407.84
5811.30
20658.66
63148.08
74210.26
73015.67
5066.34
3019.20
55625.64
21429.32
42686.74
13814.70
67021.50
5958.32
40596.03
17282.46
21646.80
58814.21
59107.30
9499.95
7528.24
68752.40
34759.26
21849.10
67250.54
7678.10
8696.31
57248.18
23195.65
44624.97
27076.98
12301.44
42088.16
31909.00
58626.48
36583.68
61666.00
22409.66
35296.17
33112.96
76643.84
15241.50
22149.40
58232.16
35998.75
3277.46
24674.64
10164.11
43872.92
8136.88
26616.22
45047.70
10371.04
64168.50
54116.70
67102.98
53970.42
32301.36
42188.40
18009.32
11469.33
64202.04
22875.00
3378.63
15122.38
31804.50
32095.66
74019.40
26644.80
34560.96
6524.14
21949.75
31991.82
1784.87
41597.01
28159.13
72961.54
57380.49
68439.15
44527.36
8144.88
26868.80
1262.36
42692.88
77481.27
14352.12
47840.22
55070.71
13985.07
2642.82
48710.41
72892.80
48407.76
37020.94
16326.00
43081.64
19606.86
30624.21
24371.62
11408.43
28405.50
76854.96
15526.50
65520.00
23473.68
62072.01
47760.18
28910.59
39246.24
48394.50
5611.05
49444.08
71012.76
3627.80
12608.64
71874.27
52240.30
51781.13
27535.07
15700.80
5621.91
28109.40
5030.50
23544.90
14679.72
74718.40
39210.16
44935.74
2883.15
66402.38
42646.40
64654.37
78243.25
39489.12
44568.00
40401.52
42892.25
52661.70
16866.54
76156.08
37818.30
90574.56
45225.47
57110.20
34299.72
23680.05
25587.40
56987.84
60522.22
9380.30
25803.54
58670.16
35272.99
31326.06
93448.00
64858.40
51286.08
58162.50
5691.15
50279.13
35759.14
57565.90
36662.64
14562.73
37690.00
55855.20
57813.76
84569.28
7463.12
20261.60
2885.06
4810.25
19284.58
38197.11
40186.64
55138.80
12727.91
68112.00
68966.15
73822.40
31049.97
39137.28
5397.76
21862.92
55544.40
7427.80
22823.88
45060.84
7886.40
44988.30
18678.33
60057.03
32901.05
57912.91
50454.72
4748.01
7189.84
39216.00
14942.84
22526.66
62659.96
62659.62
67105.93
33234.30
28334.55
62640.13
1487.57
13358.52
5670.04
77584.78
20917.20
78629.81
14139.07
27434.40
24866.80
1862.04
7081.62
936.03
48029.49
13559.40
69793.60
16327.20
24650.41
10757.28
1082.17
15881.04
35462.88
71640.27
43688.19
43584.77
58911.36
9898.56
55534.68
28931.25
39542.00
11496.24
25997.30
36077.22
13090.42
14931.95
4496.88
41292.16
6231.70
63793.47
37084.99
52051.81
32578.20
43372.11
20028.66
67426.92
29632.00
57928.86
1880.06
22031.38
54151.35
53619.26
35597.07
37490.60
29760.64
46704.60
34350.12
21191.10
17087.20
28302.02
44090.48
40893.00
3515.70
59925.03
67901.44
20457.71
33391.96
55921.16
14744.99
9436.02
67963.72
2976.24
24827.00
22367.52
52696.00
31371.12
17154.34
57953.91
49414.82
3960.32
22860.86
22343.70
44070.30
24446.40
52609.86
34812.25
13775.58
7538.10
34044.24
26362.38
88391.10
75803.64
63595.97
1089.18
5942.28
51859.08
24632.28
53892.35
30812.40
34643.18
13197.92
20758.24
14220.60
22872.32
47840.70
45438.30
3137.30
52041.08
17879.76
21911.75
62039.01
4564.96
26704.00
52907.50
16290.00
15289.11
7988.45
18940.80
64886.64
42345.30
10180.98
61023.68
31029.48
68009.37
3318.60
46632.95
53396.10
53016.80
41274.33
27600.30
42931.80
29891.80
57588.23
25857.54
35046.08
11682.60
39278.50
48141.00
14871.96
74573.96
52472.16
78084.13
22045.27
2630.80
62595.86
22734.15
33637.10
39739.86
68911.57
27901.28
55443.80
34504.00
51509.94
34905.03
39114.24
39803.20
16802.55
51238.94
42072.52
15106.00
53124.33
21537.62
55048.95
4889.28
66742.20
51834.60
34975.26
12333.42
9706.26
42326.00
23672.16
39542.58
22970.22
33028.74
39817.80
9808.32
64769.66
43285.31
21251.49
68247.45
24829.35
45632.16
28343.88
41484.77
3696.08
67079.52
42356.40
73661.76
9706.40
36474.90
8433.00
51303.45
55378.69
39550.50
66262.56
42702.44
36179.01
57180.90
41744.40
68141.24
63640.08
32739.28
46165.32
62973.30
20197.32
18070.14
23348.99
27083.43
52548.32
5851.30
78431.72
18948.48
59066.92
44953.30
49661.43
37921.02
6554.92
27998.13
16488.55
90445.00
4344.72
1644.74
26647.31
25739.04
25016.18
43606.73
2466.66
14449.68
43887.60
24233.67
11822.70
48553.00
3433.62
58867.71
16273.76
42228.46
28083.51
73521.40
62381.88
10420.98
63534.96
37269.90
42294.46
12236.96
21056.23
49319.34
34564.92
21506.31
71237.44
61638.94
41292.16
48848.80
13606.32
8024.72
32709.34
12685.44
37575.79
37528.59
28282.80
45849.20
43742.70
1592.68
92952.51
38286.56
82014.73
26904.00
56556.28
22539.66
35494.40
38981.70
58767.36
32004.27
31339.22
13104.42
53946.09
27952.13
70078.32
54228.72
17081.91
25759.35
10251.10
4760.25
22924.60
6912.40
32851.28
3217.40
18751.80
1970.14
24483.76
30245.67
22353.66
71907.44
46102.88
62477.94
6841.38
26990.39
1180.27
34773.18
18089.24
91746.50
65733.16
43570.17
14667.72
55229.40
22362.12
27255.88
13938.21
85281.70
40651.52
17859.20
14992.48
32648.73
20732.42
41414.94
