242725
242725
242725
242726
242726
242726
242726
242727
242727
242727
242727
242752
242752
242752
242752
242752
242752
242753
242753
242754
242754
242754
242754
242754
242754
242754
242755
242755
242756
242756
242756
242757
242757
242757
242758
242758
242758
242758
242758
242758
242759
242784
242784
242785
242786
242787
242787
242787
242788
242788
242788
242788
242788
242788
242789
242789
242789
242789
242789
242789
242789
242790
242790
242790
242790
242790
242790
242790
242791
242791
242791
242791
242816
242816
242817
242818
242819
242819
242820
242820
242820
242820
242820
242820
242821
242821
242821
242821
242822
242822
242822
242822
242822
242822
242822
242823
242823
242823
242823
242823
242848
242848
242848
242848
242848
242849
242849
242850
242850
242850
242850
242850
242850
242850
242851
242851
242851
242851
242852
242852
242852
242852
242853
242853
242853
242853
242854
242854
242854
242855
242880
242881
242881
242881
242881
242881
242881
242881
242882
242882
242882
242883
242883
242883
242883
242883
242883
242884
242884
242884
242884
242884
242884
242885
242885
242886
242886
242886
242886
242886
242886
242886
242887
242887
242912
242912
242912
242912
242912
242912
242912
242913
242913
242913
242913
242913
242914
242914
242914
242914
242914
242914
242914
242915
242915
242915
242915
242915
242915
242916
242917
242917
242917
242917
242918
242918
242919
242919
242919
242919
242919
242919
242919
242944
242944
242944
242944
242944
242944
242945
242945
242945
242945
242945
242945
242945
242946
242946
242946
242947
242947
242947
242948
242948
242948
242948
242948
242949
242949
242949
242949
242950
242950
242951
242951
242976
242976
242976
242976
242976
242977
242978
242978
242978
242978
242978
242978
242979
242979
242980
242980
242980
242980
242980
242981
242981
242981
242981
242981
242982
242982
242982
242982
242982
242983
242983
242983
242983
242983
242983
242983
243008
243008
243009
243009
243009
243009
243009
243009
243010
243010
243011
243012
243012
243012
243012
243013
243013
243013
243013
243014
243014
243014
243014
243014
243014
243014
243015
243015
243015
243015
243015
243015
243040
243040
243040
243040
243040
243040
243040
243041
243041
243041
243041
243041
243041
243042
243042
243043
243043
243043
243043
243043
243043
243044
243044
243044
243044
243045
243045
243045
243045
243046
243046
243046
243046
243046
243047
243072
243072
243072
243072
243072
243073
243074
243074
243074
243074
243074
243074
243075
243075
243075
243075
243075
243075
243076
243077
243077
243077
243077
243077
243077
243078
243078
243078
243079
243079
243079
243104
243104
243104
243104
243104
243104
243104
243105
243105
243105
243105
243106
243106
243107
243107
243107
243108
243108
243109
243109
243110
243110
243110
243110
243110
243111
243111
243136
243136
243136
243136
243137
243137
243137
243137
243138
243138
243139
243139
243139
243139
243139
243139
243140
243140
243140
243140
243141
243142
243142
243142
243142
243142
243142
243143
243143
243168
243168
243169
243169
243169
243169
243169
243169
243169
243170
243170
243170
243170
243171
243171
243171
243171
243172
243172
243172
243173
243173
243173
243173
243174
243174
243174
243175
243175
243175
243175
243175
243200
243200
243200
243200
243200
243200
243200
243201
243201
243202
243202
243202
243202
243202
243203
243203
243204
243204
243204
243204
243204
243205
243205
243205
243205
243205
243206
243206
243206
243206
243206
243206
243207
243207
243207
243232
243232
243232
243232
243232
243232
243232
243233
243233
243233
243233
243233
243233
243233
243234
243234
243234
243234
243235
243235
243235
243235
243235
243235
243236
243236
243237
243237
243237
243238
243238
243239
243239
243239
243239
243239
243239
243264
243264
243264
243265
243265
243265
243265
243265
243266
243267
243267
243267
243267
243268
243268
243268
243268
243268
243268
243269
243269
243269
243270
243270
243271
243271
243271
243296
243297
243297
243297
243297
243297
243297
243297
243298
243299
243299
243299
243299
243299
243299
243299
243300
243300
243300
243300
243300
243301
243301
243301
243301
243301
243302
243303
243303
243303
243303
243328
243328
243328
243329
243329
243330
243330
243330
243330
243330
243331
243331
243331
243331
243331
243331
243331
243332
243332
243333
243334
243334
243334
243334
243335
243335
243335
243335
243335
243335
243360
243360
243360
243360
243360
243360
243360
243361
243362
243363
243363
243363
243363
243364
243365
243365
243365
243365
243365
243365
243365
243366
243367
243367
243367
243367
243367
243392
243392
243392
243392
243392
243392
243392
243393
243393
243393
243393
243393
243393
243393
243394
243394
243394
243395
243395
243395
243395
243396
243396
243397
243397
243397
243397
243398
243398
243398
243398
243398
243398
243399
243399
243399
243399
243424
243424
243424
243424
243424
243424
243425
243425
243425
243425
243425
243425
243425
243426
243426
243426
243426
243426
243426
243426
243427
243427
243427
243427
243427
243428
243428
243429
243429
243430
243430
243430
243431
243431
243431
243456
243456
243456
243456
243456
243456
243457
243457
243457
243457
243457
243457
243458
243458
243458
243458
243458
243458
243459
243460
243460
243461
243461
243462
243462
243463
243463
243463
243488
243488
243488
243488
243488
243488
243489
243489
243489
243489
243489
243489
243489
243490
243490
243490
243491
243492
243492
243492
243492
243492
243493
243494
243494
243495
243520
243520
243521
243521
243521
243521
243521
243521
243521
243522
243522
243522
243523
243523
243523
243524
243524
243524
243525
243525
243526
243526
243526
243526
243526
243526
243526
243527
243527
243527
243552
243552
243552
243552
243552
243552
243552
243553
243554
243554
243554
243554
243554
243555
243555
243555
243555
243555
243556
243557
243557
243557
243557
243557
243558
243558
243558
243558
243558
243558
243558
243559
243559
243559
243559
243584
243584
243584
243584
243584
243584
243585
243585
243585
243586
243586
243587
243587
243587
243587
243587
243587
243588
243588
243588
243588
243588
243588
243589
243589
243589
243589
243589
243589
243590
243590
243590
243590
243590
243590
243591
243591
243591
243591
243616
243616
243616
243616
243616
243616
243616
243617
243617
243617
243617
243617
243617
243617
243618
243618
243618
243618
243618
243619
243619
243619
243619
243619
243619
243620
243620
243620
243620
243621
243621
243621
243622
243622
243622
243622
243622
243622
243622
243623
243623
243623
243648
243648
243648
243648
243648
243648
243648
243649
243649
243649
243650
243651
243652
243652
243652
243652
243652
243653
243653
243653
243653
243653
243653
243653
243654
243654
243654
243654
243654
243654
243655
243680
243680
243680
243680
243680
243681
243681
243681
243681
243682
243682
243682
243682
243683
243683
243684
243684
243684
243685
243685
243685
243686
243686
243686
243686
243687
243712
243712
243712
243712
243712
243712
243712
243713
243714
243714
243714
243714
243714
243715
243715
243716
243716
243716
243716
243716
243716
243716
243717
243717
243717
243718
243718
