106530
106531
106531
106531
106531
106531
106532
106532
106532
106532
106532
106533
106533
106533
106533
106533
106533
106534
106534
106534
106535
106535
106535
106535
106560
106560
106561
106561
106561
106561
106562
106562
106563
106563
106563
106564
106564
106564
106564
106565
106565
106565
106565
106565
106565
106565
106566
106566
106566
106566
106567
106592
106592
106592
106592
106592
106592
106593
106593
106593
106593
106593
106593
106594
106595
106595
106595
106596
106596
106596
106596
106596
106596
106596
106597
106597
106598
106598
106599
106599
106599
106599
106624
106624
106624
106624
106624
106624
106625
106625
106626
106626
106626
106626
106627
106627
106627
106627
106627
106627
106628
106628
106628
106628
106629
106629
106629
106629
106630
106630
106630
106630
106630
106630
106631
106631
106631
106631
106631
106656
106656
106657
106657
106657
106657
106658
106658
106658
106658
106659
106660
106660
106660
106661
106662
106662
106662
106662
106663
106663
106663
106688
106688
106689
106689
106689
106689
106690
106690
106691
106691
106692
106692
106692
106692
106692
106692
106693
106693
106693
106693
106693
106693
106693
106694
106694
106694
106694
106695
106720
106720
106721
106721
106721
106721
106722
106722
106723
106723
106723
106723
106723
106723
106724
106724
106724
106725
106725
106725
106725
106725
106726
106726
106726
106727
106727
106752
106753
106754
106754
106754
106754
106755
106755
106755
106755
106755
106756
106756
106756
106756
106757
106757
106757
106758
106758
106758
106758
106758
106758
106758
106759
106759
106759
106759
106784
106785
106785
106785
106785
106786
106786
106787
106787
106787
106787
106787
106787
106788
106788
106788
106788
106788
106788
106788
106789
106789
106789
106789
106790
106790
106790
106790
106790
106790
106791
106791
106791
106791
106816
106816
106816
106816
106816
106817
106817
106817
106817
106818
106819
106819
106819
106819
106819
106819
106820
106821
106821
106821
106821
106821
106821
106822
106822
106822
106822
106822
106822
106823
106848
106848
106848
106848
106848
106848
106849
106849
106849
106849
106849
106849
106849
106850
106850
106850
106850
106850
106850
106850
106851
106851
106851
106852
106852
106852
106852
106852
106852
106853
106853
106853
106854
106854
106854
106854
106854
106854
106854
106855
106855
106880
106880
106880
106880
106880
106880
106881
106881
106881
106881
106881
106881
106881
106882
106882
106882
106882
106882
106882
106883
106883
106883
106883
106883
106883
106883
106884
106884
106884
106884
106884
106884
106885
106885
106885
106886
106886
106886
106886
106887
106887
106912
106912
106912
106912
106913
106913
106914
106914
106914
106914
106914
106914
106914
106915
106915
106915
106915
106915
106915
106916
106916
106917
106917
106917
106917
106918
106918
106918
106918
106918
106918
106919
106919
106919
106919
106919
106919
106944
106944
106945
106945
106945
106945
106945
106945
106946
106946
106947
106947
106947
106947
106947
106948
106948
106948
106948
106948
106948
106948
106949
106949
106949
106949
106949
106949
106950
106950
106951
106976
106976
106976
106976
106976
106976
106976
106977
106977
106977
106978
106978
106978
106978
106978
106979
106979
106979
106979
106979
106979
106980
106980
106980
106980
106980
106980
106981
106981
106981
106981
106981
106981
106981
106982
106983
107008
107008
107008
107008
107008
107009
107010
107010
107010
107010
107010
107011
107012
107013
107013
107013
107013
107013
107013
107014
107014
107014
107015
107015
107040
107041
107041
107041
107042
107042
107042
107042
107042
107042
107043
107043
107043
107043
107044
107044
107044
107044
107044
107044
107044
107045
107045
107045
107045
107045
107046
107046
107046
107046
107046
107046
107046
107047
107047
107047
107072
107072
107072
107072
107072
107072
107072
107073
107073
107074
107074
107075
107076
107076
107077
107077
107077
107077
107078
107078
107078
107079
107104
107104
107105
107105
107105
107105
107105
107105
107106
107106
107106
107106
107106
107107
107107
107108
107108
107108
107108
107109
107109
107109
107109
107109
107110
107110
107110
107110
107110
107110
107110
107111
107111
107136
107136
107136
107136
107137
107137
107137
107137
107137
107137
107137
107138
107138
107138
107138
107139
107139
107139
107139
107139
107140
107140
107140
107140
107140
107140
107140
107141
107141
107141
107141
107141
107142
107142
107142
107143
107143
107143
107143
107143
107143
107143
107168
107168
107168
107168
107168
107169
107169
107169
107169
107169
107169
107170
107170
107171
107171
107171
107171
107172
107172
107172
107172
107172
107173
107173
107174
107174
107175
107175
107175
107175
107175
107175
107175
107200
107200
107200
107200
107201
107201
107202
107202
107202
107202
107202
107202
107202
107203
107203
107203
107203
107204
107204
107204
107204
107204
107204
107205
107205
107206
107206
107206
107206
107207
107207
107207
107207
107207
107232
107232
107232
107232
107233
107233
107233
107233
107233
107234
107234
107234
107234
107235
107235
107235
107235
107235
107236
107236
107236
107236
107236
107236
107237
107237
107237
107237
107237
107238
107238
107238
107238
107238
107239
107239
107239
107239
107239
107264
107264
107264
107264
107265
107265
107265
107266
107266
107266
107266
107266
107266
107267
107267
107267
107267
107268
107269
107269
107269
107269
107270
107270
107270
107270
107270
107271
107271
107271
107271
107271
107271
107296
107296
107296
107296
107297
107297
107297
107297
107297
107298
107298
107298
107299
107299
107299
107299
107299
107299
107300
107300
107300
107300
107300
107300
107301
107301
107301
107301
107301
107301
107301
107302
107302
107303
107303
107303
107328
107328
107328
107328
107328
107328
107329
107329
107329
107329
107329
107329
107330
107331
107331
107331
107331
107331
107331
107331
107332
107332
107332
107332
107332
107332
107333
107333
107333
107334
107334
107334
107334
107334
107334
107335
107335
107335
107335
107335
107335
107335
107360
107360
107360
107360
107360
107360
107360
107361
107362
107362
107362
107362
107362
107363
107363
107364
107364
107364
107364
107365
107365
107366
107366
107366
107366
107366
107366
107366
107367
107367
107367
107367
107367
107367
107367
107392
107392
107392
107392
107392
107393
107394
107395
107395
107395
107395
107395
107396
107396
107396
107396
107396
107396
107397
107397
107397
107397
107398
107398
107398
107398
107399
107399
107399
107424
107424
107424
107424
107424
107424
107425
107425
107425
107425
107426
107426
107426
107427
107427
107427
107428
107428
107428
107428
107428
107428
107428
107429
107429
107429
107429
107430
107430
107430
107430
107430
107430
107430
107431
107456
107456
107456
107456
107456
107457
107457
107457
107457
107457
107458
107458
107458
107458
107459
107459
107459
107459
107459
107460
107460
107460
107461
107461
107461
107461
107461
107461
107461
107462
107462
107462
107462
107462
107463
107463
107463
107463
107488
107489
107489
107489
107489
107490
107491
107492
107492
107492
107492
107492
107493
107493
