60838
60838
60838
60838
60839
60839
60839
60864
60864
60864
60864
60864
60864
60864
60865
60865
60865
60865
60865
60866
60866
60866
60866
60866
60867
60867
60867
60868
60868
60868
60869
60869
60869
60869
60869
60869
60870
60870
60870
60871
60871
60871
60871
60871
60896
60896
60896
60896
60897
60897
60897
60897
60897
60898
60898
60899
60899
60899
60899
60899
60899
60900
60900
60900
60901
60901
60902
60902
60902
60903
60903
60903
60903
60903
60903
60903
60928
60928
60928
60928
60928
60928
60929
60929
60929
60930
60930
60930
60930
60930
60930
60930
60931
60931
60931
60931
60931
60931
60931
60932
60932
60932
60932
60933
60933
60933
60933
60933
60933
60934
60934
60934
60934
60934
60934
60935
60935
60960
60960
60961
60961
60961
60961
60961
60962
60962
60962
60962
60962
60962
60963
60964
60964
60964
60965
60966
60966
60966
60966
60966
60966
60966
60967
60967
60967
60967
60992
60992
60992
60993
60993
60993
60993
60993
60994
60995
60995
60996
60996
60996
60997
60997
60998
60998
60998
60999
61024
61024
61024
61024
61024
61024
61025
61026
61026
61026
61027
61028
61028
61028
61028
61028
61028
61028
61029
61029
61029
61029
61029
61030
61030
61031
61031
61031
61056
61056
61056
61056
61056
61056
61056
61057
61057
61057
61058
61058
61058
61058
61058
61059
61059
61059
61059
61060
61060
61060
61060
61061
61061
61061
61061
61061
61062
61062
61063
61063
61063
61063
61063
61088
61088
61089
61089
61089
61089
61090
61091
61092
61092
61092
61092
61092
61092
61093
61093
61093
61093
61093
61093
61093
61094
61094
61094
61095
61095
61095
61120
61120
61120
61120
61120
61120
61120
61121
61121
61121
61121
61121
61121
61121
61122
61122
61122
61122
61122
61122
61122
61123
61123
61123
61123
61123
61124
61124
61124
61125
61125
61125
61125
61126
61126
61126
61126
61126
61126
61126
61127
61127
61127
61127
61127
61127
61127
61152
61153
61153
61153
61154
61154
61154
61154
61154
61155
61155
61155
61155
61155
61155
61155
61156
61156
61156
61156
61156
61156
61156
61157
61157
61157
61157
61157
61158
61158
61158
61159
61159
61159
61159
61184
61184
61184
61184
61184
61184
61185
61185
61185
61185
61186
61186
61186
61187
61187
61188
61188
61188
61188
61188
61188
61188
61189
61189
61190
61190
61190
61190
61190
61190
61191
61191
61216
61216
61216
61216
61216
61216
61216
61217
61217
61217
61217
61218
61218
61218
61219
61219
61220
61220
61220
61220
61220
61221
61221
61221
61221
61221
61221
61221
61222
61222
61222
61222
61222
61223
61223
61223
61248
61248
61248
61248
61248
61248
61248
61249
61249
61249
61249
61249
61250
61250
61250
61250
61251
61252
61252
61252
61253
61253
61254
61254
61254
61254
61254
61254
61254
61255
61255
61255
61255
61255
61255
61255
61280
61280
61281
61281
61281
61281
61282
61282
61282
61282
61282
61282
61283
61283
61284
61284
61284
61285
61285
61285
61285
61285
61286
61287
61312
61312
61312
61312
61312
61313
61314
61314
61315
61315
61315
61315
61315
61315
61316
61316
61316
61317
61317
61317
61317
61318
61319
61319
61319
61319
61344
61344
61344
61344
61344
61345
61346
61346
61346
61346
61347
61347
61347
61348
61348
61348
61348
61349
61349
61350
61350
61350
61350
61351
61376
61376
61376
61376
61377
61377
61378
61378
61378
61378
61378
61378
61378
61379
61379
61379
61379
61379
61380
61380
61380
61380
61381
61381
61382
61382
61382
61382
61383
61383
61383
61408
61408
61408
61408
61408
61408
61408
61409
61409
61409
61409
61409
61409
61410
61411
61411
61411
61411
61412
61413
61413
61413
61413
61414
61414
61414
61414
61414
61414
61414
61415
61415
61415
61415
61440
61440
61440
61440
61440
61441
61441
61442
61442
61442
61443
61443
61444
61444
61444
61444
61444
61445
61445
61445
61445
61446
61446
61446
61446
61446
61446
61446
61447
61447
61447
61447
61472
61472
61472
61473
61473
61473
61473
61473
61473
61474
61474
61474
61474
61474
61475
61475
61475
61475
61475
61475
61476
61476
61476
61476
61476
61476
61477
61477
61477
61477
61477
61477
61477
61478
61478
61478
61478
61478
61479
61479
61479
61504
61504
61505
61505
61505
61506
61506
61506
61506
61507
61508
61509
61509
61509
61509
61510
61510
61510
61511
61511
61511
61511
61511
61511
61511
61536
61536
61536
61537
61537
61537
61537
61537
61537
61537
61538
61538
61538
61538
61538
61539
61539
61539
61539
61540
61540
61540
61540
61540
61541
61542
61542
61542
61542
61542
61542
61542
61543
61543
61543
61543
61568
61568
61568
61568
61569
61569
61569
61569
61569
61569
61569
61570
61570
61570
61570
61571
61572
61572
61572
61572
61572
61573
61573
61573
61573
61573
61574
61574
61574
61574
61575
61575
61575
61575
61575
61575
61600
61600
61600
61600
61600
61600
61601
61601
61601
61601
61601
61601
61602
61602
61602
61602
61602
61602
61602
61603
61603
61603
61603
61603
61604
61604
61604
61604
61604
61604
61605
61605
61605
61605
61605
61605
61605
61606
61606
61606
61607
61607
61607
61607
61607
61632
61632
61632
61632
61633
61633
61634
61634
61635
61635
61636
61636
61636
61636
61636
61636
61636
61637
61637
61638
61638
61638
61639
61639
61639
61664
61664
61664
61665
61665
61665
61665
61665
61666
61666
61666
61667
61667
61668
61668
61669
61669
61669
61669
61670
61670
61670
61670
61670
61671
61671
61671
61671
61671
61696
61696
61696
61696
61696
61696
61696
61697
61697
61697
61697
61698
61699
61699
61699
61699
61699
61700
61701
61701
61701
61701
61701
61701
61701
61702
61702
61702
61702
61702
61702
61703
61703
61703
61703
61703
61703
61728
61728
61729
61729
61729
61729
61729
61729
61730
61731
61732
61733
61733
61734
61734
61734
61734
61734
61735
61735
61735
61760
61760
61760
61760
61760
61760
61761
61761
61761
61761
61761
61761
61761
61762
61762
61762
61762
61762
61762
61763
61763
61763
61763
61763
61763
61764
61764
61764
61764
61765
61765
61765
61765
61765
61766
61766
61766
61766
61767
61767
61767
61767
61767
61792
61792
61792
61792
61792
61792
61793
61794
61794
61794
61795
61795
61796
61796
61796
61796
61797
61797
61797
61797
61797
61797
61798
61798
61798
61798
61798
61798
61799
61799
61799
61799
61799
61799
61824
61824
61824
61824
61824
61824
61825
61826
61826
61826
61826
61827
61827
61827
61827
