466
484
56
27
374
193
134
220
164
338
234
403
153
7
454
222
499
154
130
362
300
462
77
308
461
217
264
427
29
142
66
384
83
120
104
172
470
261
227
410
344
253
324
254
131
25
456
103
381
332
222
237
237
500
288
444
360
252
131
53
285
401
444
33
31
44
350
361
250
173
175
361
484
337
392
274
423
2
139
23
94
258
69
28
134
310
380
136
494
182
425
285
290
244
475
79
363
336
265
396
156
283
161
74
231
205
274
393
446
491
468
489
225
353
259
258
192
55
20
370
271
367
119
173
332
184
287
486
144
25
45
136
108
86
209
360
428
415
493
169
257
191
451
132
326
91
83
413
341
103
61
120
31
399
189
196
290
291
221
31
428
107
113
20
312
292
225
255
126
387
248
440
500
299
434
282
306
345
346
16
64
27
88
402
155
311
224
174
183
88
178
361
473
206
427
105
84
407
279
453
461
318
116
87
391
198
361
178
77
351
354
89
121
16
120
142
258
101
373
80
355
167
7
265
336
101
403
382
218
204
170
177
344
119
96
353
17
160
23
375
9
438
152
253
265
367
400
428
331
219
273
158
328
447
305
76
389
167
93
406
314
124
321
118
458
166
221
447
244
201
15
488
130
495
169
364
315
68
217
2
207
58
19
317
471
86
36
494
474
444
164
348
495
71
171
225
370
291
74
452
221
211
401
78
218
15
91
243
63
123
380
151
378
138
306
401
290
20
261
54
116
352
467
336
448
203
157
133
286
407
99
262
92
421
318
240
82
275
5
97
223
86
180
243
297
371
244
454
42
427
221
355
348
9
208
260
208
163
346
110
249
380
64
191
429
252
3
215
397
424
115
50
78
322
103
491
332
351
167
208
390
497
170
474
252
176
50
185
28
306
264
443
327
374
132
256
77
306
298
227
406
322
441
88
377
454
249
244
31
232
480
11
47
51
317
4
16
155
423
244
338
103
207
276
7
313
454
96
107
175
406
170
222
307
153
73
392
396
105
190
410
178
279
430
3
153
20
309
170
88
234
344
45
400
173
148
312
174
68
476
244
266
158
25
332
394
359
400
55
408
485
282
158
114
95
142
493
438
18
90
335
288
473
411
371
280
291
232
105
156
128
83
470
385
381
388
95
37
276
201
157
478
2
364
15
457
24
355
238
468
184
229
421
153
491
79
339
292
353
38
495
79
250
311
448
367
92
492
368
226
127
498
462
318
407
175
359
129
361
232
67
270
101
220
324
147
323
204
452
278
383
21
242
116
77
119
41
371
283
453
18
106
412
352
333
159
60
126
235
261
36
360
58
85
323
411
336
95
328
167
381
10
237
286
364
234
332
193
418
294
49
203
143
97
17
206
114
132
488
324
76
384
368
166
397
340
190
216
78
288
277
162
359
68
272
418
379
67
280
498
161
261
238
166
51
62
392
251
153
341
458
210
53
417
129
487
500
11
432
158
439
131
197
211
101
99
54
372
236
478
182
327
72
422
245
54
40
439
185
223
413
332
457
137
387
280
432
327
180
195
54
231
21
390
484
75
217
438
410
16
247
77
198
481
56
270
463
217
59
470
58
235
187
227
130
299
213
302
346
189
488
200
191
50
139
203
163
405
30
32
462
80
493
465
428
397
254
64
175
382
11
69
437
109
456
101
484
440
416
6
121
376
298
312
149
151
166
157
238
230
153
107
46
316
371
11
154
5
284
13
273
200
363
156
286
33
114
363
333
245
13
381
123
379
278
415
311
430
125
51
1
145
283
333
356
191
412
58
132
273
12
29
254
288
345
466
471
336
254
46
218
237
15
38
70
470
388
341
232
182
497
403
98
124
220
193
379
160
152
218
461
232
288
202
200
461
319
84
187
144
397
242
356
141
209
372
500
144
143
445
171
254
464
500
309
159
254
406
201
465
371
181
90
431
75
42
455
130
324
230
231
21
217
292
22
412
313
277
127
89
176
61
256
496
294
198
260
58
285
133
340
274
439
25
103
233
423
67
131
467
201
157
324
356
147
158
185
317
363
416
488
462
194
171
164
212
57
373
292
153
187
62
354
389
224
473
323
127
415
428
19
117
386
226
341
250
195
249
277
41
65
208
458
238
464
146
287
457
325
205
242
480
76
455
158
92
25
354
238
73
411
69
268
206
413
388
396
85
301
17
363
231
200
167
333
142
229
271
36
46
345
272
118
238
399
243
56
288
64
31
153
429
389
13
110
427
500
497
407
372
471
356
116
62
491
496
441
149
413
422
89
281
431
366
183
393
157
431
63
98
