47424.75
28390.20
45237.28
25491.60
48672.80
52388.28
13550.31
75715.64
16385.38
40172.44
41929.14
70971.36
59807.65
86040.50
64602.09
18369.30
70676.76
31083.50
10847.34
44527.36
15451.29
47235.36
46414.50
6643.04
50048.13
33352.92
14663.36
22955.84
29533.46
45918.60
56580.75
67054.54
62855.23
46373.75
25481.82
35611.59
27929.13
50633.02
78328.80
53811.31
53912.76
23455.52
51699.78
34145.34
29731.68
33271.84
28191.03
13280.04
24785.67
74328.30
46294.16
54409.00
52096.11
8370.27
30884.40
5349.72
22824.51
34110.45
41673.70
1587.67
27389.07
45478.65
63754.47
50005.12
31382.58
55950.26
22544.40
44873.74
10966.62
3427.60
34469.44
75981.36
47679.66
6386.76
37779.60
31789.51
44976.96
71755.60
61577.56
66707.30
5940.48
27533.76
49407.84
41855.14
39399.36
62831.67
16541.52
28478.80
35430.08
41367.33
56261.50
64522.08
26404.56
18409.30
54614.88
30057.25
65494.08
14057.40
40016.02
60333.35
4979.25
47369.66
36778.17
6306.75
14763.84
10181.10
13822.56
25835.20
45210.75
21537.75
13021.68
44311.96
13950.64
57133.44
43341.55
20363.70
9153.72
29307.72
50593.90
7610.26
44146.48
11468.16
24343.62
20947.20
45866.67
2198.38
66051.72
36929.68
69065.50
56420.00
38232.60
44398.56
55002.22
68517.15
15301.65
32858.98
2180.36
79823.70
29841.68
56839.84
32434.75
16127.10
57564.48
4985.36
40398.75
24491.46
27942.00
26708.60
37515.96
48687.24
53417.43
34532.52
32486.20
63680.98
32137.56
5826.36
24776.84
34420.96
66774.40
15707.90
52373.50
76064.64
29984.24
32195.80
63916.08
45550.00
31685.72
55218.80
35975.94
44012.28
29126.28
45156.72
31021.87
40326.66
48433.34
62750.80
63793.94
52550.16
65288.58
73877.20
20966.88
37151.33
39563.20
5233.60
63571.68
41052.24
2366.56
46533.74
46298.50
10861.80
22886.84
4900.35
53337.60
20561.23
32752.65
24488.10
38345.76
74951.38
16722.08
27875.41
40716.28
45488.32
24065.80
11852.80
79547.58
3968.32
44648.00
20953.00
77066.64
50029.65
41239.15
1822.02
62394.36
70880.46
60288.36
90334.56
9177.92
3439.62
50103.20
38981.70
60694.86
65203.60
29191.80
14895.80
17027.90
7778.20
22279.68
63983.26
9768.43
43236.55
38381.10
38496.12
31842.44
46600.96
54896.42
60968.86
18429.30
50346.56
41374.47
6553.08
48247.20
50118.24
65086.40
78232.50
9081.90
90911.04
47427.70
36690.72
21165.10
17448.76
42111.92
54982.88
26328.20
2570.76
52414.88
65063.25
40106.88
55478.82
61913.16
55467.90
49509.24
22019.58
21835.56
48522.17
29463.72
7197.65
16707.60
34169.83
75796.04
48979.84
12866.14
33496.12
63320.08
73862.20
82121.40
51402.45
9466.16
12090.26
8226.00
43374.40
5746.20
44822.25
20053.44
34276.20
23194.50
39395.05
33783.86
21112.80
39718.12
14198.34
6450.84
84520.80
1291.38
21319.32
43290.74
23829.74
45336.62
28064.40
62043.36
46042.43
52592.76
21335.04
11078.76
28319.70
22704.40
77319.06
63895.32
35135.26
35397.70
8136.80
42171.22
12903.80
15496.29
60639.36
63475.68
46372.60
24974.64
1612.70
37542.96
9449.90
46322.40
87842.50
52483.76
10591.50
56789.52
7456.05
12817.92
48490.90
55120.52
15066.24
22923.48
5501.88
72476.00
46823.40
8697.44
54831.80
54474.42
58363.91
29423.94
33383.28
43643.16
3629.82
10396.92
43095.90
58791.95
45450.00
43081.53
36459.00
45723.00
39198.90
43354.44
53816.70
34053.12
18488.14
31306.87
5784.30
39693.86
75970.95
31190.94
49272.57
18379.56
40110.56
23774.33
56688.72
28558.08
16235.10
28086.24
1126.22
84859.18
84774.78
55331.28
69280.98
42414.24
57744.72
45491.88
21737.76
60995.93
33323.52
41667.78
90334.56
42710.85
89710.08
41513.94
11580.32
76422.36
10442.34
21134.40
14095.00
21975.24
60724.08
20887.10
44373.73
5140.60
7131.48
38366.65
4249.53
38276.26
71860.95
10846.77
14225.20
64670.08
57543.04
36443.90
53818.56
71223.18
10769.34
65300.29
54567.30
21092.40
20774.08
27017.38
3037.22
2646.84
60799.68
49172.80
29134.77
26683.05
49332.08
5502.00
34405.12
21743.60
15126.00
62645.80
6557.00
19400.85
70859.70
20998.61
19481.40
77796.32
6296.75
6720.35
29002.32
16201.50
41714.40
35488.80
45860.10
8521.20
19439.28
79283.16
35138.10
52450.65
58382.40
67829.76
1730.82
71054.49
5631.10
3240.51
59314.00
35700.43
60865.35
42594.64
38373.81
80484.96
12090.26
39186.84
35918.18
36688.75
43655.84
3507.78
5340.80
45404.62
51270.12
66799.20
68111.60
47107.91
56063.28
76640.64
10397.25
51130.35
36782.44
1429.52
27164.64
10643.22
27720.16
51661.93
68136.48
78633.00
22227.40
27929.25
11705.65
59449.94
43428.47
1445.54
40658.52
30393.33
29118.78
20335.70
72030.85
3564.84
64667.66
58045.12
31877.63
28244.70
53318.43
46810.40
44734.05
78196.25
28507.08
34479.40
31959.49
1214.31
30344.40
26551.56
18544.76
14276.47
13192.19
6911.24
51713.66
83079.36
34692.96
50613.44
22992.66
21743.10
29743.20
24727.00
31549.65
68336.68
36668.72
65463.30
25227.36
24970.40
19908.84
8243.70
42317.12
21984.24
31651.02
63238.30
31670.15
29515.50
18488.47
28692.09
56886.68
21055.80
45489.06
57174.09
37184.33
26443.84
51830.72
61469.36
19415.70
26380.56
49110.57
42450.72
61031.78
4444.71
44625.36
26736.82
50894.53
50230.88
32177.31
68198.22
3545.72
23632.83
23589.90
72661.95
24876.18
15827.34
32303.50
6671.04
34176.90
9802.62
4898.19
43663.50
12676.30
25085.06
12623.91
39975.66
2823.00
31053.90
14370.40
19102.44
10955.79
65588.60
68952.66
3633.82
75229.50
4950.40
21277.49
69331.08
48452.80
25258.37
79238.70
33366.30
11744.39
4790.25
62306.00
42152.66
33185.50
10144.98
14027.85
24340.80
62183.28
12058.09
7459.84
33651.64
38988.76
57391.65
39327.86
88123.59
24764.04
70822.98
22728.16
10132.68
47650.75
69157.98
49854.50
3672.93
76706.84
90911.52
84869.10
74733.75
29591.40
28879.43
82587.00
68889.04
45842.40
5366.64
22200.20
28182.36
57391.74
53521.40
41282.08
39691.47
16513.92
4532.92
60130.39
46579.20
61805.10
88076.16
1804.00
69508.80
9469.95
28950.80
58397.44
9838.43
30318.11
15306.28
2178.36
11766.60
42597.72
54568.88
42788.87
36494.43
8577.24
37900.50
23036.86
35281.86
71707.68
18163.46
45552.96
62025.60
6361.80
40100.87
13502.24
4967.22
24270.48
37737.04
8240.96
38080.32
17608.50
24982.52
39656.34
73619.28
43776.48
12108.80
26572.56
31612.58
17659.85
2766.03
45577.56
16973.82
7497.95
38020.80
48029.49
91824.04
4441.71
6587.00
36539.64
27966.00
20372.44
18275.46
42374.20
8338.80
41925.60
22840.84
40983.01
20107.12
45325.14
33636.48
66368.05
20518.47
13833.12
36219.00
6111.55
26711.86
72645.08
28710.96
83848.32
60849.69
7729.33
20789.78
45985.92
51642.72
4702.98
10414.98
43023.24
16722.81
47679.94
50963.70
2462.66
43286.80
33646.34
37840.60
35744.22
14935.68
52381.42
11315.88
5294.58
67855.04
10062.71
29631.40
56493.06
68869.50
15280.11
56670.75
31714.50
9794.48
1847.94
65590.08
4675.10
78286.32
54307.11
16865.73
31500.15
68575.01
21028.68
50983.20
52697.34
20665.47
79380.00
20950.08
22523.64
56909.16
15991.36
39668.58
45498.82
37062.06
34744.11
16944.20
44087.60
25705.08
1397.49
10379.25
54393.28
59655.18
24061.22
43859.16
69765.34
37134.12
23186.30
43750.08
10018.56
34447.20
51781.13
33900.24
19820.88
17478.04
71842.68
7912.64
47313.84
71661.44
25352.50
26988.80
87361.12
15466.95
10846.77
2646.82
43642.20
5958.32
29555.46
54168.96
15631.47
18778.89
58863.36
47379.84
45800.16
41184.54
75478.13
18680.10
52599.36
58778.58
52044.60
56013.90
32245.83
33597.63
23689.92
53496.32
46249.35
48124.44
37077.70
46420.01
7421.05
50418.55
29408.32
66486.81
41580.48
62453.88
4246.50
26347.68
64105.86
66330.81
17574.60
53003.24
18887.52
85938.16
80346.77
65101.08
28507.08
1472.56
13470.16
41067.15
80150.28
54779.04
10811.52
6168.72
25567.40
75883.36
68473.00
13574.64
30532.40
3047.24
16586.37
21788.10
3764.16
34560.33
80148.48
77121.45
49110.44
34197.45
52855.24
32735.40
26444.86
55589.40
17553.90
6211.65
38315.75
47702.82
22389.15
23090.89
53669.98
37426.30
51183.00
42410.62
22656.72
61060.35
7232.00
69901.92
43276.20
33472.96
66849.52
44183.52
28568.40
59230.08
63282.60
5084.37
72190.02
40576.90
69673.20
8083.55
76689.12
11189.76
3925.20
47852.50
43895.46
66695.04
71130.15
21708.96
41233.80
26376.84
7292.75
15395.51
38078.04
40062.92
19885.06
46879.06
59971.24
52975.44
8253.70
24040.50
43077.25
38802.16
27341.52
37985.40
42764.88
21539.54
20098.59
25406.70
18289.60
75458.12
11027.58
66400.20
29655.74
70077.92
43818.50
55614.48
8967.54
64832.40
10042.80
3884.28
70544.70
17695.26
12550.41
28409.70
23229.82
46718.88
57880.90
51784.47
45172.50
65945.66
42706.80
10644.27
24596.28
31174.06
35162.50
14265.60
29656.20
45374.85
28614.72
81205.44
58371.25
49739.04
16022.05
23124.45
23349.60
18796.69
41168.25
63408.30
40218.66
61958.52
29110.80
15024.48
32114.00
50745.36
51598.74
48652.40
61774.68
57622.52
5850.20
21531.18
10363.04
3167.36
79634.00
54378.00
20118.12
7343.72
41147.68
64176.20
14617.96
48154.68
19028.48
47061.56
44498.52
22839.05
48674.44
43067.25
41411.15
38853.54
76449.12
33929.70
75888.98
16722.81
32274.58
42295.16
41018.25
28272.78
13103.72
72481.50
12730.59
4476.84
39815.47
27147.38
25245.00
7973.40
54281.48
9626.40
24403.03
23608.41
48100.32
34917.96
17360.59
2775.03
71002.80
45506.28
44813.25
35738.76
22318.53
30458.56
21462.88
29503.04
25716.08
