16352.19
1822.91
76946.96
17588.50
17218.72
47474.75
23923.20
54658.11
34456.20
12542.53
46974.25
15710.94
51254.80
7357.98
75959.20
76620.41
23895.96
13938.21
30393.00
10373.33
54890.29
13262.00
3600.87
76175.95
54389.46
89715.08
55836.48
7922.46
16121.16
8072.80
65925.72
49447.91
46382.60
37936.08
58161.25
56760.12
45047.28
11298.06
53669.98
43671.00
47802.50
48858.33
48471.48
44873.74
21628.88
47690.40
49186.77
74286.72
28221.76
5305.68
40939.84
33153.67
30432.20
5886.35
35402.08
27137.70
12493.65
69896.39
41852.20
15360.80
1158.24
65228.80
917.00
73607.83
45839.40
2887.06
64399.68
69373.89
45047.70
71676.00
71324.86
25780.08
1566.66
40918.90
12172.96
31959.49
24626.10
66950.80
32309.50
14127.40
33684.88
78748.74
55929.20
64274.06
12354.02
44179.26
3836.20
31933.72
60354.36
87655.12
46274.40
75716.55
86036.65
12861.86
9870.80
31183.50
31750.81
5808.30
7511.88
17412.59
68272.16
26608.60
48056.36
17238.36
4184.56
22725.78
46323.30
70183.34
45670.21
57486.52
28675.08
51456.86
82358.88
23278.30
31053.60
28779.66
18192.72
93598.00
43124.24
45093.30
52791.34
27928.16
74862.72
61174.40
70409.70
12885.60
4441.71
47265.40
31202.24
77024.64
5618.88
6547.08
7248.00
5521.88
49773.60
41064.10
49002.30
57390.55
44734.80
45744.21
37889.42
37641.20
47189.45
25592.28
52483.42
74964.54
2862.12
55322.24
31449.44
13320.93
16642.08
1500.59
67312.98
42171.22
13104.08
22499.64
27533.76
56114.57
25983.30
29665.68
67885.75
25941.93
33803.70
14361.12
79504.42
32154.32
22984.48
77031.50
21539.54
29054.56
78958.74
22444.13
11392.30
36053.01
1214.31
8353.04
6649.14
20507.10
11424.48
73348.97
10492.98
67610.91
25281.00
72939.93
68868.66
24606.40
15374.66
10494.44
38362.00
39327.60
6290.64
36310.17
28619.59
14998.06
31965.66
8438.90
21695.73
69764.06
50242.01
1850.02
27839.10
47109.40
42184.80
25286.70
21063.00
42573.44
32127.66
43630.56
22043.40
10141.10
46458.62
32096.04
69892.26
60958.26
31687.32
6961.50
11908.64
14896.32
48302.50
15955.16
57250.20
62617.00
84809.28
40214.24
13454.70
76015.80
90145.00
48126.68
63354.60
73045.44
32936.05
20878.88
36699.00
60403.70
53880.26
81091.56
36805.68
13274.43
23125.50
50137.65
37207.33
19069.90
5881.30
8235.09
3006.30
37690.79
50165.28
41792.24
72896.56
20952.12
64440.64
17673.70
69672.06
21887.04
10848.00
65515.23
15994.16
52487.10
16695.19
55738.50
18312.25
39972.02
19806.15
17408.30
38684.58
62983.62
45027.32
29862.97
62863.96
25144.79
16109.16
60208.26
24128.52
26652.00
32676.39
85390.00
72661.95
44559.36
44861.38
19208.28
23895.20
18009.32
30241.92
72364.80
8777.52
50637.21
46892.32
8624.05
27353.44
29335.44
57892.42
43937.25
23350.50
2893.06
40401.18
26157.45
44747.40
26190.93
1284.37
31329.98
15966.80
21505.46
62826.40
40362.48
30463.84
35934.64
26235.44
35174.08
3940.20
13598.32
35112.26
26067.93
93344.51
21043.23
19787.79
41273.32
14866.20
27569.16
59317.65
49243.74
43083.63
27497.40
2819.00
4886.16
61466.00
8442.27
26529.72
54539.48
27864.45
56919.06
9914.64
55580.48
37399.20
3525.72
9460.08
1998.18
73607.40
42676.62
45400.00
31534.20
48157.20
37310.00
13896.96
44867.52
7668.10
14559.30
11881.87
50208.20
50885.20
13721.58
38288.88
43245.36
45364.50
50768.90
41707.14
62932.65
10955.79
27329.96
20924.26
38698.23
55429.78
31364.06
33730.88
18659.60
27068.48
28114.80
74246.90
5010.45
2702.88
23968.99
21716.73
67172.00
65632.07
27560.67
64484.64
49186.82
74418.30
42478.02
42709.85
20459.45
39313.26
80199.77
14496.00
45048.80
23017.20
36588.37
23068.36
30185.20
25539.60
79341.72
8649.10
66421.00
40299.66
14791.20
31466.15
52167.17
14072.85
39274.24
41484.80
20962.35
34211.50
50787.00
24722.88
14919.68
9882.56
23788.96
35859.24
50955.63
83439.40
20992.50
69445.79
40399.70
45164.52
81185.50
6132.66
81985.95
43959.96
21363.32
20812.12
49854.50
23870.65
39396.84
29241.28
27623.61
48352.08
43990.08
26988.32
41140.88
30335.84
46651.50
74150.02
43569.94
46114.21
25373.86
59742.72
6887.30
69916.26
74218.32
14940.10
32428.09
3197.38
93099.51
70512.21
67932.00
76532.96
14607.60
68536.60
37948.50
36632.96
20052.01
23699.46
4849.24
48892.14
3919.20
9978.64
1522.61
3390.66
57039.45
28670.40
39482.50
40390.46
47679.12
15797.25
15834.83
22776.16
27929.80
6891.28
58029.72
52631.68
26460.84
39942.25
61244.60
34180.08
28379.70
29047.44
7568.19
15196.32
13692.84
7561.19
58897.30
56691.63
5030.50
18224.14
17715.20
32259.20
22451.66
49415.80
48696.96
17548.40
22136.94
77943.32
37043.73
36838.60
69217.10
2136.32
1226.31
47089.80
81226.14
14999.68
14370.29
50499.45
19001.71
35244.05
12625.68
39541.75
33696.72
48631.80
41143.50
9201.92
50274.45
60598.22
38667.54
4937.32
23124.80
19479.06
43125.90
47992.64
6931.28
27149.28
57288.80
8417.12
77389.40
62186.00
7051.56
64912.80
13484.40
51526.47
37761.60
38884.85
21737.76
87163.20
75519.58
14855.52
37832.96
16352.10
7613.10
39874.38
13664.82
4015.29
71513.44
20732.42
3788.12
73970.40
70586.10
22244.20
50279.12
83423.12
48917.28
15235.02
50873.90
46650.40
73733.88
1074.16
29560.11
26588.40
45095.28
33668.48
18883.02
11596.32
61372.44
44599.05
12276.96
64088.98
33660.72
58671.98
38588.48
1800.89
3225.40
67598.34
79676.85
54292.42
16440.02
27957.45
33633.00
45345.02
36410.43
3153.34
57251.06
44657.10
60724.80
50258.56
18720.40
68501.57
7392.98
31213.00
64364.62
13335.30
77739.70
53261.34
14874.75
39312.00
63519.69
33740.70
53102.70
25659.36
21142.50
23992.22
34336.96
44940.24
36603.60
40483.20
27330.44
2712.00
51110.46
73133.28
43652.70
10234.96
40183.20
82242.48
1205.30
58620.56
51088.06
57513.39
86156.16
13462.24
35397.20
93295.51
48433.68
38972.16
10928.79
6420.96
55018.40
43908.02
29830.71
24295.65
31564.50
37689.75
7680.33
49849.80
7414.05
33569.28
81130.50
22433.85
45200.85
24063.67
5217.60
75671.64
9803.43
42353.82
70881.62
29316.96
1554.65
53463.96
39867.32
5105.48
20721.72
21172.86
7513.00
15136.64
30609.04
18139.50
34696.40
52724.70
43517.76
6264.78
31444.20
60520.24
44544.96
4220.56
50751.61
22979.07
13114.00
64883.00
31049.97
52732.33
67410.67
57495.57
53264.52
63235.68
11071.90
9180.99
39242.35
22800.05
5340.80
64219.00
33985.08
1254.34
39678.12
28210.00
18992.57
52632.87
46189.31
56075.04
35408.10
10142.11
35462.07
11220.24
17662.59
5525.88
24973.79
56571.20
30570.21
11295.97
45004.50
32885.58
44418.60
36669.60
53936.70
11222.10
37695.84
36999.12
47902.40
32130.00
19407.06
29123.64
67018.98
18917.91
39417.35
27598.26
56291.76
73337.44
77943.32
10091.00
40292.32
4835.30
18852.32
62388.74
37948.30
48724.20
21379.18
2708.90
31363.98
32994.80
50484.07
65869.60
24179.35
34851.44
26668.05
36759.96
16227.10
25511.60
76421.95
6578.96
20118.12
7558.05
44947.25
31336.35
3453.64
28214.55
15424.96
43259.88
50743.20
28737.66
34812.00
10892.70
54054.84
48892.80
49696.36
64748.64
27767.67
43265.04
18180.14
92658.02
41150.20
59772.18
48098.44
31533.88
12957.68
26783.12
48451.26
49309.65
63129.69
27563.90
18883.92
18394.65
88749.12
61973.52
18367.36
12069.09
8913.52
67246.56
25696.36
49463.55
52960.10
11429.04
43278.40
19018.30
57607.64
19468.67
1341.43
46362.98
28368.92
61595.52
13721.49
41007.12
61910.94
14393.68
8353.03
47436.17
8473.95
33594.72
19719.00
65148.40
1061.15
43892.36
27054.25
54011.76
14887.60
31834.08
59114.58
37756.32
42245.60
47145.88
21485.31
58802.48
21548.52
34556.40
44147.88
10781.34
1694.79
21766.29
5255.52
64097.64
32581.20
6931.28
79631.58
21407.04
30689.60
11658.42
19876.66
25595.20
64975.46
21341.18
28605.75
37105.60
51606.00
3976.36
25120.14
42688.92
10460.25
49787.49
30663.60
23870.65
53876.70
50817.20
26797.12
58461.12
26597.16
12322.31
29203.02
33633.00
16150.68
42542.82
29628.28
48218.76
31737.84
18331.60
19728.93
59823.20
7317.80
27385.96
6677.15
52211.25
37705.23
43601.19
66149.60
48336.80
39162.80
51652.86
34200.40
73619.28
49034.44
25267.20
78190.34
15346.65
86991.50
7280.00
27665.61
19065.15
20592.66
28272.51
27301.68
28318.68
40674.96
16427.70
45756.10
18982.71
39003.51
20596.32
38261.73
17683.04
22617.14
47523.84
49807.39
24414.78
64219.32
38969.04
30140.50
56460.63
62562.72
1455.54
39072.17
14687.96
49004.41
30634.56
45597.75
27944.25
2895.08
22410.36
57448.57
53308.00
80648.48
18469.80
49402.92
44646.75
59698.56
34000.68
66447.93
42778.85
70637.39
63262.60
28740.42
75637.38
41384.10
49584.08
1308.40
46257.78
4766.04
8889.42
64538.04
80542.77
35174.08
27465.26
55996.26
13634.60
24722.28
66247.09
29642.10
39432.30
26262.60
60471.72
68872.40
70010.26
38156.30
38656.80
83467.56
54257.60
44230.32
32771.52
21851.46
20960.61
52302.88
33596.91
16383.64
65435.46
42502.72
46309.68
50294.00
55690.90
14590.62
28688.82
60140.40
39906.90
51944.64
61625.70
42143.01
15808.92
21322.65
45548.16
89093.50
1047.13
59000.04
15306.28
7561.19
51322.04
22734.92
46535.40
12389.02
33034.98
51535.20
42978.87
75185.43
45192.60
16247.70
87980.16
21715.76
3919.20
8899.35
35466.42
13770.15
15625.61
91391.52
48801.60
9700.20
80725.05
58843.78
18304.65
6486.95
64548.40
19585.80
20069.60
53222.82
78034.08
24161.48
30624.66
39892.00
15946.80
9865.62
28292.68
45417.84
