16899.53
55548.28
8528.95
48132.75
18055.08
37721.60
70792.10
36280.00
39998.56
26003.25
74658.76
28181.70
17898.96
50793.21
43517.70
48957.81
29179.08
45198.30
64440.02
21957.98
46489.20
50313.55
9826.56
60318.57
41336.02
49170.89
34559.11
1662.75
74165.70
17971.38
83607.84
35807.10
36831.96
58021.60
9950.57
26408.20
57569.60
11863.53
25511.85
1418.51
16132.16
41410.77
47523.17
70664.49
40111.68
42020.40
44287.60
21720.00
52038.40
46909.50
47003.98
12565.68
20925.96
16406.19
47768.82
23672.33
34252.68
31437.41
9242.00
58963.50
40401.52
78127.13
60796.26
65937.96
33155.19
38516.04
6336.84
58814.88
41932.88
35888.70
16693.71
76339.95
3156.42
59929.27
11826.87
21654.88
48161.00
84171.36
12481.56
26389.72
32705.40
49585.47
16217.28
4548.92
51329.60
60868.44
8574.05
3439.62
16546.08
74166.12
40469.21
45609.20
1325.42
46942.54
36908.10
13173.86
63207.32
28079.40
28379.70
60187.68
33662.72
52135.30
2865.04
19115.90
20285.76
44964.26
33539.52
58358.16
34921.74
1876.97
10270.86
46373.95
52791.68
34895.41
42351.54
43586.90
56375.66
23256.64
56189.27
83137.50
1389.48
44230.32
40204.23
65301.60
11045.79
28205.60
7339.86
69398.79
9141.66
46245.87
42548.88
63202.05
55009.89
1383.47
28548.45
44254.32
22653.51
14855.52
50213.13
26054.54
33510.75
10747.44
13482.69
4327.59
20531.84
22433.94
43726.90
57361.50
40092.25
53880.55
23404.64
42957.12
34309.44
13790.88
23712.92
33744.00
49787.49
1455.54
77349.31
54437.75
5201.56
11195.70
37704.64
57985.20
47252.00
59102.28
38053.14
14042.21
47870.70
15306.20
32159.50
45246.05
45197.50
25106.79
10672.34
18415.44
81082.75
80861.10
15397.20
66052.14
38024.96
18484.00
28644.21
15076.20
65389.20
57670.90
10840.48
1801.89
25178.56
19188.64
47173.56
7403.76
38941.25
16439.85
9321.84
12035.98
7179.52
71058.48
37784.32
23556.00
49717.85
32534.20
28235.88
42572.64
22213.52
42375.56
1286.38
39593.76
30063.00
31029.60
13398.16
27434.70
73176.97
77782.70
20335.56
37531.78
46145.98
32814.60
45520.16
42562.08
19749.42
74164.90
68280.52
5652.24
8053.50
12829.68
2372.54
9069.60
43502.20
45589.72
36867.93
58622.40
22851.78
35966.22
16644.81
23605.40
27809.25
26569.89
7207.65
29952.96
24846.35
68742.90
55615.28
41315.34
53018.55
17814.84
41029.12
89322.59
26202.60
20602.40
40503.75
60868.44
42644.36
10487.34
38472.42
5651.10
66654.52
24003.65
16946.73
45955.98
73469.76
11075.84
24098.65
12541.28
10731.44
36689.00
57146.25
34075.80
66662.05
45410.84
82454.88
84319.69
45780.82
43581.60
61555.36
48280.70
45982.96
20370.93
27669.40
7582.26
22059.38
15306.28
29319.92
2560.74
42284.40
64027.65
9982.80
64580.64
57003.31
34407.10
36221.22
15768.72
37840.32
57657.60
12723.60
55957.28
4476.84
28632.45
49976.75
42203.39
63492.08
40783.12
13354.30
2736.00
14731.86
58342.00
72786.08
31583.75
41274.84
35863.80
19821.42
17373.59
33443.52
41403.56
23755.05
1328.42
60167.80
34467.57
40981.15
57707.18
46993.92
24380.40
15646.60
2382.56
41967.22
25794.72
14407.68
935.02
13304.20
49685.68
54910.80
58537.38
72736.44
51894.72
59138.28
18907.40
65343.46
58511.60
54008.64
39672.60
21630.12
44421.75
87465.12
43818.81
16613.46
2690.88
1887.98
70471.21
62442.24
30869.49
81182.71
24180.52
2812.98
7952.52
82518.48
74438.76
27245.70
12563.50
69197.04
24155.25
3543.72
9733.36
80388.48
58171.62
53697.24
37350.60
71412.25
53141.50
35160.82
59639.80
30282.50
59823.00
10042.56
48214.44
56929.31
45890.40
1180.27
9049.76
51850.80
3666.93
26748.60
23797.06
45750.00
22921.20
39146.91
8881.68
27173.58
38726.94
1012.11
22513.66
26500.80
21050.40
4104.48
65757.72
30087.62
86847.08
18397.98
8325.18
44894.25
20707.68
44639.59
44445.98
61986.24
11396.08
53213.94
72927.50
43147.31
49598.55
33496.75
5851.30
38841.94
21102.78
52855.77
24345.76
3019.20
9277.87
45587.36
14865.80
56952.06
49696.36
26432.52
37357.04
21062.40
11237.76
6899.24
20406.75
46480.50
27896.82
25290.09
17972.11
17038.00
3357.54
1813.90
20601.98
22942.22
37420.04
36998.94
77121.45
35787.84
46803.36
29388.96
16425.78
4805.25
11616.72
41841.00
33585.42
82748.94
11246.90
53807.62
69868.80
66388.14
55743.80
79590.42
29695.32
59703.42
61315.50
11232.83
34896.75
40120.63
3360.63
19112.16
12496.32
40192.24
14519.82
31007.97
17090.04
68072.50
22584.00
1047.14
39967.25
3527.70
48007.53
21574.46
26813.16
64548.40
25728.00
28570.40
54890.29
2004.20
20978.10
31402.25
33635.76
27057.87
39575.58
7513.00
25911.54
24954.60
16853.88
33182.67
6142.52
80229.60
56106.86
23180.36
82987.50
44427.04
48066.15
20349.70
15572.17
77648.83
37840.32
3301.50
55393.45
6888.49
30248.40
29154.78
4880.16
78787.80
15136.50
33696.72
27864.64
14155.40
20419.70
24473.92
66531.52
78776.81
4655.10
25587.40
43695.52
20795.97
40410.66
24346.00
46080.44
45995.40
4960.40
3108.39
38312.56
6547.08
31803.30
34860.96
65587.56
39252.00
47114.32
11925.87
41085.45
40794.96
44833.44
38230.80
9165.72
23347.53
55486.34
30257.79
63318.00
22544.40
25900.08
62369.34
52807.16
19396.80
24336.01
52574.39
6066.44
31702.16
37338.46
30062.70
14238.96
24608.01
56715.75
60978.60
31809.25
928.02
58541.54
56661.50
23860.83
17746.38
8579.05
72028.32
44299.71
55331.69
51673.44
44794.27
9024.45
37609.78
83291.12
12246.39
55929.57
7291.64
4637.00
7576.32
24002.16
24686.28
5821.30
23987.04
31678.02
25626.51
14776.20
14497.73
26137.30
73528.00
46050.50
31933.72
64904.04
18964.48
60940.22
6258.64
61685.13
69703.48
26253.50
45369.20
11380.04
62421.62
39689.58
27370.98
39416.37
1774.86
17253.60
27088.80
20504.66
2316.50
36295.36
29356.51
7171.74
23826.00
26262.75
25218.54
49705.11
29702.40
26228.20
2126.30
21238.72
9496.26
48981.24
40933.50
61217.66
67481.40
12396.02
64180.94
9489.95
44651.88
77841.90
41623.96
52045.35
9865.71
51359.44
52615.80
13235.43
34533.44
21579.12
17803.44
3057.24
49549.82
41175.45
47957.00
48388.80
38430.00
31267.35
33316.42
53355.54
51545.10
4748.04
51614.93
57833.60
60255.04
18890.25
80735.50
55120.80
48146.88
11532.60
33513.34
72377.00
45272.50
39116.05
3769.05
3081.36
22685.14
8181.00
76393.80
59706.92
35038.96
64308.00
35788.25
56522.40
31929.66
58417.56
63473.62
33215.07
23893.50
30218.76
1458.55
49465.65
5645.91
43894.08
20861.10
20966.26
55813.80
10857.77
31534.20
7455.84
5684.94
30213.00
89252.53
19869.00
77109.83
9505.35
11982.60
17001.93
87605.63
46971.59
24233.76
28136.68
30802.30
19522.72
44196.50
32380.02
60215.00
23881.06
71074.80
6182.56
68410.78
3281.46
43595.12
7002.45
46557.00
45921.82
18449.40
21095.23
23551.00
54093.38
991.08
59110.92
67495.38
3545.74
67786.92
7708.20
22379.94
40423.20
69219.93
2384.56
33588.72
3096.39
42164.70
9554.32
79893.72
60662.37
50963.00
3928.28
77396.78
40503.52
16469.28
61034.05
76996.36
35466.42
63822.65
43446.19
57507.84
5147.43
5432.70
8030.58
38381.76
19016.04
62018.00
29844.48
71952.66
14959.68
21288.54
57664.23
49114.65
25437.30
24926.60
80049.15
56676.48
30213.00
21879.36
49252.80
1803.90
49753.20
37336.70
29451.24
73650.40
45671.76
25339.86
30853.12
48211.45
34053.54
74508.75
32282.83
58114.10
3679.86
26528.20
36402.37
42577.57
25562.74
9508.08
82550.88
7056.70
34476.72
60575.68
56744.31
4761.12
33028.74
42301.35
60040.19
18860.80
51295.02
23570.16
36125.18
40338.32
7984.64
51428.35
21358.68
6748.35
44439.43
58277.56
24470.10
14249.29
5305.68
13214.10
15799.03
50122.80
19306.09
32963.84
41848.24
40029.39
8176.96
11213.76
26783.12
25416.51
4441.71
34196.68
38003.44
25713.36
11739.00
35592.28
6650.35
51462.04
37383.60
12874.68
9496.26
38749.94
21472.75
43336.62
42788.98
45559.21
13164.10
54144.09
43701.84
57481.65
48768.44
13318.08
35092.08
5462.73
40420.64
25879.83
3949.20
45408.65
70723.39
38291.10
73822.83
42053.88
32095.35
60365.00
37380.96
26340.52
984.07
11782.70
45586.45
16691.92
47107.91
26095.74
8604.05
24326.20
41324.16
16031.68
37805.04
46819.50
26395.05
13442.22
13174.42
40272.66
28260.90
11730.32
38870.92
23587.16
66493.92
33839.46
17779.20
23575.05
8724.15
76904.96
31260.18
46162.16
49761.75
67752.00
5678.94
9189.65
51870.90
48886.11
28163.70
74558.89
39807.90
17130.24
41676.48
38269.42
27429.75
21528.46
33383.84
5531.00
40336.66
15969.28
35193.18
74138.20
38632.81
71610.14
49692.70
46513.28
65841.12
1143.23
20637.42
73908.83
43239.31
58562.55
20741.98
17108.00
2875.06
55669.83
31763.63
52279.04
28998.60
3246.51
74000.90
38242.00
83209.40
13510.84
11965.08
59054.69
11793.39
16769.88
20073.78
50378.74
2266.44
62886.24
38878.18
51551.35
11067.10
41743.77
72389.62
42083.55
32289.84
33461.75
10428.44
1771.87
12325.95
37339.20
28454.21
58108.05
81974.40
66079.30
75784.87
6356.80
42138.46
25035.12
37736.61
32678.10
29506.75
40015.80
50983.20
68460.16
37598.56
35056.53
23913.44
18355.84
67270.98
61378.35
31449.44
61595.52
3836.20
28656.94
73904.61
68165.76
6733.32
9193.80
24785.88
13814.56
47498.76
2386.56
23632.70
29504.32
50629.36
45697.92
73821.88
58406.48
48394.08
57999.76
13062.28
2660.84
31882.08
34664.52
49966.28
38552.58
8684.15
26228.50
35716.59
58429.12
5459.73
52343.86
18849.80
25326.81
12178.81
65570.00
22471.84
24574.18
59615.79
