401
367
186
233
84
35
80
91
331
198
97
85
2
302
430
198
6
121
33
403
8
155
16
96
143
403
42
339
389
425
208
461
289
13
197
53
105
261
149
239
457
393
269
168
490
260
115
273
77
492
260
286
158
487
354
299
246
456
196
393
176
464
265
323
377
419
59
480
186
378
140
272
265
102
398
480
279
133
373
53
470
97
418
46
114
174
98
190
107
468
299
71
66
271
111
109
282
12
394
237
360
256
190
120
53
103
436
438
159
63
324
91
336
213
386
261
452
166
149
423
207
478
270
260
102
34
454
250
212
442
213
94
191
220
18
472
96
163
454
222
287
308
241
277
393
34
16
200
202
260
295
412
351
297
483
90
159
493
454
259
47
252
302
37
470
278
443
331
201
178
188
4
155
446
278
416
6
317
237
396
8
320
118
382
60
221
120
493
286
253
413
191
267
119
329
256
321
194
259
70
90
34
497
96
407
407
30
119
60
499
433
150
204
65
305
389
182
146
99
19
201
7
67
429
102
462
392
98
444
200
444
256
7
480
481
306
251
420
307
414
308
191
133
328
446
447
428
133
40
406
81
391
245
85
326
82
419
68
52
339
46
193
231
313
216
239
90
285
427
464
440
242
177
200
400
296
138
450
18
34
319
285
483
60
418
485
61
398
326
326
495
63
424
457
443
422
378
91
499
103
101
445
19
85
221
326
41
367
307
180
464
324
322
273
372
21
471
392
164
97
253
392
301
406
185
13
307
460
423
257
106
392
138
263
361
401
67
240
101
474
9
485
257
237
94
216
190
239
379
131
119
114
136
104
127
408
240
28
187
484
471
205
262
145
38
29
126
159
435
24
147
428
219
97
314
66
413
300
311
213
134
145
64
208
300
363
372
486
465
413
42
301
6
111
141
89
298
56
15
392
488
109
463
80
451
98
21
7
147
355
314
453
349
479
224
340
56
55
180
371
416
473
158
314
200
316
478
137
241
411
99
300
155
232
177
227
6
372
261
45
96
454
366
377
327
1
164
4
316
406
205
404
278
252
359
308
225
233
185
184
411
289
415
351
289
246
363
177
428
109
312
34
291
318
371
369
482
321
293
168
436
264
489
22
264
483
312
242
81
479
478
154
260
273
353
435
359
287
458
96
106
85
398
472
391
209
230
170
481
494
69
10
268
270
337
160
38
432
184
206
4
229
411
177
111
423
237
59
436
101
2
107
442
230
149
66
202
204
328
425
479
295
130
305
95
355
329
234
386
227
53
419
43
438
262
388
56
161
318
222
338
92
412
458
158
50
425
279
139
312
365
214
436
258
478
146
167
367
433
262
277
12
212
15
295
389
220
119
110
481
357
100
155
409
313
289
382
405
289
354
251
222
35
115
35
389
70
77
21
341
405
315
395
417
495
489
273
266
411
90
229
53
147
401
75
172
109
351
268
441
183
492
10
265
126
260
297
404
274
385
466
147
143
126
473
225
40
362
439
353
355
338
243
206
226
498
443
382
426
111
484
38
290
205
176
244
247
434
367
360
440
281
118
39
181
298
386
81
370
163
300
399
278
213
265
405
374
146
89
1
193
61
220
477
238
263
103
458
477
260
43
500
78
8
67
363
30
147
365
467
60
93
386
429
397
130
386
370
473
223
296
184
21
150
352
486
458
27
359
302
196
62
307
437
155
403
108
289
67
405
214
240
137
32
362
292
395
50
107
84
355
405
397
95
150
296
226
168
321
65
268
497
26
418
257
419
184
467
128
426
158
152
477
134
55
309
251
235
492
339
90
261
357
348
37
132
500
136
102
55
232
38
408
139
47
111
87
432
440
266
352
41
133
37
463
322
401
144
269
152
238
25
442
463
400
461
259
284
130
179
229
483
346
99
93
16
326
77
174
460
268
325
414
375
159
275
417
121
167
99
10
213
69
344
287
441
397
188
135
328
107
212
246
434
344
294
321
491
305
497
149
43
454
435
315
473
85
305
129
81
292
89
424
331
9
353
301
398
137
434
149
271
304
92
425
72
233
208
184
263
261
389
27
498
25
113
71
38
32
54
355
409
277
230
457
88
203
144
209
354
153
218
129
244
106
117
86
146
93
491
219
221
334
319
302
108
95
168
499
122
341
121
234
306
486
220
166
170
25
348
303
265
351
331
393
484
447
381
155
91
10
448
113
471
357
497
104
394
101
316
86
209
121
217
303
472
402
327
387
400
238
491
188
103
367
234
254
327
276
264
125
226
85
423
439
42
74
37
50
161
405
132
373
373
308
228
261
386
398
83
