63246.69
51674.52
39341.75
40759.50
14725.60
19265.70
39065.28
23187.99
21960.00
57724.49
58881.88
56106.90
39517.43
2662.84
14039.96
22110.27
41185.32
39425.76
85987.65
30241.28
13144.00
19214.58
2376.56
27946.52
54711.22
34225.37
47208.54
1650.74
70781.49
43392.00
17718.60
28405.75
40292.32
29791.60
63241.50
57621.20
5018.28
59387.30
43396.58
14996.24
49949.13
53946.09
63066.15
45889.92
22031.38
30818.55
44602.60
27429.20
42745.36
62986.40
38121.14
27869.28
51775.60
30357.04
27399.44
46814.04
16190.01
67992.48
52631.49
61641.36
61870.80
17778.96
39524.94
18962.16
49029.30
16848.36
25601.36
70963.62
70754.00
72232.02
50783.40
23016.48
35053.67
51755.93
35781.22
78374.34
41804.80
37032.93
21251.36
11221.21
52972.80
30423.00
22003.80
66310.00
1826.92
14445.30
71971.68
85394.77
9790.70
16754.08
47341.84
30987.99
42733.76
48720.90
18284.50
8897.60
36608.87
1409.50
53320.82
48056.49
67557.34
23294.57
44987.60
70210.36
7757.40
69303.60
34576.12
71885.68
58813.76
70799.62
37433.41
1773.87
44333.19
44281.26
37363.99
42858.64
10496.34
39540.34
27773.24
15184.32
31083.35
43827.52
27317.52
3648.93
50562.74
15264.64
52459.44
3211.40
1277.37
30489.11
14310.60
18622.89
53965.73
81837.80
37280.66
20592.44
1992.18
40654.90
44327.97
41273.32
22632.30
85833.70
40245.66
88594.06
56230.90
52707.50
8369.12
18444.36
45120.60
13786.74
57264.90
4556.92
15716.70
55103.40
23923.83
28409.85
51237.76
56718.90
30231.20
52216.00
72803.28
5946.28
9126.90
13664.82
38166.26
8193.65
70434.00
30132.00
925.01
39582.30
25220.86
8586.36
50861.99
54871.08
26461.89
26928.80
66774.84
8985.68
4126.38
33215.70
14469.21
32487.50
54265.28
46530.00
22158.94
48821.28
32206.02
52050.60
65583.07
5621.05
2833.00
73277.50
40096.68
55259.52
5730.12
94198.50
20340.45
12322.31
66556.14
12780.04
79547.58
83742.75
1840.02
50538.18
9254.70
57010.18
72941.28
23544.78
29038.40
62926.15
32055.66
59774.40
36956.85
51906.50
66434.97
26593.52
49321.14
81229.75
30426.76
27364.90
17286.36
45984.96
42985.41
44553.60
28683.32
57337.49
67671.20
15376.44
10547.28
43022.25
39227.16
1342.43
64225.32
37644.32
31007.97
32868.36
32805.38
52458.10
69775.26
24911.25
41457.36
20022.00
60894.05
57420.80
3108.39
68183.64
53764.62
62588.22
52183.44
1241.33
68071.60
30938.47
1884.97
7616.32
32974.56
60832.08
53857.60
89894.50
39222.00
35591.99
1617.71
65583.07
27434.70
4584.96
64479.06
76267.80
35685.00
27469.40
38110.80
21398.18
14847.96
51426.93
67303.28
32652.00
37990.92
7343.98
64769.00
13430.52
5177.46
24970.40
22488.72
7561.19
15640.47
5045.40
30432.20
3795.98
9988.50
54321.76
5854.24
2292.48
54206.70
24406.20
67944.48
33170.96
54061.75
40929.03
19304.40
19306.09
46542.87
47050.17
14383.12
71086.62
48416.11
46059.88
37902.90
10538.55
32695.39
89794.00
12140.80
43794.15
78159.90
3102.39
50353.92
39044.00
51182.04
80454.15
62575.80
45395.20
27461.76
81398.14
58713.00
38121.30
91446.00
28471.20
52571.70
49644.00
20457.60
3991.26
49878.24
29506.75
30146.73
12578.23
27422.67
39584.37
60365.00
42570.09
4492.77
57517.92
37579.40
26542.89
1012.10
15796.70
60293.84
11292.20
53822.26
73962.02
45912.36
40050.24
38814.47
19257.21
48684.33
64152.20
9262.08
71027.46
7303.86
41368.50
20083.42
48892.17
30018.12
50029.38
33431.42
63617.24
43917.56
16227.20
13973.85
18499.40
36578.40
12793.92
13294.20
1876.06
57260.80
53785.96
35475.70
20452.14
19941.44
9111.66
51421.44
53291.94
12739.50
7531.88
42244.50
30051.73
24166.00
58620.38
17126.33
46678.14
18609.69
82748.48
49488.36
25496.85
49975.38
54553.60
40678.20
68428.01
23800.20
56579.10
62534.34
37999.80
45969.29
23464.80
37188.06
1597.69
76878.84
87998.61
59354.19
21800.29
77609.40
25511.85
49319.34
55498.68
22503.84
41487.68
53031.44
5159.43
19160.80
11199.21
9826.38
73201.83
41253.68
964.06
52695.16
66454.56
69119.14
58863.50
74944.72
22221.15
1486.58
51391.66
51259.60
8961.68
35914.20
43805.19
47091.36
11300.08
49632.91
18729.70
46158.72
45444.60
4808.07
47174.32
46580.29
42795.00
21334.44
37448.32
38260.80
51183.99
2758.94
26782.77
24521.92
16914.00
42206.00
79977.85
34752.74
13346.41
23545.41
89243.50
59535.84
10058.80
18363.06
38008.60
16890.00
50319.45
31450.16
50814.90
7303.68
25280.82
24036.22
35447.85
51140.94
38294.92
37118.80
25480.00
30382.50
34236.48
14351.68
55459.20
27554.75
3691.88
2414.58
36422.64
44046.25
15196.50
34226.66
62370.00
31083.12
59514.00
45498.30
30383.84
24089.60
76808.96
41919.78
26164.62
5030.28
3233.42
39732.60
50940.12
24005.96
58702.00
23425.20
12465.53
7872.56
90009.57
14367.04
31298.94
8487.06
60065.46
6597.05
49702.50
41243.50
44444.40
33066.00
49280.08
40151.29
41447.77
46498.75
21589.75
78788.80
11892.64
59324.56
15364.44
61314.40
87721.54
66402.38
12610.78
20930.00
33335.75
3249.42
13621.63
22493.85
58093.07
44948.25
29705.40
53605.64
1457.55
22181.76
47066.40
11937.78
59882.55
46669.95
10901.70
40126.02
44450.97
21478.56
17988.90
10805.41
33048.36
48363.48
25419.37
4765.20
5591.05
23262.08
44610.30
27579.26
28049.40
39440.40
26353.62
7940.46
21270.72
60208.26
21767.20
34308.48
73837.60
26708.75
67323.76
36184.06
30272.40
50152.80
8423.03
26948.80
12376.52
78972.80
10385.06
11977.08
17802.96
34617.80
20959.89
38921.04
33975.45
70635.62
39073.72
32831.05
5345.72
34596.72
25258.56
33066.67
18785.10
42151.51
28570.40
75049.20
10781.70
57913.20
39716.63
32290.56
56311.86
85347.30
19875.90
1499.59
24506.40
44416.98
22930.18
23223.89
3493.68
9399.96
3313.50
3741.99
39373.92
36767.64
11411.94
51345.94
46562.88
20857.20
47077.43
58912.21
6625.20
93197.51
18279.10
91295.52
56753.73
21671.04
33488.91
4897.28
63576.24
55868.28
52628.16
34786.26
64362.55
35462.75
32543.20
18468.00
29176.78
45730.10
20602.67
63047.21
20083.28
43786.44
1831.92
16457.30
24163.74
61942.79
1298.38
4492.77
52879.33
10146.78
42577.08
72196.00
40889.10
17822.38
10252.22
45424.32
20992.35
64934.40
8841.60
12037.08
9144.60
68595.15
17135.91
8789.25
14469.30
59134.08
11828.46
29231.20
15692.10
41068.25
10681.66
52042.77
40326.93
40363.20
60881.28
6951.56
51698.47
9357.90
32717.73
39651.12
35416.76
16383.64
80360.60
52984.00
26937.40
41792.24
6336.80
22140.63
10771.70
39379.60
85337.76
18323.50
86394.72
7447.90
62217.28
39106.56
21443.12
34378.30
55019.52
27989.80
50678.19
60631.35
93295.51
41732.01
60014.50
33607.64
79755.72
48263.34
12684.00
59290.56
34975.53
28506.24
48484.80
6198.72
15973.83
54763.80
65979.42
68009.37
22900.70
52415.42
26956.39
3223.42
47900.82
14555.40
27303.64
56199.90
14649.39
36418.20
44904.72
11099.84
25497.18
1663.75
46850.04
25941.16
1690.79
36056.86
67775.40
73915.49
62165.16
79278.66
37870.50
50256.64
31757.88
44975.52
40915.42
48546.96
11807.39
64075.32
23626.00
12487.32
11926.60
46894.14
25059.12
46424.70
38752.80
68552.00
35687.72
14046.72
22023.98
12880.14
4068.44
69805.32
42960.87
59264.37
60256.24
10244.07
49598.55
24626.10
62402.34
43442.74
79184.00
14543.28
20733.84
60639.36
41063.68
60448.01
32602.80
36985.26
23986.83
19973.44
3271.44
49181.36
53590.81
52162.11
18279.20
41260.16
41765.60
55901.86
32375.64
70563.72
2596.78
91446.00
53858.50
73475.22
12550.32
918.01
19415.85
41578.10
1376.46
5097.48
45720.84
20974.50
42355.95
41083.47
22578.30
43902.25
58558.38
18400.36
63715.47
41169.45
74812.69
35964.18
19004.30
21022.89
13370.52
5483.76
35036.76
52904.16
45866.14
18642.58
28516.05
12068.80
38746.23
27830.00
18604.95
24881.25
14535.51
35966.62
57051.84
63640.08
10448.13
63780.97
1516.61
1869.96
4543.83
27356.80
67516.91
19819.47
11379.15
25142.46
31721.15
34853.76
21296.31
981.07
11604.32
73027.50
59909.94
37901.82
46417.68
9009.81
72301.50
70151.26
89844.50
67228.98
43246.44
15484.56
39458.37
36578.64
18518.63
63066.24
33497.88
18751.80
67114.67
67127.52
46238.98
5089.44
33840.45
31443.12
49852.50
30108.73
51630.32
23164.31
44175.04
26764.80
41179.44
2967.14
9021.60
52975.80
25217.28
77565.40
40018.29
54044.76
40267.20
54597.30
55580.82
3129.32
16907.80
27944.40
1711.80
25190.82
53697.60
32448.01
11628.40
54430.88
77751.90
11881.87
69609.39
31757.02
15523.38
53171.72
42255.50
28402.92
80199.77
9024.45
72187.11
47870.70
24986.80
71132.49
73565.76
35958.39
27329.19
1743.83
60712.68
78127.13
47923.92
86330.65
62287.22
36164.61
27293.52
25886.74
64691.25
26767.29
26887.12
24842.84
43543.76
49869.70
22263.15
12135.20
47239.66
34464.29
23190.44
40558.84
35380.80
21251.49
44697.38
10493.04
4099.35
54586.66
75599.20
15408.64
30433.60
51770.32
6161.60
43120.25
13687.74
34674.57
26218.62
7262.70
26545.12
57208.06
1892.98
33445.88
30912.80
36664.00
14752.16
35186.86
57239.70
56098.80
7694.22
23244.84
56336.67
42605.50
5882.24
37439.75
16812.36
40435.56
73607.40
28891.50
43493.19
30383.84
27689.10
47637.24
53972.40
7441.98
22081.15
29632.74
13790.56
38606.70
36934.56
24537.92
46501.00
33733.08
29205.90
18976.16
21538.68
52755.49
44557.88
85987.65
2212.40
65042.23
13027.77
25007.00
40039.20
5876.35
29502.88
24473.92
17809.20
79676.85
19481.67
69865.92
23337.89
29599.50
87066.63
51054.80
18259.20
12018.78
38993.28
