86753
86753
86753
86753
86753
86753
86754
86754
86754
86754
86754
86754
86754
86755
86755
86755
86755
86755
86755
86756
86756
86756
86756
86756
86756
86757
86757
86757
86757
86757
86757
86758
86758
86758
86759
86759
86759
86759
86784
86784
86784
86784
86784
86784
86785
86785
86786
86786
86786
86786
86786
86787
86787
86787
86787
86788
86788
86788
86789
86790
86791
86791
86791
86791
86791
86791
86791
86816
86816
86816
86816
86816
86816
86816
86817
86817
86818
86819
86820
86820
86820
86821
86821
86821
86821
86821
86822
86822
86822
86823
86823
86823
86823
86823
86848
86848
86848
86848
86849
86849
86850
86851
86851
86851
86852
86852
86853
86853
86854
86854
86854
86854
86854
86854
86855
86855
86855
86855
86855
86855
86855
86880
86880
86880
86880
86880
86880
86880
86881
86881
86881
86881
86882
86882
86882
86882
86882
86882
86883
86883
86883
86883
86883
86883
86883
86884
86884
86884
86885
86885
86885
86885
86885
86885
86886
86887
86887
86912
86912
86912
86912
86912
86913
86913
86913
86913
86914
86915
86916
86916
86917
86917
86917
86917
86918
86918
86918
86918
86918
86918
86918
86919
86919
86919
86919
86944
86945
86946
86947
86948
86949
86949
86949
86949
86949
86950
86950
86951
86951
86951
86951
86951
86976
86976
86976
86976
86976
86976
86976
86977
86977
86977
86977
86978
86978
86978
86978
86978
86978
86978
86979
86979
86979
86979
86979
86980
86980
86980
86980
86980
86980
86981
86981
86981
86982
86982
86982
86982
86982
86982
86982
86983
86983
86983
87008
87008
87009
87009
87009
87009
87009
87009
87009
87010
87010
87010
87010
87011
87011
87011
87011
87011
87011
87011
87012
87012
87012
87012
87012
87013
87013
87013
87013
87013
87013
87013
87014
87014
87014
87015
87040
87040
87041
87041
87042
87042
87042
87043
87043
87044
87044
87044
87045
87045
87045
87045
87046
87046
87047
87047
87047
87047
87072
87072
87072
87072
87072
87073
87073
87073
87074
87074
87074
87074
87075
87075
87075
87075
87075
87075
87076
87076
87076
87076
87076
87076
87076
87077
87078
87078
87078
87079
87079
87104
87104
87104
87104
87105
87105
87105
87105
87106
87106
87106
87107
87107
87108
87108
87108
87108
87108
87108
87108
87109
87109
87110
87110
87110
87110
87110
87111
87111
87111
87111
87111
87136
87136
87137
87138
87138
87138
87138
87138
87138
87139
87139
87139
87139
87139
87139
87140
87140
87140
87140
87140
87140
87141
87141
87142
87142
87142
87142
87142
87142
87143
87143
87143
87143
87143
87143
87168
87169
87169
87170
87170
87170
87170
87170
87170
87171
87171
87171
87171
87172
87172
87173
87174
87174
87175
87200
87200
87201
87201
87201
87201
87201
87201
87201
87202
87202
87202
87202
87203
87203
87204
87204
87204
87204
87204
87204
87205
87205
87205
87205
87206
87206
87206
87206
87206
87207
87207
87207
87207
87207
87232
87232
87232
87232
87232
87232
87233
87233
87233
87233
87233
87233
87234
87234
87235
87235
87235
87235
87236
87236
87236
87236
87237
87237
87237
87238
87238
87238
87238
87238
87238
87238
87239
87239
87239
87239
87239
87239
87264
87264
87264
87264
87264
87264
87265
87265
87265
87265
87265
87265
87265
87266
87266
87266
87266
87266
87266
87266
87267
87267
87267
87267
87267
87267
87267
87268
87268
87268
87268
87268
87269
87269
87269
87269
87269
87269
87270
87270
87270
87270
87271
87271
87271
87271
87296
87296
87296
87296
87296
87296
87297
87298
87299
87299
87299
87299
87299
87299
87300
87300
87301
87301
87301
87301
87301
87301
87302
87303
87303
87303
87303
87328
87328
87328
87329
87330
87330
87330
87330
87330
87331
87331
87331
87331
87331
87331
87331
87332
87332
87333
87333
87333
87333
87333
87333
87334
87334
87334
87334
87334
87334
87335
87335
87335
87335
87360
87360
87361
87361
87361
87362
87362
87362
87362
87362
87363
87364
87364
87364
87364
87364
87365
87366
87366
87366
87366
87366
87366
87366
87367
87367
87392
87392
87392
87393
87393
87393
87393
87393
87393
87394
87394
87395
87395
87395
87395
87395
87396
87396
87396
87396
87396
87396
87397
87397
87397
87398
87398
87398
87398
87398
87399
87424
87424
87425
87425
87425
87426
87426
87426
87426
87426
87427
87427
87427
87427
87428
87429
87429
87429
87429
87429
87430
87430
87430
87430
87430
87431
87431
87431
87431
87431
87431
87431
87456
87456
87457
87458
87458
87459
87459
87459
87459
87459
87459
87459
87460
87460
87460
87461
87461
87461
87461
87461
87461
87461
87462
87462
87462
87462
87462
87463
87463
87488
87488
87488
87488
87489
87489
87489
87489
87490
87490
87491
87491
87491
87491
87491
87491
87492
87492
87492
87492
87492
87492
87493
87493
87493
87494
87494
87494
87494
87494
87495
87495
87520
87520
87520
87520
87521
87521
87521
87521
87521
87521
87521
87522
87523
87523
87523
87523
87523
87523
87524
87524
87524
87524
87525
87525
87526
87526
87526
87526
87526
87526
87526
87527
87527
87527
87527
87527
87552
87553
87553
87553
87553
87554
87554
87554
87554
87554
87555
87555
87555
87555
87555
87555
87556
87556
87556
87556
87557
87557
87557
87557
87557
87558
87558
87558
87559
87584
87584
87585
87585
87585
87585
87585
87586
87586
87586
87586
87586
87586
87587
87587
87587
87587
87587
87587
87588
87588
87588
87588
87589
87589
87589
87590
87590
87590
87590
87590
87591
87616
87616
87616
87616
87616
87617
87617
87617
87617
87617
87617
87618
87618
87618
87618
87618
87618
87618
87619
87619
87620
87620
87621
87622
87622
87622
87622
87622
87623
87648
87649
87649
87649
87650
87650
87650
87650
87650
87650
87651
87651
87651
87651
87651
87652
87652
87652
87653
87653
87653
87654
87654
87654
87654
87655
87655
87655
87655
87655
87655
87680
87680
87680
87680
87681
87681
87681
87681
87681
87682
87682
87682
87682
87682
87683
87684
87684
87684
87684
87684
87685
87685
87685
87685
87685
87686
87686
87686
87686
87686
87686
87687
87687
87687
87687
87712
87713
87713
87713
87713
87714
87714
87714
87714
87714
87714
87715
87715
87715
87716
87717
87717
87717
87717
87717
87717
87717
87718
87718
87718
87719
87719
87719
87719
87719
87744
87744
87744
87744
87744
87745
87745
87745
87745
87745
87745
87746
87747
87747
87747
87747
87747
87747
87748
87748
87749
87749
87750
87750
87750
87750
87750
87750
87750
