15
34
45
22
20
5
20
37
8
7
18
23
14
9
3
46
47
30
47
40
25
23
33
49
34
42
42
46
45
15
16
21
44
23
41
36
40
50
37
12
27
50
16
46
2
33
30
23
39
42
16
4
33
6
48
28
38
8
47
48
2
35
13
11
32
40
24
7
29
34
34
35
45
29
41
50
7
14
5
50
23
6
16
40
20
35
11
37
28
26
16
24
2
49
17
39
19
1
3
44
11
6
29
15
49
30
1
38
3
46
26
21
15
49
39
1
27
23
29
22
4
5
20
27
23
19
42
24
15
8
45
49
25
11
30
44
6
26
9
36
43
30
46
30
1
18
15
44
2
42
33
3
29
16
19
6
45
24
36
31
17
20
45
46
34
27
14
23
40
45
43
32
47
15
7
37
36
1
6
3
33
29
11
29
46
28
14
1
12
18
47
3
27
24
40
46
13
8
33
18
40
49
9
26
1
13
45
22
24
41
22
9
40
15
31
35
16
39
40
43
1
4
25
19
8
25
29
44
1
50
32
49
31
2
30
35
7
47
42
23
16
3
43
11
1
5
9
41
34
10
39
12
6
24
33
33
1
30
23
47
30
13
7
23
32
2
50
8
21
40
39
20
48
17
28
38
32
40
21
35
16
2
10
34
48
50
37
2
38
21
23
7
12
48
15
25
32
24
1
11
10
21
2
5
46
2
1
36
47
41
15
22
6
6
8
46
25
27
6
10
38
50
25
6
40
27
24
15
3
1
29
25
4
1
46
48
50
30
2
4
18
42
28
16
42
45
42
10
6
5
44
23
9
48
15
1
40
31
19
26
23
6
42
13
42
43
28
2
8
1
21
41
14
34
15
27
33
1
40
2
48
19
1
33
41
13
2
40
44
27
18
4
26
8
24
40
50
39
9
30
6
48
24
13
35
39
30
32
22
10
43
33
9
32
44
8
20
2
49
31
37
49
34
31
34
28
3
14
28
50
21
33
43
1
16
19
46
1
4
10
37
46
8
22
19
41
10
21
34
16
49
36
34
22
15
3
20
9
13
6
47
14
41
3
9
38
28
28
31
25
14
40
44
50
38
45
15
17
7
40
48
12
6
20
13
43
18
16
24
27
47
15
43
34
2
19
3
21
22
49
12
31
4
34
46
36
15
31
5
10
39
45
20
40
3
36
25
21
6
25
29
24
4
30
44
13
41
33
45
36
28
42
42
40
17
30
49
4
6
13
19
8
43
6
24
20
49
2
1
11
35
17
11
35
27
38
8
11
16
8
38
39
35
14
35
37
13
46
25
45
5
22
35
7
48
37
6
5
25
13
46
20
10
24
14
14
39
42
33
18
15
38
20
35
32
43
1
48
30
15
25
48
32
28
25
3
14
2
45
40
6
22
11
34
14
47
41
17
20
38
50
11
33
18
49
26
13
3
42
40
20
22
37
47
28
41
40
25
10
47
21
5
24
41
42
16
43
36
43
43
47
34
19
2
18
36
42
33
4
21
15
26
9
38
3
28
26
40
31
35
35
41
2
12
3
30
10
7
41
6
7
21
22
16
41
22
16
39
47
18
9
50
2
26
2
20
2
5
48
30
36
2
19
26
20
38
42
30
36
8
41
42
6
5
6
6
37
27
9
14
31
47
23
20
22
30
41
33
30
49
49
15
29
30
5
28
25
11
8
21
39
49
10
33
27
4
47
4
28
11
18
19
7
2
21
39
36
17
4
46
4
9
11
4
3
8
4
34
50
32
49
16
46
3
18
37
29
1
12
20
4
36
45
33
35
42
46
47
38
46
33
34
23
49
45
36
4
6
21
32
39
7
6
44
2
2
5
44
43
41
43
43
41
16
25
13
25
9
43
50
18
34
31
43
50
41
26
34
43
19
6
37
11
28
47
44
26
44
8
36
9
27
33
43
22
4
39
48
31
3
29
45
31
15
47
30
31
5
44
36
28
18
37
37
49
37
26
23
38
45
22
6
9
37
48
41
48
10
1
19
49
35
33
14
36
15
9
47
41
6
13
47
40
32
29
26
44
40
6
10
14
37
26
39
39
39
38
31
49
35
26
13
14
40
43
43
21
13
18
25
16
21
50
14
17
48
33
25
33
32
8
41
34
26
16
2
40
31
43
17
31
4
47
34
4
10
50
28
40
24
41
43
16
7
7
44
26
38
15
49
38
48
3
42
7
44
42
1
1
17
39
9
42
23
25
44
8
12
30
45
36
32
27
43
34
33
32
28
35
5
48
24
37
44
16
14
14
29
17
44
