185447
185447
185447
185447
185447
185447
185447
185472
185472
185473
185473
185474
185474
185474
185474
185474
185474
185475
185476
185476
185476
185476
185477
185477
185477
185477
185477
185477
185477
185478
185478
185478
185478
185478
185478
185479
185479
185479
185504
185504
185504
185505
185505
185505
185505
185506
185506
185506
185506
185506
185507
185507
185507
185507
185507
185507
185507
185508
185508
185508
185508
185508
185509
185509
185509
185509
185510
185510
185510
185510
185510
185510
185510
185511
185511
185511
185536
185536
185536
185537
185537
185537
185538
185539
185539
185539
185540
185540
185540
185540
185541
185541
185541
185541
185541
185541
185541
185542
185542
185542
185543
185543
185543
185543
185543
185568
185568
185568
185569
185570
185570
185570
185570
185570
185570
185570
185571
185572
185573
185573
185573
185573
185574
185574
185574
185574
185574
185574
185574
185575
185575
185575
185575
185575
185575
185575
185600
185600
185600
185600
185601
185601
185601
185601
185601
185601
185601
185602
185602
185603
185604
185605
185606
185606
185606
185607
185607
185607
185607
185607
185607
185632
185632
185633
185633
185633
185633
185634
185635
185635
185635
185635
185635
185635
185636
185636
185636
185636
185637
185637
185637
185638
185638
185638
185638
185638
185638
185638
185639
185664
185664
185664
185664
185665
185665
185665
185666
185666
185666
185666
185666
185666
185666
185667
185668
185668
185668
185668
185668
185668
185668
185669
185669
185669
185669
185669
185669
185669
185670
185670
185670
185670
185670
185671
185671
185671
185671
185696
185696
185697
185698
185698
185698
185699
185699
185699
185699
185699
185699
185700
185700
185700
185700
185701
185702
185702
185702
185702
185702
185703
185703
185703
185703
185703
185728
185728
185728
185728
185728
185728
185729
185729
185729
185729
185729
185729
185729
185730
185730
185731
185731
185731
185731
185731
185731
185731
185732
185732
185732
185732
185732
185733
185733
185733
185733
185733
185734
185735
185735
185735
185760
185760
185760
185760
185760
185760
185760
185761
185761
185761
185762
185763
185763
185763
185763
185763
185763
185764
185764
185764
185764
185764
185764
185764
185765
185765
185766
185766
185767
185792
185792
185792
185792
185792
185792
185792
185793
185794
185794
185795
185795
185796
185796
185796
185796
185797
185798
185798
185798
185798
185798
185798
185798
185799
185799
185824
185824
185824
185825
185825
185825
185825
185825
185825
185825
185826
185826
185826
185826
185826
185827
185827
185827
185828
185828
185828
185828
185828
185828
185829
185829
185829
185829
185829
185830
185831
185831
185831
185831
185831
185831
185831
185856
185856
185857
185857
185857
185857
185858
185858
185858
185858
185858
185858
185858
185859
185859
185859
185859
185859
185859
185860
185860
185860
185860
185860
185861
185861
185861
185861
185862
185862
185862
185862
185862
185862
185862
185863
185863
185863
185863
185863
185863
185863
185888
185888
185888
185888
185889
185889
185889
185889
185889
185890
185890
185890
185890
185891
185891
185891
185891
185891
185891
185891
185892
185892
185893
185893
185893
185893
185893
185893
185894
185894
185894
185894
185894
185895
185895
185895
185895
185920
185920
185920
185920
185920
185921
185921
185921
185921
185921
185921
185922
185923
185923
185923
185923
185923
185924
185924
185924
185924
185924
185924
185924
185925
185925
185925
185926
185926
185926
185926
185926
185926
185926
185927
185927
185927
185927
185927
185927
185952
185952
185952
185952
185953
185954
185954
185954
185955
185955
185955
185955
185955
185956
185956
185956
185957
185957
185958
185958
185959
185984
185984
185984
185984
185985
185985
185985
185985
185986
185986
185986
185987
185987
185987
185987
185988
185988
185988
185989
185989
185990
185990
185991
185991
185991
185991
185991
186016
186016
186016
186016
186016
186016
186016
186017
186017
186017
186017
186017
186018
186018
186018
186018
186018
186018
186019
186019
186020
186020
186020
186021
186021
186021
186021
186022
186022
186022
186022
186022
186023
186023
186023
186023
186023
186023
186023
186048
186048
186048
186049
186050
186050
186050
186050
186050
186050
186051
186051
186051
186051
186051
186052
186052
186052
186053
186054
186054
186054
186054
186055
186055
186055
186055
186055
186055
186080
186080
186080
186080
186080
186080
186080
186081
186081
186081
186081
186081
186081
186082
186082
186082
186083
186083
186084
186084
186085
186085
186085
186085
186085
186085
186085
186086
186086
186086
186086
186086
186087
186087
186112
186112
186112
186112
186113
186114
186114
186114
186114
186114
186114
186114
186115
186115
186115
186116
186117
186118
186118
186119
186119
186119
186119
186144
186144
186144
186144
186144
186145
186145
186145
186145
186145
186145
186145
186146
186146
186146
186146
186146
186146
186146
186147
186147
186147
186147
186148
186148
186148
186148
186148
186148
186148
186149
186149
186149
186149
186149
186150
186150
186150
186150
186151
186176
186177
186177
186177
186177
186177
186178
186178
186178
186178
186178
186178
186178
186179
186179
186179
186179
186179
186179
186179
186180
186180
186180
186180
186180
186180
186180
186181
186181
186181
186182
186183
186183
186183
186208
186208
186208
186208
186209
186210
186210
186210
186210
186210
186210
186211
186211
186211
186212
186212
186212
186212
186213
186213
186213
186213
186213
186214
186215
186215
186215
186215
186215
186215
186240
186240
186240
186240
186240
186240
186240
186241
186241
186241
186241
186241
186242
186242
186242
186242
186242
186242
186242
186243
186243
186243
186243
186243
186243
186243
186244
186244
186245
186245
186245
186245
186246
186246
186246
186246
186247
186247
186247
186247
186272
186273
186273
186273
186273
186274
186275
186275
186275
186275
186275
186275
186275
186276
186277
186277
186277
186277
186277
186277
186277
186278
186278
186278
186278
186278
186278
186279
186279
186279
186304
186304
186305
186305
186305
186305
186305
186305
186305
186306
186307
186307
186308
186308
186308
186308
186308
186308
186308
186309
186309
186309
186309
186309
186309
186310
186310
186310
186310
186310
186310
186311
186311
186311
186336
186336
186336
186336
186337
186337
186337
186338
186338
186338
186338
186338
186338
186339
186339
186339
186340
186340
186340
186340
186340
186341
186341
186341
186341
186341
186341
186341
186342
186342
186342
186342
186342
186343
186368
186369
186369
186369
186369
186369
186369
186369
186370
186370
186370
186370
186370
186371
186372
186372
186372
186373
186373
186373
186373
186374
186374
186375
186375
186375
186375
186375
186375
186375
186400
186401
186401
186401
186401
186401
186401
186402
186403
186404
186404
186404
186404
186404
186405
186405
186405
186405
186406
186407
186407
186407
186407
186407
186407
186432
186432
186432
186432
186432
186432
186433
186433
186433
186433
186433
186433
186433
186434
186434
186434
186434
186434
186434
186435
186435
186435
186435
186435
186436
186436
186436
186436
186436
