184
236
414
319
40
212
243
45
209
197
164
13
267
332
85
346
57
470
118
487
89
492
341
480
33
195
244
127
8
426
223
105
96
121
286
497
383
314
105
100
222
299
77
365
164
344
384
335
294
427
65
181
5
322
168
425
452
62
160
142
463
372
393
132
437
426
239
149
142
129
67
34
44
22
416
400
195
313
38
412
481
293
84
335
475
97
407
185
384
317
197
362
47
128
436
454
336
35
423
218
262
433
422
40
424
405
266
434
175
313
13
108
117
250
94
344
16
298
485
272
89
271
325
387
129
302
102
333
371
50
226
236
350
205
335
261
190
414
439
4
315
253
99
211
486
67
49
356
373
172
398
395
193
69
226
372
279
246
142
161
305
467
307
333
32
366
187
420
162
398
371
25
407
278
389
244
465
122
259
445
159
247
387
44
256
213
274
195
220
3
3
198
12
481
178
230
146
88
224
485
491
372
250
499
31
455
439
123
102
371
98
82
322
73
350
399
434
233
362
251
120
329
226
429
271
94
433
310
120
310
438
60
277
342
187
213
186
142
309
287
356
368
444
278
197
489
307
390
226
153
168
369
11
395
436
142
18
152
217
240
175
369
6
352
260
466
450
183
310
214
25
471
371
207
378
153
456
67
38
67
156
99
143
132
233
191
428
307
172
45
179
381
465
235
208
46
150
260
164
123
337
46
298
244
166
446
268
183
62
439
475
51
113
62
126
168
28
346
5
457
479
491
128
377
233
56
388
437
334
441
441
295
372
105
187
123
299
129
277
286
452
101
430
395
446
133
231
383
74
189
365
395
2
363
447
326
209
165
454
117
449
7
51
211
84
437
77
5
146
339
355
421
167
111
317
204
280
117
113
251
195
420
32
188
239
421
380
30
389
418
122
42
138
409
448
328
80
208
210
203
82
410
229
331
94
103
432
106
329
231
212
104
429
84
448
117
449
333
115
409
449
10
186
438
428
256
361
327
467
322
131
9
140
252
114
135
1
204
251
59
267
378
6
97
57
464
300
258
197
130
144
109
113
415
468
429
375
424
282
377
230
320
62
407
134
392
87
305
471
9
472
149
224
19
367
283
134
182
259
9
290
441
462
351
242
402
399
366
200
407
48
274
378
177
378
422
353
208
94
440
414
389
266
22
139
257
40
133
307
335
83
345
83
26
475
242
249
339
413
31
151
267
175
275
336
493
58
34
260
226
146
387
9
306
234
406
103
56
492
11
87
483
260
133
448
357
357
196
171
125
73
136
493
431
238
489
105
115
31
117
112
10
157
349
56
359
31
80
250
139
128
397
166
418
433
197
393
368
367
68
378
45
438
51
368
384
483
376
145
291
430
303
463
458
62
142
29
347
288
262
376
293
434
144
466
414
106
217
320
198
226
8
172
344
239
336
184
496
202
57
171
473
179
143
195
253
429
217
274
209
411
464
417
222
417
173
483
14
91
445
9
397
123
141
500
359
74
120
455
105
256
328
6
453
193
364
255
234
97
236
340
169
498
439
222
253
97
197
438
191
74
146
42
78
277
366
469
363
68
84
292
122
496
195
111
258
441
166
10
431
443
390
194
137
36
82
265
93
410
58
91
214
440
426
174
231
232
76
53
500
308
22
308
467
87
331
184
158
80
254
241
154
27
175
243
243
466
233
168
243
475
134
99
169
291
419
229
406
314
58
336
22
399
363
230
315
447
254
402
11
337
209
452
397
459
357
209
274
39
239
137
90
21
140
184
256
352
287
231
202
455
293
471
464
219
327
144
275
332
445
202
134
384
80
469
350
338
240
351
358
474
272
496
308
418
71
161
141
72
264
271
235
489
2
19
339
425
223
351
215
371
429
451
287
438
28
475
132
179
151
97
227
369
317
438
29
126
458
267
257
479
125
72
490
391
136
424
90
165
472
192
8
265
358
494
467
214
323
477
260
127
244
76
336
188
284
218
103
331
109
30
161
72
141
125
471
137
163
460
266
343
429
387
91
35
173
132
112
368
469
2
128
11
390
370
316
406
452
239
292
376
337
489
150
474
69
204
270
198
275
428
206
103
384
145
60
138
106
470
35
66
135
279
109
149
70
413
135
265
228
292
129
144
7
474
41
342
452
148
114
237
495
283
371
434
130
467
84
263
27
365
77
143
47
386
261
457
390
441
234
99
48
14
496
59
470
399
275
67
152
471
180
5
138
115
144
488
54
80
359
336
257
443
407
205
230
373
413
154
299
324
68
475
298
227
389
85
372
220
138
136
218
500
3
287
428
225
494
418
491
