269952
269952
269952
269952
269952
269952
269953
269953
269953
269953
269953
269953
269954
269954
269954
269955
269955
269955
269955
269955
269955
269956
269956
269956
269957
269957
269957
269958
269959
269959
269959
269959
269959
269959
269984
269984
269984
269984
269985
269985
269986
269986
269986
269986
269987
269987
269987
269987
269987
269987
269988
269988
269989
269989
269989
269989
269990
269990
269991
269991
269991
269991
269991
269991
270016
270016
270016
270016
270016
270017
270017
270017
270017
270017
270018
270018
270018
270019
270019
270019
270019
270019
270019
270020
270020
270020
270020
270020
270020
270021
270021
270021
270021
270021
270021
270022
270023
270023
270023
270023
270023
270048
270048
270048
270048
270048
270048
270049
270049
270050
270050
270050
270050
270050
270050
270050
270051
270051
270051
270051
270051
270051
270051
270052
270052
270052
270052
270053
270053
270053
270054
270054
270054
270054
270054
270055
270055
270080
270080
270080
270080
270080
270081
270081
270082
270083
270083
270083
270083
270083
270083
270084
270084
270084
270084
270085
270085
270085
270085
270085
270086
270086
270086
270086
270086
270086
270086
270087
270087
270087
270087
270087
270112
270112
270112
270113
270113
270114
270114
270114
270114
270114
270115
270116
270116
270117
270117
270117
270118
270118
270118
270118
270118
270119
270144
270144
270144
270145
270145
270145
270145
270145
270145
270145
270146
270146
270146
270146
270146
270147
270148
270148
270148
270148
270148
270148
270149
270149
270149
270149
270149
270149
270149
270150
270150
270150
270150
270150
270150
270150
270151
270151
270151
270151
270151
270151
270151
270176
270176
270176
270176
270176
270176
270177
270177
270177
270177
270177
270177
270178
270178
270178
270178
270179
270179
270179
270179
270179
270180
270180
270180
270180
270180
270180
270180
270181
270181
270182
270182
270182
270182
270183
270183
270208
270208
270208
270208
270208
270208
270208
270209
270209
270209
270210
270210
270211
270211
270211
270211
270211
270211
270211
270212
270212
270213
270213
270214
270214
270214
270214
270214
270215
270215
270240
270240
270240
270240
270240
270240
270241
270241
270241
270242
270242
270242
270242
270243
270243
270243
270244
270244
270244
270244
270245
270245
270245
270245
270245
270246
270246
270246
270246
270246
270247
270247
270272
270273
270273
270273
270273
270273
270274
270275
270275
270275
270276
270276
270276
270277
270277
270277
270277
270277
270277
270278
270278
270278
270278
270278
270279
270279
270279
270279
270279
270279
270304
270304
270304
270304
270304
270305
270305
270305
270305
270305
270306
270306
270306
270306
270306
270306
270306
270307
270307
270307
270307
270308
270308
270309
270309
270309
270309
270309
270309
270310
270310
270311
270311
270311
270311
270311
270311
270336
270336
270336
270336
270336
270336
270336
270337
270337
270337
270337
270338
270338
270338
270338
270338
270339
270340
270340
270340
270340
270340
270340
270341
270341
270341
270341
270341
270341
270341
270342
270343
270343
270343
270368
270368
270368
270368
270369
270369
270370
270371
270372
270372
270372
270372
270372
270372
270373
270373
270373
270374
270374
270374
270375
270375
270375
270375
270375
270400
270400
270400
270400
270400
270400
270401
270401
270401
270402
270402
270403
270403
270403
270403
270403
270403
270404
270404
270405
270405
270406
270407
270407
270407
270432
270432
270432
270432
270432
270432
270433
270434
270435
270435
270435
270436
270437
270438
270438
270438
270438
270438
270438
270439
270439
270439
270439
270464
270464
270464
270465
270465
270465
270465
270465
270466
270466
270466
270466
270466
270466
270467
270467
270467
270468
270468
270468
270469
270469
270469
270469
270470
270471
270471
270471
270471
270471
270496
270496
270497
270498
270498
270498
270498
270498
270499
270499
270499
270499
270499
270500
270500
270500
270500
270500
270500
270501
270501
270501
270501
270501
270502
270503
270503
270503
270503
270528
270528
270528
270528
270528
270529
270529
270529
270529
270529
270529
270529
270530
270530
270531
270531
270531
270531
270531
270531
270532
270532
270532
270533
270533
270533
270533
270534
270534
270534
270534
270534
270535
270535
270535
270535
270560
270560
270560
270561
270561
270561
270562
270562
270562
270562
270562
270563
270563
270563
270563
270564
270564
270564
270564
270564
270564
270565
270565
270565
270565
270565
270565
270566
270566
270566
270567
270567
270592
270592
270592
270593
270593
270593
270594
270594
270594
270594
270594
270594
270594
270595
270595
270595
270595
270595
270595
270595
270596
270597
270597
270597
270598
270598
270598
270598
270598
270598
270599
270624
270624
270624
270624
270624
270625
270626
270626
270626
270626
270626
270627
270627
270627
270627
270628
270628
270628
270628
270629
270629
270629
270629
270629
270629
270629
270630
270630
270630
270630
270631
270631
270631
270631
270631
270631
270631
270656
270657
270658
270658
270658
270658
270658
270658
270658
270659
270659
270659
270659
270659
270660
270661
270661
270661
270661
270661
270662
270662
270662
270662
270662
270663
270663
270663
270663
270663
270663
270688
270688
270688
270688
270689
270689
270689
270690
270690
270690
270690
270691
270691
270692
270693
270693
270693
270693
270693
270693
270693
270694
270694
270695
270695
270695
270695
270720
270721
270722
270722
270722
270722
270723
270723
270723
270723
270723
270724
270724
270724
270725
270725
270725
270726
270727
270727
270727
270752
270752
270752
270752
270753
270753
270753
270753
270753
270754
270754
270754
270755
270755
270755
270755
270755
270755
270755
270756
270756
270756
270756
270757
270757
270757
270757
270757
270757
270758
270758
270758
270759
270759
270759
270784
270784
270784
270784
270784
270784
270785
270785
270785
270785
270786
270786
270786
270787
270788
270788
270788
270788
270788
270789
270789
270790
270790
270790
270790
270790
270790
270790
270791
270791
270791
270791
270816
270816
270816
270816
270816
270817
270817
270817
270817
270817
270817
270817
270818
270818
270819
270819
270819
270820
270821
270822
270823
270823
270823
270848
270848
270848
270848
270848
270848
270849
270849
270849
270849
270849
270850
270850
270850
270850
270850
270851
270851
270851
270852
270852
270852
270852
270852
270852
270852
270853
270853
270853
270853
270853
270854
270854
270855
270880
270880
270880
270880
270880
270880
270881
270881
270881
270881
270881
270882
270882
270882
270882
270883
270883
270883
270883
270884
270884
270884
270885
270885
270885
270885
270885
270885
270886
270886
270886
270887
270887
270887
270912
270912
270913
270913
270913
270914
270914
270914
270914
270914
270915
270915
270915
270916
270916
270917
270917
270917
270917
270918
270919
270919
270919
270919
270919
270919
270919
270944
270944
270945
270945
270945
270945
270945
270946
270946
270946
270946
270947
270948
270948
270948
270948
270948
270948
270949
270950
270950
270950
270950
270951
270951
270951
270951
270951
270976
270976
270976
270976
