121442
121442
121442
121443
121443
121443
121443
121443
121444
121444
121444
121444
121445
121445
121445
121446
121446
121447
121447
121447
121472
121472
121472
121472
121472
121472
121473
121473
121473
121474
121474
121474
121474
121474
121474
121475
121475
121475
121476
121476
121476
121476
121476
121476
121477
121477
121478
121478
121479
121479
121479
121479
121479
121479
121504
121504
121504
121504
121504
121505
121505
121505
121505
121505
121505
121506
121506
121506
121507
121507
121507
121507
121507
121507
121508
121508
121508
121508
121508
121508
121509
121509
121509
121510
121510
121510
121510
121510
121511
121511
121511
121511
121511
121511
121511
121536
121536
121536
121537
121537
121537
121537
121537
121537
121538
121538
121538
121538
121538
121538
121539
121539
121540
121540
121540
121540
121540
121540
121541
121541
121541
121542
121542
121542
121542
121542
121542
121543
121543
121543
121543
121543
121543
121543
121568
121568
121568
121569
121570
121570
121570
121570
121570
121570
121570
121571
121571
121571
121571
121571
121571
121571
121572
121572
121573
121573
121573
121574
121574
121575
121575
121575
121575
121575
121600
121600
121600
121600
121600
121600
121600
121601
121601
121601
121601
121601
121602
121602
121603
121603
121603
121603
121603
121603
121603
121604
121604
121604
121604
121604
121604
121604
121605
121606
121606
121606
121606
121606
121606
121606
121607
121607
121607
121607
121607
121607
121607
121632
121632
121632
121632
121632
121633
121633
121633
121633
121634
121634
121634
121635
121635
121635
121635
121635
121636
121636
121636
121636
121636
121636
121636
121637
121637
121637
121637
121637
121637
121637
121638
121638
121638
121638
121639
121639
121639
121664
121664
121664
121664
121665
121665
121665
121665
121666
121666
121667
121667
121667
121667
121667
121667
121668
121668
121668
121669
121669
121669
121669
121669
121669
121669
121670
121671
121671
121671
121696
121696
121696
121696
121697
121697
121697
121697
121697
121697
121697
121698
121698
121699
121700
121700
121700
121700
121700
121700
121701
121701
121702
121702
121702
121702
121702
121703
121703
121703
121728
121728
121728
121728
121728
121728
121729
121729
121729
121730
121730
121730
121730
121730
121730
121731
121732
121732
121732
121732
121732
121732
121732
121733
121733
121733
121733
121733
121734
121735
121735
121760
121760
121761
121761
121762
121762
121763
121763
121763
121763
121763
121763
121764
121764
121765
121765
121765
121765
121765
121765
121766
121766
121767
121767
121767
121792
121792
121792
121792
121792
121792
121793
121793
121793
121793
121793
121794
121794
121794
121794
121795
121795
121795
121796
121796
121796
121797
121798
121798
121798
121798
121798
121798
121798
121799
121799
121799
121824
121824
121825
121825
121825
121825
121825
121825
121825
121826
121826
121827
121828
121828
121829
121829
121829
121829
121830
121830
121830
121830
121830
121831
121831
121831
121831
121856
121857
121857
121857
121857
121857
121857
121857
121858
121859
121859
121859
121859
121859
121860
121860
121861
121861
121861
121861
121862
121862
121862
121862
121862
121862
121862
121863
121863
121863
121863
121863
121863
121863
121888
121888
121888
121888
121889
121889
121890
121890
121890
121890
121890
121890
121890
121891
121891
121891
121892
121892
121892
121892
121892
121893
121894
121894
121894
121894
121894
121895
121895
121895
121920
121920
121921
121921
121921
121922
121922
121923
121923
121923
121923
121923
121923
121924
121924
121924
121924
121924
121924
121925
121925
121925
121925
121925
121925
121925
121926
121926
121926
121926
121927
121952
121952
121953
121953
121953
121953
121953
121953
121954
121954
121955
121955
121955
121955
121955
121955
121955
121956
121956
121956
121956
121956
121956
121957
121958
121958
121958
121959
121959
121959
121959
121984
121985
121986
121986
121986
121986
121986
121987
121987
121987
121988
121988
121989
121989
121989
121989
121990
121991
121991
121991
121991
121991
121991
121991
122016
122016
122017
122017
122018
122018
122018
122018
122018
122018
122018
122019
122019
122019
122020
122020
122020
122021
122021
122021
122022
122023
122023
122023
122023
122023
122048
122048
122048
122048
122048
122048
122048
122049
122049
122050
122050
122050
122051
122051
122052
122052
122053
122053
122053
122053
122053
122054
122054
122054
122054
122054
122054
122055
122055
122055
122055
122055
122055
122055
122080
122080
122080
122080
122080
122081
122081
122081
122081
122081
122081
122081
122082
122082
122082
122082
122082
122082
122082
122083
122083
122083
122083
122084
122084
122084
122084
122084
122084
122085
122085
122085
122086
122086
122086
122087
122087
122087
122112
122112
122112
122112
122112
122113
122113
122113
122113
122113
122113
122113
122114
122114
122114
122115
122115
122116
122116
122117
122118
122118
122119
122119
122144
122144
122144
122144
122144
122145
122145
122145
122145
122145
122146
122146
122146
122146
122146
122146
122146
122147
122148
122148
122148
122149
122149
122149
122149
122149
122149
122149
122150
122150
122150
122150
122151
122151
122151
122151
122151
122151
122151
122176
122176
122177
122177
122178
122178
122178
122178
122179
122179
122179
122179
122179
122179
122179
122180
122180
122180
122180
122180
122180
122181
122181
122181
122181
122181
122182
122182
122182
122182
122182
122182
122183
122183
122183
122183
122208
122208
122208
122208
122209
122209
122209
122210
122210
122210
122211
122211
122212
122212
122212
122212
122212
122212
122213
122213
122213
122213
122213
122213
122213
122214
122214
122214
122214
122214
122215
122215
122215
122215
122215
122215
122240
122240
122240
122240
122241
122241
122241
122241
122241
122242
122242
122242
122242
122242
122242
122242
122243
122243
122243
122243
122243
122244
122244
122244
122245
122245
122245
122246
122247
122247
122247
122247
122272
122272
122272
122272
122272
122273
122273
122273
122273
122274
122274
122274
122274
122274
122274
122274
122275
122275
122275
122275
122275
122276
122277
122277
122277
122278
122278
122278
122279
122279
122279
122279
122279
122304
122304
122304
122304
122305
122305
122306
122306
122307
122307
122308
122308
122308
122308
122308
122309
122309
122310
122310
122310
122310
122310
122311
122336
122337
122337
122337
122337
122337
122338
122338
122338
122338
122338
122338
122339
122340
122341
122341
122342
122342
122342
122342
122342
122342
122342
122343
122343
122343
122343
122343
122343
122343
122368
122368
122368
122368
122368
122369
122369
122369
122369
122370
122370
122370
122370
122371
122371
122371
122371
122371
122371
122372
122372
122372
122372
122372
122372
122373
122373
122373
122374
122374
122374
122374
122374
122375
122375
122375
122375
122375
122375
122400
122401
122401
122401
122401
122402
122403
122403
122404
122404
122404
122404
122404
122404
122405
122405
122405
122405
122405
122405
122406
122406
122407
122407
122407
122432
122432
122432
122432
122433
122433
122433
122434
122434
122434
122434
122434
122434
122434
122435
