7473
1968
3508
2970
1070
8352
3679
6150
223
696
4360
2487
7207
4522
7348
5930
2543
8748
8663
6746
5251
8929
3630
1102
2281
3093
1095
876
8274
3575
8943
6424
2032
6500
6616
4923
1952
3713
1435
1913
4763
7694
7449
3464
6422
3389
3366
5457
265
3203
8570
402
4896
2281
4865
4182
6217
5853
4197
2248
6030
9426
6438
9158
2715
9850
6069
49
4032
7782
6434
8309
2610
6969
7404
4610
2309
4147
7219
7377
9227
6691
4983
3320
3406
3410
7234
3377
979
8240
8074
4504
1287
5359
1760
6034
4576
8286
8484
6891
7375
8058
5763
3282
7426
7530
5314
8378
681
6208
5423
3471
578
5697
7578
8956
8530
5999
3116
9011
390
8758
2949
9401
8809
2194
3245
2751
886
8878
6908
5014
9301
1313
2550
2000
1789
1827
4415
6482
4498
8090
2284
6439
4799
4821
7132
6498
4634
2693
6122
5319
3888
1113
5504
1398
1769
1002
4652
1608
1763
2398
5542
7234
6768
7254
5484
505
1425
7058
6948
7315
2465
6429
7686
4201
2432
9935
7399
2095
5430
1190
8596
1191
8689
4973
5228
6732
1214
5005
3869
6371
7889
3953
9024
747
3837
7499
9954
7546
5460
9439
5169
3221
3275
2796
901
6178
5010
8328
4304
650
8307
3562
221
3161
5420
2321
5633
490
1038
5502
6972
1810
6343
898
2439
2626
4452
2363
4760
5938
2921
2907
7285
4690
2569
9606
7277
6000
3565
5732
7293
2308
7011
3393
1519
6025
4340
8382
8270
9588
4659
262
316
873
9319
83
3255
7042
9907
9402
5376
5094
8071
3862
2352
5113
266
5377
3707
9857
7618
6828
8043
2878
330
7489
5468
8680
967
93
5368
8935
7227
8327
8663
8402
7513
8914
9043
3084
3840
8719
7383
4945
690
6825
4942
3920
6257
715
5884
6616
3521
1660
6983
1376
7341
7242
1621
850
5470
255
6686
4773
6828
5049
101
8982
7047
4853
522
2166
1266
3029
4944
6221
5480
7275
4179
6132
8469
8598
1615
6098
4791
8134
4702
9459
6885
505
8691
7327
936
273
4545
7989
9286
9952
590
3567
2817
3887
3451
4
4342
9479
9995
1326
6037
8325
5638
4785
7993
5517
1587
8230
2392
2116
7652
5188
5869
6117
5105
958
8983
2527
9799
9658
227
7160
2502
5477
4384
3003
8155
458
6096
4798
6661
2352
7772
4783
6294
9329
9642
2591
27
8054
3141
212
3133
8129
8250
6643
1949
5798
539
5671
5837
2309
5319
5003
8049
8365
1623
7457
381
580
9028
6859
1901
5193
7492
6629
8570
7846
7430
3845
2838
1362
6109
4019
964
4281
6453
9301
5814
2106
1885
656
1600
34
5557
612
661
1402
7500
4492
1922
9573
8001
2299
4139
5229
3696
235
901
8383
9426
2759
5013
5712
597
5947
996
5846
5631
1646
8219
3884
6401
3982
1790
4756
7890
6148
3836
73
1645
6064
4436
1893
5661
3136
5371
4318
6414
4428
44
8460
7551
5073
7138
9858
2390
9581
4765
9061
6435
6478
5699
472
171
3035
8476
729
6576
7344
2253
7129
2850
453
162
5271
5441
4383
147
9648
7499
1176
3752
9439
8144
674
1770
4846
7071
97
4360
8039
2221
5602
6683
460
6825
1095
9151
3573
9055
2044
4242
6312
1579
8561
8430
8986
7840
7285
3352
2761
6656
3969
6079
3440
5808
9313
9283
5899
8609
330
8637
6800
5756
8720
2647
4932
1235
2838
6040
7780
9814
6923
8576
3990
6290
1138
5411
8626
1836
594
3774
6692
1419
4898
7002
1438
6709
1991
3080
4668
7303
1080
5500
893
1423
796
8110
3400
7007
3583
6065
4144
7475
5256
2756
6163
5933
1088
3319
8056
5726
3102
2364
8534
8721
7352
186
3799
3345
2592
8104
6840
3480
7635
9650
4363
7565
1925
3001
1457
2891
4923
3672
9142
6723
3714
7557
7716
9968
3830
829
6691
9398
4915
5643
1499
9666
6622
3744
2027
9687
3588
7185
8117
8180
2847
5265
4621
1604
3874
5747
1090
5980
4921
3516
7468
8753
7023
4709
421
3051
9439
8371
6845
1754
5487
1575
4161
1429
8286
9101
4365
1130
1818
9079
3656
3399
9542
6761
9647
9471
4404
7340
4470
2748
5593
5946
6583
7171
2826
1324
1577
8717
1762
433
6329
7377
4176
3650
2515
5115
8731
9950
8650
292
5843
6770
3514
1594
7931
1039
384
4918
602
482
4053
8281
9461
3964
6059
6070
4806
1176
744
8902
3853
5026
166
9470
6374
9920
9180
7181
9461
7687
2008
9741
6986
7434
8540
2119
3669
2141
3507
8777
1989
8800
8751
47
3114
5520
5916
1226
3283
6679
5228
5472
5458
2439
9818
5092
6979
278
7566
916
4278
536
3763
5818
6458
8417
269
5412
2685
9416
4981
6533
4928
6390
5335
2615
8994
3662
9306
9784
3057
3652
8108
5406
6628
7520
7535
3313
2833
6984
5995
6394
3379
2098
8757
2416
8920
1102
3195
9337
412
6698
567
6628
5201
4644
7712
5137
7420
6077
8806
3665
2344
7327
3711
1670
5041
6006
9748
3849
2016
9409
6853
4921
4913
4554
4367
992
9715
3452
7588
814
2100
9157
118
2642
1959
711
4525
2202
8032
1530
9310
8593
6530
8227
2152
1069
9958
6
8437
9162
1053
1208
4602
4554
4131
1412
4785
4776
4802
4092
8016
8194
7526
5506
3622
989
7239
8827
231
8726
4626
5876
5062
3183
3399
829
2696
7644
2116
9898
2499
3199
897
1635
7863
4801
3810
469
3499
4189
2307
863
3091
8651
320
3248
8958
1303
6898
3379
4086
6087
9817
4080
5783
9443
8487
4459
68
8914
1495
2780
7921
7542
1806
126
2041
2219
5631
4769
1012
4455
4921
171
9159
5401
4713
6960
4394
6668
4672
2372
3927
411
6379
101
5675
3412
8942
4425
6723
3404
1292
9663
1804
1363
139
4253
5473
3135
3654
5894
7878
1215
8169
2267
1528
5072
2862
5039
6045
5927
4059
6538
7241
3507
2366
6797
6444
3823
6588
7744
8570
735
2807
3917
5640
450
384
5403
7768
