47040.32
56901.25
32408.31
63246.60
47232.22
45488.32
54496.48
16409.52
6363.00
76716.00
59595.90
39660.47
28839.20
34422.52
6931.44
5630.91
49114.54
12649.41
42991.20
58653.76
5541.00
53141.04
15181.65
42595.02
22944.96
62767.00
23713.62
32683.28
45921.33
83652.30
6234.60
73309.28
20542.23
22472.61
44723.94
32641.70
18642.58
34693.44
30335.68
74746.76
41228.88
19381.20
20236.45
54875.04
63130.62
47577.92
13690.95
88734.10
49897.04
36492.28
25569.50
11063.88
46002.33
36815.87
45043.60
41493.75
18766.02
79676.42
62582.91
43246.44
25280.82
22696.16
8897.60
5866.24
84989.50
65423.29
18822.40
1490.58
49622.04
25380.60
70274.25
42157.12
38953.95
36302.40
59535.84
53418.82
47075.16
18755.25
7968.64
21363.54
71366.88
50952.06
33095.67
75980.08
39801.34
27705.70
55960.50
79663.72
42121.35
39015.34
3165.42
39690.46
3480.75
19064.70
71027.46
42768.33
21212.49
9906.64
2080.26
36092.06
19196.28
36143.86
50450.61
66809.05
41455.10
1889.98
90843.55
28361.88
17137.70
23443.02
43736.92
9290.00
42069.22
47056.54
72728.26
50426.88
77345.40
48133.64
74667.96
8203.65
75583.64
17716.21
60744.01
52857.60
13959.26
34753.62
15220.52
21214.32
16938.00
42205.02
28843.36
3593.78
46706.04
12109.20
75149.72
57871.91
5425.80
8839.30
47665.30
29406.96
78620.19
72015.11
12325.14
13334.40
56298.06
9207.72
4436.80
37031.68
29005.78
38901.47
33855.37
8058.68
59714.50
23333.44
13018.86
33244.74
40565.07
39603.20
18440.63
9123.80
2770.94
64012.95
27193.50
46345.76
39983.79
37521.70
13865.67
31426.56
7693.15
43570.80
59859.36
5663.94
3079.26
49827.71
60715.50
77890.08
35440.13
51594.30
28361.88
59066.28
37167.06
48306.44
4829.10
74283.30
2150.34
33993.96
28790.60
37440.80
6396.96
60717.69
38290.80
14692.86
68172.50
21735.69
45697.92
9290.00
33522.00
32226.88
32579.52
30921.28
28573.09
23292.50
59583.20
63179.62
59598.70
69688.32
23314.82
51510.40
50246.46
32773.65
48307.20
34331.10
42826.92
12718.37
36583.36
56911.50
39177.92
16497.92
21915.14
49718.75
74506.66
28086.24
42104.70
27523.80
67328.44
5061.44
43376.55
56448.21
18905.25
12093.00
35738.08
46360.72
61113.78
24046.67
19074.30
68008.75
10417.44
12375.02
36259.86
23559.90
17373.59
14439.12
10352.16
31665.84
24842.40
8699.15
7592.16
7047.50
12696.75
26548.86
70725.50
67064.95
17523.90
72156.00
52696.40
8811.36
20974.50
53593.42
6949.50
34276.00
47840.22
42301.35
41499.36
15916.92
30111.68
43536.00
9049.76
48429.48
56946.42
58952.79
44463.60
73978.50
51539.60
38064.60
37161.33
21911.04
35798.40
67216.68
46485.78
32866.05
32242.56
18063.24
55708.16
55673.28
54105.31
10293.92
61666.00
18950.91
34943.82
4580.96
37359.90
56680.04
39106.56
55237.97
47265.66
25074.14
42315.44
74714.96
80585.10
61965.27
63210.60
39157.14
1052.15
6226.56
32533.73
7736.48
34025.86
39702.30
20614.66
60123.03
70594.39
25016.88
32001.66
21286.72
4150.41
21863.14
36038.70
5454.00
23338.08
19894.42
24251.50
63915.11
44284.12
17126.33
23103.08
2312.50
7768.48
34904.80
18785.80
65803.92
11337.97
51600.78
45842.40
11688.84
67557.34
38114.44
13632.63
37986.90
49844.48
17978.90
28086.00
55588.20
72101.11
43193.47
27703.95
9344.80
38440.75
56763.27
12866.14
31373.20
33555.40
22788.78
37408.68
52104.18
60046.55
18175.20
6958.63
10411.30
29494.29
22479.66
22564.20
73626.91
69800.99
58342.00
55098.91
47282.24
53977.60
56160.50
27045.04
52465.20
87067.20
12389.52
60826.22
3435.62
34201.44
22021.46
61314.40
36407.88
25829.55
11112.00
45963.47
27173.87
5455.95
51039.12
39178.24
10613.16
6078.44
14832.32
18962.02
85290.00
39424.05
5222.49
19808.88
23828.09
85327.70
25100.82
36589.44
10659.36
55802.88
45589.28
45715.45
83183.42
28454.70
12431.09
82022.40
16343.19
52134.60
22319.40
26106.34
52216.00
34955.74
42643.98
13468.70
71685.60
58315.94
1054.15
38537.28
90303.57
50918.06
42341.39
31298.24
45113.02
32458.80
59607.00
52078.60
46299.60
33929.91
47001.50
35990.36
46042.43
6817.25
73633.02
3255.44
40334.84
5429.70
39549.90
21849.10
39491.75
25827.15
11832.80
22805.51
44363.88
25481.82
37913.40
24869.67
28190.00
9946.50
35485.44
31929.66
16370.19
36388.75
45445.14
77782.50
58261.60
42380.82
41539.96
42848.08
48198.15
30849.12
31533.75
5472.00
57181.44
6524.21
25728.00
7462.90
33055.36
48646.50
2721.00
24023.22
27906.13
53523.12
21238.36
62330.22
27917.82
3581.76
52588.77
39353.52
6026.40
12669.44
57837.64
43484.99
48905.22
66669.93
14198.34
23736.96
31105.92
38339.73
17879.57
48631.80
45336.28
72264.66
23045.00
63627.20
50570.19
21374.95
41591.55
41320.54
30401.28
10956.12
14205.29
20251.76
57720.45
6712.20
77553.60
56219.67
64146.08
14811.57
39209.28
11628.32
34477.80
7806.47
3944.32
25707.00
84869.10
48540.80
9698.29
62558.86
6506.88
4261.53
89371.59
38460.18
12022.90
52887.68
37476.04
59923.96
57444.84
39705.12
81157.44
45239.88
66044.30
22872.48
29151.92
43548.15
63340.30
61081.93
12674.64
62309.52
77391.45
32578.20
17998.90
60111.36
33029.36
12642.00
34278.66
14208.03
80769.10
70297.92
26506.29
38665.75
24126.00
51686.32
26698.05
34740.96
53469.42
14911.35
21694.68
21831.36
46985.85
83751.84
49182.36
15421.80
42701.57
33172.92
31220.10
8775.30
48316.45
8532.36
13382.08
64097.64
5096.37
14195.10
2290.48
60621.37
7925.54
43915.96
41456.94
50454.45
8593.36
53096.55
48467.52
25352.60
77529.06
14911.68
48093.00
19486.08
44672.95
16607.85
11252.00
1562.66
22552.00
14392.40
13257.93
39002.92
25602.75
30128.12
31382.93
35194.42
1958.14
56248.28
14951.68
16398.00
67299.67
59460.56
47729.43
63676.47
79591.60
49235.91
44051.50
16514.68
49211.89
76531.00
55484.83
23901.25
63965.94
42415.60
8937.68
23304.80
29094.87
35173.44
46580.60
32372.01
43854.72
57635.55
71092.20
71134.48
20861.00
35454.76
71435.20
32434.02
60595.64
27533.16
38090.25
32770.76
55137.90
9500.40
29406.72
54078.09
9218.00
8769.25
51714.95
51134.80
4748.01
18039.55
29491.40
71726.00
17009.20
60251.96
72844.80
14610.90
53003.24
6818.42
56256.06
14239.54
30461.34
54147.00
24897.60
3171.34
34627.50
33719.70
52776.40
24181.92
18668.34
13018.86
52196.87
45801.02
61015.02
72664.82
80677.10
9093.66
14220.60
38120.88
41228.85
11748.84
40141.87
15900.83
4378.65
47207.98
61162.26
38276.26
83832.75
55151.46
45918.84
67871.60
10741.60
37401.78
5260.70
43382.70
76348.50
48709.92
46824.25
30464.64
38036.25
17538.90
45107.70
14075.00
35624.24
2244.42
60738.86
69461.48
1321.41
51757.44
2877.15
37700.95
54093.38
44180.40
82995.71
45968.72
47602.00
77166.45
7392.80
60744.37
29839.50
54447.75
42151.51
38335.48
36495.37
71175.15
35040.70
45915.40
20338.34
42762.98
41553.33
16439.85
31065.36
45115.14
4705.98
58185.76
10186.74
27454.50
2280.46
27255.88
11300.00
29215.44
39142.16
3931.20
40490.10
76552.52
80192.85
38359.14
9656.29
60147.36
53417.43
50207.82
50840.79
72836.40
37503.48
39617.76
68985.54
61781.12
50133.60
40249.29
25271.86
4946.22
69120.66
17366.00
16902.00
22247.68
5902.28
16358.55
21263.00
8037.68
50786.19
12993.90
21231.10
39846.47
27249.00
31942.49
56361.00
24706.60
7153.68
11492.24
67256.10
76806.00
60447.36
58543.94
73779.83
76177.36
41660.88
22541.61
43053.36
13750.48
3330.60
64548.00
19508.64
23880.09
5746.20
14805.70
7393.92
24650.08
1079.17
33659.28
12677.44
82358.88
20749.68
64168.50
34478.20
22641.57
71237.44
34043.89
4114.38
23899.99
26893.20
86340.16
46950.05
78490.28
52009.86
50893.63
58613.00
52724.49
59190.70
1311.40
72526.82
23194.50
7301.91
39823.20
16157.55
44922.00
13029.76
22433.85
9300.20
29438.88
12949.58
5866.24
7773.20
24840.27
17054.91
59863.94
38701.53
56137.90
28458.36
27703.95
65552.76
26609.31
53606.78
28794.42
27522.16
17022.12
44608.40
43292.25
3788.16
56261.66
24355.65
3459.64
21142.72
37870.30
6952.40
56600.72
5705.97
5288.55
6574.96
78483.00
80031.60
7175.56
63363.62
63474.11
24265.65
45380.79
52381.86
2976.24
23515.70
29214.97
22325.52
24783.60
48726.81
25506.17
14545.40
77781.48
41535.45
8569.05
7387.80
27031.21
29854.55
65447.03
88793.00
26446.35
19348.80
11197.83
6258.78
5557.92
6420.96
47480.17
5485.95
11550.33
75157.12
80388.48
31942.49
6803.16
79334.00
51925.48
63715.08
41736.24
64363.68
33057.20
29120.00
6348.90
72477.00
41644.48
37720.20
58868.69
1063.15
8649.10
29291.24
20580.42
48652.00
89440.53
6278.64
7688.22
41769.22
71476.86
18544.63
27324.64
7103.48
28740.42
53576.10
12334.14
25767.72
49781.28
32823.28
2654.84
18900.32
32515.70
24242.40
34448.96
45408.65
63781.62
2736.00
17308.30
44000.58
3864.24
5922.28
19701.12
11877.46
45457.72
30051.92
36458.40
52667.55
43885.84
77076.00
40962.69
19481.20
70178.52
45498.82
31814.44
33628.72
43307.04
10009.80
10851.60
24869.67
44793.35
76226.36
14903.60
48561.30
46002.33
15601.12
6531.14
13157.43
45653.65
31112.97
5147.43
4985.36
56382.06
64925.08
40374.09
32465.10
18796.80
60369.84
60600.86
61349.40
17529.04
7283.64
18944.71
9540.40
25386.72
36735.60
52042.77
31212.00
33782.70
21767.20
53067.68
3571.76
49683.39
50005.00
69751.99
64348.00
23993.44
55299.83
62811.16
75391.68
54922.32
46565.01
19130.44
16837.70
31893.02
17434.62
46074.35
36073.80
31021.87
80560.48
10476.13
36338.28
