215556
215556
215556
215556
215556
215557
215557
215557
215557
215557
215558
215558
215558
215558
215558
215559
215559
215559
215559
215559
215559
215584
215584
215584
215585
215585
215585
215585
215585
215586
215586
215586
215586
215586
215586
215586
215587
215588
215588
215588
215589
215590
215590
215590
215590
215590
215590
215590
215591
215591
215591
215616
215617
215618
215618
215618
215618
215618
215618
215619
215619
215619
215619
215619
215619
215620
215620
215621
215621
215621
215621
215621
215621
215622
215622
215622
215622
215622
215622
215623
215623
215623
215623
215623
215623
215648
215648
215649
215649
215650
215651
215651
215651
215651
215652
215653
215653
215653
215653
215653
215653
215653
215654
215654
215654
215655
215655
215655
215680
215680
215680
215680
215681
215681
215681
215681
215681
215681
215682
215682
215682
215682
215682
215683
215683
215683
215683
215683
215684
215684
215684
215684
215684
215684
215684
215685
215685
215685
215686
215686
215686
215687
215687
215687
215687
215687
215687
215687
215712
215712
215712
215713
215714
215714
215714
215714
215714
215714
215715
215715
215716
215716
215716
215716
215717
215718
215719
215719
215719
215719
215744
215744
215744
215744
215744
215745
215745
215745
215746
215746
215746
215746
215746
215746
215746
215747
215747
215747
215747
215748
215748
215748
215748
215748
215748
215749
215749
215749
215749
215749
215749
215749
215750
215751
215751
215751
215751
215776
215776
215776
215776
215776
215777
215777
215778
215778
215778
215778
215778
215779
215780
215780
215780
215780
215780
215780
215781
215781
215782
215782
215782
215782
215782
215782
215783
215783
215783
215783
215808
215808
215809
215809
215809
215809
215809
215809
215809
215810
215810
215810
215810
215811
215811
215811
215812
215812
215812
215812
215812
215812
215813
215814
215814
215814
215814
215815
215815
215815
215815
215815
215840
215840
215840
215840
215840
215840
215840
215841
215841
215841
215841
215841
215841
215841
215842
215842
215842
215842
215842
215842
215843
215843
215843
215843
215843
215843
215843
215844
215844
215844
215844
215844
215845
215845
215845
215845
215845
215845
215846
215846
215846
215846
215847
215847
215847
215847
215847
215872
215872
215873
215873
215873
215873
215873
215874
215875
215875
215875
215875
215875
215875
215875
215876
215876
215877
215877
215877
215878
215878
215878
215878
215878
215879
215879
215879
215879
215879
215904
215905
215905
215906
215906
215906
215907
215907
215907
215907
215907
215908
215909
215909
215909
215909
215910
215910
215911
215936
215936
215936
215936
215936
215936
215936
215937
215937
215938
215938
215938
215938
215938
215938
215939
215939
215940
215940
215940
215940
215940
215940
215941
215941
215942
215943
215943
215943
215943
215943
215968
215968
215968
215968
215968
215968
215968
215969
215969
215969
215969
215969
215970
215970
215971
215971
215971
215971
215972
215972
215972
215972
215973
215973
215973
215973
215974
215974
215975
215975
215975
215975
215975
216000
216000
216000
216000
216000
216000
216000
216001
216001
216001
216001
216002
216002
216002
216002
216002
216003
216003
216003
216003
216003
216004
216004
216004
216004
216005
216005
216005
216005
216005
216006
216006
216006
216006
216007
216007
216007
216007
216032
216032
216033
216033
216033
216033
216033
216033
216033
216034
216034
216035
216035
216035
216035
216036
216036
216036
216036
216036
216036
216036
216037
216037
216037
216037
216037
216038
216038
216038
216038
216039
216039
216039
216039
216064
216064
216064
216064
216064
216065
216066
216066
216066
216066
216067
216067
216067
216067
216067
216067
216068
216068
216068
216068
216068
216068
216068
216069
216069
216070
216071
216071
216071
216071
216096
216096
216096
216096
216096
216096
216097
216097
216097
216097
216097
216097
216098
216098
216099
216100
216100
216101
216101
216102
216102
216102
216102
216102
216102
216102
216103
216128
216128
216128
216128
216129
216129
216129
216129
216129
216130
216130
216130
216130
216130
216131
216131
216131
216131
216131
216132
216132
216132
216133
216133
216134
216134
216134
216134
216135
216135
216135
216160
216160
216160
216160
216161
216161
216162
216162
216162
216163
216163
216163
216163
216163
216163
216164
216164
216164
216165
216166
216166
216166
216166
216166
216167
216192
216192
216192
216193
216193
216193
216193
216194
216194
216194
216194
216194
216195
216195
216195
216195
216196
216196
216197
216197
216197
216197
216197
216197
216198
216198
216198
216199
216199
216199
216199
216199
216199
216199
216224
216224
216225
216225
216226
216226
216226
216226
216226
216227
216227
216228
216229
216230
216230
216230
216230
216230
216230
216231
216231
216231
216231
216231
216231
216231
216256
216256
216256
216256
216256
216256
216257
216257
216257
216257
216257
216257
216258
216258
216258
216259
216259
216259
216259
216259
216259
216260
216260
216260
216260
216260
216260
216260
216261
216261
216261
216261
216261
216261
216262
216262
216262
216262
216262
216263
216263
216263
216288
216288
216288
216288
216288
216288
216289
216289
216289
216289
216289
216289
216289
216290
216290
216290
216290
216290
216290
216291
216291
216292
216292
216292
216292
216293
216293
216294
216294
216294
216294
216294
216294
216295
216295
216295
216295
216295
216320
216321
216321
216322
216322
216322
216322
216322
216322
216323
216324
216324
216324
216324
216324
216324
216325
216325
216325
216325
216325
216326
216326
216326
216326
216326
216326
216326
216327
216327
216327
216327
216327
216327
216352
216352
216352
216352
216353
216353
216353
216353
216353
216354
216355
216355
216355
216355
216355
216355
216356
216356
216356
216356
216357
216357
216357
216357
216358
216359
216359
216359
216359
216384
216384
216384
216384
216384
216384
216384
216385
216385
216385
216385
216386
216386
216386
216386
216386
216386
216386
216387
216387
216387
216388
216388
216389
216389
216389
216389
216389
216389
216389
216390
216391
216391
216391
216391
216391
216416
216416
216416
216417
216417
216417
216417
216417
216417
216418
216418
216418
216419
216419
216419
216419
216419
216419
216420
216420
216420
216420
216420
216420
216421
216422
216422
216422
216422
216423
216423
216423
216423
216448
216448
216449
216449
216449
216449
216449
216450
216450
216450
216450
216450
216451
216452
216453
216454
216454
216454
216454
216454
216454
216454
216455
216455
216455
216480
216481
216481
216481
216481
216482
216482
216482
216482
216482
216482
216483
216483
216483
216483
216483
216483
216483
216484
216484
216484
216485
216485
216486
216486
216486
216486
216486
216486
216487
216487
216487
216487
216487
216512
216512
216512
216512
216512
216512
216512
216513
216513
216513
216513
216513
216513
216513
216514
216514
216514
216514
216515
216515
216515
216515
216515
216515
216515
216516
216516
216516
216516
216516
216516
216517
216517
216517
216517
216517
216517
216518
216518
216519
216519
216519
216519
216519
216519
216519
216544
216544
216545
216545
216545
216545
216545
