39
43
22
34
23
39
14
49
18
41
19
49
3
29
34
38
49
8
31
19
37
25
12
4
15
38
12
2
3
49
14
29
20
44
37
2
38
8
13
24
28
6
13
30
48
37
3
40
33
10
21
30
7
37
20
32
8
44
40
35
10
31
47
16
16
16
20
42
23
43
4
27
48
5
29
41
38
27
5
23
26
36
21
37
30
19
16
32
3
50
11
17
37
30
15
9
23
21
1
8
26
35
37
15
18
26
3
35
12
2
46
15
29
13
39
7
12
6
45
16
25
38
23
8
3
4
41
31
24
15
22
3
15
5
23
6
19
14
41
16
32
27
1
32
11
20
24
19
47
3
18
36
33
33
2
49
48
36
21
47
20
22
42
12
6
42
3
47
43
30
32
26
38
6
23
33
50
2
27
35
43
10
29
17
3
20
50
19
19
8
27
33
35
49
41
12
13
28
18
28
45
7
2
43
13
20
6
41
30
12
12
41
33
11
13
19
47
28
30
26
50
1
19
20
26
13
25
21
21
11
31
14
41
26
36
41
15
45
47
3
49
23
20
4
7
40
13
29
28
5
36
33
33
39
41
11
49
38
1
17
19
24
25
46
14
15
37
6
27
29
15
15
39
13
39
45
17
10
4
40
21
32
43
18
30
10
24
24
28
36
3
2
12
2
17
29
16
1
20
18
5
43
30
49
18
50
27
31
12
14
22
31
42
12
42
43
22
30
39
33
37
11
19
48
13
32
26
13
13
23
25
18
15
16
44
50
38
6
36
49
6
23
5
20
38
39
28
16
43
4
42
44
23
41
2
24
35
31
21
9
47
18
4
21
28
30
27
35
40
16
16
25
2
1
40
45
26
18
32
43
40
25
3
49
24
7
40
1
37
12
29
5
49
13
23
22
6
23
25
15
10
19
23
41
12
8
33
36
17
37
13
27
19
7
9
9
13
47
30
3
39
13
8
39
44
49
24
17
15
43
6
19
44
28
6
45
44
19
35
10
32
24
13
29
41
32
50
28
39
24
30
25
48
13
22
37
23
49
24
23
2
35
13
1
41
10
40
21
24
12
20
30
8
45
50
19
49
30
47
28
1
49
4
4
11
27
44
48
19
49
2
18
19
36
25
16
44
1
7
2
18
26
6
34
22
32
16
5
37
34
16
34
10
24
48
32
3
6
9
48
27
36
15
17
31
50
1
25
1
10
22
36
24
8
19
48
39
34
4
7
28
24
9
25
44
21
34
10
49
17
28
31
41
31
10
33
27
5
46
13
35
16
38
11
32
36
4
28
4
37
39
17
42
41
10
27
1
7
38
38
28
49
15
41
28
26
22
34
17
15
32
33
50
24
20
36
10
49
34
4
23
12
41
46
40
39
35
7
49
1
12
48
50
14
15
26
39
22
28
48
11
48
41
42
29
11
48
11
33
17
15
24
21
32
37
30
45
6
24
11
49
42
8
16
41
32
35
35
43
48
39
28
18
25
35
43
47
46
45
22
33
10
50
41
6
44
29
47
15
17
32
24
46
13
4
7
42
29
14
1
46
19
35
2
42
7
50
20
38
21
48
8
38
15
16
17
39
47
44
46
9
40
44
47
35
1
28
13
39
49
15
37
10
29
4
11
9
38
27
4
50
7
13
34
19
37
38
3
22
4
17
35
14
32
44
5
33
45
35
1
21
42
4
19
39
19
26
11
23
1
18
9
8
50
42
37
38
49
35
21
34
1
46
20
47
22
35
21
6
13
3
21
19
35
23
4
43
27
42
24
47
22
48
12
2
15
11
27
49
24
4
33
15
19
24
40
49
24
34
32
38
22
20
41
42
45
20
45
21
2
23
21
4
38
24
40
20
17
22
40
45
16
30
29
2
35
27
42
10
19
7
16
43
47
8
21
18
8
34
32
20
48
7
11
43
24
40
17
23
37
26
45
50
23
30
15
47
20
33
29
19
22
34
18
14
47
14
41
45
5
25
21
38
23
37
21
30
1
7
15
49
22
26
41
21
27
6
48
24
4
16
5
28
42
7
3
44
5
28
9
31
26
42
35
29
37
47
37
9
49
29
36
33
50
50
48
45
36
50
37
18
50
37
41
21
24
45
24
15
48
1
5
45
29
3
26
37
29
11
22
4
14
16
20
23
5
2
8
17
18
36
9
35
30
17
25
24
3
1
16
46
26
37
25
37
9
15
24
10
23
24
20
36
44
14
33
11
47
39
17
2
33
23
1
8
14
37
24
48
24
20
28
1
15
19
35
21
10
48
23
