473
130
134
11
62
386
259
360
247
198
100
218
26
453
349
17
252
487
130
44
143
366
23
346
42
478
239
213
264
297
405
207
483
433
284
356
185
6
238
245
319
112
149
322
197
20
420
19
227
381
260
29
483
459
233
408
499
24
277
270
11
73
355
93
360
49
339
68
396
232
7
213
436
204
139
247
258
268
176
412
215
191
163
474
404
11
119
173
280
388
181
196
417
261
57
144
490
431
259
263
390
51
104
272
212
223
403
16
337
117
180
339
445
340
362
401
242
10
79
129
338
330
380
296
416
462
17
326
250
250
496
169
330
415
341
37
390
405
421
97
37
209
153
130
486
417
157
26
475
41
122
322
305
382
301
335
116
386
147
393
165
403
106
97
206
484
284
287
93
79
482
117
283
232
336
223
302
333
264
79
61
335
30
326
74
450
478
362
244
241
243
168
254
117
402
251
258
12
305
338
374
199
51
492
270
227
76
489
495
322
360
333
485
474
80
73
493
417
316
91
414
57
461
250
45
413
29
17
2
162
43
171
333
428
200
435
256
302
128
108
27
197
48
36
88
38
447
487
366
9
371
196
495
7
234
477
290
71
332
196
23
146
41
303
25
315
379
476
236
373
448
496
77
453
335
50
7
65
357
104
463
485
193
194
225
311
157
281
175
490
339
263
132
297
284
200
13
22
58
95
350
476
93
377
479
391
328
334
297
482
347
174
214
270
470
36
247
134
498
17
155
185
444
145
316
161
175
441
400
278
256
209
30
175
125
337
54
84
377
430
435
394
84
1
162
373
124
440
364
498
43
96
84
471
155
274
292
452
20
359
8
275
8
17
223
224
442
300
445
412
103
163
16
103
2
374
266
2
147
4
264
72
128
237
93
359
307
57
201
198
287
481
495
32
53
150
357
38
477
498
350
460
163
470
297
228
363
322
199
490
401
31
98
308
292
29
205
220
131
185
140
3
225
391
426
390
223
299
380
109
116
174
204
76
469
83
442
250
11
443
359
322
350
212
433
264
188
444
174
156
264
101
459
449
286
499
275
383
3
153
233
29
296
257
448
46
176
94
12
216
450
180
26
139
35
67
318
66
310
35
480
366
114
455
245
87
228
85
142
30
482
453
199
439
206
361
190
240
188
473
105
454
125
132
89
459
9
470
319
297
45
49
409
34
261
166
335
144
348
87
293
4
297
408
235
27
271
110
482
266
466
411
127
427
196
317
381
1
443
325
174
134
221
277
7
225
209
28
499
138
265
230
456
320
382
476
83
268
234
440
389
351
401
438
20
118
237
289
134
431
160
438
390
277
118
321
293
441
73
498
222
277
169
297
406
341
313
217
300
492
292
351
204
404
266
204
66
383
259
330
497
159
10
34
77
212
172
369
335
196
55
321
290
44
109
276
60
328
250
419
304
175
16
478
494
442
258
197
456
263
126
111
164
327
44
429
350
474
302
43
424
442
374
134
25
133
278
288
33
106
491
186
479
60
453
407
26
62
293
320
246
363
283
456
278
488
279
211
294
232
389
318
290
446
382
497
486
190
370
499
296
26
216
39
207
19
337
60
200
400
234
260
481
169
52
311
339
165
253
218
473
259
15
476
322
394
278
275
221
466
337
373
277
38
116
403
367
18
79
180
119
381
77
52
341
125
163
311
221
76
473
339
280
452
267
410
176
195
24
124
252
22
365
261
145
373
393
110
152
469
170
127
274
128
233
114
124
375
253
201
469
238
47
252
172
75
98
355
370
314
441
222
155
186
382
166
145
129
117
98
149
447
49
227
383
85
295
239
470
270
124
492
484
449
66
277
87
476
332
174
485
101
121
497
35
380
374
248
148
318
185
24
102
295
381
261
454
283
445
286
194
472
210
331
432
430
423
231
158
76
300
225
117
438
362
495
358
420
448
299
174
382
286
407
175
5
392
407
324
190
309
251
149
223
389
476
471
127
424
376
36
87
390
430
296
56
168
235
400
68
213
56
175
133
227
158
93
231
172
334
127
138
61
111
221
28
78
417
83
96
308
320
11
488
27
34
366
58
481
157
112
366
45
273
278
249
155
161
336
416
31
110
9
38
249
268
114
351
96
188
473
92
19
4
20
301
432
182
251
378
465
361
241
28
495
170
195
75
149
397
348
274
343
367
143
99
452
233
432
117
383
390
376
188
231
18
52
353
341
478
321
454
208
468
122
354
9
305
12
163
61
83
354
465
64
77
442
350
291
433
471
238
159
110
434
57
126
194
85
419
58
449
451
365
448
308
258
379
334
18
