15018.25
2512.70
79284.00
9393.96
30047.36
30704.88
21238.36
13166.28
40732.90
59655.18
72174.61
14135.00
70898.49
52086.33
43562.70
24931.52
14287.04
12865.92
14029.40
34787.48
37408.68
53387.26
80149.85
4556.92
23528.70
52550.16
38041.60
49684.48
46573.75
40092.50
5556.05
40643.12
2258.44
23345.30
41192.28
61480.80
10961.90
20601.98
68337.45
25227.36
34396.20
31864.50
16913.93
61916.50
4236.60
49854.50
34716.60
52719.39
1842.02
4184.56
10210.96
78431.72
40223.32
29496.19
17526.60
43996.25
27355.90
55625.78
22739.76
44912.00
38184.96
46453.68
40111.20
6426.90
19247.74
2610.78
37427.78
24348.61
45443.65
24323.04
2716.90
61670.12
56411.52
85771.24
43569.94
69948.48
37481.20
44752.84
2883.15
21758.92
21436.18
9562.08
10769.28
3329.52
34597.44
48038.84
55907.67
25835.20
63686.08
53808.50
24161.34
46769.60
9229.65
10745.28
22900.51
16362.00
77741.84
26837.04
22728.64
5460.90
37259.20
44783.68
53860.31
12150.81
26516.60
43517.11
23993.34
53241.60
45745.56
81613.14
30734.30
46417.68
51225.04
28899.36
56278.80
62658.72
50485.99
27408.07
25086.46
6711.08
25731.36
20938.89
59495.48
51122.65
61216.74
48922.65
47992.64
31499.41
30860.76
16832.20
1254.34
54435.76
74941.69
61084.08
43899.50
36231.36
41245.47
9354.94
27590.16
57882.23
45984.72
68958.67
16589.64
30583.02
27244.98
32988.96
76256.64
36164.61
27553.95
49445.76
29728.48
24388.78
90911.04
15989.04
11723.32
9003.54
31305.60
31630.44
31534.00
1875.96
54165.24
11008.62
65337.58
41553.33
8378.94
89806.08
30342.79
10997.52
30427.96
75888.54
37375.78
10547.28
47945.17
55894.74
48572.00
51938.60
16275.27
44568.72
6405.07
51456.86
26686.26
14611.05
51264.00
46262.58
39679.20
17746.38
30516.21
7940.46
4940.40
42239.22
14920.95
32088.72
43294.24
49612.08
13187.86
7471.80
58585.35
5606.88
62878.42
52762.24
62509.42
81310.50
88881.10
24351.50
19336.35
51426.46
13562.64
7912.64
53674.08
8641.36
34055.64
43610.19
30308.77
3680.04
43896.25
44944.00
9990.90
35749.92
2758.94
49921.38
68607.45
23452.08
42229.01
24051.25
9460.02
58201.56
27434.87
20592.10
55699.20
44652.35
49840.11
17458.40
35334.08
37608.64
51240.72
45313.92
6468.07
41354.10
39767.70
7466.04
77981.59
23145.00
18779.60
13860.08
76772.96
35390.88
31413.20
12379.23
47449.22
65413.60
51386.94
3347.54
4200.56
13258.42
68845.04
59367.00
35929.22
74082.12
21097.50
1254.34
8569.00
52800.24
8334.09
34912.51
46949.56
11259.92
13166.28
4661.04
50480.92
50994.00
65453.52
15649.12
55058.96
62100.15
46601.00
43701.84
11882.80
54195.96
18109.00
1727.82
48099.15
37542.96
7792.56
52211.42
30692.55
41044.69
9001.76
3624.00
47131.04
39280.05
29599.46
38410.81
8149.82
41669.58
16145.01
52609.86
52499.16
29491.94
42453.26
50581.44
34336.20
79484.00
45242.02
16682.71
18297.95
13854.56
46029.60
9209.65
47697.53
15415.20
12698.00
17553.90
9184.65
66632.93
65288.58
962.05
60331.84
37630.20
12964.77
40390.46
13201.79
7838.30
41175.45
33298.92
32837.64
50893.63
12543.40
18211.32
3257.44
45573.84
58713.02
13131.79
32611.52
17706.70
22391.84
44321.75
32318.72
964.05
52207.76
56781.31
52892.70
49360.08
57225.68
32402.72
18909.80
74922.54
14280.60
30783.60
53304.32
63260.88
31412.22
3838.11
51707.13
47896.10
6622.96
9151.80
16576.02
64327.32
8009.61
36038.16
19328.40
42443.24
8489.20
52393.77
13720.98
41143.80
3135.42
8183.65
53426.10
1878.97
18754.52
5941.40
7988.58
10987.68
30091.68
76268.22
68747.16
55298.80
1729.82
16607.50
9123.73
5726.08
54672.75
46867.41
34500.72
26866.77
23480.96
22924.60
19789.00
28114.52
54345.13
1316.41
26406.38
44511.04
11051.58
9120.00
12212.20
52574.10
10456.98
9479.95
7015.56
27745.90
49071.90
21719.88
45001.32
26704.50
34352.57
6398.76
47697.17
1789.88
39258.56
34057.45
5589.96
51670.13
32570.10
28731.36
23569.20
38146.60
24266.20
21274.32
48434.76
40306.84
68790.15
66129.48
44663.85
41793.78
28542.06
21303.49
9626.32
8465.10
55447.83
44123.16
37159.73
10856.70
4390.65
44948.25
10241.20
44446.75
61419.40
15186.10
36148.41
35447.85
77694.18
70259.72
30257.86
25878.72
32323.20
42718.62
36588.68
52075.08
9464.95
42045.60
55648.50
41572.37
16385.52
60357.96
11057.58
21551.69
40788.50
53337.60
40707.16
52106.50
68281.44
92314.53
53151.99
33477.65
15603.77
64018.50
12863.70
55813.80
21128.10
11369.88
67507.76
15903.16
36438.92
20341.76
3043.22
21225.49
30323.43
12514.32
30463.84
26274.38
3699.99
76815.34
20041.28
29239.44
43282.44
56913.83
15721.56
51083.73
35077.20
32740.38
9770.70
3904.17
40544.46
37864.64
65343.23
14716.20
34186.50
18664.58
31083.25
20886.40
83535.20
48584.80
12522.16
19332.91
25322.88
11788.48
10030.56
61411.35
74205.90
15856.65
81573.36
73586.02
20709.84
31653.15
67375.91
55078.80
85721.76
15232.32
43240.47
3755.94
24848.46
36487.44
54117.12
31394.56
5778.30
10018.56
20657.67
21275.32
68291.64
57161.50
61601.76
32686.38
51006.12
40484.66
12509.20
24596.10
4495.77
26020.54
77653.27
19049.90
85300.67
24430.80
37264.50
39083.58
57509.49
27005.28
45866.67
12169.32
8390.94
22083.80
4670.10
49783.80
16748.06
46536.30
20782.97
46303.92
37992.64
48859.36
33288.38
54706.88
14406.60
36973.56
53485.00
54804.75
14776.05
10907.46
59929.27
61555.36
48211.20
10186.22
16145.16
1331.43
14085.26
58101.60
56225.57
50313.55
1451.54
6421.90
8953.68
13422.16
51956.90
1946.14
68668.60
14896.08
38007.82
45114.47
10978.99
58147.74
64348.00
20496.75
11259.92
89421.08
35192.13
19220.64
64309.94
78384.81
8030.68
20580.56
39751.80
47738.60
44537.40
73631.74
3001.20
3705.96
61048.44
30660.30
40120.29
48196.80
27810.30
30895.28
45328.80
5966.45
26825.58
13620.00
43299.62
67656.00
14991.84
14645.62
78899.52
70971.36
35809.20
90545.00
58511.60
20994.26
18429.60
66359.30
36969.90
32515.00
60964.05
22940.48
47030.40
16313.40
18051.52
29070.56
8153.65
59850.57
21687.04
49556.48
20949.44
72811.05
30687.02
6553.14
62520.36
1075.17
35228.42
39114.55
48317.92
5936.40
8338.80
4757.12
9314.75
16286.85
3147.32
37202.46
58450.48
28718.08
45451.82
50571.07
18857.15
25436.74
32616.54
37650.69
28931.00
51297.25
59521.90
73234.91
49151.54
41712.58
29028.60
27876.16
50708.61
9870.80
62386.00
3473.66
70703.10
21875.58
54845.34
52192.84
32033.80
2941.12
43804.94
73539.02
3749.92
70826.88
27853.28
13822.56
45232.00
54507.42
37299.56
45687.84
47474.92
42266.95
38468.82
14211.34
16103.36
34283.34
42907.53
22574.64
28651.32
79591.60
57976.10
67282.56
71526.00
35564.13
7442.05
17917.57
2510.70
47775.66
3467.66
32143.82
17191.33
57374.05
52634.33
37768.08
13101.76
63658.24
13716.82
30382.17
3799.05
29743.20
6985.50
7584.32
70381.92
26446.35
51834.60
19820.88
30223.62
8811.36
21987.75
18240.95
34165.44
47708.18
31052.80
93047.50
87548.16
70046.48
12845.52
14079.12
58562.01
20900.10
36218.20
44751.36
22019.58
45164.52
45694.43
59528.70
15121.50
9578.32
74432.96
5898.42
48154.68
78370.32
43787.70
64454.04
34750.41
8222.76
66394.30
25327.75
24794.88
34569.99
21895.36
44262.73
42502.62
44859.36
21634.68
65176.88
80100.48
16780.36
78949.19
10763.28
53726.40
57379.14
75000.38
36039.00
44166.16
36931.10
53095.80
6867.24
60327.36
86346.72
24612.41
8570.17
12872.86
58574.88
11155.10
40378.29
52977.33
28289.88
14845.80
44077.25
51558.76
47258.82
66999.44
19952.66
48316.45
23034.18
19112.16
8154.00
13192.19
5175.65
49457.82
30977.92
40732.56
50087.01
89181.60
26528.20
40380.66
40537.86
89421.60
88641.06
36433.86
47219.04
61384.80
5205.60
75318.80
46485.78
3423.69
33780.00
58845.76
72616.05
42068.40
33455.20
4280.64
41227.68
54111.09
18964.32
5766.20
29060.90
48384.46
50004.64
57084.06
63977.20
2931.21
59246.64
61588.80
64554.02
62906.21
5375.64
4766.04
24738.87
50099.58
30529.28
50973.12
66369.81
39162.00
6410.76
15199.92
13632.63
42138.46
19765.12
30320.17
31641.84
47187.36
26216.00
11400.48
20217.36
47680.43
12726.00
59264.79
55070.71
75185.43
56357.40
71375.90
19340.58
32185.23
3809.98
12890.04
85112.30
15782.10
3333.63
22938.51
26128.00
85865.24
64152.20
16022.05
37630.95
52022.60
42751.80
65673.96
2496.68
86140.50
28650.40
19893.44
61419.40
10560.55
61259.10
3099.28
9990.90
28225.83
61316.00
4757.12
45131.58
47210.80
11162.97
70874.40
66564.05
17266.26
38859.08
54207.00
7598.16
52454.17
2606.80
42686.62
84500.83
12830.51
62211.60
85241.28
10106.80
18739.89
48327.48
51003.46
68928.20
47036.84
21825.76
17458.88
6370.76
32571.00
24992.64
45991.40
36719.20
69527.39
3169.36
53946.09
35568.00
41697.24
37736.61
80912.92
67469.91
25877.72
10644.27
15767.25
58526.88
10643.36
6707.15
49135.36
9420.30
4588.86
20813.44
9110.00
57078.84
47192.70
51569.47
3209.40
31562.16
57316.52
23280.82
55499.22
42727.08
11134.76
64572.90
72989.42
69577.92
59872.32
65997.70
12712.00
60684.36
58702.38
87355.68
9890.64
10494.44
43278.08
15528.80
13622.32
58601.01
49453.20
31280.34
19118.70
55331.78
17488.30
3427.62
57133.44
33588.96
73676.40
23452.27
11322.30
51188.76
22974.48
85139.50
73325.28
59706.92
58201.51
14848.32
24867.27
57136.42
50873.90
21576.75
45025.44
58147.74
39593.05
45488.79
39647.37
14480.40
30515.94
28582.31
64568.37
39617.76
73328.00
8058.50
