14
42
48
18
32
19
22
37
4
46
38
32
6
33
38
38
30
25
47
23
50
14
44
43
4
1
46
1
43
26
8
30
20
23
39
41
9
39
33
32
25
5
30
30
10
7
10
38
37
13
13
32
32
19
47
47
14
8
19
47
2
43
8
18
18
5
20
32
42
3
28
15
38
14
35
47
48
20
34
21
40
1
30
27
19
28
10
48
43
39
8
2
10
38
19
26
11
31
29
1
35
36
1
45
25
15
11
20
31
2
25
49
37
1
28
29
34
5
6
15
26
45
36
15
23
47
23
47
48
25
20
6
20
3
9
21
33
50
39
2
13
30
6
1
33
11
27
48
26
46
48
49
39
3
16
34
20
3
45
2
27
47
2
24
47
1
9
2
26
33
48
49
22
14
32
25
36
36
26
31
35
32
46
37
18
50
47
33
4
32
50
50
46
43
38
5
43
47
2
20
7
12
45
43
42
26
39
33
38
24
25
42
29
41
2
43
13
9
2
25
25
3
32
44
19
3
33
23
37
49
37
35
11
34
8
44
45
49
42
15
50
11
16
25
16
23
46
11
39
14
50
15
26
40
10
43
6
14
19
15
9
13
8
46
27
48
48
34
49
41
16
1
27
15
26
11
24
37
28
16
45
35
46
32
13
29
14
37
43
31
1
26
2
35
1
49
4
8
20
1
27
46
32
46
33
5
47
17
7
36
46
7
2
11
24
42
12
46
32
28
34
27
2
12
34
45
49
5
3
48
32
47
42
45
19
4
40
7
15
33
36
43
31
40
37
1
34
38
29
30
47
18
40
18
41
6
35
4
32
3
34
25
3
19
23
5
3
37
31
38
9
39
22
15
31
18
28
25
22
17
18
27
12
25
24
25
49
49
45
2
41
34
38
4
10
15
33
10
38
34
31
17
42
35
29
7
46
26
11
32
19
10
1
47
43
38
29
21
50
15
2
23
27
35
9
2
40
22
32
17
24
19
10
50
44
24
46
11
2
23
22
8
4
49
36
48
15
37
31
18
6
35
27
50
3
17
46
27
25
50
9
21
47
31
25
48
32
47
20
45
6
28
22
11
9
49
42
26
2
32
46
38
31
8
47
36
45
3
25
15
17
4
1
4
21
13
5
5
45
28
20
6
47
10
50
21
5
32
11
28
34
19
43
35
43
40
29
5
32
1
17
3
36
48
33
3
4
35
50
42
33
20
46
15
3
3
48
46
12
36
38
11
38
31
1
45
25
45
19
18
37
50
34
39
38
8
16
13
16
11
3
37
18
3
13
3
26
46
19
14
1
33
41
45
26
20
34
42
15
44
4
2
37
9
15
50
28
31
28
36
3
17
33
4
23
28
25
11
1
20
33
10
10
7
11
33
47
25
39
46
46
48
35
41
21
37
40
7
21
27
11
38
14
3
40
45
24
10
7
3
15
19
14
27
10
3
16
45
28
49
40
13
9
44
34
5
23
4
6
14
7
20
18
49
48
37
26
24
41
36
24
18
35
43
12
21
41
1
12
10
3
20
50
30
35
28
8
6
1
12
21
32
12
48
18
22
49
15
46
30
38
46
48
31
46
34
16
13
9
48
41
19
6
18
31
34
29
31
49
21
20
10
47
14
3
9
24
39
27
38
9
8
34
41
37
33
47
31
26
16
48
15
16
28
1
6
14
6
19
47
28
39
50
12
46
46
13
22
27
1
36
35
42
10
40
24
3
12
22
27
41
46
43
37
5
16
30
39
9
34
18
3
47
17
50
44
18
5
38
50
7
44
27
35
3
3
16
33
37
44
19
10
18
17
11
13
19
36
27
9
41
38
1
44
49
13
15
40
19
37
24
23
30
35
2
22
6
4
28
44
28
45
19
22
48
50
9
15
14
28
32
4
1
37
23
24
50
28
21
49
44
5
20
13
21
46
32
18
35
6
11
22
50
27
36
25
34
1
42
34
28
50
9
33
38
42
33
29
36
7
19
28
37
29
21
34
39
16
2
36
50
45
43
48
49
41
26
37
34
19
36
6
23
45
44
33
35
39
24
49
17
25
12
22
43
19
50
44
28
46
31
42
44
6
34
16
7
24
6
28
15
26
32
49
36
38
4
45
5
37
13
46
30
2
32
12
24
5
9
36
46
21
46
4
23
11
37
3
7
5
29
9
42
45
31
36
26
16
14
48
15
34
29
46
9
50
17
28
19
8
48
44
15
27
3
24
28
21
25
7
35
4
40
14
31
3
11
43
40
27
42
17
12
25
28
10
36
36
50
31
