55517.28
15346.65
35894.95
25597.08
53417.43
16784.64
29531.75
56412.96
36666.15
43434.30
77481.45
21817.29
2298.48
7350.98
65849.52
47620.32
32863.38
35786.07
36108.27
33236.28
16097.16
9129.84
56435.76
27875.34
3433.62
36446.64
30326.04
69866.40
64836.64
83335.56
46348.17
23905.60
68992.80
39473.52
75721.38
53120.52
24686.10
28280.75
29136.78
50434.12
47616.66
32830.38
2222.40
55614.82
15127.84
50519.82
41853.63
84728.78
46551.96
2340.52
70114.26
18871.92
9207.80
70046.48
53934.73
48740.02
48653.10
7946.46
14067.12
63187.68
22025.75
73627.40
33191.64
47582.66
63234.08
15336.20
23712.00
18644.00
19172.88
33362.28
68090.75
75583.64
72194.85
70929.46
79043.19
86806.18
6637.14
45002.26
49655.76
50708.61
12268.96
61980.10
28678.32
29149.05
9165.72
10831.80
65253.60
51266.25
49326.84
18599.50
19082.70
3708.96
49071.60
31449.84
63033.96
44975.25
45077.47
19541.40
55041.71
5988.54
65085.23
26529.86
15766.56
30112.00
43937.46
35850.36
10571.55
44160.12
39723.60
44689.05
46751.00
22001.98
59632.65
42186.21
18840.60
3804.20
22488.72
38709.16
58030.76
21737.10
17688.60
40032.78
16065.51
3501.78
45364.50
31933.88
8805.30
45527.52
21275.46
23705.12
67470.80
5117.37
33081.96
8721.30
15505.38
47042.45
1577.67
66245.96
59422.65
27209.00
69929.26
39718.12
11057.69
22799.88
69669.89
24449.46
67691.76
59844.19
26408.20
7923.35
34597.44
53466.70
42585.30
30672.60
82983.12
44350.56
51656.00
46278.90
45484.84
35822.36
66359.65
55411.40
23906.16
22176.24
15141.17
55989.16
68262.41
62982.78
62157.36
50935.20
23849.28
16077.00
30630.48
52038.40
53965.73
28102.14
33019.56
64454.46
28093.60
15795.08
31413.90
13464.40
61259.10
38178.00
27381.90
18193.37
45921.33
28525.92
79894.18
5958.48
43872.00
14130.45
18938.52
28758.96
25515.18
11376.48
26319.58
36854.96
43065.90
32235.70
32372.20
17154.70
29407.86
35215.44
54097.05
35713.00
39424.05
25046.80
48707.17
4272.64
67743.72
23604.46
40632.68
6657.28
72616.44
34958.16
29543.11
55967.04
40364.10
50104.50
11700.84
4799.07
6218.56
29711.04
50958.36
27798.00
25211.55
65444.40
13048.28
91480.55
20333.04
21821.10
19688.68
5700.24
35787.24
25732.28
52797.15
32638.20
5145.60
43192.24
57312.84
26614.56
36704.43
10535.10
29073.87
15150.52
51917.87
64502.55
24819.12
44303.04
39017.76
45299.79
30992.58
36651.15
3533.72
12049.20
20991.10
3117.30
56950.25
56562.63
77844.83
67751.28
38094.00
12792.91
41040.00
36388.50
49075.65
46016.88
50049.00
11484.60
53742.60
20265.56
8739.54
65818.19
84176.32
27554.75
56859.84
86442.72
53415.97
47207.16
18729.70
5345.80
55196.52
8894.35
17988.55
30657.06
56652.12
5375.85
64896.40
17998.90
11452.43
29702.40
58333.12
75544.65
40901.71
44697.38
94048.50
23048.48
26181.72
26846.75
31103.54
22173.15
2638.82
83485.40
48333.87
43055.08
23364.75
47371.20
16417.76
64972.40
28110.90
49322.91
68536.60
63207.69
43423.54
17731.44
15917.25
40765.72
20999.00
61646.13
43049.50
12627.30
15200.38
34694.38
1774.87
13417.56
32654.40
20644.47
61594.75
72427.00
8569.28
62975.65
15933.94
42788.88
2074.26
48803.50
27277.64
21911.36
27709.40
31191.48
33496.75
35030.16
1135.23
21359.10
38378.73
30232.50
50543.19
87932.16
51015.37
32584.44
33395.52
84376.80
15793.56
31640.00
28124.55
3836.20
3757.02
36023.62
23969.22
40392.75
60748.35
71476.86
27798.16
52280.64
40186.64
18141.37
29253.77
12150.74
1406.50
36844.94
44541.00
39830.28
26988.32
59358.22
64896.40
46940.85
14436.51
21169.99
16893.30
51175.35
40844.78
37550.30
3309.57
60738.86
14983.68
4078.35
61785.60
13298.13
66075.54
6121.60
26529.72
27965.70
3775.94
85814.55
65446.56
60350.07
82058.24
36438.20
9240.20
44732.25
47239.80
41036.94
27212.64
18779.70
7670.16
30175.52
35611.59
65870.50
27840.30
45819.84
48804.80
9954.64
20853.96
22091.76
72956.80
3688.08
18482.06
24248.40
33988.72
15088.48
94799.50
48687.24
11932.80
38291.10
44471.75
21046.56
37802.41
78803.04
30974.00
29696.64
20442.40
11742.70
7683.15
47107.91
27076.98
28226.02
40924.80
41625.36
85695.70
3663.84
47747.92
25481.85
31668.44
9631.44
46179.35
12262.05
75010.76
7868.40
12101.74
9971.64
62727.96
71419.46
37077.33
5579.85
39624.12
37921.02
53674.08
12505.32
60177.39
33675.40
50470.74
42705.30
4760.04
44283.15
23983.56
13665.63
1774.86
36089.20
30192.00
39421.36
4096.44
40004.63
9460.40
4639.92
3620.00
18259.32
48127.34
5438.70
72572.82
49319.34
44451.60
22173.38
68952.40
8369.12
14612.62
17548.40
47633.06
18956.52
80052.48
34571.20
37228.32
54046.08
30783.00
34548.72
28678.05
38401.65
19901.60
28330.50
71559.90
32083.56
3042.30
4144.44
12001.08
67895.28
50475.72
12433.56
65855.19
20952.23
44592.96
7910.46
50837.76
7195.74
9417.96
16316.10
9928.71
21750.96
20125.42
13518.24
74418.12
84688.83
31307.06
11160.24
57481.20
22501.32
31785.48
48398.90
56160.28
59893.68
24505.80
19924.06
39449.76
50389.44
41540.24
48452.36
20393.34
44881.44
6647.10
23432.96
47159.84
29205.61
30833.32
94699.00
18620.40
53691.54
9021.60
30973.28
42028.80
43685.46
10441.06
33195.00
70193.60
7538.00
10757.52
20069.44
8644.10
37641.20
5570.85
42301.35
79503.60
24199.45
84912.78
74117.60
16509.78
69751.99
18124.72
41511.96
10252.22
6995.36
38232.92
26127.72
61334.13
28961.02
31653.15
4376.72
26251.68
64003.32
66531.92
26543.86
12613.23
32353.20
36602.72
11712.51
28965.05
9762.48
22604.40
41711.78
10541.40
8864.52
24160.18
33604.48
35111.44
11372.16
9144.99
13790.48
42548.88
10987.76
19963.19
14835.84
25212.14
22225.80
1389.48
58929.16
8745.30
51417.60
14144.94
2456.64
8873.60
27914.25
53588.88
37980.60
22128.24
57973.18
14926.99
8465.20
15526.95
6691.20
55482.56
15460.29
43742.70
30512.35
84830.30
9054.50
44515.71
1479.57
18359.20
3961.23
33855.60
12117.87
17222.26
45840.64
62263.01
16355.64
29047.46
86570.62
75780.00
21643.40
15556.80
28718.08
19338.41
57228.48
23947.56
43643.46
65000.46
46673.60
37495.59
53114.24
36214.64
23334.50
34844.67
48472.65
70594.39
2891.08
39891.18
19616.76
86570.71
14575.50
1715.81
54453.05
18661.76
14359.40
6862.30
18974.15
35637.40
13610.64
17362.88
11604.32
949.04
28703.36
45649.40
31121.93
35458.08
58530.51
51612.99
59894.92
9540.40
1542.63
32151.03
5020.45
89343.50
55300.28
5432.73
5603.88
27480.00
21715.29
12806.75
23145.99
1596.69
46536.01
1044.14
56413.66
51587.23
63907.62
62917.50
22750.00
59188.53
30051.73
27722.24
37120.32
17298.60
4336.62
42794.57
15231.92
58087.56
11388.48
66455.92
37453.78
13070.16
68392.00
58616.60
1162.25
12517.56
54463.50
17398.30
70316.52
1191.28
33589.25
26326.62
54540.75
53713.00
19842.90
11139.84
33299.07
33839.46
43349.46
55855.20
70592.34
20391.75
29151.92
28944.61
76624.96
42670.00
40050.24
2246.42
9333.84
4945.28
55859.04
11980.72
3109.30
45328.32
45986.16
24084.22
3771.94
39901.68
10859.40
41719.00
34422.30
60447.24
43427.25
22700.00
76625.55
29470.88
36966.33
39411.24
64653.00
7391.76
26307.75
52823.68
9450.24
13667.40
16439.78
19989.44
61624.80
34466.00
33641.28
16773.15
40852.90
5030.28
45601.92
23484.90
15326.20
70325.00
30172.00
56763.68
26935.04
73868.02
7814.34
50293.12
33761.64
34789.76
79679.60
45443.65
25046.80
24486.40
13469.22
12261.04
61447.80
2965.14
35040.11
87241.50
15081.93
16858.82
51093.94
44751.68
45215.05
23455.30
68532.24
15218.17
44484.73
39337.05
63598.08
69989.92
41427.08
1018.11
58966.16
63716.16
12129.26
60617.92
89205.53
6783.12
48381.00
2348.54
36650.88
65092.58
25491.60
22474.66
20998.08
10151.00
13382.52
15525.77
9600.22
31954.50
19468.67
24679.90
43343.15
52667.16
9922.00
22089.63
19831.14
34110.72
7415.76
7622.16
51924.60
43983.04
26740.77
51534.72
67234.44
56269.50
4769.04
78924.30
94148.50
28124.55
5531.00
40579.92
33795.60
63953.32
44068.69
7107.48
25928.25
37665.60
45500.00
6799.38
38364.82
14535.20
25962.30
75724.65
35997.39
5177.52
16065.44
34436.20
30282.34
23482.41
40565.07
73221.08
34411.75
13131.43
43354.31
14982.84
46082.88
61072.78
15286.20
50214.72
60617.92
28308.06
36743.96
43894.69
19461.40
7574.10
57929.42
26506.26
61753.56
38681.04
11562.54
20592.10
76244.08
26453.75
22824.15
18099.00
33321.20
17839.20
6356.00
20481.90
13466.52
90990.55
26343.88
35633.85
12292.96
8253.70
54971.04
47552.50
16133.28
72556.80
78188.32
52585.76
48052.50
33467.49
19072.13
11487.33
83387.71
22291.94
75749.90
43414.80
20592.66
19000.80
41805.90
54262.72
11919.53
33799.88
8729.20
53087.10
65520.00
61313.56
46652.30
53173.82
43431.52
26652.90
11415.04
59157.00
8753.44
9882.64
5505.88
30507.75
41435.94
13955.85
3609.87
76737.84
19919.90
51941.25
18773.52
21077.10
15090.84
23034.31
40670.03
13269.30
10096.68
7447.90
91796.50
34422.52
76577.41
25415.28
67931.28
63225.60
23192.64
35577.40
6772.25
31516.25
22231.68
17118.00
33732.72
63282.60
46595.95
3552.84
64191.32
5761.20
45808.96
81130.05
4060.40
50903.40
78290.72
13550.64
64137.94
52809.12
4993.36
59132.37
51818.13
1570.66
48294.68
3712.08
16176.27
31932.81
46511.06
10609.20
22848.48
34455.33
51240.72
78652.35
77438.27
7872.56
63787.32
61012.44
65343.46
46801.00
5991.45
30955.47
6414.80
71400.60
33672.10
19091.28
12676.30
16286.85
35669.85
