154
240
321
441
54
383
486
488
37
234
303
496
278
35
324
344
448
355
244
361
304
205
55
199
216
234
173
368
110
290
356
275
154
452
479
3
374
401
37
294
484
66
176
99
25
137
359
13
316
359
391
191
256
211
120
23
186
462
344
2
384
3
297
252
373
258
147
51
56
371
77
147
462
71
136
152
74
311
126
29
171
463
24
51
493
51
385
169
163
184
453
201
451
218
129
337
272
370
489
469
437
57
410
340
190
89
331
322
190
223
35
335
223
141
156
140
74
491
346
462
335
162
20
194
291
135
150
395
462
223
479
426
235
202
419
206
350
216
492
48
86
129
438
86
217
3
155
191
407
23
374
190
84
481
452
399
125
251
68
331
66
410
367
347
133
142
169
339
493
119
135
256
179
327
69
481
415
95
203
68
135
106
344
307
57
235
392
43
268
284
127
184
491
146
198
283
368
251
387
304
380
88
187
44
490
229
195
450
418
58
309
377
5
190
208
138
51
199
226
406
465
203
6
184
240
371
153
80
149
231
226
170
205
199
327
251
385
144
291
163
221
421
115
176
173
476
450
145
441
270
269
87
9
82
187
176
281
33
423
355
198
271
461
162
357
442
31
94
395
53
450
61
470
327
497
46
246
382
370
86
220
492
163
82
405
139
484
1
275
243
340
478
14
123
433
108
19
500
222
292
422
20
145
285
226
180
246
41
368
26
420
332
243
347
335
72
481
475
213
162
245
432
74
340
211
262
110
259
173
303
61
298
327
469
55
77
404
92
398
193
45
428
149
267
96
448
104
432
34
171
107
208
58
24
4
190
214
453
415
378
498
113
35
109
238
491
38
125
368
329
145
69
247
485
136
189
286
438
451
247
379
308
357
394
115
299
72
40
392
361
7
440
249
291
288
243
207
179
17
45
489
398
408
464
245
309
381
238
438
234
18
222
184
180
488
234
427
32
7
326
460
83
153
110
351
172
47
18
114
27
436
295
4
482
340
281
80
149
470
227
88
184
474
478
319
52
447
50
398
257
47
454
265
59
171
233
89
178
384
373
267
116
53
323
53
204
193
298
321
11
141
321
328
389
293
349
297
37
51
201
327
116
402
218
105
390
461
11
331
239
132
403
359
412
302
362
2
471
368
356
393
122
76
350
256
266
465
229
53
308
253
171
166
267
444
455
182
38
428
33
471
173
26
316
90
294
189
445
263
350
184
395
101
445
208
292
305
495
33
431
282
121
399
189
392
184
46
42
478
10
435
456
116
266
346
320
225
22
88
207
157
307
427
275
138
353
100
384
229
13
341
137
489
497
326
100
447
244
338
447
180
82
351
205
79
61
422
492
223
406
496
38
213
275
344
140
444
318
355
110
431
198
357
481
263
116
166
198
150
361
428
477
155
110
442
473
474
167
133
188
34
65
136
125
477
439
319
243
75
59
410
22
437
227
379
108
53
211
442
218
49
158
13
444
465
199
175
86
128
473
401
305
399
290
424
92
260
171
234
22
289
419
240
418
373
99
66
112
325
252
100
51
239
54
475
327
125
84
34
21
289
45
132
156
145
294
355
258
422
207
238
216
225
172
485
55
416
398
458
235
319
80
214
284
138
396
228
416
326
56
249
156
415
173
48
34
125
53
17
136
335
364
177
236
39
121
102
127
69
108
338
382
398
164
281
91
456
179
323
235
257
271
49
156
440
2
187
371
291
490
103
238
441
119
160
327
366
311
280
176
460
270
203
489
485
447
226
219
496
185
424
445
220
235
231
83
215
156
346
144
226
395
492
263
179
265
443
265
294
58
372
454
343
363
364
16
346
423
27
92
202
459
396
130
446
497
429
34
66
201
37
313
378
238
122
475
288
181
232
293
260
77
304
91
102
215
267
257
231
175
475
74
116
42
483
189
190
481
378
248
272
358
6
95
431
307
367
255
226
241
175
87
310
405
161
376
496
298
130
225
286
262
225
374
112
276
383
69
266
91
16
475
159
140
162
150
241
364
103
79
479
196
312
440
383
164
200
333
151
407
277
411
438
275
499
252
82
374
205
436
130
465
36
149
364
290
307
486
300
233
490
291
43
19
365
440
269
260
255
238
151
366
370
192
76
340
29
271
375
140
16
115
127
416
304
85
348
34
227
396
284
27
103
243
199
449
273
146
100
334
119
150
382
394
234
127
486
371
133
100
60
89
257
118
443
433
281
291
224
268
415
227
143
467
70
99
166
233
227
356
323
334
208
305
239
272
280
353
324
320
27
371
447
177
238
235
126
133
294
22
