16972.20
20086.22
42673.41
20117.60
20111.42
18807.80
46613.00
6955.50
34461.75
8577.12
23094.07
10258.85
57627.45
54266.08
30440.34
31190.76
52610.24
59781.27
23365.82
49188.54
35338.17
25867.37
30663.30
21374.95
45287.85
40197.18
24673.87
15966.94
9231.78
77403.83
17959.92
6334.68
20313.36
57600.90
49900.70
25135.69
32131.20
46165.32
62817.86
17850.84
49388.04
55630.41
50383.55
20041.80
10497.13
34444.30
15392.80
33123.20
21108.36
13720.98
14555.50
22288.38
67922.22
21183.00
6466.80
40343.09
40050.24
22120.94
3129.32
48452.00
19191.90
12437.12
57751.76
8577.12
63472.50
27139.98
50859.90
46480.50
31029.48
20447.04
14568.39
36191.61
27173.52
52009.86
47036.84
15207.92
57239.64
3809.98
69352.80
18340.20
21412.80
36948.42
44182.32
18109.80
78188.81
27211.90
45600.00
9516.15
17094.12
26647.50
18389.30
66686.40
66051.72
41447.77
67751.60
30918.64
3687.96
41160.46
48932.40
14381.29
33246.00
21575.04
54383.22
13946.76
5153.43
29492.10
4384.72
5400.90
74167.26
67038.84
33611.00
67522.00
70106.40
73968.30
44245.97
45668.98
19273.54
26538.60
15864.03
36184.06
44633.10
11302.90
32353.83
53640.44
76831.84
21337.65
37457.30
20301.45
4476.84
15766.70
17362.88
47902.50
22497.97
60530.68
4174.44
26494.38
32676.39
1791.88
12955.77
13298.40
42640.62
22185.38
26904.25
73632.55
12829.68
53028.99
17118.12
69793.50
24075.22
54093.38
21987.46
12181.05
92363.53
90671.04
13153.95
12663.60
75888.55
55564.41
33497.64
13706.88
44034.48
44110.32
29054.56
1273.37
15564.64
56855.31
35563.50
33815.60
40554.72
47542.53
15470.00
11568.42
58906.98
19381.20
1437.53
73918.90
34632.74
33969.06
54865.66
52075.44
1980.16
48685.26
26172.60
52129.11
66419.09
42430.85
49813.60
3151.34
2808.09
4291.56
67872.50
3381.56
51299.76
23147.89
12661.44
61918.27
5622.18
3668.04
45986.16
60365.86
29311.20
32290.56
36192.78
30833.32
42894.36
2853.12
57495.57
20994.26
30965.00
26973.56
61841.01
60457.37
28520.58
41774.20
54152.05
22127.15
1434.53
34882.03
14979.25
51359.44
24010.22
16241.42
9433.26
4032.40
47691.20
49135.36
81966.02
69549.48
39458.37
12872.86
45053.32
8489.20
1818.00
6783.12
82242.48
57101.64
62706.86
5081.44
11396.08
3479.66
72918.54
43417.92
40436.44
7411.98
34687.00
39707.80
66766.56
28542.06
74244.49
38640.42
28366.80
2176.36
27210.00
8962.59
46024.44
13058.16
21923.80
82278.24
38288.60
63267.20
49825.82
34164.45
49268.16
51114.76
37414.56
36723.96
42758.36
56183.40
52857.50
48958.65
46439.76
76256.04
19941.90
11099.76
51645.23
25221.82
2700.88
88047.61
25307.00
1022.11
64137.94
7528.00
63520.08
56175.30
40154.32
24386.20
27944.40
22064.00
61522.12
21744.00
36405.90
12244.05
3952.32
65784.03
49641.68
41162.94
29351.20
13246.00
70802.76
9063.81
27905.90
40666.89
26416.08
2961.21
1209.30
1327.42
54169.76
19663.00
50515.92
15181.50
20694.42
31549.32
37416.32
17142.24
11947.13
62304.01
75090.54
70033.60
28776.42
31153.32
1066.15
74414.20
89133.60
3409.60
45480.60
54609.00
13346.30
33131.07
81376.75
3564.81
57643.32
14689.62
989.08
47356.22
53739.96
49293.89
22031.38
85643.67
2871.06
36374.64
77694.18
9847.62
16572.60
33486.30
17461.08
35171.18
8030.58
29557.50
36638.40
28702.08
47042.45
57161.50
45326.79
35342.49
7280.00
19130.55
47475.84
74526.72
56229.86
9730.60
3617.80
21723.60
25299.36
9868.38
37910.73
25797.15
53632.98
2404.58
7395.76
50211.01
28828.43
53903.38
33559.00
15278.38
40394.64
8667.54
13469.31
56508.96
58494.48
37402.95
23749.83
10551.40
39626.56
36719.20
36939.60
35688.44
24199.22
34426.29
8703.24
31482.98
12124.80
7297.75
62706.40
9847.62
65679.75
55546.56
71067.36
24831.30
58438.38
5111.37
12908.28
36788.64
36514.50
64325.64
51895.08
6947.40
67657.91
38386.32
13984.96
15767.25
34692.41
27704.10
33705.25
16866.07
22326.12
20115.76
19695.24
20599.23
86741.00
26272.62
25765.20
62295.45
2594.78
19701.28
38482.40
20770.42
10263.33
44111.26
63225.60
30055.68
21172.50
50361.12
35193.18
50285.82
71171.49
4568.92
3061.24
45955.43
41765.15
6231.70
79668.00
30599.66
13378.56
7808.48
15016.50
3760.12
4657.00
15889.28
56310.75
39505.16
3850.11
40260.44
73133.76
33461.40
36011.10
8030.58
4064.40
14375.12
50237.38
30488.94
38094.00
59913.84
49372.80
18724.02
31785.60
24557.18
6897.35
15146.10
22395.80
36138.50
44914.05
22508.85
86994.18
49349.76
35602.76
36470.41
21638.82
55259.50
33531.30
80679.60
8925.42
55029.34
7363.92
64592.02
997.09
10013.64
41966.88
42226.39
69963.26
53304.32
1068.16
82454.40
24596.10
44137.71
39691.68
20379.96
58562.01
60855.01
88293.00
23775.46
6692.15
28271.88
33084.38
21759.37
60189.03
33407.91
22749.15
46910.23
38730.12
11362.30
24297.76
55760.50
44209.16
91445.50
13625.82
18128.24
49300.82
26601.12
33609.27
35533.68
65961.54
27514.67
64018.50
79184.66
51211.86
9595.44
51485.13
24586.08
39129.72
69001.44
18868.32
33215.28
52346.25
12829.52
32459.75
15601.95
38218.77
64428.00
58989.00
16226.10
3013.20
31976.49
25612.08
31179.64
48628.46
54373.84
60039.00
1755.84
44723.88
25723.20
78466.80
6622.21
54154.42
28960.00
10428.44
31754.06
12748.59
55498.80
60855.92
23375.75
24370.65
7653.10
38733.82
52585.50
17555.04
33276.00
80472.48
37014.25
12784.86
45318.00
40667.75
43023.53
45679.53
12143.81
53095.04
6667.15
29775.68
23079.45
45079.58
23138.31
28474.68
37241.16
14832.73
69929.26
48478.50
3901.17
26224.71
25316.70
49024.80
43023.50
53810.78
63267.20
44484.76
61740.94
58333.12
27192.21
42790.41
19933.66
79334.00
49188.54
42715.90
58568.58
27726.00
2887.06
45077.47
36884.87
53183.68
3060.33
14784.57
43921.00
46009.60
62145.60
8138.60
16637.50
31519.80
29920.96
20195.12
19661.60
74124.26
68743.67
48947.15
73029.00
31208.50
28734.82
27894.24
23377.20
87537.54
32227.23
21095.23
31267.35
23496.80
32684.75
24554.46
47300.82
46186.92
36163.50
35378.44
56941.84
10835.60
49857.85
39526.46
1312.41
44981.35
35597.07
69109.04
29241.28
42745.87
32199.36
23471.08
10181.10
54890.78
34182.12
33947.46
40291.56
61742.01
16589.64
37239.50
9046.66
90345.00
14150.18
15191.92
39247.95
46178.88
29767.32
51267.94
36687.96
75553.38
7196.84
25716.08
20470.58
10784.41
62074.24
8825.52
14615.28
26078.50
39346.50
57116.16
25455.82
23978.16
23876.50
20637.42
35751.24
48060.48
10847.70
18697.69
52134.90
62856.78
3663.93
44507.88
7855.47
75487.68
84877.30
31908.49
28896.43
48744.17
42453.60
14881.35
45887.61
28777.59
20778.67
23113.20
30048.96
22969.20
61940.01
64021.32
58835.40
23514.90
40933.50
27178.50
8373.85
17009.82
42874.87
33983.64
88636.10
28077.44
50744.39
39213.24
22563.80
50118.01
5576.00
36117.80
19650.80
49445.90
40842.96
8766.63
34434.33
1848.02
29410.29
9260.20
13204.10
40192.50
43220.50
17939.18
17442.48
8289.89
64579.68
32818.80
61561.15
17739.70
77007.84
43466.15
21754.80
8802.54
55597.41
59966.64
1791.89
34884.74
47902.50
5289.64
48514.48
59859.03
1820.00
80815.10
5333.68
16363.38
58427.55
33336.30
33792.54
42878.53
7878.35
64788.09
27118.50
33638.88
6916.56
11262.15
14887.60
32451.52
54387.00
69713.20
29134.60
7196.77
4669.04
51462.40
46670.85
31334.94
53427.15
19598.80
28451.03
59101.78
58909.76
17672.85
17685.85
40207.92
23365.20
54078.09
69114.52
50279.39
58994.28
9334.01
4699.98
56251.20
58068.56
13159.08
57408.84
56759.85
61304.80
12802.68
42387.39
9135.72
23944.83
69612.96
40723.92
3053.24
21166.20
52748.39
36895.25
7827.47
27949.80
35434.05
37756.32
80196.48
23482.20
27930.90
13068.72
60481.58
18081.03
59381.79
53180.62
19127.13
33065.70
32770.76
50649.20
9790.70
45131.58
33987.10
73513.44
22591.80
41293.80
44174.76
54587.75
35743.85
65023.09
47009.16
55307.52
53981.12
14253.54
54253.46
23961.96
35034.67
2841.12
16117.00
61606.19
76079.36
33914.14
5140.60
14235.10
32624.10
45497.68
5543.82
1249.34
29760.64
5591.05
32954.60
23425.68
29406.88
6162.72
51669.56
23740.33
69962.40
34001.64
16275.27
38597.16
14786.10
47406.88
28011.58
65063.25
39601.63
5229.56
11764.48
26428.56
67462.98
79084.74
5508.00
32418.83
39048.24
37372.46
77050.84
14912.48
26291.58
25827.84
18343.98
34785.74
39981.32
7393.05
4657.92
33132.19
24651.90
51567.93
85206.30
57796.65
71514.86
68657.24
27329.20
88543.00
19088.28
19130.44
58721.95
55366.41
52151.04
25261.28
7652.22
9634.14
11003.58
32347.00
35858.70
59264.04
82256.40
11474.43
43534.80
48743.10
40759.50
61533.56
43694.50
20013.42
41409.68
54202.75
17376.04
69993.34
11870.87
66976.56
55892.20
49500.08
22752.72
36706.96
8955.48
25016.69
37835.82
19077.90
71958.95
9425.01
6787.25
18906.91
44927.04
33887.70
52762.24
69444.98
64832.04
1674.76
14823.52
52424.64
6302.64
20822.78
48831.60
7111.62
8200.88
61396.60
6222.78
27557.76
28214.42
50576.46
49783.80
54489.28
10027.89
9705.36
30092.70
26235.68
11309.97
47207.16
33767.28
36158.00
24650.28
84889.50
61358.98
4943.22
44083.44
52661.00
69687.93
50493.61
39363.20
29101.80
3183.36
69604.99
33516.30
8969.45
54905.92
13478.52
31497.12
23090.70
20541.10
29198.56
60420.36
45245.79
53222.82
44898.36
57636.57
27406.16
37299.96
13034.16
53599.00
25310.60
49165.48
20553.72
46398.90
37115.10
32434.02
48706.02
22383.53
32375.31
34788.96
14743.44
