6929
764
7829
8906
8762
9516
334
3315
9005
8555
6682
5173
201
3397
6485
7528
314
2735
2723
9689
5985
5613
8144
1717
1019
7259
8154
1894
10000
6941
2101
4292
8605
8133
9943
5968
6260
6295
1940
2312
6367
4
4576
1143
5038
834
4625
1202
3062
4934
3505
5361
2200
8711
7963
9741
2064
370
7607
1764
2620
8363
4457
3588
1574
2678
4600
1748
4030
9790
9664
102
9121
83
8468
8821
7044
8235
1119
6376
6434
7119
6440
3507
5159
795
7833
772
5315
6410
2005
2785
7088
7071
6170
7616
9633
5275
3115
4315
9968
7816
1217
9145
417
2608
4291
2816
8307
550
3622
9446
6316
631
1204
4337
892
2455
7129
607
3527
8369
794
1788
5675
2930
3452
7541
6849
4997
2383
6807
4161
9732
3224
248
5779
6920
9405
8884
7045
9653
3314
6145
8292
450
266
5787
6963
7183
2202
8131
53
6869
1930
2444
9749
6306
3123
9290
7095
3275
1626
7016
702
3676
9650
3857
3869
173
8582
7547
7813
7884
8612
9008
3763
449
5022
8683
1332
3248
7775
6912
4060
8775
778
388
1598
434
7109
8089
1807
6790
6083
5285
3194
812
787
352
2227
5193
5613
5187
5726
5809
2048
8245
3706
5707
6161
7366
7417
3033
3672
7381
1291
2104
9800
1984
4652
3988
8321
2006
5705
1776
5000
4547
6046
2475
7382
2476
6442
3551
7625
2445
738
2130
6127
4099
5666
7957
2980
8566
1535
5039
8069
1323
7644
9432
4275
8462
3325
1149
430
3699
3367
6094
5347
970
6057
8050
7368
4074
1077
4883
7113
4969
5326
9663
438
8589
3707
3409
4159
3212
9536
6277
580
5900
836
9265
5345
5486
5342
1112
9982
5356
5258
8335
5363
3512
8799
7768
3170
7236
831
4572
6762
7791
783
6562
2221
6890
434
8208
5424
967
6156
3636
8282
4830
7757
7573
2433
7806
3415
6399
6315
2555
5339
1579
7622
9308
6298
9793
910
2217
189
2360
5590
276
3375
8628
5747
8267
1374
1643
9123
8992
4413
7821
5225
849
3121
4614
2787
8510
829
6816
8519
6809
815
8181
9337
4810
7530
2835
7207
2492
319
5547
9153
9737
6236
1313
2239
6471
7214
7038
7957
1739
1412
6412
3340
9353
4281
1421
804
1629
7855
8137
5993
145
4275
6264
5662
4887
3928
1337
8020
721
4279
5204
4999
4472
1542
1138
2174
4808
3748
1529
4961
9320
4396
6933
808
9242
6647
8655
8150
6713
2580
1283
7091
5035
9229
7343
1985
296
8296
9935
1713
113
8576
836
516
6621
9184
3238
8813
9297
3481
8870
2848
4316
2078
9514
3299
7412
1425
5160
5022
7676
637
2735
6693
4274
3918
6653
9779
3965
9072
356
1791
4655
1924
5572
3902
704
294
5499
4478
242
2770
696
7382
2056
8833
2246
7640
9442
4197
8519
3166
4315
8424
1943
1090
6424
7282
2839
2656
7277
3204
3798
7977
8855
3797
1379
6005
8249
1275
4048
9150
404
6789
7675
9409
7850
3580
2240
6971
2861
1298
3212
5519
5601
4422
5975
4552
5389
6143
7023
8780
8708
7840
5724
7126
9760
2026
3520
718
4002
9575
8592
5367
6217
8543
1165
8991
9003
9695
932
2589
1372
2504
3751
8320
9190
6000
2477
5300
1443
6635
1129
6946
672
4239
6254
4048
7387
8013
6336
3467
8958
2793
4829
9749
742
252
8112
1799
2208
6380
5329
9541
3915
6862
7614
8799
4510
5827
7418
7183
6797
1573
3304
8946
9662
8950
9129
1515
9269
7784
9221
503
9088
8201
9260
824
3713
2361
7940
3378
8179
4099
7804
6339
9429
2242
3725
4045
7232
1814
5086
3060
1786
3001
7143
5853
2147
3816
1498
1700
2809
8912
8557
4160
7644
8625
8783
2885
2737
6864
2244
8718
2380
7528
1216
596
4322
9925
8745
4207
3722
1197
4371
6306
3312
5877
9050
3106
6929
1284
3363
9196
169
7933
7249
8154
6533
2874
6749
6781
6912
3230
7877
1278
5955
7745
9041
2046
42
932
4560
6446
1305
6320
5089
6649
182
2345
740
4266
9749
7520
6171
6331
1147
6166
6769
2665
2765
2883
9414
9620
1706
3918
7347
5865
8601
4178
3166
8722
3485
6702
5105
6494
7011
3589
4481
5522
3281
8935
4213
4139
4906
1091
3101
2470
6355
7809
1873
4976
1827
6948
3648
6348
826
8408
8590
6417
6846
180
6504
6340
1464
1845
697
4112
9396
1923
4603
9092
6787
5889
2513
3615
3603
370
9025
544
2840
4241
9098
1350
7977
2218
4878
1863
6582
6407
6302
3948
9837
9624
9238
7450
5684
2791
7188
3273
3578
576
4792
8747
3097
5736
4903
2535
4549
1303
585
6665
7672
3499
4554
7648
8970
6385
6180
4909
7401
3541
95
2099
6650
9578
6392
78
647
2776
641
8255
7125
1808
648
6032
9045
2513
993
3891
680
7496
9396
2113
2142
3437
4435
7800
1198
6816
2967
396
8458
201
488
3667
8618
8890
3670
6801
4214
2985
8438
6001
1482
3875
7479
5636
515
4997
3969
7457
6943
7227
6374
6562
2687
8127
8726
9545
3764
280
3429
8932
9247
1669
2316
7567
3415
4294
754
6271
3835
5217
7361
6901
414
6985
6593
5249
3150
9646
937
9245
4207
9704
2629
1747
5628
433
3602
1322
6874
9642
7315
9056
9335
6737
6914
8146
9138
7907
3211
1268
9457
6305
9967
9178
8823
6454
4882
957
4222
2361
6790
4575
4329
6153
3948
3233
6176
9270
4814
8960
428
2429
7066
178
1462
8671
3604
695
2594
1207
6189
8486
5506
5861
3728
5510
8508
7463
5187
8569
9144
2924
3591
5174
3676
7490
2804
2773
2092
1490
3104
6831
2511
7577
5134
4682
9706
5445
1753
9819
3570
481
2425
8643
3966
7791
1838
4453
7022
9554
4071
2319
1032
5922
6767
1134
5169
2450
3650
112
7998
5328
5634
2363
4858
2854
6020
3246
9860
4649
8042
4827
7368
8304
8512
5247
2095
3877
4362
5568
908
6686
3340
4698
2425
1883
2940
9382
353
3000
4628
5781
9638
