299168
299168
299168
299168
299169
299169
299169
299170
299170
299171
299171
299171
299171
299171
299171
299171
299172
299173
299173
299173
299173
299173
299173
299174
299174
299174
299174
299175
299175
299175
299175
299175
299175
299200
299200
299201
299201
299201
299201
299201
299202
299202
299202
299202
299202
299203
299203
299203
299203
299204
299204
299205
299205
299205
299205
299205
299205
299205
299206
299207
299232
299232
299233
299234
299234
299234
299234
299235
299235
299235
299235
299236
299237
299237
299237
299237
299238
299238
299239
299239
299264
299264
299264
299264
299264
299264
299265
299265
299266
299266
299267
299267
299267
299267
299267
299268
299268
299268
299268
299269
299269
299269
299269
299269
299269
299270
299270
299270
299270
299271
299271
299271
299271
299271
299296
299296
299297
299297
299297
299297
299297
299297
299297
299298
299298
299298
299298
299298
299298
299299
299299
299299
299299
299300
299301
299301
299301
299301
299301
299302
299302
299302
299302
299302
299302
299303
299303
299303
299303
299303
299303
299328
299328
299328
299329
299329
299329
299330
299330
299330
299330
299330
299330
299331
299331
299331
299331
299331
299331
299332
299333
299333
299333
299333
299334
299334
299334
299334
299335
299335
299335
299335
299335
299360
299361
299361
299361
299362
299362
299362
299362
299362
299362
299363
299363
299363
299363
299363
299364
299364
299365
299365
299365
299365
299365
299365
299365
299366
299367
299392
299393
299393
299393
299393
299393
299394
299395
299395
299395
299396
299396
299396
299397
299397
299397
299397
299397
299398
299398
299398
299398
299398
299398
299398
299399
299399
299399
299399
299424
299424
299425
299425
299426
299426
299426
299427
299427
299427
299427
299427
299427
299428
299428
299428
299428
299428
299428
299428
299429
299429
299429
299429
299429
299429
299430
299430
299430
299430
299430
299430
299430
299431
299431
299431
299456
299456
299457
299457
299457
299457
299457
299457
299457
299458
299458
299458
299458
299458
299459
299460
299460
299460
299460
299460
299460
299461
299461
299461
299462
299463
299463
299463
299463
299463
299488
299488
299488
299488
299488
299489
299489
299490
299491
299491
299491
299492
299492
299492
299492
299493
299493
299493
299493
299493
299494
299494
299494
299494
299494
299495
299495
299495
299495
299495
299495
299520
299520
299521
299521
299521
299522
299522
299523
299523
299523
299524
299524
299524
299524
299525
299526
299526
299527
299527
299527
299527
299527
299552
299552
299552
299552
299552
299552
299553
299553
299553
299553
299553
299554
299554
299555
299555
299555
299555
299556
299556
299556
299556
299556
299557
299558
299558
299558
299558
299558
299559
299559
299559
299559
299584
299584
299584
299584
299584
299584
299584
299585
299586
299586
299586
299586
299587
299587
299587
299588
299588
299588
299588
299588
299588
299589
299589
299590
299590
299590
299590
299590
299590
299590
299591
299616
299616
299616
299616
299616
299617
299617
299617
299617
299617
299617
299617
299618
299618
299618
299618
299618
299618
299619
299619
299619
299619
299619
299619
299620
299620
299620
299620
299621
299622
299622
299622
299623
299623
299648
299648
299648
299648
299648
299649
299649
299649
299649
299650
299650
299650
299651
299651
299651
299651
299651
299652
299652
299652
299652
299652
299652
299653
299654
299655
299655
299655
299655
299655
299655
299655
299680
299680
299681
299681
299682
299683
299683
299683
299683
299683
299683
299684
299684
299684
299684
299684
299685
299686
299686
299686
299686
299686
299686
299686
299687
299687
299687
299687
299712
299712
299712
299712
299713
299713
299713
299713
299713
299713
299714
299714
299714
299714
299714
299715
299715
299715
299715
299715
299715
299715
299716
299716
299716
299716
299716
299716
299716
299717
299717
299717
299717
299717
299717
299718
299718
299718
299718
299718
299718
299719
299719
299719
299744
299745
299745
299745
299746
299746
299746
299747
299747
299747
299747
299747
299747
299748
299748
299748
299748
299749
299750
299750
299751
299751
299751
299751
299776
299776
299776
299776
299776
299777
299777
299778
299778
299778
299779
299779
299780
299780
299780
299780
299780
299780
299780
299781
299781
299782
299782
299782
299782
299783
299783
299783
299783
299783
299783
299808
299808
299808
299808
299808
299808
299809
299809
299809
299809
299809
299809
299809
299810
299810
299810
299811
299812
299812
299812
299813
299813
299813
299813
299813
299813
299814
299814
299814
299814
299814
299814
299814
299815
299815
299815
299815
299815
299815
299815
299840
299840
299840
299840
299840
299840
299841
299841
299841
299842
299842
299843
299843
299844
299844
299844
299844
299844
299844
299844
299845
299845
299845
299845
299845
299845
299846
299846
299847
299847
299847
299872
299872
299873
299873
299873
299873
299873
299873
299874
299874
299874
299874
299874
299875
299875
299875
299875
299875
299875
299875
299876
299876
299877
299877
299877
299877
299877
299878
299878
299878
299879
299879
299879
299879
299879
299879
299904
299904
299904
299905
299905
299905
299905
299906
299907
299907
299908
299908
299908
299909
299909
299910
299910
299910
299911
299911
299911
299911
299911
299911
299936
299936
299936
299936
299936
299937
299937
299938
299938
299938
299938
299938
299938
299939
299939
299939
299939
299939
299939
299939
299940
299940
299940
299940
299941
299941
299941
299941
299941
299941
299942
299942
299942
299942
299943
299968
299968
299968
299968
299969
299970
299970
299970
299970
299970
299970
299970
299971
299971
299971
299971
299971
299972
299972
299973
299973
299973
299973
299973
299973
299973
299974
299974
299975
300000
300000
300000
300000
300000
300000
299879
