21
21
17
48
47
39
9
3
32
8
20
32
25
14
9
30
30
34
22
45
2
31
40
13
15
12
10
10
26
30
16
36
33
6
32
49
30
41
45
7
40
6
32
29
25
19
32
7
30
1
21
7
21
13
31
49
40
22
22
24
19
4
29
31
11
9
34
49
9
4
25
13
48
10
26
27
24
15
23
9
1
11
40
28
30
21
22
35
1
7
32
32
45
14
37
40
29
42
18
33
26
32
14
14
40
45
48
25
31
31
2
30
7
9
15
48
21
6
5
46
35
10
20
20
27
2
50
34
11
10
29
37
38
42
14
26
35
31
14
6
24
19
38
1
25
16
27
24
13
49
46
42
35
4
18
3
12
40
29
41
48
40
47
10
47
8
33
3
33
50
27
20
4
43
2
47
25
48
40
29
29
1
39
49
17
37
32
43
38
17
47
44
19
50
48
35
4
28
14
17
7
32
21
47
39
39
21
43
22
9
30
19
1
9
7
4
42
10
11
37
31
22
17
23
13
20
29
49
17
42
27
26
4
45
30
20
4
3
30
46
49
38
25
34
50
6
12
6
35
33
14
49
45
15
8
7
10
27
37
4
12
39
39
9
38
40
7
8
17
14
1
36
45
45
44
18
21
36
8
9
3
26
23
5
34
18
23
24
28
30
35
19
4
38
11
47
6
16
6
43
42
49
4
2
36
24
29
16
37
3
50
1
25
3
7
4
14
40
22
9
49
44
20
44
49
31
49
48
30
34
41
9
12
29
23
37
50
36
15
30
9
20
4
28
2
12
15
45
5
46
35
24
5
7
24
38
26
7
2
31
5
26
50
22
32
4
41
47
34
29
44
35
4
27
26
13
40
25
1
2
37
44
21
41
46
1
32
24
50
20
28
43
31
26
17
1
37
27
24
10
35
41
28
44
24
50
5
5
16
19
9
13
4
23
11
21
30
3
48
47
35
34
50
24
4
42
32
48
29
24
45
4
44
21
49
15
22
29
27
33
33
49
24
39
15
18
49
25
45
40
1
12
47
40
42
11
20
18
19
16
2
32
12
30
17
48
9
30
32
15
29
29
48
12
23
40
26
8
39
5
28
23
32
47
41
16
49
15
29
42
31
39
41
37
42
40
19
3
8
49
33
12
3
43
19
17
32
39
20
41
47
25
42
15
22
20
28
46
6
7
33
21
41
36
2
1
38
33
20
6
37
23
29
11
30
24
5
35
8
25
11
23
11
15
27
29
24
38
31
18
30
24
30
38
41
9
5
16
30
26
35
36
16
45
40
16
41
34
23
3
24
22
23
18
28
41
21
44
21
19
5
27
4
13
48
16
43
40
27
21
15
8
46
21
5
35
3
5
27
8
22
12
36
20
7
27
6
38
18
8
44
26
34
38
39
8
21
18
40
8
36
38
35
43
10
7
49
12
28
4
43
28
34
9
44
9
41
10
3
28
36
45
12
17
47
10
15
10
42
37
32
43
13
25
48
39
30
1
40
11
48
3
10
35
48
24
18
6
37
17
31
19
10
49
14
48
4
29
49
16
7
47
12
25
22
47
19
25
17
4
37
46
45
19
1
29
29
25
49
32
27
25
23
4
2
24
21
5
6
45
30
21
17
3
8
28
37
42
47
38
33
23
23
11
30
45
20
40
11
9
45
36
43
47
29
32
33
44
12
40
47
1
14
35
41
41
8
11
12
47
35
25
14
43
43
8
40
42
10
21
16
5
5
21
4
1
2
26
42
11
34
29
45
27
37
4
33
8
5
38
19
44
31
19
20
8
42
12
42
43
36
4
46
35
1
11
22
25
26
31
49
17
8
3
34
1
17
47
13
12
33
42
33
7
14
18
10
23
12
41
50
25
23
39
49
46
8
25
28
32
26
40
40
49
16
21
4
31
8
20
19
49
40
46
33
3
45
28
4
37
43
9
31
20
38
41
21
18
4
16
47
23
12
3
46
19
19
37
22
48
28
41
44
19
21
41
30
32
13
23
28
35
23
40
11
42
20
45
4
3
47
15
9
43
18
27
3
30
5
13
11
6
21
45
29
28
7
34
8
38
45
1
38
38
1
25
46
22
47
35
44
16
29
1
30
28
12
13
17
15
49
47
46
48
21
26
37
11
44
38
5
50
49
13
33
9
46
35
1
28
16
3
43
27
17
36
14
3
40
14
31
20
23
24
4
12
19
28
46
27
39
23
19
34
14
27
30
9
22
6
5
34
33
50
30
4
10
8
31
22
26
6
11
21
20
39
25
29
36
35
