500
140
359
488
208
128
368
335
142
451
200
410
112
293
418
115
34
210
29
354
175
236
1
350
286
201
182
30
93
495
246
99
363
498
348
258
301
437
52
263
207
126
62
48
440
87
266
121
361
43
41
388
147
175
402
440
499
114
75
212
242
396
3
55
67
223
358
326
237
93
492
351
154
295
256
394
256
410
121
274
13
323
207
176
330
353
469
458
247
171
257
313
428
99
54
5
482
412
414
74
68
362
17
340
2
191
417
43
74
251
396
320
440
104
433
14
12
90
122
316
471
116
55
472
127
383
176
385
473
108
355
432
269
70
150
268
53
354
25
481
174
429
169
426
216
237
121
324
462
339
311
151
467
239
165
256
311
281
150
169
237
485
84
1
41
18
20
151
431
92
139
77
405
453
155
189
69
219
111
162
30
290
209
30
372
9
420
494
74
391
321
102
322
168
330
341
94
142
181
497
290
160
272
5
203
258
486
208
314
285
92
222
211
459
121
333
126
377
416
72
333
157
55
137
441
33
186
163
229
393
23
153
440
339
58
448
153
448
218
456
249
421
331
463
308
369
489
307
261
200
192
193
228
4
476
193
271
61
142
195
201
109
55
232
478
254
327
306
468
218
172
13
405
356
211
292
355
449
211
216
35
45
482
15
491
135
445
158
101
30
253
402
358
48
183
300
116
453
265
417
485
212
498
182
144
341
408
256
440
94
312
195
406
474
149
94
217
215
297
220
473
221
326
431
449
50
394
261
101
60
201
68
324
100
85
335
420
336
345
403
198
351
201
442
156
269
11
233
353
192
134
303
429
297
497
47
259
38
318
290
58
94
228
293
328
2
80
71
238
121
474
235
276
276
31
259
342
224
64
476
303
144
298
500
58
4
399
342
356
127
471
443
351
478
331
494
392
124
344
32
434
160
143
104
422
95
224
430
151
77
370
303
385
48
453
267
200
236
104
262
375
363
281
369
64
168
65
210
153
476
382
441
317
40
440
119
249
261
433
240
13
459
495
149
368
77
155
428
250
329
428
184
323
88
230
172
259
70
119
158
448
69
67
465
218
46
68
355
162
387
421
431
295
168
385
255
294
196
174
237
200
483
376
176
410
424
446
76
93
294
178
251
454
471
134
168
13
271
42
209
387
260
31
228
368
22
416
22
112
326
191
249
351
113
180
413
95
384
253
252
261
370
34
309
320
360
378
166
223
69
69
91
436
240
316
182
394
333
349
235
52
412
195
51
428
20
267
24
129
171
35
401
287
405
108
450
467
143
57
464
47
261
227
461
470
259
357
317
196
420
141
480
235
112
139
174
248
338
35
23
429
139
436
257
471
349
187
270
269
273
118
5
97
120
311
33
238
192
445
275
474
69
203
119
21
327
282
158
490
498
215
71
140
410
95
120
176
316
349
214
30
48
259
483
153
265
224
106
65
31
202
27
48
202
491
204
66
202
54
91
245
144
401
170
294
37
487
164
19
14
280
316
178
187
499
431
138
434
448
441
25
331
331
325
470
103
356
223
283
212
142
348
52
37
357
56
453
283
428
107
84
478
278
263
273
139
462
414
458
485
102
285
175
202
377
25
401
473
46
346
400
361
225
367
34
448
366
488
395
266
449
72
206
126
426
480
297
435
360
345
237
367
500
422
451
88
442
293
104
192
166
469
314
406
34
445
89
168
14
37
223
122
456
440
391
346
140
70
238
26
346
9
214
500
387
439
110
262
105
302
131
74
432
34
17
398
488
96
146
305
369
451
204
108
359
263
494
334
240
198
358
438
193
227
106
27
2
173
114
192
119
92
394
163
211
149
364
384
439
23
175
379
386
154
439
121
117
470
91
2
302
481
137
108
365
285
368
167
164
473
333
95
463
42
461
493
433
18
485
87
25
286
427
144
210
13
361
74
393
142
17
425
214
209
107
172
348
292
295
238
397
15
262
385
417
115
237
348
498
266
460
257
177
22
322
413
68
376
171
162
75
408
366
19
330
295
187
200
274
440
13
383
379
433
34
465
117
463
386
404
453
212
40
236
34
431
14
200
418
270
118
221
487
462
15
194
50
476
491
139
399
77
4
47
375
409
31
257
240
232
414
185
50
408
395
43
268
358
2
435
456
470
32
481
323
259
254
130
234
398
259
2
293
106
400
224
498
230
68
198
46
38
60
308
435
207
281
481
115
221
346
411
134
238
339
365
358
208
215
252
425
45
207
217
290
361
115
252
377
81
301
49
490
255
168
92
438
97
97
125
174
227
500
393
423
409
359
335
5
361
