15
42
42
36
26
30
47
4
38
30
25
45
4
19
10
16
17
10
44
41
49
23
5
46
13
21
45
15
45
45
40
50
38
24
46
23
22
7
14
12
22
29
6
9
34
32
17
47
20
10
21
13
9
31
44
4
3
44
5
36
48
3
47
21
46
29
34
11
40
29
6
37
25
21
10
48
34
31
35
33
24
47
43
13
30
9
33
43
4
50
12
11
28
8
50
29
8
37
45
38
14
13
4
10
47
8
24
50
17
37
29
5
30
30
45
44
23
2
21
26
29
39
36
6
17
35
17
45
27
4
4
24
6
49
8
32
17
1
26
27
34
41
44
42
38
32
43
38
15
29
46
46
34
32
14
37
1
40
47
43
16
30
40
32
6
22
49
35
40
9
13
5
45
5
20
36
38
5
7
3
37
22
47
36
16
30
32
9
31
41
14
34
26
18
46
13
11
31
10
2
15
15
24
42
3
25
2
13
29
45
32
25
31
43
21
42
11
17
20
2
37
44
21
48
31
23
24
3
14
6
32
22
11
4
39
49
32
11
6
29
50
19
5
14
23
47
7
46
45
49
6
34
48
40
49
7
4
7
2
9
3
46
44
47
17
23
27
32
50
20
18
15
31
9
39
20
37
46
28
27
32
32
45
17
22
45
18
32
39
38
18
48
37
7
7
43
9
35
7
25
28
37
18
13
14
35
20
33
11
38
29
43
35
43
10
37
28
23
47
44
14
31
42
31
9
22
41
43
38
4
2
38
9
24
37
37
22
34
15
17
27
26
33
4
32
17
29
7
28
12
42
35
17
29
17
47
17
22
43
1
42
32
18
16
37
34
27
30
7
14
19
21
34
15
15
24
31
22
6
34
36
35
29
17
24
22
11
9
27
23
35
11
46
48
45
47
3
36
29
38
19
6
6
39
1
37
40
15
30
2
32
31
22
15
12
50
41
50
48
10
22
22
46
37
3
26
27
43
17
37
41
41
23
12
39
25
5
23
2
20
10
34
18
44
21
19
16
30
4
19
21
43
19
29
38
41
13
30
30
48
32
38
37
41
14
5
14
42
41
36
28
40
38
22
48
39
27
13
32
37
28
41
34
42
32
39
40
20
17
25
14
3
21
8
10
8
47
11
24
47
6
25
29
7
18
39
2
34
28
13
5
7
33
1
15
12
43
25
42
32
45
31
28
33
6
20
23
20
34
30
19
35
17
6
4
24
48
48
37
2
6
7
20
6
42
35
20
25
26
47
31
22
22
5
13
22
45
35
41
5
10
40
48
17
25
2
5
8
47
41
35
35
9
46
11
25
39
4
2
41
10
29
48
22
24
26
40
28
15
44
46
33
29
38
10
6
6
30
34
44
34
4
47
15
36
13
47
50
50
28
27
15
37
30
30
44
17
11
46
33
39
40
39
43
23
20
32
34
15
36
12
9
21
9
47
17
41
17
24
17
16
50
47
22
37
11
42
6
15
47
10
4
48
4
45
36
48
16
16
4
30
30
28
11
10
9
39
28
35
41
46
22
38
32
46
14
39
48
39
2
10
2
21
8
21
39
7
33
23
36
37
45
15
2
13
36
16
1
25
26
37
4
50
46
26
16
5
32
23
40
21
22
46
33
46
34
41
18
9
11
50
49
22
26
36
9
24
41
9
21
36
9
20
2
45
2
38
31
16
8
16
1
31
34
15
11
46
35
11
8
21
27
19
6
40
47
48
5
29
40
32
13
29
14
50
46
47
47
16
22
36
4
5
4
49
24
46
28
18
39
48
28
11
30
34
42
18
26
47
31
48
34
25
15
33
19
32
3
6
1
46
2
50
6
34
19
45
20
50
25
40
40
30
32
25
15
2
33
6
19
13
18
43
1
7
7
18
22
40
10
38
34
47
22
15
39
21
2
35
40
37
50
31
7
47
48
10
47
17
28
7
24
36
35
26
39
28
5
28
7
13
48
43
10
32
49
42
44
29
41
50
30
33
7
27
10
7
48
4
36
24
17
45
47
15
37
32
19
39
10
3
3
20
36
50
36
2
10
33
37
49
35
4
8
8
8
49
23
49
21
20
30
12
35
31
36
49
25
9
42
25
18
33
9
26
12
9
31
24
37
40
38
16
39
15
32
39
3
4
4
42
3
26
46
27
24
13
16
14
22
30
50
4
40
24
15
37
2
18
22
36
2
28
5
14
10
6
20
22
46
1
45
2
49
35
1
34
3
25
13
39
7
20
19
40
29
35
26
22
50
11
15
7
13
19
43
49
48
35
32
