46901.50
60964.68
82598.88
31172.94
3543.81
87629.54
49403.58
85529.76
36482.28
8554.00
58931.95
46459.70
62081.36
44975.04
3001.18
80965.44
1990.18
41708.48
26249.58
18163.80
3009.20
53565.82
17632.38
26225.29
51496.38
16269.85
26668.16
42120.90
60209.24
35378.10
60737.50
2952.24
64602.47
6972.45
33711.00
48887.62
18126.95
15451.29
39198.05
51674.35
27990.60
30363.00
38001.60
29081.78
69441.60
9310.20
44463.60
55919.15
49836.36
57273.84
44063.88
48561.45
11050.69
24114.35
37480.95
26679.12
22656.84
68313.24
15532.38
7133.77
67752.00
65133.25
37408.68
4165.44
24248.18
69765.93
9817.43
16998.12
40746.96
42138.46
27540.30
17014.34
6402.96
12493.65
13538.64
78947.04
5786.20
6514.88
40427.52
19116.44
9760.70
57316.18
32994.80
23979.34
73645.88
25932.30
18934.30
10671.60
2026.20
13064.00
28090.00
49080.36
32594.40
22409.66
83415.36
27004.25
7814.40
47025.92
67070.80
80400.64
75488.16
28956.60
31681.81
34245.12
1886.98
9170.00
34770.54
69651.34
71986.05
50894.46
71307.36
44975.32
78975.16
2825.02
25815.02
12701.91
58845.76
37990.02
8754.20
37923.90
73517.76
11463.43
21514.56
21742.80
78337.25
27660.60
49148.02
78803.04
51521.76
12597.53
45998.25
47175.04
29936.16
2030.20
14055.12
21719.88
15088.64
82661.40
84418.65
48561.30
70386.36
51790.52
3777.96
23501.99
34496.20
9124.55
39333.36
15262.11
36249.10
54266.08
34211.50
33740.70
39483.86
50345.64
18139.50
65157.60
55357.34
2250.44
2410.58
36431.22
66394.65
22279.40
1649.74
19569.24
47394.17
33828.63
27269.28
21923.25
34929.11
32131.36
26180.56
49745.70
25421.70
26662.75
64327.55
70225.63
52143.35
1835.92
74253.26
62204.01
34273.80
6276.75
18541.74
48856.92
37922.30
10168.74
20492.45
45899.00
57325.44
80052.28
68501.16
94749.00
21863.60
25696.55
55030.32
13090.42
5514.06
26503.75
45261.58
6962.45
5406.00
2841.12
1662.75
79869.15
17087.20
12493.56
30692.60
32857.65
43813.17
12564.53
24866.91
1140.23
63019.08
58141.60
24266.00
20306.44
38326.77
12506.65
84516.18
39388.43
21069.23
46050.14
9478.35
25002.56
22451.52
12493.20
35597.07
16327.20
7271.60
59527.65
52661.39
59931.36
5221.56
37890.25
7984.72
78803.52
19237.24
17608.50
12144.96
4805.07
46226.88
22327.68
44737.00
38541.23
73256.55
48294.68
12028.72
25164.09
51967.08
16475.68
66221.00
29567.98
59743.20
57986.25
62632.42
64782.90
42358.01
59561.37
41559.14
16657.81
38849.44
58482.56
63965.94
14551.28
21716.52
11958.98
25275.60
67372.00
27690.60
61733.16
34562.00
30515.94
42640.85
15559.29
16415.28
35494.40
43696.50
54342.40
8318.75
22500.66
24574.22
91496.00
34683.74
66766.56
41627.70
28091.88
33959.86
55835.64
53257.20
12487.16
59166.08
65433.03
7952.64
68428.68
16964.82
37688.04
33110.25
27381.90
28380.78
49235.91
26073.72
47890.56
13790.88
29551.04
43331.31
40160.38
10577.43
29031.87
65505.30
33861.96
3570.84
58952.40
38808.84
34056.45
57018.06
44002.86
69156.58
24705.91
11712.60
48759.41
8289.09
37736.64
34532.96
3007.18
63330.24
18139.00
69131.10
68336.22
1801.89
91677.04
25620.00
27238.44
1820.00
41541.36
51714.04
13000.77
21583.76
12018.87
86346.72
72105.60
45759.33
32300.58
40779.84
55510.00
33492.72
54341.81
42806.40
27253.65
45319.50
43255.52
44304.48
1673.76
44668.76
9960.90
4833.20
77739.70
70525.00
3030.33
10399.06
7933.40
92903.51
26651.29
32486.09
5770.12
43391.30
9810.70
71836.32
47229.84
57792.86
23348.82
6925.44
38407.89
19887.84
74362.40
25815.72
51447.76
79758.28
44997.25
9117.66
11328.36
21022.00
4300.68
65063.25
27329.64
54778.14
3300.57
71092.20
18396.89
44047.04
38419.23
39249.60
17672.85
54359.76
83944.32
53873.28
6812.25
19494.86
34571.20
7315.68
11126.97
4024.40
56980.40
36299.61
13142.28
21264.36
34405.44
44597.52
37200.80
5810.20
2985.18
22648.16
12323.30
10361.25
48429.48
6846.49
63501.62
5826.20
18261.46
43197.82
33670.00
42701.57
27698.90
44597.10
3792.16
45073.14
20073.78
1844.02
21694.68
25051.14
64855.08
8661.31
30393.00
13558.32
81715.95
22439.84
46712.82
22480.97
50813.40
65784.03
9775.53
26361.00
11842.53
26574.86
74328.30
25794.08
12013.98
70562.36
32668.20
33082.74
35185.70
59746.19
34476.40
1435.53
49200.80
37299.90
53264.52
25258.98
60420.36
26650.22
24786.60
46752.16
7892.40
41594.40
73385.08
24361.48
93598.00
26879.25
38519.48
57916.25
8991.81
31641.60
29347.92
40811.40
24843.91
17880.98
60651.69
35282.52
38427.48
47669.49
42500.64
32144.31
20562.40
46797.60
22433.94
2922.21
51930.78
72124.32
76728.96
14829.66
16227.10
46498.75
26442.75
27965.70
37637.60
16126.92
59095.45
20514.56
34937.25
40614.21
28083.51
80494.28
85327.24
31659.30
41193.25
32936.97
67193.95
14414.40
6871.38
31649.44
27929.80
80003.28
45120.60
24971.40
61724.13
74657.31
23257.30
48736.80
48435.20
58453.56
9256.94
34034.91
46464.60
48536.90
35059.44
33300.36
37575.56
11660.40
20974.50
55983.45
12478.32
14249.29
23749.96
30530.76
27966.24
31709.00
50326.92
67926.34
1465.55
50867.19
56968.68
85347.77
36562.64
14249.18
55892.20
6530.92
15388.20
37083.42
23585.27
32315.10
27834.52
57913.20
29768.48
43866.48
37323.52
27834.24
73626.91
75184.20
48352.50
92547.00
14271.29
51471.23
39569.05
9060.66
32254.02
47931.30
16289.40
1725.82
37334.02
23754.92
37692.48
43601.19
49642.20
24194.03
52085.40
79013.25
67567.28
53523.00
27947.52
61434.60
3131.30
55146.96
70914.80
80584.64
58843.78
52437.84
43532.58
43824.00
51468.72
24565.95
12389.52
47599.75
33515.20
21226.86
3796.08
14718.86
34597.29
53781.70
37455.60
37239.00
54178.08
21142.50
66805.65
64257.55
47840.49
31554.39
3261.44
61646.13
1730.82
13873.08
30744.78
48410.96
80134.50
24621.74
76552.52
15895.51
42412.46
53409.00
37039.50
75094.20
14477.82
57985.20
29815.48
44051.50
9315.84
6927.35
16415.28
23503.41
27689.10
17575.38
24106.00
12986.16
44795.85
5976.54
40342.50
22774.05
23199.60
71115.36
43083.63
10419.20
81960.01
21004.23
26411.84
20522.40
35137.70
26142.60
74875.12
1262.35
42075.90
9214.65
54559.00
93748.50
33418.15
17842.11
32847.10
13586.40
43294.24
49882.80
15361.65
19467.42
33480.72
38029.50
35705.07
76199.60
25347.60
31716.72
20097.84
8352.18
54107.96
44208.48
51066.60
38937.34
63860.16
52080.52
36118.81
29367.16
84238.20
1609.70
3267.44
31545.84
40507.29
22032.14
74658.32
20812.05
12343.30
36934.56
13910.64
18720.60
44894.52
26488.08
11772.48
39197.60
9676.20
61457.76
46834.74
31478.25
14062.80
76448.64
38873.04
8619.05
4216.56
26317.52
38281.60
13084.00
35348.10
5040.50
40013.40
25016.32
26629.00
7463.84
32384.83
34687.50
45031.49
30434.67
33295.00
28779.66
4773.12
53314.11
24038.22
34536.40
5440.90
64308.00
34897.50
64848.47
31638.39
18709.60
34173.06
20779.27
74041.49
12223.20
39941.79
14068.21
5279.55
32578.56
71223.18
41956.20
79654.66
71839.68
26951.69
34693.76
5678.97
62739.30
11246.90
33178.42
44621.88
38165.40
9635.22
20791.68
33360.50
11772.48
22750.00
8264.82
60614.05
85447.67
10160.78
7227.70
34786.95
5651.10
51490.80
44116.30
54530.52
73918.49
20020.00
39142.16
34382.66
20646.56
14375.20
31029.60
6807.16
1569.66
29672.40
43743.99
41652.24
38262.00
56863.63
72106.02
41848.24
16784.64
31689.84
42194.25
29506.75
26854.39
32220.32
4970.45
16517.49
41769.22
38346.42
9190.10
31927.02
37988.73
40650.96
26055.72
21163.00
18349.80
13829.67
40765.89
28291.20
19606.86
2592.76
12676.30
26468.40
38079.42
3312.60
44933.88
3345.52
26278.50
69892.26
25931.52
28757.82
12950.04
17904.92
50869.76
33412.48
19520.52
60274.35
1439.53
48898.50
31934.25
26218.62
18847.92
44296.80
51542.40
35058.08
26212.56
47969.30
37164.93
12793.70
62897.96
30274.79
34161.50
2752.94
30320.17
45268.30
59354.19
51877.52
7946.46
65472.03
14940.12
46623.75
61696.80
6811.20
5480.73
41848.52
2903.10
70684.98
85253.30
62351.94
39466.24
88220.64
30150.12
29951.90
69021.04
52571.70
65589.20
55701.77
72187.11
14730.10
3988.36
66722.30
37949.40
70825.00
47976.84
13401.41
59647.08
45772.44
8233.70
27965.52
6066.60
44897.59
52087.04
79418.25
37134.46
10973.79
50002.38
64118.04
17479.08
64339.86
1129.22
73528.91
67871.60
18868.52
8794.20
34673.29
12907.58
41447.56
53655.42
28542.36
71806.05
22959.45
26718.22
61419.40
68262.41
54827.52
69978.39
81772.01
48771.89
64766.47
16825.82
27772.16
59308.14
55512.48
32990.98
63206.83
23082.66
19826.42
47707.92
37426.30
38585.58
25778.00
22632.30
54805.08
47287.94
46159.01
80454.60
63664.51
65988.38
54582.48
16202.55
26732.16
39926.38
54577.42
76535.55
58213.00
19060.57
14275.20
73205.44
46487.29
6096.55
18463.56
71726.00
50214.56
74425.69
8204.76
19172.90
13217.04
1817.91
53827.38
66032.09
20337.36
34540.51
33741.53
54377.40
23281.08
3823.08
25620.36
53187.04
60315.00
52219.44
91295.52
33630.63
52086.33
28451.08
12193.10
53901.54
37149.90
18301.25
28079.92
47151.50
21147.23
22719.00
83747.89
39823.20
26708.60
10253.07
5936.40
5586.00
53336.80
43236.55
38056.04
24722.88
25590.88
8445.00
50273.32
48121.68
9140.00
4284.64
16683.81
37740.30
56700.96
39138.48
6797.42
25786.08
34645.24
20847.97
37885.60
38174.25
47397.09
38887.94
8634.10
75929.54
19256.40
73693.40
23411.52
56225.63
18199.32
37679.60
44682.59
64422.54
29388.96
50114.71
32243.31
