160388
160388
160389
160389
160389
160389
160390
160390
160390
160391
160391
160391
160416
160416
160416
160416
160416
160417
160417
160417
160418
160418
160418
160418
160418
160418
160418
160419
160419
160419
160419
160420
160420
160420
160420
160420
160420
160421
160421
160422
160422
160422
160422
160422
160423
160423
160448
160448
160448
160449
160449
160449
160449
160449
160449
160449
160450
160450
160450
160451
160451
160451
160451
160451
160452
160452
160452
160452
160452
160452
160453
160453
160453
160454
160454
160454
160454
160454
160454
160454
160455
160455
160480
160481
160481
160481
160481
160482
160482
160483
160483
160483
160483
160484
160485
160485
160485
160485
160485
160485
160486
160486
160486
160487
160487
160487
160487
160487
160512
160512
160512
160512
160512
160512
160513
160513
160513
160513
160513
160514
160514
160514
160514
160515
160515
160515
160515
160515
160515
160516
160516
160516
160516
160517
160517
160518
160518
160518
160518
160518
160518
160519
160519
160519
160544
160544
160545
160545
160545
160545
160545
160545
160546
160546
160546
160547
160547
160548
160548
160549
160549
160549
160549
160549
160549
160550
160550
160550
160550
160551
160551
160551
160551
160551
160551
160551
160576
160576
160576
160576
160576
160576
160576
160577
160577
160577
160578
160578
160578
160578
160578
160579
160579
160580
160580
160580
160580
160580
160580
160580
160581
160581
160581
160581
160581
160582
160582
160582
160583
160583
160583
160583
160583
160608
160608
160609
160609
160609
160609
160609
160609
160610
160611
160611
160611
160611
160611
160612
160612
160612
160612
160612
160613
160614
160614
160614
160615
160615
160615
160615
160615
160615
160640
160640
160640
160640
160640
160641
160641
160641
160641
160642
160643
160643
160643
160644
160645
160646
160646
160646
160646
160646
160646
160646
160647
160647
160647
160672
160672
160672
160672
160672
160673
160674
160674
160675
160675
160675
160675
160675
160675
160676
160676
160677
160677
160677
160677
160677
160678
160678
160678
160679
160704
160704
160704
160704
160704
160704
160704
160705
160705
160706
160706
160706
160706
160706
160706
160707
160707
160707
160707
160708
160708
160708
160709
160710
160711
160711
160711
160711
160711
160711
160711
160736
160736
160736
160736
160736
160736
160737
160737
160738
160738
160738
160738
160738
160739
160739
160740
160740
160740
160740
160740
160740
160740
160741
160741
160741
160742
160742
160742
160742
160742
160742
160743
160743
160743
160743
160768
160768
160769
160769
160769
160770
160770
160770
160771
160771
160771
160771
160772
160772
160772
160772
160772
160772
160772
160773
160773
160774
160774
160774
160774
160775
160775
160775
160775
160775
160775
160775
160800
160801
160801
160801
160801
160801
160801
160802
160802
160802
160802
160802
160802
160802
160803
160803
160803
160803
160803
160803
160803
160804
160804
160805
160806
160807
160807
160807
160832
160832
160833
160833
160833
160834
160834
160835
160835
160836
160837
160837
160837
160837
160837
160837
160837
160838
160838
160838
160838
160838
160839
160839
160839
160839
160839
160839
160864
160865
160866
160866
160866
160866
160866
160866
160866
160867
160868
160868
160868
160868
160868
160868
160868
160869
160869
160869
160869
160869
160870
160870
160870
160870
160870
160871
160871
160871
160871
160896
160896
160896
160896
160896
160896
160896
160897
160897
160897
160897
160897
160897
160897
160898
160898
160899
160899
160899
160899
160900
160901
160902
160902
160902
160902
160902
160903
160903
160928
160928
160928
160928
160929
160929
160929
160929
160929
160930
160930
160930
160930
160930
160930
160930
160931
160931
160931
160931
160932
160932
160933
160933
160933
160933
160934
160934
160934
160934
160934
160934
160935
160935
160935
160935
160960
160960
160961
160961
160961
160961
160962
160962
160962
160962
160962
160962
160962
160963
160963
160963
160963
160963
160964
160964
160964
160964
160964
160964
160964
160965
160965
160965
160966
160966
160966
160966
160966
160966
160967
160967
160967
160967
160992
160993
160993
160993
160993
160993
160993
160993
160994
160994
160994
160994
160994
160994
160995
160995
160995
160995
160995
160995
160995
160996
160996
160996
160997
160997
160997
160997
160998
160999
160999
160999
160999
160999
161024
161024
161025
161025
161025
161025
161025
161026
161026
161026
161026
161026
161026
161026
161027
161027
161027
161027
161027
161027
161028
161028
161028
161028
161028
161029
161029
161029
161029
161030
161030
161030
161030
161030
161030
161031
161031
161031
161031
161031
161056
161057
161057
161057
161057
161058
161058
161058
161058
161058
161058
161058
161059
161059
161059
161059
161059
161059
161060
161060
161060
161061
161061
161061
161061
161061
161061
161062
161062
161062
161062
161062
161062
161062
161063
161063
161063
161063
161063
161063
161088
161089
161089
161090
161090
161090
161091
161091
161092
161092
161092
161092
161092
161093
161093
161093
161093
161093
161093
161093
161094
161094
161094
161094
161095
161095
161095
161095
161095
161095
161095
161120
161121
161121
161121
161121
161121
161121
161122
161123
161123
161123
161123
161124
161124
161124
161124
161125
161125
161126
161126
161126
161126
161127
161152
161152
161152
161152
161152
161152
161153
161153
161153
161154
161154
161155
161155
161155
161156
161156
161156
161157
161157
161157
161157
161157
161158
161158
161158
161158
161159
161184
161184
161184
161184
161184
161185
161185
161185
161185
161185
161185
161186
161186
161186
161186
161186
161186
161186
161187
161188
161188
161188
161189
161189
161190
161190
161190
161190
161191
161191
161191
161191
161191
161216
161216
161216
161216
161216
161217
161217
161217
161217
161218
161219
161219
161219
161220
161220
161220
161220
161220
161220
161221
161221
161221
161221
161221
161221
161222
161222
161222
161222
161223
161223
161223
161223
161248
161248
161248
161248
161248
161248
161248
161249
161249
161250
161250
161250
161250
161250
161251
161251
161251
161251
161252
161252
161252
161252
161252
161253
161253
161253
161253
161253
161253
161253
161254
161254
161254
161254
161254
161255
161280
161281
161281
161281
161281
161281
161281
161281
161282
161282
161283
161283
161283
161283
161284
161284
161284
161284
161284
161284
161284
161285
161285
161285
161285
161285
161285
161286
161286
161286
161286
161286
161286
161287
161287
161287
161287
161287
161312
161313
161313
161314
161315
161316
161316
161316
161317
161317
161317
161317
161317
161317
161317
161318
161318
161318
161318
161318
161319
161319
161319
161319
161319
161344
161344
161345
161345
161345
161345
161345
161346
161346
161346
161346
161346
161347
161348
161348
161348
161348
161348
161348
161349
161349
161349
161349
161350
161350
161350
161350
161350
161350
161351
161351
161351
161376
161376
161376
161376
161376
161377
161377
161377
161377
161377
161377
161378
161378
161378
161378
161379
161379
161379
161380
161380
161380
161380
161380
161380
161380
161381
161381
161381
