45
23
2
28
6
12
7
49
34
21
47
9
31
14
30
37
45
13
16
6
11
20
27
33
31
46
26
21
29
7
7
7
36
43
17
10
38
37
8
14
40
44
16
5
18
20
25
43
39
3
11
18
4
19
41
9
7
10
17
22
13
49
10
38
34
33
40
17
39
24
6
14
19
6
15
40
3
24
39
17
31
7
6
22
27
38
3
6
30
30
5
37
21
17
46
19
45
37
19
34
20
26
35
29
43
8
6
10
30
6
22
21
34
6
41
7
18
22
4
8
48
43
49
25
29
23
28
30
37
40
36
14
38
28
2
16
31
2
34
36
1
33
43
2
30
42
41
41
2
12
39
46
46
18
35
46
40
50
25
3
24
14
26
38
49
37
16
49
11
5
31
49
7
43
14
13
43
26
6
41
42
41
48
32
24
43
28
37
22
30
9
40
12
9
24
11
28
38
30
10
26
42
19
50
34
38
18
10
2
5
33
32
26
50
18
2
4
40
47
36
49
11
17
26
16
16
13
5
11
18
31
19
42
22
28
7
13
22
27
2
38
8
39
15
4
41
39
39
16
3
16
11
13
30
50
50
1
2
13
23
26
12
9
36
39
30
29
39
12
23
8
39
34
14
37
44
44
28
41
28
36
41
42
37
24
41
22
43
13
36
4
16
2
28
27
9
16
20
23
23
29
24
45
45
14
21
48
13
19
17
15
47
16
32
12
25
17
37
1
15
32
6
35
49
6
40
50
36
12
24
41
28
17
47
5
32
1
33
47
6
6
24
8
21
2
23
49
4
29
39
25
49
13
48
30
3
23
21
38
7
43
5
16
49
16
24
36
33
20
1
33
30
23
11
44
10
29
14
36
31
33
23
42
50
39
2
42
17
17
37
18
32
45
46
49
8
13
4
24
11
29
11
47
36
48
48
23
31
29
4
26
24
32
9
36
15
27
50
7
23
41
49
5
48
27
14
39
6
3
14
2
31
47
23
50
16
14
29
18
12
26
4
49
44
41
1
38
40
22
22
48
46
1
21
24
40
46
38
10
31
30
15
43
13
10
12
47
13
34
33
32
25
26
43
45
36
37
26
2
15
3
47
40
2
42
48
13
6
41
31
17
13
8
31
26
13
24
3
44
36
47
49
11
19
48
15
48
47
29
13
49
16
36
1
20
15
11
48
11
39
25
6
38
25
26
10
25
41
29
44
10
22
1
18
40
41
28
16
17
50
9
11
19
28
38
45
21
41
49
22
4
37
13
18
5
27
6
4
4
11
50
9
46
39
45
14
16
38
3
48
21
33
25
29
37
24
5
37
43
41
13
30
24
9
21
15
22
15
9
46
47
4
43
5
29
27
4
35
50
48
24
15
14
6
29
30
50
37
7
24
29
11
46
8
12
24
13
14
47
9
37
24
37
42
30
8
46
31
10
34
35
29
38
9
21
17
38
21
4
40
19
9
26
39
5
19
42
49
49
31
37
33
16
8
2
32
22
43
41
42
32
25
7
50
5
3
49
35
24
37
39
31
11
27
10
33
44
29
47
39
17
45
48
27
24
5
34
44
6
41
35
49
26
39
6
19
28
5
25
35
13
16
23
14
40
29
30
6
19
42
48
5
50
4
36
27
49
43
45
38
11
42
43
19
42
37
39
50
18
1
12
29
24
50
46
12
33
48
39
41
50
3
37
30
47
15
32
22
19
40
28
8
48
44
35
10
10
37
41
31
20
33
5
24
31
7
15
29
50
18
45
10
41
45
14
34
15
16
32
16
37
2
38
17
10
6
21
39
25
39
36
27
38
33
15
20
5
24
11
16
22
2
20
25
6
33
37
5
39
32
5
36
6
2
32
24
15
20
36
27
46
42
8
3
27
1
22
9
14
27
43
21
23
49
9
26
13
42
18
35
4
48
3
14
34
20
21
17
12
32
30
11
8
37
5
40
47
41
28
6
26
11
22
16
30
12
37
40
41
38
18
13
39
33
2
27
40
37
17
18
37
49
45
41
40
26
23
42
29
43
9
49
39
3
29
46
50
11
49
7
20
36
33
18
5
10
21
4
46
27
14
37
43
22
9
12
50
34
33
40
47
32
10
4
35
10
41
16
27
48
24
12
36
14
30
15
27
27
36
40
39
42
7
22
2
45
10
45
38
12
1
48
32
18
27
39
4
31
15
45
27
41
24
2
36
5
18
12
10
11
8
7
18
25
12
10
4
10
45
4
26
11
49
46
22
13
47
10
49
28
43
49
41
18
26
7
39
30
50
3
