18020
18020
18020
18020
18020
18021
18021
18022
18023
18023
18023
18023
18048
18048
18048
18048
18049
18049
18049
18049
18049
18050
18050
18050
18050
18050
18050
18051
18051
18051
18051
18051
18052
18052
18052
18052
18052
18053
18053
18053
18053
18054
18055
18055
18055
18055
18055
18055
18080
18080
18080
18080
18080
18081
18081
18081
18082
18083
18083
18084
18084
18084
18084
18084
18084
18085
18085
18085
18085
18086
18086
18086
18086
18086
18086
18086
18087
18087
18087
18087
18087
18112
18112
18112
18112
18113
18113
18113
18113
18113
18114
18114
18114
18115
18115
18116
18116
18116
18116
18116
18117
18117
18117
18118
18118
18118
18118
18118
18118
18119
18119
18119
18119
18144
18144
18144
18144
18144
18145
18145
18145
18145
18146
18146
18147
18147
18147
18147
18147
18148
18149
18149
18149
18149
18149
18149
18149
18150
18150
18150
18150
18150
18150
18151
18151
18151
18151
18151
18151
18176
18176
18177
18177
18177
18177
18177
18178
18178
18178
18178
18179
18179
18179
18179
18179
18179
18180
18180
18181
18181
18181
18181
18182
18182
18182
18182
18182
18182
18182
18183
18183
18208
18208
18208
18208
18208
18208
18209
18209
18209
18209
18209
18210
18210
18210
18210
18210
18210
18210
18211
18211
18211
18211
18211
18211
18211
18212
18212
18212
18212
18212
18212
18212
18213
18213
18213
18213
18214
18215
18215
18215
18240
18240
18240
18241
18241
18241
18241
18241
18242
18242
18242
18243
18243
18244
18244
18244
18244
18244
18244
18245
18245
18246
18246
18247
18272
18272
18272
18272
18273
18273
18273
18273
18273
18273
18274
18275
18275
18275
18275
18275
18275
18276
18276
18276
18276
18277
18277
18277
18277
18278
18279
18279
18279
18279
18279
18279
18304
18304
18304
18304
18304
18304
18304
18305
18305
18305
18305
18305
18305
18306
18306
18307
18307
18307
18307
18307
18308
18308
18308
18308
18308
18308
18308
18309
18309
18310
18311
18311
18311
18311
18336
18336
18336
18336
18336
18336
18337
18337
18337
18337
18338
18338
18338
18338
18338
18338
18339
18339
18340
18340
18340
18340
18340
18341
18342
18342
18342
18342
18342
18342
18342
18343
18368
18368
18368
18368
18369
18369
18370
18370
18370
18370
18371
18372
18372
18372
18373
18374
18374
18374
18374
18374
18375
18375
18375
18375
18375
18400
18400
18401
18401
18402
18402
18402
18402
18402
18403
18403
18403
18404
18404
18405
18405
18405
18405
18405
18406
18406
18407
18407
18432
18432
18432
18432
18432
18432
18433
18433
18433
18433
18434
18434
18434
18435
18435
18435
18435
18436
18436
18436
18437
18438
18438
18438
18438
18438
18438
18439
18439
18439
18439
18439
18439
18464
18464
18464
18464
18464
18464
18464
18465
18465
18465
18465
18465
18465
18465
18466
18466
18466
18466
18466
18466
18467
18468
18468
18468
18468
18468
18469
18469
18469
18469
18469
18470
18470
18470
18470
18471
18471
18471
18471
18471
18471
18496
18496
18496
18496
18497
18497
18498
18498
18498
18498
18498
18498
18498
18499
18499
18500
18500
18500
18500
18500
18501
18502
18502
18502
18503
18503
18503
18503
18503
18503
18528
18528
18528
18528
18528
18528
18529
18530
18530
18530
18531
18532
18532
18532
18532
18532
18533
18533
18533
18534
18535
18535
18560
18560
18561
18561
18561
18561
18561
18561
18561
18562
18562
18562
18562
18562
18562
18562
18563
18563
18563
18563
18564
18564
18564
18564
18565
18565
18566
18566
18566
18567
18567
18567
18567
18567
18567
18592
18592
18592
18592
18592
18592
18593
18593
18593
18593
18593
18593
18594
18594
18594
18595
18595
18595
18595
18595
18595
18595
18596
18596
18596
18596
18596
18596
18597
18597
18597
18597
18597
18597
18598
18598
18598
18598
18598
18599
18599
18599
18599
18599
18599
18624
18624
18624
18624
18624
18625
18625
18625
18625
18625
18625
18625
18626
18626
18626
18626
18627
18627
18627
18628
18629
18629
18629
18629
18629
18630
18630
18630
18631
18656
18656
18657
18657
18657
18657
18657
18657
18658
18658
18658
18658
18658
18658
18658
18659
18659
18659
18660
18660
18660
18660
18660
18660
18661
18661
18661
18662
18663
18663
18663
18663
18663
18663
18663
18688
18688
18688
18688
18688
18688
18688
18689
18689
18689
18689
18689
18689
18690
18690
18690
18690
18690
18690
18690
18691
18691
18691
18691
18691
18692
18692
18692
18692
18693
18693
18693
18693
18693
18694
18694
18694
18695
18720
18720
18720
18720
18720
18720
18720
18721
18722
18722
18722
18723
18723
18723
18723
18723
18723
18723
18724
18724
18724
18725
18725
18725
18726
18726
18726
18726
18726
18727
18727
18727
18752
18753
18753
18753
18753
18753
18753
18754
18754
18754
18754
18754
18754
18754
18755
18755
18755
18756
18757
18757
18757
18757
18757
18757
18758
18758
18758
18759
18784
18785
18785
18786
18786
18786
18786
18786
18786
18787
18787
18787
18787
18788
18788
18788
18788
18789
18789
18789
18789
18789
18789
18790
18790
18790
18790
18791
18816
18816
18816
18816
18816
18816
18816
18817
18817
18817
18817
18817
18818
18818
18818
18818
18818
18818
18819
18819
18819
18819
18819
18819
18820
18820
18820
18820
18820
18820
18821
18821
18821
18821
18821
18821
18822
18822
18822
18822
18822
18823
18823
18848
18848
18848
18848
18849
18849
18849
18849
18850
18850
18850
18850
18850
18850
18851
18851
18851
18851
18852
18852
18852
18852
18852
18853
18853
18853
18853
18854
18854
18854
18854
18855
18855
18855
18855
18855
18880
18880
18880
18881
18881
18881
18881
18882
18882
18882
18882
18882
18882
18882
18883
18883
18884
18884
18884
18884
18884
18884
18884
18885
18885
18885
18885
18885
18885
18885
18886
18886
18886
18886
18886
18887
18887
18887
18887
18912
18912
18912
18912
18912
18913
18913
18913
18913
18913
18913
18914
18915
18916
18916
18916
18917
18917
18918
18918
18918
18918
18918
18919
18919
18919
18944
18944
18944
18944
18944
18944
18944
18945
18945
18945
18945
18946
18946
18947
18947
18947
18948
18948
18948
18948
18948
18949
18949
18949
18949
18949
18949
18950
18951
18951
18951
18951
18951
18976
18976
18977
18977
18977
18978
18978
18978
18978
18978
18979
18979
18979
18979
18979
18979
18979
18980
18980
18980
18980
18980
18980
18980
18981
18981
18981
18981
18982
18982
18983
19008
19009
19010
19010
19010
