407
5382
2056
1631
4777
3758
5788
8220
5818
2086
7763
6504
7413
8227
3058
565
1268
9961
3874
2400
44
4174
7068
7347
6256
3164
7577
1710
846
3585
9210
623
1294
9651
4730
5812
9903
7392
2542
2055
3227
9360
7483
7666
2194
2939
9934
7453
5633
566
8604
2953
6095
8325
1978
4783
3818
2404
701
1620
3290
1595
6451
5337
2289
9209
6903
7576
8086
7756
2571
6765
3656
257
5012
583
6677
2475
1170
6195
2722
1288
4694
195
5842
1109
2747
81
8848
3944
6526
212
2096
2757
4775
3617
7852
2786
8663
1684
7209
634
2331
7299
1112
2413
480
7539
46
3864
150
14
4988
6559
4908
3656
3708
5924
7090
5535
2307
6234
8490
8103
4510
5962
8775
6450
5
7246
9554
8746
3776
9715
425
8026
1815
1891
8854
6751
8120
523
7009
7942
8610
5150
5860
3768
6984
9193
9477
6149
5639
372
2758
8458
1877
6675
1434
9401
465
9516
3048
8927
9222
8578
218
408
1908
9156
7440
7636
803
3588
1356
9583
8304
9561
2200
3773
6701
5017
4653
3704
4941
4238
5027
3090
7322
8815
1885
6577
5642
7
5040
6056
7295
5992
1742
7112
3379
9366
1360
1290
893
5592
9587
8477
1269
3457
5196
6352
2349
7705
1872
7439
5067
751
550
2135
9152
4375
9349
9822
4597
3232
3544
2386
8758
7751
5156
7883
1472
2450
421
6828
3165
2495
927
9963
7441
7527
6216
2070
9353
3083
2194
522
4399
8426
531
720
9766
3637
8779
4711
6795
2243
9742
3228
8933
2497
1500
4709
955
5607
6130
4525
8110
6021
7116
7182
1467
3453
8764
5884
1053
7016
312
1814
922
9088
1802
9575
4421
1135
2488
8630
1332
6691
2353
2269
4657
9080
6465
5004
3050
1100
7077
6692
5052
1538
7184
8729
1217
3072
8187
2473
9833
3286
6910
1852
7369
5528
3741
43
2545
7478
827
1886
6163
4519
9088
3254
6633
7400
1171
3528
1588
1790
6419
4464
5751
3030
9249
7044
6494
368
4884
2061
8648
326
1595
7799
9445
7835
8011
4465
2432
6246
6539
7078
3999
2947
222
1513
6643
523
1720
3913
3562
9612
1319
6937
4447
8466
1288
4477
6463
9186
3697
7934
5637
5886
3918
5757
6816
2903
118
9278
1946
9562
5847
4163
3815
7815
9900
621
2942
4283
7997
4765
7766
1669
6184
3668
8067
9126
8551
3210
2223
5389
3451
6984
8601
2372
3051
8802
8166
1983
4831
6124
1973
3227
8628
1840
65
7949
798
8400
7747
174
4500
9976
3677
2400
3840
4356
2261
3943
4438
746
1004
1787
9998
4643
3135
4169
4503
8833
5711
6635
4070
7500
8189
7965
2827
4117
8205
5358
805
3933
8679
4324
78
7380
5128
2111
1377
3417
4543
8832
4406
9428
5450
2300
4598
3749
446
9687
2720
7312
8299
8902
3400
8825
7784
3964
9579
2559
8432
7862
9041
635
1148
8585
3234
4595
5706
7318
632
4674
8336
2797
7311
5626
5769
8224
7847
3765
3977
2939
192
5569
5496
6848
1786
9228
136
4006
5568
214
3009
1273
308
5268
5364
7785
317
2526
9656
9537
1253
8474
2431
501
1411
916
3762
6545
9613
8085
7818
5874
1878
2003
1901
1093
7264
9384
6703
6087
45
1982
6836
8013
9565
5959
1714
1838
4591
2309
8619
5280
5146
5280
4705
9292
5540
2405
319
5507
640
1225
8568
9172
7714
6568
4999
1641
876
905
5485
6308
7043
4758
1758
6722
5591
8655
8032
4175
7317
1690
7934
4528
7505
5092
1726
6320
3903
7660
7998
6100
2851
7713
7597
2436
6
1222
7629
5745
6968
8875
7058
8704
1797
5469
4405
9623
4292
8608
3082
4344
6235
5252
7417
8573
7157
2005
1307
392
333
5055
3142
7595
4567
7218
4724
8571
7292
491
8868
4891
7017
3716
9484
2224
5459
1807
1190
4190
6983
7786
7012
8412
4694
7518
9618
4052
6677
8383
7953
5508
2087
9265
3645
7887
6275
2521
8425
8311
4801
3468
3378
2868
3126
729
7767
3671
3127
8887
127
1547
851
5855
2149
3980
4140
5696
6955
8992
3170
3836
4428
23
4218
5564
4129
8351
8997
3890
1207
1749
7728
575
8051
8609
4080
1545
6427
6904
72
4735
6675
1930
9659
2823
6201
4257
8030
5944
8525
9161
2275
435
9536
5573
107
5742
7284
1674
692
6651
3044
6489
9928
4236
1653
3320
3347
9998
553
8772
7966
7824
551
1379
5533
8050
466
7057
5846
6787
6819
6262
5614
8442
5716
5552
4137
9117
7748
5500
6664
4356
9845
7435
5215
1813
7228
1228
8707
3808
4304
3133
2093
1570
4043
9314
7015
7973
8083
4374
1799
1024
4490
1832
6810
8915
9065
9644
1867
1861
5300
2458
683
5172
5509
7460
2366
612
5672
5608
3069
5484
6966
5869
9321
2159
6413
203
6168
497
613
3523
5163
9208
6863
2096
2085
4696
7929
7392
6548
7487
9147
2552
5668
1791
2677
1804
3149
708
6019
5898
5306
290
6047
825
9972
2908
6332
9017
7603
8040
2440
143
9959
6934
8509
3794
1933
9467
9561
1773
6682
4287
2614
807
9808
939
8096
9354
7042
8745
1290
731
9790
2671
2213
1010
2925
9949
1909
6300
1996
4887
4356
178
3089
802
9568
6100
6177
6011
7497
6628
6493
4516
356
7109
8698
103
9150
7074
4244
3772
5363
5431
6381
1557
6869
3807
2709
940
6374
4812
2375
2744
5958
1257
253
7652
6108
2330
7423
3766
393
6908
2706
711
663
7473
5105
3601
9207
5438
5825
8695
5038
8002
9787
7309
7122
5505
430
9623
6284
1364
7979
6749
6424
7463
9034
7284
3277
7589
8145
722
8176
6331
4499
7942
8460
2509
5577
665
5987
3093
6018
6857
7021
8102
6141
1413
4168
2012
7552
5628
9300
5916
1226
8022
6455
8085
118
6938
8946
5593
9510
9762
6431
6489
7238
8122
4123
3275
1733
3600
1859
5561
6816
3803
8920
3625
9662
8937
7281
3415
634
7466
7927
6208
8178
2934
5647
5982
2230
6280
