210
283
258
199
348
250
474
475
239
69
487
334
97
186
304
212
80
389
106
124
205
279
217
383
238
378
245
208
447
144
154
12
480
353
252
109
466
273
89
13
230
259
263
280
371
189
146
254
364
332
223
208
462
356
401
130
49
434
207
452
92
306
43
435
126
175
112
243
182
168
445
104
152
425
280
433
470
459
279
464
449
494
370
112
37
5
89
203
418
124
480
5
282
490
271
397
252
330
450
347
208
427
337
280
416
301
287
323
108
134
173
131
422
139
448
21
125
30
313
453
430
490
206
374
353
201
142
75
452
31
86
15
460
60
197
335
31
368
74
25
336
333
147
333
166
326
391
46
94
443
342
453
431
287
35
38
218
193
69
441
108
357
54
133
229
45
382
28
130
109
328
325
133
216
373
354
363
441
78
70
43
406
252
188
371
425
168
15
487
52
127
428
330
232
460
180
38
53
169
355
486
261
39
216
66
7
208
67
460
195
48
51
191
476
268
155
292
447
291
61
83
395
25
459
167
123
236
139
153
442
235
277
351
427
485
484
145
280
466
161
84
242
298
192
55
217
27
125
227
468
310
48
168
291
193
261
262
99
17
247
154
418
478
174
98
377
170
338
224
437
311
423
400
455
201
278
129
291
171
170
93
101
132
284
385
386
6
397
432
416
121
431
238
109
259
275
411
359
470
310
158
359
178
158
256
335
258
414
159
103
376
474
392
37
260
321
150
65
302
68
364
492
391
348
165
381
375
248
139
320
325
458
120
82
473
228
251
485
220
164
51
480
90
59
71
229
227
371
408
477
463
28
220
211
429
159
181
405
324
354
174
245
319
216
428
281
95
384
389
142
16
202
459
56
337
408
446
289
28
294
327
382
238
44
333
189
269
154
492
11
390
297
85
302
121
42
70
90
381
65
311
292
114
369
229
13
101
261
309
459
258
326
141
237
479
292
464
265
70
255
385
464
129
223
381
227
217
415
462
91
270
48
433
213
366
273
302
229
499
179
267
210
123
185
355
499
301
1
394
248
43
286
484
475
95
463
35
361
307
161
462
369
42
393
428
435
254
246
91
164
77
490
191
147
86
256
468
409
160
245
286
455
86
408
50
401
368
194
174
300
129
137
491
35
39
261
134
84
349
328
107
363
8
231
338
361
495
439
284
388
427
316
456
225
130
343
425
134
434
381
373
7
420
234
30
457
42
369
132
413
92
69
118
252
215
279
332
163
240
111
138
208
33
496
425
434
158
300
136
473
451
60
287
322
386
103
269
375
28
23
106
458
76
249
234
460
165
174
388
485
329
151
269
141
400
457
467
109
189
22
451
254
429
177
474
312
242
374
311
71
298
160
250
88
265
51
362
370
457
348
167
408
70
181
426
230
98
176
435
379
392
354
79
10
396
226
294
3
186
419
402
258
297
355
370
369
455
463
17
155
44
307
105
265
81
165
190
256
119
184
159
400
205
418
490
83
150
137
206
159
66
328
189
263
118
35
284
215
475
363
26
196
214
209
325
172
23
305
256
452
320
361
79
412
236
247
283
45
413
165
340
103
109
216
485
407
87
178
413
12
268
161
158
138
456
366
237
395
437
241
75
37
458
12
386
255
260
403
67
14
70
379
202
226
116
80
240
262
138
252
43
454
197
449
228
203
436
142
124
332
474
366
476
277
443
55
462
166
247
313
264
254
187
189
179
365
424
31
88
350
166
478
489
485
352
37
188
76
83
439
322
402
54
10
225
354
41
282
104
333
88
404
135
486
402
380
244
460
261
341
74
86
131
27
322
13
175
461
215
184
476
486
461
13
433
26
269
315
145
255
343
311
278
331
4
126
458
176
102
3
137
233
274
423
92
124
296
249
269
16
190
212
234
368
398
279
130
471
375
337
324
104
460
6
221
287
154
292
77
384
249
10
493
293
426
109
401
491
234
123
279
133
419
49
321
50
196
302
374
96
496
464
156
111
201
368
62
351
193
111
172
259
217
311
120
304
485
274
244
62
273
309
427
375
237
114
238
243
253
57
179
357
225
423
363
397
121
286
193
308
468
155
59
429
374
351
288
407
259
12
479
113
45
151
86
326
419
1
442
10
274
431
493
485
92
184
408
93
379
143
481
168
11
392
474
440
298
168
19
229
333
127
44
296
157
159
480
243
155
229
160
124
420
114
304
381
163
206
334
367
50
196
445
182
335
11
377
447
297
290
281
31
318
214
409
427
239
14
152
28
157
419
6
409
21
105
275
388
391
466
240
134
61
112
317
414
266
405
416
248
