4216.56
52413.17
67796.81
9049.76
33091.84
33784.14
50454.72
23689.12
3415.60
16968.93
56114.20
14375.12
19746.00
44678.27
23544.90
58295.51
9719.36
46084.17
83367.84
26929.77
47791.92
30121.62
31962.32
37326.69
10607.16
64176.20
13141.92
6066.60
75561.90
22104.24
62837.42
7162.60
18223.32
41903.93
37356.66
53872.73
20205.24
3397.58
15768.83
50212.80
45769.32
69583.50
8779.25
21478.56
13046.04
46456.29
11003.68
1769.86
34759.26
88930.59
34792.80
37461.38
7970.52
45809.20
46238.98
88029.12
1328.42
39993.18
45374.85
15232.32
42355.95
40292.07
10971.68
20433.70
62814.78
78051.88
76580.55
34011.25
59225.79
45235.58
63991.62
61577.56
89093.50
47091.24
3643.82
6071.55
30356.34
16759.71
75013.12
35248.50
11352.15
3257.42
67127.52
10291.20
2154.34
60177.39
66490.11
5906.35
7733.20
22304.00
41091.68
38749.94
23909.20
24469.62
72852.56
25208.82
77352.27
75329.50
58862.58
77265.84
39924.09
11028.12
15143.92
22839.05
27551.16
17939.36
13622.98
77829.84
29517.74
49300.56
30461.67
14065.00
23718.46
36712.72
27358.65
52120.38
55834.56
12667.50
5077.44
12856.68
38585.58
58988.58
31638.39
75671.64
29647.92
34525.80
22696.16
50193.78
43532.58
16597.50
26548.80
46146.36
27510.30
48003.43
27805.25
64835.09
5851.30
29379.46
10675.36
45030.72
31358.50
15506.40
70508.34
41336.02
40388.28
14655.90
46351.00
36927.12
1649.74
57826.86
17811.36
26095.30
22473.36
47300.40
53958.31
48566.96
55282.50
27208.50
33134.80
32224.80
29376.32
31977.88
31053.00
9790.38
6723.08
17282.72
72646.26
41660.64
27750.45
62470.45
61856.79
18941.40
58040.42
23829.74
40868.01
39497.52
42500.64
46450.00
43295.50
69709.50
18191.14
32164.56
28080.50
24922.40
5856.30
43469.54
18974.15
22794.15
73249.44
30127.68
7383.72
42948.36
60333.96
5786.12
74821.72
30419.13
73652.40
41107.79
46822.60
48502.06
42019.25
40851.72
64418.25
35282.05
22847.88
44203.50
57756.80
43891.99
6141.60
18836.32
83623.86
52975.80
24231.48
43245.36
24273.62
16677.92
40346.24
21687.20
25739.20
998.09
13966.72
35798.40
23319.08
74468.26
1027.12
47318.40
24698.88
50979.25
60583.58
37072.73
11353.32
62057.16
5532.12
2861.04
85582.77
40993.80
10348.92
50955.50
26731.12
16712.19
38825.60
32740.34
39044.00
82694.88
4104.48
42997.24
32395.23
93698.50
19677.63
37736.61
11165.70
31850.00
1547.63
58400.16
40013.40
21802.92
79239.16
53271.12
42048.63
28607.09
29191.59
9362.01
13778.88
51967.44
29304.94
71391.18
47966.10
18059.00
51762.56
44446.56
19039.28
19606.86
43362.24
65257.23
11968.60
46159.47
12349.44
46470.16
22844.80
35934.64
48403.20
54854.14
69766.32
32760.00
23041.20
31363.98
78034.56
64874.88
10627.36
59264.00
34581.40
75147.38
9018.81
73868.02
78420.34
54361.28
21370.56
53456.10
46730.40
8554.05
19430.70
4763.01
21340.78
5174.46
38962.40
86248.16
66430.00
37750.50
48227.64
9029.50
25121.40
64318.50
37272.69
3720.99
71194.80
65420.00
53256.80
46623.01
19535.85
66490.11
29110.59
49892.28
33156.36
1211.30
58438.38
27329.50
49351.91
21017.44
17822.57
8384.94
1090.18
12146.09
9172.80
19522.86
63991.62
22389.36
6865.38
7262.70
40939.84
25477.75
63193.20
25346.70
93247.50
45660.16
17418.30
32948.64
12352.14
51964.38
56199.50
57552.84
26187.60
35788.00
22840.16
20938.50
14959.68
12298.52
54498.29
42001.22
61555.36
25907.80
54779.04
31934.63
47075.85
30812.49
34956.08
19787.79
58342.51
31993.49
8535.06
4985.36
53065.80
40488.93
38921.04
29462.16
28251.36
20121.60
70766.82
17508.40
34092.10
38618.58
7760.28
3581.76
7301.98
46083.84
4953.32
48878.10
54408.42
14267.54
14645.50
79701.66
11793.76
8013.45
41205.12
1759.85
25811.72
51504.30
42144.50
21427.80
13454.24
61797.56
18719.69
51415.68
28921.50
66540.84
64388.64
85394.77
70058.40
68928.20
24852.25
17101.15
70225.21
30628.35
48563.41
1793.89
33663.63
45297.75
6096.55
40456.46
24631.41
43732.17
24440.78
40394.64
15697.08
40963.12
73778.50
48201.00
3558.81
46507.01
28856.25
30296.76
11958.98
61917.80
27563.90
3153.42
31809.25
61225.38
49552.56
17045.82
44718.43
1916.08
29951.36
12317.04
43373.62
8489.20
79193.25
4165.44
936.03
25893.54
14999.76
11496.54
51293.76
20382.20
3772.05
30040.86
71692.32
16423.02
4212.60
31753.60
14447.51
20518.08
27629.76
5183.46
22856.32
22571.64
13398.08
12740.64
75995.10
18774.80
48336.04
26698.56
35339.05
20025.12
5736.30
26249.44
43796.00
7303.64
24176.22
61891.36
2360.54
2804.98
6489.07
8120.88
33392.27
25459.03
54423.81
32539.70
34448.96
21127.50
48574.96
92069.53
33295.20
14568.51
25416.30
21082.68
12941.68
11412.08
64929.08
59800.55
44013.15
45017.70
67691.40
31954.80
31293.00
52984.00
82487.00
66766.56
20884.00
9198.99
7332.80
23763.74
77609.40
29731.32
64508.40
65256.80
10434.06
14953.95
16568.37
38056.96
43341.55
32786.10
35301.99
52372.32
32821.36
4699.98
24550.80
24869.67
8684.15
40637.78
45168.80
8408.90
18457.74
20613.84
81505.56
78742.80
2204.38
61215.50
11940.96
53941.38
62583.30
33271.84
30399.84
1853.94
3426.69
71976.50
25810.83
88142.50
64607.00
25816.37
25659.20
6458.80
29611.11
33323.52
50873.79
37818.07
19065.28
53291.19
31789.32
24217.92
32254.80
54745.60
81436.00
52450.65
43676.77
36413.75
37444.68
6282.84
70273.71
45649.36
56154.88
47842.46
3216.48
40651.52
31911.81
88604.64
36929.33
21001.89
58213.00
49299.54
10945.99
16306.42
33192.36
31421.88
50025.01
24175.48
64925.08
67657.91
29021.20
40819.10
22391.84
53858.50
11772.46
82935.36
66874.30
42169.50
54711.63
11184.36
13208.04
19391.35
65925.72
29760.64
62120.45
12389.52
64602.06
56390.20
44557.88
54627.80
16814.82
6963.32
9802.48
72499.05
13414.16
18840.91
24982.14
5349.72
69571.32
1309.40
33547.58
68447.78
17200.15
34917.75
70915.24
32177.31
27767.90
30713.76
49729.68
41491.33
38836.16
12933.68
23090.89
37630.95
26929.25
73513.44
25928.25
38473.71
54586.35
15766.94
85788.16
57234.45
21930.56
36359.36
39534.48
68977.04
2400.58
75216.96
49686.24
43971.90
20139.42
75380.00
10054.56
58781.76
12564.23
9448.02
42997.24
23656.92
11316.97
78274.56
6084.66
56045.77
64192.08
71163.84
14895.60
44181.41
13959.00
7868.40
10081.00
79984.13
74967.12
51224.25
55491.04
33341.62
44411.10
20602.40
7457.95
44304.96
35171.18
35813.34
18868.32
4709.04
39209.52
59743.20
57810.72
35873.52
17757.04
86340.16
49761.75
29280.96
7652.22
72778.86
58336.79
45317.14
50106.78
11019.76
35528.10
45978.90
76265.55
54424.11
28929.59
93598.50
20866.78
38546.82
36259.86
21344.46
4420.76
39403.20
24027.96
73249.00
1572.66
37593.60
66003.19
8457.12
37218.69
28160.74
22191.80
22175.28
7351.72
33012.36
54706.96
6186.72
21374.78
2340.54
44148.60
53607.54
45241.14
60565.50
38705.04
11045.58
24079.65
26091.52
41944.25
49206.62
8353.80
43101.50
63640.08
29907.90
30650.40
65433.03
47594.12
23995.50
47684.66
29280.78
52657.50
50412.18
80199.28
29176.78
35150.76
51084.25
51762.56
46670.40
30794.40
45200.28
16193.60
28105.50
51354.04
57373.68
44356.40
63000.21
76348.50
6114.66
41236.46
22619.94
12893.51
38921.31
25807.60
52823.58
7608.05
48182.68
38722.40
90046.08
41683.92
23765.60
18244.65
13105.30
92805.51
77612.18
5509.88
60738.86
7248.00
21275.10
52088.16
27759.24
26596.89
20671.84
40564.40
72147.66
32011.98
59000.70
47570.56
48391.07
85742.16
43736.92
25166.14
53714.76
51752.16
33811.75
65749.60
36455.36
38760.70
39332.16
44451.38
37944.69
42068.16
66330.81
22631.76
9544.08
24181.74
20694.42
32938.56
24001.56
1804.90
73162.44
20379.58
34180.30
19332.80
70316.52
41336.40
1694.78
2819.00
29264.51
80878.07
60553.86
16595.37
90344.50
9740.36
29103.28
60464.00
18875.25
10146.80
14355.36
8204.76
21495.54
21245.99
7532.10
88391.10
34686.54
33054.80
8937.48
51944.16
64560.54
2160.34
35831.84
14307.36
39133.76
75440.16
3101.28
56605.63
5085.44
53186.35
44465.52
42478.02
7816.56
5654.04
61595.52
33988.80
38003.42
71283.44
51222.60
6987.32
36038.16
12397.12
49522.70
20507.10
6846.49
1172.26
42919.50
20314.45
61929.36
10135.98
2154.34
51551.35
9229.70
29994.73
32003.20
4420.80
69114.50
43948.44
7928.46
22558.32
10281.20
31110.48
44625.36
34882.48
4993.36
8373.96
10041.71
51514.56
32819.04
30109.68
76189.98
28926.87
29898.00
70925.50
17360.59
39943.05
55014.96
1480.57
88701.12
68512.00
63108.78
63222.50
44390.97
37952.32
44484.30
50793.21
47709.09
48921.60
78033.90
4697.08
33640.58
4850.13
29527.68
9915.57
5435.73
87115.20
1671.76
52218.60
64209.60
50505.00
48697.65
49823.76
53561.26
21136.78
54853.50
77697.48
21723.60
22133.55
44734.80
53164.44
66956.54
19747.00
21528.69
30917.32
54958.32
37864.64
62626.00
22641.57
30377.13
49931.70
14351.54
45734.29
57826.86
71027.46
8856.72
12123.00
68337.45
41978.20
23477.52
73114.86
66760.30
1821.91
42185.50
42509.44
64418.40
29606.55
48857.89
22463.32
58897.02
23701.00
38225.81
32349.50
38522.18
25136.55
29956.92
63192.78
11252.20
36775.20
78514.56
8799.36
25271.69
54338.00
4441.71
63894.15
72956.40
37165.26
64220.20
40122.48
56420.00
60544.80
26761.56
22395.66
59608.70
15980.51
56604.04
87949.61
49416.08
9818.56
9628.14
38190.50
20197.45
12533.28
54903.75
78370.32
25898.34
18959.90
59352.65
58802.92
35227.80
59754.39
32521.44
24966.60
33891.88
