7477
817
6742
7070
5191
6463
3028
2464
3046
1288
5528
298
2383
1277
7369
3494
2497
3754
4447
572
6325
479
6727
5560
166
955
5215
5351
4813
6064
5870
1744
1069
5377
2065
3775
2692
2860
3394
7246
1246
932
874
1367
5653
7273
4705
1669
1276
5581
3559
3079
3262
2761
5837
4946
4838
85
1207
7324
2776
956
5840
997
5893
139
3616
6116
1766
3970
2450
5536
1273
797
4451
2848
3118
4174
2711
6025
3529
5318
7084
949
6010
1129
1528
6175
1651
3253
3260
1999
3466
7387
1198
1171
6949
2053
4075
2857
3256
6406
7388
1636
7286
7324
7210
3524
1228
5003
2183
2006
1981
6283
193
5596
2134
6293
1705
494
292
2363
6079
5234
5608
5243
5974
3973
4144
7211
3977
4657
6463
370
2231
4477
3703
274
4258
1031
1319
3310
4286
2692
2453
3616
4883
754
1793
1897
1256
7211
3832
6977
4838
5845
4829
2594
6731
7291
1997
6184
4450
238
406
4357
5797
2839
5089
1817
6866
4357
3259
5300
2591
805
5939
5351
1453
112
6220
3532
7133
5711
2377
5509
1460
6389
5111
2038
1922
6322
4993
5926
142
4015
5383
1289
3554
1099
5407
6211
163
2989
4501
733
1121
3814
4516
2791
2428
3266
2164
4774
2093
5480
1333
1534
4054
1621
2471
5302
4546
6467
160
4295
2608
6083
6067
7258
4621
2140
6812
6280
1285
1405
7415
6379
5533
2497
1228
1027
4247
4120
1108
5029
3545
6472
5711
4028
2320
5104
7145
5654
1337
5480
5719
4289
7424
6539
6661
2480
3052
4174
6145
2971
5857
3646
1786
2233
484
3877
6121
4000
1415
7064
7126
845
43
6836
2386
2710
6304
2561
7184
1669
7246
4808
3878
500
1966
3490
3268
3736
4099
3997
503
655
6037
4738
7457
1081
997
4315
4165
4288
4984
533
6898
3853
70
1061
3155
5561
5251
5029
410
5422
2971
5425
6053
2491
6014
7196
3674
4840
7219
943
2816
776
7426
5425
5999
703
4436
4904
3490
6248
1484
4882
260
5932
3907
3361
2317
4426
1810
506
3166
7423
7021
941
515
6440
2860
4168
7420
6401
7043
3002
4900
2494
34
6161
6035
5689
4375
3238
6022
2086
4565
5881
6677
7246
671
6919
3217
7142
766
7129
4073
5020
2896
6142
5782
4579
1076
3952
6007
511
5324
4210
2281
6418
4426
511
1640
6937
3781
4421
1006
5668
193
1202
2042
3265
6511
6800
1912
2671
6940
7330
1531
892
1817
5503
1123
3644
2008
5671
4139
6065
2923
1241
146
131
262
4672
28
1642
4271
2584
2959
5924
6970
188
6056
2821
6691
3833
3592
1475
946
6394
6457
2179
4390
3847
7285
5344
5551
7244
4694
2183
4511
4568
2185
1106
433
4081
449
5749
6494
490
7405
2705
4208
3403
5950
988
5176
2932
7418
6412
448
2873
4523
4268
5383
5200
2044
1054
721
4870
5075
7090
259
6091
3728
7118
5719
1262
188
4909
3526
4396
1456
4075
4796
4793
3313
95
5383
280
3901
5653
5
6244
7318
85
6226
5569
1331
3958
1312
3818
1222
5461
7078
3091
1643
2099
4429
2554
2197
1121
3283
7273
397
512
6089
1756
6292
1711
4678
2401
2650
2566
3712
5968
364
4202
2132
6706
4087
1469
6712
6964
5888
322
7219
7483
6422
5621
4825
5347
1052
3911
1787
6925
4972
3508
2461
5104
5806
3089
3370
6880
1117
5432
4772
2839
6460
3553
3463
6071
4150
2467
6403
619
1222
6667
41
4829
6821
3448
1003
3727
3934
5401
6769
6133
3242
5605
6728
6968
2855
4436
4253
1982
6439
5420
3014
2767
4114
3328
4342
2123
2501
1501
3910
4778
3841
5506
5221
4583
4211
2743
328
940
4679
1228
763
1627
3226
6376
6094
6659
2152
3172
7058
6745
250
6604
6475
7331
3451
3487
4078
1036
5245
742
3322
4928
6694
1892
3493
1258
5641
6325
7447
451
6506
2351
5489
3163
5524
1991
3856
3826
4258
6895
6566
3742
2143
5999
220
4378
643
3796
163
7256
4727
841
1192
1663
4120
1513
1004
3517
2539
5441
2585
7429
7354
4435
1378
7345
2408
4172
19
1142
2003
2461
6269
5887
742
4751
3103
3427
238
2072
493
4042
5182
1474
6937
1748
6229
5915
583
6709
1954
1937
2900
6535
2218
5464
3940
661
6367
7411
1429
2645
1265
4621
7048
7357
6580
433
4381
1267
1520
4133
5743
1690
3721
2432
4406
4573
5932
653
175
4151
5995
1171
5956
5075
5567
6880
5582
7444
7189
1841
4024
3430
6715
4175
2210
2437
5750
2681
4847
7231
3487
1067
7399
4762
3223
3136
4597
3071
1009
1511
4147
2464
5584
6065
3313
1340
4756
3196
3670
5602
937
4865
5222
6661
4997
6163
7492
2272
3370
3229
779
6049
1666
4936
7072
1180
298
4013
6383
2620
4480
4087
5056
3110
484
1042
445
6421
2596
4627
1510
4546
7210
5239
6613
1913
1318
3908
1666
6787
4219
6755
3175
1660
1862
2639
4103
7090
3131
5425
5686
4165
3961
1703
1741
1198
1940
1748
3472
683
5212
6316
4453
6031
6406
2821
3871
2840
3973
5638
3370
3853
1013
5999
1511
6703
40
1484
349
7361
5623
6142
3847
1663
3895
6608
3889
5855
3242
3361
4873
6184
58
3628
2836
7051
6970
1075
6593
6334
2830
2314
3028
6610
2134
6292
5995
3433
1786
4984
1663
262
3775
928
7396
515
871
6287
4427
6722
646
5173
5962
1687
7160
7285
1484
3653
1624
805
859
7291
5390
2749
2692
2269
4981
3875
1403
1150
3055
1238
1898
3332
2899
1106
5215
3202
4366
5305
4015
6229
4546
2758
5594
4823
7456
6394
1690
4781
3932
4454
2639
5254
5708
3571
1741
862
2926
3601
2926
4114
6028
1106
3046
994
4735
5288
5959
31
4513
1000
4157
5401
6298
4697
4435
5095
2362
1697
2362
1030
6011
4897
6473
4211
6514
6712
6232
4696
2411
248
7424
4667
4663
409
1646
3587
2512
7165
523
49
1072
6617
5992
5311
