6430
6155
2545
5494
3016
4004
3451
1798
3485
6631
1891
3382
3188
2083
2342
1900
1654
4351
1364
4741
3169
568
3392
5161
2029
2401
6143
217
3277
6224
5780
2927
1414
6397
2587
2479
1339
3556
1294
1937
4219
2728
7411
2743
5566
437
3647
2902
955
7309
5984
6293
2380
922
5443
2032
3752
3431
7003
1961
3619
6130
1409
1471
449
5147
5882
4300
2243
5773
689
4171
2582
703
3652
6859
2335
6685
6220
5245
2831
913
623
1103
4279
4718
385
602
107
4546
2752
1909
3640
4843
3872
1588
3707
3230
4582
382
5447
100
40
6086
1406
3796
3179
1226
4054
631
4946
6532
4933
7091
6817
772
3884
6437
6445
4870
64
2461
1222
400
758
5107
5728
7100
7072
242
2836
1352
4171
4009
5332
965
68
5158
41
4343
4838
2191
391
4886
2425
1078
1679
4231
1804
7249
4576
5288
668
6568
898
3572
823
4933
6610
1256
2878
961
4756
1312
6272
4792
3137
5599
7147
2755
7006
1784
3809
6538
7021
1840
5914
2872
5491
3658
6985
3745
2047
4970
2813
6418
5110
4411
827
4030
5750
7255
7174
2938
5233
2158
1556
7099
6823
1687
7037
6289
4154
5884
983
6754
4753
4682
1135
7186
4880
6805
3107
3205
3287
1912
6167
6148
6088
2579
1012
2996
6983
4720
6275
6232
6637
3427
2728
190
3808
3484
973
1426
4205
209
5917
3818
3464
4321
1175
1393
3389
181
3358
6259
2134
2800
2650
7393
1684
2071
6763
1924
3628
3164
1772
5723
7480
361
6197
2675
1217
5029
6109
458
2822
6718
5368
665
5165
7100
508
5977
5789
5495
961
3718
7337
4975
3211
1274
725
1735
6604
4861
4937
2326
6103
6857
7025
4231
2302
4633
4571
2297
5689
2518
5819
1319
3506
1840
5084
5263
7381
692
5011
6409
1171
6550
3619
1256
5467
595
6917
5675
6946
496
1850
4159
7253
2041
5932
2656
7184
5353
6232
896
2657
5086
5491
3509
3884
5014
4432
6787
6937
2488
1276
2219
1138
727
1399
3929
6292
2993
7240
5749
6595
4799
1975
6347
1363
2138
5317
2944
1646
2893
5602
941
1324
5771
6026
4234
946
664
79
2575
5257
1819
7175
1276
2156
2786
7280
3262
4919
7058
2455
1270
1463
2026
4165
2605
4949
5002
4114
6539
3151
5968
3592
3203
3503
881
466
3188
3937
3446
523
3896
1232
6628
5434
599
2774
3496
1015
856
5134
6881
6214
1021
5758
7115
805
5009
6130
6061
3851
5527
301
2443
2530
1564
2756
6733
3679
6119
5144
6322
3583
5387
2956
365
5393
4
6256
3800
2927
1933
2083
61
7279
3721
3394
7409
7498
964
5572
6124
2962
712
2755
1174
3980
3832
1352
6454
460
1822
6968
440
7037
4042
349
5570
7376
1777
2746
4729
2032
2950
1664
3523
5465
3577
4249
5125
3425
817
3670
1936
4855
5744
6662
847
1534
4408
5450
1702
6379
1891
2278
1043
2506
4187
6307
7129
6409
5338
5390
6473
6328
1076
481
4885
7084
6883
3226
2026
2332
992
6964
7393
1151
4672
6212
5068
6623
892
5120
3725
6127
1406
4597
6064
5996
1540
584
2021
487
721
2146
226
2575
7339
6124
3970
4325
520
2119
3094
841
7261
4120
2402
3265
6530
6196
4114
3932
7022
583
2914
263
5855
7087
7054
2180
1975
5449
5222
859
1753
4945
4885
5828
911
3964
2786
3112
6037
2747
5524
7447
4939
3823
3058
286
6526
5954
2932
6511
6538
419
1915
3676
5785
5537
4375
7243
61
5284
1751
6845
5851
4840
3331
1456
6259
4330
160
643
4588
5803
5077
3985
5035
1591
6632
4717
5921
7348
1927
3961
1798
203
2908
6973
1486
6052
5155
6676
3047
6904
7499
2938
1858
4633
2365
2987
2440
3191
4939
7105
3595
676
7309
2125
3754
5557
5023
1081
286
6380
406
3505
4360
3584
1210
2974
1426
2992
7210
7232
5515
6676
6205
3262
1031
4837
3923
298
1186
5996
4754
25
6610
5498
6620
1771
1474
2467
3409
4855
2468
6422
584
6221
1456
5740
775
4882
3214
4153
1139
4492
4157
256
2765
145
5845
6271
4288
2567
5345
5201
4177
1832
2575
7276
2339
3761
6313
2567
3796
1504
4996
1645
6094
7132
652
2512
2140
3037
1405
6892
3574
515
2107
2558
3611
1694
1850
6295
1780
808
6875
3241
103
6392
598
1711
3898
4700
2494
2060
2677
964
1718
5404
4078
703
7420
3983
3440
5009
5137
4411
4223
7321
3700
7357
6071
1894
1954
1447
1832
3346
5369
6376
1642
1630
1972
2425
6700
6457
2978
607
1129
5770
1966
2405
3382
3958
1780
4909
6532
6911
2213
6229
3352
6787
4940
3383
793
109
1630
5377
3472
7178
6745
4760
7216
2713
3689
145
233
3776
3916
4348
4202
1636
2213
4426
1978
3655
1649
3790
5806
293
6658
958
2779
5180
191
4006
598
2158
5629
4994
4360
6688
3470
3734
2524
6004
7036
4306
4849
5893
742
638
5288
4010
7312
6631
3736
7018
2335
304
6988
4307
2800
6499
4120
2833
1037
787
5923
1051
1190
2156
2026
6740
4258
6325
7061
5332
5296
3769
7388
4567
584
4655
3832
5000
2074
1156
415
5617
2080
3944
4400
6913
1745
5401
2755
5306
857
4831
4589
6002
6551
707
2908
1744
1300
3076
637
3980
1852
6040
4199
1262
4517
694
2887
6509
6818
4945
2761
4706
2015
2644
3974
542
4036
4388
76
2554
6955
5875
2009
4687
3286
5719
4186
6917
2668
6248
5416
4135
6268
6682
2948
3710
1883
6355
3158
4177
5083
2755
5875
3167
7087
1814
5392
2447
3409
1624
614
3640
3745
4855
2551
3920
2704
5062
931
3754
2911
5885
5225
6443
4804
2483
1807
5014
7070
2084
3452
6280
505
5677
3593
5254
4990
776
3289
4909
1384
4639
2695
335
5239
5038
5762
1063
1892
5056
2674
892
1345
4828
454
782
5161
3364
937
157
971
3719
965
6241
5623
3937
7187
2329
6329
