601
3743
6916
5036
2123
1024
2396
6370
6355
5752
6389
1789
5525
7322
1375
3295
4861
3851
670
7486
6061
10
4843
2560
4255
1954
6520
7498
235
3940
1039
10
5951
6856
854
6820
6346
481
5405
5729
6358
3347
1396
7097
665
5299
4423
2525
4514
3118
3913
2218
7121
3118
6703
344
3004
268
7400
4996
2290
4024
6349
1759
1357
7273
244
7468
1141
1333
4876
1910
7225
3169
3661
1337
3994
4094
6194
5839
6073
6140
7181
5545
862
1778
3128
7120
1679
613
2515
5926
3217
3599
5248
317
4088
3307
4438
2728
128
880
7354
3977
4828
3989
5783
4732
3190
1213
1378
1516
160
1330
2222
5719
1295
2842
1501
4526
3050
3883
6433
4567
1244
232
3215
2462
4397
4318
3692
2542
6557
3839
2198
2959
4279
3122
6014
5122
1759
5479
2284
1543
3835
7013
644
4180
4516
1087
4984
4021
1781
6029
5302
3802
6605
6730
3355
499
6250
3742
3899
3970
6817
5662
7042
2251
6583
2147
2956
412
7322
1130
6559
5467
2050
1408
1399
1918
5284
4090
1459
2218
1042
721
4181
5015
3284
572
6289
6622
4855
6431
4297
763
5254
3265
1916
4637
2797
1057
2789
5762
1823
460
224
1888
397
2683
95
2965
229
5740
7132
940
3863
7066
7384
2515
1726
3482
6808
5743
49
4582
3262
1072
3830
7354
6350
2188
2884
6356
2113
3485
4697
4765
7081
6436
5525
1489
4618
1204
2183
5770
151
7045
4702
6907
4043
6167
4240
593
1993
1873
560
415
985
533
2596
1841
568
2666
5395
1720
1300
5647
4880
3826
2782
6103
4939
3302
6028
1495
2443
7184
1723
7166
3143
6947
7192
5014
4982
2830
6203
7244
4007
7378
3475
6121
4402
1015
1238
287
3742
3847
424
5246
2873
3910
3940
4984
4754
7396
6697
5011
1714
5599
1075
7288
7417
1748
6067
2266
6901
1490
1795
2326
2641
1018
3868
1421
2246
2867
5359
394
1498
7430
875
5920
6838
2938
1477
5390
59
4763
479
5987
1360
4459
58
248
6428
3421
23
4007
5174
4235
2969
4750
4378
1958
2936
6974
6748
5086
2329
269
4988
2605
719
2318
1331
4387
3599
1040
736
1496
6097
3814
1346
2914
2294
1658
2974
2848
4292
6490
1172
5707
7162
3632
2395
7150
1930
5450
202
3278
2899
3718
595
3328
505
6479
1915
1991
401
1303
4480
6569
3481
4750
2035
3031
2869
565
2734
349
2524
3265
6239
2561
574
5452
6539
3757
2587
275
3644
6718
1828
1750
4177
815
7105
950
1954
6824
3193
557
6586
7001
6431
2257
3436
1630
4534
7085
5458
2152
1238
4060
4006
142
1400
4892
2140
5383
6205
4123
2161
5768
5693
443
4153
2984
6629
2059
577
3790
4937
5759
7388
2191
1631
1882
791
3341
917
527
5137
6797
3878
4972
5464
3226
7208
6854
2113
4555
4034
2093
1795
3547
3262
6403
6757
3553
1936
1673
2765
2795
1942
3601
2674
4844
3928
6859
3247
3409
7133
3091
4880
7318
3964
2965
1544
3823
4873
6013
2803
5080
4591
5053
4144
7069
6440
6538
2593
4633
4613
4084
3313
4666
5821
3676
6404
1064
292
6859
734
5599
5683
5612
104
6101
733
1844
5540
778
2665
5164
6173
3058
3458
3133
6002
661
1651
5429
5992
3317
2372
3413
4702
6511
3005
4501
7375
836
4807
6980
5840
7471
4348
926
6328
286
3814
4006
4657
2488
5251
2603
7219
6136
7423
3910
427
5332
2605
3772
3328
2821
3740
1786
7163
2350
3374
7448
7313
3299
257
3268
5291
1282
7073
454
1222
5941
4448
4717
2773
413
3413
1249
5948
4909
6769
6619
32
3814
5171
2278
6565
1489
3304
2978
6667
6364
7136
2884
1085
2696
2399
6547
6427
5221
6817
6019
232
4519
1328
6355
4283
6382
595
6572
1004
3781
5458
2267
1591
265
4748
5833
7207
4093
1540
2425
5263
5263
6298
4051
6980
4273
1537
403
2293
2254
401
6280
4519
2368
2968
3151
4243
2402
5066
6169
172
3103
5173
2498
4346
4321
4699
3587
1126
4357
5516
3163
326
6526
5710
431
1273
1537
7010
2837
3085
4625
4768
6235
5662
898
4402
3865
2305
1952
2173
6803
2887
551
1838
4888
6569
2698
2128
5695
4612
2518
7447
3917
115
2897
3325
5893
2564
6815
7349
3547
2017
646
5131
4771
1895
3434
1813
2632
5785
4261
7436
2693
1303
3214
3451
1673
529
121
1526
412
3449
6862
6073
3856
3184
3988
74
1078
7126
1414
2744
1928
4630
4066
337
586
1634
3799
5666
5987
1762
3929
6109
3361
5914
6175
3796
6718
11
1919
1868
2437
3007
3952
5612
6758
4010
2158
4298
6268
5732
5639
1216
6841
6616
4621
7261
157
283
1021
7091
2774
5875
5708
5171
2804
6364
5167
2413
4424
3151
3821
4621
6886
5980
5164
6367
6115
5450
6545
4588
2359
224
1177
2131
5806
862
6364
4363
526
7474
5890
6025
6784
7376
1807
1606
1079
2890
358
1265
4970
3067
2774
2776
5623
3967
5810
4000
4609
5920
4819
5126
1027
1183
3064
2293
4442
4168
3094
596
3583
5371
4844
3958
5540
4636
758
890
5636
4973
257
7309
1745
424
5308
6206
4063
5365
2482
5720
2863
2356
517
7343
4183
3037
2563
1589
4607
6787
304
1181
361
4933
1495
6058
6010
2611
3830
6124
1795
560
1697
1312
2833
7190
5030
5959
4334
631
6535
1805
5602
1096
7384
4733
2785
6997
7366
3320
2605
4975
3851
83
6791
2305
2354
5779
865
1376
2921
3931
3187
4250
92
1588
7253
2479
4417
1441
2419
2164
1066
1954
3004
7099
2101
6955
3313
7453
4778
7069
4555
5930
4721
827
466
1591
1936
4841
4627
1417
7213
1444
5479
4943
7123
3608
1708
1756
7379
3808
1198
3001
4460
1714
482
5008
4192
3763
1306
173
4034
6485
1162
5623
2485
2153
581
899
6565
7414
3493
2302
3253
3739
1855
4505
2356
7129
6913
7228
4427
2809
4879
