1300
6043
3946
1660
268
5369
6340
4990
5566
6749
58
1039
5200
3757
6878
4807
7486
1679
916
122
2863
6173
4064
736
1528
6397
7420
4859
5545
5911
6208
3073
7471
5908
5980
5435
4186
2524
6854
4006
7432
7400
5875
424
452
91
3116
2845
1264
1609
4865
1489
6554
5261
3190
1493
6092
5204
5308
6962
7099
5933
6700
3997
4339
1504
5857
5828
5930
4967
5848
532
5932
5128
7202
6916
2605
6982
2209
1037
685
139
3574
3344
5977
5884
5953
1538
5524
3982
4150
1744
6889
2872
3307
6562
4195
1795
4936
304
3062
445
2650
1537
5506
1211
2806
6574
4030
3862
2359
637
1313
5873
5965
7483
3190
2519
5129
2471
3863
1261
4981
3460
4405
1870
1726
2755
7054
88
3232
2246
5521
3215
1910
1577
4474
7279
4483
940
7225
1595
1898
6859
6092
4891
5939
109
6127
3110
5275
709
1081
2257
2002
983
4811
362
4831
3139
5176
2185
1507
5857
3820
3379
1285
2509
1324
6154
2239
2666
497
1486
3040
203
1649
4318
1648
1651
2722
3259
2597
7135
5785
1229
3838
4919
7048
6458
4699
6646
1315
6217
4478
2932
2383
5216
4054
6065
1771
364
3625
7072
2128
4727
823
691
6053
2476
7273
773
3724
5368
7309
5557
677
5353
5959
6868
760
1
1687
5372
2084
3112
2512
6484
6442
5695
2416
6869
1075
6133
5434
6091
1303
2384
1859
6208
4627
2587
6712
3178
4174
5662
6658
4270
1810
4118
1706
7033
3695
682
7450
4321
5278
2117
7478
2194
2095
3187
4216
7352
1006
1613
6520
6917
6649
5575
2188
6574
4237
6325
4508
899
6326
5317
6470
2926
2563
6014
3347
6520
6170
1558
2878
2273
5585
3181
5155
2402
4996
2395
3889
5552
5290
3655
6680
4081
557
1300
226
5132
3167
5719
4666
4360
199
5858
1153
4951
6481
6130
5209
3305
35
6616
7030
1105
2308
4354
2780
6088
254
5344
3047
4135
6868
1328
5069
949
4514
5897
6067
4064
6847
7018
6716
2356
6208
6826
5368
1814
3463
1576
2659
3337
3229
7202
4927
3584
1010
3007
4798
1000
658
878
3523
715
3031
2665
5389
935
2399
6787
857
1933
6967
1222
5998
3265
3676
589
6221
4499
961
4930
3500
3155
5236
2614
1636
2915
5866
2276
7072
871
1930
3208
1958
2045
412
415
6829
2783
124
3607
3764
5228
5522
1744
2437
4462
2246
3728
6157
706
4817
4099
4924
3385
2434
1066
3175
6845
4198
280
4627
5014
5324
5540
187
7187
1261
4258
3850
2254
3211
1057
1780
5774
5761
4108
4279
2626
5470
5629
1028
3406
3538
856
7186
5467
5359
2720
2255
3871
865
1078
6859
4033
4237
328
1963
982
7325
1096
3596
1759
4864
2419
3350
4264
3481
1240
1183
3068
5620
2476
3436
5723
967
4279
5831
5585
6346
776
6055
2963
949
3020
5603
3182
4831
4424
6538
218
4325
5869
4975
7105
4541
2869
1538
1957
7370
5668
5371
1315
2560
4900
3460
601
7240
2012
3316
5186
2171
5047
6676
1447
1051
1438
331
7141
1069
472
3910
2678
5335
6254
4276
1487
2525
6359
3115
5170
3934
2164
5165
6149
3140
3764
4177
7267
3205
3502
5458
3151
2045
1525
4427
1910
6610
5074
4309
244
889
2608
1696
947
7219
2806
2995
713
4247
5164
4474
6137
4366
6514
4456
3661
1154
284
6976
2812
6143
373
5450
4738
2846
3196
484
3442
4201
6352
5704
1489
7315
4423
3688
6628
127
2548
5605
3832
883
2440
5335
6728
1921
5783
6715
2069
3680
2422
3592
3079
4232
4825
6391
2647
6179
4132
6539
5798
4643
4739
3674
6463
3850
1951
824
3940
6565
158
3925
6802
628
3592
19
6146
890
1730
6008
3442
6836
6310
2960
6902
7216
791
3139
3589
7435
4298
6919
1130
6106
2524
5332
1486
3706
2686
1430
7183
2033
6928
6137
4243
5162
3976
2549
622
6503
2992
7459
2756
4942
3067
5084
7144
6929
298
5701
2317
7087
5014
1456
4177
418
3701
2612
689
4609
4586
2135
5950
610
7195
3886
5711
5254
5186
4415
2494
5083
4612
2260
1331
1138
7033
3526
2845
3952
763
7003
6502
205
122
1787
3508
1204
6751
1786
790
1810
2260
2456
3772
68
6539
2017
1111
4402
6175
2585
5314
5411
4136
3487
2708
1393
4418
4045
7402
1984
2686
6169
2104
6589
5152
871
4580
1670
3457
4829
5146
419
4514
268
148
3265
5842
1726
3899
1988
6845
4438
2401
4183
1780
2428
4076
7046
6638
172
2429
622
2218
2408
2015
2876
6926
1880
5479
5570
274
6428
3964
1904
6796
286
5945
4832
7382
5983
3526
296
6436
4342
3236
1807
5774
3830
1228
2512
3281
5518
7499
6559
3964
2681
4709
89
4138
4093
350
928
2476
5830
898
6067
4253
4769
1486
5830
4082
1225
383
5831
1696
4363
4426
163
4825
1193
763
4639
49
1387
4726
311
6088
3412
808
2815
3338
5501
479
1781
6308
5215
3244
4475
2524
3556
7139
4127
2029
5425
4618
6086
2393
3508
5431
5407
2146
223
5476
589
7249
1694
5017
1654
721
6305
6875
5287
2146
1204
3844
3295
823
3308
5119
3784
6025
4469
1723
2206
3868
3973
1819
6907
92
1256
4259
5206
7256
1904
3877
5764
4723
2338
7453
3457
5206
7192
2375
1922
70
7315
1190
5947
2789
6146
6878
211
6559
6598
4732
1042
1823
2191
1582
6062
781
1472
2536
5911
3226
6716
7343
7387
4675
7058
4129
7294
4639
2482
7012
575
1882
5173
367
4898
100
2161
3775
3212
815
634
701
5522
4565
4774
5399
4867
5192
2569
6880
6331
3704
1448
3080
6880
6329
6415
889
2713
3475
4265
3559
7105
6466
1958
3067
1159
6074
973
6430
6088
6164
2653
436
5393
1883
4295
1780
5110
3467
7168
5533
4142
463
2830
4648
5519
2932
2746
7393
3643
5749
4030
7330
6902
5773
3448
2461
6100
5341
1108
362
1414
1771
2276
85
