5251
2554
2282
5441
2017
4928
2257
3092
85
3679
6592
851
3970
2569
2680
6145
6857
5356
2356
2515
161
2863
6881
2545
4759
5948
1222
6250
6371
5354
940
4
913
3511
6308
7357
1588
49
3629
2576
1208
3556
4747
3937
538
487
5116
2546
5534
23
7414
3212
3376
1978
1808
2555
5947
3569
6842
6221
5212
6656
7435
6880
3104
4288
2935
2815
4711
3779
3182
5626
2020
4093
3338
6817
4387
6620
1276
5065
5984
5555
5668
3062
262
6406
7232
448
6940
6197
3436
6097
4535
982
3404
4651
6923
4159
3940
6386
6136
2549
6934
514
7273
5629
2173
6005
3106
1286
5329
3589
3686
6379
6706
2578
6142
1357
1336
2063
5209
5467
6343
614
601
7288
5701
1129
7183
6106
4489
3056
3295
5618
2503
1394
1964
1151
775
3218
2290
3577
2254
4795
2593
187
5527
1168
1921
2287
6815
7045
839
6436
3766
1699
1615
6658
2528
274
1027
5168
4411
463
1045
2956
142
4570
6385
2956
3028
5995
2102
292
7198
1912
2923
2227
4576
2843
5132
1927
6748
2467
2716
469
6278
4615
2719
4489
7426
2161
6355
3761
2815
4939
1037
2317
3403
5614
2498
2987
4952
1228
6416
2876
4849
571
6100
3340
1063
1048
1825
6004
1288
5843
4396
2576
3547
106
263
5341
3842
589
2132
1195
4510
977
4264
5578
6164
3830
4702
3383
7375
4597
685
5443
1804
2975
1651
2164
1426
2692
2839
4129
6635
2407
3490
3658
673
1714
3340
6859
6290
3680
1559
2045
6779
52
6299
4474
1981
7108
3613
1390
6761
2651
3037
1855
2158
7102
604
3559
6617
941
3022
5497
1462
1232
7153
728
3466
6379
4004
832
1817
5881
295
5851
557
3389
6409
7084
1174
4100
274
304
6437
7336
5086
4871
3383
2752
1648
2255
4678
766
7042
454
3176
1192
5039
1930
451
2479
2867
6433
6400
6316
1145
1319
3875
2068
1601
6782
5653
3302
6104
2309
2452
5738
4711
6703
4919
5332
3475
1646
6086
3946
6361
2449
310
3797
2992
3388
4339
5479
5623
4045
526
5047
1513
3784
4946
3431
1699
1045
2887
7018
5629
772
1961
1882
2503
6742
1112
7175
794
7483
4415
6373
2608
1258
7288
6178
2114
4165
6349
991
1589
2836
7258
5558
6461
6577
286
5038
2926
3802
6577
3697
6809
2587
3881
6392
5479
910
935
1648
446
4552
2287
3338
3319
1301
2066
4820
613
2554
56
2683
3307
5423
811
1316
916
6592
4300
5767
3166
3214
3697
3175
5449
4897
278
250
2095
1408
347
6373
6184
4789
6548
1058
4003
2305
4156
592
4597
5824
6181
6436
1648
1385
4153
1591
4156
409
3193
5656
629
3208
5650
925
3170
5486
5281
1702
5476
1174
86
2300
6829
826
2686
1306
5663
1243
6589
116
3502
1417
5483
4709
1556
5701
6250
3772
1856
4406
697
1477
5032
7498
5012
5830
5885
1945
5965
4133
769
4124
3412
3823
553
2146
4219
1475
3044
2011
5578
3658
7150
4922
1
761
1789
1883
2005
2546
3352
1832
5867
5164
2770
2929
5242
305
3292
1363
6401
1906
6934
1390
6050
6727
296
2128
4100
4345
5567
851
7289
5605
1265
4436
2720
2375
7385
2293
1865
2194
3251
4372
4549
5293
6295
5284
2062
3598
5972
5728
3304
1969
2104
116
4427
1850
841
6380
2632
3637
1685
6220
1645
6241
6560
6082
5623
3554
2026
3523
2465
7219
1936
2636
1846
586
3106
3949
2864
3097
2245
5789
524
6046
7324
2989
6046
103
1951
4508
3709
3325
1474
4942
6601
6293
3172
311
6143
4699
2995
2558
2830
3232
3554
643
727
340
3439
6943
5759
826
3148
4405
6265
7429
4201
6829
3194
5858
5386
397
508
3379
4087
2834
5023
1123
88
5516
6388
4853
5834
4184
3727
1589
388
2392
2359
7264
6553
5044
6277
1585
3697
3433
7153
3766
6101
6748
3535
5098
5356
6577
1799
4810
6070
7060
4667
4360
2801
4709
631
2047
4178
6811
5240
4459
6196
3172
7028
3473
7489
3487
1196
1192
3752
1591
5270
4777
1424
5326
5470
3640
2506
4327
6886
5308
862
1147
7363
3536
4213
4342
4672
5377
1279
1570
3493
3028
1330
7459
937
6977
7307
4733
4720
4873
7156
934
1018
3694
4333
4007
3847
1349
4526
7255
2917
3032
1817
76
1613
6937
3701
6283
1717
2446
5953
3680
5839
3389
4634
1255
4241
3007
1210
262
6634
1948
451
4307
3685
3364
863
7093
3523
851
5869
6196
262
7111
7436
5746
55
1123
6062
4399
5470
2167
3674
5914
4168
4796
7063
6608
1048
3625
6677
1804
1861
3142
715
827
836
5539
6092
6826
7405
4417
6658
2617
3334
2225
2629
5560
6718
2588
2683
3515
4427
1567
3710
749
250
1088
3737
1616
959
4960
3443
3610
5407
5354
5522
7087
5722
268
1319
3287
2003
361
1726
3196
3520
3202
625
5828
1067
7030
2561
2873
2237
5833
4676
6709
2927
175
4255
6239
328
6397
3586
7397
6781
1963
2035
5675
5575
5903
2101
6604
6473
5144
1742
2597
5270
4169
3070
6989
728
2074
2050
6991
4831
946
1744
262
55
526
2216
3539
1928
3352
1148
7067
4621
7100
3925
2578
3163
4621
1250
6632
190
4666
2725
2092
3955
6170
1804
1184
3011
4963
2806
3791
2836
5149
1180
4318
2131
3361
6385
3295
4633
841
5341
3296
6481
6211
2837
7015
1297
1231
1078
3931
6242
6472
1309
5302
6685
6439
6070
5722
391
1304
7417
6442
592
823
5596
7072
7136
4078
527
5125
2315
1642
6715
758
3637
1228
7246
1900
6148
6173
1111
6365
61
3281
5998
2971
256
4195
5428
2242
7097
901
3664
925
826
2446
4736
4808
2489
5408
6607
4291
748
6608
118
6769
457
2443
3625
1331
7054
3559
5971
5389
2627
5572
3235
2617
67
2104
1564
7333
1609
4451
2650
6563
2101
127
4417
6958
3007
1583
670
3839
3299
2464
2092
3800
2344
5422
