6811
7066
5287
5281
1921
5966
3448
1114
7003
6725
3464
7282
5339
3388
3874
1
470
355
2206
1198
6533
988
5272
1154
6949
1366
5548
1678
4342
4117
6907
4091
5719
6544
7213
3041
1978
2416
7292
2993
7324
1000
3982
4879
3469
1378
6568
6134
86
2758
6397
5902
1199
3724
6638
5531
4444
698
4456
3278
176
3824
4450
2500
1930
742
1738
1216
6958
1858
29
2293
4720
823
4603
6373
989
136
5848
5773
3766
4075
6880
6271
1228
5374
2672
3236
3470
3109
7390
4696
1117
5506
4552
7117
6790
2218
7234
5788
2011
3202
3325
5873
922
7381
7325
5485
5780
2332
1252
991
5335
6091
794
613
4031
4189
2962
4673
1556
5767
4757
2875
2435
3244
1793
187
5119
4837
2104
1681
376
655
1811
2743
5140
1918
4132
6136
2252
2801
5318
7294
3590
1351
1223
2782
793
1180
1777
5911
5615
4636
1567
1172
2284
6803
3205
4804
188
2098
6634
1330
3142
7399
1306
4100
5033
3071
6676
1087
1822
1696
6682
3707
1435
4160
3961
242
2519
6406
1847
6953
271
6160
7499
2998
4084
5647
7087
6238
5809
2582
4381
1091
5906
4607
7229
4888
4660
1067
6958
1357
755
2488
970
5122
7280
7231
560
4417
5959
4124
2885
4843
2233
7252
1282
7174
6178
6481
4718
2140
1640
262
6179
4864
517
3455
1475
7265
3328
6280
5314
6310
2048
3607
4750
7318
6596
7108
1148
3073
397
5224
820
1523
4982
904
7258
3493
6638
2747
6817
3971
1303
4138
7021
1493
1030
1832
1444
5759
3334
2788
6185
4967
3530
4435
6688
6907
5401
3541
1343
992
3337
4787
3947
829
55
6875
1270
5146
5515
1066
4387
2971
5192
628
3892
16
4058
1816
976
5611
3866
3107
4171
5708
7387
3386
7289
4246
3121
1312
4069
2761
5794
2353
4009
5507
859
380
880
1303
1393
7138
3782
5392
373
1433
2543
4111
5749
5545
292
6314
3323
4906
1771
1993
6484
895
3157
1519
6040
1382
259
2746
571
7150
6373
7282
7243
5980
3949
6566
4318
3097
3013
5201
1813
3190
1843
5440
427
4450
7192
1436
6004
3721
5287
6530
6037
2605
5122
4229
6494
4165
5641
4579
5803
6040
5989
139
3899
1894
3928
2786
2951
4516
3556
2125
106
2974
2440
1838
5177
1526
5228
553
280
7025
1877
5239
3854
4741
6592
260
4118
976
2809
1912
2539
6253
823
5870
6449
2740
6272
190
2923
2056
3697
2593
2293
4261
6175
4982
1951
5299
4157
4063
3436
4831
4186
7366
511
6094
91
6269
7213
3841
2842
5785
3113
2126
6991
43
1657
6790
5158
4456
4711
145
1930
6164
5422
7393
5995
6115
2080
5216
1232
5143
4024
380
2698
1348
1576
7027
6197
3472
5683
68
1631
6346
6926
886
2189
2725
1138
5314
4511
4264
3220
700
1408
1568
5995
2215
4828
5750
3992
4237
3376
2342
1727
2758
2585
2188
5728
3475
5381
6833
6580
2539
3304
1616
1199
5702
4495
6919
4051
4111
1706
5714
3781
2849
2203
5692
5111
6487
6713
6094
6838
4054
6035
6464
3847
4006
1181
3458
1868
5356
3614
1985
5471
6149
850
2356
1090
5351
1348
1982
1171
4304
3188
5813
2092
5986
1285
2957
5314
2530
845
2755
2473
3821
3575
4150
7387
4441
2929
1783
5794
5059
371
2170
1372
3578
4643
3238
6244
1412
244
2585
4508
5960
5728
6479
4021
1793
5828
4264
3044
6724
5099
3985
6208
20
4643
4708
7060
5812
6626
1750
6689
2797
1250
2981
4190
5788
3397
7138
1774
532
7237
263
6868
2131
2629
7048
2281
6406
4294
932
3946
3340
6493
4268
4019
493
7021
3559
4774
3298
3781
3895
3215
3010
2141
2324
7250
1459
7198
2113
7252
1894
239
1258
2003
1507
271
2005
5035
862
6938
6281
673
3502
3406
1903
4330
1279
4846
739
2570
4520
3076
7297
274
821
1279
4418
781
4834
226
7421
3790
634
4045
2284
5443
4501
1036
4792
2528
7445
6304
6415
5504
6697
1180
3110
1238
2567
6886
4631
6497
5272
167
1411
7018
3973
2677
25
7216
4744
4687
6580
5698
1921
6227
7340
3226
1342
5305
6788
2273
1318
3905
6028
4096
1567
6028
3074
1579
6007
6577
5450
3008
1312
4061
4090
1003
4705
2053
5546
4660
7355
3854
3820
2974
1102
5156
6526
6887
25
5641
4801
886
5618
7160
3086
3034
961
2333
5935
3505
4676
2905
1225
5485
4012
913
6457
5978
6736
3208
4411
5437
6431
1730
416
6238
2635
2599
6961
5630
400
1840
4423
6013
7195
1225
5918
6361
3583
1364
595
3092
4898
6985
5530
983
5842
6757
5855
2488
6173
6436
4252
6607
188
914
3782
800
3962
44
2470
4220
4591
4819
1988
1057
4319
7450
3767
496
592
970
1802
5788
7457
2452
5003
677
2032
7070
5945
2128
5185
1604
3961
6301
5366
1069
974
6763
4850
218
4888
3341
71
6554
6925
5065
3052
6742
6823
2605
4939
6439
5878
6421
7420
1231
7229
4145
3859
7036
4862
3080
901
1514
2950
4828
5146
3676
2447
7361
6037
1202
3979
5290
3962
4075
1372
5827
3539
248
2545
5326
2351
1628
2120
2449
3994
3115
7196
617
4901
421
5167
3439
5708
5150
1138
4397
253
437
7376
3983
5977
5614
2725
899
1636
3992
3029
4006
5327
5020
4132
2878
1205
3050
1670
5044
6164
6058
6770
7358
214
3448
1328
1337
4588
7451
781
989
1586
386
835
4699
1600
5123
106
703
2401
4786
3902
244
245
5855
3488
7396
6770
7084
6757
4346
4772
3148
1643
2329
6775
5680
4613
2020
4262
6856
3104
880
3458
5453
5677
2269
6005
2663
3610
4021
4462
7132
3011
6979
4241
5945
4138
5314
1397
3833
4561
4502
4633
2641
380
7055
1723
5950
4021
1037
6025
6596
1027
2923
748
2120
2966
6371
4883
4567
2653
152
37
2798
5944
1288
2606
4016
4474
4589
5174
646
7271
619
5176
2591
2462
