4783
5354
5587
1612
7471
410
4598
6907
4355
7093
4558
6034
6928
134
877
1660
4438
7229
4948
7076
4924
797
6509
4394
2494
5015
3787
5825
2315
80
520
5326
1357
6194
893
4030
1996
5878
5807
67
6724
7069
7046
7067
2258
2158
6736
5689
3562
532
3952
1663
7399
2728
4781
5485
3826
1696
2272
4993
2224
5957
955
7288
5495
5335
5021
4843
2809
3832
604
6700
6088
5912
3586
3331
4547
2149
4577
6385
1540
968
6802
6838
173
1867
4861
4709
7243
797
1864
3988
6979
5564
308
1499
1369
4198
4591
5213
4903
622
4693
6361
1594
1225
833
2903
1249
4606
881
547
3098
2065
5146
2692
6835
3433
3058
3920
5317
4342
1886
190
4832
6848
5863
3154
3200
7084
919
2680
1150
6842
2407
3793
256
4411
3838
3395
7393
6296
6934
5351
2855
6485
6928
5038
6103
3701
7471
6520
2504
3442
205
5266
790
4714
6896
724
2384
2572
625
7273
6433
3667
2620
2846
4615
5027
275
4628
6679
913
5293
2569
1778
6379
5647
875
1099
2389
1948
6643
7103
1747
5398
6511
1099
373
3139
5872
2672
2594
3688
1030
164
3110
3653
3319
1934
6604
6319
6382
5285
4939
2444
7384
5707
5836
7249
3632
1930
5810
7286
4636
4765
6268
2444
3389
3478
2827
914
6983
346
3652
2441
6913
2833
2837
1840
3088
2675
2968
3320
3910
4459
6172
3361
424
4675
754
6268
7010
7405
3511
140
6665
3394
2734
2251
5378
554
5275
4961
403
4267
6124
4468
949
2377
1481
598
1330
7390
4369
1297
610
4220
2882
6755
845
2234
6359
1327
7078
5227
3505
557
6148
5152
3157
2398
2012
6134
5503
1708
6004
7319
451
4813
4837
6796
4444
2039
7105
3497
2738
3331
3337
1804
4048
3022
4579
4715
7057
593
2173
5630
4517
2258
916
2239
7324
1297
1294
155
5830
349
3425
5098
688
7166
2887
6490
3703
2602
1033
118
872
2909
6830
7432
4358
4046
5033
4529
3580
6046
3478
1771
4466
6241
5242
7060
1552
1004
6826
7370
1444
4102
7450
6865
5978
2338
1034
262
2011
5927
6724
2512
4531
4736
2989
211
4177
7369
2831
2297
2587
3217
7060
3041
4982
6940
1570
6205
946
4685
1262
6338
5695
3940
5989
3125
4547
3188
265
6803
2530
4769
2873
7448
3427
1270
4570
6415
6916
5524
778
2476
62
2671
5611
7048
1939
2875
4952
4274
686
4276
5527
6182
2068
4576
2021
6265
4511
7409
7375
7172
4810
4079
919
6151
2069
2774
7447
4712
2644
6289
1144
5863
1792
2725
4475
7045
2683
4045
5819
1624
5287
6473
5095
3188
614
6376
5278
2206
7081
466
6559
5884
7165
1052
6041
6346
4444
5717
4450
5641
4264
3310
4378
2972
2341
5588
5287
4754
1303
4429
124
1160
836
1177
4028
137
4570
3961
599
2188
5821
6478
5090
1547
1831
193
6718
2807
5146
2122
4835
6763
6890
4093
28
310
482
2498
2162
2779
814
5200
1567
2245
5068
4907
1630
2207
3631
5764
1942
919
1214
3985
4907
1831
4303
2251
2077
1310
4919
2083
6742
3823
1469
913
1567
5875
2326
6635
4684
5098
283
3346
3451
6491
3016
6928
1267
3868
3572
7115
6382
7454
1262
2758
3436
4363
587
109
328
6926
4384
2123
2437
5656
3376
2746
590
1327
2992
1483
7379
625
4709
5933
4723
3370
3793
3196
7361
3922
3052
5692
3718
482
265
4859
6103
7126
5749
4057
3184
3685
1528
3539
3013
4781
7238
2071
158
311
607
2863
4477
451
4849
4840
5197
7
3361
829
1136
5465
601
1771
1726
2186
5564
3191
2722
1364
4307
1105
5146
5848
5510
3568
7070
616
782
4984
379
3001
4066
6809
692
290
4225
2512
2497
4571
4064
3245
2702
4837
2021
6749
7421
7115
4858
4019
1240
5458
6646
6295
6706
331
6508
1240
4781
2047
947
2485
5197
3064
2872
2605
5216
802
6622
6280
7291
3904
6223
3241
2110
7483
3526
130
2240
4667
5557
7354
6163
2579
5863
352
3136
598
5918
3383
2887
6460
2119
6430
7433
362
119
5056
3070
3154
3361
214
6347
3385
5060
4792
1681
7363
1249
2425
1300
5843
7307
4835
1222
1357
2239
6025
1648
4391
1474
6799
4139
2933
7388
14
5378
5212
4268
1243
4864
7390
1000
2630
4855
677
3040
389
2020
6980
5299
646
1073
6829
1477
116
5326
5419
6217
3964
3206
6065
4732
214
149
1169
2914
5446
6538
1130
6041
4837
4088
5123
3376
3772
3313
1549
337
5711
7244
1558
4699
3755
3991
3095
4520
6982
1780
6308
3182
7192
6028
3544
1052
3134
4492
7486
2593
2692
6308
1043
2680
2119
4936
257
5341
4199
1078
6905
2539
1154
4438
526
224
5528
5929
1159
5227
4217
1178
5044
4499
4052
2090
1660
2683
5098
6035
1846
6817
308
2378
3985
6406
3944
3593
2245
5255
1331
4123
7099
1643
5047
4100
1933
3818
5482
5092
3628
919
4873
79
452
853
685
5192
253
6457
6964
2311
2449
5713
644
6683
232
7003
5995
2962
5641
163
6697
766
6445
2575
7189
4378
1207
2776
4384
5212
1486
3866
3196
7423
2249
1465
6439
6314
6406
7451
1865
161
4096
6148
916
4228
6215
5680
5572
1255
1981
6640
3188
4816
2212
6968
5234
6694
2527
6901
6814
6136
3487
4540
949
3817
5813
7468
536
2266
5966
1805
5968
1372
3239
4714
1294
5611
4997
3733
1913
3988
4084
4471
5447
3665
7312
4066
1499
6419
6284
2899
6058
3088
5378
4939
172
5180
1978
1064
3572
2594
5912
1732
289
6775
2203
1780
3745
2587
3844
6034
3926
2005
7223
694
2431
1582
5885
5035
6323
6475
5695
3112
535
2245
6346
7076
6412
4811
3808
269
1831
268
3467
3211
6802
7148
6862
529
6001
3790
5995
5060
2042
7456
3214
7457
3796
937
1570
7132
3008
1108
7078
6268
2899
6464
3319
296
2020
7267
1516
710
7192
2125
