5615
7453
2905
3562
857
6019
2260
3865
4168
2783
7160
1114
3146
1750
601
3632
1868
3404
5582
82
5272
226
4031
868
6214
394
1531
1930
7417
1930
4973
2639
3005
6347
2821
1942
5059
850
218
6385
5894
571
5155
5581
4243
5741
1721
728
3419
6649
6740
5704
4619
1222
4585
1810
2695
4352
6386
5887
701
1016
4180
6791
3658
4744
5242
3601
2512
958
565
6559
949
22
2221
3457
3823
7216
4475
6629
490
1717
2320
7109
5146
3458
6889
3424
7208
1477
4793
4415
2323
3016
1199
2578
7105
1055
6989
6542
4000
2473
2978
2257
4096
595
3440
6562
1312
6787
3343
7480
1151
5860
4274
3266
1759
4936
11
5918
3704
3337
644
6226
7177
3761
4042
4049
3023
3022
3751
2590
5981
5338
1100
6532
5554
5578
4732
3208
1546
4180
3934
3910
2101
2252
7252
4975
3736
2333
1936
1039
1259
5170
2345
2006
7033
3533
6103
112
4178
5482
2557
3509
2104
1774
5969
4561
6718
4430
2893
4420
3830
2335
1222
3997
3196
1829
3607
6541
2701
5864
6134
1660
5137
1240
7117
6346
796
3251
1303
4537
6133
4393
799
1427
4468
1654
5803
5993
4001
6794
4528
1736
5585
13
6682
3305
1739
5581
2555
4280
1088
7073
6544
3311
2638
5168
5737
7496
4649
112
2650
431
3623
6349
4621
2032
6592
3926
1913
6718
778
2164
4700
3205
2467
3697
6301
4300
4013
2258
6182
7111
4477
392
2398
3796
2182
277
1313
5878
1603
2674
5842
3248
5230
2554
7219
4823
3634
41
6224
3235
3320
5917
6310
7240
6928
6286
106
1108
1561
6787
1084
940
2408
82
6106
6274
970
1313
4447
3368
6223
929
6179
6778
853
3907
3943
835
1126
2860
6422
5591
2221
6323
2336
5585
985
6274
631
5009
5740
2456
6247
7183
5614
4087
7069
719
5212
523
4786
5407
6256
1900
1273
686
497
7474
2674
6728
7471
4198
4981
629
6241
4672
3514
6070
4654
3049
2842
1975
6235
6952
4969
104
2639
6505
6662
715
7195
6926
7124
5275
6199
2545
613
775
6908
919
3775
4138
2854
2023
1624
1537
958
6445
1264
6812
2566
6412
5620
7382
7036
4930
3679
4808
2236
29
5164
286
5072
6400
7283
6917
1631
1435
2162
2824
3704
1960
418
3994
5021
3883
4571
6434
1045
1271
1390
1604
1186
2767
3245
4207
6202
5087
4831
2108
4903
2657
1198
6397
7288
4957
7211
5288
697
271
6386
3938
4273
5146
3232
3307
5297
1990
3782
802
5734
6385
947
4648
2507
3316
6043
5167
3493
3845
2492
1444
4999
286
1840
1360
938
6338
6026
1408
7096
7165
4576
5015
4868
5830
4835
6841
4768
4636
655
2725
3403
4069
1736
1502
6514
5411
1006
6562
826
1381
5375
3175
6706
4474
6179
3692
3061
1459
640
4462
1409
343
3592
5111
2852
4939
3172
172
1973
2005
5623
5659
1519
5135
547
6130
5866
415
5350
3655
52
292
1762
5300
1237
1222
2821
2995
4978
5138
4975
6319
2668
4289
157
3370
6502
4882
2695
4151
5695
805
2740
4024
770
2452
3188
1906
1295
3112
3266
1105
3214
2326
845
3520
4762
4858
7078
752
7234
3226
1630
5230
4840
4573
2957
5438
2098
334
1103
4417
2089
7468
1424
5263
4586
5716
743
4871
6772
1478
838
3961
4057
5722
6299
136
1085
2993
3145
2218
4390
6230
6169
4475
1561
4844
7153
3089
7231
2560
836
2035
3994
2212
3068
3869
6751
7301
7024
139
6925
1510
6119
283
4057
172
4558
2065
7078
5395
6142
6767
6859
4993
5932
6620
6890
4090
2809
1622
3469
3244
4415
4814
5507
2206
7475
421
4123
3437
1591
1453
5711
6313
6092
6634
2138
2377
6161
626
4562
1669
5362
6305
5464
1123
1724
5333
7414
6746
3419
679
2044
1438
5645
1498
6361
884
3541
7135
5306
1018
7147
6607
1225
986
4043
4028
3449
4327
3851
5584
3157
5974
7348
1420
538
6100
469
6070
7096
1057
3211
5554
1024
1705
5299
317
2608
5404
4712
5431
4259
6370
574
2662
5512
5593
1684
1081
787
2173
2251
1868
5194
4292
6655
7246
3277
848
4739
2647
6736
2815
1601
3158
7409
1636
3433
3014
2278
5470
4027
3460
3982
844
1798
2383
5093
527
4255
377
6778
1192
175
5465
71
6524
5699
4543
5293
6877
5800
5129
1421
1294
4750
7160
5422
1414
4306
4961
565
2626
5821
4145
3739
1549
7099
2914
5075
6512
2108
5423
6628
6844
6236
6103
1070
3971
2312
3958
2776
6119
6485
1636
4111
7174
449
6212
4459
5261
2989
2776
4843
6622
1306
6838
3466
646
6553
6571
2104
2551
3469
1495
2498
5311
4412
3188
5584
1885
7003
4975
538
7078
3413
3961
7028
259
4294
1570
1543
3712
5329
7046
4618
506
887
1477
2390
1990
3328
6082
2470
2431
1198
2471
1001
919
6281
5728
5935
2713
1804
4244
670
3875
770
3887
1529
4675
2689
7271
77
4436
3628
5731
3841
6013
4306
7276
167
4133
2999
4636
6421
7192
4792
5953
3085
6272
3314
5803
6898
7201
5093
5806
4351
1306
6259
4828
1204
1060
2993
1841
2198
3956
3601
1495
5320
1430
6949
6022
4945
449
3106
7369
5017
6670
6883
2002
965
6545
5800
2539
445
5315
1105
2600
844
1972
410
628
1900
3752
4366
709
1567
7366
5569
3641
6128
6256
2476
4142
1814
5788
6908
1784
2182
3476
704
7411
1558
7289
2593
3325
635
3101
1315
755
4382
2873
3202
730
118
6538
154
5023
3943
5074
6175
2074
4423
964
4204
7003
5596
6583
4714
4918
112
3991
1048
289
2962
5146
5917
1891
6409
2152
6725
2350
2486
2086
4522
2491
3025
5848
5731
6103
1582
7003
3401
2497
5240
5977
1762
7163
379
2119
2614
5230
790
2056
5582
7087
614
257
5315
7324
1441
6034
3877
551
2957
5548
5041
2509
716
1453
2377
589
916
2132
5819
6379
4334
844
2056
2830
