3487
538
2453
4873
406
5896
6320
2383
1999
2131
5368
1723
2530
4139
3197
2414
4004
6865
3581
3526
7319
7460
880
4049
371
1435
7441
5260
6271
949
2596
5633
3292
3754
3109
5435
6485
6025
5474
2387
124
6277
4261
6499
5848
6506
4315
3284
6841
3290
5959
637
3499
1853
1498
3574
1165
2009
3838
421
1123
886
1876
1444
5170
4030
7187
6274
2527
6712
6325
2503
6571
292
6643
4523
808
3061
4687
6298
5441
1480
1801
2317
892
3418
1205
3271
4490
6800
2414
3644
2182
3580
236
1801
5441
6791
2479
6598
1249
4651
3748
2273
4558
7399
4288
814
814
4933
371
6692
2257
4672
527
5101
6427
173
1783
6091
4676
100
2360
4312
2639
3838
5300
2248
4192
3419
7058
1825
2639
1814
5111
4747
2479
5713
7450
2998
2464
3775
2159
4973
5602
4627
1711
2896
3157
3694
5062
4712
2983
7429
1282
730
6181
7055
1061
5249
3460
4759
4321
2452
2872
5938
3619
940
7133
6247
346
7085
3167
1600
694
535
2732
6712
151
3487
3052
1760
4264
4480
6112
5755
386
5353
5192
4129
7168
7412
4630
670
4676
4225
3955
43
2744
2456
5402
3760
6101
365
2164
16
6718
6184
2552
6071
4505
5986
49
637
6505
4369
2254
5728
7222
4003
5467
3709
4033
715
7106
1168
1136
4966
6616
3451
3517
3854
1183
6190
5494
250
1837
3409
5432
1606
5257
1126
2990
2581
1252
4985
3415
3937
7466
3716
1180
2726
3814
5939
5600
3335
3214
4231
6089
13
5587
6130
1640
3947
6698
5111
2695
6331
6643
1130
6382
1462
1261
202
1166
6341
1810
1493
4126
5056
7111
1582
6335
5329
5090
2008
5191
5509
5374
6472
1445
7321
4858
4597
6238
1075
6259
6049
3464
2161
6812
988
6253
3946
4912
2680
5014
6517
7360
1438
787
4474
3565
4508
6511
5767
6784
1126
6517
3575
1175
535
3353
3736
1507
2200
6667
295
2969
5479
7423
2732
1022
2273
833
3526
3301
2735
5164
2978
4987
4904
6265
677
5074
2492
94
1648
5189
556
143
2071
2704
6526
2341
256
3892
6988
5293
3142
3767
898
5029
2542
1291
4828
1829
2935
6161
2615
980
1289
5086
5449
7453
7421
4388
4003
6512
5542
6709
1960
1451
3887
4594
7279
316
542
3404
7055
4180
2638
3595
5497
1798
2041
944
821
4285
6173
3397
1841
6265
6451
628
6422
3164
2551
2389
4403
2641
2908
4415
5302
3307
1115
6751
3640
2786
1696
7198
2768
5551
2869
1621
5837
700
3520
4936
4135
7025
662
2551
3460
5548
3496
5278
4030
6862
1663
2800
2336
6278
6025
13
7427
3394
2696
4816
1141
2794
6475
3025
1000
6082
5881
982
1643
7261
5276
688
1318
719
5485
2075
1717
383
6475
850
3926
4052
5143
376
3406
6032
6688
878
6418
6967
3755
992
901
457
2816
1130
3755
4654
7076
5548
247
5788
1700
328
1706
5944
6911
6647
7157
3022
2365
4216
884
5476
3869
1273
250
1738
1822
3184
5704
2951
3541
29
6784
2359
7495
1066
52
2740
6508
5758
3491
3583
229
3701
6110
1243
4684
4916
6142
1000
2819
1124
3244
1814
6166
5057
1138
3115
2623
2926
5632
6727
926
6998
4684
5938
3503
7136
2447
3742
233
5545
6059
97
2686
5677
2153
3157
6665
919
7459
3682
7087
5045
6164
2659
3562
5932
251
6862
4282
3599
5299
1831
574
5021
317
1018
1096
1418
3152
6175
5782
4456
4384
907
211
7469
5056
5767
562
1453
3088
4348
4273
308
7352
553
6395
2329
5290
5434
5021
1394
2258
6116
3481
4198
997
4178
1720
1093
130
3823
7499
217
4105
5129
142
2893
6946
3484
2486
3302
6806
397
412
1316
4978
1777
5941
3490
2821
6487
2083
244
398
3215
6409
6704
7220
3280
91
3212
2173
5899
5641
3439
376
5824
4109
1013
20
4993
6064
3301
6010
1922
5281
2413
5489
1858
406
2914
7301
3685
4933
5239
2575
5186
2812
1418
6700
1763
5194
4117
2839
1798
6187
2518
1933
7288
1243
2662
674
382
371
4631
2209
6542
5086
148
4243
2617
553
2507
6824
6086
1924
812
1589
4702
4571
6127
5029
2485
4579
5326
943
1030
1912
926
4832
3214
142
64
5275
4021
5317
428
5096
6476
820
4376
3934
2491
7102
5156
4684
2563
6145
754
5060
4846
1198
3208
2515
1489
1114
2920
2114
2644
4673
5155
5981
811
2009
1084
1715
466
5161
6130
7109
85
2665
5071
628
4219
835
1775
2371
7366
4883
7183
7222
2594
2017
2089
7348
4066
2518
4517
6494
154
4006
4715
1423
3647
6055
2506
5659
6230
4300
5224
1844
1072
5327
1420
1183
4849
5044
3892
4450
874
1009
6068
5914
2840
6617
6928
5518
586
6731
4261
5269
5893
2596
6877
7241
1855
1736
2971
899
6034
6094
5306
4078
1679
3209
4645
6107
5851
2735
1544
5044
7133
7112
6623
4226
1145
5041
5455
755
6133
4124
3004
50
455
608
3770
1805
7315
2773
6307
187
5842
3887
3610
3596
1091
4033
506
5701
6554
167
599
5629
688
4144
2830
4624
2725
6793
3736
7256
688
2152
1003
4078
6823
5803
2867
7219
916
2672
4360
1480
3392
1762
5951
3172
6053
5581
1405
6517
4724
4274
5224
2656
2662
6107
856
5941
5309
1771
413
5875
6664
4096
4210
1267
5599
2623
6838
1435
2275
1501
5474
4970
6247
2009
3968
6671
982
6344
5402
3145
6142
5269
1846
3419
2186
4943
1162
7126
1972
5791
28
3158
6196
2752
5431
748
6089
3409
6442
5539
1489
3736
7418
913
5092
7405
361
1537
662
1682
3553
6736
3922
3676
862
2212
578
1141
3563
7325
4069
796
5824
4846
5962
985
2927
5294
1973
5434
5518
2107
2059
6073
3542
2401
1447
3967
5218
13
7
3173
5201
1468
7396
4681
3860
6805
1660
3377
4969
6760
3865
5582
278
5821
1805
3838
3695
5357
655
1909
