3413
6341
5554
3739
4462
6779
4270
4240
305
5908
3400
4363
260
5779
1912
5539
5083
397
5413
2485
4633
6827
2776
5960
7129
1621
4208
2227
2041
6149
3028
2521
743
6457
2353
6197
775
3319
1108
6665
6952
4516
3020
2705
5654
4454
4616
2159
6113
1414
3233
2378
7456
5102
982
6070
2281
4868
6088
4687
2846
4475
893
2266
1435
4354
5509
2141
2551
3890
229
1661
7264
1340
3160
2549
1036
5771
505
2315
2360
6064
7468
6004
3253
5516
4
6476
7441
2543
2398
5677
5155
4091
5696
4891
7399
2410
5663
2965
2216
6674
2218
451
2105
3316
4270
3439
4885
3952
4240
2336
4777
1879
3136
6358
460
2656
4981
6769
631
6235
6538
1030
1469
5554
475
1916
55
6400
5776
7145
4216
1997
4162
280
5381
5756
3592
1213
155
4058
1771
2161
4642
1324
5755
4337
5461
2461
2365
337
223
4366
13
3289
4792
2195
1562
1402
2288
5630
43
1114
4969
2090
911
1489
5002
2597
1513
3206
6344
2707
509
316
6047
5738
6325
4723
854
4759
3170
43
419
5800
7288
4972
4252
1276
649
4238
2713
2344
5554
2431
1636
4273
4939
2315
7469
5219
928
3577
3232
6752
2317
4180
734
610
5086
5213
3728
64
4691
4550
136
5114
4759
815
616
2971
1570
1624
5620
2324
5518
3691
41
4648
2054
6292
5828
3385
7274
6967
757
5086
6143
2057
1693
5756
1813
6853
196
2794
13
3883
1933
4348
1799
1538
1171
89
2860
1507
197
3413
3919
4874
4834
2020
3517
1859
6344
4339
3808
7040
6878
4825
3802
2443
1222
6239
250
7402
1753
5783
4456
3850
2795
859
3929
770
4034
3155
6469
3472
5656
1030
2821
1976
5869
4229
6887
460
6088
7039
2393
4667
2065
5588
6122
4337
1474
3098
2681
7400
88
698
5837
4694
3799
6644
980
7097
7273
4856
7087
3308
6506
3193
6854
2555
3278
3229
3728
835
277
6640
6784
3901
4096
4508
5722
6757
4267
6692
3580
4990
6577
973
5275
1693
6997
2530
5360
2926
6536
4199
5566
6755
224
7076
748
1837
4456
2236
1543
3557
4927
7372
6028
665
7234
2930
4831
2225
5635
4546
2675
895
6136
5389
820
4186
7225
6220
2221
3904
2488
4918
3364
7271
3617
6965
4166
4825
2251
3689
2528
5035
6910
5564
3421
1514
4658
5482
2987
5192
6842
6085
1814
2480
818
751
472
2743
4867
5915
5899
1672
5456
1379
2813
2710
6481
2027
2474
5696
4466
5312
911
3371
7084
6682
5827
7061
5641
4462
7399
3637
7234
6025
566
2545
5743
5708
2812
1391
4700
950
5506
6073
1255
5438
3649
7181
5128
4042
4960
5309
4786
3892
6223
10
2917
3269
5233
1849
251
6826
4471
539
6355
2411
7120
499
2194
926
6397
148
4615
4474
5633
671
3952
466
2608
6595
256
7030
3877
718
5299
826
1478
949
2983
1096
3967
6266
2167
1148
6083
4861
5510
1285
4249
67
53
2681
6289
5762
7327
2899
6052
7462
4840
6572
5105
2677
3488
6733
1411
55
5033
1877
2101
2827
6305
1558
316
4198
3031
7399
7049
1624
6656
1411
112
3481
3032
7288
3083
2564
6800
5030
2258
3434
5743
3478
2443
3658
3164
5785
346
6118
5632
4394
3391
4045
3662
6229
7378
7436
4625
7096
145
7153
5875
79
6610
4231
3526
5800
949
5147
2114
2207
5618
3572
2218
5887
4481
3349
974
6841
5224
554
7460
4126
5464
1469
5065
61
3775
695
331
6200
1444
6134
5702
1675
2632
1811
7003
3665
6829
5255
118
2635
2747
7399
4261
4342
3665
5866
1837
1825
5191
6949
2503
1775
4927
3598
6967
2185
7384
5506
2671
4906
1114
2980
739
2956
7066
880
7399
950
5086
4702
6058
2332
49
3607
5035
1870
910
7405
3014
4135
5173
7343
3673
6079
3634
3631
3445
3646
5314
5320
5212
7070
4303
3037
6886
6859
4228
1243
4228
4813
2954
3133
4363
3364
4724
6554
3100
4489
584
5179
6019
2155
6650
1381
1015
2287
1027
1696
4121
7048
3601
6140
7166
2668
6427
6451
770
370
4267
3502
4534
2683
2002
5677
1276
5567
1229
7138
394
2197
6587
1027
5077
5914
1567
1834
1141
6653
5152
1931
2099
4364
1087
1094
5224
7459
1250
628
151
967
6133
1813
3032
2272
5776
2837
1276
5818
5074
4421
1000
7082
5155
16
2488
3334
6962
4694
6967
1600
4931
3290
7147
3667
4717
865
5093
5083
68
5533
5369
5233
4105
3523
1289
5174
2840
7210
2428
4454
7394
2353
6277
6046
4804
4204
2854
7147
6250
1129
4049
217
1852
5626
3386
4937
1978
4640
2527
6670
1936
6031
4948
3194
6590
944
1552
6703
4430
1387
535
5938
4915
4252
2924
3700
4621
6950
2086
2911
869
419
6716
6781
3271
4622
6001
2327
5690
6163
2638
7328
3226
2710
3830
6323
5482
4831
4156
4867
2077
34
1264
5707
3023
5686
6943
1385
2708
170
185
6610
4204
2347
2845
5474
5611
2713
6439
5032
3878
1289
7097
4
4243
712
2905
2918
6743
5380
4988
3361
2068
6298
3532
4639
7189
5843
440
5450
5084
5758
403
5150
850
4567
6604
6383
6302
76
652
1819
6667
2536
2234
2065
28
4606
2338
5617
1795
620
4673
5812
916
4798
6266
1049
7250
4505
4796
3319
3376
2545
5960
5521
5003
37
4972
4811
6461
2891
1372
3322
1
3367
7367
1069
4670
2065
3472
2980
499
6136
3650
6440
5824
451
1960
2474
3151
5192
2932
6775
4001
2950
3653
1154
3280
5033
3865
7433
5638
1165
1240
491
1118
2005
3547
5453
7244
4483
2311
830
3176
3515
3644
1346
1228
904
4429
299
3395
2786
3907
3835
5297
2047
2503
1321
176
3355
6889
1987
4327
709
6220
4744
2939
742
1060
6958
2641
7192
4132
322
4189
295
4132
949
6977
7258
4991
7075
1636
4205
560
6049
7213
5144
983
6788
7109
6874
488
5212
4312
1210
