6982
5800
1621
3815
3079
182
1024
1450
6707
71
6917
2446
5044
4342
3922
1783
7327
7057
6127
7088
1393
6385
2387
2074
7210
944
2950
2770
1532
3563
1481
5230
5324
3466
6592
5683
538
3364
7052
1582
5881
2954
3671
3116
5614
1469
5698
2458
1130
359
4583
839
737
4390
1343
4045
4394
7147
4390
25
7198
1652
4879
2245
5024
1588
7346
4162
5341
1765
5198
6757
4603
6775
5450
4240
2728
1226
6448
5410
2002
3433
275
7327
4324
6911
7069
2800
4561
3949
743
2377
4066
2596
1931
4828
7408
304
5182
2779
1513
767
4700
5983
3052
4198
952
337
3977
481
3961
637
3118
2671
6410
4417
5195
4024
3559
2230
4439
4271
4669
2225
5326
2788
2347
1954
4534
7348
5821
6965
6728
35
7210
4897
4211
6014
2434
6218
2893
5080
5398
1625
2803
5218
3043
1240
4277
2560
3265
4726
3680
4660
2261
3607
2093
4577
6083
3290
6862
6964
4108
5177
6586
3679
733
3568
3973
1909
5581
1450
3977
2224
3250
529
3520
587
4175
3751
2401
6182
5474
5978
5651
2395
6184
6247
1837
5335
2119
1777
5884
2797
5965
5164
4621
6016
2353
6212
6326
7
1892
3544
5731
4126
3358
313
3668
1033
3163
1573
3890
107
6644
6154
778
2482
2572
2845
664
3670
127
2980
3460
1873
7198
2554
139
2641
6500
1907
3307
5878
4825
5953
739
3185
5206
6625
3583
2314
2408
4867
317
6889
3217
5269
2785
7099
4781
2068
2648
1639
4289
7114
5828
4219
6049
3934
6995
7297
296
2309
785
5824
6607
4825
5540
602
6943
5047
4
6757
4156
5305
2369
2345
4153
5020
1684
187
6835
4135
2203
3451
2815
6028
436
3082
3779
2261
6323
832
4018
424
7291
5881
1855
5734
6649
2512
5503
5446
1604
4471
4244
2464
2467
6133
4046
193
1172
5131
715
139
5971
4783
1075
3055
595
1924
5911
6557
5119
7481
398
4643
113
7310
4238
2998
1067
64
7282
964
3082
6688
2392
2008
263
5677
3461
6220
5384
5456
4795
5311
1553
6352
7378
6931
7312
3242
2666
6190
1123
2381
1421
2375
6169
5369
7316
6199
1802
2380
908
2614
5164
3209
1402
1876
6256
1940
6103
5866
728
47
1885
6295
4189
7061
4828
4619
2926
5287
6490
2671
1484
1114
5704
6491
3385
6965
2440
1270
7444
1955
6862
6250
5365
5711
5875
2710
6697
6382
2665
1523
250
4246
808
7415
6916
6034
1051
6559
4183
712
5908
3473
5818
4939
1216
7166
4582
926
5152
1559
2371
7241
2117
3514
3475
1525
2548
7484
682
3200
281
2809
4804
4832
6427
7283
2147
3688
2483
2809
3883
3616
1126
6898
4732
95
6571
7315
5005
2492
3074
6040
3430
5927
4988
4733
4492
6664
7039
1396
3004
2056
6776
3769
6037
5755
3487
553
5627
1207
4880
1381
1066
247
5179
2170
982
4408
5980
4543
844
2906
3886
7499
1801
5083
2891
3151
5846
7162
6406
305
7168
2299
6877
2518
1633
6530
5191
4090
1411
5317
2654
3362
559
4231
3817
4156
3383
6193
3481
1808
3065
301
3649
5323
2788
3157
964
3268
875
2306
4922
5959
7072
2782
4249
2147
590
1768
6589
6793
4645
6154
2929
278
3608
4135
5575
1475
1400
5189
5512
2438
1037
6143
20
5758
1018
4646
1237
4012
4585
961
7330
7258
3086
845
6977
7439
2794
2344
3664
587
1504
6214
3131
1175
5198
1528
388
5575
6907
4976
3035
3343
562
5981
6899
983
5123
4675
4672
3095
3640
1918
649
6097
7441
898
1213
2572
2764
6115
1399
7321
2332
5276
6704
4945
6925
265
4405
3229
4780
1681
3014
767
4723
3097
4868
148
1753
4714
2611
4574
1849
7216
6124
920
1807
3133
580
3124
7006
2825
7186
2299
4627
43
2257
4099
5848
241
2927
4105
1319
3037
191
6629
7069
4790
7456
718
2851
2950
6004
6097
4015
1777
3284
286
100
1798
1681
1681
3895
1459
664
5354
3085
3328
7388
1598
3136
3760
4487
1156
3067
3746
2962
778
5659
499
7406
4108
6374
5197
6098
7150
1996
4480
2762
6424
7115
4003
6943
6796
6425
7075
754
5260
925
4877
5510
6571
493
4993
469
6763
1511
7486
463
1462
1094
3244
4279
1192
1304
4795
4868
6610
7018
5276
3385
2693
1513
4513
4973
2485
5396
866
325
1100
1873
3599
7294
4952
3097
1745
4958
7253
5326
2012
1330
2374
1688
2026
1780
4555
5830
2491
3182
3862
4429
6724
2644
4040
2734
6094
3757
1343
5632
1570
745
6794
3661
5111
7240
4924
7382
6386
3577
2026
3685
194
4397
1516
1321
6604
6227
574
1732
2345
2533
6665
6904
5986
3571
1202
3178
4402
5560
3362
5825
5347
3643
1108
5407
3536
6536
974
253
6773
6712
7348
4156
4841
2611
3700
5200
608
2320
5116
5957
6449
4640
1603
2446
4567
541
2716
553
413
2245
4438
6848
4778
6322
2327
830
6883
3761
6710
3236
161
5743
6701
1504
6520
86
563
3166
1472
650
5957
2902
400
3715
119
4126
6049
4126
4774
3988
5077
2461
4654
473
5396
5480
2905
5269
2366
6403
2167
1342
3482
1597
5879
5222
5695
6154
3052
1405
4061
6955
2129
4078
2323
449
94
5422
1328
1721
6349
4585
5845
5234
2075
5663
3511
7235
4652
7483
2890
4067
6029
1732
1069
898
7495
3652
1849
5849
3046
1234
4633
5948
160
3751
275
3241
6868
5092
5402
887
5021
2102
4031
5260
1670
6986
3673
6274
580
311
7226
7129
1904
5285
526
3182
2180
43
1036
6794
5617
3512
5173
1573
3949
6149
4705
4586
1600
3868
6056
2
2203
4100
5582
3371
4195
5660
5098
4030
1600
4280
3494
6457
7013
4787
2068
5975
4105
5806
700
3667
4162
4570
1735
2014
3673
3370
2494
1061
6850
2704
4585
2122
601
2950
2438
344
2315
4475
695
3107
511
2291
6803
374
7055
5860
6298
829
5377
2278
4207
7018
995
