6232
3460
4405
6910
652
5110
4033
1039
1459
3889
3595
589
3535
3658
2236
5399
4325
2908
4792
2464
4493
6107
1901
4219
653
1774
3241
164
4031
4276
3290
3899
1990
6406
4763
6421
1981
139
3068
3832
5761
3232
521
2323
4058
3518
5800
5419
6112
4873
2524
790
706
6986
364
5519
370
2603
4099
236
6589
2341
2540
3292
3326
2330
2339
5477
4363
7285
2156
1394
4141
1909
5759
2746
5326
3796
6887
5668
2350
4468
5254
2428
5032
220
4351
3661
6874
5437
2276
3283
1855
6331
1675
4588
7154
4291
3571
3442
7421
6160
6325
2950
3856
6992
4574
6703
4154
5134
5710
3161
6955
5824
7378
338
5759
3896
1579
67
6305
5887
7190
578
560
6352
7258
623
4192
6361
833
1505
7190
1024
7261
2167
5500
4805
4105
5842
85
1705
3911
7447
6143
1268
3076
3577
4898
5882
7249
3518
3682
1562
3472
2849
3295
5089
5876
6863
3361
2419
4682
3121
5233
7337
6850
1013
6346
4007
1039
2296
512
1765
3937
1604
4972
427
4646
5851
1435
2891
961
1177
2740
2152
5680
2551
3362
6790
1658
2275
3572
3170
6571
4345
3622
3580
1754
6875
2953
1199
3692
3415
6142
2414
3928
6836
4243
11
763
4201
4750
4630
3106
4466
7357
6473
829
2392
5209
5276
1813
7409
4181
1495
7199
2179
4367
340
3074
3472
5723
2947
5512
4588
2923
5125
1903
5726
4039
6241
2986
3170
6725
4486
6082
2198
3043
3442
3491
3176
5524
4949
2149
1156
5065
5479
4831
7258
6178
1856
6868
2354
2299
2191
2917
5194
125
647
5008
4156
1216
3772
4204
4106
6784
6140
7318
3415
1370
275
2249
5539
3929
1363
2104
3757
3577
1616
6961
41
6274
610
4295
4753
6803
6193
5869
4352
847
1531
7357
7070
3913
5113
3602
4075
1375
1465
6230
2900
3272
5425
2432
4984
5683
1102
574
4936
1060
2212
562
7177
4819
7135
2248
7234
6532
4048
5461
4546
1036
1909
5122
4495
7405
7471
3590
2347
1507
4288
6146
5071
298
5954
4403
5912
248
4168
541
169
4499
4747
3398
607
4729
814
5005
4264
2413
5444
1534
5311
1864
574
3020
4195
6839
2875
2720
422
4991
4853
496
4406
916
5296
7109
3973
4756
479
4051
1082
3314
3869
4802
379
4465
2195
4378
7315
7363
3061
4346
1151
5416
1285
5440
7198
7096
2893
3196
703
5810
5905
6014
2836
7043
4913
4259
6931
3347
1397
7288
3508
1916
6326
2795
5129
221
1091
5953
5776
2716
44
6308
4726
1642
3173
6323
928
554
3367
229
5456
2773
3707
862
2005
1634
1636
2866
6754
7147
3934
2026
3467
715
2824
1321
4528
1661
4796
2536
5519
4232
3016
4660
5636
3224
4556
6206
437
3508
1264
2738
6061
2029
5863
73
6967
3829
5906
1007
3889
6523
3479
7444
4100
1864
7367
6739
4031
94
5018
5852
2677
458
6319
5665
6911
1744
6731
3692
3982
6491
2989
6058
3895
1952
3598
5821
1783
4180
2749
1498
1246
6554
2098
283
3215
2134
4969
7258
880
275
4660
5290
430
6788
7177
8
1582
110
3467
7453
1892
1981
916
7199
2036
3739
4594
6337
7336
2128
4178
4696
3370
6032
4160
2687
2828
1111
2492
2999
1102
791
5104
4867
1573
7451
5752
2026
6976
3776
1301
527
5248
517
4780
890
2401
7220
3538
5221
325
6814
1273
4478
5029
4586
542
5446
1480
5519
5119
7427
6469
4681
6037
6244
359
1013
532
6418
1121
2587
6035
3322
1820
7024
7102
1265
4591
295
3170
703
1060
6643
4496
686
1678
3634
680
2014
80
2002
6191
3083
6310
1249
3467
2335
7466
5407
4495
4453
7408
5647
6886
2587
6223
1801
2899
256
508
3863
4108
2410
3043
5134
3407
3226
2818
5467
4366
7489
55
1480
7204
6722
4303
6830
2359
3007
5128
5350
1402
1606
5107
5726
1751
5867
3131
6977
1693
6232
3854
3874
7234
7441
4504
1168
7142
5752
6301
904
5656
2644
781
5692
6229
5435
6064
6494
3487
1112
1102
4936
58
6860
6664
200
5815
3706
6301
5486
805
2543
515
4690
7327
3373
5336
7475
2459
6796
2537
1111
7051
6431
7229
146
6896
4751
2855
7295
827
2977
1421
6557
160
2630
1921
187
2260
2200
6832
6724
3691
2509
922
2714
986
3403
3616
6352
4504
5662
6208
994
6007
872
1309
6398
4444
2215
1840
5447
5467
3136
997
6778
2590
3743
2567
2249
7471
4991
4954
4507
3043
283
1048
5335
6262
3421
4672
457
5869
643
7303
4912
2320
5953
7085
5434
3493
610
424
6754
4024
7330
4336
1445
7078
1393
3724
2689
85
6350
5959
6178
6523
1762
4268
5705
4687
595
6613
1387
367
1754
7393
3356
6634
1684
4960
5609
1324
6377
6652
803
6715
3350
6812
1069
1066
3430
5188
1882
283
7192
5192
2498
4319
742
388
2038
4556
5128
3773
1174
5558
6782
4720
5020
3814
7205
5428
2525
6166
5680
3749
1888
3652
5311
5116
4651
916
2693
2638
3925
6293
2708
1526
3512
4901
4417
7240
6520
5924
2063
6479
6053
1900
5035
2161
6031
2539
2611
2578
2020
7309
3170
4243
6916
6985
6538
1636
1607
4883
481
2071
3523
3826
5911
2018
6121
2482
4661
7412
1933
5639
5407
2533
6574
5672
5116
7334
6379
3442
6985
925
3526
1078
1403
2524
6716
2332
4531
4477
7345
1586
3200
3148
4876
3007
2581
5089
856
4030
1741
7451
5870
3602
1756
6860
5720
2369
7123
5045
2047
3394
5545
4871
2105
391
1522
3034
2599
5989
6538
4000
3745
5729
4490
4513
4549
5737
4720
2578
2051
2011
7207
1156
5116
4555
2774
1220
2947
1910
6916
5999
6397
1861
5731
2750
4343
3775
3247
1627
4013
7370
7097
4757
3742
2638
3953
3014
2416
3781
2440
1759
5398
6521
1076
1796
5891
2140
5597
4579
6559
5653
814
5539
5798
5974
5177
1423
6922
542
5042
6931
4924
3599
7168
1211
