379
400
6073
3910
4613
3949
1651
2144
3505
3398
3280
3073
3289
2443
4885
3952
2206
6283
6328
2899
631
2353
823
614
2149
4841
853
4885
5711
5218
1000
3664
5593
640
544
6056
6622
3283
7000
1804
5582
6433
6025
4769
116
1588
5539
778
2962
1094
2947
4460
3968
212
1792
440
5209
6328
3193
760
5161
2974
3181
4684
4913
6355
646
506
6850
6206
5614
6317
5038
4597
673
6155
2617
6889
476
371
2716
1624
3530
6934
6185
6955
2123
5386
6694
6605
1040
5252
5318
931
1304
3691
1594
3592
3589
4114
1072
5491
6221
841
5234
7187
4606
4823
7121
6406
5755
1402
1619
6844
3836
6199
4402
6377
5867
7096
6065
65
6997
6137
370
7009
3040
1246
6763
1733
3556
5707
6073
538
4021
3700
4690
2047
4859
404
2356
4850
3415
4825
5140
3664
5371
5558
965
4885
3674
4148
431
3397
2434
5878
5864
5419
1016
3709
4501
2305
5843
293
5239
6481
110
2554
2386
587
2530
3944
5299
4753
5959
1462
3757
5653
2402
2881
7204
104
6802
6296
4771
3727
4631
4429
5330
2867
7178
698
6395
7288
1843
1087
2654
4654
5996
3784
6766
1157
2777
6317
3172
5299
1618
3922
554
1714
5390
5647
1397
3655
4846
6652
4921
5029
386
6109
4793
4301
782
3649
3614
326
1790
6794
3868
5827
5584
4099
881
1225
6439
2380
1673
4615
6455
1849
3037
3823
6181
3595
1390
1154
1975
6571
4397
1771
3076
6346
5638
583
4193
6700
1771
2615
6028
4576
1207
7420
358
1784
1286
3058
173
1765
7373
2557
1219
6710
7093
2938
4744
5179
505
4540
2111
5206
1870
2633
5980
1921
1385
3032
3794
1747
46
254
4684
1552
748
3766
5030
7054
3055
7040
853
1612
4009
2428
4591
7439
4192
5056
5722
4373
1867
4915
505
2948
1597
3923
3410
5705
2599
1543
6857
3254
3932
1321
1981
2851
4624
1771
4766
2554
200
1696
5867
6124
3847
1357
6856
4969
1960
3505
2950
6328
2957
1183
2966
2939
4775
2743
604
899
3460
5059
4294
5332
6404
1268
2408
511
1939
1382
2995
7334
4328
244
470
6191
7366
4933
5011
752
5519
2965
5899
4910
2320
5869
4834
1474
1090
580
3772
835
1945
3418
425
6949
2837
7255
7340
5920
6712
5603
3035
6391
4661
6868
2798
6979
4105
6994
1057
2632
5216
6146
3715
6217
3970
5275
5032
1180
1363
6679
5288
3958
4039
5959
328
1372
3722
2431
3919
5800
5041
4850
6895
6458
5602
4213
6163
5524
1267
1096
4330
6160
7336
394
788
2935
1912
7489
1700
6610
2977
371
3263
2695
1340
5938
140
2350
3425
4981
6445
4577
577
4084
2402
964
866
898
2234
1348
4591
877
4555
2500
4186
1481
6722
5797
1312
1834
4256
5575
3716
2246
5273
7477
2836
7499
7369
431
2284
5329
5467
3616
5939
4309
2200
6980
3383
2462
6916
7252
4547
2659
3305
4154
5476
2560
361
326
91
1126
1897
5797
1489
871
2024
2906
4396
6205
4537
4127
568
3398
5980
5614
2938
4741
518
1537
6595
1348
6679
7204
4282
2338
4141
3236
1573
6211
2017
1799
2359
4556
469
1987
3199
5005
4660
4378
5560
2771
3073
1472
22
5878
2881
6673
1684
3398
4324
1696
1405
5182
1849
2255
691
6763
3214
1411
4561
2281
2896
5012
2314
4273
5614
7247
5933
391
7039
5939
1123
206
3052
4094
932
1205
1831
5947
808
3797
6830
1885
370
2777
7393
2224
1111
2792
6158
6010
5437
1400
7264
5264
2624
2476
3151
2947
5699
514
6022
7468
6722
4147
3538
2557
4951
4951
3586
6688
2249
5812
1927
5962
3340
4957
1594
5680
692
2567
4717
5348
4183
6400
4522
1733
5599
7003
4897
2921
3749
2758
98
1195
4195
301
778
7001
1531
6943
3131
5279
529
5074
6829
716
670
5080
2923
2213
1225
4049
4649
2791
7448
3248
2374
4576
3416
311
212
424
7499
1558
2807
5180
3943
1415
6763
1376
6739
203
4105
7390
7430
5122
6085
3511
4846
7291
6403
5849
6413
3880
5240
2428
3059
94
2959
6850
2434
25
3851
4342
5507
2558
95
1663
1517
1937
2107
5576
172
5221
4334
1484
6748
712
3463
1306
7408
1093
7126
4763
1373
4279
7402
787
1424
7333
1426
3238
5324
5128
775
4399
4571
3079
4081
6442
617
5722
7159
385
2905
6353
5521
6266
862
4480
487
2569
7289
5194
500
5677
2465
6649
1147
4160
7414
1232
5638
3332
6644
4303
6532
6689
3446
3697
3392
1411
3823
910
101
4513
6695
6742
4591
6052
4249
6115
784
6778
4058
3322
6238
2006
2246
6040
5023
880
5419
895
7337
7421
5677
3118
1346
4726
2017
5149
4874
7357
2932
1201
4135
2365
5365
2344
6946
2243
3184
485
6712
4690
1915
5254
3970
3379
7468
3605
4192
1741
4018
4954
6073
7277
7261
4556
5630
5044
7346
6082
6889
6139
5722
892
839
4438
2662
2347
2732
2746
3083
787
127
206
7057
1949
2708
2230
1138
653
6623
1391
6641
6731
6013
1813
7387
5512
6214
6779
6766
3154
4675
994
1376
3806
2435
3146
1942
7093
6019
883
4030
2272
5647
1747
7282
853
3004
2110
4855
1393
7274
368
4303
6155
2657
6310
1429
5620
260
2557
2899
242
2944
5948
4216
1336
5044
3217
3463
2576
4595
940
2620
6361
3529
4070
3644
4393
6718
2446
5572
2917
7255
2372
2638
5623
6079
5363
5095
709
4186
3604
499
4621
1250
380
3070
577
5272
821
2314
6844
4831
4354
3919
2410
1939
469
7234
2054
5032
5776
2396
2351
1630
2536
5317
6404
1495
6145
4294
2098
6406
1348
4186
1883
2863
4543
1478
6278
4756
6319
4387
3767
946
4973
5182
5429
341
70
112
1270
382
3853
203
892
7118
2830
6611
3517
4105
1414
3923
5791
130
254
511
3757
5051
4880
4315
2410
3571
1760
5438
1828
1552
1559
4465
4547
3793
4384
