3082
2701
5563
6802
3449
5986
676
335
844
4861
481
1909
5794
6646
6329
3334
1363
4339
7193
2131
2452
6203
988
1420
1112
649
3739
7147
524
5485
5575
7108
1888
760
1769
2060
2281
2089
6727
4534
6715
7072
6347
1550
2864
3628
2437
532
974
2050
64
937
5180
7288
3301
1319
7420
1756
1109
3821
4828
7007
6493
5920
5335
4948
3281
5039
740
3352
7415
6280
2471
4840
3623
7195
1756
7240
4546
1805
2938
1126
302
3296
3493
2425
6352
526
4052
1552
743
1258
4855
4498
6433
1354
746
3104
6410
3416
6313
5326
232
625
890
3088
2252
4603
1961
2084
5584
3529
865
3040
6436
1204
4765
2884
1757
746
2999
1210
3389
6281
5423
4381
5606
88
2797
6115
1252
595
1897
3067
5353
3823
7016
3320
6838
1657
6106
3958
2555
2966
4111
6937
3049
5345
4705
7411
2200
1379
698
3205
4724
4390
4447
2917
5632
6229
6371
5881
5446
1990
3928
5957
4825
3517
1936
5719
6127
2335
5578
7414
127
4408
6019
5948
283
4318
83
1816
3467
2599
3740
4777
1892
5371
5395
2582
2656
6604
4945
449
4426
6152
6907
6641
7442
1879
4835
545
5078
2251
6019
5020
3130
3698
6575
2951
6163
985
403
352
1870
437
6112
1981
5461
2381
719
2089
4346
4618
2579
1661
4516
1445
5068
6305
1322
2545
5528
3149
3997
1435
5759
745
4960
50
760
5359
5056
1420
389
6031
7141
2254
3323
4439
1858
5191
5090
4156
1930
779
3547
3145
2674
5681
5080
877
6992
6331
5923
6131
2329
7157
346
4234
1387
1135
3079
5296
811
3154
700
4247
685
2402
6013
3524
2003
4108
5149
4540
5300
6260
5197
766
3841
112
661
6973
6004
1945
2465
4970
1351
1537
3529
6149
3112
3061
7117
4577
1219
1667
622
3016
5483
3899
655
1190
1108
2380
44
80
3197
3088
6380
5818
5237
5278
490
1208
6314
1660
1450
4216
6982
6340
5948
7297
2728
6662
6221
6592
6728
2239
2917
3248
13
49
1595
5834
6491
2783
6376
1285
1000
6923
6748
982
4348
307
4288
2539
137
7327
5983
6409
4075
5944
5468
4111
3430
3362
4240
3229
2059
7219
6130
7315
5092
3949
5743
4249
2140
6224
296
3544
5710
3484
4243
514
263
4034
6793
4309
6607
6670
379
3497
667
6133
2663
1381
3901
1787
1280
739
1309
700
4379
7124
5102
589
1453
3976
5693
3491
3877
6179
4573
3028
3946
6928
4735
32
3631
5966
5972
6187
2731
1769
6284
959
6754
7229
4522
236
50
7316
1799
5204
1237
4063
1855
2878
1138
1523
6815
7450
3577
3301
7078
5326
5519
328
1246
4000
4786
3128
4030
4912
2788
505
530
5434
6211
4579
1633
67
6904
68
5570
1817
3802
5926
5827
1582
4225
3433
2359
6403
883
6115
7325
5927
5657
1
5554
2017
3164
2086
1906
4804
218
556
496
385
421
3767
5837
4447
7073
1904
3463
5998
6284
2305
6385
3956
1517
4357
409
7432
5108
271
2108
4091
4360
3037
733
2995
842
3566
319
3460
280
1262
4162
6089
4931
1627
2074
5428
6169
121
6593
1394
6337
2597
3557
2885
4484
1555
7136
3319
1129
2446
2102
5468
5597
3307
5150
4738
7180
5471
4873
1046
1744
2885
131
763
5621
236
499
6563
2681
5729
5747
5599
3043
5060
6790
5945
6211
3853
3389
3538
1096
7108
1160
4453
2855
6328
6964
5039
3496
6064
460
7333
5189
4963
5918
3379
1105
7238
3034
250
6301
2603
3622
7120
7409
2224
4091
2084
5755
2458
7315
3892
25
6805
2398
2431
4465
3947
5536
2713
5938
2833
790
6523
2257
1177
3113
217
1249
4396
6833
3964
6601
4306
4910
7478
4588
977
6272
370
5134
7201
5357
6076
4759
6052
1669
2903
214
3928
637
2111
3421
4181
4642
5446
5032
2737
7129
6359
4550
2359
728
892
7340
1859
6358
3448
535
7117
4402
2062
1157
6349
4676
3688
6580
3796
6958
1775
5824
2792
7150
1813
2935
4820
6539
2314
1856
73
4139
3595
4666
3866
5465
3812
1033
5626
7366
223
142
4948
5674
4600
7214
691
2812
407
6856
3475
3176
2246
2224
5779
3307
2677
5908
1279
5939
2848
1004
853
3910
7177
431
4522
4153
4150
3917
5518
5866
1013
1778
6767
52
1511
4318
799
6703
997
2371
3436
4858
883
4540
5374
1108
3638
6397
5027
3172
6113
1876
3764
1315
839
193
905
25
2179
244
6826
3022
5002
3472
1253
7438
3016
6412
2335
2875
2411
5369
1838
6590
4300
4994
6178
88
6199
2014
5521
4675
383
383
3706
217
2317
7264
1460
2525
6316
2161
59
2788
6331
2588
5435
7393
5602
2071
6574
7069
4252
7027
4033
872
3943
6356
1700
128
1741
1816
4919
97
803
1030
3904
1042
289
2333
7468
7249
6739
1411
5260
5396
6901
2339
1307
4585
5602
7108
2027
6118
127
3772
3241
2911
7384
3761
4903
1292
3505
5101
1402
5707
4858
6301
4609
6271
3514
2798
2678
895
2177
1534
2650
4270
5542
6589
5612
6905
4651
5782
1642
658
5042
3670
1975
1885
7493
2620
7019
235
6896
6379
4787
2669
4984
1762
4216
2695
1228
4658
7021
7361
499
1768
6817
1757
3014
5512
1489
6592
1246
7051
2443
2279
3044
4144
5846
5737
6401
3242
98
4894
1124
7487
184
1465
3595
2611
5399
1562
6554
2197
6707
5362
4363
3415
2909
3235
1867
5327
4123
3118
4516
4637
6835
934
6139
190
3179
3179
922
1906
5695
4810
3055
6874
6938
4781
4444
1994
4747
4849
3239
5122
169
4559
6011
1279
6781
398
3352
4897
79
1531
845
2825
3845
6248
2551
7001
6401
3632
1766
3350
1765
3758
1165
6166
4745
1591
1301
5641
3952
7150
2087
505
4397
1079
6973
3328
6370
6650
6236
3314
4655
7210
4570
5198
4324
2033
2332
7444
2707
827
3940
1882
2851
2284
1441
1891
1615
1400
1984
