184001
184002
184003
184004
184005
184006
184007
184032
184033
184034
184035
184036
184037
184038
184039
184064
184065
184066
184067
184068
184069
184070
184071
184096
184097
184098
184099
184100
184101
184102
184103
184128
184129
184130
184131
184132
184133
184134
184135
184160
184161
184162
184163
184164
184165
184166
184167
184192
184193
184194
184195
184196
184197
184198
184199
184224
184225
184226
184227
184228
184229
184230
184231
184256
184257
184258
184259
184260
184261
184262
184263
184288
184289
184290
184291
184292
184293
184294
184295
184320
184321
184322
184323
184324
184325
184326
184327
184352
184353
184354
184355
184356
184357
184358
184359
184384
184385
184386
184387
184388
184389
184390
184391
184416
184417
184418
184419
184420
184421
184422
184423
184448
184449
184450
184451
184452
184453
184454
184455
184480
184481
184482
184483
184484
184485
184486
184487
184512
184513
184514
184515
184516
184517
184518
184519
184544
184545
184546
184547
184548
184549
184550
184551
184576
184577
184578
184579
184580
184581
184582
184583
184608
184609
184610
184611
184612
184613
184614
184615
184640
184641
184642
184643
184644
184645
184646
184647
184672
184673
184674
184675
184676
184677
184678
184679
184704
184705
184706
184707
184708
184709
184710
184711
184736
184737
184738
184739
184740
184741
184742
184743
184768
184769
184770
184771
184772
184773
184774
184775
184800
184801
184802
184803
184804
184805
184806
184807
184832
184833
184834
184835
184836
184837
184838
184839
184864
184865
184866
184867
184868
184869
184870
184871
184896
184897
184898
184899
184900
184901
184902
184903
184928
184929
184930
184931
184932
184933
184934
184935
184960
184961
184962
184963
184964
184965
184966
184967
184992
184993
184994
184995
184996
184997
184998
184999
185024
185025
185026
185027
185028
185029
185030
185031
185056
185057
185058
185059
185060
185061
185062
185063
185088
185089
185090
185091
185092
185093
185094
185095
185120
185121
185122
185123
185124
185125
185126
185127
185152
185153
185154
185155
185156
185157
185158
185159
185184
185185
185186
185187
185188
185189
185190
185191
185216
185217
185218
185219
185220
185221
185222
185223
185248
185249
185250
185251
185252
185253
185254
185255
185280
185281
185282
185283
185284
185285
185286
185287
185312
185313
185314
185315
185316
185317
185318
185319
185344
185345
185346
185347
185348
185349
185350
185351
185376
185377
185378
185379
185380
185381
185382
185383
185408
185409
185410
185411
185412
185413
185414
185415
185440
185441
185442
185443
185444
185445
185446
185447
185472
185473
185474
185475
185476
185477
185478
185479
185504
185505
185506
185507
185508
185509
185510
185511
185536
185537
185538
185539
185540
185541
185542
185543
185568
185569
185570
185571
185572
185573
185574
185575
185600
185601
185602
185603
185604
185605
185606
185607
185632
185633
185634
185635
185636
185637
185638
185639
185664
185665
185666
185667
185668
185669
185670
185671
185696
185697
185698
185699
185700
185701
185702
185703
185728
185729
185730
185731
185732
185733
185734
185735
185760
185761
185762
185763
185764
185765
185766
185767
185792
185793
185794
185795
185796
185797
185798
185799
185824
185825
185826
185827
185828
185829
185830
185831
185856
185857
185858
185859
185860
185861
185862
185863
185888
185889
185890
185891
185892
185893
185894
185895
185920
185921
185922
185923
185924
185925
185926
185927
185952
185953
185954
185955
185956
185957
185958
185959
185984
185985
185986
185987
185988
185989
185990
185991
186016
186017
186018
186019
186020
186021
186022
186023
186048
186049
186050
186051
186052
186053
186054
186055
186080
186081
186082
186083
186084
186085
186086
186087
186112
186113
186114
186115
186116
186117
186118
186119
186144
186145
186146
186147
186148
186149
186150
186151
186176
186177
186178
186179
186180
186181
186182
186183
186208
186209
186210
186211
186212
186213
186214
186215
186240
186241
186242
186243
186244
186245
186246
186247
186272
186273
186274
186275
186276
186277
186278
186279
186304
186305
186306
186307
186308
186309
186310
186311
186336
186337
186338
186339
186340
186341
186342
186343
186368
186369
186370
186371
186372
186373
186374
186375
186400
186401
186402
186403
186404
186405
186406
186407
186432
186433
186434
186435
186436
186437
186438
186439
186464
186465
186466
186467
186468
186469
186470
186471
186496
186497
186498
186499
186500
186501
186502
186503
186528
186529
186530
186531
186532
186533
186534
186535
186560
186561
186562
186563
186564
186565
186566
186567
186592
186593
186594
186595
186596
186597
186598
186599
186624
186625
186626
186627
186628
186629
186630
186631
186656
186657
186658
186659
186660
186661
186662
186663
186688
186689
186690
186691
186692
186693
186694
186695
186720
186721
186722
186723
186724
186725
186726
186727
186752
186753
186754
186755
186756
186757
186758
186759
186784
186785
186786
186787
186788
186789
186790
186791
186816
186817
186818
186819
186820
186821
186822
186823
186848
186849
186850
186851
186852
186853
186854
186855
186880
186881
186882
186883
186884
186885
186886
186887
186912
186913
186914
186915
186916
186917
186918
186919
186944
186945
186946
186947
186948
186949
186950
186951
186976
186977
186978
186979
186980
186981
186982
186983
187008
187009
187010
187011
187012
187013
187014
187015
187040
187041
187042
187043
187044
187045
187046
187047
187072
187073
187074
187075
187076
187077
187078
187079
187104
187105
187106
187107
187108
187109
187110
187111
187136
187137
187138
187139
187140
187141
187142
187143
187168
187169
187170
187171
187172
187173
187174
187175
187200
187201
187202
187203
187204
187205
187206
187207
187232
187233
187234
187235
187236
187237
187238
187239
187264
187265
187266
187267
187268
187269
187270
187271
187296
187297
187298
187299
187300
187301
187302
187303
187328
187329
187330
187331
187332
187333
187334
187335
187360
187361
187362
187363
187364
187365
187366
187367
187392
187393
187394
187395
187396
187397
187398
187399
187424
187425
187426
187427
187428
187429
187430
187431
187456
187457
187458
187459
187460
187461
187462
187463
187488
187489
187490
187491
187492
187493
187494
187495
187520
187521
187522
187523
187524
187525
187526
187527
187552
187553
187554
187555
187556
187557
187558
187559
187584
187585
187586
187587
187588
187589
187590
187591
187616
187617
187618
187619
187620
187621
187622
187623
187648
187649
187650
187651
187652
187653
187654
187655
187680
187681
187682
187683
187684
187685
187686
187687
187712
187713
187714
187715
187716
187717
187718
187719
187744
187745
187746
187747
187748
187749
187750
187751
187776
187777
187778
187779
187780
187781
187782
187783
187808
187809
187810
187811
187812
187813
187814
187815
187840
187841
187842
187843
187844
187845
187846
187847
187872
187873
187874
187875
187876
187877
187878
187879
187904
187905
187906
187907
187908
187909
187910
187911
187936
187937
187938
187939
187940
187941
187942
187943
187968
187969
187970
187971
187972
187973
187974
187975
188000
