76001
76002
76003
76004
76005
76006
76007
76032
76033
76034
76035
76036
76037
76038
76039
76064
76065
76066
76067
76068
76069
76070
76071
76096
76097
76098
76099
76100
76101
76102
76103
76128
76129
76130
76131
76132
76133
76134
76135
76160
76161
76162
76163
76164
76165
76166
76167
76192
76193
76194
76195
76196
76197
76198
76199
76224
76225
76226
76227
76228
76229
76230
76231
76256
76257
76258
76259
76260
76261
76262
76263
76288
76289
76290
76291
76292
76293
76294
76295
76320
76321
76322
76323
76324
76325
76326
76327
76352
76353
76354
76355
76356
76357
76358
76359
76384
76385
76386
76387
76388
76389
76390
76391
76416
76417
76418
76419
76420
76421
76422
76423
76448
76449
76450
76451
76452
76453
76454
76455
76480
76481
76482
76483
76484
76485
76486
76487
76512
76513
76514
76515
76516
76517
76518
76519
76544
76545
76546
76547
76548
76549
76550
76551
76576
76577
76578
76579
76580
76581
76582
76583
76608
76609
76610
76611
76612
76613
76614
76615
76640
76641
76642
76643
76644
76645
76646
76647
76672
76673
76674
76675
76676
76677
76678
76679
76704
76705
76706
76707
76708
76709
76710
76711
76736
76737
76738
76739
76740
76741
76742
76743
76768
76769
76770
76771
76772
76773
76774
76775
76800
76801
76802
76803
76804
76805
76806
76807
76832
76833
76834
76835
76836
76837
76838
76839
76864
76865
76866
76867
76868
76869
76870
76871
76896
76897
76898
76899
76900
76901
76902
76903
76928
76929
76930
76931
76932
76933
76934
76935
76960
76961
76962
76963
76964
76965
76966
76967
76992
76993
76994
76995
76996
76997
76998
76999
77024
77025
77026
77027
77028
77029
77030
77031
77056
77057
77058
77059
77060
77061
77062
77063
77088
77089
77090
77091
77092
77093
77094
77095
77120
77121
77122
77123
77124
77125
77126
77127
77152
77153
77154
77155
77156
77157
77158
77159
77184
77185
77186
77187
77188
77189
77190
77191
77216
77217
77218
77219
77220
77221
77222
77223
77248
77249
77250
77251
77252
77253
77254
77255
77280
77281
77282
77283
77284
77285
77286
77287
77312
77313
77314
77315
77316
77317
77318
77319
77344
77345
77346
77347
77348
77349
77350
77351
77376
77377
77378
77379
77380
77381
77382
77383
77408
77409
77410
77411
77412
77413
77414
77415
77440
77441
77442
77443
77444
77445
77446
77447
77472
77473
77474
77475
77476
77477
77478
77479
77504
77505
77506
77507
77508
77509
77510
77511
77536
77537
77538
77539
77540
77541
77542
77543
77568
77569
77570
77571
77572
77573
77574
77575
77600
77601
77602
77603
77604
77605
77606
77607
77632
77633
77634
77635
77636
77637
77638
77639
77664
77665
77666
77667
77668
77669
77670
77671
77696
77697
77698
77699
77700
77701
77702
77703
77728
77729
77730
77731
77732
77733
77734
77735
77760
77761
77762
77763
77764
77765
77766
77767
77792
77793
77794
77795
77796
77797
77798
77799
77824
77825
77826
77827
77828
77829
77830
77831
77856
77857
77858
77859
77860
77861
77862
77863
77888
77889
77890
77891
77892
77893
77894
77895
77920
77921
77922
77923
77924
77925
77926
77927
77952
77953
77954
77955
77956
77957
77958
77959
77984
77985
77986
77987
77988
77989
77990
77991
78016
78017
78018
78019
78020
78021
78022
78023
78048
78049
78050
78051
78052
78053
78054
78055
78080
78081
78082
78083
78084
78085
78086
78087
78112
78113
78114
78115
78116
78117
78118
78119
78144
78145
78146
78147
78148
78149
78150
78151
78176
78177
78178
78179
78180
78181
78182
78183
78208
78209
78210
78211
78212
78213
78214
78215
78240
78241
78242
78243
78244
78245
78246
78247
78272
78273
78274
78275
78276
78277
78278
78279
78304
78305
78306
78307
78308
78309
78310
78311
78336
78337
78338
78339
78340
78341
78342
78343
78368
78369
78370
78371
78372
78373
78374
78375
78400
78401
78402
78403
78404
78405
78406
78407
78432
78433
78434
78435
78436
78437
78438
78439
78464
78465
78466
78467
78468
78469
78470
78471
78496
78497
78498
78499
78500
78501
78502
78503
78528
78529
78530
78531
78532
78533
78534
78535
78560
78561
78562
78563
78564
78565
78566
78567
78592
78593
78594
78595
78596
78597
78598
78599
78624
78625
78626
78627
78628
78629
78630
78631
78656
78657
78658
78659
78660
78661
78662
78663
78688
78689
78690
78691
78692
78693
78694
78695
78720
78721
78722
78723
78724
78725
78726
78727
78752
78753
78754
78755
78756
78757
78758
78759
78784
78785
78786
78787
78788
78789
78790
78791
78816
78817
78818
78819
78820
78821
78822
78823
78848
78849
78850
78851
78852
78853
78854
78855
78880
78881
78882
78883
78884
78885
78886
78887
78912
78913
78914
78915
78916
78917
78918
78919
78944
78945
78946
78947
78948
78949
78950
78951
78976
78977
78978
78979
78980
78981
78982
78983
79008
79009
79010
79011
79012
79013
79014
79015
79040
79041
79042
79043
79044
79045
79046
79047
79072
79073
79074
79075
79076
79077
79078
79079
79104
79105
79106
79107
79108
79109
79110
79111
79136
79137
79138
79139
79140
79141
79142
79143
79168
79169
79170
79171
79172
79173
79174
79175
79200
79201
79202
79203
79204
79205
79206
79207
79232
79233
79234
79235
79236
79237
79238
79239
79264
79265
79266
79267
79268
79269
79270
79271
79296
79297
79298
79299
79300
79301
79302
79303
79328
79329
79330
79331
79332
79333
79334
79335
79360
79361
79362
79363
79364
79365
79366
79367
79392
79393
79394
79395
79396
79397
79398
79399
79424
79425
79426
79427
79428
79429
79430
79431
79456
79457
79458
79459
79460
79461
79462
79463
79488
79489
79490
79491
79492
79493
79494
79495
79520
79521
79522
79523
79524
79525
79526
79527
79552
79553
79554
79555
79556
79557
79558
79559
79584
79585
79586
79587
79588
79589
79590
79591
79616
79617
79618
79619
79620
79621
79622
79623
79648
79649
79650
79651
79652
79653
79654
79655
79680
79681
79682
79683
79684
79685
79686
79687
79712
79713
79714
79715
79716
79717
79718
79719
79744
79745
79746
79747
79748
79749
79750
79751
79776
79777
79778
79779
79780
79781
79782
79783
79808
79809
79810
79811
79812
79813
79814
79815
79840
79841
79842
79843
79844
79845
79846
79847
79872
79873
79874
79875
79876
79877
79878
79879
79904
79905
79906
79907
79908
79909
79910
79911
79936
79937
79938
79939
79940
79941
79942
79943
79968
79969
79970
79971
79972
79973
79974
79975
80000
