176001
176002
176003
176004
176005
176006
176007
176032
176033
176034
176035
176036
176037
176038
176039
176064
176065
176066
176067
176068
176069
176070
176071
176096
176097
176098
176099
176100
176101
176102
176103
176128
176129
176130
176131
176132
176133
176134
176135
176160
176161
176162
176163
176164
176165
176166
176167
176192
176193
176194
176195
176196
176197
176198
176199
176224
176225
176226
176227
176228
176229
176230
176231
176256
176257
176258
176259
176260
176261
176262
176263
176288
176289
176290
176291
176292
176293
176294
176295
176320
176321
176322
176323
176324
176325
176326
176327
176352
176353
176354
176355
176356
176357
176358
176359
176384
176385
176386
176387
176388
176389
176390
176391
176416
176417
176418
176419
176420
176421
176422
176423
176448
176449
176450
176451
176452
176453
176454
176455
176480
176481
176482
176483
176484
176485
176486
176487
176512
176513
176514
176515
176516
176517
176518
176519
176544
176545
176546
176547
176548
176549
176550
176551
176576
176577
176578
176579
176580
176581
176582
176583
176608
176609
176610
176611
176612
176613
176614
176615
176640
176641
176642
176643
176644
176645
176646
176647
176672
176673
176674
176675
176676
176677
176678
176679
176704
176705
176706
176707
176708
176709
176710
176711
176736
176737
176738
176739
176740
176741
176742
176743
176768
176769
176770
176771
176772
176773
176774
176775
176800
176801
176802
176803
176804
176805
176806
176807
176832
176833
176834
176835
176836
176837
176838
176839
176864
176865
176866
176867
176868
176869
176870
176871
176896
176897
176898
176899
176900
176901
176902
176903
176928
176929
176930
176931
176932
176933
176934
176935
176960
176961
176962
176963
176964
176965
176966
176967
176992
176993
176994
176995
176996
176997
176998
176999
177024
177025
177026
177027
177028
177029
177030
177031
177056
177057
177058
177059
177060
177061
177062
177063
177088
177089
177090
177091
177092
177093
177094
177095
177120
177121
177122
177123
177124
177125
177126
177127
177152
177153
177154
177155
177156
177157
177158
177159
177184
177185
177186
177187
177188
177189
177190
177191
177216
177217
177218
177219
177220
177221
177222
177223
177248
177249
177250
177251
177252
177253
177254
177255
177280
177281
177282
177283
177284
177285
177286
177287
177312
177313
177314
177315
177316
177317
177318
177319
177344
177345
177346
177347
177348
177349
177350
177351
177376
177377
177378
177379
177380
177381
177382
177383
177408
177409
177410
177411
177412
177413
177414
177415
177440
177441
177442
177443
177444
177445
177446
177447
177472
177473
177474
177475
177476
177477
177478
177479
177504
177505
177506
177507
177508
177509
177510
177511
177536
177537
177538
177539
177540
177541
177542
177543
177568
177569
177570
177571
177572
177573
177574
177575
177600
177601
177602
177603
177604
177605
177606
177607
177632
177633
177634
177635
177636
177637
177638
177639
177664
177665
177666
177667
177668
177669
177670
177671
177696
177697
177698
177699
177700
177701
177702
177703
177728
177729
177730
177731
177732
177733
177734
177735
177760
177761
177762
177763
177764
177765
177766
177767
177792
177793
177794
177795
177796
177797
177798
177799
177824
177825
177826
177827
177828
177829
177830
177831
177856
177857
177858
177859
177860
177861
177862
177863
177888
177889
177890
177891
177892
177893
177894
177895
177920
177921
177922
177923
177924
177925
177926
177927
177952
177953
177954
177955
177956
177957
177958
177959
177984
177985
177986
177987
177988
177989
177990
177991
178016
178017
178018
178019
178020
178021
178022
178023
178048
178049
178050
178051
178052
178053
178054
178055
178080
178081
178082
178083
178084
178085
178086
178087
178112
178113
178114
178115
178116
178117
178118
178119
178144
178145
178146
178147
178148
178149
178150
178151
178176
178177
178178
178179
178180
178181
178182
178183
178208
178209
178210
178211
178212
178213
178214
178215
178240
178241
178242
178243
178244
178245
178246
178247
178272
178273
178274
178275
178276
178277
178278
178279
178304
178305
178306
178307
178308
178309
178310
178311
178336
178337
178338
178339
178340
178341
178342
178343
178368
178369
178370
178371
178372
178373
178374
178375
178400
178401
178402
178403
178404
178405
178406
178407
178432
178433
178434
178435
178436
178437
178438
178439
178464
178465
178466
178467
178468
178469
178470
178471
178496
178497
178498
178499
178500
178501
178502
178503
178528
178529
178530
178531
178532
178533
178534
178535
178560
178561
178562
178563
178564
178565
178566
178567
178592
178593
178594
178595
178596
178597
178598
178599
178624
178625
178626
178627
178628
178629
178630
178631
178656
178657
178658
178659
178660
178661
178662
178663
178688
178689
178690
178691
178692
178693
178694
178695
178720
178721
178722
178723
178724
178725
178726
178727
178752
178753
178754
178755
178756
178757
178758
178759
178784
178785
178786
178787
178788
178789
178790
178791
178816
178817
178818
178819
178820
178821
178822
178823
178848
178849
178850
178851
178852
178853
178854
178855
178880
178881
178882
178883
178884
178885
178886
178887
178912
178913
178914
178915
178916
178917
178918
178919
178944
178945
178946
178947
178948
178949
178950
178951
178976
178977
178978
178979
178980
178981
178982
178983
179008
179009
179010
179011
179012
179013
179014
179015
179040
179041
179042
179043
179044
179045
179046
179047
179072
179073
179074
179075
179076
179077
179078
179079
179104
179105
179106
179107
179108
179109
179110
179111
179136
179137
179138
179139
179140
179141
179142
179143
179168
179169
179170
179171
179172
179173
179174
179175
179200
179201
179202
179203
179204
179205
179206
179207
179232
179233
179234
179235
179236
179237
179238
179239
179264
179265
179266
179267
179268
179269
179270
179271
179296
179297
179298
179299
179300
179301
179302
179303
179328
179329
179330
179331
179332
179333
179334
179335
179360
179361
179362
179363
179364
179365
179366
179367
179392
179393
179394
179395
179396
179397
179398
179399
179424
179425
179426
179427
179428
179429
179430
179431
179456
179457
179458
179459
179460
179461
179462
179463
179488
179489
179490
179491
179492
179493
179494
179495
179520
179521
179522
179523
179524
179525
179526
179527
179552
179553
179554
179555
179556
179557
179558
179559
179584
179585
179586
179587
179588
179589
179590
179591
179616
179617
179618
179619
179620
179621
179622
179623
179648
179649
179650
179651
179652
179653
179654
179655
179680
179681
179682
179683
179684
179685
179686
179687
179712
179713
179714
179715
179716
179717
179718
179719
179744
179745
179746
179747
179748
179749
179750
179751
179776
179777
179778
179779
179780
179781
179782
179783
179808
179809
179810
179811
179812
179813
179814
179815
179840
179841
179842
179843
179844
179845
179846
179847
179872
179873
179874
179875
179876
179877
179878
179879
179904
179905
179906
179907
179908
179909
179910
179911
179936
179937
179938
179939
179940
179941
179942
179943
179968
179969
179970
179971
179972
179973
179974
179975
180000
