236001
236002
236003
236004
236005
236006
236007
236032
236033
236034
236035
236036
236037
236038
236039
236064
236065
236066
236067
236068
236069
236070
236071
236096
236097
236098
236099
236100
236101
236102
236103
236128
236129
236130
236131
236132
236133
236134
236135
236160
236161
236162
236163
236164
236165
236166
236167
236192
236193
236194
236195
236196
236197
236198
236199
236224
236225
236226
236227
236228
236229
236230
236231
236256
236257
236258
236259
236260
236261
236262
236263
236288
236289
236290
236291
236292
236293
236294
236295
236320
236321
236322
236323
236324
236325
236326
236327
236352
236353
236354
236355
236356
236357
236358
236359
236384
236385
236386
236387
236388
236389
236390
236391
236416
236417
236418
236419
236420
236421
236422
236423
236448
236449
236450
236451
236452
236453
236454
236455
236480
236481
236482
236483
236484
236485
236486
236487
236512
236513
236514
236515
236516
236517
236518
236519
236544
236545
236546
236547
236548
236549
236550
236551
236576
236577
236578
236579
236580
236581
236582
236583
236608
236609
236610
236611
236612
236613
236614
236615
236640
236641
236642
236643
236644
236645
236646
236647
236672
236673
236674
236675
236676
236677
236678
236679
236704
236705
236706
236707
236708
236709
236710
236711
236736
236737
236738
236739
236740
236741
236742
236743
236768
236769
236770
236771
236772
236773
236774
236775
236800
236801
236802
236803
236804
236805
236806
236807
236832
236833
236834
236835
236836
236837
236838
236839
236864
236865
236866
236867
236868
236869
236870
236871
236896
236897
236898
236899
236900
236901
236902
236903
236928
236929
236930
236931
236932
236933
236934
236935
236960
236961
236962
236963
236964
236965
236966
236967
236992
236993
236994
236995
236996
236997
236998
236999
237024
237025
237026
237027
237028
237029
237030
237031
237056
237057
237058
237059
237060
237061
237062
237063
237088
237089
237090
237091
237092
237093
237094
237095
237120
237121
237122
237123
237124
237125
237126
237127
237152
237153
237154
237155
237156
237157
237158
237159
237184
237185
237186
237187
237188
237189
237190
237191
237216
237217
237218
237219
237220
237221
237222
237223
237248
237249
237250
237251
237252
237253
237254
237255
237280
237281
237282
237283
237284
237285
237286
237287
237312
237313
237314
237315
237316
237317
237318
237319
237344
237345
237346
237347
237348
237349
237350
237351
237376
237377
237378
237379
237380
237381
237382
237383
237408
237409
237410
237411
237412
237413
237414
237415
237440
237441
237442
237443
237444
237445
237446
237447
237472
237473
237474
237475
237476
237477
237478
237479
237504
237505
237506
237507
237508
237509
237510
237511
237536
237537
237538
237539
237540
237541
237542
237543
237568
237569
237570
237571
237572
237573
237574
237575
237600
237601
237602
237603
237604
237605
237606
237607
237632
237633
237634
237635
237636
237637
237638
237639
237664
237665
237666
237667
237668
237669
237670
237671
237696
237697
237698
237699
237700
237701
237702
237703
237728
237729
237730
237731
237732
237733
237734
237735
237760
237761
237762
237763
237764
237765
237766
237767
237792
237793
237794
237795
237796
237797
237798
237799
237824
237825
237826
237827
237828
237829
237830
237831
237856
237857
237858
237859
237860
237861
237862
237863
237888
237889
237890
237891
237892
237893
237894
237895
237920
237921
237922
237923
237924
237925
237926
237927
237952
237953
237954
237955
237956
237957
237958
237959
237984
237985
237986
237987
237988
237989
237990
237991
238016
238017
238018
238019
238020
238021
238022
238023
238048
238049
238050
238051
238052
238053
238054
238055
238080
238081
238082
238083
238084
238085
238086
238087
238112
238113
238114
238115
238116
238117
238118
238119
238144
238145
238146
238147
238148
238149
238150
238151
238176
238177
238178
238179
238180
238181
238182
238183
238208
238209
238210
238211
238212
238213
238214
238215
238240
238241
238242
238243
238244
238245
238246
238247
238272
238273
238274
238275
238276
238277
238278
238279
238304
238305
238306
238307
238308
238309
238310
238311
238336
238337
238338
238339
238340
238341
238342
238343
238368
238369
238370
238371
238372
238373
238374
238375
238400
238401
238402
238403
238404
238405
238406
238407
238432
238433
238434
238435
238436
238437
238438
238439
238464
238465
238466
238467
238468
238469
238470
238471
238496
238497
238498
238499
238500
238501
238502
238503
238528
238529
238530
238531
238532
238533
238534
238535
238560
238561
238562
238563
238564
238565
238566
238567
238592
238593
238594
238595
238596
238597
238598
238599
238624
238625
238626
238627
238628
238629
238630
238631
238656
238657
238658
238659
238660
238661
238662
238663
238688
238689
238690
238691
238692
238693
238694
238695
238720
238721
238722
238723
238724
238725
238726
238727
238752
238753
238754
238755
238756
238757
238758
238759
238784
238785
238786
238787
238788
238789
238790
238791
238816
238817
238818
238819
238820
238821
238822
238823
238848
238849
238850
238851
238852
238853
238854
238855
238880
238881
238882
238883
238884
238885
238886
238887
238912
238913
238914
238915
238916
238917
238918
238919
238944
238945
238946
238947
238948
238949
238950
238951
238976
238977
238978
238979
238980
238981
238982
238983
239008
239009
239010
239011
239012
239013
239014
239015
239040
239041
239042
239043
239044
239045
239046
239047
239072
239073
239074
239075
239076
239077
239078
239079
239104
239105
239106
239107
239108
239109
239110
239111
239136
239137
239138
239139
239140
239141
239142
239143
239168
239169
239170
239171
239172
239173
239174
239175
239200
239201
239202
239203
239204
239205
239206
239207
239232
239233
239234
239235
239236
239237
239238
239239
239264
239265
239266
239267
239268
239269
239270
239271
239296
239297
239298
239299
239300
239301
239302
239303
239328
239329
239330
239331
239332
239333
239334
239335
239360
239361
239362
239363
239364
239365
239366
239367
239392
239393
239394
239395
239396
239397
239398
239399
239424
239425
239426
239427
239428
239429
239430
239431
239456
239457
239458
239459
239460
239461
239462
239463
239488
239489
239490
239491
239492
239493
239494
239495
239520
239521
239522
239523
239524
239525
239526
239527
239552
239553
239554
239555
239556
239557
239558
239559
239584
239585
239586
239587
239588
239589
239590
239591
239616
239617
239618
239619
239620
239621
239622
239623
239648
239649
239650
239651
239652
239653
239654
239655
239680
239681
239682
239683
239684
239685
239686
239687
239712
239713
239714
239715
239716
239717
239718
239719
239744
239745
239746
239747
239748
239749
239750
239751
239776
239777
239778
239779
239780
239781
239782
239783
239808
239809
239810
239811
239812
239813
239814
239815
239840
239841
239842
239843
239844
239845
239846
239847
239872
239873
239874
239875
239876
239877
239878
239879
239904
239905
239906
239907
239908
239909
239910
239911
239936
239937
239938
239939
239940
239941
239942
239943
239968
239969
239970
239971
239972
239973
239974
239975
240000
