200001
200002
200003
200004
200005
200006
200007
200032
200033
200034
200035
200036
200037
200038
200039
200064
200065
200066
200067
200068
200069
200070
200071
200096
200097
200098
200099
200100
200101
200102
200103
200128
200129
200130
200131
200132
200133
200134
200135
200160
200161
200162
200163
200164
200165
200166
200167
200192
200193
200194
200195
200196
200197
200198
200199
200224
200225
200226
200227
200228
200229
200230
200231
200256
200257
200258
200259
200260
200261
200262
200263
200288
200289
200290
200291
200292
200293
200294
200295
200320
200321
200322
200323
200324
200325
200326
200327
200352
200353
200354
200355
200356
200357
200358
200359
200384
200385
200386
200387
200388
200389
200390
200391
200416
200417
200418
200419
200420
200421
200422
200423
200448
200449
200450
200451
200452
200453
200454
200455
200480
200481
200482
200483
200484
200485
200486
200487
200512
200513
200514
200515
200516
200517
200518
200519
200544
200545
200546
200547
200548
200549
200550
200551
200576
200577
200578
200579
200580
200581
200582
200583
200608
200609
200610
200611
200612
200613
200614
200615
200640
200641
200642
200643
200644
200645
200646
200647
200672
200673
200674
200675
200676
200677
200678
200679
200704
200705
200706
200707
200708
200709
200710
200711
200736
200737
200738
200739
200740
200741
200742
200743
200768
200769
200770
200771
200772
200773
200774
200775
200800
200801
200802
200803
200804
200805
200806
200807
200832
200833
200834
200835
200836
200837
200838
200839
200864
200865
200866
200867
200868
200869
200870
200871
200896
200897
200898
200899
200900
200901
200902
200903
200928
200929
200930
200931
200932
200933
200934
200935
200960
200961
200962
200963
200964
200965
200966
200967
200992
200993
200994
200995
200996
200997
200998
200999
201024
201025
201026
201027
201028
201029
201030
201031
201056
201057
201058
201059
201060
201061
201062
201063
201088
201089
201090
201091
201092
201093
201094
201095
201120
201121
201122
201123
201124
201125
201126
201127
201152
201153
201154
201155
201156
201157
201158
201159
201184
201185
201186
201187
201188
201189
201190
201191
201216
201217
201218
201219
201220
201221
201222
201223
201248
201249
201250
201251
201252
201253
201254
201255
201280
201281
201282
201283
201284
201285
201286
201287
201312
201313
201314
201315
201316
201317
201318
201319
201344
201345
201346
201347
201348
201349
201350
201351
201376
201377
201378
201379
201380
201381
201382
201383
201408
201409
201410
201411
201412
201413
201414
201415
201440
201441
201442
201443
201444
201445
201446
201447
201472
201473
201474
201475
201476
201477
201478
201479
201504
201505
201506
201507
201508
201509
201510
201511
201536
201537
201538
201539
201540
201541
201542
201543
201568
201569
201570
201571
201572
201573
201574
201575
201600
201601
201602
201603
201604
201605
201606
201607
201632
201633
201634
201635
201636
201637
201638
201639
201664
201665
201666
201667
201668
201669
201670
201671
201696
201697
201698
201699
201700
201701
201702
201703
201728
201729
201730
201731
201732
201733
201734
201735
201760
201761
201762
201763
201764
201765
201766
201767
201792
201793
201794
201795
201796
201797
201798
201799
201824
201825
201826
201827
201828
201829
201830
201831
201856
201857
201858
201859
201860
201861
201862
201863
201888
201889
201890
201891
201892
201893
201894
201895
201920
201921
201922
201923
201924
201925
201926
201927
201952
201953
201954
201955
201956
201957
201958
201959
201984
201985
201986
201987
201988
201989
201990
201991
202016
202017
202018
202019
202020
202021
202022
202023
202048
202049
202050
202051
202052
202053
202054
202055
202080
202081
202082
202083
202084
202085
202086
202087
202112
202113
202114
202115
202116
202117
202118
202119
202144
202145
202146
202147
202148
202149
202150
202151
202176
202177
202178
202179
202180
202181
202182
202183
202208
202209
202210
202211
202212
202213
202214
202215
202240
202241
202242
202243
202244
202245
202246
202247
202272
202273
202274
202275
202276
202277
202278
202279
202304
202305
202306
202307
202308
202309
202310
202311
202336
202337
202338
202339
202340
202341
202342
202343
202368
202369
202370
202371
202372
202373
202374
202375
202400
202401
202402
202403
202404
202405
202406
202407
202432
202433
202434
202435
202436
202437
202438
202439
202464
202465
202466
202467
202468
202469
202470
202471
202496
202497
202498
202499
202500
202501
202502
202503
202528
202529
202530
202531
202532
202533
202534
202535
202560
202561
202562
202563
202564
202565
202566
202567
202592
202593
202594
202595
202596
202597
202598
202599
202624
202625
202626
202627
202628
202629
202630
202631
202656
202657
202658
202659
202660
202661
202662
202663
202688
202689
202690
202691
202692
202693
202694
202695
202720
202721
202722
202723
202724
202725
202726
202727
202752
202753
202754
202755
202756
202757
202758
202759
202784
202785
202786
202787
202788
202789
202790
202791
202816
202817
202818
202819
202820
202821
202822
202823
202848
202849
202850
202851
202852
202853
202854
202855
202880
202881
202882
202883
202884
202885
202886
202887
202912
202913
202914
202915
202916
202917
202918
202919
202944
202945
202946
202947
202948
202949
202950
202951
202976
202977
202978
202979
202980
202981
202982
202983
203008
203009
203010
203011
203012
203013
203014
203015
203040
203041
203042
203043
203044
203045
203046
203047
203072
203073
203074
203075
203076
203077
203078
203079
203104
203105
203106
203107
203108
203109
203110
203111
203136
203137
203138
203139
203140
203141
203142
203143
203168
203169
203170
203171
203172
203173
203174
203175
203200
203201
203202
203203
203204
203205
203206
203207
203232
203233
203234
203235
203236
203237
203238
203239
203264
203265
203266
203267
203268
203269
203270
203271
203296
203297
203298
203299
203300
203301
203302
203303
203328
203329
203330
203331
203332
203333
203334
203335
203360
203361
203362
203363
203364
203365
203366
203367
203392
203393
203394
203395
203396
203397
203398
203399
203424
203425
203426
203427
203428
203429
203430
203431
203456
203457
203458
203459
203460
203461
203462
203463
203488
203489
203490
203491
203492
203493
203494
203495
203520
203521
203522
203523
203524
203525
203526
203527
203552
203553
203554
203555
203556
203557
203558
203559
203584
203585
203586
203587
203588
203589
203590
203591
203616
203617
203618
203619
203620
203621
203622
203623
203648
203649
203650
203651
203652
203653
203654
203655
203680
203681
203682
203683
203684
203685
203686
203687
203712
203713
203714
203715
203716
203717
203718
203719
203744
203745
203746
203747
203748
203749
203750
203751
203776
203777
203778
203779
203780
203781
203782
203783
203808
203809
203810
203811
203812
203813
203814
203815
203840
203841
203842
203843
203844
203845
203846
203847
203872
203873
203874
203875
203876
203877
203878
203879
203904
203905
203906
203907
203908
203909
203910
203911
203936
203937
203938
203939
203940
203941
203942
203943
203968
203969
203970
203971
203972
203973
203974
203975
204000
