124001
124002
124003
124004
124005
124006
124007
124032
124033
124034
124035
124036
124037
124038
124039
124064
124065
124066
124067
124068
124069
124070
124071
124096
124097
124098
124099
124100
124101
124102
124103
124128
124129
124130
124131
124132
124133
124134
124135
124160
124161
124162
124163
124164
124165
124166
124167
124192
124193
124194
124195
124196
124197
124198
124199
124224
124225
124226
124227
124228
124229
124230
124231
124256
124257
124258
124259
124260
124261
124262
124263
124288
124289
124290
124291
124292
124293
124294
124295
124320
124321
124322
124323
124324
124325
124326
124327
124352
124353
124354
124355
124356
124357
124358
124359
124384
124385
124386
124387
124388
124389
124390
124391
124416
124417
124418
124419
124420
124421
124422
124423
124448
124449
124450
124451
124452
124453
124454
124455
124480
124481
124482
124483
124484
124485
124486
124487
124512
124513
124514
124515
124516
124517
124518
124519
124544
124545
124546
124547
124548
124549
124550
124551
124576
124577
124578
124579
124580
124581
124582
124583
124608
124609
124610
124611
124612
124613
124614
124615
124640
124641
124642
124643
124644
124645
124646
124647
124672
124673
124674
124675
124676
124677
124678
124679
124704
124705
124706
124707
124708
124709
124710
124711
124736
124737
124738
124739
124740
124741
124742
124743
124768
124769
124770
124771
124772
124773
124774
124775
124800
124801
124802
124803
124804
124805
124806
124807
124832
124833
124834
124835
124836
124837
124838
124839
124864
124865
124866
124867
124868
124869
124870
124871
124896
124897
124898
124899
124900
124901
124902
124903
124928
124929
124930
124931
124932
124933
124934
124935
124960
124961
124962
124963
124964
124965
124966
124967
124992
124993
124994
124995
124996
124997
124998
124999
125024
125025
125026
125027
125028
125029
125030
125031
125056
125057
125058
125059
125060
125061
125062
125063
125088
125089
125090
125091
125092
125093
125094
125095
125120
125121
125122
125123
125124
125125
125126
125127
125152
125153
125154
125155
125156
125157
125158
125159
125184
125185
125186
125187
125188
125189
125190
125191
125216
125217
125218
125219
125220
125221
125222
125223
125248
125249
125250
125251
125252
125253
125254
125255
125280
125281
125282
125283
125284
125285
125286
125287
125312
125313
125314
125315
125316
125317
125318
125319
125344
125345
125346
125347
125348
125349
125350
125351
125376
125377
125378
125379
125380
125381
125382
125383
125408
125409
125410
125411
125412
125413
125414
125415
125440
125441
125442
125443
125444
125445
125446
125447
125472
125473
125474
125475
125476
125477
125478
125479
125504
125505
125506
125507
125508
125509
125510
125511
125536
125537
125538
125539
125540
125541
125542
125543
125568
125569
125570
125571
125572
125573
125574
125575
125600
125601
125602
125603
125604
125605
125606
125607
125632
125633
125634
125635
125636
125637
125638
125639
125664
125665
125666
125667
125668
125669
125670
125671
125696
125697
125698
125699
125700
125701
125702
125703
125728
125729
125730
125731
125732
125733
125734
125735
125760
125761
125762
125763
125764
125765
125766
125767
125792
125793
125794
125795
125796
125797
125798
125799
125824
125825
125826
125827
125828
125829
125830
125831
125856
125857
125858
125859
125860
125861
125862
125863
125888
125889
125890
125891
125892
125893
125894
125895
125920
125921
125922
125923
125924
125925
125926
125927
125952
125953
125954
125955
125956
125957
125958
125959
125984
125985
125986
125987
125988
125989
125990
125991
126016
126017
126018
126019
126020
126021
126022
126023
126048
126049
126050
126051
126052
126053
126054
126055
126080
126081
126082
126083
126084
126085
126086
126087
126112
126113
126114
126115
126116
126117
126118
126119
126144
126145
126146
126147
126148
126149
126150
126151
126176
126177
126178
126179
126180
126181
126182
126183
126208
126209
126210
126211
126212
126213
126214
126215
126240
126241
126242
126243
126244
126245
126246
126247
126272
126273
126274
126275
126276
126277
126278
126279
126304
126305
126306
126307
126308
126309
126310
126311
126336
126337
126338
126339
126340
126341
126342
126343
126368
126369
126370
126371
126372
126373
126374
126375
126400
126401
126402
126403
126404
126405
126406
126407
126432
126433
126434
126435
126436
126437
126438
126439
126464
126465
126466
126467
126468
126469
126470
126471
126496
126497
126498
126499
126500
126501
126502
126503
126528
126529
126530
126531
126532
126533
126534
126535
126560
126561
126562
126563
126564
126565
126566
126567
126592
126593
126594
126595
126596
126597
126598
126599
126624
126625
126626
126627
126628
126629
126630
126631
126656
126657
126658
126659
126660
126661
126662
126663
126688
126689
126690
126691
126692
126693
126694
126695
126720
126721
126722
126723
126724
126725
126726
126727
126752
126753
126754
126755
126756
126757
126758
126759
126784
126785
126786
126787
126788
126789
126790
126791
126816
126817
126818
126819
126820
126821
126822
126823
126848
126849
126850
126851
126852
126853
126854
126855
126880
126881
126882
126883
126884
126885
126886
126887
126912
126913
126914
126915
126916
126917
126918
126919
126944
126945
126946
126947
126948
126949
126950
126951
126976
126977
126978
126979
126980
126981
126982
126983
127008
127009
127010
127011
127012
127013
127014
127015
127040
127041
127042
127043
127044
127045
127046
127047
127072
127073
127074
127075
127076
127077
127078
127079
127104
127105
127106
127107
127108
127109
127110
127111
127136
127137
127138
127139
127140
127141
127142
127143
127168
127169
127170
127171
127172
127173
127174
127175
127200
127201
127202
127203
127204
127205
127206
127207
127232
127233
127234
127235
127236
127237
127238
127239
127264
127265
127266
127267
127268
127269
127270
127271
127296
127297
127298
127299
127300
127301
127302
127303
127328
127329
127330
127331
127332
127333
127334
127335
127360
127361
127362
127363
127364
127365
127366
127367
127392
127393
127394
127395
127396
127397
127398
127399
127424
127425
127426
127427
127428
127429
127430
127431
127456
127457
127458
127459
127460
127461
127462
127463
127488
127489
127490
127491
127492
127493
127494
127495
127520
127521
127522
127523
127524
127525
127526
127527
127552
127553
127554
127555
127556
127557
127558
127559
127584
127585
127586
127587
127588
127589
127590
127591
127616
127617
127618
127619
127620
127621
127622
127623
127648
127649
127650
127651
127652
127653
127654
127655
127680
127681
127682
127683
127684
127685
127686
127687
127712
127713
127714
127715
127716
127717
127718
127719
127744
127745
127746
127747
127748
127749
127750
127751
127776
127777
127778
127779
127780
127781
127782
127783
127808
127809
127810
127811
127812
127813
127814
127815
127840
127841
127842
127843
127844
127845
127846
127847
127872
127873
127874
127875
127876
127877
127878
127879
127904
127905
127906
127907
127908
127909
127910
127911
127936
127937
127938
127939
127940
127941
127942
127943
127968
127969
127970
127971
127972
127973
127974
127975
128000
