148001
148002
148003
148004
148005
148006
148007
148032
148033
148034
148035
148036
148037
148038
148039
148064
148065
148066
148067
148068
148069
148070
148071
148096
148097
148098
148099
148100
148101
148102
148103
148128
148129
148130
148131
148132
148133
148134
148135
148160
148161
148162
148163
148164
148165
148166
148167
148192
148193
148194
148195
148196
148197
148198
148199
148224
148225
148226
148227
148228
148229
148230
148231
148256
148257
148258
148259
148260
148261
148262
148263
148288
148289
148290
148291
148292
148293
148294
148295
148320
148321
148322
148323
148324
148325
148326
148327
148352
148353
148354
148355
148356
148357
148358
148359
148384
148385
148386
148387
148388
148389
148390
148391
148416
148417
148418
148419
148420
148421
148422
148423
148448
148449
148450
148451
148452
148453
148454
148455
148480
148481
148482
148483
148484
148485
148486
148487
148512
148513
148514
148515
148516
148517
148518
148519
148544
148545
148546
148547
148548
148549
148550
148551
148576
148577
148578
148579
148580
148581
148582
148583
148608
148609
148610
148611
148612
148613
148614
148615
148640
148641
148642
148643
148644
148645
148646
148647
148672
148673
148674
148675
148676
148677
148678
148679
148704
148705
148706
148707
148708
148709
148710
148711
148736
148737
148738
148739
148740
148741
148742
148743
148768
148769
148770
148771
148772
148773
148774
148775
148800
148801
148802
148803
148804
148805
148806
148807
148832
148833
148834
148835
148836
148837
148838
148839
148864
148865
148866
148867
148868
148869
148870
148871
148896
148897
148898
148899
148900
148901
148902
148903
148928
148929
148930
148931
148932
148933
148934
148935
148960
148961
148962
148963
148964
148965
148966
148967
148992
148993
148994
148995
148996
148997
148998
148999
149024
149025
149026
149027
149028
149029
149030
149031
149056
149057
149058
149059
149060
149061
149062
149063
149088
149089
149090
149091
149092
149093
149094
149095
149120
149121
149122
149123
149124
149125
149126
149127
149152
149153
149154
149155
149156
149157
149158
149159
149184
149185
149186
149187
149188
149189
149190
149191
149216
149217
149218
149219
149220
149221
149222
149223
149248
149249
149250
149251
149252
149253
149254
149255
149280
149281
149282
149283
149284
149285
149286
149287
149312
149313
149314
149315
149316
149317
149318
149319
149344
149345
149346
149347
149348
149349
149350
149351
149376
149377
149378
149379
149380
149381
149382
149383
149408
149409
149410
149411
149412
149413
149414
149415
149440
149441
149442
149443
149444
149445
149446
149447
149472
149473
149474
149475
149476
149477
149478
149479
149504
149505
149506
149507
149508
149509
149510
149511
149536
149537
149538
149539
149540
149541
149542
149543
149568
149569
149570
149571
149572
149573
149574
149575
149600
149601
149602
149603
149604
149605
149606
149607
149632
149633
149634
149635
149636
149637
149638
149639
149664
149665
149666
149667
149668
149669
149670
149671
149696
149697
149698
149699
149700
149701
149702
149703
149728
149729
149730
149731
149732
149733
149734
149735
149760
149761
149762
149763
149764
149765
149766
149767
149792
149793
149794
149795
149796
149797
149798
149799
149824
149825
149826
149827
149828
149829
149830
149831
149856
149857
149858
149859
149860
149861
149862
149863
149888
149889
149890
149891
149892
149893
149894
149895
149920
149921
149922
149923
149924
149925
149926
149927
149952
149953
149954
149955
149956
149957
149958
149959
149984
149985
149986
149987
149988
149989
149990
149991
150016
150017
150018
150019
150020
150021
150022
150023
150048
150049
150050
150051
150052
150053
150054
150055
150080
150081
150082
150083
150084
150085
150086
150087
150112
150113
150114
150115
150116
150117
150118
150119
150144
150145
150146
150147
150148
150149
150150
150151
150176
150177
150178
150179
150180
150181
150182
150183
150208
150209
150210
150211
150212
150213
150214
150215
150240
150241
150242
150243
150244
150245
150246
150247
150272
150273
150274
150275
150276
150277
150278
150279
150304
150305
150306
150307
150308
150309
150310
150311
150336
150337
150338
150339
150340
150341
150342
150343
150368
150369
150370
150371
150372
150373
150374
150375
150400
150401
150402
150403
150404
150405
150406
150407
150432
150433
150434
150435
150436
150437
150438
150439
150464
150465
150466
150467
150468
150469
150470
150471
150496
150497
150498
150499
150500
150501
150502
150503
150528
150529
150530
150531
150532
150533
150534
150535
150560
150561
150562
150563
150564
150565
150566
150567
150592
150593
150594
150595
150596
150597
150598
150599
150624
150625
150626
150627
150628
150629
150630
150631
150656
150657
150658
150659
150660
150661
150662
150663
150688
150689
150690
150691
150692
150693
150694
150695
150720
150721
150722
150723
150724
150725
150726
150727
150752
150753
150754
150755
150756
150757
150758
150759
150784
150785
150786
150787
150788
150789
150790
150791
150816
150817
150818
150819
150820
150821
150822
150823
150848
150849
150850
150851
150852
150853
150854
150855
150880
150881
150882
150883
150884
150885
150886
150887
150912
150913
150914
150915
150916
150917
150918
150919
150944
150945
150946
150947
150948
150949
150950
150951
150976
150977
150978
150979
150980
150981
150982
150983
151008
151009
151010
151011
151012
151013
151014
151015
151040
151041
151042
151043
151044
151045
151046
151047
151072
151073
151074
151075
151076
151077
151078
151079
151104
151105
151106
151107
151108
151109
151110
151111
151136
151137
151138
151139
151140
151141
151142
151143
151168
151169
151170
151171
151172
151173
151174
151175
151200
151201
151202
151203
151204
151205
151206
151207
151232
151233
151234
151235
151236
151237
151238
151239
151264
151265
151266
151267
151268
151269
151270
151271
151296
151297
151298
151299
151300
151301
151302
151303
151328
151329
151330
151331
151332
151333
151334
151335
151360
151361
151362
151363
151364
151365
151366
151367
151392
151393
151394
151395
151396
151397
151398
151399
151424
151425
151426
151427
151428
151429
151430
151431
151456
151457
151458
151459
151460
151461
151462
151463
151488
151489
151490
151491
151492
151493
151494
151495
151520
151521
151522
151523
151524
151525
151526
151527
151552
151553
151554
151555
151556
151557
151558
151559
151584
151585
151586
151587
151588
151589
151590
151591
151616
151617
151618
151619
151620
151621
151622
151623
151648
151649
151650
151651
151652
151653
151654
151655
151680
151681
151682
151683
151684
151685
151686
151687
151712
151713
151714
151715
151716
151717
151718
151719
151744
151745
151746
151747
151748
151749
151750
151751
151776
151777
151778
151779
151780
151781
151782
151783
151808
151809
151810
151811
151812
151813
151814
151815
151840
151841
151842
151843
151844
151845
151846
151847
151872
151873
151874
151875
151876
151877
151878
151879
151904
151905
151906
151907
151908
151909
151910
151911
151936
151937
151938
151939
151940
151941
151942
151943
151968
151969
151970
151971
151972
151973
151974
151975
152000
