40001
40002
40003
40004
40005
40006
40007
40032
40033
40034
40035
40036
40037
40038
40039
40064
40065
40066
40067
40068
40069
40070
40071
40096
40097
40098
40099
40100
40101
40102
40103
40128
40129
40130
40131
40132
40133
40134
40135
40160
40161
40162
40163
40164
40165
40166
40167
40192
40193
40194
40195
40196
40197
40198
40199
40224
40225
40226
40227
40228
40229
40230
40231
40256
40257
40258
40259
40260
40261
40262
40263
40288
40289
40290
40291
40292
40293
40294
40295
40320
40321
40322
40323
40324
40325
40326
40327
40352
40353
40354
40355
40356
40357
40358
40359
40384
40385
40386
40387
40388
40389
40390
40391
40416
40417
40418
40419
40420
40421
40422
40423
40448
40449
40450
40451
40452
40453
40454
40455
40480
40481
40482
40483
40484
40485
40486
40487
40512
40513
40514
40515
40516
40517
40518
40519
40544
40545
40546
40547
40548
40549
40550
40551
40576
40577
40578
40579
40580
40581
40582
40583
40608
40609
40610
40611
40612
40613
40614
40615
40640
40641
40642
40643
40644
40645
40646
40647
40672
40673
40674
40675
40676
40677
40678
40679
40704
40705
40706
40707
40708
40709
40710
40711
40736
40737
40738
40739
40740
40741
40742
40743
40768
40769
40770
40771
40772
40773
40774
40775
40800
40801
40802
40803
40804
40805
40806
40807
40832
40833
40834
40835
40836
40837
40838
40839
40864
40865
40866
40867
40868
40869
40870
40871
40896
40897
40898
40899
40900
40901
40902
40903
40928
40929
40930
40931
40932
40933
40934
40935
40960
40961
40962
40963
40964
40965
40966
40967
40992
40993
40994
40995
40996
40997
40998
40999
41024
41025
41026
41027
41028
41029
41030
41031
41056
41057
41058
41059
41060
41061
41062
41063
41088
41089
41090
41091
41092
41093
41094
41095
41120
41121
41122
41123
41124
41125
41126
41127
41152
41153
41154
41155
41156
41157
41158
41159
41184
41185
41186
41187
41188
41189
41190
41191
41216
41217
41218
41219
41220
41221
41222
41223
41248
41249
41250
41251
41252
41253
41254
41255
41280
41281
41282
41283
41284
41285
41286
41287
41312
41313
41314
41315
41316
41317
41318
41319
41344
41345
41346
41347
41348
41349
41350
41351
41376
41377
41378
41379
41380
41381
41382
41383
41408
41409
41410
41411
41412
41413
41414
41415
41440
41441
41442
41443
41444
41445
41446
41447
41472
41473
41474
41475
41476
41477
41478
41479
41504
41505
41506
41507
41508
41509
41510
41511
41536
41537
41538
41539
41540
41541
41542
41543
41568
41569
41570
41571
41572
41573
41574
41575
41600
41601
41602
41603
41604
41605
41606
41607
41632
41633
41634
41635
41636
41637
41638
41639
41664
41665
41666
41667
41668
41669
41670
41671
41696
41697
41698
41699
41700
41701
41702
41703
41728
41729
41730
41731
41732
41733
41734
41735
41760
41761
41762
41763
41764
41765
41766
41767
41792
41793
41794
41795
41796
41797
41798
41799
41824
41825
41826
41827
41828
41829
41830
41831
41856
41857
41858
41859
41860
41861
41862
41863
41888
41889
41890
41891
41892
41893
41894
41895
41920
41921
41922
41923
41924
41925
41926
41927
41952
41953
41954
41955
41956
41957
41958
41959
41984
41985
41986
41987
41988
41989
41990
41991
42016
42017
42018
42019
42020
42021
42022
42023
42048
42049
42050
42051
42052
42053
42054
42055
42080
42081
42082
42083
42084
42085
42086
42087
42112
42113
42114
42115
42116
42117
42118
42119
42144
42145
42146
42147
42148
42149
42150
42151
42176
42177
42178
42179
42180
42181
42182
42183
42208
42209
42210
42211
42212
42213
42214
42215
42240
42241
42242
42243
42244
42245
42246
42247
42272
42273
42274
42275
42276
42277
42278
42279
42304
42305
42306
42307
42308
42309
42310
42311
42336
42337
42338
42339
42340
42341
42342
42343
42368
42369
42370
42371
42372
42373
42374
42375
42400
42401
42402
42403
42404
42405
42406
42407
42432
42433
42434
42435
42436
42437
42438
42439
42464
42465
42466
42467
42468
42469
42470
42471
42496
42497
42498
42499
42500
42501
42502
42503
42528
42529
42530
42531
42532
42533
42534
42535
42560
42561
42562
42563
42564
42565
42566
42567
42592
42593
42594
42595
42596
42597
42598
42599
42624
42625
42626
42627
42628
42629
42630
42631
42656
42657
42658
42659
42660
42661
42662
42663
42688
42689
42690
42691
42692
42693
42694
42695
42720
42721
42722
42723
42724
42725
42726
42727
42752
42753
42754
42755
42756
42757
42758
42759
42784
42785
42786
42787
42788
42789
42790
42791
42816
42817
42818
42819
42820
42821
42822
42823
42848
42849
42850
42851
42852
42853
42854
42855
42880
42881
42882
42883
42884
42885
42886
42887
42912
42913
42914
42915
42916
42917
42918
42919
42944
42945
42946
42947
42948
42949
42950
42951
42976
42977
42978
42979
42980
42981
42982
42983
43008
43009
43010
43011
43012
43013
43014
43015
43040
43041
43042
43043
43044
43045
43046
43047
43072
43073
43074
43075
43076
43077
43078
43079
43104
43105
43106
43107
43108
43109
43110
43111
43136
43137
43138
43139
43140
43141
43142
43143
43168
43169
43170
43171
43172
43173
43174
43175
43200
43201
43202
43203
43204
43205
43206
43207
43232
43233
43234
43235
43236
43237
43238
43239
43264
43265
43266
43267
43268
43269
43270
43271
43296
43297
43298
43299
43300
43301
43302
43303
43328
43329
43330
43331
43332
43333
43334
43335
43360
43361
43362
43363
43364
43365
43366
43367
43392
43393
43394
43395
43396
43397
43398
43399
43424
43425
43426
43427
43428
43429
43430
43431
43456
43457
43458
43459
43460
43461
43462
43463
43488
43489
43490
43491
43492
43493
43494
43495
43520
43521
43522
43523
43524
43525
43526
43527
43552
43553
43554
43555
43556
43557
43558
43559
43584
43585
43586
43587
43588
43589
43590
43591
43616
43617
43618
43619
43620
43621
43622
43623
43648
43649
43650
43651
43652
43653
43654
43655
43680
43681
43682
43683
43684
43685
43686
43687
43712
43713
43714
43715
43716
43717
43718
43719
43744
43745
43746
43747
43748
43749
43750
43751
43776
43777
43778
43779
43780
43781
43782
43783
43808
43809
43810
43811
43812
43813
43814
43815
43840
43841
43842
43843
43844
43845
43846
43847
43872
43873
43874
43875
43876
43877
43878
43879
43904
43905
43906
43907
43908
43909
43910
43911
43936
43937
43938
43939
43940
43941
43942
43943
43968
43969
43970
43971
43972
43973
43974
43975
44000
