84001
84002
84003
84004
84005
84006
84007
84032
84033
84034
84035
84036
84037
84038
84039
84064
84065
84066
84067
84068
84069
84070
84071
84096
84097
84098
84099
84100
84101
84102
84103
84128
84129
84130
84131
84132
84133
84134
84135
84160
84161
84162
84163
84164
84165
84166
84167
84192
84193
84194
84195
84196
84197
84198
84199
84224
84225
84226
84227
84228
84229
84230
84231
84256
84257
84258
84259
84260
84261
84262
84263
84288
84289
84290
84291
84292
84293
84294
84295
84320
84321
84322
84323
84324
84325
84326
84327
84352
84353
84354
84355
84356
84357
84358
84359
84384
84385
84386
84387
84388
84389
84390
84391
84416
84417
84418
84419
84420
84421
84422
84423
84448
84449
84450
84451
84452
84453
84454
84455
84480
84481
84482
84483
84484
84485
84486
84487
84512
84513
84514
84515
84516
84517
84518
84519
84544
84545
84546
84547
84548
84549
84550
84551
84576
84577
84578
84579
84580
84581
84582
84583
84608
84609
84610
84611
84612
84613
84614
84615
84640
84641
84642
84643
84644
84645
84646
84647
84672
84673
84674
84675
84676
84677
84678
84679
84704
84705
84706
84707
84708
84709
84710
84711
84736
84737
84738
84739
84740
84741
84742
84743
84768
84769
84770
84771
84772
84773
84774
84775
84800
84801
84802
84803
84804
84805
84806
84807
84832
84833
84834
84835
84836
84837
84838
84839
84864
84865
84866
84867
84868
84869
84870
84871
84896
84897
84898
84899
84900
84901
84902
84903
84928
84929
84930
84931
84932
84933
84934
84935
84960
84961
84962
84963
84964
84965
84966
84967
84992
84993
84994
84995
84996
84997
84998
84999
85024
85025
85026
85027
85028
85029
85030
85031
85056
85057
85058
85059
85060
85061
85062
85063
85088
85089
85090
85091
85092
85093
85094
85095
85120
85121
85122
85123
85124
85125
85126
85127
85152
85153
85154
85155
85156
85157
85158
85159
85184
85185
85186
85187
85188
85189
85190
85191
85216
85217
85218
85219
85220
85221
85222
85223
85248
85249
85250
85251
85252
85253
85254
85255
85280
85281
85282
85283
85284
85285
85286
85287
85312
85313
85314
85315
85316
85317
85318
85319
85344
85345
85346
85347
85348
85349
85350
85351
85376
85377
85378
85379
85380
85381
85382
85383
85408
85409
85410
85411
85412
85413
85414
85415
85440
85441
85442
85443
85444
85445
85446
85447
85472
85473
85474
85475
85476
85477
85478
85479
85504
85505
85506
85507
85508
85509
85510
85511
85536
85537
85538
85539
85540
85541
85542
85543
85568
85569
85570
85571
85572
85573
85574
85575
85600
85601
85602
85603
85604
85605
85606
85607
85632
85633
85634
85635
85636
85637
85638
85639
85664
85665
85666
85667
85668
85669
85670
85671
85696
85697
85698
85699
85700
85701
85702
85703
85728
85729
85730
85731
85732
85733
85734
85735
85760
85761
85762
85763
85764
85765
85766
85767
85792
85793
85794
85795
85796
85797
85798
85799
85824
85825
85826
85827
85828
85829
85830
85831
85856
85857
85858
85859
85860
85861
85862
85863
85888
85889
85890
85891
85892
85893
85894
85895
85920
85921
85922
85923
85924
85925
85926
85927
85952
85953
85954
85955
85956
85957
85958
85959
85984
85985
85986
85987
85988
85989
85990
85991
86016
86017
86018
86019
86020
86021
86022
86023
86048
86049
86050
86051
86052
86053
86054
86055
86080
86081
86082
86083
86084
86085
86086
86087
86112
86113
86114
86115
86116
86117
86118
86119
86144
86145
86146
86147
86148
86149
86150
86151
86176
86177
86178
86179
86180
86181
86182
86183
86208
86209
86210
86211
86212
86213
86214
86215
86240
86241
86242
86243
86244
86245
86246
86247
86272
86273
86274
86275
86276
86277
86278
86279
86304
86305
86306
86307
86308
86309
86310
86311
86336
86337
86338
86339
86340
86341
86342
86343
86368
86369
86370
86371
86372
86373
86374
86375
86400
86401
86402
86403
86404
86405
86406
86407
86432
86433
86434
86435
86436
86437
86438
86439
86464
86465
86466
86467
86468
86469
86470
86471
86496
86497
86498
86499
86500
86501
86502
86503
86528
86529
86530
86531
86532
86533
86534
86535
86560
86561
86562
86563
86564
86565
86566
86567
86592
86593
86594
86595
86596
86597
86598
86599
86624
86625
86626
86627
86628
86629
86630
86631
86656
86657
86658
86659
86660
86661
86662
86663
86688
86689
86690
86691
86692
86693
86694
86695
86720
86721
86722
86723
86724
86725
86726
86727
86752
86753
86754
86755
86756
86757
86758
86759
86784
86785
86786
86787
86788
86789
86790
86791
86816
86817
86818
86819
86820
86821
86822
86823
86848
86849
86850
86851
86852
86853
86854
86855
86880
86881
86882
86883
86884
86885
86886
86887
86912
86913
86914
86915
86916
86917
86918
86919
86944
86945
86946
86947
86948
86949
86950
86951
86976
86977
86978
86979
86980
86981
86982
86983
87008
87009
87010
87011
87012
87013
87014
87015
87040
87041
87042
87043
87044
87045
87046
87047
87072
87073
87074
87075
87076
87077
87078
87079
87104
87105
87106
87107
87108
87109
87110
87111
87136
87137
87138
87139
87140
87141
87142
87143
87168
87169
87170
87171
87172
87173
87174
87175
87200
87201
87202
87203
87204
87205
87206
87207
87232
87233
87234
87235
87236
87237
87238
87239
87264
87265
87266
87267
87268
87269
87270
87271
87296
87297
87298
87299
87300
87301
87302
87303
87328
87329
87330
87331
87332
87333
87334
87335
87360
87361
87362
87363
87364
87365
87366
87367
87392
87393
87394
87395
87396
87397
87398
87399
87424
87425
87426
87427
87428
87429
87430
87431
87456
87457
87458
87459
87460
87461
87462
87463
87488
87489
87490
87491
87492
87493
87494
87495
87520
87521
87522
87523
87524
87525
87526
87527
87552
87553
87554
87555
87556
87557
87558
87559
87584
87585
87586
87587
87588
87589
87590
87591
87616
87617
87618
87619
87620
87621
87622
87623
87648
87649
87650
87651
87652
87653
87654
87655
87680
87681
87682
87683
87684
87685
87686
87687
87712
87713
87714
87715
87716
87717
87718
87719
87744
87745
87746
87747
87748
87749
87750
87751
87776
87777
87778
87779
87780
87781
87782
87783
87808
87809
87810
87811
87812
87813
87814
87815
87840
87841
87842
87843
87844
87845
87846
87847
87872
87873
87874
87875
87876
87877
87878
87879
87904
87905
87906
87907
87908
87909
87910
87911
87936
87937
87938
87939
87940
87941
87942
87943
87968
87969
87970
87971
87972
87973
87974
87975
88000
