201873.28
139070.80
89302.55
200416.32
135782.19
185317.37
91645.79
132440.37
14847.51
154182.66
87118.69
330627.28
252684.92
112881.89
97647.62
252859.90
254854.43
26038.28
348965.22
196418.52
6002.89
237187.32
118619.40
127789.12
104156.17
36444.82
38709.46
333297.89
82279.85
189781.85
204037.19
271547.54
245050.51
261429.04
8664.76
56653.65
80250.25
208032.33
172923.90
114160.00
121157.48
47096.05
202521.21
94512.08
186131.94
9072.87
42312.28
85582.61
112273.16
52788.38
156988.53
138281.58
167151.26
198727.16
259168.42
215574.14
122557.08
54802.94
148903.14
28251.52
237300.12
116488.02
46434.87
193423.09
214914.17
98818.97
66666.17
20379.43
36854.71
69446.45
106423.04
135071.67
279818.14
94559.37
58301.67
175865.87
148429.75
232279.75
142477.26
229980.36
93680.88
115189.17
289246.59
226566.47
24152.82
81121.89
295472.35
97048.61
253155.80
253836.44
155608.78
104023.08
149044.10
152995.16
179023.58
254643.20
133331.35
47970.80
40919.48
188968.00
126908.78
117528.36
129268.08
275743.72
68500.28
328846.85
113354.20
201288.12
35216.53
261267.30
53189.72
67446.49
227634.14
177665.70
178729.38
233674.68
99822.66
339150.19
123038.62
29454.08
149696.53
68824.15
146130.93
3599.59
218846.01
39900.65
194858.58
282765.24
193843.98
66846.74
169503.94
194050.09
88510.62
236047.25
164341.80
67473.62
182100.20
69106.37
96785.14
51425.13
223938.34
145432.86
196005.01
263366.02
134065.36
317175.67
72828.55
145879.52
154842.64
123048.86
120090.31
17215.03
361492.99
10739.86
267656.69
205931.94
12915.18
126828.90
198456.05
196928.79
103273.22
30183.40
128738.27
45905.83
38752.45
199490.48
33919.86
187212.89
62356.87
31915.98
170551.93
65108.60
198980.16
88897.77
7302.46
311457.60
87314.24
169909.96
170468.00
191642.13
33685.17
955.53
154925.55
297520.48
97608.21
175715.63
80124.12
328297.16
76542.11
261095.96
166650.08
26380.92
32172.59
92619.90
206054.96
251036.26
52047.02
80302.77
371025.40
61614.73
173275.31
242646.59
225787.28
33640.29
9159.10
71705.10
50406.46
80255.42
69735.12
57875.98
92218.22
55154.06
305604.57
199466.27
193714.80
39605.95
12712.23
253936.74
4597.56
189928.41
204213.24
182068.42
172214.05
172067.54
244115.58
81259.77
153845.20
74557.66
25863.26
238635.45
62055.76
154965.42
180388.05
200992.21
212596.55
73852.83
153596.88
301254.06
136644.49
105785.08
172625.49
236588.61
156008.76
330334.05
106292.88
214464.50
165488.57
51019.94
179897.01
204680.01
276679.56
101193.10
180700.29
51385.02
146375.25
3967.22
130053.71
201668.32
168112.51
215521.62
123086.28
250346.81
126966.83
14961.08
147324.35
211609.17
136865.44
79265.62
220873.22
338726.99
202702.11
47272.53
81787.69
103352.16
146399.90
231579.52
157742.01
87539.39
162805.26
79350.09
203429.14
76474.87
103901.54
101405.28
9355.92
114281.40
49528.22
277011.47
80391.62
20214.73
137969.42
115203.54
139950.30
126806.66
1173.95
135375.30
222467.38
209736.78
60110.67
113297.68
24744.59
122965.28
244426.12
170101.73
177025.58
1487.75
65761.42
245425.34
285103.22
133320.44
161310.69
262272.54
56746.07
254998.55
197313.77
284428.91
303167.70
126006.26
1875.28
57391.71
179158.67
40855.83
187021.02
192918.33
221659.72
176428.85
114992.50
81370.30
15045.82
55119.52
19399.06
104769.57
192499.34
211907.41
219361.03
67333.65
128171.53
136680.18
13467.83
253202.86
71364.26
312766.61
114410.33
114278.13
279767.77
222028.37
106241.82
295377.98
101359.14
309465.80
140050.40
51748.11
2902.37
258032.35
76228.43
54505.89
113393.67
97984.16
185633.76
122189.64
111716.63
151867.56
174218.72
199035.93
113089.36
29246.89
275017.27
155061.47
37252.83
164148.70
115785.81
152172.50
78374.66
41756.26
13245.39
221685.83
124946.38
132474.44
3500.40
90621.13
81748.68
177612.79
92448.47
51022.63
64317.52
212408.07
78523.83
122619.72
286898.03
322351.77
211731.11
89603.67
166652.14
109764.48
3823.02
146045.14
233139.41
71686.98
262822.22
295786.75
113067.23
115958.78
119711.54
157850.32
146196.51
24278.63
41372.05
126512.66
119091.12
105283.75
46350.44
146247.26
124924.57
11688.20
5759.54
112063.98
65909.31
15148.67
208532.67
168180.01
122223.80
167496.21
227392.79
3881.91
10078.74
2596.07
39983.72
283112.12
249819.26
49551.22
19642.48
108782.72
188864.95
87593.18
43809.73
214763.65
145373.41
202376.07
117602.27
30677.27
76126.87
83891.32
280399.72
171932.25
101589.77
141126.77
171413.39
8855.68
164571.58
138867.42
164767.06
50613.29
139990.73
163638.67
238830.48
62926.51
232334.30
146161.01
223919.49
106791.28
31124.14
342719.32
10245.96
224599.44
29695.61
67300.07
239908.96
241711.65
184327.63
160705.26
145528.00
104518.94
44966.48
253353.12
148626.97
130972.60
221160.28
184387.22
77629.93
298907.91
50670.70
122925.62
120449.01
109775.61
29560.20
162626.06
283175.39
55381.88
167404.04
152652.91
242308.17
236285.35
195864.90
149899.51
247248.46
219569.05
182388.28
196459.71
39754.81
124159.46
220177.35
54935.73
162216.19
100325.10
195464.63
46133.45
101767.52
156565.51
64896.86
127158.39
2110.08
222144.67
50462.29
140260.10
132160.40
25994.64
172973.12
242845.62
51366.15
280176.95
161555.26
135495.19
84522.61
22207.12
109773.42
144092.12
13669.88
427594.44
124344.62
42695.30
259780.90
314571.61
169210.70
249961.15
31275.11
208340.36
92861.99
61847.29
177786.23
167205.60
133807.93
34462.09
280969.99
110804.85
90000.20
26188.54
38120.05
147540.72
221871.28
155490.86
220916.90
225428.72
14505.67
164696.60
201784.74
186252.06
167038.20
106822.44
153638.64
79066.32
194058.59
54166.27
155174.81
178762.41
82778.97
171524.98
224914.27
200793.84
38750.57
128056.83
209081.62
213546.41
105077.43
207120.58
4141.51
77834.59
67541.70
157943.57
50091.83
173294.38
153088.88
62895.24
71014.07
146995.50
148629.36
170236.01
76959.77
178597.90
276495.93
127827.72
80258.93
187948.26
11674.19
237627.98
217937.10
120110.48
189996.43
71096.35
71691.04
127643.25
248326.75
32480.64
56181.36
65277.17
75746.62
100754.34
215711.65
96155.41
241757.05
228049.82
282228.04
123289.63
127555.92
79023.38
202626.93
23781.90
98332.24
148690.27
218617.81
131996.26
195405.54
79747.66
43941.36
200022.84
92873.69
196497.47
238021.81
151487.52
78945.30
17595.08
146110.48
25802.65
217665.58
150769.98
92569.82
134359.73
181703.33
129905.88
101519.63
169428.81
144509.55
96688.34
174420.02
138135.95
252052.30
154713.80
8965.49
23993.37
205273.28
17863.55
72242.24
103722.47
131750.88
139283.98
95867.64
100827.69
86845.30
60762.11
23930.34
50221.17
110832.72
28811.75
200114.18
353407.39
197226.65
79729.63
164196.93
51007.86
79747.23
213461.46
157647.54
113818.93
62967.47
110554.34
81899.44
267469.28
338586.32
260978.67
12604.15
96339.86
46960.60
268162.78
109989.67
187762.15
131865.78
57364.67
111535.57
156480.78
311804.73
239106.29
182946.02
75236.06
149258.35
14976.50
94552.12
82720.15
279798.06
135507.34
149454.87
74284.58
4711.76
211503.52
29753.31
274274.58
23486.85
129931.25
224811.88
123914.55
103529.08
310671.47
54083.57
178553.76
164399.13
25980.25
37432.30
158082.16
119132.21
138437.36
88645.04
124010.91
164817.12
181763.15
109784.78
260530.30
97881.44
319792.61
27120.50
68495.82
160780.68
181244.63
43246.62
190135.41
192662.64
227826.39
62280.74
211405.15
151311.43
214443.90
43356.82
189094.23
82856.30
48143.83
45777.51
219415.23
142520.59
37888.28
182360.82
186289.05
126398.13
95325.40
150894.28
92660.28
71211.07
209698.59
175325.83
86482.30
134838.89
147899.85
118587.09
213075.40
133038.36
115100.80
110008.04
62052.08
94792.45
76456.92
198216.40
108265.19
119696.01
220912.36
156018.95
72208.85
247837.28
157337.60
129617.69
75077.91
89066.19
164656.33
36809.00
76451.77
211344.32
36379.50
96478.22
270833.04
142429.11
152891.26
189905.06
75128.85
124394.27
206807.28
38945.62
278733.74
196180.24
50012.32
72209.32
161180.85
336595.92
200533.77
196155.57
175834.55
83132.47
184475.14
24961.92
259642.80
31690.57
347008.63
228970.40
242829.65
312324.32
119595.60
225695.56
109532.97
216543.63
73431.66
5224.80
170334.70
85373.15
165220.05
244513.38
269709.10
160081.67
197780.54
165700.25
211669.84
221731.98
257258.40
272325.34
194552.28
71357.09
1854.15
150413.06
251614.82
102120.53
124111.61
170168.88
222208.48
13830.79
230165.42
132690.42
285270.11
52911.43
160332.95
51161.26
18782.96
79639.45
192544.19
131739.04
311179.36
159908.01
157767.39
53997.69
42706.76
266885.55
162091.71
27714.72
40704.30
74793.39
110102.75
99915.55
208294.45
215573.77
138273.10
78122.82
163263.57
37178.12
349000.77
160143.01
61792.93
130250.27
62680.20
252722.97
40642.86
242933.59
142656.42
76455.84
143315.66
124389.61
259811.10
304199.39
22924.26
196248.09
133364.61
246594.64
136275.85
236457.78
103827.68
140837.72
94459.92
338564.64
130426.47
257751.46
231487.96
99076.65
10090.60
75387.17
90844.64
314176.54
80751.26
6590.78
140941.55
95585.33
27078.86
40904.48
145534.56
38591.09
94871.20
109268.41
70434.01
119679.85
11531.78
67131.04
296443.21
72760.28
82537.86
128302.99
184320.08
197698.51
115851.71
123707.17
75668.10
128096.13
237710.94
27446.51
204116.44
269971.66
225926.94
271652.26
38692.19
90270.53
136803.92
224596.85
39931.91
223068.18
1712.69
307302.27
130706.95
52459.97
250594.65
151191.65
122630.35
86810.93
93770.60
98736.67
78459.80
210309.24
67447.50
33038.59
194867.89
299732.99
118177.64
123422.92
190968.74
42010.56
60476.24
67674.24
56392.40
282236.49
154607.97
36460.77
31737.74
319978.61
171686.64
201878.24
88658.78
278282.00
204888.27
288992.94
209179.97
142326.44
75762.26
67967.25
126425.62
156341.67
58535.22
193464.35
118426.98
264524.40
61849.52
85313.22
75394.28
263438.77
235668.02
298210.70
74898.41
289519.45
238358.05
12361.48
52807.37
84348.69
181521.18
42148.56
41426.92
235616.42
107873.48
52489.86
44065.44
108215.23
233400.43
65889.31
236641.07
