113416.58
120457.98
26968.00
271909.30
206817.12
108720.56
186208.95
77689.46
94362.90
285311.78
27305.93
108831.23
41779.71
244830.40
201133.55
192082.08
231406.97
264377.15
186324.60
110443.15
263432.00
140567.14
121145.61
115935.31
211009.13
82881.92
303108.24
6337.00
34635.55
184934.13
64218.17
8495.33
102701.79
79050.96
184344.57
105629.47
37187.37
145856.15
161034.81
97231.07
286953.33
109378.82
19040.42
16126.97
11004.96
123016.49
65641.81
259770.38
232040.22
95347.94
73170.03
300567.04
299382.44
111492.31
44385.26
232002.15
118709.60
34628.92
129424.82
20246.84
113136.54
319503.78
134970.44
31326.91
53482.13
175133.27
14139.13
21522.80
112097.47
304282.55
257061.14
99357.67
32009.16
44405.98
88347.71
187775.65
316988.89
331655.76
125051.66
85504.62
162825.17
235921.26
28119.19
236795.64
36017.93
43700.02
159868.47
22160.67
34819.69
248790.74
231263.92
58191.95
76252.08
52260.24
160350.31
72591.58
56417.11
195447.85
162492.73
84418.31
188356.24
192040.64
55596.27
116295.36
105005.80
74148.62
133323.11
8491.32
372229.41
143495.78
7625.59
166043.39
69199.90
169200.56
109310.17
76520.43
155575.52
234451.91
132924.54
36967.48
94092.71
100752.22
157568.22
304259.83
213809.66
210989.59
174511.60
166090.45
176153.55
186329.01
229161.30
46607.89
51960.26
29208.07
100904.96
217752.24
200836.54
55914.88
65628.74
178602.78
74605.11
34262.05
125650.71
94385.62
138425.33
127756.61
125193.63
150212.52
96422.33
24770.17
248121.54
242311.43
82387.09
203524.86
234776.52
121833.75
326253.50
211855.55
15553.81
103835.99
146399.09
190852.03
55846.39
132822.41
315498.11
199786.76
149249.06
273817.28
61981.76
154785.23
87380.69
215969.81
32457.73
214523.72
9039.06
82157.73
225044.86
113749.95
99725.32
92102.60
70298.39
98325.38
181772.60
90100.73
81852.26
220117.64
94600.87
55448.95
290147.80
243664.28
114194.55
8723.01
182220.35
116391.08
79019.73
94392.97
283076.42
162511.84
177009.42
145298.19
135861.91
11924.80
225501.99
154368.32
242023.91
59608.08
188295.30
138338.06
135557.23
139991.99
89993.82
100492.52
88750.61
74325.74
123991.83
233361.31
216966.13
36878.19
12364.58
236069.46
229571.17
132321.34
182426.03
138998.97
160476.59
61922.25
20485.51
287194.97
213599.58
39172.37
57916.57
84114.36
218181.77
218123.99
165006.22
58787.25
66671.76
283513.75
231663.96
223784.04
99513.64
88680.20
73904.98
260932.74
157067.36
89563.90
158570.95
242058.72
211023.74
332337.51
242589.93
155308.51
192183.11
169676.04
139098.81
158259.39
32908.04
22163.39
203902.10
52525.92
30307.02
117095.62
91968.86
87919.61
122651.73
23861.40
102598.80
83605.75
62971.48
158115.31
141139.87
146700.83
137069.47
184113.63
86590.40
270927.86
258923.75
104305.25
246326.80
41358.67
206349.21
80907.00
15219.44
218122.34
51642.80
112231.34
87619.32
88952.47
297909.48
32480.18
108789.30
81744.46
251227.70
308998.32
223093.65
331696.78
292420.76
314627.95
73295.35
99899.79
307411.52
137195.52
158282.53
22565.06
193322.80
80091.46
37959.87
26311.42
101014.42
1431.52
131648.66
119082.41
176298.23
39994.92
60733.77
232552.82
147491.31
270592.68
102433.95
109022.22
224209.07
161871.81
22668.80
50544.13
146490.99
113365.56
58103.30
68441.47
261711.70
36326.80
95134.32
91092.61
324727.22
136643.49
84140.02
149889.32
164531.27
196820.16
205033.09
168175.96
52478.43
147181.79
113784.54
120905.55
171904.62
132718.29
79118.22
136321.77
276885.21
184970.24
19131.84
201010.01
188930.95
199007.89
88740.57
160731.47
280315.01
228020.56
221376.98
5114.28
164351.30
185642.51
178665.60
245956.66
145278.76
37832.51
53228.81
318545.71
98328.27
166930.00
10133.84
46333.14
201441.21
133369.75
110230.84
70629.53
172053.88
14859.52
213160.76
6566.37
233518.33
178299.88
177071.87
147454.24
150468.45
154138.85
45895.15
98489.84
63019.55
7773.38
158781.76
125220.99
206063.16
113850.54
120968.66
235353.68
224700.29
175589.04
72357.80
65100.50
164513.35
82032.00
245311.83
160360.17
242796.25
305288.60
35446.03
120878.09
302694.35
114911.36
247488.03
207444.28
180777.21
114197.67
12592.54
261433.14
168372.43
168597.69
40302.07
16390.67
182632.65
121558.63
257837.81
298435.36
174903.11
239367.28
342418.03
88621.01
27598.17
212549.23
2370.13
123904.47
124007.23
18094.46
81313.05
49671.81
63854.56
49721.39
77522.41
68923.51
185236.55
218969.99
183966.33
66666.34
317666.61
62848.68
179669.41
217132.25
156984.15
199860.54
50668.34
43785.92
15169.89
172209.74
125342.69
227303.85
39534.00
23611.12
190323.26
90103.45
265720.97
49835.31
165502.54
112572.61
249974.32
235820.24
301062.14
14092.41
54501.19
34388.18
78511.89
78570.28
26995.39
61659.87
50797.20
124352.76
68223.11
121117.33
264007.13
221545.12
205483.41
226645.72
265621.15
175009.55
349780.13
137310.50
111825.09
205581.33
130368.40
228210.67
97445.53
164749.00
356800.78
205999.89
298674.23
98710.00
4759.20
146189.84
156040.81
58572.27
360353.21
139133.45
57250.98
85582.13
165311.87
25243.31
24932.18
353633.35
157588.00
318588.53
232413.10
189765.01
236974.39
159120.04
236707.00
103093.32
60553.23
130672.71
189586.00
63600.62
206456.45
155878.76
92024.31
127518.75
45855.20
218661.04
245776.00
160202.06
220042.47
114836.22
259562.47
267789.50
221466.16
124512.43
63700.74
147243.42
25541.12
91165.74
173557.01
109002.89
1343.61
243628.00
68410.22
74778.77
136205.14
76267.37
247031.76
134218.21
41710.41
299284.04
222037.64
91967.38
125581.09
193384.42
145325.20
52555.81
51070.73
3351.19
321651.66
181149.80
75300.23
180920.12
120647.22
59317.21
119352.42
259297.20
51660.02
224849.00
30895.60
197401.84
214777.48
152262.01
115012.38
134193.35
53920.11
157788.34
225347.47
22562.46
54436.00
36835.34
300011.11
297651.28
37528.20
67735.17
205909.22
117623.69
139437.77
212040.69
161388.60
201111.37
292567.07
165302.02
155506.08
67842.89
196510.66
149516.15
185098.88
180935.93
219924.92
84100.94
204941.80
159041.23
111770.30
48576.85
50925.77
109766.51
100298.27
176973.80
328628.91
160066.36
242406.32
19031.98
158524.50
108979.49
205820.42
177265.31
168344.37
25936.22
50909.38
30133.58
246733.80
331562.88
285331.87
204560.62
36651.29
92004.37
84894.52
113465.00
136413.49
123868.24
114567.32
229999.67
142769.75
4171.54
179653.55
121365.51
165156.91
31411.90
205703.46
276554.41
193065.59
217102.46
85529.12
138276.12
248640.31
211887.04
47969.40
246690.68
130878.05
212902.36
31063.06
170556.02
118457.94
64671.97
158707.56
47951.42
13733.64
95220.82
82657.45
132439.78
186098.46
357640.07
195368.20
237254.37
39306.01
58820.40
70511.22
132385.70
65904.98
132155.63
98639.88
138448.81
54554.35
235341.95
249026.72
281161.13
211452.68
112760.40
334850.22
207471.78
192621.86
318297.54
242068.42
152420.14
95125.07
226697.91
236070.56
49976.36
153235.12
103904.17
31069.68
219083.10
302612.90
15688.87
133757.06
11564.95
94971.60
241626.04
70585.40
133678.64
162484.32
50225.86
112433.89
36425.75
268336.50
141277.71
247727.23
109019.35
66701.55
158140.32
213451.86
238557.18
139837.05
133903.46
100017.89
32571.22
50037.48
280383.47
67314.03
168651.47
35327.90
361395.73
267212.99
244050.22
136722.50
201040.72
222747.46
28911.57
111468.19
78551.09
72242.76
122977.94
78190.11
265586.86
177445.84
11300.51
9118.85
54064.89
91934.99
292727.13
177284.02
22770.34
9191.76
148609.78
161292.02
195560.44
131163.33
182023.17
124498.97
163148.15
49937.62
68680.94
135385.07
37385.39
43280.58
2135.23
115348.34
165642.49
237528.52
131883.93
103856.41
182365.42
14546.75
88338.56
240331.16
240039.46
254207.75
77198.89
137012.94
69541.75
292537.78
76061.83
277722.71
120479.11
298665.97
31269.86
144056.58
287721.44
255957.13
100626.68
130071.26
70010.20
97016.45
390778.40
45494.38
166845.94
20656.16
86603.82
256957.14
217078.74
1956.80
275748.59
234650.34
146855.32
266466.97
155510.30
23113.93
81554.00
22800.43
276859.58
26821.63
204188.14
108036.92
158786.43
239438.82
4482.73
129132.96
73507.92
74137.77
7164.36
86926.56
182960.43
62231.02
183145.48
82517.03
148486.62
60487.61
106282.71
283134.56
90470.54
89653.09
235947.04
155813.65
20002.78
232703.54
145929.90
111091.84
252093.04
55287.32
71568.75
79304.69
241321.97
171275.77
284967.62
201354.99
158850.80
64670.73
101841.13
204734.46
29362.92
247918.18
38247.37
52467.73
141072.26
245177.57
68524.35
117584.90
176494.51
188687.53
110356.20
207254.83
57721.62
15326.81
159434.25
220093.96
11510.96
73796.12
20036.32
236080.28
82720.87
112406.45
84514.94
89864.85
153058.55
227826.80
126936.65
61221.96
43667.72
130426.65
196100.94
159875.09
188678.80
125487.51
136283.47
110350.43
76127.82
79099.01
70677.15
31840.83
154168.18
97536.84
185911.90
360972.65
172312.08
56595.93
63065.94
99849.57
57704.31
278086.83
28324.96
130285.29
57780.77
20867.18
120780.00
285808.90
127076.76
211895.90
133678.59
37311.74
110097.69
221112.30
138204.89
253229.92
85567.57
303935.11
333661.30
99760.47
3487.01
97898.52
57854.09
143281.34
12537.15
167690.02
71510.21
54581.74
48254.11
124732.94
175646.39
68111.58
291479.56
49767.95
47692.64
185959.82
225386.80
203430.24
90932.31
393212.28
66515.97
36502.68
135893.42
132875.19
174359.29
182433.10
135906.10
5856.96
211121.31
217267.50
147352.68
55129.10
71286.27
222698.70
115272.95
88108.18
149069.84
123097.90
134096.15
176526.41
45351.88
20027.05
176673.34
209672.62
53815.39
51559.06
194224.18
154902.99
256234.00
59121.43
30171.49
28848.46
132067.18
279639.02
103377.88
209479.75
109734.68
147141.08
96928.71
126086.65
137244.38
187511.74
118833.01
174312.82
131647.08
296938.14
236914.86
169120.86
83677.85
190038.39
132336.55
148935.36
308029.81
56081.14
272250.06
113081.47
119328.95
55087.01
180137.66
113550.81
18806.59
83712.83
101853.59
41955.07
194583.98
169401.02
84163.19
110942.58
191415.20
76159.52
54242.97
41355.34
216994.68
