160340.57
51189.69
194024.88
266323.85
91888.52
23225.03
42230.32
261201.25
111981.32
154226.35
275137.04
257142.23
138101.79
237409.99
36608.82
220994.10
149933.16
49000.98
169343.60
118241.41
54275.69
308849.85
132957.79
182796.49
230241.27
86005.33
293267.26
351802.36
113700.83
133573.92
3209.40
46597.63
211812.98
152881.19
228084.78
42111.51
235561.29
71095.39
115124.72
203607.13
261693.29
218202.65
220266.92
249413.82
127917.24
58223.56
71760.95
42236.56
225166.82
202724.74
140587.60
289635.22
130157.80
222245.17
144548.71
183333.31
185263.34
106313.55
75558.18
205345.95
45375.11
127509.64
138707.75
111462.55
79245.66
134489.61
73257.11
58166.45
145444.28
40817.07
242618.48
38437.54
216832.90
176365.38
114211.10
146752.11
155531.63
176940.63
196029.90
111266.52
214604.76
74896.25
248296.46
88278.36
280605.09
117558.86
279586.85
144407.12
115001.77
161005.88
126880.51
184952.45
27483.74
49961.68
163113.72
152123.31
122739.18
305664.28
98744.20
19945.62
287520.97
12489.36
65880.62
180493.56
32955.39
79400.69
250046.02
271150.04
109970.14
157502.04
295818.86
182799.51
247893.80
178473.59
261571.33
203881.20
194567.43
312619.54
131084.03
89513.85
290376.78
116297.44
71630.09
84011.25
148257.34
59646.29
170352.61
228956.32
170381.29
86144.64
15444.73
57743.72
116810.12
95504.80
40702.65
101293.39
57075.62
52934.13
180642.11
246909.63
159212.24
389753.44
117709.79
58180.87
26405.73
150114.85
178633.38
202479.31
81141.37
268227.78
247810.81
224407.97
162391.72
24855.03
289596.36
185135.88
82354.49
183216.72
85937.09
85844.39
128572.23
95564.87
259387.22
31376.62
142987.09
155614.92
320074.35
195160.39
48873.81
234771.15
178758.77
164044.42
71366.63
119738.87
254875.69
239355.94
133357.73
99842.02
98533.55
148615.40
102557.49
162040.00
256790.46
168116.98
139421.84
88413.34
202157.76
234101.41
81886.96
222293.96
158410.48
46644.58
89227.65
120544.68
123174.81
20994.03
95586.79
157561.38
38718.58
228827.24
96524.00
28874.03
129308.05
95203.42
295547.21
207017.39
176269.53
192519.99
39192.94
115350.36
260649.20
252842.05
12659.78
189331.57
37222.52
51836.00
360984.26
29952.10
99947.93
111394.66
41096.04
210452.21
233809.45
14522.93
172403.59
189575.11
143891.90
187515.27
192787.88
15085.82
259970.12
60804.70
68966.30
219608.37
33736.03
143272.76
289968.54
45220.94
35966.98
166747.38
187122.27
279313.99
76527.80
236817.49
143089.68
99234.68
112325.79
53808.69
329328.53
19843.85
87447.99
275314.85
49593.06
260796.11
182209.58
5419.47
169181.54
134170.56
169479.87
256965.41
287827.95
188003.73
51757.16
223132.71
264753.29
174631.34
32618.70
42119.37
175407.76
100666.76
120717.05
38308.31
192094.86
118157.81
115346.62
217336.02
243180.91
271206.11
80660.45
104216.73
57691.97
191833.20
209103.51
138537.30
71732.35
148417.79
143489.54
51928.17
132493.50
236608.64
97030.30
116246.54
75108.43
2902.65
141208.64
353387.55
69933.87
160291.08
118224.25
189541.95
260408.48
116189.72
239719.30
66643.97
268919.04
137017.45
206218.27
81307.99
82755.74
183317.29
113776.25
73083.88
145198.45
148529.14
113639.96
75033.92
223819.73
27966.52
169530.51
241677.66
75648.01
200160.66
164890.32
302880.03
276808.97
124929.29
149771.38
278033.96
136328.40
71133.81
53652.00
177771.78
274245.48
136925.90
97707.58
127887.87
242687.13
74591.66
218253.20
178009.84
97854.08
114207.61
208471.52
210785.89
32027.02
168650.53
347949.27
25213.81
183612.66
22216.77
109977.99
271170.34
292722.96
95700.77
138602.35
143536.85
187637.92
57268.44
48722.12
98954.50
85225.42
195328.01
156493.53
260687.12
115730.94
101719.25
272787.71
232530.12
204647.47
40336.71
191472.29
233649.20
290246.73
218598.54
218340.09
261593.48
42407.62
128231.23
66663.81
112700.96
146001.44
304713.52
161197.68
104449.94
2600.78
69209.66
41247.99
13155.99
76982.75
140798.11
65856.71
109020.31
212171.65
166469.45
135678.01
144916.61
114905.36
64139.58
309837.44
100163.23
236012.91
127036.76
268440.12
126383.58
203457.61
347118.40
223300.68
257079.16
61157.67
162080.64
287292.53
96185.48
61686.16
4371.71
148882.42
237513.36
37262.36
354270.92
64957.14
6817.63
2844.32
190544.12
213013.44
101436.38
22960.77
156681.26
241066.73
144071.70
203473.64
159587.06
16999.60
78289.39
49346.66
159754.08
130481.54
78075.52
114582.29
277261.16
253780.94
101016.95
6679.05
86249.86
143195.08
287092.42
46208.29
87003.55
92192.69
140783.02
162744.68
343789.34
187446.80
151469.30
116170.94
227454.18
198062.66
43239.11
42880.42
11304.71
1437.55
134869.86
108729.94
75671.42
44308.91
137515.13
64103.94
84895.27
125455.13
204907.68
35736.57
18422.55
344711.05
70564.57
124354.94
127849.71
313735.13
120814.13
237351.75
27547.21
28169.60
96350.60
209488.97
235014.11
303006.91
188665.66
237245.10
331866.75
5894.20
97655.01
277527.99
146316.53
54032.22
25578.18
264718.05
77273.66
202916.65
233912.38
153540.07
66894.30
103833.86
263469.10
135973.25
159795.14
163000.44
237393.16
124711.99
191071.95
236347.71
186159.84
216589.64
141858.43
218423.58
239525.36
52944.77
15628.35
165069.57
50124.83
70677.98
57141.17
174849.60
60653.31
294465.76
67338.19
162674.17
198415.06
311592.93
161390.88
112018.70
243920.18
68328.48
128581.41
286374.87
139266.20
33221.78
210467.07
57046.63
118376.48
60065.38
73164.52
190998.33
218184.91
290796.53
192801.81
240778.44
187328.25
198887.19
17024.99
142281.15
167448.73
212112.20
235097.56
43763.35
118240.29
42392.20
67540.17
199310.81
309158.22
157868.75
123210.39
164137.44
41408.91
58733.58
121434.98
210857.16
238219.83
268588.43
199686.49
242712.37
71408.87
201367.04
28445.68
117735.32
191677.96
224227.19
74790.45
220569.45
182078.82
311495.00
262128.31
48739.38
279437.39
88601.83
170420.51
84286.05
28254.82
162587.92
54613.63
75534.46
152220.43
108492.24
127911.15
77286.09
160260.44
178980.58
123240.84
117980.16
181233.65
181184.28
110311.16
36862.90
106597.99
105856.04
126466.44
70940.93
256530.61
70545.07
242024.31
266915.77
43224.91
244728.88
150872.74
274181.22
191989.20
156256.31
194309.22
46688.74
174638.04
139303.47
251851.96
10089.36
149577.14
121722.04
123863.55
297859.85
16042.35
32884.53
41660.16
25788.02
139880.28
192703.48
175738.45
158274.45
127058.96
141876.09
221172.73
197584.05
246439.06
158115.20
134499.34
95189.36
98266.32
35792.73
49000.96
136686.21
236846.95
101860.39
171908.16
118915.48
79237.04
240477.19
201492.54
59974.53
145919.63
317686.06
209032.41
158828.03
178851.81
73560.57
46183.88
58943.42
46969.01
120285.40
42024.54
56236.05
44900.99
109551.31
43399.14
177562.23
180292.83
182212.83
220651.81
233141.11
140495.30
90568.42
142229.56
192677.63
69911.59
84748.72
215326.86
95673.50
21206.04
107932.20
223077.97
38624.86
268402.66
105396.93
302975.88
26835.27
144375.73
13654.19
2659.29
280738.35
303489.62
228233.73
68925.57
150046.82
104531.90
302933.23
201179.27
245868.81
206203.38
59821.06
114875.08
109974.62
67383.39
108445.14
134239.74
48318.94
65685.34
164824.03
288917.45
143784.52
251939.09
51831.46
16735.64
203356.89
285372.99
12962.73
205695.75
119545.62
277545.61
125360.44
82252.56
38664.99
144802.87
259232.29
199053.30
186253.35
307749.23
45779.67
128509.73
33501.57
162554.65
78665.06
64491.81
89611.52
98200.69
135926.00
199135.18
226059.93
93648.05
93435.50
218625.07
74688.44
354032.67
46955.12
155387.10
35495.67
123518.28
321567.23
177248.94
90861.24
179953.37
191637.74
228725.27
6357.36
259027.60
85341.67
46582.75
68269.54
51443.63
36996.76
16965.23
214892.19
144942.91
44706.91
217730.67
75789.18
198759.50
220821.91
280419.19
192955.90
201655.55
104118.00
61639.36
64081.27
108926.15
222664.08
181320.05
19780.74
118602.10
160991.09
173636.07
156887.86
159340.18
56954.04
248718.46
76466.54
112407.62
8756.80
52565.05
132071.11
274000.10
138993.91
46938.20
121225.56
56375.46
264230.29
239407.31
245199.81
220151.41
240541.94
209249.61
16720.24
26622.23
84167.41
15001.37
322768.21
91141.61
97666.38
201257.38
67178.90
296522.32
198275.32
35388.89
50341.28
221111.89
173682.35
85261.99
278961.22
25823.67
141513.29
136212.96
144617.10
49854.85
51547.64
165730.27
168215.06
100957.91
98162.28
191862.18
137196.03
67314.42
46473.31
163460.93
33694.87
109399.68
53992.52
85398.33
204339.24
109886.80
92309.44
204770.96
109753.27
242952.90
203318.29
102617.84
166651.69
21425.84
176844.91
56535.37
149154.57
150902.09
105028.02
139621.20
70582.79
231869.64
75709.02
167774.85
317615.31
179348.20
269632.28
177561.34
261546.05
96383.38
202549.83
12836.53
98488.05
203951.74
148687.93
341613.48
167042.56
288039.96
72808.65
224845.94
96374.16
418120.37
12567.29
42353.17
65806.17
9483.15
243931.31
248962.77
189927.60
116135.89
118101.58
224199.84
210185.22
101903.44
102037.67
198433.60
168190.12
186890.42
243041.94
44772.25
164284.19
24406.09
146735.29
94963.06
86939.40
67011.74
236801.86
42462.22
73540.15
225158.58
19944.40
60998.33
227732.25
155465.63
21593.67
70900.68
80372.37
132728.79
24335.29
229387.12
161770.93
235335.58
7282.42
232721.46
272909.05
268188.76
229291.91
141086.89
290294.40
99370.35
66475.93
45681.76
257676.24
284067.14
78584.79
103294.81
191872.43
185609.06
57626.63
124468.43
216810.65
96556.63
323648.45
115551.29
157184.02
189693.46
58029.72
187243.26
157691.64
147197.24
182573.33
244831.59
33438.06
93339.47
146734.92
114840.07
114530.61
294591.45
78600.80
101596.91
128009.99
295053.23
27299.95
43489.91
180704.48
53565.78
109105.98
105807.84
120591.48
172399.29
61726.51
22404.89
117072.63
39218.73
163690.99
201808.83
241060.64
129330.34
202131.38
194804.58
106355.06
222660.41
342936.89
106392.72
238895.60
321051.86
35769.14
57078.69
303665.13
271428.43
167963.73
186930.99
175734.90
102395.50
71407.77
274938.55
84474.58
144068.06
82291.67
147163.73
215271.73
100994.28
213812.90
27360.28
83519.37
214040.05
