144981.43
238455.26
107769.45
21400.87
154931.12
290832.28
7701.93
86810.86
51721.78
219474.69
83374.03
60299.45
239913.93
188647.79
296771.45
163888.84
159080.72
36032.80
315654.83
86443.44
79563.92
82993.49
285036.96
84153.14
174495.51
141106.89
209118.27
96421.11
274517.40
115716.42
261593.90
179973.76
62429.69
131002.40
97934.19
87731.42
85216.02
214135.06
252310.19
317243.76
132549.26
107537.37
116935.26
113248.65
76129.90
66792.15
137739.98
85409.04
184242.32
8554.89
110845.60
180559.55
199796.41
80422.32
39927.95
261650.54
183704.92
247695.61
45691.02
321717.75
16165.14
116532.64
84802.61
32067.23
136939.90
174672.82
19437.06
134361.61
248686.53
142868.33
41233.04
186069.27
76481.53
217765.05
193651.48
252867.65
119237.13
225690.12
98677.40
99717.00
279131.71
118237.69
185285.79
50002.75
28411.27
49925.29
242589.36
59535.19
64657.78
63815.59
251989.85
138755.38
21282.11
65470.59
302151.91
302360.55
171880.04
65068.64
247907.00
291380.32
168155.05
386029.56
164385.47
51865.46
136175.72
172775.78
52277.99
176330.24
234153.25
213414.89
244949.58
135850.13
107110.71
38882.92
77942.27
49906.92
201571.39
108717.53
148736.95
2576.96
49091.21
104434.75
36554.99
244777.66
54199.48
224801.06
47768.55
103410.62
289162.37
218947.35
103446.68
168863.14
20353.32
132949.87
108656.63
131607.90
48142.31
134978.91
86483.70
112723.68
9483.88
328191.71
250707.95
37499.09
257186.17
107305.80
47064.05
238864.90
93321.09
212858.01
85357.97
44807.11
143322.88
22505.19
54152.35
11493.70
102188.59
309236.71
87064.17
271329.32
40410.62
260835.94
256424.94
217855.40
279335.25
120505.91
84585.28
125450.77
73116.45
137377.28
146015.22
31690.54
100333.91
263755.77
285371.57
133457.92
213507.98
196100.08
273862.46
189614.57
175401.48
300143.96
108976.37
165491.72
125262.97
182847.11
174496.68
54763.38
59828.58
128609.03
307496.87
81336.65
54171.98
165024.37
144213.30
313256.19
60706.31
220346.03
44595.42
237167.58
243903.28
148066.47
305139.33
214348.47
192896.30
83662.17
99432.00
115885.75
160735.26
140696.56
141467.43
218809.06
57400.44
82806.15
99667.27
107575.27
146381.77
209211.34
124257.09
224754.89
15339.14
85858.07
18842.64
112569.07
205379.18
83289.45
116919.07
199553.20
261106.91
142606.44
106514.28
225044.83
73606.49
248898.96
187247.36
114089.27
151901.53
164502.64
17306.25
74807.91
110670.03
203601.29
195675.02
180587.52
174551.43
132367.65
175982.43
166164.33
108373.71
154416.38
211689.14
60697.00
19579.56
35381.07
5194.80
265479.99
31120.53
39701.50
66889.74
59702.20
110197.96
330930.17
37825.52
28017.39
32623.77
72534.36
97822.75
255030.71
250600.83
230641.61
122190.58
289904.30
32518.77
159769.50
220746.27
99161.34
109292.81
128820.12
6191.16
115732.88
187026.06
54658.21
288097.45
209689.74
322325.90
172379.51
60092.97
171896.86
61544.19
101714.61
171329.07
68287.49
64509.78
68264.42
310824.60
139507.42
44827.07
88465.83
70384.61
87660.35
28427.59
146848.81
220994.99
358273.30
188354.32
85343.08
160801.47
82230.55
5476.70
88473.02
41974.15
49085.68
367222.62
112074.71
44593.83
196705.36
251715.31
265351.18
150188.28
126998.87
151233.07
126907.51
77053.18
137188.12
198130.03
7505.41
61486.34
59514.83
129071.74
317792.69
1790.88
182125.13
24540.01
183635.81
229185.50
63798.50
123061.00
66840.44
179312.12
108197.99
137289.82
260255.66
51269.83
329973.80
69046.90
84327.12
31922.45
243283.48
218307.98
124567.35
238249.46
183280.28
193480.82
209627.44
95753.83
35626.80
166864.38
58276.04
120332.69
74419.76
214326.52
192795.57
117353.25
64561.69
181990.19
169173.08
176482.24
248225.00
54877.67
36435.49
205943.86
83830.90
193345.95
252214.79
59590.25
80578.85
208537.10
208543.42
239778.33
172762.70
221236.71
102072.33
89158.98
53788.23
347805.85
306829.38
67567.06
158960.93
17755.66
150937.64
297663.11
166726.34
70334.88
161495.84
75777.87
254750.41
45612.04
141875.01
161391.51
193288.39
31754.48
91636.20
118822.85
22738.33
39508.42
91438.14
49719.33
54394.81
164088.75
93023.38
159314.03
134578.62
46119.23
277886.25
178522.57
136528.62
51280.11
137982.20
187913.37
75855.62
125880.66
191253.42
236166.98
235531.14
232263.38
212788.75
381003.17
95842.30
306855.38
257769.21
70208.51
55730.82
58162.61
106718.99
297312.92
194564.87
63008.96
244233.11
204236.65
133391.90
83107.11
207352.24
104754.46
137156.06
201923.77
206877.20
279262.77
190400.74
157498.62
164739.64
157860.98
70731.19
278914.15
127754.06
186580.85
94535.57
192906.81
137456.89
141295.50
254002.55
76398.70
131987.74
180628.44
49030.91
293143.04
271554.53
280734.90
89883.56
131930.15
86927.22
76823.86
72391.40
277223.45
182794.30
186436.50
116717.12
134361.17
241734.54
263303.41
319971.72
274945.88
77818.62
141645.68
284245.06
53477.73
186350.08
45760.37
145060.71
237353.97
221923.38
132083.72
191442.69
187542.22
119432.16
210006.51
236114.12
103338.48
247863.37
59875.64
280945.74
98656.04
28853.11
65245.66
92546.53
115898.51
98495.98
34509.27
115319.40
75249.18
189278.98
197093.78
83663.68
242970.99
19114.45
36146.79
255895.17
169051.16
211670.51
294217.99
38251.98
140122.18
140560.89
255715.62
192682.51
116596.79
107726.89
277427.50
50237.24
205925.34
72239.53
61198.76
199921.69
178314.22
255419.64
17359.14
224868.77
1260.93
267432.25
126217.86
64855.37
158036.70
239814.83
309705.82
94507.14
127739.65
98974.88
152748.95
331582.69
269589.56
109080.08
29842.80
245331.13
209670.24
62563.36
159116.37
89178.75
70280.91
226735.29
60740.64
114507.80
207801.31
111746.83
9507.98
88482.91
189181.49
43533.30
128187.25
234120.68
231410.83
56254.06
170441.22
112498.71
134260.03
182919.81
39247.48
59920.66
65447.96
105900.14
140119.02
109038.48
249727.80
138436.79
114828.32
99953.20
131818.64
106945.44
96316.30
174046.88
3607.65
214931.49
164310.86
227527.73
104875.83
199392.79
370865.29
293230.68
1512.90
228162.84
292999.33
129851.23
199183.89
121918.03
158911.12
30912.87
186852.38
110242.45
54986.04
13187.87
155661.76
90021.69
94112.45
23299.03
206382.70
78212.39
112822.62
215881.59
217894.74
49836.60
256941.75
83880.76
147612.66
323139.18
236238.18
186001.08
137037.72
129130.70
82422.16
81286.26
273147.84
210577.30
42448.54
244064.21
44788.29
130164.33
34521.87
86245.15
127200.03
192126.36
304154.72
13060.93
215467.13
244806.97
34583.97
90996.31
138115.30
244521.72
13199.54
113675.35
290101.96
11977.29
195280.21
52318.60
238949.43
207233.75
219689.94
44084.72
97083.81
132741.93
169697.02
118034.69
100406.66
237952.61
143353.93
130861.79
155758.93
128548.88
156503.85
186732.90
165475.35
283409.83
100133.14
146996.69
69733.15
208791.46
216107.58
25455.70
210967.65
78672.06
80491.32
131973.27
32729.15
49408.59
153310.17
62537.02
45997.72
92875.19
101805.90
293402.91
163705.40
236174.06
133164.22
122563.96
340599.67
79313.97
227599.37
266884.08
264931.19
262743.95
81533.03
147315.24
105394.64
167908.57
132186.39
274806.53
44001.99
250116.24
310689.20
118483.50
87543.59
96962.49
149236.16
115886.33
144053.95
29200.80
275503.20
61312.59
47726.24
188090.38
61733.93
203852.72
343852.91
42123.50
220921.77
84619.82
291436.07
148400.45
127514.26
155543.79
206201.33
242305.79
111238.91
254407.44
107777.32
10580.96
141838.80
71708.49
149976.98
240210.62
201905.70
198091.97
264871.72
104178.67
74394.46
98569.12
27320.27
176365.14
75737.66
121530.09
66452.39
76045.17
174612.18
202336.27
158461.68
34042.48
76094.54
66711.26
204648.91
133520.23
205227.16
31901.13
196713.52
103400.54
261953.79
160683.54
189144.96
168008.01
170006.72
162780.71
19526.35
149754.52
159189.58
45904.83
49968.36
161037.43
27071.00
185661.60
119874.42
436917.53
161070.10
279510.93
42943.39
140576.15
84793.38
262639.24
136821.92
31116.43
110688.89
227923.48
16398.91
158290.04
109195.68
189587.39
120937.69
277799.24
80521.41
206004.83
123291.22
193817.89
42524.44
104920.93
273706.57
202786.08
52101.41
207508.87
69798.22
159385.44
97526.29
224572.68
186371.41
103654.34
77935.60
40976.36
32653.56
133577.99
162183.16
75607.64
74559.84
77980.93
125300.18
31944.74
197880.41
207170.85
261898.93
42502.02
280028.21
42627.97
130737.45
30617.16
224144.47
97221.67
193314.96
151481.10
202594.97
34581.23
208194.14
241299.23
96932.68
95178.67
15773.97
95750.45
32873.37
119124.78
125471.24
30303.30
149014.08
219490.16
251047.65
203859.48
278462.38
193142.91
38935.38
242912.55
122746.57
21230.65
215203.08
161429.51
218176.29
158380.51
198470.34
318718.62
88547.21
61394.32
118424.71
155121.06
148623.84
65959.39
96474.06
128314.48
58400.45
149194.89
122255.91
82172.40
248729.91
43591.03
194909.54
86272.82
84164.78
132468.94
213618.09
171189.07
55418.99
23132.38
111139.65
123550.73
114344.47
63800.22
263351.35
199726.70
219415.94
250003.74
201977.11
136148.78
80274.35
90612.69
192963.86
172357.51
167241.14
245659.68
7026.89
78726.90
75630.48
264209.66
122443.78
102644.79
157302.07
247586.52
111695.99
186326.96
191243.38
266701.39
295884.64
175072.34
283349.13
38885.83
137053.65
72778.68
235763.89
238903.63
100806.70
180771.95
344956.19
27038.78
155402.26
281977.59
134659.99
15179.84
178270.69
45267.12
264731.73
281004.37
232613.10
104752.59
114589.22
83894.92
76003.42
127573.06
65129.81
79436.24
168112.46
63022.93
189544.27
251437.39
218393.83
254764.45
114934.00
135751.78
298046.45
186133.55
182649.11
136293.68
104452.33
45188.27
93517.38
73121.42
93096.74
119060.18
248199.35
165888.13
125367.44
100162.91
439092.90
85571.39
192858.71
101035.52
296347.79
132560.29
164487.37
21547.41
401247.23
154961.16
141548.90
97551.76
99310.07
266516.03
70341.95
75227.22
182863.94
162571.85
228784.11
56261.44
187766.48
45436.89
41712.43
118738.36
3532.53
69385.30
158456.75
157291.33
110264.24
238064.79
54624.73
76738.76
212039.49
14909.37
225109.80
63825.72
259544.74
69268.72
51484.05
286262.53
