216073.81
163852.63
86922.41
338077.15
134742.96
78727.94
72920.94
205722.22
151800.34
276156.54
26808.96
94426.69
10186.82
26073.23
313920.35
220130.67
14535.60
236746.56
1215.73
412439.53
3792.67
277472.27
168334.33
121381.23
236934.87
37644.78
26768.32
235558.85
274706.96
105296.17
208236.12
10444.18
122298.46
103690.54
237841.19
202195.02
142814.22
287908.26
77410.62
127545.19
91799.14
262360.70
113403.16
212556.45
82572.27
12545.52
223699.09
105374.14
241786.24
102589.34
241587.90
75947.64
120087.46
245674.39
121957.93
1334.81
3837.97
23380.46
160925.84
212542.45
94670.26
13346.96
129816.00
121517.28
226979.83
163649.86
38825.24
237942.81
87082.44
20118.13
309306.26
226391.76
129824.60
105885.30
313036.82
150855.00
207990.01
219885.98
142293.48
198850.17
174739.13
226606.11
14981.82
259941.44
110837.64
205044.33
98125.94
132920.53
224689.01
24379.91
310895.11
64405.16
198515.95
111970.85
139460.08
82759.99
155492.41
147326.73
120626.34
217437.76
10990.14
165038.84
315779.16
104693.65
166790.18
143848.89
209681.08
310759.30
118234.15
6483.78
199066.39
100581.03
173247.41
67153.37
114394.81
256053.54
149687.02
232643.00
227178.76
82940.06
38927.83
189396.79
19787.19
115344.41
219883.10
22572.59
123345.35
200764.56
254580.05
13833.01
197689.47
94857.49
104271.37
4343.14
96613.29
27213.46
76779.43
124672.24
86530.62
216850.24
93484.27
72597.33
288163.46
326817.44
133161.47
152979.57
14770.78
141161.82
96311.39
46396.93
124169.76
150047.33
68355.09
79634.88
287600.73
183159.33
300644.65
208884.71
239730.44
253021.99
43047.54
41386.78
241152.10
94803.10
151742.43
144500.88
313346.40
37790.02
251991.80
64116.96
202657.78
90626.34
30311.91
136715.22
228009.85
276310.45
254774.62
188841.78
119229.65
201264.46
53209.82
72425.83
122842.15
235326.19
154091.14
131998.16
128104.98
160569.50
223965.04
80935.90
211850.95
100156.67
206288.64
13562.23
54001.45
89272.53
64728.27
127564.59
186517.33
209835.48
95239.01
107842.10
44015.83
242669.01
117541.59
204124.41
92778.76
87547.69
88875.29
60463.18
269468.99
186918.25
239389.88
178256.71
220584.95
162161.37
78476.44
111362.63
191011.55
334449.45
80646.79
85608.72
9156.82
262936.72
98861.03
72380.22
1230.83
82122.99
133058.68
190534.65
115739.59
140631.14
45709.30
165059.68
171869.93
60277.76
138853.39
75374.44
75868.54
121888.05
127584.79
58967.34
65678.18
122334.68
305856.49
82175.50
169067.30
48781.17
241175.51
139588.48
153198.97
163083.88
112165.99
62852.08
63728.29
49780.12
43153.36
292499.45
80857.77
36749.30
305595.96
154711.61
31800.40
43049.44
218257.53
198324.47
57640.60
171013.87
107339.14
196796.04
189579.20
159884.91
65596.30
58655.47
242621.10
22128.22
217834.46
326852.72
60273.54
203903.95
177126.14
118616.51
138664.99
300803.16
87756.30
165975.08
198444.15
12961.00
232813.93
35721.69
180303.40
165352.07
292483.92
305329.39
24599.37
1644.93
138319.21
71491.75
33428.11
65341.44
209380.17
312238.57
30295.12
218544.81
159699.23
57171.01
163788.57
111561.52
293267.71
313560.29
69347.60
35545.36
91414.34
285230.49
122669.60
58074.59
177106.80
89037.19
113423.89
79693.57
90983.60
198227.07
42133.94
92223.94
176483.33
149649.84
221932.23
191088.63
36753.73
29762.50
36624.01
151314.01
30814.34
7861.63
254712.33
63106.06
132323.59
191549.83
4736.91
67017.73
46802.39
73443.61
144297.13
226892.09
203194.05
125758.86
157187.72
66171.73
217408.74
236430.94
74837.21
260694.54
105215.44
149654.67
205133.78
31963.67
162035.28
16898.04
157225.84
184411.40
246181.89
114756.20
101568.54
226609.16
165407.36
168399.07
72031.11
81640.36
162606.48
104263.17
51503.32
264697.25
123791.22
143494.44
98985.86
40789.43
218863.85
120658.45
15824.05
272933.04
135527.22
43245.36
184532.47
130171.42
47863.68
173868.81
82157.24
246879.45
132182.28
200405.93
163194.92
162584.08
115838.08
134140.90
80242.30
94070.03
224426.56
91504.28
185581.59
127409.81
79641.04
91686.05
109617.90
220774.24
110903.91
180003.24
285297.99
23603.03
225362.20
126555.79
41557.18
233985.12
67298.12
32270.00
16044.21
288446.56
38715.12
108266.41
145298.95
250386.49
324713.10
107922.50
142339.99
33074.78
247204.76
234450.46
15903.19
160604.41
159082.91
182432.00
22547.76
119011.55
317742.15
44279.94
239647.25
154476.39
84404.30
99367.83
178690.73
227247.47
37335.54
288400.22
21830.39
11709.24
151735.55
121219.62
155118.71
171456.13
174973.30
11254.74
58736.01
257721.42
50861.09
60236.51
187351.99
36667.46
143126.71
190204.15
18895.58
105520.13
131316.07
178424.87
153783.63
172061.39
68082.18
116799.38
101697.46
133260.30
101520.83
256717.41
190064.66
146496.38
26044.01
190112.18
162031.26
185058.76
187301.71
298096.62
266111.67
263351.85
129268.50
121051.16
158738.57
63601.05
229854.02
74334.41
219985.40
231191.49
224581.47
128970.15
143046.00
130980.59
94534.03
43642.34
211443.21
158791.00
61890.48
131380.89
310581.64
69212.29
80114.89
99355.64
260531.21
205874.02
210833.61
104499.99
145844.16
154251.69
120719.38
25927.03
235004.02
202050.48
72773.04
176478.73
250848.55
122544.44
121942.31
176930.43
75775.95
171520.38
61197.53
25207.15
317490.32
175844.91
109253.29
271507.61
184614.17
121205.10
53437.14
192057.07
5895.40
48661.90
85465.64
111078.13
90216.83
155397.23
210043.85
253365.50
25071.34
211325.20
240257.12
167123.21
218199.24
334535.33
267782.10
168872.68
156981.04
240763.53
59460.99
52012.74
103549.30
268585.44
74158.28
99101.27
233608.86
55121.78
93251.34
98900.75
62066.17
285055.05
26606.85
113629.65
76520.80
134524.59
196715.66
104806.93
86612.25
13583.40
255105.44
5664.77
99421.74
66098.03
193389.93
268286.64
240552.58
179080.03
166233.89
241188.72
211724.89
27908.68
230717.30
127644.26
195444.71
296778.16
180066.53
199247.10
4334.31
311076.29
324178.54
36153.91
126029.34
82552.22
108729.74
32998.60
85100.20
186429.66
86718.65
83234.90
155911.43
207446.45
89323.96
41523.48
131383.10
66374.52
28777.28
33892.99
88783.52
197464.40
12859.72
9922.39
121272.42
77436.45
34402.39
167038.11
82527.09
160386.53
173885.20
102620.69
108054.81
98204.13
147828.68
9669.85
66849.96
24838.68
45336.04
208079.60
86651.66
152765.23
209546.70
56271.25
160222.85
153486.47
234235.63
99920.87
199206.81
68826.25
124378.88
167601.17
180996.82
97578.85
94668.75
199677.51
93515.49
165479.31
180796.49
87146.20
67181.67
134742.23
67850.81
234730.03
239292.89
4115.74
85673.08
352258.43
30948.60
180588.00
25792.87
117153.87
77575.74
202928.49
246331.83
90231.18
395727.52
39797.12
48127.54
302361.05
138895.42
37312.01
183951.36
226836.77
133343.84
122946.68
106379.39
187343.69
22107.40
60304.22
215483.90
49292.47
124010.03
12834.03
19927.69
46308.68
136416.18
87011.04
151931.28
2779.08
189955.02
170530.46
184099.64
227885.04
251937.75
163797.96
160017.12
38857.88
152438.84
236446.16
76840.39
157509.79
71878.02
151243.19
42391.83
222709.62
143704.94
123770.11
334494.81
106090.16
121777.88
30630.38
36620.47
4641.36
60759.38
202577.32
178388.88
168952.98
147925.70
308472.67
196690.91
49098.19
26745.28
122558.39
98693.97
183245.42
85264.03
74730.83
278572.42
151096.98
58672.49
56115.49
139130.63
252426.52
120233.71
155061.91
154130.27
54129.77
330831.25
57910.95
99388.01
105128.69
44567.92
245296.57
24464.88
132292.76
206595.08
298178.24
257611.61
133043.70
214249.09
52834.28
166728.94
212432.08
152572.72
128333.43
10748.61
198199.20
264771.39
348209.12
145141.31
195439.35
92960.14
144167.14
320309.00
46212.33
9688.62
68811.82
228889.52
148865.98
206185.02
122858.04
152597.35
217679.99
155152.73
125576.85
168750.03
4115.61
128045.76
142441.53
253253.89
63050.66
59617.92
179854.58
165314.96
261815.67
29596.80
100636.86
78133.00
11643.57
226138.92
138027.73
324155.46
218387.80
34605.83
76634.37
71094.91
21277.84
127322.40
374321.79
233880.49
316427.68
137065.19
107647.00
25676.33
109435.33
274271.28
203114.61
189690.42
139502.95
160068.88
144534.21
139860.19
199021.06
11945.30
28762.95
206427.32
153155.61
48342.96
272764.84
113018.67
108025.94
204775.29
97523.97
131796.63
58803.36
128044.70
35760.62
154244.69
279922.02
267955.26
67893.86
225281.45
172388.88
173447.28
65265.89
11698.48
96638.45
105971.62
25886.28
50302.09
196945.86
176774.95
170770.12
286753.78
12968.17
51685.15
106069.01
142579.78
77556.19
194703.46
59009.47
394935.25
96957.23
87345.40
105792.77
14922.71
69418.03
147387.36
181242.62
280647.80
173827.61
102068.46
218320.61
250505.08
204644.52
71700.71
127145.25
175398.68
206234.88
26469.28
4783.56
253978.58
245247.31
279182.32
77078.16
197380.51
176382.03
202406.81
265257.88
187004.38
220990.51
63867.16
151071.12
69125.45
40118.76
69264.92
192002.67
200172.87
136362.83
38782.39
40953.71
205725.17
21964.60
200740.24
23138.12
63940.09
206046.67
123277.54
32886.51
34824.57
82097.34
196436.95
97986.40
182805.19
59346.37
303116.39
220432.50
118598.24
169265.64
209621.18
51256.00
130665.01
183508.47
87428.46
50401.32
44387.52
186475.56
240691.08
161302.75
172709.29
123202.67
72029.06
222810.16
126439.29
58834.87
246505.84
61261.29
120063.14
43998.93
328808.23
29439.50
102735.05
97608.53
136373.16
180364.75
254407.36
64479.64
12064.92
211653.43
164823.36
927.32
211614.38
37627.98
223120.69
237618.45
296986.30
26610.67
333604.94
170135.36
280402.45
332380.70
52333.09
138747.58
10696.16
56222.80
48921.77
130420.85
157207.97
273201.40
53784.52
189357.25
126233.51
156460.10
45965.37
48268.13
336907.54
54176.24
146899.06
224179.63
59808.54
33155.66
44123.79
166107.24
140255.77
109544.57
116323.61
151889.48
50043.50
10073.38
173102.10
299904.29
189577.63
123902.67
92271.67
239484.75
358640.71
117199.18
160048.68
88635.19
20853.75
198120.67
211306.58
222416.16
251814.40
173388.38
250546.37
310890.80
42488.43
70391.55
115347.94
99456.85
206670.81
209206.42
