89719.27
175213.33
134443.46
53056.07
158457.60
10026.71
81887.31
167965.76
156300.46
220929.14
113777.61
288085.86
135602.79
195926.07
42182.15
155193.68
174308.67
240299.01
161817.81
269543.80
193588.93
31378.56
77252.87
162625.66
135684.35
226892.27
12849.34
41515.02
99347.80
20496.77
195790.61
181272.37
68634.77
239817.80
165102.09
42347.05
120399.46
48696.01
262774.86
229861.01
79495.87
128891.07
102715.98
75958.50
62363.77
127901.95
188568.35
187291.85
213046.84
127544.46
275844.02
35043.49
160112.59
284685.52
183630.19
93012.21
194810.52
75073.25
30578.74
77263.98
44612.11
234041.08
264345.54
132516.67
206252.31
162469.26
24370.65
10189.77
85204.63
203648.44
217860.30
267142.67
64537.55
12182.53
24264.10
64343.57
182240.84
141807.24
153265.22
183006.01
75561.65
156474.54
64495.99
247470.30
244335.95
201802.53
29714.47
194506.17
54865.63
147217.32
17657.31
159754.19
174782.39
30807.88
157738.77
296495.82
158746.15
38886.64
26714.95
93514.62
54524.60
38740.54
183446.50
133525.72
54518.13
271459.10
26953.25
280234.91
228169.15
154963.75
88071.36
271594.49
124269.68
105151.77
152385.78
4264.65
274710.06
151585.90
187858.60
123220.71
221210.99
203925.65
191460.09
257069.34
185823.41
119152.36
181474.47
183752.47
152950.12
238793.12
36611.36
52114.79
29567.68
9459.12
92050.14
65904.16
144260.84
5892.54
19094.33
119981.70
182044.83
114079.14
73779.48
83949.84
177920.83
143301.66
43910.98
58033.49
306542.74
87843.37
63227.72
139960.40
289842.26
31152.73
168418.50
306211.06
188436.58
20684.23
187846.97
172259.80
114726.05
206750.76
242894.25
268829.17
43263.33
148605.25
69947.80
57691.86
170638.28
138076.71
166200.86
85678.08
182332.66
239570.06
236475.90
77800.79
317876.68
127426.49
92874.34
25674.79
258047.18
148097.59
85201.01
30037.36
252995.79
17549.52
67259.59
134593.66
111503.37
226633.59
204069.27
310406.20
148445.22
109626.12
101368.69
110581.32
243637.84
218819.98
38441.99
98589.59
59891.38
209797.28
55214.37
50474.50
60523.52
91077.61
93573.75
8164.74
165781.53
125891.07
153166.69
247442.96
189428.13
114132.15
91727.85
182701.71
77464.14
48360.77
70423.43
103293.98
92415.93
156622.35
184963.61
116707.12
164472.72
188160.91
173810.73
223902.08
273266.96
241407.89
52512.12
33602.60
171534.27
176432.16
64118.48
79906.35
170575.84
22467.30
91094.45
76178.19
6274.12
114088.18
82717.82
194544.32
74555.26
189672.62
176990.44
146720.45
165702.26
60809.19
25811.88
95478.36
105119.67
88567.87
27812.98
40690.21
159066.73
235252.87
222381.15
202209.29
267658.56
9164.96
15798.12
50574.04
110652.44
139067.38
58958.93
129698.36
112958.14
61014.38
190826.02
289566.72
81261.15
108726.74
131423.24
196015.07
178083.79
29592.22
240694.34
57508.55
207953.88
184295.38
144252.29
83804.70
44347.66
64544.49
208101.84
38127.05
13299.75
174923.44
4804.85
188836.39
24136.18
136503.26
90519.44
58335.17
173362.90
110067.73
203037.78
29977.80
23576.45
211167.32
91241.78
147227.66
231085.97
239408.22
209744.95
105076.04
90374.47
114840.07
126787.31
75754.70
193272.96
170770.66
184963.68
201084.58
59765.71
288191.94
134112.20
90870.36
271922.17
83307.43
152735.61
239343.83
168673.20
108475.05
144367.23
239498.14
164770.44
186346.45
84889.78
132296.13
203208.81
124394.54
230212.81
121785.14
74416.70
105433.26
237312.87
158682.59
25849.31
163912.29
191872.57
53529.63
231555.58
195467.73
227700.13
144440.64
253673.55
37085.48
86696.25
22441.77
171898.65
193737.56
126371.04
57872.30
99224.61
118953.16
85825.00
55397.88
196504.28
72005.04
74571.58
119360.13
95583.80
82341.91
157910.19
174676.60
61430.16
173542.24
212219.17
13595.48
137153.44
177639.06
292830.43
78185.87
39544.33
220058.10
137547.13
56012.78
88113.64
94392.00
187077.30
49020.32
283520.30
79238.97
111534.16
213831.01
189399.49
29754.56
193586.51
149810.98
104583.10
110004.25
211530.13
232865.78
277002.06
288360.89
157361.72
184632.15
24580.82
168219.11
131649.09
218075.59
171526.91
126672.61
102648.68
303059.32
106671.00
278197.54
210451.72
80335.64
267827.94
103178.73
196264.31
258850.89
40001.01
33035.22
32763.18
185345.38
306452.87
40958.58
245710.25
190007.49
119071.70
103283.72
112512.90
330962.14
217822.54
2949.11
101143.54
162392.59
102188.16
120752.73
246417.13
246582.42
54727.98
77122.18
66390.05
139175.37
93535.29
329546.20
57348.75
257130.62
52410.15
185110.36
137969.73
111192.63
141777.23
100911.85
80175.06
127547.98
36464.37
72692.07
171593.73
148339.34
93629.10
26206.96
119636.35
117822.91
112251.02
201330.31
143495.16
260709.38
156451.72
153865.12
26933.38
93000.28
75896.73
205663.67
272845.03
145857.16
65439.63
38732.10
112058.82
101318.45
194296.54
133579.42
53693.45
188676.49
113363.15
319312.16
142272.02
234943.26
150840.37
303212.71
65926.03
23914.99
65221.36
101763.48
115123.64
141620.57
230243.99
178223.72
120021.12
49783.04
54288.32
268802.38
57827.12
204832.43
7202.79
157262.05
104205.63
243919.28
74496.65
117797.37
46868.60
156376.99
135794.92
56962.30
109492.97
265248.24
137783.02
57015.26
207829.70
92839.10
270691.34
66744.03
104196.93
130705.10
30647.22
284112.57
230495.04
65319.92
52225.70
90358.25
265022.07
133055.72
70867.71
214861.74
265607.01
101322.16
212666.66
80910.09
111182.29
118682.41
201522.58
33635.12
178754.50
63160.50
103490.95
114757.53
239342.94
45620.78
155667.91
310795.31
176208.52
47872.84
51890.31
57825.54
223695.29
41677.70
180510.71
82903.36
189834.61
132062.55
113003.48
210467.54
110397.08
63040.30
237095.02
149583.31
2629.60
77763.48
41968.16
126450.53
71836.60
66272.74
52885.05
79502.81
58362.15
100897.18
162905.17
189635.36
294717.94
87560.40
227239.17
133257.87
180114.27
266335.17
186941.90
153259.95
116022.30
251449.62
86250.78
89587.50
169876.50
239979.93
141498.64
74352.57
206329.11
186006.80
123838.97
223308.23
215250.14
253521.41
69676.38
95160.55
15016.95
18038.13
52851.36
181559.14
104027.59
144699.63
85304.74
101678.41
55272.14
187804.88
111013.57
101747.23
86639.98
346367.72
195728.50
300366.99
139226.09
128244.74
102062.78
27651.46
91585.37
166114.87
130599.90
86863.65
183859.26
25719.68
128617.71
23753.15
28186.53
182689.02
19032.09
79643.70
119570.42
80476.03
13371.41
72181.67
156868.07
55053.61
297294.82
10917.38
139524.13
56931.05
126755.92
2813.41
88615.96
9211.39
230095.95
194291.02
22916.01
28696.21
54464.18
303069.46
140330.14
219592.36
137929.99
301540.62
38744.18
190553.43
241883.73
198179.50
348670.39
97153.34
185610.84
119648.28
110410.91
219424.81
176099.04
216098.74
463004.01
163906.16
183893.73
97457.19
112407.71
177270.60
241645.78
235534.02
315339.06
106869.71
150858.72
1949.57
48555.34
96545.70
325625.29
174701.30
34046.50
121924.54
108956.70
101213.77
113081.19
269048.01
197787.94
73378.13
234722.67
149349.49
224972.49
32073.35
297582.11
160049.38
118824.23
223757.53
292657.42
21221.12
247068.22
106943.85
42261.11
219494.29
167151.49
73377.73
173098.34
121441.31
111115.90
274868.57
217510.74
284045.13
91377.49
178136.24
306719.86
303868.36
323754.52
42603.07
34135.78
116251.19
320865.94
228336.84
159902.82
126835.47
169024.83
21709.23
152820.57
174677.37
208249.97
176878.35
228724.68
140509.99
134013.36
148258.65
129350.50
217181.75
99028.61
90490.87
19206.43
137313.43
34655.56
163353.63
238261.88
165966.43
178577.46
86256.57
154527.39
227445.22
273734.06
69702.93
23640.20
86570.82
175070.31
247320.06
144638.34
137897.81
168884.57
63216.58
135392.41
57378.46
287512.96
137004.53
237080.81
168717.48
136676.51
254843.50
28023.79
357757.89
59574.05
243465.26
97909.50
306599.66
169386.00
239159.21
72630.32
185765.86
158037.72
123848.71
226613.23
245012.16
92754.80
319755.69
204682.99
13250.56
99442.53
194542.86
250008.46
24796.16
205604.17
146598.24
194525.72
114092.12
84206.72
127085.03
180993.88
118583.43
105823.60
73186.41
132156.97
270357.79
134028.78
200791.58
258409.87
20325.09
124748.53
67688.96
195015.62
331705.23
335276.61
174021.87
96075.86
141007.55
19130.57
113273.97
181914.18
223684.90
188428.06
165001.65
126634.75
36114.14
192386.13
165498.37
85813.39
105342.51
147946.57
301537.25
186394.17
125811.70
39269.46
53375.10
178508.43
263559.05
65554.21
76415.29
129967.57
69356.94
145428.38
97508.01
72961.23
281160.19
269033.42
169976.12
146262.42
142784.31
78478.72
130686.66
62416.07
100217.67
177135.44
72169.17
94165.75
265237.19
248633.84
60034.71
49420.76
227944.07
81914.49
294578.60
99097.59
150327.46
3453.10
114769.95
198479.01
23911.76
236274.50
39621.08
75178.65
124509.54
288265.89
141107.62
27858.79
189978.78
200959.40
97411.29
93242.05
82057.47
121230.64
166975.72
239407.54
112809.24
132179.45
238256.31
58035.11
263729.08
42680.26
15892.89
57498.19
35969.33
239916.40
253056.10
51646.10
107510.95
102245.20
319972.82
103820.80
246756.15
142951.93
109051.83
270804.82
16603.35
84056.77
46761.22
160393.14
135225.47
161612.62
158070.62
120269.06
180214.97
155463.36
49786.21
99993.33
254304.18
217870.38
232670.93
145626.60
240241.38
31253.49
193835.76
122368.77
315351.48
107267.06
127834.74
232639.67
19369.01
81359.39
26917.55
95780.62
260946.95
47083.42
3260.88
28428.08
75792.08
69315.61
146086.89
154365.01
19805.38
85885.90
230335.25
38826.10
96389.46
164648.74
308539.91
95665.04
306188.42
101212.76
88743.03
161664.81
285323.30
367452.83
154724.99
126684.02
254581.26
13344.24
201503.89
100084.53
139422.27
150497.70
64522.92
80913.75
14095.08
64572.30
210778.13
231779.02
58439.02
76541.82
69980.12
225051.07
229531.16
204568.29
160508.92
50296.23
279985.95
60867.16
175560.92
335071.60
188538.18
255761.81
62486.32
42767.08
53961.45
225685.42
194948.25
134036.28
180244.02
93816.88
235194.05
58411.35
254494.61
309782.38
110358.00
45773.27
232764.34
183611.78
101615.25
91481.97
208676.43
10021.32
91383.93
131746.45
185911.85
