112077.70
175743.09
269395.32
24747.84
192310.95
49281.13
260711.41
203715.43
124029.44
44479.06
165798.57
107716.98
208779.02
278938.55
44285.87
196609.95
51918.04
28267.61
60548.13
76460.12
45504.12
211744.68
315079.40
291887.77
33086.48
225520.24
118115.09
155054.60
169491.31
279369.88
82215.01
155451.31
170979.16
43936.49
152360.60
207647.34
149342.75
132326.77
150431.87
18092.49
85417.29
72271.71
174583.16
44015.37
134863.78
110348.88
225043.20
152977.40
201364.66
196548.03
286798.70
130478.92
144603.61
187044.02
187845.81
6642.23
134493.11
205152.30
119003.94
219192.84
201625.73
165716.49
121072.81
39388.59
165607.70
158456.96
109894.98
129810.39
261065.04
322635.67
160334.30
166451.99
125672.27
364436.82
82967.10
66374.99
225508.65
158530.57
42223.93
230881.03
132531.84
76359.77
198638.15
291891.65
209734.37
12027.79
181052.35
132726.13
269975.78
191187.55
174800.31
136709.41
79612.78
15487.00
164123.41
237219.85
90030.30
82135.75
11205.27
1462.26
255064.67
243782.66
83104.74
151292.56
217613.39
14276.88
8335.63
74754.29
65448.72
9022.19
137588.89
7726.11
88478.24
346034.13
139454.58
171421.20
62749.33
242496.51
110906.39
199118.91
3783.96
50139.30
28492.72
43281.67
82639.95
320663.63
182443.77
189230.16
178653.56
155948.92
25756.68
70239.19
122909.42
202542.15
142227.48
249398.14
192898.81
23264.25
158453.49
120872.06
334209.27
178185.75
226519.58
45880.16
189669.16
235298.01
121387.51
103100.90
191003.99
93985.17
149754.19
57520.32
198117.37
105767.77
191704.46
179560.05
192748.72
93399.31
85286.13
192666.23
233030.99
137826.89
75414.71
88460.18
208522.65
222399.26
128325.05
109077.27
187733.68
201743.25
143819.83
32371.77
300064.84
169439.46
129906.20
89247.73
200386.72
252412.48
38437.08
299262.75
51971.95
54208.42
195091.69
15592.11
50503.34
74991.94
70259.77
231630.30
101925.89
139919.79
128058.23
124379.70
93778.71
23674.40
236412.77
94665.87
124785.00
187569.42
99251.59
65433.48
269084.90
200510.13
195961.24
79007.77
30843.46
130174.42
56020.06
88420.98
143052.03
63435.00
1608.12
91543.86
231844.76
197325.66
218340.06
38466.31
164314.84
223378.24
193732.49
160118.32
153496.60
61191.74
106252.43
264048.42
71971.03
179522.06
215643.13
122934.39
66592.59
195616.24
241748.50
275634.84
58179.55
205760.41
110663.41
36190.58
167803.48
153993.29
119273.50
193390.84
47360.23
161191.76
116684.42
221577.52
195383.98
114620.71
165349.22
249452.74
32803.11
192483.91
299792.06
191487.56
212935.63
75714.24
16619.92
47350.44
162806.22
131662.62
57896.59
234421.12
146603.10
303049.41
39069.46
198520.40
16962.51
327268.87
145388.81
61908.19
114713.40
12990.64
85417.52
153861.24
55218.20
115178.55
4980.81
50655.35
232976.86
140058.23
134107.49
156970.87
159928.93
134956.39
161137.49
82480.43
150820.56
142875.75
195687.09
183305.01
159754.93
183055.48
112365.11
164601.54
177323.14
241531.59
70349.61
50796.68
259688.18
242113.40
185758.77
46778.31
116173.26
65359.40
43635.79
169359.00
122861.96
202256.02
97930.86
135020.16
225849.69
115532.49
58216.50
174023.18
30381.67
115431.15
195887.31
161254.12
66460.48
145681.04
87297.44
34337.95
32895.68
194631.25
288579.69
30029.40
159005.99
79415.89
94389.67
316043.85
264960.45
49100.37
116165.27
149852.11
74096.96
97825.58
104984.50
96040.33
44321.55
220308.10
168638.76
224589.22
83356.70
96505.87
151523.80
118075.03
112705.35
139667.53
237054.53
210766.29
60669.91
150717.86
241086.07
49057.45
324362.13
95826.09
70501.03
152208.33
137305.59
138414.50
81823.23
188420.14
230698.25
85661.69
42621.63
1653.93
137205.62
57868.79
258160.28
74651.08
185920.58
1132.69
92088.59
101076.57
101675.34
220611.07
295250.95
76734.20
43778.22
25588.43
131565.77
269652.25
71361.65
248118.84
71628.24
152236.05
147544.70
285807.52
8495.01
175238.57
138138.58
203028.38
113681.25
60636.85
18123.97
70534.35
237073.93
127459.37
76343.50
116218.75
204353.85
150937.67
70682.73
49300.88
151244.15
77967.97
195222.62
96902.46
51728.80
149364.63
92694.73
54296.74
253127.08
356982.26
248611.60
69827.51
18980.24
49477.89
120844.49
191408.08
201610.15
52368.62
147509.09
336474.71
38482.03
233801.28
86866.61
74836.49
275947.43
155914.82
98011.23
155533.28
55586.94
206248.24
310253.28
40904.13
202895.33
179862.07
57986.21
78753.23
105946.09
211458.33
66800.82
170104.32
276039.38
179343.35
69359.62
229344.83
74421.51
251451.02
106705.43
109987.92
274369.82
114029.14
71567.80
207707.04
8845.84
282235.50
218913.98
251180.33
146997.14
241389.47
230877.27
233406.40
268974.10
238719.09
95544.80
34194.71
55250.55
213717.22
131966.19
54080.83
214449.29
5882.66
12128.17
235224.41
309871.41
260200.61
58596.90
33678.35
72931.03
51483.80
131577.48
141938.71
261082.17
132902.14
209332.30
44348.19
319142.38
143275.10
252123.19
255768.46
87443.52
81133.09
197023.21
241301.41
196914.54
227784.92
19825.68
178244.16
8353.19
225014.28
262246.72
319629.88
134149.37
69943.34
182073.41
49179.72
43524.30
188032.57
162269.17
94382.25
118126.56
221127.83
108949.53
114460.44
3087.88
133029.57
18465.35
44194.34
176897.52
243240.22
94144.54
75812.09
247648.44
222119.17
230469.72
172851.55
31925.73
340444.72
282637.18
49686.36
11688.72
281551.50
189767.30
106265.47
216905.73
156117.61
130753.57
215908.76
178746.44
291234.20
22469.11
194532.91
14617.61
191161.04
93506.40
166746.70
86319.89
32468.99
140375.03
154425.16
218706.05
150449.42
225357.06
106218.71
144828.36
210375.04
76437.08
264358.49
103544.34
200520.25
115065.42
66467.01
17783.34
167780.44
247433.07
24745.13
80640.56
158039.55
71136.98
141430.22
142731.01
105061.71
219478.75
81287.66
203083.05
242779.43
230937.28
198742.05
150874.34
101842.48
40191.06
242338.27
221291.07
169652.60
77269.05
262382.85
127617.36
137143.81
130168.61
53610.73
52441.23
12119.84
55311.84
43580.99
164800.44
177474.23
230473.39
254247.27
220702.35
116542.90
297520.31
157333.18
88459.15
78172.70
115881.24
93496.02
231929.12
120257.01
81806.99
193890.84
112240.12
97854.68
67547.90
61570.59
28052.18
90444.25
203334.98
99236.59
37906.05
65237.76
113739.86
94135.07
26818.05
322077.67
357836.00
241967.16
251131.73
13368.22
167941.13
282699.73
66637.00
131527.63
135065.92
222102.06
137093.66
56220.31
67301.76
64940.32
218296.49
61203.15
33779.70
178910.05
188025.06
105613.36
206748.65
96251.75
288872.53
59246.09
172590.80
90055.02
287730.70
51732.57
272526.49
45985.53
123317.99
170834.69
76584.95
246854.03
295706.57
96823.53
127252.84
106078.81
145392.61
105966.16
250616.81
86144.52
262516.42
77071.30
212928.67
133219.80
181235.96
67642.36
89213.03
43353.97
232014.24
229827.98
265425.95
161697.43
242155.42
189304.45
181750.80
141694.02
228814.13
125603.53
57309.77
25609.74
180456.20
141062.13
159652.68
246494.43
31022.08
92451.30
112062.52
139000.23
146942.00
184950.62
44052.23
266767.75
164740.21
141362.65
155956.73
53504.94
159530.02
252533.29
68274.28
94348.46
228745.38
325515.03
14708.31
14397.81
145762.57
79900.55
175335.15
126806.22
55718.59
73541.14
88785.61
74155.50
28863.70
117699.53
22604.13
47047.35
89900.37
18497.06
242711.04
134641.30
30474.90
141992.65
260081.43
192737.63
123566.00
153409.31
122795.18
39445.05
103330.82
180990.02
48043.26
242875.94
181938.52
225482.17
168408.26
118022.16
10798.49
135621.90
153489.26
3814.98
237501.65
106084.26
266629.80
148091.98
244773.33
162341.60
266561.83
147446.69
122941.71
92590.50
280940.90
61128.53
93983.48
10353.83
194281.18
197993.50
292723.49
12864.97
68868.04
4907.61
195040.94
22042.45
156705.60
210773.81
46145.71
66122.83
69367.96
91331.29
136708.94
41029.40
107732.12
104011.10
183715.40
236806.16
70961.33
46181.23
150992.20
290552.95
59363.03
116401.46
157907.26
5206.43
181659.24
92509.71
57054.17
79001.44
123444.37
196723.13
243333.22
34589.21
22108.99
192024.32
93495.06
130584.86
191588.88
150430.63
87844.81
306891.94
59401.14
337820.99
137803.27
96157.49
129695.24
21572.01
227601.48
193159.19
103486.47
138270.89
187871.98
58842.58
108372.63
31112.79
43577.18
118229.20
70797.36
148716.15
111789.87
293782.09
208456.33
238632.32
276628.80
107307.89
3074.05
143258.61
168841.00
133251.45
138887.93
193007.26
70155.46
94983.67
109549.97
148983.54
98209.15
183041.37
93207.32
29750.33
226797.93
132205.54
118082.00
211180.13
113849.85
220635.02
23059.93
128123.33
261256.80
177206.44
57602.82
131114.44
160345.43
106430.46
120304.00
258055.64
278297.97
176346.57
162637.15
208015.04
179374.58
72626.77
137258.86
151659.09
37331.80
53987.12
139021.06
108790.77
271340.48
33156.72
203595.42
189886.68
223315.00
235833.15
128402.07
200983.06
210691.36
118857.71
86259.87
34080.80
92020.35
137798.24
159155.39
213024.32
178977.71
45685.93
215704.96
76495.58
40182.10
8711.97
221569.96
5287.55
337806.25
77509.38
128041.21
70083.82
230255.03
92916.50
290839.97
171439.77
170440.54
190264.27
80588.00
89310.77
23093.34
139691.24
34308.46
46927.78
11911.67
176512.51
253782.70
73014.24
69615.23
53695.31
91087.54
159064.34
167274.15
162683.02
92403.81
206386.52
170192.25
178907.32
270140.35
125466.64
280061.49
133589.37
202737.38
100626.27
20171.70
135723.80
66642.60
59690.69
155088.21
209512.34
46867.29
62368.36
153750.65
33585.34
234848.03
69304.14
100170.13
222849.29
19076.32
245073.97
216454.73
56147.24
191952.00
77430.16
135372.24
64568.29
101596.11
3211.44
37989.27
40211.38
98834.56
32898.95
52907.59
134923.53
145627.00
132151.92
137104.99
284384.12
64134.30
103397.76
318343.14
134500.35
123831.89
132509.98
200402.72
68874.16
28874.40
146262.30
28782.23
171792.55
76184.85
94748.08
217400.93
206300.98
149622.80
151707.76
98521.87
214532.40
174413.19
272539.41
190679.49
201002.88
218502.14
220422.86
82907.77
55743.07
159753.54
197558.11
157069.83
256203.70
245761.76
127868.93
214826.83
11215.68
