79576.45
135456.23
216490.47
263285.26
106823.27
118684.64
157402.58
264807.02
197508.30
67498.40
133213.48
226668.14
215205.54
178337.48
285977.49
149746.64
240883.78
62458.49
228675.68
28268.01
9965.32
21934.36
179505.83
71111.15
220218.40
74613.00
160391.77
246732.99
115292.74
64689.83
228774.08
113025.28
43782.30
218460.05
87530.32
90923.91
7093.28
332161.65
186128.82
75462.83
11858.53
167439.75
241985.51
28008.67
175002.20
48890.89
13506.83
320420.79
126112.17
124453.84
108857.02
54104.20
5558.48
43790.72
134356.23
117631.73
13715.00
88107.97
208041.56
58538.73
13644.99
288737.62
168103.15
83420.36
201300.66
8123.90
103585.22
253865.33
83348.89
174822.48
62198.73
24081.45
142850.26
177965.27
240666.53
168106.78
82544.77
116126.07
96686.94
13378.35
239190.09
110038.35
41702.92
136569.08
235800.38
268898.54
277070.71
18231.00
173482.50
119708.69
209185.40
181709.83
164460.73
325154.11
189285.02
206419.49
84994.24
197970.30
250639.01
186458.87
80410.57
135685.19
279842.27
91518.33
74007.25
160141.16
11696.88
241204.94
157305.57
81281.63
107703.09
207866.47
179894.81
139950.39
229767.71
275937.53
50566.76
9769.75
223549.22
53431.93
84289.47
225087.57
184255.16
236648.12
121483.16
283294.38
77640.85
378458.17
187261.43
158383.06
97180.11
226727.06
210154.06
80882.96
211753.08
123549.25
150998.95
57029.05
175164.88
66545.15
111600.99
169707.22
212004.89
347398.87
215081.32
43528.68
67410.21
288690.26
33901.17
217036.15
313786.45
156646.80
128534.55
215659.01
111140.88
33267.97
119012.47
1171.37
105846.05
172338.05
200061.81
198955.45
41284.02
133252.05
65602.56
199017.39
183681.42
95654.42
146843.42
139228.69
22425.40
112186.10
179753.15
10832.01
196761.67
158634.51
8525.44
191915.09
182983.73
278705.79
95201.57
183205.53
18852.53
137375.92
303231.05
99763.22
315234.44
153016.21
201066.26
358020.75
20438.60
157080.94
100871.88
123970.09
262490.64
184270.76
173304.08
318735.66
166158.59
103536.51
181653.74
45199.16
114572.32
190491.52
23151.87
50986.47
45052.24
133825.98
122072.31
182880.75
23692.83
135516.69
139500.03
261341.84
48289.14
127538.48
138457.98
99996.67
49878.32
279292.25
46999.58
18651.57
112639.19
16590.11
116353.37
195739.81
48218.63
384127.86
173968.35
130822.90
247886.16
207739.16
151081.09
51640.34
265601.02
33601.40
271209.76
140190.68
15402.59
2843.15
107998.14
100449.74
169958.39
91179.07
77726.19
213223.67
249573.61
86527.34
113293.60
301233.86
332615.47
171724.88
132388.64
226892.67
34399.32
39481.87
54160.35
144080.21
59315.66
151870.10
9119.34
39034.04
127713.98
116196.93
31444.58
172663.86
257279.35
182407.81
233976.40
284377.54
353424.53
1682.12
110599.72
156362.11
32389.40
96623.04
17208.60
115931.21
228055.47
270335.87
113749.86
27983.42
298750.90
82747.29
10537.27
124376.74
141882.08
179832.18
80423.12
120120.86
127566.52
214276.52
116662.15
196259.70
4213.09
34138.45
142938.99
110621.35
44244.15
23831.05
90154.40
263733.16
148570.11
111262.27
54151.34
149677.10
52874.90
156473.09
22640.80
70268.14
36299.78
117953.72
176292.86
200780.49
132122.94
169511.27
392063.88
202581.19
232323.22
107077.57
217644.81
65686.36
188164.35
258950.00
254809.72
135919.17
221390.45
205049.58
226120.99
182186.50
34047.46
106291.87
206608.94
184184.25
37235.19
220435.31
8450.54
71869.02
58917.00
45949.01
87999.87
283191.94
262952.76
241683.68
132090.01
132830.68
33920.64
174438.25
24832.04
233555.71
220819.96
134819.27
120822.78
167489.54
134217.81
110258.40
123393.56
24510.59
18783.30
57851.72
215480.19
114154.47
34272.25
99727.86
245380.16
73862.70
266984.31
180295.15
196102.53
52134.67
99293.50
216039.16
32910.58
194174.64
66528.01
229496.85
97839.24
126882.41
140846.48
77652.13
18361.32
129688.53
229126.56
178082.56
42563.14
75803.08
35602.41
121572.11
79108.23
84788.73
20566.60
215076.49
73900.51
209494.06
116916.41
249454.87
103737.95
276633.06
261666.67
197583.61
172326.01
308504.88
6061.37
102558.71
174802.34
75026.09
146874.94
53046.33
137222.11
221811.21
36229.93
82376.90
171494.96
93932.54
104181.77
63238.98
207044.08
217312.50
67508.84
241215.20
130915.86
220430.45
145605.48
171291.81
257530.58
51309.83
48549.02
103947.75
275761.94
211007.46
115883.73
248600.33
166751.99
141213.00
91759.07
5158.54
229659.75
157791.14
149933.62
100394.41
64392.60
274260.79
100363.72
222256.10
49441.42
89407.92
32478.33
67407.23
60444.04
307532.66
140921.46
195734.38
88217.05
77824.51
249689.17
106542.13
65761.89
222119.33
192004.56
308711.48
148282.44
265033.57
22101.48
88490.61
26509.08
7709.94
267442.08
239823.71
95519.29
142675.29
228759.22
344517.53
213059.84
218919.25
25669.03
123636.97
90885.92
95644.58
284277.29
163176.54
38659.42
142610.39
75985.05
117484.40
188211.19
265311.30
53216.69
247516.23
166180.78
10515.77
225089.97
281585.56
93695.70
158498.83
224407.82
123939.93
169253.16
167331.67
222322.88
221160.71
263418.27
8110.86
49129.77
100065.79
174995.68
115434.10
174738.72
218797.05
222284.19
102641.24
220609.27
192614.81
173688.29
152883.82
19797.56
270644.78
233783.25
296261.86
203402.63
56539.41
79944.76
69518.71
130723.86
65480.34
99635.50
81879.26
45690.93
276792.45
333975.83
32043.83
110296.59
192665.24
171801.93
36179.65
86402.91
75106.99
185318.97
161589.50
201587.93
116345.03
81821.09
142770.56
254954.83
130453.58
24908.95
110968.90
214891.90
3873.10
207125.64
146487.91
83240.98
124079.16
113691.52
304776.71
32263.89
212506.13
241289.86
300861.97
215271.83
33361.01
99677.86
64588.57
261702.16
8622.69
232766.61
8624.28
150573.69
101194.47
46391.00
292574.60
133273.56
3019.63
52059.22
149867.85
34719.01
240520.86
74402.95
89016.78
20775.67
66937.84
223879.52
65534.09
238867.10
157351.61
29558.02
124247.13
230488.21
76666.72
108761.39
61294.59
277995.22
31351.73
127756.10
151609.19
7044.60
11795.22
29422.05
79485.23
53348.43
79318.19
108907.09
42230.04
13932.64
147050.01
41414.78
229288.24
117908.59
84538.42
203297.29
188115.93
151233.01
210250.04
38359.59
124419.73
223296.24
278461.84
95925.73
67594.39
245989.83
19196.28
277066.58
202238.67
42268.91
58458.63
133939.62
96800.23
222970.65
89126.84
39206.12
37220.49
36556.51
170407.53
297275.53
243300.33
42691.10
161432.90
101560.31
157289.36
1903.20
198061.76
169484.50
250298.23
102674.83
129312.95
87744.93
133065.74
132398.09
5317.28
239707.16
115847.98
171024.59
107835.27
208495.71
38932.20
48893.48
39929.90
150987.01
143107.23
253621.03
143811.73
107051.04
125201.93
107278.49
125037.46
24224.20
120018.58
59002.71
145291.08
221081.59
283647.20
93383.10
66170.39
171030.70
44951.35
60319.29
25234.57
163528.81
73225.86
39960.25
19342.39
158438.10
224578.61
247429.35
172223.86
203925.14
232982.84
29598.66
186585.98
221897.16
140344.30
219904.79
167063.38
192595.84
204273.46
134301.40
91132.51
52033.36
256467.07
133751.16
247135.28
105789.87
186304.06
125078.40
189467.68
292405.14
146799.18
188549.77
76145.42
182784.00
160549.89
250533.49
164049.90
240089.47
49960.26
91337.29
262280.50
162919.52
32069.29
225599.21
78091.64
124698.54
56974.24
76021.67
189171.00
36408.05
30218.22
231524.79
170497.55
60152.54
67662.21
111956.21
179733.12
26675.47
166568.30
42058.68
177151.39
101349.06
314943.68
176919.78
193184.29
55536.96
209798.82
176031.91
47837.75
369634.96
122233.85
177292.14
145227.46
104819.35
267943.71
135740.64
87215.11
56791.25
274932.21
41052.84
130895.63
135374.63
99898.80
49284.21
48389.96
187708.19
73184.80
135210.38
131913.78
252450.12
366197.20
225179.48
332163.28
258965.88
97059.68
99648.77
151069.00
145846.82
148299.78
216269.07
237644.30
130277.53
229246.85
18992.64
48945.23
340787.17
166291.43
46274.42
228904.95
2109.75
132419.69
143948.18
167847.72
191508.54
198967.80
211859.21
136517.45
97550.86
102059.29
241316.86
218961.41
67606.74
303686.97
25249.11
91454.64
80905.53
70764.66
89074.43
113303.39
17709.15
67847.94
78342.12
306843.88
159813.19
52677.42
240732.78
209770.96
304317.58
170393.70
146560.17
95539.80
37770.94
12555.90
37530.54
195907.32
242669.19
174606.59
59033.93
69038.13
237479.69
235724.72
210918.61
111239.79
60152.35
163296.82
60457.20
11642.72
188895.08
82253.49
53940.18
63689.58
135694.48
242746.59
104889.25
84521.29
53970.46
90616.53
61009.53
65102.21
26275.34
48611.41
189008.71
157002.44
11565.07
277453.55
127857.85
47664.55
33672.40
74542.18
9806.59
154649.10
112373.23
81107.41
164521.08
152044.84
138350.14
6834.95
176864.88
275280.77
82500.43
291487.91
67614.18
61518.09
198015.63
9703.52
257671.23
236334.42
151618.73
148562.23
170216.73
2269.09
120298.87
188330.52
249716.57
71734.88
184862.96
37857.73
242378.63
136911.12
196338.24
173281.19
140464.94
84393.42
229653.37
139159.49
77729.93
199244.88
42310.10
331056.22
115948.45
6128.99
306951.16
273732.65
84638.54
33518.24
211762.77
287327.56
79479.64
95698.57
222445.15
20408.31
142795.78
342735.62
168813.94
73878.04
61390.64
82033.15
49006.91
124314.37
105585.23
139830.21
154144.71
148911.40
124793.94
66779.38
212120.90
104394.94
227883.15
66425.16
46501.24
252585.86
241680.10
103189.69
61598.63
39249.65
272867.09
147935.80
168028.45
268301.62
79082.95
124755.40
53738.14
54848.10
166289.70
91359.54
13818.03
138261.69
104154.36
107806.71
51317.70
277374.94
3600.88
39391.11
40658.65
226634.69
238537.83
229997.57
111648.07
145637.79
140665.59
205917.39
223984.56
183354.70
205356.44
83244.60
168783.74
129146.15
205966.46
130888.15
125223.60
159766.42
16412.02
61549.15
107003.70
63344.25
112835.05
48244.63
82174.31
46947.40
56765.51
103619.74
157239.49
157940.22
194920.50
26732.21
145810.07
51922.01
57165.10
146253.26
106862.00
74285.00
213078.35
242095.26
79179.78
121374.06
281866.90
216820.72
186090.40
187934.77
233226.46
144010.31
198499.01
224240.96
51219.92
254535.18
