208529.71
287646.11
35843.12
124656.23
108359.40
85416.58
34130.41
122010.07
41146.57
143397.25
138437.73
160432.08
52850.82
105791.58
5252.99
54391.66
120154.29
289207.23
62217.61
183593.18
155020.41
213752.35
11955.64
133947.22
15847.08
90278.14
21246.25
303915.18
143774.75
245000.57
14838.13
153391.34
131304.98
227826.50
200599.71
184989.30
205625.25
138214.77
130863.70
95059.36
153854.26
327162.86
137002.34
65380.44
171352.45
108364.82
125300.42
99267.93
38034.55
88573.80
165483.29
97438.23
10469.33
211933.51
141621.65
72162.95
326343.84
158545.18
66457.83
167171.22
264940.04
22300.82
137347.92
77147.08
249743.24
153187.06
199742.08
9453.24
25256.36
244852.90
203140.66
7295.01
42138.98
73450.60
34524.39
77076.38
57788.20
171697.67
137564.14
21106.19
79503.40
52725.78
290603.86
203366.60
217126.73
222706.37
49106.95
219963.39
7197.87
157206.86
156571.59
241557.05
140011.65
134945.15
8608.57
172376.22
35059.84
47458.73
17154.81
168134.05
146249.76
39404.58
242650.57
7386.74
80258.58
88032.66
86510.18
122236.41
248199.22
93811.43
137103.90
293176.15
237765.78
58059.68
144126.93
245694.74
17855.43
163909.56
149016.12
118671.61
12115.02
283431.48
152959.44
183275.31
73564.18
143530.53
86622.20
226829.48
218583.13
186033.73
198940.35
230418.68
221046.18
267022.23
175713.00
23087.80
16819.10
79473.97
59272.95
9885.34
175121.68
142929.80
285788.04
48377.47
197333.52
12253.65
21536.47
79033.16
264059.90
284921.35
36000.94
213678.92
78608.94
234603.25
104107.46
25745.05
205884.11
101273.05
67767.02
105045.17
194969.27
122425.34
264283.47
84922.80
122051.25
207167.32
257118.87
72319.07
200436.50
21275.32
83763.94
37896.79
249672.64
188673.77
149739.99
246615.66
124830.17
115717.54
75864.04
262279.68
109808.01
251537.17
112610.27
24190.81
178419.30
131869.63
112846.85
217490.56
2343.30
280424.09
67422.57
55642.66
224986.57
82330.99
260624.65
152755.41
167339.74
114429.04
28775.40
139422.00
253744.74
182436.54
174787.68
125574.63
147948.00
252263.98
232371.23
84089.41
66889.79
257854.68
247991.98
128877.04
18072.95
114920.95
109652.18
250154.69
192249.07
258499.62
61115.33
125446.81
32474.48
243673.82
76003.01
38729.60
45135.48
151895.73
113755.96
197034.61
72631.25
100553.57
37002.21
39323.34
315206.90
32383.84
58824.48
74527.89
68989.95
85108.89
282424.40
16457.54
57302.57
45313.20
32290.92
47917.57
231874.85
41821.13
61643.85
260616.38
258324.52
175840.71
66210.57
79264.24
163479.26
62641.41
173500.97
130485.05
137258.22
176635.91
54439.54
91982.89
162459.84
103020.67
16704.65
55938.79
150535.42
84876.75
135095.60
220775.56
257824.14
202898.65
148894.40
260665.31
156417.04
167698.59
42948.09
36601.00
61972.57
194568.06
69807.21
232256.06
126211.90
93906.97
125573.91
71192.44
57349.11
269104.95
191330.36
24731.81
124926.35
153997.02
89386.06
357885.43
200988.03
167041.47
123215.16
238695.08
85919.16
147531.60
48257.52
234265.74
240599.69
93206.92
78582.98
18206.65
50673.04
169300.04
52119.40
242756.06
206052.26
132070.38
252355.76
75008.89
158145.52
135548.59
14111.33
51947.07
256523.92
57625.55
297124.89
212257.57
194774.51
237441.06
274469.70
96716.00
256416.90
198224.39
214117.26
201329.75
85709.25
9044.27
81213.97
67105.16
123820.53
164373.12
44431.63
160065.05
131273.37
133511.27
154153.96
196370.99
107035.62
176572.55
109922.40
112483.79
67744.00
60278.59
213148.53
159053.03
98711.15
184992.91
44149.35
142884.96
200084.26
163219.17
13874.77
86139.64
300441.61
221162.20
72580.81
142600.24
273590.58
300060.62
311662.78
174008.72
201598.21
28182.13
236921.70
265385.81
92233.60
91597.57
44029.35
124096.21
15931.95
102018.73
125926.20
226097.50
303409.77
120707.96
170974.03
47488.52
62626.90
56730.46
124337.28
249152.61
288059.18
301487.62
99640.27
67901.93
41871.00
49238.26
202728.89
161765.19
121030.90
139957.18
186183.11
156995.73
15490.94
27834.66
152903.72
101262.49
343046.18
71918.39
196872.87
1372.78
68813.51
24238.46
51699.56
170514.51
218977.19
14139.30
3721.42
107376.27
126308.72
215577.11
111945.73
126965.84
99685.52
106877.48
57759.93
53297.90
92117.95
214194.10
18181.88
203224.78
53843.09
125908.18
277797.32
296245.83
53998.13
986.95
86797.17
221800.91
31693.75
271070.13
181004.15
15901.06
56166.39
270583.22
211411.78
41730.50
216479.98
64363.23
14462.83
150562.31
261214.96
60638.71
61330.32
108611.48
152909.83
136954.64
249234.45
169437.99
189532.75
122759.17
118832.71
112636.78
205416.80
49121.42
74605.10
136629.23
240888.43
98281.79
168062.76
128368.53
113033.15
24053.91
114075.12
43152.22
201819.48
30948.80
128872.37
206364.78
220813.77
56068.16
64244.51
153806.70
58710.08
255827.12
163397.42
137691.20
2820.52
74987.41
102886.26
157076.69
60879.45
225661.07
258255.67
134791.18
263405.92
91510.28
78683.53
211331.38
216074.72
176473.22
70074.50
143882.31
149171.94
151843.96
125441.50
123442.14
121467.07
156754.23
202006.37
175933.89
114321.85
63650.01
119443.06
186375.37
147453.39
273253.20
250596.54
261819.25
221490.16
61292.43
87869.25
185923.24
90152.28
32039.30
84186.56
192231.30
22109.62
19265.82
76927.15
288283.85
120699.94
23500.28
40263.23
55209.82
30441.93
355755.70
207562.69
175076.03
244618.97
132636.34
158689.06
98202.14
82865.59
253073.99
228598.82
246232.07
283929.43
64725.30
254588.37
216373.33
240299.92
153487.70
211302.23
116761.87
52422.04
285655.22
42802.01
77947.28
195216.23
15339.37
56130.05
50603.45
232014.51
219519.65
126368.50
185701.85
262573.08
143869.39
131156.62
212800.26
36564.80
150238.94
187873.82
111354.14
96526.04
263724.80
261537.85
196333.59
362888.17
29560.90
249822.07
134519.77
200153.37
309642.59
170200.56
13947.63
233336.85
278954.71
125154.08
205957.73
57351.59
121001.40
64014.12
2477.66
372774.82
192030.37
123104.42
161679.94
54118.58
39449.19
52275.05
88339.68
1849.39
50763.96
336474.11
213801.79
258233.14
107550.49
154788.95
108472.88
76016.10
114796.08
96434.59
11709.65
119716.67
119194.69
96593.54
229566.04
301128.27
250431.12
1937.25
50491.60
44234.81
185440.94
6433.81
184032.04
286966.71
8839.05
89176.47
47718.32
12214.06
167463.35
168959.36
86575.37
277456.52
222413.61
87006.41
32357.53
64692.09
237224.01
270085.09
204904.44
65921.23
39021.93
135181.67
2338.90
97950.39
232239.09
99458.88
132998.74
172943.25
113547.48
145346.20
211748.62
55083.98
52889.86
160943.45
54537.76
27938.04
1934.43
57110.61
143648.17
122210.85
203731.30
172226.27
67554.58
3335.79
377142.69
78504.66
248525.11
60283.14
129924.72
69040.05
253677.48
82119.24
14172.95
202616.41
59807.98
39366.74
195098.08
178697.26
283651.37
85953.38
165204.62
3211.21
165703.82
2394.23
2987.20
160939.56
41600.53
10278.26
78567.96
28220.30
16378.50
150130.23
114887.03
12412.45
247619.97
166735.41
241093.88
163779.79
214163.60
164843.64
200975.13
81769.11
268984.70
37523.39
114187.98
48530.19
188106.13
213323.51
93464.67
97445.78
18411.84
254493.86
297102.38
88036.43
162217.91
175068.74
230664.38
190458.81
66825.56
257305.00
260437.21
165926.83
90030.99
72890.58
84279.10
85301.84
145453.25
36613.09
218682.92
9714.65
128543.73
192329.28
213402.21
296402.71
225360.02
26357.37
81445.37
79509.20
72070.41
243200.68
78265.86
212955.57
120689.69
10996.64
211181.07
146886.08
98977.81
175674.28
59806.89
88773.43
243523.62
119757.85
265619.63
220419.66
48649.47
255478.02
121158.26
185796.45
175809.34
81410.49
193600.76
204320.39
120157.22
271644.41
173052.34
146423.93
343824.66
12887.13
151426.43
36274.23
172840.07
219653.69
178601.80
158365.03
152418.12
324007.59
48927.93
224694.00
140107.81
294179.90
195436.39
116743.24
81144.61
62934.15
181259.44
324825.11
211109.27
217332.84
39922.84
345969.42
214947.74
124694.54
143558.88
187823.83
102981.15
201449.10
310661.63
279328.11
144961.90
12553.86
136994.25
135824.70
193753.19
105194.77
101770.24
51098.40
244263.50
92589.34
5173.61
117154.86
142002.63
197488.10
147548.22
21584.66
149428.40
74550.45
99116.07
244283.74
360801.55
10515.41
202163.60
99145.25
21916.00
267333.51
197515.31
164931.48
118215.81
48991.14
254220.72
108768.11
104460.43
226939.30
54875.23
248806.62
184691.73
232119.38
138691.69
251932.50
204578.19
98388.95
184233.09
95009.77
83327.96
168667.35
180783.69
48206.11
176400.86
26020.19
256541.95
9362.80
53739.99
92955.75
132073.70
82076.05
42026.67
149054.28
123145.51
72977.80
74001.69
127250.65
152077.94
196113.75
228869.01
158158.44
25116.87
154346.44
108774.01
125758.22
121083.91
78279.38
118179.54
165291.03
20867.71
124686.49
76332.06
209724.82
205250.26
81955.22
152194.50
129609.16
20514.99
184676.96
194728.08
34900.21
48260.09
324635.06
144329.67
179526.37
108654.62
214786.68
171495.82
281557.84
99996.05
317161.22
29102.80
162283.52
142247.64
97275.75
83366.64
147033.65
35229.59
240302.94
152865.60
216993.12
135782.04
166100.78
339885.38
38968.00
273905.16
206215.58
135465.48
374033.28
212000.79
69779.32
153142.15
283597.11
56608.74
122854.89
83987.41
18708.73
204601.71
53791.05
55615.98
2528.38
135663.16
1424.87
51355.43
39017.64
256781.88
216810.26
113412.77
153381.12
290813.29
112999.54
93543.40
58910.25
232949.02
128241.49
18095.68
290224.43
125973.54
76001.11
163588.55
172804.46
197810.39
230037.14
72109.17
64831.21
354952.48
223771.67
210146.67
30696.21
136840.92
126185.17
185012.58
57315.95
184891.89
94713.84
145318.39
240425.33
88883.43
1028.58
49555.26
275529.13
158151.41
178050.30
46191.90
47737.13
9576.94
173064.83
299291.01
187853.32
107564.55
173509.24
80023.49
98399.03
163408.65
207945.44
108074.12
198926.10
175189.54
175926.61
156858.52
41136.54
34730.63
201169.06
342170.42
91938.08
53020.52
162902.90
31205.46
93246.51
27586.58
47494.96
6537.55
146166.45
36146.56
113443.88
100207.75
155303.23
178126.75
54909.89
16359.07
