138796.15
134509.52
228252.35
166897.68
104285.83
116439.63
142116.69
19980.43
212441.35
115257.43
171966.30
113868.29
109895.01
152930.15
356550.29
145426.42
137291.15
227134.30
149755.55
164956.43
223166.62
66674.79
38006.29
30737.81
259298.04
96996.46
195483.88
142390.78
204249.04
137939.80
19389.28
109661.93
169891.51
233300.18
51278.24
245623.49
31181.17
198864.23
12494.92
245889.83
92261.47
256331.30
49030.15
19267.74
232491.95
264338.96
32752.07
67926.05
83232.38
143681.76
307655.70
69844.22
104492.70
134914.99
210662.41
186938.20
280708.94
141544.00
217654.24
320097.55
329969.13
121680.74
55259.81
22735.49
139056.64
195593.73
228458.52
92157.03
40100.41
8835.89
161554.17
200376.89
31714.13
181905.23
187484.63
103054.65
74189.56
139656.12
192873.10
54751.86
79999.52
76351.22
59158.48
140668.90
202743.89
212538.10
140824.01
81160.95
234011.28
95525.42
187734.74
24908.98
152020.71
90637.14
78398.02
204486.24
219182.21
67135.54
291749.16
97189.12
18970.81
232780.90
66285.45
43416.95
185805.30
263213.79
39772.00
144790.77
96360.71
84368.28
78280.85
42085.71
5743.61
139243.63
244231.21
106325.19
51590.78
254213.28
123706.55
174501.05
57320.96
143813.72
69248.13
11119.50
192913.89
296006.09
170512.93
49718.35
74313.92
232724.59
137953.43
53910.71
92257.75
238146.50
155506.56
107540.20
192287.19
45805.60
23956.22
36210.37
92137.94
81087.99
126726.07
115511.15
174562.98
252339.49
1698.49
334290.59
180570.37
77881.29
215416.82
18125.18
8460.95
161810.58
212359.15
15888.54
288563.28
188551.01
209860.36
282222.08
31612.64
288753.39
194897.66
95109.77
201223.43
154753.89
32873.66
341743.86
66576.78
131861.62
134831.80
43749.14
255700.58
56824.20
166152.38
151296.98
174442.21
129806.95
199801.50
209146.76
131241.38
53782.51
189026.21
187737.46
16497.90
80570.34
210011.41
187462.17
67841.31
12567.80
149231.60
122088.95
197602.45
149170.07
159965.66
217089.57
185670.89
185476.07
138014.80
120740.27
170002.70
170805.98
145748.56
153921.67
165578.81
174995.62
188137.33
172424.97
220326.76
81915.80
85036.15
77399.06
45899.04
156009.99
111448.00
233035.48
83923.80
102695.58
85065.36
229812.41
220764.51
95377.34
128971.55
65393.44
266777.50
31190.37
213161.96
132237.00
175000.66
125384.75
248380.40
125810.73
68112.16
223715.36
46946.81
361656.41
279116.26
287249.06
51554.15
221027.39
184072.62
122829.93
210557.57
200906.18
163740.72
124231.94
6641.02
146287.10
136874.96
286217.53
41543.99
220248.13
55220.70
209401.40
266369.73
76346.58
193709.26
104939.93
73239.13
289456.30
82705.92
4221.01
31823.37
228784.47
145538.41
182845.45
136244.04
272754.77
134489.36
259898.80
291858.41
57400.06
134867.07
60943.51
114594.41
397498.41
162157.24
133294.64
188272.93
44518.65
205380.84
68302.29
148078.08
129735.56
130420.14
126952.02
89975.19
23494.72
99498.66
193794.87
89781.12
11668.79
172264.43
116766.13
32765.09
62596.44
13224.81
152070.37
156384.89
209974.75
260029.90
173639.09
4474.01
180672.49
77822.57
142466.03
52009.32
273562.11
272344.56
291822.29
278937.44
98696.12
73785.46
32570.73
112610.04
85826.91
212209.48
88094.27
99347.68
34867.78
249721.62
147318.46
50345.19
339016.73
171049.36
31179.53
86694.16
23324.45
62804.09
34245.55
63492.90
200727.02
142020.40
217378.61
285772.56
190788.23
80981.61
208157.37
204839.53
344259.05
126990.83
41247.80
129722.11
247567.75
36038.06
187576.77
31391.96
174106.79
163408.39
271126.31
105691.17
124447.63
104160.36
156263.63
80396.37
145060.86
83870.27
55496.56
38588.04
105125.77
315596.29
49986.80
273012.35
104265.55
41929.62
40899.64
30078.46
224380.72
171807.67
81751.81
139855.53
85864.60
29604.47
185627.79
34147.76
45040.82
201787.82
38270.54
161124.45
137365.21
107280.36
88179.84
42558.05
191401.07
170844.14
244473.36
109365.70
229269.10
83262.61
25228.77
256703.14
280181.62
96577.67
123272.26
67090.41
215065.85
283450.79
58258.73
193251.43
60491.46
234900.24
83917.06
73879.83
228155.29
207888.95
53869.97
179911.18
120911.30
281706.00
57018.93
251848.43
76768.83
10418.10
128452.31
64414.57
178980.60
133094.03
294705.53
268272.40
184082.35
119073.65
129608.02
256930.79
58242.72
3739.28
281281.88
133286.64
227063.09
135521.90
134838.78
206340.28
56834.42
101718.48
161131.86
61010.53
214511.11
68745.08
156208.52
192125.00
202081.74
31596.93
159607.25
313562.35
77140.19
33484.95
128934.32
27089.31
215414.00
987.08
221470.50
193510.43
34882.98
121445.37
163873.09
158345.55
129969.08
122182.47
186316.24
70071.67
40668.26
109414.28
192501.55
92124.10
271301.02
188702.47
162173.98
307009.67
70165.75
164170.18
102231.00
249596.86
122698.93
129113.22
182210.92
103557.10
136492.19
142412.41
232784.88
86085.31
131370.96
258953.44
138350.57
307163.30
209688.61
78932.63
124205.25
36327.60
159436.15
179187.89
45634.28
103667.78
150123.04
84967.44
69147.14
96616.93
82838.67
179486.30
118716.93
299634.51
194278.85
150259.53
31622.83
121470.93
284694.80
42221.50
256962.25
111386.66
100354.86
145724.97
224204.54
109113.43
21449.67
155557.37
22842.86
143464.22
264173.83
247799.48
281315.54
120043.71
60893.10
224132.37
135021.48
260381.52
196028.30
114397.52
158972.79
278686.75
3162.94
250090.56
133037.26
126840.34
123366.36
227683.04
106247.57
138385.20
71771.05
194497.46
37150.60
28928.00
12893.32
88767.71
55209.92
251996.26
114395.81
264193.77
96376.07
284706.09
95187.29
220332.41
248382.27
338364.10
157599.29
267308.01
179209.54
347077.10
124185.68
268946.95
41748.65
177379.66
263557.87
230606.50
161280.57
90766.26
53900.99
116332.83
197898.01
304924.30
162207.43
198038.14
28010.57
45803.03
47685.02
273359.41
102993.52
194892.42
59773.63
172802.02
156951.72
156005.30
237218.27
203371.53
266671.89
958.65
141718.06
240360.94
133627.73
156681.50
280066.84
57131.29
96515.28
215760.37
54154.43
58975.17
4158.80
254172.32
281648.19
230468.10
76211.60
46829.31
291366.40
19907.95
30123.06
161172.78
96689.10
206198.36
101771.57
185286.45
311010.82
210255.95
302456.94
197423.96
132768.44
160499.08
123491.03
232522.94
30400.72
64817.36
140496.11
73483.60
111379.81
204888.16
95660.49
43240.38
137522.14
142969.00
153850.82
119823.87
24214.35
93000.72
55473.22
5181.78
93783.69
169544.01
70641.93
130432.56
176920.45
156283.57
79573.31
123967.02
211878.28
30938.54
62802.92
112141.13
120192.36
145997.77
31484.77
267043.64
365039.10
56795.03
125337.42
326229.58
44517.40
252089.61
155948.40
171409.57
50166.55
136333.56
63490.95
118968.73
109168.17
226970.85
112697.44
153040.75
227652.85
251981.16
139460.48
101296.38
33781.22
129824.83
68549.06
80609.19
241274.38
137818.68
49343.72
77599.33
71749.52
115336.15
26786.16
116332.89
119461.28
235534.76
31778.76
38558.26
240157.79
288309.86
36323.09
86316.17
62518.21
264742.07
84954.79
194667.93
64672.23
194528.72
161684.63
110671.04
205973.57
232898.13
74495.16
97223.12
46297.03
115449.92
158951.46
125652.53
104261.41
176441.05
177386.77
124715.78
233868.54
176842.84
111720.37
75636.85
33103.98
224672.33
154987.46
191653.07
77583.57
281820.05
246904.89
174963.40
263674.37
131371.62
19260.29
98725.52
131738.60
251084.84
176126.44
219918.97
119675.47
99180.46
230908.72
195945.33
58343.45
51160.36
105620.20
169390.23
52507.28
80551.60
219453.79
147389.60
309103.68
124104.97
199999.76
65141.71
319099.94
215979.24
98020.20
137056.91
145031.66
135467.13
211843.54
39467.63
91919.81
97449.94
177224.25
206013.50
118612.14
172747.76
40415.41
214878.55
295683.26
116128.05
99608.61
293128.26
114115.75
116497.21
130832.80
184076.13
60160.88
198042.08
240432.57
89184.16
82100.40
87138.76
104473.33
128762.17
130859.92
70315.41
154608.94
231422.12
147961.87
123608.12
116343.59
27799.67
55457.39
160899.12
211087.19
209894.41
243872.73
178174.44
144979.69
167852.15
114142.76
142312.90
105013.85
69308.38
98427.57
30347.81
18468.52
119611.19
36947.57
218855.90
252044.34
171403.32
221689.95
148779.49
22091.45
113825.53
32833.02
121237.69
124192.17
66424.33
168953.31
184572.03
102188.67
182967.97
13548.25
290883.83
68076.41
264841.37
170662.47
110158.26
101554.65
113185.20
96125.25
12674.32
234718.06
249345.43
191439.10
71586.81
98345.29
234946.72
29942.22
317816.11
21899.59
180441.42
15349.60
68823.19
247404.79
51595.06
40649.35
100982.43
158941.41
132422.49
280039.65
106798.59
24051.78
41752.23
78742.24
149128.86
137936.99
32587.12
154503.03
85724.20
114345.69
10577.74
60220.01
165360.61
16367.96
161876.54
186781.27
273646.95
60983.37
235234.78
269593.00
197051.11
69701.49
203294.30
16197.40
72954.03
95740.45
228016.59
57265.46
145762.13
118329.45
86347.19
38815.32
234653.42
154468.00
107469.37
153620.55
275796.57
187392.24
113891.76
21821.10
118111.31
272302.89
290665.13
259058.50
218825.10
76712.60
88528.72
102594.81
76035.82
60302.33
121585.47
106893.76
188944.55
316978.80
187606.56
5666.76
96548.15
187251.36
222104.40
98107.59
45084.12
26349.32
41423.65
84876.52
202327.96
160499.90
134307.97
85397.47
82012.13
89908.68
210912.13
10164.07
275881.88
62282.11
305323.12
77477.64
324445.59
194080.67
186529.68
61082.45
64228.49
200583.33
125747.03
108264.04
224437.71
40746.53
25715.57
149186.65
109282.06
307498.78
125066.82
206994.76
206612.75
249018.15
44105.81
107296.19
55970.73
212704.91
33369.15
57978.02
138308.98
104132.28
197421.13
151784.59
47147.49
56110.71
196316.57
411395.72
73212.48
1245.53
164740.05
72062.82
72908.92
79663.35
134515.83
136451.98
125537.60
76787.97
91674.70
111214.89
221286.19
61861.79
230169.87
195056.95
51681.03
115227.68
141415.01
279548.01
87499.66
48284.67
120582.99
232766.08
239257.25
165547.93
99643.35
69100.90
185153.95
129809.59
92159.04
95223.49
252505.79
246262.84
102812.68
200569.93
43277.57
320631.11
240474.26
102066.20
233460.73
169669.60
117119.20
105036.32
258546.80
10512.73
209651.14
103233.30
