227354.89
325688.50
210282.08
25756.76
85227.00
115870.46
264710.45
114469.46
176447.81
47523.39
93935.04
176647.75
27699.72
54364.94
211625.46
202219.04
40910.90
125605.37
181592.74
150061.07
176816.89
18826.78
92756.34
182567.97
62124.24
173009.48
46114.61
126509.61
91168.61
134300.49
106888.46
168747.50
318695.31
24654.52
5904.56
164242.53
131741.51
115273.30
182357.02
264198.62
100809.51
163804.11
226016.00
271134.59
182691.90
117096.37
219806.56
89873.53
213211.07
171181.73
22881.74
144964.55
258723.43
174321.30
155955.83
91761.51
38319.28
67120.59
174082.47
137867.63
110990.50
128754.59
194078.26
50061.40
160441.57
35384.23
123555.52
30509.55
70352.06
224272.57
74036.21
240893.64
124829.75
163581.19
83640.39
150276.98
96506.68
106823.51
296390.60
99235.65
141986.75
196213.70
23005.97
160272.34
35784.07
151000.73
219058.44
54808.01
93194.15
24742.49
127984.86
17986.55
257858.74
123333.98
71302.41
223448.87
130495.62
179324.00
70963.54
196221.66
132760.92
55685.86
260498.43
381652.16
198231.89
301112.81
116462.46
24625.18
188491.77
26849.08
98369.35
170386.03
57111.27
81986.87
133834.22
240835.55
253258.35
82026.02
184924.06
61357.52
387872.39
125934.88
160530.89
58684.72
252841.20
41090.68
315721.86
163036.34
71510.72
39375.08
170919.75
204511.69
218507.88
114402.99
229610.87
111980.76
32355.43
26943.60
19272.86
84516.32
14696.11
44230.20
192306.16
159299.09
112218.14
208723.54
180797.18
153678.83
160141.74
11091.84
230453.58
191508.63
196079.76
130773.83
244945.85
253346.50
34602.00
366343.85
114442.07
90750.32
249944.49
115399.45
318247.90
109644.23
237229.84
78827.18
184494.86
104982.73
130661.78
193101.57
60009.66
143203.10
13992.23
361042.63
91853.35
155830.69
172491.70
27640.39
264666.83
164943.33
195237.98
54590.47
227031.13
222959.79
296177.46
117146.29
35035.81
200341.98
151393.91
81690.32
78473.98
112469.78
204442.65
112505.92
192751.03
103479.22
245381.32
72543.87
146488.08
258381.56
148809.10
246385.16
93260.68
147814.59
245411.87
16280.84
58531.50
100175.48
263105.99
72545.77
165864.78
264016.65
230129.97
193796.13
28018.49
343708.43
282825.13
21045.98
148649.59
106760.28
95624.93
194212.51
27424.62
319301.99
103862.91
123852.15
153422.87
6867.41
334090.86
139033.25
102890.78
263099.33
158576.21
168617.16
85719.44
126907.06
285971.50
283808.09
196128.39
196188.08
85192.81
254723.15
204439.94
130644.26
81077.02
310174.57
168371.17
329312.12
160959.48
98326.06
187197.50
146633.45
184695.33
52644.48
130849.56
106284.05
188327.55
214213.09
77943.74
185535.03
176917.38
45221.39
265478.32
123682.17
101787.54
167048.96
45390.41
50754.45
331043.18
229775.96
39613.25
247782.75
43316.68
210080.72
241041.24
369296.70
199027.96
8965.65
158339.46
139716.89
42656.64
52148.58
156430.16
287789.99
173499.20
216847.57
177541.84
238728.37
3737.32
152475.18
158204.23
266754.30
111917.70
86644.60
248311.95
165974.53
76396.15
144569.37
5210.04
41020.79
266719.16
277424.04
38203.83
10336.63
82527.78
23397.86
46046.96
216909.18
31063.20
107789.91
103349.93
78706.85
245022.04
133842.34
17265.51
11251.93
143815.34
67956.66
28735.04
122350.88
149499.01
194057.54
182630.76
236000.59
69257.44
169419.59
43591.97
118442.89
46828.14
86541.73
73943.40
47352.73
127644.48
278526.59
151879.98
231094.85
151285.62
95125.66
342015.49
154623.03
123847.16
371076.11
50664.57
139545.23
145103.85
257637.71
91761.52
48497.78
56111.57
83159.54
210071.43
125184.40
251135.15
25750.14
123456.45
31669.70
126715.93
29319.99
62559.76
31992.15
186675.81
144583.55
153053.09
153358.32
98750.96
143998.12
79559.23
247122.17
199398.75
175480.76
195460.39
72419.73
117003.05
90304.47
114040.29
106479.73
227080.96
128216.41
224583.46
58976.00
51183.45
9477.84
88186.36
174808.42
107360.55
85895.24
108597.67
181546.84
165037.52
43376.75
193224.04
76685.51
213005.47
114277.40
36669.02
154908.17
154551.32
162341.35
109632.48
100620.91
184069.57
4520.66
143812.35
86919.93
110857.87
42687.41
97653.90
93804.15
124653.89
54695.64
136188.17
221952.68
153731.59
8616.56
1077.46
284474.71
44650.20
248323.37
126183.04
76038.87
335197.85
33813.00
49467.44
83306.92
137693.51
196996.59
151586.45
197649.11
76623.36
302601.91
232113.55
41854.35
133021.92
79069.41
111932.00
344654.51
16820.83
283479.65
93232.49
271920.25
62326.81
202598.72
98069.84
21797.47
66670.44
124732.46
101078.53
176982.61
52471.78
43345.58
120530.04
264268.70
122236.77
14824.20
25436.97
48004.03
96132.60
9390.30
98742.62
75636.16
62391.22
70960.81
93018.26
89898.26
161217.03
6420.65
76785.65
7542.73
101519.98
225127.78
5504.64
96842.72
123726.28
330777.86
78092.58
38320.59
193724.31
124111.15
181320.17
204444.69
13618.13
32272.15
259218.34
248495.15
231644.09
73602.93
39293.93
53402.74
132235.18
279587.05
199218.49
330756.36
71360.75
159411.07
91273.78
228230.33
14276.88
120956.67
188495.52
64626.74
187897.64
199875.35
283910.64
128025.27
148938.07
130813.96
264796.10
233874.55
99975.11
52291.95
209718.13
121200.54
60276.52
83436.10
175946.31
120756.36
26332.77
184440.53
159603.04
111370.28
328815.13
258067.61
91883.11
53627.63
144476.71
164537.09
45045.66
31743.13
62441.71
253942.73
49403.90
32191.17
63396.38
150056.07
116690.91
245390.11
108247.33
152811.97
152310.97
223020.17
69241.65
89064.00
59093.39
218584.67
40841.98
183006.97
58473.03
69254.97
257371.22
80778.58
146169.56
218855.66
81148.38
236704.68
214799.77
156606.05
57074.24
126308.94
260453.98
327419.84
38704.88
229891.31
73671.77
114686.90
282093.72
163697.92
161594.19
35397.93
17207.11
212119.69
149563.85
6465.49
246185.53
11591.51
265739.72
66415.96
121927.32
134677.54
129319.68
29724.19
128082.14
166488.95
58001.90
113498.65
236445.04
1392.62
176994.74
35285.85
179004.69
39648.04
84809.31
23801.00
326912.76
137502.50
105197.91
333217.58
176318.74
235025.90
248395.21
162096.01
46035.15
266938.45
142090.89
144877.81
246726.17
55158.02
133073.59
155851.76
60942.61
94795.72
31055.66
17417.95
52155.82
8582.92
115420.34
24441.30
67168.17
110129.17
3532.66
221678.26
269892.44
235625.38
152493.65
120929.23
164187.16
128066.48
218567.12
26594.30
215651.15
182782.45
158631.59
50565.86
53100.97
227822.03
74284.37
138622.87
205625.28
34600.52
65815.51
215298.60
184955.11
34690.07
209613.78
88672.05
51895.40
29593.22
15863.53
118645.59
283116.32
71134.91
188934.18
47040.61
165678.32
274511.58
31514.10
142716.92
195393.18
183056.28
211936.41
113706.08
191153.02
116651.85
237724.73
124760.19
296559.33
290901.44
197697.39
196808.70
2409.55
240385.40
1554.20
99788.26
149872.63
98501.96
211154.43
109064.08
114474.30
246537.12
134991.51
28991.00
47956.30
63004.68
225250.56
55047.32
148743.91
91833.28
51715.98
192022.71
53699.62
197878.03
52001.60
136474.54
288670.12
121123.19
49315.28
89089.80
111856.31
87314.76
316138.13
12999.08
114394.73
150424.47
149817.34
202634.60
329891.34
39461.58
362507.28
215197.36
152291.86
288686.59
234396.30
6171.38
84169.93
164377.52
266305.31
229776.63
201196.48
53497.79
65369.00
121055.48
264148.55
55713.40
106657.67
270676.69
158336.72
204587.35
161904.39
44360.09
135549.04
233752.76
12427.68
180079.95
84740.41
313708.53
124049.07
217436.42
152738.17
57780.14
32257.98
74887.11
100130.10
60788.79
40412.95
133365.82
140712.07
115891.31
75439.95
55254.16
141200.65
129209.36
114562.52
251728.89
41707.42
201727.14
206566.88
150912.32
302114.98
247115.48
16201.77
168364.59
243134.77
347307.86
267967.49
93825.05
14306.93
172239.11
56716.99
16183.96
39921.91
4618.55
54826.31
234251.94
282365.03
125627.47
201525.20
132284.26
133112.19
58911.46
110954.80
162404.64
141589.23
112903.70
31167.64
63646.37
109687.27
2635.11
77379.86
184949.59
156680.11
59912.73
129290.26
102069.55
139324.94
227068.52
31445.38
23527.38
206609.75
125394.77
117597.23
54415.15
170756.71
316997.68
238100.49
87118.01
82586.15
186957.67
143592.93
83748.52
367837.43
169972.74
280306.88
108687.07
134627.84
190970.62
91024.23
196196.74
157850.48
53903.02
108933.65
57861.01
89124.95
179409.51
125345.71
97707.84
129782.42
162442.44
101796.03
9343.36
75508.98
119438.14
221977.08
13147.28
13412.92
79483.80
27943.00
104365.31
107972.93
188730.77
59617.16
99409.60
58109.10
107503.79
52530.39
224855.69
61105.90
164822.49
221184.73
184779.60
48151.91
187445.43
87188.93
159572.72
132873.05
21272.52
245639.43
134490.12
281972.77
8214.39
152707.13
47476.79
43317.47
989.49
64884.41
72994.76
118208.13
318651.86
21520.25
209448.82
179832.56
205275.14
283127.70
122497.23
83845.34
17229.58
169294.53
102411.46
81488.81
164953.71
58466.68
58430.54
248103.38
123655.12
56357.68
197306.67
71696.59
149232.31
177426.00
112657.39
159303.72
98695.95
153374.49
156437.05
147522.02
24331.72
107729.55
286349.43
37630.90
54848.08
40272.06
19594.52
91270.47
260341.18
193618.62
203583.33
97850.71
93367.66
214960.82
110560.39
144740.67
142032.19
129297.01
69620.81
89103.58
73685.96
151665.83
169726.75
271704.04
237193.98
10343.04
142928.95
191355.19
29922.60
153695.54
133241.10
337921.00
187330.43
106627.36
45912.51
75452.97
104508.40
24772.78
40919.50
141470.61
281303.18
232532.54
190568.17
46680.55
159624.70
179938.80
58467.57
26669.54
76840.84
188289.32
81426.54
103826.96
144940.42
107006.88
118248.25
268669.21
367552.30
96417.86
34452.89
66782.72
152734.58
268386.20
85699.64
206433.80
46628.91
167749.86
104137.40
156071.34
95804.61
16658.27
229941.91
33905.46
304496.09
110579.60
229083.38
94527.21
47710.80
165512.36
187688.59
147598.41
39140.50
152428.70
51118.11
183752.41
175015.90
159404.47
127479.94
377754.81
104572.84
164470.29
203683.48
31624.23
162900.09
7521.44
122778.69
176381.06
78441.48
112676.73
57772.51
120287.00
166167.82
190161.87
95429.49
84600.61
94352.75
57163.67
40210.26
