241976.39
88264.31
153525.01
194867.55
136423.50
150785.64
196944.26
146765.71
365855.78
164590.02
225787.12
139412.55
199628.57
251403.11
135538.91
44244.50
147530.08
58905.46
61283.40
47589.35
63852.47
285802.49
90695.84
209319.21
101743.56
131288.21
113782.14
207209.07
80638.67
142862.51
274058.60
157183.03
129082.10
199947.60
195384.58
212780.12
190408.56
65665.72
184274.30
128054.47
138358.68
66801.00
262804.74
127151.65
132642.29
115745.13
13290.69
167243.60
177936.39
68891.77
177182.15
64593.50
262127.65
140128.35
153911.52
43546.23
131721.28
31489.64
91962.61
155044.85
31310.02
172872.05
295081.45
223848.95
185512.69
117416.53
87980.80
143447.27
201325.20
219096.74
295417.91
185431.44
105495.49
13036.29
173515.60
257107.03
138326.16
170910.73
132247.26
280777.91
37780.33
206337.22
52701.00
35249.66
282555.82
21903.43
35809.18
125857.22
167065.98
120562.85
125100.58
244699.94
42778.45
238332.40
262008.71
153496.04
61871.02
52341.59
93098.39
260824.03
132444.28
210679.02
205233.50
196475.47
133674.27
162513.15
141860.11
92004.87
106807.57
123116.98
74237.46
300873.55
183005.27
227219.48
201868.86
173472.11
6526.63
247420.98
81434.09
54636.30
69326.24
216456.20
128862.29
105703.24
2707.61
106781.78
243653.63
75577.76
115224.73
179651.64
132623.03
291097.50
169382.04
109509.86
127743.85
14509.04
40173.07
33325.67
53833.19
229908.81
142420.68
232503.66
65910.24
85850.96
216113.73
125035.38
206997.80
110763.24
193304.24
53127.32
143191.74
279353.95
135027.92
61754.23
97963.87
30180.94
176013.00
158209.58
133943.70
46472.19
76266.53
176914.01
181260.95
216843.66
207948.44
86525.58
108453.00
48140.51
13802.94
231067.04
287455.88
71812.45
128951.89
294303.05
151179.09
105280.44
143060.80
122136.89
138057.19
87337.48
319128.19
6344.55
274796.83
112814.46
119366.88
365549.77
169013.46
82429.36
219775.04
45632.00
34936.21
56572.78
77554.79
231714.38
251274.37
202293.88
227354.45
156015.28
160045.32
132313.10
328771.08
107206.34
182423.59
196176.48
95082.63
40520.27
196379.47
132564.32
35722.54
85232.30
158015.90
146686.36
185604.06
184143.32
168755.40
197217.69
28033.36
128301.41
139523.29
200021.98
82211.39
134777.91
88890.48
93462.60
269249.79
96773.56
103344.08
246603.85
188302.71
250102.54
253822.54
305401.88
247836.51
269656.38
104393.80
141810.71
195660.64
290635.78
41692.38
256209.40
241214.87
130226.24
302996.88
234447.94
8943.20
131822.71
262630.25
218547.95
250671.52
145160.73
170540.02
236355.77
136709.59
23965.28
63358.22
302068.79
141875.63
32183.35
64446.40
74632.67
35051.35
119472.99
106718.69
318615.20
66615.95
317352.98
107478.92
217868.63
219322.44
210258.37
209557.17
149678.13
242407.22
171484.86
216603.68
184711.93
54323.90
91132.00
185734.10
106345.63
99764.01
53935.66
41457.53
178358.99
101708.51
201881.58
109138.49
176514.34
114514.06
166446.36
183420.68
64851.56
179492.53
77540.73
77712.86
168087.43
155361.70
101267.33
201268.55
106942.42
73192.08
191209.81
175535.94
124798.93
97996.02
104238.95
126496.56
291737.42
200924.16
266445.31
166423.18
189203.39
158136.43
26107.55
211341.60
13112.44
81673.39
304483.75
271722.37
98514.03
285610.93
45352.96
163809.49
20770.85
235821.27
113757.19
20847.28
142666.34
241432.47
208305.22
127762.85
43486.14
147016.30
307082.36
160612.64
220131.37
271249.22
155415.20
275635.75
93940.19
253140.42
94895.68
44977.48
210252.93
101398.20
239787.16
162853.67
78089.55
180989.41
190019.34
66975.62
266105.18
65369.49
121961.74
153617.52
321401.46
180666.20
14387.99
128932.61
107144.24
108771.71
187748.29
186491.68
157527.15
122153.47
217718.31
15231.20
12500.62
171212.94
100728.67
194855.91
243392.85
8406.37
207843.64
111479.45
155495.54
253266.25
289063.12
48958.34
205954.24
61863.62
261194.64
42917.24
35485.03
81021.91
153302.91
69462.97
229324.17
10444.88
117604.04
166697.78
19508.29
109888.61
167669.81
87879.89
189793.82
264722.05
114578.91
231949.82
203251.40
235603.43
51390.07
129271.63
194903.22
24931.20
269135.52
77215.66
33576.56
194650.53
106605.03
303849.37
267713.39
128790.70
47313.09
152939.44
103932.90
74604.04
121964.63
91775.22
42882.24
195218.52
141224.92
79358.49
70116.44
62122.86
215313.98
170919.75
77248.03
112771.59
26317.57
261556.98
19231.94
26128.45
4771.90
232152.55
208632.13
331813.83
73590.64
90477.10
103266.51
153993.58
43381.23
145708.83
241474.72
272089.43
98849.49
248441.78
116165.42
60544.95
176490.25
200753.20
282681.57
325843.56
63556.75
113830.21
134926.16
221055.43
102017.46
141960.42
89715.53
142634.27
287119.35
133963.45
47171.08
141807.50
134562.34
247965.96
304594.95
278064.16
48510.78
88818.09
50322.63
56100.55
22199.87
81665.25
130703.74
181417.49
242196.20
56295.99
75714.85
202345.99
132386.75
160307.76
36471.50
37579.16
124708.11
92649.10
41600.94
31554.88
47505.93
123752.89
39823.39
131628.50
85631.56
232616.97
195932.55
95018.22
32506.95
157963.75
154042.28
135592.62
78673.83
158788.10
114927.31
86461.43
21609.25
147843.31
106916.76
13665.60
259728.14
223333.50
110261.59
228557.43
34578.53
197736.51
108315.61
87945.46
172172.79
258910.52
156637.64
148282.09
121917.74
9786.43
119641.85
74224.03
62211.91
253884.50
74151.43
138922.83
38743.27
310997.95
37219.88
65833.30
3233.07
137831.81
49813.40
218712.71
169197.52
156972.50
97945.68
57679.32
164328.64
119041.86
50329.70
200312.98
21755.62
74540.20
114450.06
205378.28
150358.00
222820.60
87642.42
99350.93
233381.43
122648.29
132823.51
22525.96
174869.79
52538.16
135792.23
297391.51
21927.34
114862.90
141705.34
191999.96
199416.94
157210.48
163787.97
276033.57
10164.74
163117.61
201421.41
100061.34
124825.98
279803.53
102750.63
136537.13
50637.03
184652.98
274322.56
44692.24
322897.52
234073.39
303911.63
275857.48
215570.57
8352.33
86744.11
45228.59
50934.49
124422.42
218426.15
17985.52
166507.50
209213.58
182017.30
242564.51
54137.14
49332.25
207062.41
121992.18
269651.15
194581.16
21701.52
69590.33
391689.68
111473.07
229221.91
146152.53
31356.38
72656.74
95826.76
45328.02
293919.18
359417.23
210760.05
83047.38
137953.42
132222.02
138046.33
155195.45
202747.64
17978.56
332889.93
97053.42
272017.98
119039.14
127701.45
201630.84
210802.51
259487.32
155120.49
194420.36
115710.13
27244.08
222175.05
88560.35
160987.62
38572.30
227506.93
183062.61
145907.44
182346.18
264442.04
46628.52
108412.30
32529.45
269549.40
59079.13
323811.07
166915.92
68360.17
246616.71
40969.07
80736.41
23039.97
269314.56
31443.84
3390.97
120547.99
170368.26
259625.36
97316.88
16881.67
11777.76
174748.16
18736.15
60424.91
14539.24
207699.22
13435.20
76232.50
224242.56
147707.44
109270.57
67411.43
85733.25
124420.68
102345.24
252878.43
255254.61
158661.86
33019.47
231809.00
12369.25
138567.81
126225.12
122807.78
308838.95
259618.43
187029.66
92264.07
56041.30
144832.14
157796.47
241014.90
177897.83
96154.87
26448.13
285527.85
38915.23
63020.40
86517.21
179661.36
96129.97
36793.95
257782.41
57613.72
151978.45
176169.60
20852.76
192466.35
33220.53
190350.85
155677.65
101001.18
27134.66
111652.94
208123.67
39374.21
52463.75
146101.41
81491.40
74599.20
176215.16
63261.14
257885.10
26860.91
313889.14
255741.61
238680.82
125169.83
224970.54
180433.58
347293.63
148720.57
193067.72
11808.69
54655.60
4419.72
240084.32
33912.24
82413.84
236860.46
187734.82
234143.51
204202.92
1649.35
221536.77
249034.95
39514.08
191278.56
107336.83
90014.08
242080.35
244844.91
148538.87
269102.12
159525.79
113976.94
168823.73
75369.18
110765.43
222076.04
39562.28
73333.51
213885.01
18378.33
249498.07
55616.41
182795.36
77348.67
2825.97
196598.66
78518.24
261439.77
85434.76
142694.50
12241.15
288610.15
234970.82
28257.91
139533.59
176014.35
142282.76
75531.97
176087.62
119846.82
1761.65
135274.88
57632.95
71032.98
214102.86
118897.97
2694.88
260418.93
49972.02
244287.72
226161.21
45389.66
72340.34
78789.73
175128.64
160047.90
215969.52
157140.57
225837.61
258657.55
263783.63
341006.99
141784.71
34829.50
157924.54
117829.31
161609.78
280500.93
150047.55
7949.48
147876.99
159234.67
156339.64
128031.42
263964.31
76147.99
171623.93
224663.31
121369.61
75774.38
62881.55
176609.11
248079.65
223539.41
113768.24
181011.07
245233.64
79788.54
134663.03
149498.61
175768.07
21636.26
34316.59
318151.10
105684.61
106546.81
168576.57
167124.29
55483.63
273250.64
195378.55
26722.60
69796.96
110989.57
12000.36
226074.82
101998.33
116692.49
133768.75
87541.53
86205.46
252888.66
76826.62
213761.76
229579.98
266072.75
185599.55
94225.37
336911.76
269602.07
60161.58
234767.45
128592.39
145651.62
180118.98
82508.23
74158.12
203959.23
10518.93
151076.26
290204.27
72987.91
84346.78
153270.10
294423.42
22483.30
137572.52
30656.88
121331.26
179404.13
85669.36
27035.29
241300.98
229571.30
174425.16
145532.26
68205.21
38101.74
121249.83
136827.95
304921.17
168470.08
175789.49
177361.64
37231.24
266871.12
179221.15
130739.40
190172.14
168345.60
159497.74
132844.00
76309.57
151519.95
238370.33
167422.80
206192.74
32805.03
195248.69
44523.88
226387.52
98232.00
176619.50
51167.12
66970.93
104826.28
52887.14
135277.48
152564.37
24793.97
131223.36
35674.06
200705.65
53885.67
69188.60
49082.28
77140.49
113717.39
145567.99
51683.55
86173.14
211525.13
148401.46
50781.34
69827.33
208040.60
86433.44
70783.86
76232.31
262639.36
291981.03
139375.34
153063.21
244053.44
183726.03
165478.27
1767.35
298115.73
213074.04
151821.39
164183.17
229800.78
290689.89
304146.80
243131.81
213957.17
50880.34
88366.67
72423.10
155378.83
73596.28
144252.66
56213.45
47063.36
147248.89
162627.56
22127.32
139656.07
216357.92
226496.73
137086.49
65265.68
251811.43
132749.94
142605.41
130439.84
169682.60
59411.27
49130.22
286812.57
210174.36
113837.41
81320.38
18486.15
147879.57
44543.10
86680.33
210924.24
224997.28
32983.61
265104.90
133063.49
