59116.51
220612.71
279873.67
105698.55
185385.06
96568.11
254764.90
135052.68
119254.42
356434.81
198890.40
186487.13
31889.68
117597.94
91786.42
87871.16
86757.44
213950.20
150117.45
47877.69
149622.64
78198.84
205868.85
58812.73
92098.44
29106.14
174945.91
42498.04
60031.02
181541.09
133642.70
158481.69
136096.78
190890.32
209786.14
138092.53
58819.07
102456.24
124103.64
21277.05
103338.47
192101.26
175395.81
160969.87
146982.41
125578.55
165351.44
156943.05
31293.66
196808.00
106256.58
133765.71
22186.20
223889.18
37592.74
40584.12
218958.47
71193.14
277628.88
186162.53
37897.55
148335.99
131912.90
25734.44
338745.57
32858.26
320015.48
232111.37
58596.89
104792.08
8301.23
74419.14
184536.97
90022.73
155225.95
42716.79
45316.19
46959.67
255959.19
53724.14
226793.02
78513.01
334204.22
58224.05
138541.48
340323.68
166686.72
152588.47
136896.66
21932.97
161237.53
132904.17
92488.85
47785.41
185659.97
77680.16
267527.63
166829.03
312001.93
79648.35
265342.94
174496.60
110603.36
67088.73
205422.49
263395.92
55491.95
262003.04
46327.58
20390.54
175676.86
52280.83
65845.23
81421.84
131997.93
70946.06
276271.92
213169.12
238427.82
102904.05
236054.27
154523.24
25349.20
66724.62
176484.05
211012.65
361452.62
70615.06
193098.74
207908.87
222979.06
67531.26
205241.02
309384.20
143788.37
93913.75
11235.43
180850.10
277583.16
169279.32
112769.19
125095.29
131330.71
111918.63
174072.45
243038.61
281062.94
323551.47
131466.57
220922.31
18615.70
48376.06
139964.53
25889.39
87817.09
156527.61
187513.10
208676.27
249167.92
155203.44
103118.74
210640.44
158202.72
14746.98
24455.52
269298.22
163973.95
135310.38
146498.55
22916.49
64186.48
14964.94
277684.24
55331.00
159589.16
347979.41
141394.43
225982.53
195428.92
32330.71
73871.56
60963.01
109654.45
170465.50
38443.49
229134.01
105971.22
156471.87
146059.91
131387.88
133923.41
146367.70
139479.64
42892.79
203263.75
59620.18
44461.81
92621.24
129672.67
51293.97
56187.93
86036.09
233138.14
105813.29
2016.48
49969.37
321252.82
110743.35
53966.32
69535.93
42917.46
30681.69
201947.33
112556.02
66015.26
147263.44
166161.81
68017.16
331835.98
169991.97
116839.04
208590.90
171046.05
109267.30
26707.32
161169.10
125332.95
236628.94
98626.08
230271.53
2674.65
245871.43
56573.35
140986.80
236849.65
97914.40
116178.20
69204.47
167130.18
244178.31
43503.02
232932.53
53783.13
227580.60
202357.19
46637.42
166714.74
293291.96
197530.91
113082.09
168642.76
81239.07
155444.93
271298.49
86784.62
62366.19
165822.63
87737.37
246205.78
69493.59
6064.78
307232.56
182074.45
135975.76
46274.51
200168.19
157010.56
57407.16
59176.43
177821.81
220704.70
167736.35
1671.20
106220.24
152268.94
256322.39
32594.24
200507.48
235124.27
99934.69
32156.05
198610.15
58661.36
94382.72
85584.43
160994.08
165936.00
67085.77
72961.44
164377.84
113551.08
109951.23
284881.20
10149.73
83757.25
324628.20
80467.14
89304.16
96975.17
321175.02
109176.96
160419.38
177790.02
201628.85
50428.70
43839.50
106247.02
97179.77
79625.85
154939.82
65697.09
63672.18
65809.44
5378.66
3527.93
319296.93
8144.06
129124.14
162752.32
81550.76
269922.45
17409.71
46265.95
31564.86
267447.37
277786.25
154681.84
89115.55
64120.37
155926.38
32662.83
106029.95
202203.64
115038.60
173243.05
269951.72
162485.34
177414.59
312090.38
242589.82
133026.26
81840.69
183200.30
104214.24
108504.79
124603.88
60481.13
144399.28
202336.75
187779.97
248362.56
187245.35
221764.30
234015.85
79950.18
214982.83
76299.20
15784.50
63052.41
131247.48
167422.42
132289.53
296113.45
104797.96
175671.14
33204.29
306239.38
144589.49
11505.31
58094.77
225892.63
83843.09
217686.45
238137.59
17721.43
195065.14
81223.93
259657.52
108610.32
78011.44
95874.24
194400.00
76284.95
176837.94
151979.32
208280.41
154773.16
136899.44
95653.34
286305.48
120241.65
21524.90
86049.71
175078.72
185574.93
147189.16
45622.83
164371.48
68354.68
169804.85
52446.47
161317.56
67846.68
138109.05
47683.64
217065.51
268734.75
113463.23
28577.24
173296.71
33975.58
166068.67
40119.61
199282.38
221435.97
112367.17
98203.82
340985.11
184424.68
115752.12
121569.40
295065.75
49060.66
86622.73
66739.98
52406.78
72857.34
51576.90
140266.75
156844.83
136627.91
43406.65
51240.14
41229.20
54591.70
43868.33
139106.29
116024.85
48082.54
152457.26
98748.69
116393.02
10879.68
282075.62
147446.83
246152.81
267856.57
140258.73
171965.32
211042.89
204421.70
130985.40
281468.49
239456.43
203192.84
133482.20
165973.57
102989.61
258475.52
273129.19
199241.85
54971.84
140710.83
91680.00
186752.59
58538.84
214009.65
110350.84
293240.57
53719.03
142467.38
175647.21
25118.91
56923.99
183498.86
236761.42
65226.89
91443.14
127947.24
133443.08
178471.25
259969.10
28102.82
81189.67
78414.98
1924.96
1244.83
128516.84
109691.99
122667.11
317662.36
150285.35
192321.69
184144.61
20489.48
226120.64
122444.59
138877.88
230726.80
258488.37
50900.13
122470.67
141099.01
104622.14
280865.13
86750.15
14378.94
61824.75
52934.60
187173.28
200852.08
182874.66
244596.46
182993.42
220512.59
265266.09
246508.67
213220.78
3014.56
134626.64
161371.04
63733.03
50702.24
309666.26
77834.73
203664.98
41446.61
145445.61
276903.59
38338.34
162545.81
30664.35
222930.48
286893.86
70122.77
126579.37
102762.54
91910.64
198189.19
49941.13
91728.84
183238.22
36872.67
86221.22
20596.83
118765.37
126935.27
39999.79
241833.39
248267.98
146424.28
39166.86
171333.48
22514.24
131371.23
32471.84
1192.11
256059.50
137476.47
168498.05
158723.45
396161.36
229754.80
144397.60
299927.90
251811.59
164121.71
226167.53
72427.96
112602.32
114300.48
180741.26
5480.96
206855.76
197394.22
140550.97
93455.91
98741.07
37321.16
242704.16
35268.11
107419.09
68297.90
208078.53
53172.05
223457.95
131318.00
218229.00
130600.43
48359.49
226841.34
143390.44
129590.11
140687.97
98181.58
209163.31
157884.43
286759.07
52231.53
263140.26
252601.16
271627.79
5027.36
89780.83
249881.07
208023.83
58890.62
154065.05
32681.62
110497.39
57719.36
78046.90
70886.39
171894.89
125066.43
55043.90
195678.62
67712.24
28362.96
226889.05
222861.35
239812.42
55717.70
177371.05
98006.25
106293.99
2445.93
119369.16
29070.30
33339.36
198857.32
157632.83
211760.36
158064.90
110464.27
4938.23
124485.02
34534.59
150520.44
134719.98
4891.20
186882.52
225397.56
282712.59
191531.92
117132.14
249847.78
192378.29
260453.94
63656.86
190521.24
304729.34
340843.26
26656.63
252840.64
126846.30
11758.08
205512.96
27809.93
139431.37
205455.19
240953.42
132734.87
57693.73
253150.32
282307.37
292194.87
207135.00
179925.75
125439.30
167335.41
77115.36
125750.25
82983.45
289515.55
139898.81
50808.64
156061.78
127838.93
143467.79
268721.82
166463.06
150350.17
60970.70
98830.32
65914.21
71807.05
100805.69
108830.63
188332.95
117028.18
8348.81
115379.32
99354.03
24970.85
98547.11
27652.42
68945.51
94701.07
159302.21
251485.74
164485.90
208494.41
228578.88
94425.72
41304.45
198710.00
262537.05
64143.07
344558.29
131860.20
149500.56
43503.80
72222.30
69854.72
205956.15
132547.94
185143.59
90219.09
315435.48
72678.00
81162.01
116596.46
111457.07
76906.29
130564.18
6685.44
196934.64
235295.89
128947.16
297011.58
168077.19
177661.39
163501.74
44930.22
170754.60
161727.53
16264.39
90783.57
63367.49
219279.78
136376.96
264920.64
41239.78
171972.27
186955.07
66758.72
13200.45
52035.43
297289.39
79111.76
192713.08
47750.90
24358.54
35740.77
70582.11
87668.00
221005.96
94796.28
214888.87
175688.53
87171.36
126789.13
149179.80
132801.97
189974.34
64175.07
207546.56
166674.08
118773.54
229958.87
208996.11
29923.48
100226.91
266357.30
336531.77
222722.50
84929.91
72744.98
228647.48
57753.13
58922.62
177387.95
119399.46
146807.61
36565.25
235205.68
124207.07
342442.98
138360.00
330952.49
56389.04
40895.75
193746.56
76883.11
22125.23
98434.88
109106.07
94396.49
270473.32
328630.94
136414.65
288088.25
177801.41
311862.61
18504.26
101764.86
28633.47
41780.39
29198.77
46743.47
146099.44
15482.04
52439.45
194412.44
150886.08
107886.56
329803.48
290572.44
117797.82
103663.06
140800.11
147077.91
253274.36
16525.42
164789.12
243321.85
43424.88
36517.92
186304.72
221459.91
62814.33
179062.19
53921.19
17258.87
46940.20
200245.47
32571.90
154540.03
140038.01
173993.79
40115.55
274553.48
35580.44
124119.55
190589.21
88117.85
166698.80
75869.11
109186.58
78748.64
35719.26
66133.40
252403.86
267039.03
190500.43
57330.10
54936.12
208667.27
157288.69
117165.87
11896.62
24872.13
230832.64
137272.40
132662.64
159525.84
318901.21
82714.51
198018.72
69581.13
203775.87
152679.09
32588.33
141730.48
66824.29
3327.97
250847.87
219908.00
92675.38
152882.03
227622.27
36918.02
63108.77
156522.48
86554.20
181500.56
36856.28
214919.10
290298.95
103690.64
241935.97
125046.76
112935.16
135097.93
113773.11
46198.47
24744.19
243420.44
38881.84
148942.92
19467.58
109333.78
146571.27
55169.92
162927.24
20789.26
52336.44
13561.26
87070.05
93294.53
209282.40
126141.57
254463.44
57025.19
12439.53
149603.67
185731.84
30313.86
210012.52
120282.80
251666.62
85906.87
60353.51
7154.94
303594.90
86193.00
235849.99
189900.43
214188.21
211985.13
163894.68
274522.27
240026.73
160899.63
294056.20
207532.60
206761.01
91126.57
209716.46
144502.56
71571.12
198978.08
53657.63
189700.16
71675.78
140099.89
241923.66
206242.96
246057.91
234581.27
35291.64
161843.28
243170.77
11699.87
112602.44
43950.53
151351.11
199865.75
39140.89
11414.14
95725.53
221286.99
178677.09
70486.54
194560.92
60414.88
231557.32
230975.07
83294.51
41390.12
70288.30
328563.75
145212.73
109986.41
268541.18
135195.94
179796.53
237585.44
99106.81
200523.79
179753.04
244631.63
147300.07
9764.56
268712.18
67287.30
168343.59
154768.81
92130.34
80352.50
226941.73
24716.28
105569.95
61844.77
149347.24
50637.86
255232.69
192917.28
56189.47
