64854.12
100831.77
216157.29
24471.31
242182.41
237554.94
227507.04
40800.90
122744.84
36393.59
27250.85
32347.49
220746.33
58307.79
118736.21
114390.17
16299.85
228363.17
43967.72
247318.75
152623.47
160895.08
77879.25
237949.10
85159.15
190590.47
326008.24
161706.80
84533.92
120296.36
252336.54
78639.42
77690.45
21025.60
142329.25
87002.18
121722.54
191139.92
102294.51
33122.72
3544.27
139794.29
36373.62
54336.00
56536.47
112582.40
153667.11
70495.39
20846.46
152841.11
122312.32
271161.36
137889.64
201144.37
61141.11
146743.82
15051.27
186762.53
82684.72
207325.85
163233.47
129044.73
120339.92
70811.37
42110.04
161490.95
175417.34
107642.32
122458.69
221565.38
10909.77
35091.55
171078.96
202231.53
67192.79
158027.29
186330.24
76139.15
68283.71
154142.11
198644.49
316039.20
24164.11
41829.18
33266.24
238782.37
156530.20
18309.79
6296.56
13186.75
31997.78
197626.67
26647.91
105262.93
29510.58
64996.55
160469.75
134629.43
25681.32
120326.11
43581.96
122092.18
23338.61
279992.26
274392.15
22973.72
46357.56
165204.63
167420.83
133448.81
240987.99
174888.88
265472.82
99709.82
308627.20
48302.69
150938.53
303141.30
255535.68
201519.57
88867.17
127185.52
119994.68
194269.60
205383.48
270699.66
130099.09
92042.36
96677.61
129187.75
167785.98
41847.89
217141.57
314366.63
46400.34
113486.53
36129.50
19363.74
216520.20
108446.42
170803.31
257392.25
177958.62
150617.80
87711.27
70397.30
185700.26
87173.29
202433.44
190890.95
345591.43
128698.65
1797.88
131044.52
125068.59
31482.11
179434.78
69670.42
269882.47
13615.64
78155.53
212079.60
198441.58
152415.12
203894.62
61865.20
262509.77
153371.23
158999.37
135782.65
178802.52
46311.10
219719.45
41189.92
350989.44
165645.16
126670.00
182180.28
241092.19
41346.09
187975.12
238439.87
195385.88
167154.99
179259.95
203078.87
263943.93
81995.98
195313.48
179438.63
301140.60
307121.13
263204.18
119769.80
128875.50
52012.30
44825.57
160610.06
20326.94
101702.44
54492.49
178808.26
121260.54
187455.23
165582.98
9690.34
296515.70
196659.95
3670.53
114052.37
170377.26
162347.62
164367.47
90962.94
142377.29
131613.40
48092.07
321381.92
162190.49
203841.04
23763.85
135088.56
131545.24
1678.19
126367.99
299404.14
10029.15
265021.14
186760.25
74720.52
198593.03
2652.50
146088.26
216295.64
67485.43
229827.05
98125.13
158125.10
212992.74
219460.92
2232.61
179725.91
191479.62
92394.48
23869.73
147587.17
273087.81
252694.53
160845.24
169911.48
51319.65
58812.00
43574.89
184027.19
64236.44
110436.15
54568.93
129266.96
39588.79
105641.96
244875.98
68012.16
220349.83
178312.24
20449.23
305190.51
215184.20
210353.93
288197.78
68991.04
190918.87
15965.11
48026.10
80999.53
69877.95
25601.26
64102.32
79129.19
88112.59
284173.32
47089.43
107417.21
116067.40
56664.72
51735.35
173749.43
234919.91
161913.74
221078.63
296295.51
24655.58
158334.31
169112.98
132195.66
263400.33
41971.04
41700.72
178360.56
14927.66
175371.58
175874.97
166029.48
15923.10
181554.88
83284.18
80681.36
177829.43
132512.60
273448.72
175815.20
199774.72
3885.25
139747.89
150528.75
79107.80
76831.08
111203.40
303833.51
58706.84
192833.74
91747.40
57430.33
54693.12
235733.49
94945.35
56553.39
151757.28
67165.66
79982.83
189262.17
102742.36
14642.02
58613.93
84707.86
9886.55
163086.02
165538.42
267976.26
130526.98
263528.89
199154.52
152068.74
4088.45
74220.87
135889.72
132978.74
170556.38
37654.26
54336.32
30194.93
165575.04
305078.23
116408.74
203091.00
28316.49
218931.84
63047.48
62083.85
197956.77
110532.76
153933.07
114576.89
162334.30
136804.31
174083.60
223275.44
61747.22
72434.81
175082.08
20386.17
73078.10
304268.70
214266.01
191019.15
311475.87
9730.48
149201.99
62216.00
219747.10
194329.32
235441.17
73921.72
5962.98
56193.09
137377.80
152305.91
65569.41
44670.32
219421.42
111413.97
191213.95
76224.24
149580.03
95183.02
232712.82
68026.81
66448.24
85098.40
207603.33
49162.72
162704.15
147028.67
210015.74
183209.27
278680.27
85345.18
47913.60
87663.34
23084.89
158244.43
13945.05
160155.16
29802.76
71629.50
167060.00
293902.35
233581.50
166668.10
200704.69
65406.86
85833.75
134636.21
135076.76
137257.13
215522.86
75628.02
156905.90
63302.02
130082.49
214815.43
288674.53
142636.16
188169.61
124969.42
162540.05
4693.91
219950.96
112220.68
274966.81
78968.72
60568.27
204156.75
129300.27
135224.88
101009.29
168246.68
124894.14
13342.42
49786.95
8732.83
151127.80
118238.02
98591.53
31388.96
22022.78
44396.04
37386.97
28568.76
227849.57
142680.18
210498.82
21607.48
68141.46
129390.10
123337.58
238580.88
167090.14
178525.19
41898.02
17098.26
41179.31
134319.82
50507.42
143243.15
173463.15
241340.54
132061.94
83873.66
62027.24
179818.23
138083.28
168444.17
85366.58
39119.48
305340.36
94135.72
195227.81
66298.81
118726.19
33876.56
150876.12
219489.53
116740.96
225573.34
119924.41
96204.17
67003.82
241662.53
115949.31
66804.30
92211.69
179338.06
79161.47
92216.59
56239.39
198647.27
173736.64
225394.08
123610.82
124997.22
114890.87
119807.14
149487.22
53819.88
149355.97
39956.99
199882.39
109224.56
33381.98
3526.81
216109.81
16532.37
100584.18
53682.21
98391.17
101800.79
86695.16
220103.37
38981.81
153674.13
209067.01
180706.82
231692.45
152700.52
116757.60
127733.14
88010.03
193261.17
242562.57
91894.62
231280.46
270646.63
6073.13
242485.95
161235.34
325167.22
73690.09
65168.41
41175.72
105446.35
133870.12
152420.18
98597.60
71543.34
307295.97
76493.65
147090.89
53880.70
59077.13
288477.15
216338.84
51882.97
141041.83
108558.21
224210.59
35813.51
63735.26
194289.22
55144.18
80211.96
114445.59
146264.07
191056.16
235613.68
113669.02
238702.01
128821.73
20595.73
161402.40
213884.75
86572.68
153007.57
69494.05
25274.67
155880.90
212793.81
185133.43
7056.73
275162.22
65114.72
258896.96
257887.72
257927.65
278878.89
308878.02
15779.45
221301.92
163775.89
15272.03
7095.47
78539.08
36113.53
66683.06
112689.07
13492.53
137779.38
253305.86
241979.20
49686.19
113564.41
216004.51
133701.15
78601.08
134860.68
96206.92
292505.49
102360.07
227300.17
99373.87
253542.69
316654.72
1462.26
176065.45
112455.66
13142.19
100456.33
117390.40
254475.74
47584.90
80843.54
20274.80
116805.58
230454.17
200927.26
1892.66
251410.31
76603.82
239934.99
111317.07
101661.08
262428.76
151248.02
50055.22
143645.75
173786.66
112926.07
40282.37
190641.76
222393.45
123160.27
267515.48
224293.46
321345.60
60747.35
118205.77
43925.57
171144.78
64457.23
274253.10
180299.14
50221.69
215019.99
148664.06
263821.33
88551.34
68163.38
142036.71
178097.48
308120.24
188347.34
219347.58
225064.24
28327.29
222131.70
70289.75
144714.30
130540.62
208952.34
65280.24
80376.59
117010.50
202525.61
127874.32
211644.88
87331.25
290395.79
216575.35
73283.78
211373.40
50076.35
211404.76
66272.06
68787.08
185879.62
203899.11
276090.74
252322.36
212895.20
169979.02
184681.58
224656.63
255146.13
300069.98
136643.95
266729.45
121469.13
71001.87
145857.24
182707.25
93675.06
273335.36
192684.40
176590.01
266376.51
192822.03
131072.71
61528.92
20442.79
31836.71
188413.55
115697.06
165828.75
290686.12
156366.59
266057.23
166475.80
155187.90
108825.55
21571.36
121976.31
152496.49
144742.12
60120.09
114093.80
33872.34
91775.50
111999.18
20752.01
22574.83
228205.38
191011.57
335484.15
134303.35
98383.77
179197.00
126011.04
245681.54
91463.29
145545.92
172821.21
32240.26
142186.82
302197.50
188687.43
42198.95
115099.79
208996.75
157168.66
105612.89
210744.45
160117.62
265302.77
344996.90
119895.71
69939.39
265604.90
37445.56
150466.46
67643.34
203087.65
186991.34
85208.63
245781.53
34358.74
106648.41
27989.54
216573.18
114192.13
100247.33
59427.77
48285.51
200042.91
288318.80
42390.50
357592.38
191909.99
151084.66
104822.19
37068.86
159077.70
69395.04
13109.50
67647.13
152221.63
129899.02
267103.91
95075.41
118293.20
115978.60
100682.89
158749.21
55275.53
182986.59
148163.90
178105.93
210319.43
288018.06
27062.94
129199.09
54417.85
228861.88
34697.00
67130.27
126296.09
110553.03
345222.72
15220.01
115563.56
151640.13
240708.18
146712.52
160802.46
30539.22
184194.76
73635.15
59516.59
5511.76
186562.09
194286.44
152412.69
55530.48
201040.18
102736.32
145145.77
154479.39
64120.88
53016.74
241472.53
93289.67
148135.06
208492.64
147403.20
58501.05
85785.97
189827.31
170743.31
233348.11
149232.50
122921.74
147400.08
209792.48
98471.93
131425.98
228506.20
308678.33
139617.77
3843.79
297671.40
236192.20
84705.20
147170.96
163967.41
320326.69
58655.70
29914.93
53342.60
201349.72
259413.73
293275.83
133339.38
34622.70
150802.90
145381.96
188083.54
167319.35
166461.52
107696.56
112463.34
167337.04
121040.11
59312.36
91693.61
327157.95
150634.81
153143.68
101417.26
120410.37
28877.66
65904.77
321347.60
218924.77
141593.40
200753.46
217339.74
181116.08
236063.80
152856.86
265901.00
318453.99
137781.23
201900.27
206575.57
149826.26
169026.15
154340.94
141458.29
138907.67
69282.18
264510.15
201965.32
32168.93
58988.72
61852.51
268429.41
78822.44
91737.04
4392.32
43498.20
38205.28
15684.53
170962.06
182200.78
165401.81
220134.89
154688.45
188558.34
105183.61
46632.52
227372.73
18361.73
120629.42
118420.33
55379.97
3596.29
182040.44
101823.20
127347.80
182261.95
245955.02
13370.80
239907.09
247863.26
212526.34
108248.67
51462.16
50270.66
150706.53
233206.35
186011.55
225364.78
134339.53
189191.08
106404.33
231244.42
71107.72
172219.11
95440.88
247896.44
96682.21
273010.32
45001.50
94353.51
148918.78
228315.51
14533.43
138206.81
263712.27
116341.28
119528.61
125978.54
112976.47
115066.95
182630.20
135672.99
3807.65
28508.20
152311.30
12304.11
111575.94
89939.12
87233.31
146639.80
124934.71
34267.35
137449.51
142322.66
45894.40
133294.04
312943.00
11515.85
84095.63
231487.91
156005.24
111715.41
127187.96
74704.58
152618.04
159003.90
61861.70
17509.53
