264733.26
52357.41
77177.11
157033.40
50452.44
34163.19
162154.78
82321.60
44329.23
181547.82
155620.98
202903.39
62798.99
34423.36
147430.04
216518.16
221905.81
218024.06
78393.32
157533.99
198324.94
2390.80
163419.43
207781.96
45141.07
50158.11
47624.54
203109.51
946.78
201060.50
17711.04
7978.82
36568.27
36914.28
152737.56
6366.70
116232.99
205401.31
277393.81
40194.15
220094.73
165781.77
66433.83
306964.12
90991.76
117986.65
178396.20
124666.80
80095.42
144555.62
128509.69
35304.06
22636.67
247809.50
109038.84
200838.89
4688.11
277548.70
130986.57
210312.34
14050.70
68528.11
44141.49
167575.83
142235.09
67168.91
76378.15
145079.75
176395.16
88893.75
134478.02
235409.44
107417.77
260657.26
203392.05
172296.79
11620.90
283996.28
150721.89
273895.78
124469.86
64031.00
242037.83
338295.11
48324.87
236816.32
177716.07
20670.84
168341.85
49575.49
375627.56
42101.93
160987.78
54574.42
53430.37
302832.97
31691.30
294454.19
131956.02
255528.54
16076.09
177083.47
118227.12
223793.91
58239.54
207555.00
164813.55
134943.41
222224.16
182656.60
58143.66
325741.23
48333.05
32112.54
139428.90
63007.25
190448.45
265274.64
37420.11
201335.49
338956.78
52002.86
8979.30
58668.36
117814.84
75765.33
130792.66
42004.42
326992.16
300606.83
138048.88
121483.67
173443.93
76510.87
217781.81
41240.54
332422.71
225654.21
166781.79
54606.35
26887.56
37126.89
239394.01
33081.32
52564.14
38924.57
36868.99
162205.50
77676.32
53283.92
74114.79
246035.06
199907.59
261017.36
34004.45
28396.97
125698.77
153118.35
21150.17
45371.96
58011.28
15477.01
91947.80
94336.16
43014.96
253837.32
132252.49
67954.70
209455.82
315257.96
95178.08
233467.52
197116.78
207373.56
179216.30
86809.05
307587.02
85242.26
125422.79
115076.48
43260.68
202082.17
238023.34
280401.41
38852.89
113314.94
142736.76
67640.65
75029.15
190701.37
148260.42
46585.39
31714.11
147825.21
138662.29
85999.91
144062.11
61612.06
142268.97
45782.86
279574.51
219135.68
162692.47
180876.16
43087.96
23737.21
15800.46
79333.71
26820.67
182866.56
254649.71
155938.48
238459.94
254325.12
176404.56
85271.42
212538.00
291622.90
82397.63
119348.02
77299.78
164170.43
281595.13
81927.10
126130.80
168531.68
192700.70
157918.34
138013.63
229913.57
216999.94
44124.36
134377.41
56244.69
300471.56
134320.31
276092.77
140072.89
262623.91
215106.38
151686.67
6274.95
154274.62
115504.30
48001.94
38539.73
145336.38
395778.94
210471.13
242521.51
283045.69
12268.73
61704.34
260531.87
133879.24
30306.78
165665.67
51479.67
46950.40
269007.16
180309.77
182005.41
102097.25
117653.79
306355.68
253679.43
127089.29
127515.50
236665.43
116283.47
28298.47
71408.92
361729.82
54420.53
207431.08
127860.97
30848.50
162526.46
99463.04
93152.80
3811.03
47867.96
12350.43
177872.20
328377.20
246916.99
75890.92
74679.57
277343.87
173699.27
110238.30
184759.23
298617.61
150832.95
154350.31
123565.90
169329.78
17557.78
211445.49
191997.30
127580.62
99460.62
338274.79
345641.41
129860.05
223429.81
14419.88
95024.78
39279.16
184763.25
3080.13
15289.00
31332.74
155968.98
76911.53
141593.97
63178.60
122145.54
135953.03
33876.90
113952.47
89823.37
183169.00
107952.60
150621.37
199690.67
295542.44
222280.75
133998.21
26649.18
169630.41
138947.09
214265.87
283424.30
198366.00
125682.73
57557.92
182131.97
101447.65
285308.89
50799.95
285299.22
270957.34
218661.23
104240.44
74201.79
209971.71
55316.76
33217.41
179396.89
69004.54
257296.87
73518.88
80324.42
146370.27
161308.88
64005.63
125304.55
281809.04
3071.05
76465.95
3143.01
139889.37
142480.92
17579.22
99773.73
67475.87
52850.13
155753.91
85289.29
168215.32
39699.98
198735.00
77071.28
147585.90
167628.74
118932.86
194389.55
186246.86
201078.50
108528.18
144352.35
27683.48
63366.75
66751.33
251979.72
230924.28
216552.77
134499.43
307099.14
48844.20
17416.62
70475.00
97932.80
63356.78
346202.90
265791.73
339387.74
156166.48
146285.92
246391.52
196837.44
30637.95
121975.19
83237.78
26907.67
91178.14
65082.44
56544.33
53202.73
128211.14
268682.64
80055.30
218141.35
144017.98
176736.70
237774.17
84835.64
258334.25
187512.51
205889.95
303876.62
223144.99
212614.00
133463.69
219627.08
103422.08
104729.04
15925.87
257417.89
274184.96
168612.92
224899.94
140559.09
108743.48
279855.77
93249.10
94954.56
44024.40
236542.88
76405.13
114482.07
227861.64
167894.75
188070.91
204944.19
257430.86
115710.01
97945.32
195212.77
83063.02
63161.41
123533.72
166976.56
48127.32
61979.63
126940.35
289637.48
143399.91
189558.76
150194.95
55571.11
196567.74
141382.09
97159.89
168921.94
100621.41
27599.02
216430.89
157434.58
45546.71
48878.83
54680.35
339839.00
58340.92
179031.83
77767.72
123845.18
229586.89
178949.26
141926.30
141534.02
152096.10
177883.52
107396.02
85831.91
41822.72
159309.62
157886.34
360715.20
303303.96
146254.78
83731.73
35824.79
170221.98
83681.86
87387.00
170784.02
120860.18
23165.28
223013.45
175476.86
213981.49
212729.86
61645.25
92058.88
43221.72
240417.63
298184.49
149999.97
230417.35
166106.07
288976.74
63244.05
183708.14
181829.51
198896.78
194774.27
201604.18
70601.02
124858.89
185600.43
53469.49
17945.29
299003.31
150730.52
21047.85
360498.54
206364.75
55276.28
272891.66
325276.87
123392.41
57789.77
284217.59
242748.53
82561.56
91222.62
30839.04
103820.42
147853.17
80976.72
244119.54
53691.94
251025.21
91230.18
22140.81
21900.36
306448.12
173498.35
55443.68
66737.33
27820.26
152683.10
222672.99
159643.10
153208.36
46746.76
176507.70
222487.33
116889.42
175762.20
127592.14
97889.60
81988.34
58754.92
67034.03
29156.23
167118.79
246785.01
91182.72
204748.37
194952.80
174848.57
258596.31
298214.21
41963.81
143327.69
32529.42
108942.31
323267.91
8732.57
5708.46
158946.90
262276.82
143757.19
114870.47
136558.24
325130.39
210971.96
146507.52
142741.20
174678.76
244822.29
104876.73
124426.31
256683.23
314203.50
100757.18
165659.76
120122.82
55129.02
72346.93
100409.89
273977.33
123670.94
233741.78
153081.68
102779.89
233215.60
143776.83
226186.77
166868.38
39208.69
192927.97
102461.94
224703.66
44796.28
44921.47
100741.80
200661.62
156646.08
231694.06
133682.53
138355.95
200124.06
220404.65
65085.14
163452.99
193489.09
175822.32
196861.48
136699.81
216247.18
78739.81
110327.97
220313.92
188558.28
231847.84
133776.06
119618.40
155619.20
85993.07
168751.83
189513.12
83357.28
139383.90
146166.47
272479.97
126389.31
119316.12
71680.46
238074.82
190946.71
43237.71
209059.64
21099.06
143503.43
248398.22
209653.84
184367.19
229198.86
83153.78
244327.90
24008.65
51816.80
313121.94
216749.74
124437.30
162909.97
199750.25
308647.94
258229.03
166350.46
60903.71
31331.73
316907.36
232186.82
62461.39
131683.53
162754.49
274403.80
269101.83
230294.99
86649.66
27452.70
239190.77
19640.38
191709.17
269373.44
203496.68
22700.04
213623.87
292386.11
281493.54
11817.29
95885.95
39212.80
294347.59
239275.10
180537.30
150642.53
107097.31
179396.18
144797.45
235559.24
249488.33
148899.78
46917.96
62340.69
35181.64
180243.25
252926.56
95024.17
245714.93
68775.22
6615.59
60307.68
89625.69
92917.67
216276.39
139225.71
96691.08
178827.52
153004.47
274648.83
192137.43
3302.55
251407.71
185646.79
1840.97
212098.14
78308.62
192897.75
62626.19
160175.30
212489.38
183837.00
22642.41
200493.24
97105.69
5057.99
127319.33
85864.83
286774.47
221221.89
213268.17
48670.15
152160.49
154296.69
215201.87
1578.22
147328.54
79290.20
93009.94
14904.22
188828.67
253459.96
132051.32
35650.20
112397.21
65406.16
211834.68
229836.41
279647.37
122971.11
23035.49
273409.03
120549.78
183859.21
201481.11
63366.33
262349.97
85445.50
158330.53
97192.14
218533.28
226463.20
173016.16
124872.24
97300.90
320861.24
228974.31
200613.86
55107.49
70003.52
51953.46
133927.31
49738.33
210652.05
59894.34
108973.22
7327.11
93652.14
122325.18
262687.70
161980.91
35624.15
279495.62
166515.13
96438.42
157514.79
19567.87
127943.24
70350.24
81926.21
94184.11
220204.82
99982.23
261101.25
140151.84
17039.72
77344.99
42615.16
38664.66
200802.76
124160.39
79593.45
285552.52
201657.33
201749.93
403774.78
41796.89
221993.78
152259.05
108326.71
213555.59
142646.50
215311.27
210727.47
215064.19
206345.70
203556.87
120686.23
189127.85
197950.56
153701.29
324755.79
22068.24
160279.49
128060.57
141014.47
65442.05
114814.99
322636.35
174086.43
355231.18
112081.15
204327.89
51913.87
118189.47
214956.29
4359.83
301767.87
84255.27
12320.33
145121.98
163874.73
199023.66
96508.14
266023.70
92237.34
80281.53
133217.80
19119.06
49261.37
55034.54
195920.73
174816.33
188829.74
20851.94
84059.69
26084.92
335078.90
217705.39
265684.08
141861.83
177506.10
66194.27
14233.61
189518.31
4657.97
214060.94
42981.58
288300.42
212374.12
24145.51
76441.39
270127.88
220938.27
174777.92
75610.91
138091.30
136459.10
107029.79
17386.04
60308.27
56078.76
241167.19
83768.35
121760.41
64971.50
90333.99
86007.79
240559.52
31467.51
227008.18
110540.09
15436.45
218804.45
117852.75
67107.88
265215.91
11340.08
232426.18
8730.67
178093.51
65406.52
197187.83
161343.95
79717.27
24694.39
177152.63
182310.91
41853.49
105100.44
136669.67
136364.79
260177.43
180464.93
233242.72
59663.62
288082.30
193111.31
77103.42
94267.80
110370.21
72450.96
56435.59
112828.73
385936.08
239155.13
186715.53
104904.70
82889.92
204300.11
47917.47
132597.30
204979.47
86947.12
195367.89
251233.47
252765.61
65600.69
215315.12
163062.68
135157.29
110463.38
89312.86
39849.51
350111.25
3312.50
45057.66
99410.40
71918.56
249288.24
106802.92
169863.20
356873.26
243392.70
69000.57
336228.01
31875.19
56162.97
86271.38
138613.27
103650.40
89942.36
102351.95
143136.79
295135.88
236050.05
66333.62
38274.37
65462.45
35656.27
44725.18
39873.70
62370.22
135457.87
74790.70
184238.09
117983.94
200442.92
41716.93
134041.08
118028.41
166717.69
143131.30
217054.27
