267932.61
100138.00
52999.95
94552.74
156284.05
316595.49
69919.95
51220.63
116930.23
62547.19
107673.42
303158.01
68350.99
98751.88
157259.97
162557.86
181196.61
255387.61
87813.90
126218.51
105317.19
264121.85
43926.82
60872.26
85748.97
47196.75
122256.87
31702.49
98334.51
199393.34
145744.41
78060.98
121987.40
179900.80
207220.45
151274.60
118089.43
35629.14
189872.12
94634.97
203758.06
86311.42
27500.55
108011.29
15864.01
107693.71
70919.59
157512.10
189866.80
188491.16
139180.58
150181.48
229021.33
91478.54
134946.31
101444.48
138009.33
221504.66
239167.75
82655.22
273438.67
292535.63
102942.37
264498.79
111414.69
156470.15
37766.03
110655.25
289448.13
206011.42
233942.58
51773.44
197978.85
29999.28
89953.66
227972.82
152404.88
31608.92
195409.81
69272.22
89001.10
112532.38
33047.60
139268.41
71960.32
3507.86
148927.77
68594.47
155236.53
181999.09
227323.82
118307.33
210789.21
218715.21
138899.16
154120.97
43108.29
7294.59
306166.40
120842.72
89407.15
194645.23
30756.09
195393.85
107050.75
94861.56
14979.43
163912.04
250002.10
243684.47
49762.98
251669.73
179530.12
181276.67
123018.72
202223.17
125214.31
149627.82
152309.88
268157.48
134536.07
132214.66
293464.22
184169.09
306797.17
222899.49
185458.98
330743.27
247503.34
108714.08
287678.04
108651.46
279101.53
22321.79
34541.03
71998.06
193476.69
238195.29
142131.17
108802.42
58610.34
100529.31
15347.11
126457.95
171492.33
43273.29
161436.27
200668.03
189755.01
168856.91
266268.66
148672.14
269512.35
155248.82
92995.63
91907.96
25996.18
31822.52
41867.67
206688.33
170247.85
67558.24
176447.97
265429.07
188468.67
141140.09
203655.69
203413.55
420797.48
70776.61
160232.00
133332.50
89351.21
351587.49
164320.56
198428.34
211529.65
141477.83
119529.26
92599.21
267937.02
162754.98
212670.74
270212.11
145454.03
226563.42
144307.67
270453.65
154903.64
85345.91
97235.50
70579.45
109706.98
59768.63
161059.30
231461.42
144843.75
71491.77
29489.62
130323.92
201324.72
237315.50
345394.66
246230.16
57848.62
129642.06
150755.22
203429.88
114659.18
148774.87
276369.31
136987.18
293794.58
330006.08
111797.54
280041.31
129389.22
159240.62
251283.47
28518.63
179916.64
182157.97
247020.03
214593.01
150463.63
148139.06
36278.45
184774.39
120649.86
194126.50
280860.94
21476.67
53982.78
261183.66
58652.32
254929.99
137952.95
108091.35
14974.30
18599.90
175647.59
74300.96
123824.67
287000.24
103319.59
125246.98
139385.99
184249.73
100842.13
296087.88
87955.59
14403.32
100639.37
184794.67
207231.85
171730.82
282813.71
176454.81
198582.30
46964.19
203289.94
3327.82
52329.44
89374.79
240050.86
136784.26
114278.55
220635.63
271167.09
104608.62
84971.30
131636.65
66169.32
32411.61
102548.38
189785.91
72494.25
72082.92
284496.11
207232.32
14308.74
21153.64
157175.17
155583.53
130139.47
225829.54
305350.67
136113.75
164590.27
13677.61
88300.32
37882.42
185434.09
240708.50
249141.07
20010.06
229588.82
152536.60
52567.25
151520.08
98553.43
174231.51
159766.80
350397.54
31920.99
126723.83
298734.44
223794.49
6481.12
200925.15
216694.51
73404.77
69162.01
84723.34
83251.11
182922.03
335320.95
22605.05
95281.26
36976.19
101202.33
158569.76
212217.20
55532.00
94456.46
111490.02
187794.87
9370.20
127128.77
195126.84
62352.09
102337.97
18449.29
229603.91
166590.28
208702.23
88683.82
18545.43
186778.17
239897.97
216655.95
30585.21
14381.93
158589.39
196078.54
181040.04
161141.46
222346.52
185564.82
112155.92
174527.29
162914.49
272037.71
138586.77
121433.48
150619.07
34387.61
59952.29
1264.14
76341.62
246508.26
15886.12
107413.78
67977.60
176222.93
44423.10
241814.10
265203.13
294113.03
26343.85
53873.00
145859.03
41676.18
7769.09
167644.98
152385.93
194721.06
154419.50
136394.85
175802.99
39356.37
131121.28
136359.39
274659.43
138183.21
150056.46
146802.87
151813.47
151351.30
285711.08
149925.18
13833.41
123399.54
112345.73
179726.83
181572.92
281789.35
87522.08
240956.34
11168.23
27257.48
371892.03
207073.67
124928.00
188895.18
178124.32
225294.94
185074.38
60444.78
123546.18
82954.06
147566.29
195343.27
115992.21
84164.16
209499.84
130118.58
203544.36
138130.97
145513.19
257928.90
25328.45
22066.83
86909.38
10673.70
44188.88
90761.13
77298.00
141667.17
11027.56
213455.11
245925.67
107015.46
181365.44
201990.42
40074.79
121181.83
215198.66
56568.88
209870.93
143519.81
78313.04
165851.50
236451.98
265410.18
226524.43
108781.78
64243.65
46018.65
158780.02
15374.48
67494.87
144651.41
112451.99
112662.15
62523.34
293659.93
182110.00
206493.01
176750.03
224688.56
132822.95
253391.63
36602.46
229029.24
26135.30
234429.52
183376.48
131298.08
268762.50
106114.05
75410.90
79711.41
143738.09
283284.06
27464.38
67175.50
47620.79
69626.38
35202.42
8679.10
130957.71
198158.29
156089.85
184409.01
49761.04
243918.58
178607.00
168342.91
284310.83
135169.85
36104.92
178160.16
172507.80
152970.76
34065.81
107858.33
120552.65
125353.22
38666.60
25291.08
230038.69
61246.61
262400.46
243661.80
147922.04
199988.74
11733.11
149480.76
231722.51
252268.70
91879.03
5043.76
147084.15
151176.71
34326.97
25957.06
3340.30
91386.41
207353.56
114551.62
197770.06
105504.10
120431.22
67955.50
74792.02
143647.04
293500.22
260616.34
27948.96
217771.60
166733.74
145808.50
95569.55
141949.17
86997.49
163525.56
73674.47
167246.21
248218.00
24790.92
72960.05
54098.17
135206.96
85676.08
144635.55
86106.34
154065.60
146569.71
81668.80
198212.63
158460.13
28272.93
250498.93
315878.38
359341.48
238395.81
164499.80
211981.32
134443.88
64591.02
288023.87
165840.93
143330.92
79935.74
86236.20
51841.09
220250.68
131767.47
258391.69
229181.67
176187.25
20148.99
8276.28
176259.11
58425.15
125636.69
199329.15
111660.57
237302.75
217949.59
81142.34
154851.33
134793.61
218950.02
116255.51
93461.73
85476.86
89527.37
162623.17
43328.72
39491.52
130965.08
221790.05
62343.97
152084.56
240112.72
208913.13
21230.46
165649.76
86411.53
193008.05
152069.45
5488.58
345082.21
182376.86
77031.17
109676.87
96783.84
146213.44
10858.69
111474.44
117864.88
166352.10
76828.42
75414.98
50749.19
124640.21
127927.46
47623.30
52537.35
189949.31
220638.26
265309.61
73496.02
155600.23
66418.03
54142.93
104455.69
178807.74
127440.77
333861.26
298347.98
360979.87
186954.82
177021.17
209198.61
197221.43
11952.53
192948.54
91658.85
76953.35
186752.90
228474.44
254201.14
71188.59
124668.20
53882.55
57924.60
156604.94
31329.67
55059.18
187129.04
209379.50
105826.79
191349.70
220121.10
157896.33
47663.87
6509.56
185154.84
318345.52
265853.66
149251.53
80991.63
119695.23
141536.46
49485.07
236811.90
88575.13
84874.99
163805.81
149082.13
86703.94
36438.33
86365.15
2344.96
18837.82
3019.40
162846.83
204680.30
245453.30
172430.73
9928.58
141132.92
174525.86
137409.86
191465.09
146730.94
122299.53
130783.04
155380.93
203699.23
311417.30
186891.62
34537.21
40258.47
90616.13
186254.83
91491.69
302289.69
115220.13
51386.24
173025.56
183635.50
194052.49
27278.42
30879.93
89723.34
93139.07
106772.90
16393.63
276185.79
328196.35
55842.37
281108.67
211521.98
206361.85
187123.03
235105.33
280737.62
170972.52
94103.45
165927.32
52497.69
123123.36
221816.03
251992.36
22345.81
119562.21
224187.10
117269.62
337527.98
245266.35
117218.18
176540.41
146678.77
61048.43
123686.99
90448.22
291843.12
198145.40
164892.33
176894.11
232364.79
55412.93
206173.80
187824.37
84581.59
142519.26
76129.84
129422.89
130874.32
161804.93
14043.54
47725.07
96845.01
150568.01
144557.55
166602.70
305621.59
53966.92
73389.90
66607.60
175698.28
147688.45
89507.35
44643.86
214767.60
230776.69
165815.86
142669.97
247603.16
158087.98
256589.38
118316.24
35145.26
42791.11
90412.35
148956.76
126013.09
109744.64
111685.39
90020.70
236920.44
177255.21
264069.58
207741.83
301002.29
185418.03
80675.97
199366.49
201933.62
134420.53
242079.83
230221.64
217679.08
255427.92
252280.32
130539.22
233556.09
49179.01
60401.34
215351.18
61148.53
27500.41
156720.55
177312.13
212383.60
212099.28
74149.72
81545.06
224929.52
237316.14
161599.38
224948.00
292930.82
79731.42
112753.85
231561.44
167906.05
36217.41
91932.65
191480.22
56661.99
21628.51
250926.80
178050.71
259620.04
40156.23
157896.89
139117.69
340110.00
132848.71
2900.84
109650.27
352749.54
143731.35
183946.41
306184.72
141042.36
27683.77
128734.74
213161.89
100348.14
156108.69
122781.70
225562.17
73402.99
46219.85
238768.33
160528.42
107580.30
60339.42
128412.19
50142.68
257541.06
219260.44
206643.93
236322.98
74647.22
206875.64
57241.80
364615.97
134649.09
126752.62
72557.61
296133.23
140548.00
187969.43
142657.19
44694.96
26457.34
160686.14
156598.83
115318.58
153869.39
149134.45
168988.86
271202.97
97248.54
73850.88
298206.25
120912.82
39988.63
174482.83
153791.43
33850.63
51882.72
142751.55
141661.61
222991.92
259283.30
4831.71
13473.04
259575.04
168342.72
185345.78
237129.86
91318.12
59721.45
119063.41
85954.07
279184.46
209066.84
70432.30
135868.66
332161.49
9669.55
65388.50
198677.20
140757.32
256404.17
140107.28
74010.15
293310.03
132547.03
132441.44
214128.79
56068.33
220790.14
15686.70
267478.13
163114.25
140344.30
253476.61
80201.06
81709.30
186690.45
85884.77
69542.15
57248.86
102878.07
126641.36
167348.04
84538.41
224750.96
70512.45
39834.06
72583.62
268684.23
45260.12
115537.58
218434.72
306114.86
35054.43
148635.09
232292.52
221111.80
133157.15
137570.67
265377.88
89059.97
41803.90
30760.04
228513.81
88678.08
168678.05
172053.78
211229.42
18312.14
177389.07
174684.04
308748.77
146952.80
176976.37
214967.44
172194.56
45802.49
82039.73
80492.89
99652.90
164666.50
244088.40
69821.91
70757.70
167360.59
68662.37
10454.56
224394.34
219444.30
254348.55
44805.15
60593.59
277501.79
148628.51
247020.64
47526.04
7124.30
31589.45
237109.29
238397.18
297071.29
51704.29
197164.41
156908.57
291282.55
145408.22
206919.84
75101.99
