244001
244002
244003
244004
244005
244006
244007
244032
244033
244034
244035
244036
244037
244038
244039
244064
244065
244066
244067
244068
244069
244070
244071
244096
244097
244098
244099
244100
244101
244102
244103
244128
244129
244130
244131
244132
244133
244134
244135
244160
244161
244162
244163
244164
244165
244166
244167
244192
244193
244194
244195
244196
244197
244198
244199
244224
244225
244226
244227
244228
244229
244230
244231
244256
244257
244258
244259
244260
244261
244262
244263
244288
244289
244290
244291
244292
244293
244294
244295
244320
244321
244322
244323
244324
244325
244326
244327
244352
244353
244354
244355
244356
244357
244358
244359
244384
244385
244386
244387
244388
244389
244390
244391
244416
244417
244418
244419
244420
244421
244422
244423
244448
244449
244450
244451
244452
244453
244454
244455
244480
244481
244482
244483
244484
244485
244486
244487
244512
244513
244514
244515
244516
244517
244518
244519
244544
244545
244546
244547
244548
244549
244550
244551
244576
244577
244578
244579
244580
244581
244582
244583
244608
244609
244610
244611
244612
244613
244614
244615
244640
244641
244642
244643
244644
244645
244646
244647
244672
244673
244674
244675
244676
244677
244678
244679
244704
244705
244706
244707
244708
244709
244710
244711
244736
244737
244738
244739
244740
244741
244742
244743
244768
244769
244770
244771
244772
244773
244774
244775
244800
244801
244802
244803
244804
244805
244806
244807
244832
244833
244834
244835
244836
244837
244838
244839
244864
244865
244866
244867
244868
244869
244870
244871
244896
244897
244898
244899
244900
244901
244902
244903
244928
244929
244930
244931
244932
244933
244934
244935
244960
244961
244962
244963
244964
244965
244966
244967
244992
244993
244994
244995
244996
244997
244998
244999
245024
245025
245026
245027
245028
245029
245030
245031
245056
245057
245058
245059
245060
245061
245062
245063
245088
245089
245090
245091
245092
245093
245094
245095
245120
245121
245122
245123
245124
245125
245126
245127
245152
245153
245154
245155
245156
245157
245158
245159
245184
245185
245186
245187
245188
245189
245190
245191
245216
245217
245218
245219
245220
245221
245222
245223
245248
245249
245250
245251
245252
245253
245254
245255
245280
245281
245282
245283
245284
245285
245286
245287
245312
245313
245314
245315
245316
245317
245318
245319
245344
245345
245346
245347
245348
245349
245350
245351
245376
245377
245378
245379
245380
245381
245382
245383
245408
245409
245410
245411
245412
245413
245414
245415
245440
245441
245442
245443
245444
245445
245446
245447
245472
245473
245474
245475
245476
245477
245478
245479
245504
245505
245506
245507
245508
245509
245510
245511
245536
245537
245538
245539
245540
245541
245542
245543
245568
245569
245570
245571
245572
245573
245574
245575
245600
245601
245602
245603
245604
245605
245606
245607
245632
245633
245634
245635
245636
245637
245638
245639
245664
245665
245666
245667
245668
245669
245670
245671
245696
245697
245698
245699
245700
245701
245702
245703
245728
245729
245730
245731
245732
245733
245734
245735
245760
245761
245762
245763
245764
245765
245766
245767
245792
245793
245794
245795
245796
245797
245798
245799
245824
245825
245826
245827
245828
245829
245830
245831
245856
245857
245858
245859
245860
245861
245862
245863
245888
245889
245890
245891
245892
245893
245894
245895
245920
245921
245922
245923
245924
245925
245926
245927
245952
245953
245954
245955
245956
245957
245958
245959
245984
245985
245986
245987
245988
245989
245990
245991
246016
246017
246018
246019
246020
246021
246022
246023
246048
246049
246050
246051
246052
246053
246054
246055
246080
246081
246082
246083
246084
246085
246086
246087
246112
246113
246114
246115
246116
246117
246118
246119
246144
246145
246146
246147
246148
246149
246150
246151
246176
246177
246178
246179
246180
246181
246182
246183
246208
246209
246210
246211
246212
246213
246214
246215
246240
246241
246242
246243
246244
246245
246246
246247
246272
246273
246274
246275
246276
246277
246278
246279
246304
246305
246306
246307
246308
246309
246310
246311
246336
246337
246338
246339
246340
246341
246342
246343
246368
246369
246370
246371
246372
246373
246374
246375
246400
246401
246402
246403
246404
246405
246406
246407
246432
246433
246434
246435
246436
246437
246438
246439
246464
246465
246466
246467
246468
246469
246470
246471
246496
246497
246498
246499
246500
246501
246502
246503
246528
246529
246530
246531
246532
246533
246534
246535
246560
246561
246562
246563
246564
246565
246566
246567
246592
246593
246594
246595
246596
246597
246598
246599
246624
246625
246626
246627
246628
246629
246630
246631
246656
246657
246658
246659
246660
246661
246662
246663
246688
246689
246690
246691
246692
246693
246694
246695
246720
246721
246722
246723
246724
246725
246726
246727
246752
246753
246754
246755
246756
246757
246758
246759
246784
246785
246786
246787
246788
246789
246790
246791
246816
246817
246818
246819
246820
246821
246822
246823
246848
246849
246850
246851
246852
246853
246854
246855
246880
246881
246882
246883
246884
246885
246886
246887
246912
246913
246914
246915
246916
246917
246918
246919
246944
246945
246946
246947
246948
246949
246950
246951
246976
246977
246978
246979
246980
246981
246982
246983
247008
247009
247010
247011
247012
247013
247014
247015
247040
247041
247042
247043
247044
247045
247046
247047
247072
247073
247074
247075
247076
247077
247078
247079
247104
247105
247106
247107
247108
247109
247110
247111
247136
247137
247138
247139
247140
247141
247142
247143
247168
247169
247170
247171
247172
247173
247174
247175
247200
247201
247202
247203
247204
247205
247206
247207
247232
247233
247234
247235
247236
247237
247238
247239
247264
247265
247266
247267
247268
247269
247270
247271
247296
247297
247298
247299
247300
247301
247302
247303
247328
247329
247330
247331
247332
247333
247334
247335
247360
247361
247362
247363
247364
247365
247366
247367
247392
247393
247394
247395
247396
247397
247398
247399
247424
247425
247426
247427
247428
247429
247430
247431
247456
247457
247458
247459
247460
247461
247462
247463
247488
247489
247490
247491
247492
247493
247494
247495
247520
247521
247522
247523
247524
247525
247526
247527
247552
247553
247554
247555
247556
247557
247558
247559
247584
247585
247586
247587
247588
247589
247590
247591
247616
247617
247618
247619
247620
247621
247622
247623
247648
247649
247650
247651
247652
247653
247654
247655
247680
247681
247682
247683
247684
247685
247686
247687
247712
247713
247714
247715
247716
247717
247718
247719
247744
247745
247746
247747
247748
247749
247750
247751
247776
247777
247778
247779
247780
247781
247782
247783
247808
247809
247810
247811
247812
247813
247814
247815
247840
247841
247842
247843
247844
247845
247846
247847
247872
247873
247874
247875
247876
247877
247878
247879
247904
247905
247906
247907
247908
247909
247910
247911
247936
247937
247938
247939
247940
247941
247942
247943
247968
247969
247970
247971
247972
247973
247974
247975
248000
