3149
2414
5806
1702
2347
5365
6994
3277
194
2650
7159
1537
4579
5699
5404
6494
2179
3422
1925
1204
3175
5102
2447
6814
6581
4076
1010
4435
4624
3103
4217
2134
4718
1891
7316
4378
7238
796
6857
6880
2177
2987
4654
2146
4801
2038
5449
5795
1138
6184
44
5386
4840
4777
1462
7040
2993
6112
5764
4250
7225
136
2890
2441
8
913
3820
7054
6985
7195
1241
6715
3869
6872
3731
3821
3337
640
7177
2431
1702
5870
1666
3262
6706
4793
5512
4087
6179
2297
1775
2971
97
2888
4111
352
5572
19
3748
5774
5621
1280
2902
4537
4955
5689
3661
5732
5750
5372
7210
463
2131
368
4192
4960
4289
283
907
2437
4784
5656
7415
5582
5941
6073
1336
1628
1636
916
2791
6590
1310
3967
6700
3016
5876
1894
4037
3649
701
4592
601
6388
3559
1097
1519
4229
5344
7222
7135
5993
2990
67
6604
3031
2158
3712
1544
3751
6460
5587
6649
6716
3004
6919
5582
5786
1498
1468
5987
4333
2017
7273
3572
2362
785
6565
6064
5038
854
2491
5425
5290
190
2825
6910
1411
7399
6841
718
5470
5617
4711
871
7057
2329
418
1909
6088
5098
7202
251
4066
6583
7012
3520
5083
1850
5836
4363
2029
3751
4966
6967
4165
2590
7171
1712
2711
7148
4070
2581
5080
2650
1447
4966
4111
863
116
2941
6346
4243
3838
3704
3337
3211
391
4978
6283
3331
2284
65
49
6199
3208
1504
4177
7304
4526
689
2909
4444
3830
6541
3524
680
4324
4711
521
2491
1526
1714
1733
5642
4402
2677
2828
565
4403
2224
2309
238
448
5477
3718
3211
6410
3853
7342
3244
3376
3541
1703
1528
5677
916
919
5914
5524
4451
6085
7444
2446
430
1940
2215
4799
673
1741
3592
3866
4894
5210
6037
760
6728
1502
4031
4061
2050
3868
3925
7438
5119
5752
7327
1141
2269
4952
5573
5698
4537
5602
6733
3035
4600
1411
2296
3644
914
4715
4181
4897
4072
2462
103
4660
4435
584
5684
1942
5351
6385
5720
892
2717
3866
1297
2273
889
5206
5824
7498
6622
6346
3385
6998
3940
6884
5779
6125
685
994
4406
2615
7150
4537
2792
3781
5690
6313
1685
5303
1925
412
397
4879
5264
6542
5983
1921
743
4331
4285
6208
3019
2060
1093
3967
1310
2830
4183
5464
856
7019
1580
3769
6100
7366
2366
5783
3026
5876
3556
3416
5413
6904
340
2926
3520
4333
4769
6217
6410
667
6169
4675
802
520
5675
4198
1528
2207
4786
5546
1238
508
4126
7063
3922
3724
46
6712
7072
4136
6341
7210
1679
2275
1631
2975
1948
794
2987
6943
1783
1549
5476
6877
1898
6925
973
2290
1924
3280
1975
5839
4750
2672
3788
2737
3122
2563
3739
5803
3533
3022
6055
2251
3253
1441
7399
4697
4159
3388
7276
4280
2317
217
5189
7415
1276
3787
3067
4786
2203
1030
388
3316
4408
3307
4262
6721
265
4849
1085
6778
640
3310
6808
3475
4513
842
4990
728
3013
1652
6295
5648
5536
3634
3850
3364
3121
5314
4408
2416
5531
1006
458
1280
7358
4919
578
4225
2281
722
4243
2678
463
4417
1930
7207
5494
5881
5546
5693
4480
4267
1015
3635
5554
7072
1639
6571
6263
5575
2944
4082
1138
2422
3277
5660
6181
5840
145
3694
2746
2090
7255
862
5314
1402
3679
4633
5885
4897
6397
7379
3859
1096
6302
2638
4492
2719
5647
2290
3503
4352
7447
898
1450
7414
3913
6799
761
1390
430
4967
3269
5213
5698
7297
5747
3841
2611
4888
361
4024
1204
3160
2641
3383
6397
2603
3775
7274
4522
5126
3541
3748
388
5959
3047
1538
6733
13
6707
6220
4814
2731
7171
5674
3784
4007
1000
3517
2456
4723
1252
5797
4838
4408
176
2986
2180
7192
4696
5413
256
506
4267
6598
4214
3169
868
322
482
7477
5161
578
3121
587
1201
2675
40
3295
5098
6091
2968
1193
826
3883
2257
2219
7168
3559
1235
7031
6709
6871
7237
4804
694
6614
1088
4660
3475
1658
6052
3217
4829
556
5638
4189
4339
6611
1376
4705
5803
3526
6124
103
3082
1723
6896
2197
727
3743
5080
5254
4468
4639
5761
3520
6046
7444
5458
2089
5881
2300
2864
193
5501
358
6931
5509
3877
556
3955
4096
1588
4757
5573
1066
7411
7009
4414
2042
2758
2291
778
2854
3739
5690
7162
5704
874
389
7439
2722
6071
7381
3037
1621
7372
5467
935
1057
6740
6988
6349
4558
31
7376
1177
2549
3910
6781
4397
4594
466
6796
1775
6406
2299
2017
6304
5347
1388
1688
6707
847
4654
1559
3404
7361
1717
5203
3197
1811
467
5860
4777
4181
4781
2116
227
107
4030
172
2647
5368
2743
3254
7265
7448
2146
1655
1070
1004
3508
7091
7364
229
1010
1906
7300
4208
1036
7115
4913
6721
6616
335
6676
2213
403
3005
5905
3169
4300
6553
3802
1066
5951
4876
5185
1414
3805
3286
6902
298
5587
6992
6122
7216
1306
4210
1225
7201
4525
6706
2462
1391
4930
5245
2434
2977
6232
1390
3083
3607
5458
331
6674
2476
2455
4408
5914
4669
5390
5653
4750
4220
1507
5696
6103
6580
2311
2077
7280
7273
4711
6209
5003
6583
6664
3769
7372
904
5479
6791
5041
1975
6515
5083
3419
2711
7345
3692
5713
514
7471
5666
673
3851
6307
4456
4714
526
115
6899
1726
433
7225
325
3937
5185
6041
4342
5707
4807
6142
4093
622
2182
3475
4033
7216
4505
2329
4846
6353
2677
3916
3328
2158
7225
3572
4723
3766
2074
358
2309
6755
677
1735
4292
6721
5717
5194
7249
1501
5335
2999
7412
2312
4037
7322
6652
6112
7382
7252
6562
4048
394
3172
5312
1156
5671
7327
3280
6673
772
4024
6994
2089
1930
6958
3622
4930
4321
1298
1697
5984
6286
1405
6679
2465
3607
1588
7003
5017
5842
7348
5123
904
4408
6800
2663
2272
1384
4624
5177
1759
3806
4199
3769
