3154
2401
7373
3524
2024
4001
775
3478
6848
5390
5866
2054
6238
5099
1844
4276
7429
622
4594
6151
5350
6283
4490
5099
1463
2134
2842
6146
4136
3241
4010
317
22
2453
3128
6229
6799
4127
5594
2002
5915
781
5891
5411
1393
5518
1613
6065
4960
599
1594
989
1483
736
7009
2678
5119
6799
5236
6184
2146
2228
2536
1096
2948
4150
5884
6653
2228
2333
6538
1514
2014
1090
1061
3806
2563
4249
5590
1342
6250
793
1768
1984
4927
5006
1168
7498
2984
5641
2656
3910
667
6407
4274
5530
5446
496
6949
6691
1627
4699
1094
4030
3893
3691
5944
424
4555
329
2464
6592
4970
2771
5879
2869
5674
3376
401
1211
1204
7495
4511
5284
2198
19
4573
4786
6541
6277
7160
4348
4691
481
6508
6211
184
3181
3560
3943
4070
3454
2264
7369
4601
4310
4246
6778
961
6946
3022
1195
6226
775
5288
5026
2569
82
2611
5639
4372
844
5629
6406
5029
6997
4669
7138
4861
617
4486
4612
1549
6452
3784
2317
454
950
5065
100
4622
6989
4999
2443
5662
5218
4348
4813
4543
6430
6956
4810
2398
4688
5512
3710
4870
3448
4622
6772
2584
1402
40
350
2789
3176
193
5159
2912
4400
6215
80
3304
4867
2198
2158
2036
1249
1735
28
2311
3260
3785
6277
6554
550
4940
6578
337
1570
205
2227
3967
257
5348
5935
959
29
983
6281
5659
10
133
1363
220
1486
4150
685
1204
475
3904
4117
3796
7333
364
4852
7205
1000
5675
515
2734
1462
2626
2863
5485
1105
616
2965
7322
7090
710
5719
2794
877
6533
3338
2606
1300
3535
1286
5660
7177
6290
1960
773
4624
70
7060
2789
1042
3718
5092
7480
7237
3325
6688
220
4090
2038
4528
7252
5590
3754
4648
1322
3626
5009
2210
688
304
5878
7405
5609
1475
4795
2110
6904
313
5503
5392
3502
4313
5614
3937
841
7177
5551
7363
4525
656
6509
4973
6919
5336
2369
7463
3880
5233
430
5965
7000
5962
4636
3206
4960
6010
4847
5686
1180
769
1277
4996
6074
3884
4112
1076
1058
7040
139
1811
2972
7295
2201
2431
5134
2960
1769
3422
2983
4724
6394
1009
2500
3656
7222
1361
4093
5036
7162
187
6932
5926
1945
254
5185
1480
5605
5006
1250
7100
3028
6283
5260
1243
4198
5524
1582
3079
2914
7217
5509
2731
4018
6167
3637
6494
137
772
7132
2753
1399
7075
4717
806
1619
1187
6937
7234
3271
7483
3991
6511
3310
337
5471
5314
4844
4549
1054
5725
4351
2174
5249
7343
691
2818
1336
3532
4169
1273
2788
4447
4834
1474
6248
6442
4265
2291
1336
742
3475
3727
335
1228
895
3953
5450
2968
5053
2605
2564
509
6565
5948
3640
6763
6740
4748
6121
4837
1378
5422
6529
7207
6823
7318
3616
6376
3329
6598
1567
3733
1583
2206
5005
1544
6383
5443
6827
5405
782
2827
110
6475
1898
7351
3107
1357
6499
6988
6634
893
2837
2936
1631
6625
1276
6977
5263
4436
6215
2713
2086
1114
55
3661
3992
7234
4000
5060
817
3044
5089
4426
415
5924
1852
58
3355
2272
787
433
4852
1787
4033
4555
2762
2135
1253
6725
5806
2074
2395
6920
5003
5401
5749
2389
5896
6965
4019
5171
4294
2284
4636
7367
1732
2399
5971
146
2035
2119
1642
6338
1885
4862
6953
3430
139
2207
3712
5531
2293
787
1808
775
700
4087
3562
3434
5461
5122
3965
2756
1981
2420
5735
6224
4051
5707
250
1391
6683
6877
418
3031
2875
3502
430
2098
3188
5498
4114
7288
5557
4258
1264
4010
7433
5759
5320
5564
1984
6310
6350
2920
6965
2863
5923
3107
2047
5263
1075
4448
5411
5212
2801
3232
2536
5209
6587
1631
1078
2233
6196
6604
5272
2053
2815
1747
2230
2189
1405
4957
2273
4016
800
1042
5011
7441
3442
4945
698
5122
6094
575
5138
812
6694
4868
503
709
5327
556
2929
3667
2134
5831
6379
790
988
2239
6565
1768
2992
2395
6242
5681
1159
6463
6371
7178
3979
5102
1619
5080
5842
6340
1903
3472
982
2153
3790
6685
6952
5938
7315
2707
6718
4481
5953
7217
5729
2164
6253
401
196
433
5032
1799
5317
1042
1775
2638
6778
6943
7232
1369
682
6533
1216
7426
1439
5246
364
6256
646
2446
7306
541
1636
5506
6262
2576
1582
1562
598
6713
5518
5941
6760
124
20
520
1757
358
2140
5959
2678
2857
1529
6178
4885
2848
6658
3292
1195
5713
4496
712
5626
5747
2356
4135
4138
5713
2449
5882
2035
2513
5032
4297
2542
1324
2345
2590
833
7273
6463
6866
6974
7483
4972
1835
5957
3328
7015
1061
2806
4859
6560
2320
5633
4615
577
1546
6635
4807
5833
400
1147
5539
3457
1117
6455
89
3271
3355
1528
355
4205
2882
1564
1505
5552
6508
2372
2602
3445
6349
2020
3218
5833
3634
7066
1960
7319
1219
385
6545
5335
4978
5660
4036
1162
5200
2041
3871
6719
2033
397
250
4741
6274
4861
1739
7333
4792
2248
3848
3907
2257
7279
4513
6136
2947
3004
6661
262
5833
239
4189
6880
2129
701
376
6001
3242
3187
5596
6236
148
809
2603
3133
1204
637
7136
2428
6605
1612
1025
1435
526
868
6037
1463
4354
4756
6238
5713
2173
4675
373
2771
6452
1862
1006
5761
3004
5569
139
4114
3893
2098
5998
1939
7126
1516
1777
2891
3337
2104
1846
4573
329
6991
4696
4751
3169
6997
797
2398
220
6901
2971
4667
5074
3814
3941
4997
4910
2008
1783
5021
7312
6605
7025
190
688
7129
5843
2588
3460
5768
4735
3538
5920
5923
6928
1136
2908
5200
7199
224
6193
2434
4720
3382
4639
4882
3043
479
6697
5558
7492
1715
3985
2245
4843
1753
1025
3685
2477
5816
1028
3700
6530
7226
1285
3683
2677
1480
3371
6217
5480
4798
5615
1253
6562
352
4867
4522
4258
1567
4198
688
3301
6469
5437
