1846
3901
6166
6839
2225
2782
1957
6503
3349
3052
6380
5764
4306
6242
4090
1606
814
6460
2831
1429
4225
3217
169
5389
1054
5224
4447
7351
1400
37
1456
3698
3557
1849
4639
1321
2200
310
3025
4126
832
706
4388
40
1363
5392
5971
4129
3955
3088
6772
3242
1627
5512
2650
124
1652
6374
496
2204
5587
5128
4541
6242
6136
2095
2161
5237
2305
1519
5804
355
5188
5899
7054
1114
1498
2525
950
16
6130
6679
1957
5258
2002
3800
7231
5323
89
6914
3502
7342
3020
115
3880
5651
1648
3007
166
2234
6349
5129
5515
2008
2731
4742
5815
4508
1958
3655
5170
7483
4789
2369
4939
2978
2203
2440
605
3571
1519
6253
1741
2713
5029
2545
5392
3152
3029
3745
7093
2197
461
7220
3148
4670
3158
7162
4912
6193
5497
1177
4481
1477
2758
4630
3353
2962
3437
2468
2357
1300
6257
2534
5275
4072
6913
6665
3271
4757
6641
1996
2890
370
5713
2521
7147
5405
3958
1657
586
1897
6194
6533
2425
4219
2137
7369
5809
1577
1802
6557
3184
2318
5984
1039
16
2171
5225
5143
3917
4853
4000
1597
2228
4825
6592
3980
6659
2797
5890
6835
719
2500
6301
6538
7177
1447
2762
2138
3238
3440
5794
817
1396
6887
127
1915
1258
5176
6731
1610
722
83
2447
2680
5425
2291
563
427
544
3283
4135
6548
5146
2017
4768
2566
2459
1732
2755
1765
1264
3760
3422
667
5491
2689
3958
59
5800
3547
5435
1585
3010
175
5134
3556
6398
3422
6434
6700
181
1375
3791
2648
6337
6982
5134
5246
1846
7345
2401
856
4139
6158
5035
7187
7165
6952
1402
5977
3569
3973
1207
7162
2872
2449
5978
1756
7483
6583
4837
7066
3418
4426
3673
2942
6683
986
2218
598
5515
6100
317
412
1351
2425
667
487
451
2353
7481
1792
1888
7495
5722
3490
6085
4777
3055
5797
5818
6700
518
5428
865
5551
7384
7117
1072
796
4955
6389
1558
850
4711
3739
2014
868
3185
2536
5299
2302
986
977
3208
6812
6317
6613
5980
2695
7145
5606
4721
2644
4528
3814
3935
4889
6092
5528
2192
6664
5680
2002
4501
7493
4612
3449
238
7228
3775
2491
730
89
1757
7301
6025
5062
3119
2611
3922
4657
5377
1447
5587
707
4697
7133
2515
835
5180
6115
5132
520
7399
6670
7231
4630
2620
46
58
5608
2879
2647
7465
3293
712
3443
187
3932
3637
6944
217
3197
3782
4705
229
7072
92
1222
1714
172
3787
1975
4174
3244
6418
3266
6670
3151
6556
6166
6389
7294
7372
319
1028
5708
5245
3832
6022
1408
3626
6923
1226
2356
881
6976
4640
2312
6215
2576
3002
2410
7324
4066
5254
1570
5566
6571
3529
5218
6601
7111
2990
479
3424
1621
3655
5956
1214
472
3046
1168
6220
3751
326
5479
4306
2776
6724
3734
835
4649
6992
3308
7471
2795
604
6289
1507
2608
2119
2534
292
7421
4910
5371
5809
5903
928
376
5029
880
6703
3623
3493
3091
5899
839
1489
1363
1904
4468
7030
2005
4843
4723
5962
2429
5038
4000
2437
7018
2461
3166
1594
3928
5206
1111
1096
6658
3103
6733
6673
5876
4939
6412
5033
4084
2896
5171
6748
400
2050
3748
3703
1127
5602
3380
4453
1588
4600
5812
6061
5704
1936
2770
5065
4072
2392
6338
2824
5617
4732
6911
6713
5200
7417
2071
4436
7027
3970
2248
2099
1336
5203
1195
4976
1520
3581
7070
7007
6970
5419
3224
4076
1822
3553
643
5482
7019
932
1454
1312
194
244
1820
7379
3286
2719
3835
3565
332
2677
5096
1495
1186
3566
6250
4219
628
2699
7243
1618
899
1711
5542
6145
2812
4420
6706
2347
4795
6050
6644
3322
3469
328
2750
6742
6355
2168
4678
2479
3761
6007
6539
2857
409
3058
3805
2767
4274
3470
5029
4564
3880
3685
2117
5173
5599
7415
2560
1903
6853
7423
2762
6860
4198
1751
3827
1231
670
4103
6313
3695
1843
4702
4868
5066
4675
293
3086
851
5956
2815
1499
3865
1732
2959
6842
4418
284
3694
2905
770
7189
5884
5828
3775
2059
5786
4711
7301
3938
5141
6169
1801
1243
6035
2836
1976
2408
5093
904
5827
3940
3901
3443
2275
4957
7225
4457
4642
6916
2401
394
4927
6005
6040
4570
302
5372
5372
4601
2111
5351
4625
368
4537
5875
2629
677
1408
6208
3478
2188
6812
6725
3682
1402
3556
2188
6647
188
2371
4216
3059
1966
2720
373
4489
1568
7112
1438
5077
5534
5629
994
2167
2638
2491
1570
1229
1123
6763
3283
6254
4568
6037
2362
4927
3442
6824
7225
1267
4217
6104
4366
6637
1148
6706
6949
824
7244
1256
362
5338
6787
901
214
2323
4411
7310
6311
2191
608
4759
4334
6292
439
7312
6058
1021
4045
6983
695
2239
7024
908
3044
1712
4618
2611
178
5596
7069
836
1891
1654
7346
6922
5794
4457
5833
6607
1663
7174
323
166
323
4528
7117
4558
3749
2429
5150
2414
6994
2557
2236
4094
2534
3634
3685
4862
7421
7480
7451
6478
3337
6097
5062
5749
2603
136
424
7261
5605
2315
2239
1205
4723
5935
4033
4927
6640
4420
7385
5353
4492
4126
5092
4022
2360
1529
6248
337
1273
7495
4669
5356
2788
2783
1711
4537
2189
2275
739
5956
1321
5269
584
6898
5996
3868
5929
1526
7439
6721
6361
1970
490
7444
2197
7033
4504
145
6238
1936
2218
4930
5329
1915
277
2434
6335
2579
1583
4367
1138
788
1997
2107
3191
7483
1957
3218
2074
1327
1522
5896
3214
5588
3652
7457
2603
1876
4825
451
4217
1360
5270
3658
2047
6920
3247
2176
3886
7366
4976
3992
2030
7288
5806
5191
4919
2884
1342
421
3916
4433
2366
1685
6652
2674
5930
5881
1408
817
4327
7033
7411
1048
2215
3298
2054
1028
3143
442
1568
4672
1481
3409
7468
6763
3769
1985
1207
2560
3751
5164
6125
5087
4652
5875
3479
