280001
280002
280003
280004
280005
280006
280007
280032
280033
280034
280035
280036
280037
280038
280039
280064
280065
280066
280067
280068
280069
280070
280071
280096
280097
280098
280099
280100
280101
280102
280103
280128
280129
280130
280131
280132
280133
280134
280135
280160
280161
280162
280163
280164
280165
280166
280167
280192
280193
280194
280195
280196
280197
280198
280199
280224
280225
280226
280227
280228
280229
280230
280231
280256
280257
280258
280259
280260
280261
280262
280263
280288
280289
280290
280291
280292
280293
280294
280295
280320
280321
280322
280323
280324
280325
280326
280327
280352
280353
280354
280355
280356
280357
280358
280359
280384
280385
280386
280387
280388
280389
280390
280391
280416
280417
280418
280419
280420
280421
280422
280423
280448
280449
280450
280451
280452
280453
280454
280455
280480
280481
280482
280483
280484
280485
280486
280487
280512
280513
280514
280515
280516
280517
280518
280519
280544
280545
280546
280547
280548
280549
280550
280551
280576
280577
280578
280579
280580
280581
280582
280583
280608
280609
280610
280611
280612
280613
280614
280615
280640
280641
280642
280643
280644
280645
280646
280647
280672
280673
280674
280675
280676
280677
280678
280679
280704
280705
280706
280707
280708
280709
280710
280711
280736
280737
280738
280739
280740
280741
280742
280743
280768
280769
280770
280771
280772
280773
280774
280775
280800
280801
280802
280803
280804
280805
280806
280807
280832
280833
280834
280835
280836
280837
280838
280839
280864
280865
280866
280867
280868
280869
280870
280871
280896
280897
280898
280899
280900
280901
280902
280903
280928
280929
280930
280931
280932
280933
280934
280935
280960
280961
280962
280963
280964
280965
280966
280967
280992
280993
280994
280995
280996
280997
280998
280999
281024
281025
281026
281027
281028
281029
281030
281031
281056
281057
281058
281059
281060
281061
281062
281063
281088
281089
281090
281091
281092
281093
281094
281095
281120
281121
281122
281123
281124
281125
281126
281127
281152
281153
281154
281155
281156
281157
281158
281159
281184
281185
281186
281187
281188
281189
281190
281191
281216
281217
281218
281219
281220
281221
281222
281223
281248
281249
281250
281251
281252
281253
281254
281255
281280
281281
281282
281283
281284
281285
281286
281287
281312
281313
281314
281315
281316
281317
281318
281319
281344
281345
281346
281347
281348
281349
281350
281351
281376
281377
281378
281379
281380
281381
281382
281383
281408
281409
281410
281411
281412
281413
281414
281415
281440
281441
281442
281443
281444
281445
281446
281447
281472
281473
281474
281475
281476
281477
281478
281479
281504
281505
281506
281507
281508
281509
281510
281511
281536
281537
281538
281539
281540
281541
281542
281543
281568
281569
281570
281571
281572
281573
281574
281575
281600
281601
281602
281603
281604
281605
281606
281607
281632
281633
281634
281635
281636
281637
281638
281639
281664
281665
281666
281667
281668
281669
281670
281671
281696
281697
281698
281699
281700
281701
281702
281703
281728
281729
281730
281731
281732
281733
281734
281735
281760
281761
281762
281763
281764
281765
281766
281767
281792
281793
281794
281795
281796
281797
281798
281799
281824
281825
281826
281827
281828
281829
281830
281831
281856
281857
281858
281859
281860
281861
281862
281863
281888
281889
281890
281891
281892
281893
281894
281895
281920
281921
281922
281923
281924
281925
281926
281927
281952
281953
281954
281955
281956
281957
281958
281959
281984
281985
281986
281987
281988
281989
281990
281991
282016
282017
282018
282019
282020
282021
282022
282023
282048
282049
282050
282051
282052
282053
282054
282055
282080
282081
282082
282083
282084
282085
282086
282087
282112
282113
282114
282115
282116
282117
282118
282119
282144
282145
282146
282147
282148
282149
282150
282151
282176
282177
282178
282179
282180
282181
282182
282183
282208
282209
282210
282211
282212
282213
282214
282215
282240
282241
282242
282243
282244
282245
282246
282247
282272
282273
282274
282275
282276
282277
282278
282279
282304
282305
282306
282307
282308
282309
282310
282311
282336
282337
282338
282339
282340
282341
282342
282343
282368
282369
282370
282371
282372
282373
282374
282375
282400
282401
282402
282403
282404
282405
282406
282407
282432
282433
282434
282435
282436
282437
282438
282439
282464
282465
282466
282467
282468
282469
282470
282471
282496
282497
282498
282499
282500
282501
282502
282503
282528
282529
282530
282531
282532
282533
282534
282535
282560
282561
282562
282563
282564
282565
282566
282567
282592
282593
282594
282595
282596
282597
282598
282599
282624
282625
282626
282627
282628
282629
282630
282631
282656
282657
282658
282659
282660
282661
282662
282663
282688
282689
282690
282691
282692
282693
282694
282695
282720
282721
282722
282723
282724
282725
282726
282727
282752
282753
282754
282755
282756
282757
282758
282759
282784
282785
282786
282787
282788
282789
282790
282791
282816
282817
282818
282819
282820
282821
282822
282823
282848
282849
282850
282851
282852
282853
282854
282855
282880
282881
282882
282883
282884
282885
282886
282887
282912
282913
282914
282915
282916
282917
282918
282919
282944
282945
282946
282947
282948
282949
282950
282951
282976
282977
282978
282979
282980
282981
282982
282983
283008
283009
283010
283011
283012
283013
283014
283015
283040
283041
283042
283043
283044
283045
283046
283047
283072
283073
283074
283075
283076
283077
283078
283079
283104
283105
283106
283107
283108
283109
283110
283111
283136
283137
283138
283139
283140
283141
283142
283143
283168
283169
283170
283171
283172
283173
283174
283175
283200
283201
283202
283203
283204
283205
283206
283207
283232
283233
283234
283235
283236
283237
283238
283239
283264
283265
283266
283267
283268
283269
283270
283271
283296
283297
283298
283299
283300
283301
283302
283303
283328
283329
283330
283331
283332
283333
283334
283335
283360
283361
283362
283363
283364
283365
283366
283367
283392
283393
283394
283395
283396
283397
283398
283399
283424
283425
283426
283427
283428
283429
283430
283431
283456
283457
283458
283459
283460
283461
283462
283463
283488
283489
283490
283491
283492
283493
283494
283495
283520
283521
283522
283523
283524
283525
283526
283527
283552
283553
283554
283555
283556
283557
283558
283559
283584
283585
283586
283587
283588
283589
283590
283591
283616
283617
283618
283619
283620
283621
283622
283623
283648
283649
283650
283651
283652
283653
283654
283655
283680
283681
283682
283683
283684
283685
283686
283687
283712
283713
283714
283715
283716
283717
283718
283719
283744
283745
283746
283747
283748
283749
283750
283751
283776
283777
283778
283779
283780
283781
283782
283783
283808
283809
283810
283811
283812
283813
283814
283815
283840
283841
283842
283843
283844
283845
283846
283847
283872
283873
283874
283875
283876
283877
283878
283879
283904
283905
283906
283907
283908
283909
283910
283911
283936
283937
283938
283939
283940
283941
283942
283943
283968
283969
283970
283971
283972
283973
283974
283975
284000
