5389
2338
1796
1921
2303
5509
6629
2329
5671
172
547
6742
4054
4171
7189
7324
6665
3034
6595
136
4597
5021
4117
7024
878
7439
1762
727
2819
997
5659
812
3982
1768
3752
1520
2056
1639
619
5396
4223
1060
1136
5396
4315
3335
7391
4141
1624
3934
958
3322
5908
4504
3953
323
2918
646
5869
6380
904
1639
343
1456
589
4291
2047
4214
4781
89
1571
1036
1894
662
6565
2717
6587
6694
7051
4946
6875
7465
6113
3250
1876
3709
5459
5416
325
356
1382
154
6256
6239
1351
6943
4250
638
2863
2558
2386
5935
2203
5929
385
6896
7273
4397
7495
3200
3101
4360
5068
4915
3959
7420
2675
6236
3073
7171
2558
5729
4171
5989
7360
2548
4228
6029
2540
3751
6401
400
3632
6676
2765
6124
5132
6070
7228
625
928
226
3058
5590
6860
3509
409
5923
1330
2969
4844
6619
3527
4
2209
1438
3709
6022
427
1846
2161
745
3298
5996
5167
6376
1253
5443
344
3943
2200
6188
1034
7261
1429
3523
494
5773
1759
3935
4933
2113
4805
1141
5017
46
952
4792
2683
1667
4762
6893
5317
910
7103
4538
2501
7040
634
2500
239
2359
5848
7322
4729
1283
2542
2242
2623
1564
3742
931
4417
6464
1889
6794
6409
3650
1861
5101
5047
3143
3731
1834
3923
1831
2956
4225
3880
3568
3238
181
5365
1430
1060
3080
7018
5008
2629
6815
2182
6478
5515
4738
935
4061
3574
5923
5443
3779
3446
4040
5533
95
2737
47
1789
713
2434
6439
1303
4462
2017
7112
4192
7313
3490
5203
6844
4121
5458
4525
3080
1234
2690
2045
5050
4019
797
3809
2638
3517
5254
4585
4516
3572
3980
6686
685
6226
1039
7291
5555
1487
572
2681
4076
3587
751
5176
1159
331
4447
6658
3100
658
4513
5297
3637
2197
4747
1921
1775
587
1774
4403
4846
2707
712
1697
7399
5492
6686
6779
5095
4250
1543
3626
2315
3413
1942
7186
3755
1639
5594
4067
3670
3872
6736
5422
2104
6232
6043
2101
4195
3488
7276
4243
3823
1909
5509
7196
3367
2513
4093
973
3098
43
751
308
6394
6191
7294
5677
4195
2990
4735
5884
6320
2930
2668
4951
2569
3052
2188
1025
5536
5008
2282
2690
6781
79
133
4052
4769
5698
7360
6203
4246
5176
304
3931
2585
2509
460
6154
4750
6170
5923
6308
5314
5093
3937
5896
4414
1810
5095
907
2249
5770
6466
7331
1135
6559
4825
1814
6773
5087
7378
2963
3280
6154
6595
676
700
1582
2923
1334
6535
6863
4492
952
6653
3883
4457
6700
5204
3841
1642
115
370
6691
3268
1177
163
6191
778
337
7141
4207
97
1309
1861
2903
5584
5693
2110
1309
4082
6589
4513
5746
1469
7390
2636
5893
5123
3653
143
5077
2462
2776
2578
1888
6326
2264
6934
4345
4913
6856
2131
6328
5059
4538
2497
3319
2266
5711
3142
3850
2329
3631
730
2815
6796
7157
3061
6931
3151
6019
6223
979
6206
4168
1450
1825
2215
2165
2153
2707
5707
916
23
4733
6853
1159
4381
7249
3781
6314
4609
2488
7445
5276
3502
2440
5234
2549
2974
7190
5474
4384
1630
619
4946
3040
1028
2908
2470
5404
3889
5515
7426
1895
2224
1240
2077
4129
3320
5005
7388
2464
3910
7267
6737
1502
4423
5527
3013
3607
131
3049
112
775
229
4696
4492
785
6511
4966
5695
5228
4903
464
2828
5932
5585
520
7370
4529
4447
1912
3683
6712
3748
196
6112
5617
4132
5527
2732
5608
4804
5491
6319
4639
5996
5047
2041
1967
442
6502
2542
1474
14
2062
6073
6514
3250
2246
5935
844
3706
3004
7063
4036
202
5453
4549
931
190
1522
7223
1595
3218
5644
482
4864
6499
7486
2497
4610
4555
421
6655
1963
4027
2083
3043
1342
3083
3496
3679
6284
6511
5584
865
5492
1177
1249
3415
1987
4109
3142
1262
4858
647
7364
4534
7147
2266
4286
6692
6619
4000
5243
3409
6373
7483
4213
3424
1445
6554
7336
1586
5710
3964
164
1765
4582
7237
1682
2438
3556
1351
847
82
1288
6283
1456
3520
6862
5719
6814
6685
6353
3721
3325
2114
7435
622
5651
1352
3211
5476
6034
7259
1513
4966
2782
3373
2216
1018
980
982
4696
1472
5186
6119
1031
3086
1091
4498
4
7133
5537
6025
2876
2693
5983
3896
4234
940
2042
353
7210
3626
3481
5182
3682
3085
5503
1834
2245
7003
3355
4216
850
160
7177
6599
5237
4880
6358
1709
3529
7372
760
4291
2902
4060
5884
5323
3728
3733
3782
3238
3799
743
7273
5335
5861
1777
4792
4562
5828
4237
619
889
6215
1900
578
5891
3385
1987
2962
6116
4700
3509
2249
1963
2039
5318
652
6383
2302
4993
3764
3319
2536
3103
2030
6058
3248
2429
503
2245
6160
5684
898
3544
6241
1868
2962
808
1264
449
3799
3898
5555
5134
4855
4006
2119
2383
1090
3790
3770
341
7379
1679
7030
5612
3181
1111
5413
2014
985
2005
310
6464
2297
3268
4001
6089
2374
2638
2984
1009
1583
5149
7087
4432
3364
4999
6062
1826
4232
3661
4027
3076
4360
353
2839
4118
7348
3218
7402
2482
6380
3004
2272
52
1594
3230
6109
679
1007
6071
3692
2173
374
6136
862
1135
908
4966
6577
6646
1796
6191
6487
6167
6067
6913
58
7066
4432
6196
6457
5878
1309
1381
2407
1648
2518
1321
5440
4567
6925
5989
97
2576
6478
2653
1402
3049
1832
6041
3430
2017
2005
151
5585
6002
574
6518
1753
227
6209
163
7138
3697
3020
2941
5765
4762
4003
4105
4840
7454
6094
2048
2519
6350
5101
2767
5207
2180
4843
6362
4948
3445
5930
4915
6653
3151
6332
3880
1210
269
5053
4177
2413
5872
4156
3149
7330
86
958
4441
5320
95
355
3863
7447
52
3269
4322
3449
6436
6376
3331
6361
6887
1154
6943
5930
352
7429
3679
1885
1534
6863
736
238
4987
2788
4630
4432
