149683.30
174528.40
33036.06
171346.94
250906.96
156336.51
55869.46
210231.28
26396.31
108618.72
68174.30
66981.04
10060.41
89580.87
32962.16
164725.07
141376.71
191347.47
20293.92
114764.12
23248.25
185008.81
171322.40
107838.93
101217.05
75486.89
201368.71
89329.77
83182.98
33084.80
9250.21
77655.04
30462.11
25442.11
29828.35
172566.69
160477.49
189160.67
174476.39
126059.32
298712.45
268077.21
156956.36
215864.96
186453.63
56069.26
98174.61
159102.81
264419.26
118398.60
119835.16
124916.85
41565.49
44357.44
107227.16
267187.52
110093.27
58988.03
89362.78
170502.73
10138.17
7042.34
189092.76
114785.56
231732.49
148478.63
154635.25
6679.82
345980.56
311706.20
219282.07
101115.04
89276.46
179476.47
196053.66
46530.58
96501.61
237390.00
101355.35
89767.58
182984.27
157418.08
262081.34
108482.10
202101.40
185139.14
211399.24
293882.64
254527.21
248528.13
25093.68
169591.64
132138.84
142841.44
47823.16
65219.35
52171.12
105430.68
170850.78
285135.26
14826.90
58146.86
146230.22
167239.02
193865.81
212197.38
263095.73
102428.62
59366.91
66121.79
125971.01
142514.69
87008.81
198380.65
73758.44
130397.60
225987.13
51507.51
32086.48
240144.52
51713.78
143003.03
147748.02
31694.29
134672.50
98919.89
158642.29
199194.31
31152.05
81039.71
92904.28
882.74
105055.94
200922.77
194214.78
67341.32
100278.13
182739.47
195954.23
237419.27
89284.28
263922.54
172026.29
169035.57
170259.64
172826.63
166859.47
64437.86
3317.91
5120.58
139101.78
74549.50
203897.18
102505.75
82848.39
209305.33
51756.00
208959.96
100399.08
47552.02
80546.20
105741.98
86535.07
49212.03
171483.81
270321.66
15687.97
288973.61
193177.43
179812.05
386399.08
162588.21
199201.01
39850.66
168967.51
101167.39
167734.42
178451.63
97906.23
143250.73
191392.66
98060.24
236068.20
319413.97
253805.93
111494.27
124535.81
154171.06
40553.75
91559.44
222328.26
233664.09
174241.97
66942.73
43122.37
186804.88
168378.39
195386.29
68504.65
319312.88
5824.92
173079.82
242359.48
151048.83
254901.49
110624.37
184147.33
11528.46
89665.70
160006.61
100716.48
182160.21
180473.11
80819.42
147606.01
191050.13
295978.46
221918.03
165299.69
72907.56
148501.74
344153.58
222304.90
89330.36
154523.20
214204.52
3951.57
155946.07
127723.72
114393.50
19940.26
13550.78
96398.15
149566.93
99073.36
87821.82
220939.44
76168.96
218799.51
215086.23
94935.33
193577.53
146782.44
145828.20
85727.65
150495.51
18089.92
163873.67
18177.50
179844.35
130469.73
176991.21
21085.75
180051.22
33865.07
90305.98
114399.13
155469.52
224594.15
298021.37
145141.56
364739.72
14959.28
71668.64
51693.55
33753.37
187331.08
78043.75
89251.49
20874.90
57248.66
43624.50
162434.49
287822.68
66376.94
229712.38
48234.08
36050.83
172099.29
141854.14
165136.31
3846.01
155280.88
41366.41
288370.98
90402.29
175293.05
172930.47
37605.18
153205.07
234819.40
287644.78
105638.50
107590.90
206104.60
55772.51
272923.04
203062.15
84988.51
26535.79
201505.58
237089.91
275628.25
40609.79
4625.96
68087.42
103663.07
30422.07
71164.61
105142.84
129953.48
246140.95
167015.04
81828.50
68362.42
132522.33
149798.81
221321.46
58776.97
227391.65
285444.80
249197.38
44535.90
189859.58
74152.82
205097.05
171362.06
28859.24
23752.06
142289.85
44642.83
213419.97
201818.07
106980.38
141307.36
181482.65
161124.71
125846.91
224389.41
77852.90
244342.33
196057.73
135146.54
137555.77
25931.08
118037.33
182275.31
109239.01
180727.19
247145.42
62915.12
217882.72
191459.60
117309.04
240803.69
96262.74
188141.43
92979.62
102330.13
40988.33
112064.09
133553.51
126464.89
199881.86
167949.56
183695.32
126069.23
245046.48
18964.90
156670.86
255572.52
120415.02
311912.48
46387.03
42693.25
151028.89
156048.62
168975.05
224268.96
68311.26
302263.95
246652.64
133382.13
143033.76
211658.60
108597.10
162593.17
32983.47
163731.24
217835.05
97577.62
161639.09
361895.92
51255.23
120043.25
40268.58
23020.32
16480.13
122405.24
179992.02
129682.77
176528.28
94193.80
79905.94
59329.69
83446.51
141391.46
108013.04
81981.32
91977.98
14029.90
57258.19
218506.35
266465.43
133713.68
182838.70
125112.34
75033.10
180124.17
209042.59
161486.26
26735.28
85426.03
110618.60
269093.52
134683.10
90946.68
88440.96
108190.31
169341.84
114170.08
218714.03
140731.27
257036.95
40564.04
25428.65
171748.68
238471.19
135220.36
102795.54
318124.56
50169.90
167125.86
48819.10
193546.44
135618.71
73240.92
120194.45
167655.34
162495.17
19994.11
10322.93
180364.89
96382.80
163921.77
89651.54
130260.61
153406.77
71616.17
302023.98
140479.17
239440.79
33680.77
75771.97
96669.54
165175.45
134942.65
47029.56
58270.91
161741.49
142044.95
212920.34
83285.58
114518.78
340732.87
238388.04
88270.01
157248.08
127283.10
187485.20
168206.49
218307.67
144014.49
287068.21
165667.94
94541.64
53490.94
125344.34
216106.48
121331.31
91821.17
66469.29
92693.42
298981.23
235270.99
51345.30
155035.22
269362.32
61661.64
115868.18
288098.71
230441.67
60722.98
120386.95
81319.56
243693.72
40705.03
71480.39
143778.34
125388.10
207600.17
54871.38
115531.47
62704.67
61810.23
112238.60
250824.36
151791.03
14884.18
166015.72
21681.52
5591.49
169086.76
15800.10
4787.32
1130.83
237235.31
185513.22
17189.89
154425.63
92546.46
185086.93
188405.60
74486.56
168796.89
192789.21
60299.38
133406.44
89018.12
82869.13
133284.56
297350.21
141441.92
141288.74
6146.93
165814.15
29471.74
109786.88
238055.21
163153.61
156261.59
258146.85
206160.07
235036.98
225843.77
239647.56
94017.79
279418.84
266804.26
287448.97
130378.56
39561.47
38897.38
156897.59
233677.41
89755.11
72269.38
165006.77
44678.19
193375.83
174815.14
216979.29
180027.24
267612.25
93078.85
76586.33
169038.12
14388.24
97708.15
165538.98
15469.61
92974.99
49216.75
100310.57
50991.72
13842.23
225397.89
56574.15
121411.08
6714.85
104349.30
233298.89
132264.56
120568.49
221720.70
193646.02
118923.89
58141.86
209359.32
56574.25
320909.27
187097.16
19760.58
75761.74
293038.70
228998.65
168334.19
59818.30
271793.78
123984.64
282832.81
100661.97
141178.48
159024.78
152273.82
91349.80
199255.73
153914.61
153795.61
255450.02
13283.56
62919.86
213432.75
165060.89
280258.94
150290.47
33052.31
7921.76
117728.04
242691.63
126855.13
79597.39
178983.64
92653.39
58462.18
143062.81
42610.54
212255.86
152919.08
219953.23
261916.50
66280.07
105082.85
191668.13
272496.78
262447.61
54990.88
93266.27
121562.18
149181.09
284590.73
152322.44
303893.63
130447.15
61540.56
278868.71
163786.71
80458.38
228354.35
228235.44
183371.72
121917.12
23728.36
257464.17
255065.81
300767.87
238466.48
294950.13
286462.04
138784.95
192750.40
30654.25
120144.17
30988.85
129764.68
79055.68
61769.21
18705.73
78653.58
176594.14
206678.06
76872.91
261287.87
133474.00
82524.81
247072.41
205473.63
48699.73
233861.49
75335.56
193309.06
257282.54
252795.52
229290.77
274902.96
238049.06
258789.32
164034.82
254393.61
2828.99
254923.27
90311.42
120715.91
298078.43
159166.87
45999.41
36234.98
158195.50
187855.23
47798.21
272805.00
165215.92
94923.19
177768.78
251665.28
122014.62
36524.82
107278.73
113666.96
31699.55
273433.61
95115.28
227446.72
57848.86
85314.10
94268.25
7774.47
95485.80
135641.40
143954.19
4322.14
54405.00
64256.71
105363.48
5571.09
328585.30
229011.66
202796.86
73904.83
117834.03
56530.30
214910.79
204039.71
56445.15
286074.82
263066.50
193330.38
80406.23
135999.23
124467.68
13762.72
189665.77
78625.03
91234.20
65224.60
116248.78
118374.03
27459.86
90696.58
161609.46
235896.93
276129.83
121442.66
29353.18
18894.88
148430.89
115904.82
159214.34
116450.30
274207.63
41992.66
85129.34
129933.00
161468.41
35093.31
186878.68
204106.12
238601.04
327950.56
192736.00
174187.15
208676.09
37098.72
68596.12
112906.16
182817.65
12655.59
101706.23
165303.98
108297.24
248777.58
186141.85
249698.04
107117.37
181214.87
63641.39
263708.05
171737.29
33681.61
205355.58
186216.92
65442.01
263165.33
34693.98
245616.35
204760.88
153837.85
7522.23
173190.04
50306.94
263420.86
217957.23
85869.24
27899.05
112699.77
121831.43
140124.82
74157.56
124416.25
192189.57
225013.86
140375.15
259013.29
182103.90
160519.12
153168.17
205169.89
49736.82
34301.87
188397.54
331836.88
160669.72
315104.66
21816.99
168095.61
84726.19
288760.97
235690.26
146446.84
166316.71
104875.32
278662.51
123025.53
237821.29
141072.27
29221.58
145293.00
20056.04
50399.80
165964.08
42017.05
166494.92
65374.16
159995.64
129002.22
227196.27
142283.32
276548.93
184732.06
255759.96
291473.26
12047.83
187335.94
122559.73
198568.51
18987.74
140314.96
233639.65
256627.29
127854.72
198065.48
232316.58
33699.88
140504.78
124670.16
335490.16
21248.27
23896.66
102099.77
207537.13
217266.65
224500.06
73895.24
134273.04
246118.14
32230.42
56880.29
195649.85
179926.39
21919.80
162827.50
85824.17
48174.39
45376.07
156271.52
250042.47
190354.31
159405.20
134532.40
65446.51
153119.58
155137.24
218637.44
87279.01
177784.41
238561.33
124998.53
79248.14
181959.54
53315.13
56480.35
82821.21
205549.75
42643.69
164105.32
71527.76
170464.67
203420.42
240470.30
63233.43
129110.61
124935.47
187427.84
159169.92
291911.60
108418.92
36214.98
218803.01
129760.87
58681.78
14617.98
61893.38
144584.97
241041.61
92323.75
103791.81
374372.05
66142.55
184475.63
227758.74
227590.58
175157.73
52938.90
92478.25
35423.38
200923.76
215090.90
216132.81
33612.14
171211.45
229407.66
111697.55
160165.92
274813.39
245859.07
41583.98
155258.13
6820.45
290655.07
262511.35
186493.53
229961.89
147623.80
67784.84
115475.69
29081.60
249470.55
174481.88
239239.56
28719.71
197613.61
123142.14
60208.06
200498.62
87342.95
21080.25
144190.92
131454.44
208338.97
334919.37
26398.72
151197.48
89246.83
8162.17
52517.11
43533.47
112889.65
160967.68
174865.77
207363.96
64160.59
106591.45
56722.10
90577.02
47461.61
48038.08
245643.29
175762.21
72462.40
117304.89
