6403
67
3929
2987
4249
6277
5419
6127
5218
7478
7492
2618
5356
1985
1075
5450
7109
634
7114
253
4864
1042
104
311
6937
5884
5068
1096
6415
1088
6235
7435
7498
1627
6889
7048
2552
862
3715
5212
4291
5524
6061
4889
5824
589
3965
5993
4525
7199
689
3550
7222
5098
3260
4172
1480
2516
3091
5444
5206
1930
4825
2308
4966
2561
493
739
5699
4904
6352
5176
4495
7480
5693
6902
5708
5560
3722
1333
4948
4327
37
4651
1496
1213
6838
4975
4709
5134
3823
2815
6296
1987
1786
2434
2389
7154
5816
1466
5146
7318
5281
2582
3445
4793
2102
5668
1357
2555
913
4252
2378
547
2386
910
640
3992
2399
6956
1678
2465
3238
398
7352
4949
7486
3905
4531
1376
758
701
6431
2941
3556
958
2092
6061
1183
6671
3781
5672
3055
1568
1742
3262
622
1754
6061
5428
3331
7459
4801
2588
5155
5482
7291
7429
6373
2773
3553
4999
331
226
4807
4285
7150
1813
3886
5801
802
4234
5090
5482
6241
4564
463
3304
4885
6514
2314
4891
559
7484
3913
4697
1447
6433
7054
1525
4498
2332
556
2287
5239
3523
2173
6841
2296
1123
6479
4180
4289
2806
2996
1129
7117
74
2854
5086
542
3712
2939
7343
1900
3959
4690
6217
3224
6400
2269
3680
3250
986
3314
5689
982
2645
2054
6031
3421
365
6551
6349
4954
2234
2173
4993
2452
7292
3380
1372
5986
3859
3398
994
2854
1591
1190
7178
58
5650
2074
3571
6919
4360
2968
7252
904
6886
2681
6943
7091
4675
2953
4270
400
5303
2488
773
3124
3793
485
1847
3662
1003
7226
7375
5605
6566
2975
6403
3982
2455
5857
5063
7102
6859
2842
2383
1889
6686
3193
2110
5494
3850
2576
2923
7135
5632
2918
7436
3847
4676
7028
5957
5677
2947
169
1042
2404
6082
3790
5293
6379
6251
5957
916
1378
5243
919
386
6362
4645
2080
4166
7316
7108
1366
4324
808
3898
5542
4384
4912
2998
80
779
2551
3479
1531
3640
7132
6670
5332
3367
1709
3479
1937
6640
1210
2455
11
4358
886
5278
3595
6559
4700
3125
4861
2521
2431
6098
3277
286
3713
220
6047
1414
5977
3056
490
62
4535
7451
5234
4580
3544
1105
4243
5987
7396
5843
5248
2861
4325
1321
4622
2179
5092
3409
653
2626
4846
7226
7135
1108
688
5026
1180
6427
5474
6466
6304
2716
622
6955
5188
691
1817
778
4432
5737
577
3965
7136
3023
941
7420
883
4412
3844
7436
2693
2123
1072
166
181
2711
712
3479
3553
6824
3821
5380
2101
6310
4039
6919
4388
4336
5549
494
824
2353
3328
4783
1547
116
1714
4478
5251
1214
6433
6802
877
3893
7124
2296
4921
4462
502
244
3536
5858
5527
275
266
6755
5866
1063
593
5965
6418
6457
2269
6215
2548
1942
2197
1291
2191
3689
3856
5188
3379
6034
4373
1691
280
4700
1643
4759
6433
7462
5761
6802
4741
7123
4409
1183
4471
5458
6316
3490
4775
7288
1373
2968
1498
2809
6010
3169
208
5768
3952
131
1408
4966
2642
4243
5947
6004
1057
622
4826
106
1246
1130
2731
7078
3064
4411
6812
215
4000
1865
6763
563
5458
5008
5728
2194
5077
7066
6877
3265
6224
802
7429
3614
4090
7199
2843
907
1085
2906
5968
335
3392
4480
3859
2602
6895
5411
643
6727
2875
1204
1660
4319
6103
2722
580
961
3812
3256
52
337
2407
4828
1325
4991
7291
5039
3413
2123
7411
2914
7135
2923
5653
3163
2660
568
1051
6781
454
3451
3920
2980
4463
6568
3340
6488
4493
5819
2464
3407
4118
2666
4972
5161
3467
3976
1009
5008
1228
763
7438
6640
4360
571
1273
305
5035
5027
3983
263
2375
2269
4562
518
218
1879
802
4282
7007
4456
2260
569
1988
1187
2677
6971
4207
2057
4156
6617
7310
4690
1021
1603
2071
5657
4582
6763
2161
244
3358
6488
7141
4495
3610
3878
7078
5635
6457
2797
3470
7094
643
5036
6797
2264
5596
6058
232
5464
1990
5458
3343
4982
4079
2201
3518
2369
4549
6149
5177
3253
1249
5674
337
617
2254
4337
718
5660
1684
2282
6244
5269
7499
7367
1097
1987
7102
4147
3937
860
4646
4790
2834
5125
6646
352
3392
4015
3910
1115
3823
6598
1009
3539
4894
6340
364
3817
6134
419
2221
6371
6713
5635
2146
5302
1205
4666
1889
4840
3266
2723
7130
5458
4844
868
2818
5624
6433
6946
7091
3023
3550
3929
4451
5824
3088
5626
5218
4744
3937
2095
2984
4712
5431
7385
1180
2620
5138
2398
6412
5098
3316
2953
1718
3527
6052
3106
5845
703
1570
6298
715
1495
1274
7115
6223
2569
5081
2236
6481
1738
1231
1360
277
3701
6317
7426
6976
5644
659
835
1676
1841
6689
3403
6296
5612
1504
7007
6766
5476
3400
3154
6595
7393
1834
2569
6646
62
4715
1343
5020
2026
1018
1387
5443
7030
2176
731
6920
34
4127
5680
3920
3292
7361
3218
661
4414
6038
6841
6391
2050
2335
3271
2998
6982
2116
5893
4127
1267
713
5420
2939
4936
1138
4987
2254
826
2638
4858
3137
6778
4103
3587
1615
3988
2984
7486
2462
2326
5767
7048
6052
4363
3637
4078
7123
403
238
5071
4064
6610
2806
586
1769
3452
7168
7247
6973
5360
949
2191
3512
6791
3754
5428
5846
3700
3133
6313
2158
4766
4399
1541
4271
6865
5053
7267
1534
7486
2455
5249
3322
1742
100
247
455
5726
5636
6163
4666
7030
1715
2482
6598
784
910
250
2884
4588
3059
5360
6583
1121
5618
6080
1264
2336
4762
4921
5203
1670
7078
5759
2186
2707
3217
53
80
3980
4891
4861
22
7082
3712
6214
6988
2800
5725
4838
4906
2494
1318
1390
2192
1358
4597
959
6163
6226
4453
5200
1333
1895
2581
2941
5044
7207
437
1285
7064
2296
2173
1322
664
3817
4369
7309
3133
3788
959
7336
4762
3055
5347
1970
