180001
180002
180003
180004
180005
180006
180007
180032
180033
180034
180035
180036
180037
180038
180039
180064
180065
180066
180067
180068
180069
180070
180071
180096
180097
180098
180099
180100
180101
180102
180103
180128
180129
180130
180131
180132
180133
180134
180135
180160
180161
180162
180163
180164
180165
180166
180167
180192
180193
180194
180195
180196
180197
180198
180199
180224
180225
180226
180227
180228
180229
180230
180231
180256
180257
180258
180259
180260
180261
180262
180263
180288
180289
180290
180291
180292
180293
180294
180295
180320
180321
180322
180323
180324
180325
180326
180327
180352
180353
180354
180355
180356
180357
180358
180359
180384
180385
180386
180387
180388
180389
180390
180391
180416
180417
180418
180419
180420
180421
180422
180423
180448
180449
180450
180451
180452
180453
180454
180455
180480
180481
180482
180483
180484
180485
180486
180487
180512
180513
180514
180515
180516
180517
180518
180519
180544
180545
180546
180547
180548
180549
180550
180551
180576
180577
180578
180579
180580
180581
180582
180583
180608
180609
180610
180611
180612
180613
180614
180615
180640
180641
180642
180643
180644
180645
180646
180647
180672
180673
180674
180675
180676
180677
180678
180679
180704
180705
180706
180707
180708
180709
180710
180711
180736
180737
180738
180739
180740
180741
180742
180743
180768
180769
180770
180771
180772
180773
180774
180775
180800
180801
180802
180803
180804
180805
180806
180807
180832
180833
180834
180835
180836
180837
180838
180839
180864
180865
180866
180867
180868
180869
180870
180871
180896
180897
180898
180899
180900
180901
180902
180903
180928
180929
180930
180931
180932
180933
180934
180935
180960
180961
180962
180963
180964
180965
180966
180967
180992
180993
180994
180995
180996
180997
180998
180999
181024
181025
181026
181027
181028
181029
181030
181031
181056
181057
181058
181059
181060
181061
181062
181063
181088
181089
181090
181091
181092
181093
181094
181095
181120
181121
181122
181123
181124
181125
181126
181127
181152
181153
181154
181155
181156
181157
181158
181159
181184
181185
181186
181187
181188
181189
181190
181191
181216
181217
181218
181219
181220
181221
181222
181223
181248
181249
181250
181251
181252
181253
181254
181255
181280
181281
181282
181283
181284
181285
181286
181287
181312
181313
181314
181315
181316
181317
181318
181319
181344
181345
181346
181347
181348
181349
181350
181351
181376
181377
181378
181379
181380
181381
181382
181383
181408
181409
181410
181411
181412
181413
181414
181415
181440
181441
181442
181443
181444
181445
181446
181447
181472
181473
181474
181475
181476
181477
181478
181479
181504
181505
181506
181507
181508
181509
181510
181511
181536
181537
181538
181539
181540
181541
181542
181543
181568
181569
181570
181571
181572
181573
181574
181575
181600
181601
181602
181603
181604
181605
181606
181607
181632
181633
181634
181635
181636
181637
181638
181639
181664
181665
181666
181667
181668
181669
181670
181671
181696
181697
181698
181699
181700
181701
181702
181703
181728
181729
181730
181731
181732
181733
181734
181735
181760
181761
181762
181763
181764
181765
181766
181767
181792
181793
181794
181795
181796
181797
181798
181799
181824
181825
181826
181827
181828
181829
181830
181831
181856
181857
181858
181859
181860
181861
181862
181863
181888
181889
181890
181891
181892
181893
181894
181895
181920
181921
181922
181923
181924
181925
181926
181927
181952
181953
181954
181955
181956
181957
181958
181959
181984
181985
181986
181987
181988
181989
181990
181991
182016
182017
182018
182019
182020
182021
182022
182023
182048
182049
182050
182051
182052
182053
182054
182055
182080
182081
182082
182083
182084
182085
182086
182087
182112
182113
182114
182115
182116
182117
182118
182119
182144
182145
182146
182147
182148
182149
182150
182151
182176
182177
182178
182179
182180
182181
182182
182183
182208
182209
182210
182211
182212
182213
182214
182215
182240
182241
182242
182243
182244
182245
182246
182247
182272
182273
182274
182275
182276
182277
182278
182279
182304
182305
182306
182307
182308
182309
182310
182311
182336
182337
182338
182339
182340
182341
182342
182343
182368
182369
182370
182371
182372
182373
182374
182375
182400
182401
182402
182403
182404
182405
182406
182407
182432
182433
182434
182435
182436
182437
182438
182439
182464
182465
182466
182467
182468
182469
182470
182471
182496
182497
182498
182499
182500
182501
182502
182503
182528
182529
182530
182531
182532
182533
182534
182535
182560
182561
182562
182563
182564
182565
182566
182567
182592
182593
182594
182595
182596
182597
182598
182599
182624
182625
182626
182627
182628
182629
182630
182631
182656
182657
182658
182659
182660
182661
182662
182663
182688
182689
182690
182691
182692
182693
182694
182695
182720
182721
182722
182723
182724
182725
182726
182727
182752
182753
182754
182755
182756
182757
182758
182759
182784
182785
182786
182787
182788
182789
182790
182791
182816
182817
182818
182819
182820
182821
182822
182823
182848
182849
182850
182851
182852
182853
182854
182855
182880
182881
182882
182883
182884
182885
182886
182887
182912
182913
182914
182915
182916
182917
182918
182919
182944
182945
182946
182947
182948
182949
182950
182951
182976
182977
182978
182979
182980
182981
182982
182983
183008
183009
183010
183011
183012
183013
183014
183015
183040
183041
183042
183043
183044
183045
183046
183047
183072
183073
183074
183075
183076
183077
183078
183079
183104
183105
183106
183107
183108
183109
183110
183111
183136
183137
183138
183139
183140
183141
183142
183143
183168
183169
183170
183171
183172
183173
183174
183175
183200
183201
183202
183203
183204
183205
183206
183207
183232
183233
183234
183235
183236
183237
183238
183239
183264
183265
183266
183267
183268
183269
183270
183271
183296
183297
183298
183299
183300
183301
183302
183303
183328
183329
183330
183331
183332
183333
183334
183335
183360
183361
183362
183363
183364
183365
183366
183367
183392
183393
183394
183395
183396
183397
183398
183399
183424
183425
183426
183427
183428
183429
183430
183431
183456
183457
183458
183459
183460
183461
183462
183463
183488
183489
183490
183491
183492
183493
183494
183495
183520
183521
183522
183523
183524
183525
183526
183527
183552
183553
183554
183555
183556
183557
183558
183559
183584
183585
183586
183587
183588
183589
183590
183591
183616
183617
183618
183619
183620
183621
183622
183623
183648
183649
183650
183651
183652
183653
183654
183655
183680
183681
183682
183683
183684
183685
183686
183687
183712
183713
183714
183715
183716
183717
183718
183719
183744
183745
183746
183747
183748
183749
183750
183751
183776
183777
183778
183779
183780
183781
183782
183783
183808
183809
183810
183811
183812
183813
183814
183815
183840
183841
183842
183843
183844
183845
183846
183847
183872
183873
183874
183875
183876
183877
183878
183879
183904
183905
183906
183907
183908
183909
183910
183911
183936
183937
183938
183939
183940
183941
183942
183943
183968
183969
183970
183971
183972
183973
183974
183975
184000
