117757.86
134128.27
97734.81
50762.79
24772.49
180185.26
87215.57
264197.52
210815.84
5457.95
134508.40
193520.70
85087.67
283236.29
85220.81
227087.65
81313.79
149770.40
76678.80
281088.20
231135.58
15801.02
71988.69
153994.97
166684.80
111709.95
114451.91
98432.54
92681.04
7094.77
179699.91
232675.32
29192.00
226215.32
53689.53
99480.04
206543.52
219825.74
31230.01
187062.68
120795.19
196903.84
263339.63
118080.28
23826.58
89168.43
43426.20
74689.57
146049.05
57020.72
18405.63
89267.56
8743.70
258683.46
1138.58
210929.09
190187.84
243477.27
67616.59
205443.37
20786.18
45701.96
13187.47
141205.96
140496.80
112537.35
168373.81
228500.74
116993.00
43882.19
254327.84
282199.74
80941.67
75889.05
63096.67
158908.17
241972.90
161812.05
8909.47
116714.35
70998.75
193888.12
147900.60
93157.88
6378.58
64787.35
36681.39
70369.27
71391.37
36270.29
51829.18
40991.91
347825.08
225087.14
108688.19
172904.22
178776.84
151490.91
210000.86
189541.18
260966.40
169540.49
183418.91
176168.91
310435.69
104333.58
68953.96
62126.63
141132.30
169593.25
190915.72
19163.66
110777.68
83372.65
160490.66
238268.18
315913.09
174295.39
198267.44
336722.36
16940.66
244324.60
257628.00
17166.87
172594.18
183267.73
267570.44
253137.77
256411.52
20765.42
214658.45
47641.45
65081.40
110518.40
140922.17
183699.38
164140.92
146172.66
35505.02
252464.27
112381.56
234930.74
166028.85
80732.75
65163.16
227996.24
222023.67
110923.94
156038.32
137688.07
73726.16
144859.30
102471.18
179550.49
272143.60
247038.65
181454.71
124428.33
11313.65
73276.60
119893.96
259247.95
40922.93
177083.14
274964.82
265243.78
125417.63
179239.15
29889.68
310357.10
146102.70
214999.08
210117.84
169027.39
123155.31
121758.37
158802.77
236332.16
148140.03
29648.68
277842.19
102232.89
169637.18
13885.40
22221.66
153802.44
330844.32
280479.87
98648.66
36457.89
41799.12
145871.22
191674.78
236961.10
178269.43
131851.22
223016.43
28249.92
142230.54
193799.60
209599.91
227459.28
91386.09
194757.03
127648.52
79757.98
213031.18
248709.29
200997.11
179986.51
138506.70
112456.36
190862.84
142920.24
133414.71
148203.66
108489.57
293060.47
22867.02
143487.43
239709.91
125778.65
6641.14
14614.31
30578.44
84634.82
209805.31
285187.43
260221.74
4294.01
116803.62
21659.29
44305.46
24577.04
82092.60
116109.76
66826.72
201902.26
78249.09
213564.57
142414.60
152399.81
212726.03
78844.02
250358.97
309477.79
18919.65
246069.43
171500.37
138965.79
52373.77
91471.18
99183.09
189134.70
142161.11
50829.84
40219.27
47823.62
65863.00
145473.94
184534.78
107803.05
90485.43
43117.75
281588.53
59502.13
253161.14
55735.28
59389.39
23623.47
34183.17
273839.52
44375.43
9815.49
31296.58
125134.75
35885.84
41084.98
294425.50
186747.89
207252.61
149806.28
214273.24
120494.12
309706.29
70122.38
103807.55
100049.46
50863.28
156085.96
330215.14
90632.34
165794.32
76230.06
209241.35
75081.46
147387.85
81561.28
120684.38
79072.93
47565.71
136216.77
109245.76
12401.99
92098.51
233588.94
230169.10
165154.70
171190.72
21749.09
135321.82
129713.70
163419.33
63945.28
170925.12
158072.69
121624.46
181622.98
283277.97
36588.92
48474.94
62168.33
179811.12
113471.93
100495.28
43620.94
115999.08
91484.06
77301.94
186402.60
78861.52
84776.95
172227.99
192349.89
184932.07
37429.32
160765.65
227244.10
101320.30
236743.36
287095.72
90661.43
164408.45
146970.89
213152.67
56111.76
100618.39
81938.57
80154.37
199947.12
225205.23
126467.33
122688.69
36705.75
5781.54
338991.27
169562.90
70709.49
79767.86
36467.61
84951.98
51978.46
292666.14
213520.96
93674.22
36613.75
123850.90
47533.63
67659.24
223919.85
90521.33
259551.44
99633.36
92207.97
146387.54
171232.02
86749.93
178566.56
137476.83
49083.00
150475.25
122131.32
14707.60
69788.40
16265.05
274896.41
64340.20
268162.89
350194.09
308050.94
6708.04
122715.46
157082.33
48641.39
185372.83
42550.64
275133.17
125712.80
58869.55
111856.38
258801.82
189759.18
163918.62
193239.34
147290.93
144922.66
38676.92
304592.45
61155.81
15800.69
219966.92
130326.60
229611.84
202061.36
5602.56
113551.08
28639.16
48203.09
225220.08
219781.41
78967.52
150973.17
182419.98
52179.67
102587.10
92747.72
233786.28
10836.94
318568.30
322167.75
187968.39
170052.27
124250.64
38483.85
299461.53
133313.49
265059.83
271169.54
59208.03
270961.94
235083.30
195854.59
349110.37
132942.18
146698.97
236360.06
126259.89
270050.14
264353.75
64707.95
114063.73
119584.40
70585.75
388746.13
177483.23
145995.91
153601.40
40722.09
49139.61
339980.76
187768.69
74866.74
91871.75
6292.70
94498.07
73150.25
218372.64
135126.09
192265.01
123257.97
228010.58
57078.36
61370.74
173281.47
126166.18
6291.85
74216.66
46487.86
229102.92
180926.51
235301.27
108514.81
42164.47
198009.50
96424.09
36527.53
186818.33
184600.81
194045.89
257368.44
121524.56
209883.36
185716.37
113279.49
201941.09
181317.13
73315.42
214756.74
381812.05
82332.51
22155.77
157592.84
180225.46
196257.83
215865.10
179369.34
6354.90
191514.38
60061.78
28465.20
108990.83
111222.41
309136.16
77423.53
108107.19
203730.15
183231.75
257028.48
32011.02
29277.62
196640.20
40196.39
85032.60
113754.95
85279.07
137820.30
287827.11
91424.29
32500.14
46448.63
290926.17
157097.82
166360.77
225254.56
154849.96
90528.58
168727.63
270442.38
220366.21
26281.29
138849.58
80767.87
63746.82
53540.96
179311.66
23226.02
188721.59
170228.80
52099.42
144627.85
256639.33
199434.50
65422.01
106060.86
93601.45
219802.83
122933.45
312220.85
73916.18
98924.67
144940.02
122353.31
170562.49
265413.08
133170.49
63794.51
211533.94
183436.51
84948.82
204874.65
163246.06
196753.95
83568.49
108438.84
122722.98
64852.39
170945.33
1008.09
170848.49
218703.25
153175.69
160301.75
115142.76
203865.15
137006.60
55044.52
34245.92
178983.57
275770.59
134771.20
245378.56
297068.24
19511.97
59965.18
48156.60
8923.98
211862.29
169617.18
115480.75
280956.54
151370.41
71676.73
22047.29
233162.44
98881.93
78064.87
65340.08
180435.53
250934.48
116651.87
256059.46
70981.84
73125.06
39897.57
171712.13
23430.86
17804.84
17092.28
250899.35
152525.81
218227.87
106952.29
28316.84
195668.55
228331.71
118073.27
154172.17
333288.08
295604.84
293203.72
85296.00
309767.74
100609.95
56059.16
182449.00
115889.48
212197.55
66941.66
106182.03
83411.28
264847.36
72800.14
79352.16
160461.51
206932.59
193593.60
37871.04
187112.91
183110.76
85553.14
84805.46
307545.96
63023.07
64740.24
137541.16
210057.09
56245.90
147993.90
180758.54
226970.68
200188.27
243929.06
158266.18
17429.00
99883.39
165485.50
47738.94
92490.66
33368.49
87785.49
134145.03
7078.99
100232.70
81827.30
50366.94
230223.84
329483.00
135338.88
71518.58
100450.35
64504.18
53127.38
290738.10
105724.92
268206.51
125934.61
51231.40
50652.94
14452.65
233765.86
139262.23
178492.25
77123.57
240676.85
110844.84
25635.35
130688.99
127216.64
129383.93
316049.74
223645.77
234361.33
121167.30
145781.26
114878.38
28823.13
198172.95
7112.27
232467.70
156038.24
28248.90
212305.99
149638.92
230960.88
19575.63
240783.53
169246.64
130368.72
134864.08
286363.32
243066.09
241749.36
173179.40
194654.06
147059.23
139477.44
55261.32
148467.25
66552.01
248635.27
239466.32
58693.52
162846.91
161163.37
232710.33
81939.94
312058.12
60631.66
165984.15
175809.27
188900.57
104828.09
30828.76
250562.59
139309.23
231559.15
324913.35
279619.08
291089.61
3315.53
936.64
152497.64
86371.03
225658.89
65138.72
48866.84
220311.06
134365.50
78558.72
31643.33
82292.00
253886.38
175007.08
303892.96
142104.05
223627.96
125730.03
202604.06
31303.40
45795.52
1072.83
62920.65
156295.63
65767.94
37798.63
124773.23
208439.47
156879.45
52351.08
123860.55
148590.09
235464.74
110647.61
185851.77
277719.42
121667.62
220306.35
197211.79
231743.87
138492.46
268085.34
213658.10
189151.16
138411.45
159622.92
122754.21
56270.14
73608.37
180379.10
152405.04
59926.33
256583.16
150714.44
106177.11
111632.35
172412.37
196704.44
63925.12
223726.82
133459.02
172485.37
207066.79
134839.29
216563.55
267793.95
159966.15
77556.72
270948.28
194670.67
63884.28
124369.39
199454.49
239304.64
100176.18
207804.07
128332.47
239643.66
271440.62
207022.25
148306.84
145393.80
139809.92
244132.18
42546.04
256776.23
224846.39
120237.71
123039.47
264306.17
142945.14
60082.91
215309.60
69122.08
153075.98
92014.01
284588.57
232244.74
162245.12
21938.82
42785.41
192996.80
284985.29
172653.75
114926.33
99297.28
252275.25
121109.95
153604.39
104378.24
280833.85
115482.64
154254.17
7024.70
225817.35
294964.47
96988.62
67396.22
41076.79
392387.41
145978.24
105632.88
14319.18
116572.31
44361.25
29510.31
246179.20
139557.54
137011.61
251411.75
168247.91
23418.17
25099.21
13149.75
208213.84
109065.01
136676.26
105099.52
252557.23
79087.51
3893.85
50293.21
182618.78
66327.37
86056.50
246998.18
156051.01
64669.27
253013.33
84762.52
46486.73
9223.57
240387.53
176860.13
99403.87
162859.49
158586.53
250358.25
83202.35
171378.26
32282.14
76367.78
52564.30
65501.91
47870.80
127171.61
226831.10
34398.04
263074.75
167044.18
110807.18
51225.51
122611.70
30366.43
127203.21
274907.52
121279.82
263242.13
189873.75
90973.57
47871.04
158035.61
58579.48
65303.07
326488.93
51786.43
161542.18
166368.85
112464.14
66324.33
32467.37
104331.82
166810.45
216411.16
48110.74
83377.91
198613.53
179378.40
12648.52
266303.64
171822.02
295996.06
169672.66
142140.59
129437.45
226593.56
175959.61
120060.49
192908.38
117014.17
68153.40
112594.07
171671.52
197381.55
32582.16
164147.64
110202.45
233316.29
146781.83
134291.70
7081.26
8766.50
189247.38
53871.26
66974.73
84851.17
18311.29
170820.57
84929.57
184124.94
22667.83
129333.62
44350.79
11263.76
21202.95
72329.89
84883.65
180300.54
127091.21
167163.86
300282.69
122648.18
194425.40
119564.67
269629.08
42966.38
89963.34
8774.00
97830.12
189421.62
144227.68
