80001
80002
80003
80004
80005
80006
80007
80032
80033
80034
80035
80036
80037
80038
80039
80064
80065
80066
80067
80068
80069
80070
80071
80096
80097
80098
80099
80100
80101
80102
80103
80128
80129
80130
80131
80132
80133
80134
80135
80160
80161
80162
80163
80164
80165
80166
80167
80192
80193
80194
80195
80196
80197
80198
80199
80224
80225
80226
80227
80228
80229
80230
80231
80256
80257
80258
80259
80260
80261
80262
80263
80288
80289
80290
80291
80292
80293
80294
80295
80320
80321
80322
80323
80324
80325
80326
80327
80352
80353
80354
80355
80356
80357
80358
80359
80384
80385
80386
80387
80388
80389
80390
80391
80416
80417
80418
80419
80420
80421
80422
80423
80448
80449
80450
80451
80452
80453
80454
80455
80480
80481
80482
80483
80484
80485
80486
80487
80512
80513
80514
80515
80516
80517
80518
80519
80544
80545
80546
80547
80548
80549
80550
80551
80576
80577
80578
80579
80580
80581
80582
80583
80608
80609
80610
80611
80612
80613
80614
80615
80640
80641
80642
80643
80644
80645
80646
80647
80672
80673
80674
80675
80676
80677
80678
80679
80704
80705
80706
80707
80708
80709
80710
80711
80736
80737
80738
80739
80740
80741
80742
80743
80768
80769
80770
80771
80772
80773
80774
80775
80800
80801
80802
80803
80804
80805
80806
80807
80832
80833
80834
80835
80836
80837
80838
80839
80864
80865
80866
80867
80868
80869
80870
80871
80896
80897
80898
80899
80900
80901
80902
80903
80928
80929
80930
80931
80932
80933
80934
80935
80960
80961
80962
80963
80964
80965
80966
80967
80992
80993
80994
80995
80996
80997
80998
80999
81024
81025
81026
81027
81028
81029
81030
81031
81056
81057
81058
81059
81060
81061
81062
81063
81088
81089
81090
81091
81092
81093
81094
81095
81120
81121
81122
81123
81124
81125
81126
81127
81152
81153
81154
81155
81156
81157
81158
81159
81184
81185
81186
81187
81188
81189
81190
81191
81216
81217
81218
81219
81220
81221
81222
81223
81248
81249
81250
81251
81252
81253
81254
81255
81280
81281
81282
81283
81284
81285
81286
81287
81312
81313
81314
81315
81316
81317
81318
81319
81344
81345
81346
81347
81348
81349
81350
81351
81376
81377
81378
81379
81380
81381
81382
81383
81408
81409
81410
81411
81412
81413
81414
81415
81440
81441
81442
81443
81444
81445
81446
81447
81472
81473
81474
81475
81476
81477
81478
81479
81504
81505
81506
81507
81508
81509
81510
81511
81536
81537
81538
81539
81540
81541
81542
81543
81568
81569
81570
81571
81572
81573
81574
81575
81600
81601
81602
81603
81604
81605
81606
81607
81632
81633
81634
81635
81636
81637
81638
81639
81664
81665
81666
81667
81668
81669
81670
81671
81696
81697
81698
81699
81700
81701
81702
81703
81728
81729
81730
81731
81732
81733
81734
81735
81760
81761
81762
81763
81764
81765
81766
81767
81792
81793
81794
81795
81796
81797
81798
81799
81824
81825
81826
81827
81828
81829
81830
81831
81856
81857
81858
81859
81860
81861
81862
81863
81888
81889
81890
81891
81892
81893
81894
81895
81920
81921
81922
81923
81924
81925
81926
81927
81952
81953
81954
81955
81956
81957
81958
81959
81984
81985
81986
81987
81988
81989
81990
81991
82016
82017
82018
82019
82020
82021
82022
82023
82048
82049
82050
82051
82052
82053
82054
82055
82080
82081
82082
82083
82084
82085
82086
82087
82112
82113
82114
82115
82116
82117
82118
82119
82144
82145
82146
82147
82148
82149
82150
82151
82176
82177
82178
82179
82180
82181
82182
82183
82208
82209
82210
82211
82212
82213
82214
82215
82240
82241
82242
82243
82244
82245
82246
82247
82272
82273
82274
82275
82276
82277
82278
82279
82304
82305
82306
82307
82308
82309
82310
82311
82336
82337
82338
82339
82340
82341
82342
82343
82368
82369
82370
82371
82372
82373
82374
82375
82400
82401
82402
82403
82404
82405
82406
82407
82432
82433
82434
82435
82436
82437
82438
82439
82464
82465
82466
82467
82468
82469
82470
82471
82496
82497
82498
82499
82500
82501
82502
82503
82528
82529
82530
82531
82532
82533
82534
82535
82560
82561
82562
82563
82564
82565
82566
82567
82592
82593
82594
82595
82596
82597
82598
82599
82624
82625
82626
82627
82628
82629
82630
82631
82656
82657
82658
82659
82660
82661
82662
82663
82688
82689
82690
82691
82692
82693
82694
82695
82720
82721
82722
82723
82724
82725
82726
82727
82752
82753
82754
82755
82756
82757
82758
82759
82784
82785
82786
82787
82788
82789
82790
82791
82816
82817
82818
82819
82820
82821
82822
82823
82848
82849
82850
82851
82852
82853
82854
82855
82880
82881
82882
82883
82884
82885
82886
82887
82912
82913
82914
82915
82916
82917
82918
82919
82944
82945
82946
82947
82948
82949
82950
82951
82976
82977
82978
82979
82980
82981
82982
82983
83008
83009
83010
83011
83012
83013
83014
83015
83040
83041
83042
83043
83044
83045
83046
83047
83072
83073
83074
83075
83076
83077
83078
83079
83104
83105
83106
83107
83108
83109
83110
83111
83136
83137
83138
83139
83140
83141
83142
83143
83168
83169
83170
83171
83172
83173
83174
83175
83200
83201
83202
83203
83204
83205
83206
83207
83232
83233
83234
83235
83236
83237
83238
83239
83264
83265
83266
83267
83268
83269
83270
83271
83296
83297
83298
83299
83300
83301
83302
83303
83328
83329
83330
83331
83332
83333
83334
83335
83360
83361
83362
83363
83364
83365
83366
83367
83392
83393
83394
83395
83396
83397
83398
83399
83424
83425
83426
83427
83428
83429
83430
83431
83456
83457
83458
83459
83460
83461
83462
83463
83488
83489
83490
83491
83492
83493
83494
83495
83520
83521
83522
83523
83524
83525
83526
83527
83552
83553
83554
83555
83556
83557
83558
83559
83584
83585
83586
83587
83588
83589
83590
83591
83616
83617
83618
83619
83620
83621
83622
83623
83648
83649
83650
83651
83652
83653
83654
83655
83680
83681
83682
83683
83684
83685
83686
83687
83712
83713
83714
83715
83716
83717
83718
83719
83744
83745
83746
83747
83748
83749
83750
83751
83776
83777
83778
83779
83780
83781
83782
83783
83808
83809
83810
83811
83812
83813
83814
83815
83840
83841
83842
83843
83844
83845
83846
83847
83872
83873
83874
83875
83876
83877
83878
83879
83904
83905
83906
83907
83908
83909
83910
83911
83936
83937
83938
83939
83940
83941
83942
83943
83968
83969
83970
83971
83972
83973
83974
83975
84000
