1867
2042
3574
2347
3125
2713
2800
2626
212
5704
820
3440
5758
6758
2029
6856
4195
3856
6589
4462
5255
337
3292
5329
152
6953
3697
6065
6101
322
3182
6238
4951
3343
3260
6062
3940
3013
4462
5695
3160
2582
4342
7411
6496
1489
10
1750
6052
3644
7414
7177
6802
854
6352
286
7150
79
3539
4099
4928
5762
6985
6073
3886
3982
6986
6136
4400
4103
1121
40
7189
5965
6880
4195
7015
3505
6139
3899
2356
4054
6734
2032
6979
245
6665
2749
1192
3484
3961
4201
7490
5867
2753
1045
2593
437
2240
3755
2653
5224
2708
502
19
4387
5143
4832
6094
6107
3052
3467
3610
5689
2521
839
3646
2845
4124
869
6961
7411
7192
134
388
5251
6184
5698
5851
5789
3932
5035
7445
3760
5026
1514
3847
7244
4546
6095
1037
1189
1469
1966
2935
4573
6521
2455
3070
6010
6805
463
4910
325
2176
7012
3721
5833
6652
2866
7346
4657
3889
2389
1657
4423
6754
5902
5452
371
6392
4198
5908
4807
4271
4201
5509
5206
6793
4736
1930
2003
6748
3074
3971
1087
7271
4679
1382
7084
5302
7454
193
2101
7322
259
3503
1813
3040
917
535
3092
6820
4969
421
3481
2798
4465
3337
3542
758
868
6574
1858
2318
2429
2395
1937
7496
853
6064
4343
6451
5714
4958
43
5215
2878
1954
1937
4813
3151
2530
7465
505
5569
4597
3247
4136
4723
2071
5699
7258
5650
7003
3677
2230
3994
4015
1315
4690
497
4418
5123
6634
5984
3691
4646
2734
1834
4243
5764
1069
3592
6220
6496
3988
3049
6979
7231
6344
1099
2287
5114
2041
6070
680
5851
6290
5179
1177
3076
7453
5632
1363
6959
5653
3455
5996
2209
5386
6634
1787
3328
5338
3131
4961
2824
5743
355
6232
6304
6160
6616
4552
3844
7024
6076
1027
478
5486
5878
698
2753
6476
3827
4147
565
3335
6988
3304
6722
4147
1174
5887
553
2492
2164
3160
3835
7366
6826
7199
1882
2635
6502
1672
5965
4730
4139
6592
6670
5089
5515
2560
3316
3539
2878
3524
7205
1558
10
421
7030
3118
4718
4295
6913
4495
6400
5951
3128
1546
637
6517
4168
1216
4970
7342
2371
6097
1918
5303
1618
415
4256
131
5929
1322
388
7232
2957
1208
2468
3958
2516
2416
7216
3916
7435
4121
6074
7336
1120
6841
5048
1279
11
4217
2647
1237
1147
1795
3338
1237
3925
2476
742
4133
529
67
4708
1853
5033
6232
6599
2329
5569
1031
6493
379
6518
2422
6740
2443
874
4183
5588
1126
4928
6008
7240
611
5251
184
596
6422
5771
2851
470
2135
3043
5804
2681
4174
3499
1064
3344
3601
5123
7154
5842
1361
6502
2578
6919
7330
1783
4499
4423
3530
3871
5936
3844
1466
6353
401
490
1024
2546
4822
6499
6031
2062
2351
6550
5245
1252
1693
7048
7288
3592
4822
1870
5315
6452
4613
4465
4064
1097
2552
10
4439
5134
3910
1573
4177
4846
2060
2389
2143
1271
4681
3415
6751
3301
6745
202
6256
1348
1390
310
2011
2486
1171
2818
5677
697
5992
4492
6793
1331
1312
6547
5654
5333
1408
4771
572
6385
3349
3139
3487
5776
1951
3841
2083
6088
4502
5140
1916
5915
7129
5015
1390
832
7384
1669
6862
4009
2380
1486
5303
3832
4991
4687
3931
355
784
6757
1049
37
2041
3644
3827
6142
1844
5149
1879
3367
3224
4987
6736
6700
5153
2626
7057
47
5119
3893
2752
6709
6424
3865
1291
5399
4972
3428
707
6265
2275
3842
5698
1288
2155
2083
956
5500
391
3868
4624
2767
6071
6911
3170
4157
4438
1465
3214
4354
1261
6778
1090
6634
3481
307
5920
2497
4906
925
4369
4036
4675
2746
4732
3065
6184
7388
347
1229
5635
4771
670
3136
4165
5086
1378
275
1393
4123
1480
6053
7082
1010
5396
1112
4195
2690
3548
4810
1054
7126
3556
1966
2578
1516
83
3308
3904
3260
4807
1273
1021
3278
5099
2147
541
3049
4297
1174
266
5830
3257
4376
6142
4333
7331
607
6010
5159
1846
3470
3236
6721
2005
4388
5311
6544
6356
2446
4888
3820
3278
2431
2234
2449
4357
3403
5203
4882
1573
4133
4391
5375
6418
277
4573
3253
2083
6944
4597
1304
2836
964
1816
3319
5524
2101
5458
4681
4588
46
5482
3634
3799
6142
2074
5093
3649
7207
7090
6136
344
505
2947
1180
1054
1000
7325
3649
5368
2161
4771
251
574
5806
5137
1219
4690
6239
5734
1258
1291
577
3292
1598
4576
3064
1120
4919
7399
7006
3463
3236
3857
3280
6371
3614
1174
3253
2854
1318
994
6217
1148
7478
2095
3241
2911
5341
5557
2170
4150
3404
7003
241
2263
5912
1172
2864
1745
5039
7223
3173
2782
1988
4534
7189
2911
7118
5585
3571
368
6244
646
1153
5731
6406
985
7084
5905
7211
1337
1372
3673
3187
7199
238
3556
2854
3710
4393
4771
4592
4360
2551
5072
727
172
6328
4399
5669
493
4588
6977
6205
6784
373
1163
5437
4969
904
7093
6892
5401
940
6202
7003
2422
5935
6059
5056
2650
3388
6694
3859
5188
5767
3704
3538
7291
4996
4955
4306
712
5450
7030
3053
970
1273
3077
1115
6487
6808
2771
55
6325
7186
6031
727
7393
7402
3124
3739
1195
6028
691
5917
6091
5857
3391
2563
6970
4697
4315
4540
2935
3730
4015
6737
6934
949
3428
4930
2185
2434
2426
1261
2750
3781
1405
7000
1655
6226
2873
6266
4
5443
4361
943
5387
1466
7441
5113
7045
511
386
4282
2170
3844
6164
370
4912
7351
253
1930
2323
5665
599
4678
3547
1958
7012
2873
3646
2140
1948
6737
6968
4495
1282
1126
4270
1375
6892
6181
815
187
289
4012
4589
118
5167
1972
757
3469
3202
2440
4351
6743
302
4849
4408
295
3553
3760
1943
1204
4799
925
5977
1213
1990
4246
1915
349
1405
7406
2980
7402
3550
1855
5722
991
6766
7189
2342
101
5023
2440
