182897.00
48450.57
220604.58
41057.53
133492.60
66229.89
249901.37
154250.69
127373.47
56560.09
194584.41
72426.13
154069.17
73278.18
297675.20
24465.39
105716.31
122331.96
153621.63
325492.07
253162.96
139689.85
260348.89
76049.86
112531.36
55209.31
130069.87
204463.54
140426.24
135777.17
142448.25
45000.52
278829.21
154965.76
115273.20
182560.14
116292.78
181065.78
261115.30
115479.13
19874.66
2720.87
167861.87
290101.75
211342.47
138162.16
62152.54
153381.11
75327.61
139201.33
160207.79
52287.25
170859.49
184320.71
120581.56
216083.99
218175.91
257964.06
61049.14
3214.01
204439.19
148049.88
214140.60
158162.82
8270.57
248794.55
97909.49
249406.61
275442.05
153631.07
85353.11
257598.88
232974.69
74852.12
79787.04
54661.07
54622.57
58987.41
127752.85
51411.24
58062.95
177533.43
93028.80
46009.93
129436.34
352850.54
25475.87
18130.72
275315.73
230167.09
114886.75
235919.54
119341.37
278148.71
181740.39
165714.02
79077.83
126742.06
200173.23
163681.39
2501.51
178141.40
12813.90
108189.40
143274.84
64395.40
150066.59
275071.87
1636.49
145337.66
39253.66
165565.93
65019.77
198054.93
162392.61
3238.77
346124.92
40692.34
199964.35
32541.94
152284.65
223456.45
69059.02
313983.77
157331.65
274405.01
72323.48
173907.25
62751.97
180360.15
196040.83
13277.67
105005.56
270835.30
120051.59
83919.11
30968.14
17029.77
151191.03
143877.00
173208.27
43271.63
62949.07
31028.95
42524.76
101134.07
183244.88
110748.71
153725.52
159499.70
179879.31
98991.47
25764.70
236022.96
137608.53
205914.04
51151.12
299184.54
37083.48
214093.77
167493.07
38193.95
240174.11
264532.02
349703.48
220994.80
98180.84
110263.96
31094.30
30158.34
192437.91
223179.22
201885.48
203364.28
12265.18
71596.98
117684.64
38058.98
80608.07
116832.62
95712.44
291383.52
108029.88
212091.33
11999.87
162558.34
188173.44
112020.65
60429.44
239300.43
32055.53
306431.39
67503.30
73197.81
118855.22
190105.82
233857.27
190209.59
84231.97
126946.95
177147.77
210900.62
49587.38
148667.56
149856.51
45938.78
294727.61
78630.51
67191.30
52497.28
70925.19
71163.94
98849.63
120544.22
95750.40
122073.23
95694.53
7786.78
13280.23
144468.33
69434.01
56167.68
252379.00
264829.47
65536.83
147909.71
193915.52
197529.32
97102.52
46660.05
150347.19
342823.52
153746.72
267606.79
152232.87
46505.53
117213.26
30448.35
144273.74
101116.18
249258.86
169005.46
92367.61
228304.27
66434.79
171675.43
266604.92
211666.69
277130.76
58465.55
162921.46
67584.26
32673.39
77026.31
181892.34
221503.77
103877.02
68434.89
177363.29
224804.70
78393.49
19025.99
155225.26
35958.40
138582.79
130120.63
276962.94
153063.91
229037.61
65660.50
68887.46
61891.02
140410.19
47587.41
67308.89
83055.49
102607.14
14468.06
253006.45
183069.44
347101.00
197004.37
125722.87
209392.66
119218.51
97968.38
151400.47
84585.67
277752.69
249235.97
176528.03
323623.46
141147.71
48218.85
79415.16
49030.46
68977.45
94396.03
144234.96
91147.81
102438.93
34516.87
39733.08
102614.67
79438.36
152123.71
14124.27
180701.65
157771.11
72040.88
50164.33
271442.47
86648.84
13623.83
175630.34
152726.34
132141.06
155062.32
90043.56
132710.49
262013.77
99977.68
283405.19
168371.79
150455.08
266867.29
170558.47
85443.37
72026.38
74079.74
178624.20
210252.80
199095.16
111164.77
40019.69
50180.55
184790.02
245503.73
200955.67
135048.80
80643.52
66909.82
30974.27
29958.00
129675.09
169829.96
143317.17
104064.58
66505.57
234492.74
38451.46
261525.03
110319.38
146587.04
228120.51
128093.70
91414.65
68856.61
31006.13
78329.38
254445.14
8867.69
75838.63
333654.72
217679.87
42618.41
161190.98
90973.50
122042.22
63815.33
246974.01
28859.14
333120.20
35274.97
40449.14
108179.93
60068.23
282469.74
143365.21
232707.40
260147.36
201989.10
83354.10
7560.32
186722.22
224034.12
56063.72
195908.18
53804.90
197252.75
190155.33
109412.27
133879.42
35656.47
204441.00
59086.42
121997.57
248693.41
303909.90
165760.71
108134.47
4096.38
35943.68
121370.54
175070.09
188005.72
258393.26
251887.85
81228.61
220079.92
115542.90
236546.25
243386.10
239453.63
125924.73
253327.00
6730.65
161258.18
196340.00
194582.72
45359.82
113959.41
147911.49
155094.11
170377.12
209924.78
120390.48
152058.50
106381.99
269906.46
152781.59
166649.40
20159.84
167051.83
256604.95
236522.51
251703.27
69691.03
165680.71
137494.34
317388.66
290937.55
185024.99
66797.29
32275.46
56636.86
180670.39
156362.43
106716.17
256914.16
202591.22
47332.44
73221.00
61995.33
63220.93
132848.81
212388.04
180743.18
319561.58
226986.80
167340.33
121200.48
91548.68
276104.26
159105.96
53240.46
138692.91
13960.37
134944.93
121327.81
134041.00
360229.31
144947.93
262702.02
118101.43
188425.09
162187.63
54942.68
38436.25
169641.35
89597.67
17674.87
264920.68
309299.38
200310.09
152889.81
33699.84
16492.68
87340.68
231976.33
170126.87
137432.94
141374.06
258590.28
87011.79
120383.66
218718.81
42329.88
11551.84
193483.98
60166.65
46488.26
230156.71
25478.17
78834.43
32361.64
58159.83
208462.99
30087.92
305804.05
222969.71
46243.84
199622.41
301538.47
112544.16
210469.35
147492.58
204490.92
81982.06
72312.44
189906.83
71686.60
37754.30
265653.64
43913.28
256365.45
68023.59
26088.23
77283.90
117581.03
176833.57
99046.88
193970.88
58198.37
34320.84
173702.42
32458.23
253399.26
121963.57
32865.71
167472.56
246813.55
177282.39
130132.28
274994.20
121898.92
108919.18
310688.39
150278.22
180855.76
74937.44
355436.35
136181.50
58089.31
214117.64
25632.48
234136.77
230864.22
168256.03
225848.80
243304.49
14905.63
12784.61
29937.32
238479.77
108566.86
18945.13
215106.18
164477.37
83328.62
60105.52
199465.51
134445.94
133399.25
203232.15
170977.17
182071.60
336732.37
65001.56
102883.56
243231.10
115671.01
195539.08
30970.32
55242.14
43046.43
94560.88
46498.29
80145.70
142952.66
120272.67
150047.09
89761.28
80430.76
270908.08
132905.70
61905.51
182354.54
135184.74
126643.85
90183.19
89628.16
148197.76
169369.18
186203.97
246726.12
151583.11
88056.50
188518.67
153064.09
179142.02
112901.60
221556.11
242267.68
59468.58
32591.01
236295.41
249125.69
10861.48
225488.75
239341.23
152700.33
38951.88
152076.99
247660.49
44422.17
216497.77
213503.53
115984.21
31988.86
234784.72
123013.38
5725.92
84214.58
189063.92
196677.36
213406.50
285942.05
111536.22
199306.74
186632.79
196641.10
254252.86
5748.91
264869.45
90929.05
387966.81
11223.11
148266.10
105414.71
211222.82
126498.19
24422.32
101421.28
85941.51
30963.40
80003.44
108733.19
37334.83
214775.63
122050.90
169363.40
74290.30
145092.51
239894.00
232382.69
101170.13
22997.58
157160.74
105130.51
54308.43
295022.05
54453.40
334076.65
34607.72
38625.04
76602.91
168122.55
199098.38
247193.70
56743.90
64555.97
149412.42
159087.36
105292.19
49450.59
4275.03
263505.70
228989.93
40463.49
146634.16
228680.75
130334.18
37462.58
127894.00
169613.95
191050.96
250275.56
6092.71
27401.95
317470.55
246801.46
250190.31
71825.14
110022.24
204951.45
90915.68
180578.98
38556.11
55241.24
251703.60
143224.56
269355.80
175574.57
9600.72
126263.45
155706.14
190401.48
78548.78
256819.25
75371.86
242928.29
222524.28
94616.59
198827.35
114391.52
39413.63
39436.05
151938.55
66741.87
123019.07
21147.94
124089.29
39487.30
141463.81
234358.62
341385.06
146475.21
61778.06
163876.17
145896.23
226754.02
176799.08
193980.83
36131.37
180087.59
152306.02
251845.98
65496.86
85682.91
59854.86
235176.73
128279.02
213303.78
50702.20
112519.66
257225.36
267998.69
146548.66
172971.66
26415.37
136073.60
126257.10
91266.71
114126.21
176677.43
55871.68
108638.42
177949.00
155097.35
55940.70
109958.58
153728.93
73743.70
222752.76
153561.34
158045.60
197362.57
123994.84
79199.84
300888.16
189076.72
231780.87
219951.13
10639.33
190346.25
81423.62
77307.29
170302.63
29353.11
151166.42
116398.33
182932.15
259728.25
133791.40
161287.24
92829.35
136525.20
296965.46
187780.84
158126.74
71011.79
54838.58
58684.62
207650.01
82658.99
209798.45
87469.97
81198.53
197432.11
172285.58
50522.54
16569.79
59566.35
215202.27
210470.69
57169.58
108103.92
35221.71
38811.44
285697.80
268363.95
132646.05
276439.58
14701.37
79057.44
40926.32
33955.94
61619.29
68417.62
145653.50
218096.48
75774.39
87258.41
69322.39
104652.30
273690.51
33623.26
166335.20
236869.37
96405.03
265912.67
134911.72
154165.10
237160.16
23292.11
130279.36
117463.01
265993.94
200991.94
171232.05
289026.30
109975.69
1664.35
91996.90
37384.13
280706.78
130422.80
218792.07
146969.16
202194.01
218982.17
78872.55
46238.16
195121.41
206338.84
163512.59
351904.35
308935.42
118231.96
118244.04
117139.69
81757.80
134435.32
64361.63
189684.35
63374.97
226950.47
86364.35
173701.56
231825.31
221149.78
183526.53
26446.34
143824.37
91282.50
151511.05
127525.86
167731.65
133547.71
185106.89
140509.36
121285.93
163979.22
42960.41
137830.14
218757.66
130491.01
236281.33
333250.60
72103.99
344071.58
138557.49
100951.73
204347.21
165654.71
351987.81
99926.96
140277.34
154130.12
251312.09
247008.45
194312.90
254701.03
175892.42
153414.17
156976.33
291715.76
110580.78
189174.70
42798.74
106456.34
136486.08
105173.17
232655.56
120316.63
130222.23
139111.82
293347.32
122763.92
99186.24
180692.93
241070.17
66849.34
172175.74
49777.91
32216.78
87370.43
282216.45
102726.63
127019.33
258444.77
286355.93
183811.75
136238.09
335024.61
40062.94
80904.52
205000.61
216509.40
200241.84
316478.85
202462.21
157310.14
174292.47
88413.18
100199.35
178619.33
20440.71
241787.38
151570.30
155843.78
39473.96
8045.21
202839.81
169054.30
8529.20
300264.31
131102.43
117410.67
99627.74
133995.61
242513.48
77452.30
93421.42
57747.99
60245.83
259228.18
325852.49
83709.19
121749.43
76523.02
56836.36
194725.16
264111.82
80928.45
15505.00
176339.66
107600.57
56588.63
106045.33
175596.47
271254.41
214776.65
79762.14
2787.77
157829.73
57656.21
67380.79
135181.64
