88001
88002
88003
88004
88005
88006
88007
88032
88033
88034
88035
88036
88037
88038
88039
88064
88065
88066
88067
88068
88069
88070
88071
88096
88097
88098
88099
88100
88101
88102
88103
88128
88129
88130
88131
88132
88133
88134
88135
88160
88161
88162
88163
88164
88165
88166
88167
88192
88193
88194
88195
88196
88197
88198
88199
88224
88225
88226
88227
88228
88229
88230
88231
88256
88257
88258
88259
88260
88261
88262
88263
88288
88289
88290
88291
88292
88293
88294
88295
88320
88321
88322
88323
88324
88325
88326
88327
88352
88353
88354
88355
88356
88357
88358
88359
88384
88385
88386
88387
88388
88389
88390
88391
88416
88417
88418
88419
88420
88421
88422
88423
88448
88449
88450
88451
88452
88453
88454
88455
88480
88481
88482
88483
88484
88485
88486
88487
88512
88513
88514
88515
88516
88517
88518
88519
88544
88545
88546
88547
88548
88549
88550
88551
88576
88577
88578
88579
88580
88581
88582
88583
88608
88609
88610
88611
88612
88613
88614
88615
88640
88641
88642
88643
88644
88645
88646
88647
88672
88673
88674
88675
88676
88677
88678
88679
88704
88705
88706
88707
88708
88709
88710
88711
88736
88737
88738
88739
88740
88741
88742
88743
88768
88769
88770
88771
88772
88773
88774
88775
88800
88801
88802
88803
88804
88805
88806
88807
88832
88833
88834
88835
88836
88837
88838
88839
88864
88865
88866
88867
88868
88869
88870
88871
88896
88897
88898
88899
88900
88901
88902
88903
88928
88929
88930
88931
88932
88933
88934
88935
88960
88961
88962
88963
88964
88965
88966
88967
88992
88993
88994
88995
88996
88997
88998
88999
89024
89025
89026
89027
89028
89029
89030
89031
89056
89057
89058
89059
89060
89061
89062
89063
89088
89089
89090
89091
89092
89093
89094
89095
89120
89121
89122
89123
89124
89125
89126
89127
89152
89153
89154
89155
89156
89157
89158
89159
89184
89185
89186
89187
89188
89189
89190
89191
89216
89217
89218
89219
89220
89221
89222
89223
89248
89249
89250
89251
89252
89253
89254
89255
89280
89281
89282
89283
89284
89285
89286
89287
89312
89313
89314
89315
89316
89317
89318
89319
89344
89345
89346
89347
89348
89349
89350
89351
89376
89377
89378
89379
89380
89381
89382
89383
89408
89409
89410
89411
89412
89413
89414
89415
89440
89441
89442
89443
89444
89445
89446
89447
89472
89473
89474
89475
89476
89477
89478
89479
89504
89505
89506
89507
89508
89509
89510
89511
89536
89537
89538
89539
89540
89541
89542
89543
89568
89569
89570
89571
89572
89573
89574
89575
89600
89601
89602
89603
89604
89605
89606
89607
89632
89633
89634
89635
89636
89637
89638
89639
89664
89665
89666
89667
89668
89669
89670
89671
89696
89697
89698
89699
89700
89701
89702
89703
89728
89729
89730
89731
89732
89733
89734
89735
89760
89761
89762
89763
89764
89765
89766
89767
89792
89793
89794
89795
89796
89797
89798
89799
89824
89825
89826
89827
89828
89829
89830
89831
89856
89857
89858
89859
89860
89861
89862
89863
89888
89889
89890
89891
89892
89893
89894
89895
89920
89921
89922
89923
89924
89925
89926
89927
89952
89953
89954
89955
89956
89957
89958
89959
89984
89985
89986
89987
89988
89989
89990
89991
90016
90017
90018
90019
90020
90021
90022
90023
90048
90049
90050
90051
90052
90053
90054
90055
90080
90081
90082
90083
90084
90085
90086
90087
90112
90113
90114
90115
90116
90117
90118
90119
90144
90145
90146
90147
90148
90149
90150
90151
90176
90177
90178
90179
90180
90181
90182
90183
90208
90209
90210
90211
90212
90213
90214
90215
90240
90241
90242
90243
90244
90245
90246
90247
90272
90273
90274
90275
90276
90277
90278
90279
90304
90305
90306
90307
90308
90309
90310
90311
90336
90337
90338
90339
90340
90341
90342
90343
90368
90369
90370
90371
90372
90373
90374
90375
90400
90401
90402
90403
90404
90405
90406
90407
90432
90433
90434
90435
90436
90437
90438
90439
90464
90465
90466
90467
90468
90469
90470
90471
90496
90497
90498
90499
90500
90501
90502
90503
90528
90529
90530
90531
90532
90533
90534
90535
90560
90561
90562
90563
90564
90565
90566
90567
90592
90593
90594
90595
90596
90597
90598
90599
90624
90625
90626
90627
90628
90629
90630
90631
90656
90657
90658
90659
90660
90661
90662
90663
90688
90689
90690
90691
90692
90693
90694
90695
90720
90721
90722
90723
90724
90725
90726
90727
90752
90753
90754
90755
90756
90757
90758
90759
90784
90785
90786
90787
90788
90789
90790
90791
90816
90817
90818
90819
90820
90821
90822
90823
90848
90849
90850
90851
90852
90853
90854
90855
90880
90881
90882
90883
90884
90885
90886
90887
90912
90913
90914
90915
90916
90917
90918
90919
90944
90945
90946
90947
90948
90949
90950
90951
90976
90977
90978
90979
90980
90981
90982
90983
91008
91009
91010
91011
91012
91013
91014
91015
91040
91041
91042
91043
91044
91045
91046
91047
91072
91073
91074
91075
91076
91077
91078
91079
91104
91105
91106
91107
91108
91109
91110
91111
91136
91137
91138
91139
91140
91141
91142
91143
91168
91169
91170
91171
91172
91173
91174
91175
91200
91201
91202
91203
91204
91205
91206
91207
91232
91233
91234
91235
91236
91237
91238
91239
91264
91265
91266
91267
91268
91269
91270
91271
91296
91297
91298
91299
91300
91301
91302
91303
91328
91329
91330
91331
91332
91333
91334
91335
91360
91361
91362
91363
91364
91365
91366
91367
91392
91393
91394
91395
91396
91397
91398
91399
91424
91425
91426
91427
91428
91429
91430
91431
91456
91457
91458
91459
91460
91461
91462
91463
91488
91489
91490
91491
91492
91493
91494
91495
91520
91521
91522
91523
91524
91525
91526
91527
91552
91553
91554
91555
91556
91557
91558
91559
91584
91585
91586
91587
91588
91589
91590
91591
91616
91617
91618
91619
91620
91621
91622
91623
91648
91649
91650
91651
91652
91653
91654
91655
91680
91681
91682
91683
91684
91685
91686
91687
91712
91713
91714
91715
91716
91717
91718
91719
91744
91745
91746
91747
91748
91749
91750
91751
91776
91777
91778
91779
91780
91781
91782
91783
91808
91809
91810
91811
91812
91813
91814
91815
91840
91841
91842
91843
91844
91845
91846
91847
91872
91873
91874
91875
91876
91877
91878
91879
91904
91905
91906
91907
91908
91909
91910
91911
91936
91937
91938
91939
91940
91941
91942
91943
91968
91969
91970
91971
91972
91973
91974
91975
92000
