187488.04
80068.93
264790.37
49177.38
353846.71
205715.30
133650.93
255730.90
131034.95
179755.96
81842.84
243233.15
104385.94
109185.38
244895.42
136970.80
30801.89
74875.66
126796.39
65632.84
100250.52
85799.02
60324.68
282753.76
138825.01
211406.81
177193.04
257322.75
45504.73
89017.18
335454.55
115085.17
60593.94
224832.12
271255.47
52706.42
143194.24
241153.54
38177.17
57500.68
174248.99
124724.66
114474.80
111638.76
125935.47
68543.01
165611.64
246369.44
190645.09
160356.76
52926.96
143699.95
191731.97
86092.33
284623.14
158838.84
69753.42
46908.34
54195.79
173870.35
183436.25
273521.18
233930.31
148883.08
122784.79
74172.42
193021.11
37179.03
171637.29
320247.18
189544.76
175354.24
251562.47
166863.74
41004.42
332284.75
206705.78
192070.02
33627.68
133675.64
40590.82
111426.41
251652.01
89111.01
10263.13
291756.83
48345.21
171706.98
155668.05
136025.45
332692.84
300035.32
58678.75
66526.20
189874.51
17297.36
40049.98
168790.04
55334.39
79376.33
148902.07
16307.10
246348.93
51807.57
174015.92
124656.96
48525.90
149155.83
57232.73
215511.83
116513.17
139019.14
144872.13
170202.39
194153.77
186231.44
281358.57
268305.56
62532.80
342053.03
67376.80
28803.92
62900.37
36992.87
104078.00
75610.36
188549.88
51543.24
91666.85
194992.59
219374.60
162193.95
84605.79
121998.89
125651.25
237871.79
141532.80
11613.63
225221.03
134857.62
16110.34
243052.71
221568.09
131148.98
185736.76
167383.45
133337.96
241659.64
58995.75
113966.10
155983.41
230194.97
177332.53
186396.90
276051.50
188308.23
282216.78
166984.78
149044.85
125648.42
90999.30
58598.04
162797.70
103932.43
41900.41
195712.79
250373.71
15754.41
60783.38
244624.66
246992.36
189442.51
225845.33
25386.22
189927.36
60757.75
51540.66
317299.81
63120.30
162996.90
188006.55
3911.46
287554.95
346175.68
44172.74
128548.26
114085.65
85608.92
35725.29
117147.57
178281.97
294034.52
176381.54
20839.10
77462.87
194317.28
9237.77
137043.35
160969.41
159121.28
127194.39
262875.14
88019.61
120969.36
178030.50
267972.52
151968.48
26297.37
180106.29
90692.58
75993.66
41405.83
28743.78
199034.31
47609.34
72802.25
71461.92
78426.34
94920.04
210146.96
151608.65
158955.61
133934.99
158676.88
221647.94
93390.10
77657.04
107524.79
134526.21
138567.52
191244.15
254526.67
54078.14
50716.30
260931.84
214584.67
96201.92
181187.17
182769.20
114644.54
36183.15
258965.03
140328.30
7032.79
252469.05
152780.85
195235.78
32168.76
221832.84
58384.65
58639.50
135786.42
41033.42
203620.02
187585.09
101379.99
32620.18
316767.29
201323.27
157398.38
130017.44
263525.23
47039.37
300130.94
39211.67
157914.57
56274.92
71686.76
156747.35
95302.25
189946.61
19243.21
145395.99
131384.22
127595.39
209806.22
147963.83
275364.69
121595.40
49182.71
181290.38
104951.47
159176.02
215778.27
230273.02
64091.91
199010.54
159755.58
299039.27
46940.63
251561.50
183316.74
71243.49
66065.10
110785.75
94483.46
80551.31
253708.68
244343.97
157090.70
110348.81
136566.00
163920.59
125232.45
6601.66
59100.33
106883.87
60696.69
51346.96
33386.35
28758.26
63343.65
274593.77
124970.61
108746.38
224829.24
175294.22
105267.62
34774.23
69105.39
129389.17
91834.48
147919.59
16992.59
70859.55
236640.00
136483.01
144720.61
154486.90
57743.80
230042.47
47210.74
107265.95
220993.25
9083.74
221493.72
208932.31
46253.52
194589.99
49888.29
100047.04
45065.72
39018.64
206060.43
67723.53
183085.78
145216.29
250864.90
144721.08
104040.16
237440.06
151376.80
243196.13
95767.94
83507.02
117962.65
63728.18
266904.73
125092.61
200220.57
26807.77
14803.47
286171.44
118766.11
70224.22
65455.56
52241.77
113233.15
73523.84
76934.86
218720.00
108589.42
125391.59
102193.76
109349.06
143145.24
106219.27
105794.07
300742.99
104905.72
152512.45
12888.13
19015.04
345001.79
224247.98
158902.81
138010.69
105681.80
144886.47
78946.77
152046.94
334683.85
190600.99
195175.09
350778.45
43426.46
111226.21
25823.03
9314.45
223652.33
33832.13
32292.99
105091.92
42374.88
314480.87
64848.47
40548.21
188475.19
248773.15
112829.31
300805.44
228973.00
118707.87
91076.35
93110.54
145519.81
116449.99
141848.89
78307.19
307414.26
81026.76
153265.76
46600.76
63491.76
260065.78
202724.76
270779.49
171587.40
259906.77
282305.14
148126.24
24849.30
165089.95
59151.49
120868.25
123013.40
182811.53
2873.87
212130.83
179965.20
177146.90
221566.24
160980.06
79730.56
263774.54
38634.22
43476.04
239524.45
86792.08
191576.86
272089.31
105345.56
102395.63
198389.97
56505.59
80656.89
293535.46
177495.25
210566.35
319682.19
124037.82
62858.59
233860.77
80339.84
194484.08
229861.06
165613.58
218896.48
107388.58
199496.40
7684.64
76917.62
122700.49
49071.36
90094.40
158214.07
40530.19
73805.65
214703.53
285646.02
162071.75
37701.72
148580.39
185028.01
27495.80
184762.07
73569.14
104742.51
193732.18
64433.02
155772.81
124206.05
72939.56
202252.39
97281.81
224617.87
194907.01
146075.60
44190.40
263753.33
154229.70
213286.73
12320.48
170398.24
200133.61
44682.69
191815.12
196111.63
93945.24
21621.19
71856.01
173174.36
163284.01
270492.95
172907.94
161009.05
171409.02
29642.11
209907.61
204090.89
59895.78
20708.52
90516.19
229331.36
138385.46
231326.16
200083.87
186513.89
179637.74
83215.74
38158.44
155950.98
125468.73
188727.02
125408.30
171469.80
120804.65
25992.99
133254.25
22038.60
274930.90
163835.91
298790.90
33887.68
148243.50
96259.02
190121.91
65749.69
76419.39
246735.55
35439.23
303573.78
150637.73
319869.19
244093.76
244774.71
139099.14
27364.09
83926.15
62177.86
173642.58
67331.50
51966.73
105796.02
59705.80
148114.56
43433.02
98588.96
217422.94
10019.41
195936.72
230304.85
120335.59
44030.11
209788.78
328296.92
123854.74
46829.50
167688.52
281932.72
80532.45
3770.50
177072.32
197039.84
77307.73
216618.97
90515.00
192870.52
88702.96
203265.57
8400.89
72895.44
60408.60
146043.84
39390.82
149594.67
12691.71
163703.20
164096.58
83805.82
81783.47
257271.73
71189.27
36474.92
169438.38
114328.31
34780.22
247398.40
135538.97
121461.95
170039.72
131558.32
54134.69
288808.66
238519.36
135179.64
190201.65
205538.89
14547.96
133461.61
182243.64
130841.50
232882.44
115459.90
68238.83
150565.00
91708.96
139993.97
38574.84
118195.19
234971.66
171707.37
68146.22
95597.10
51982.20
212741.04
138906.86
73897.31
84054.50
56620.63
213417.66
102170.76
136653.67
182558.07
59238.86
96004.18
79514.51
174574.01
270590.61
190085.67
166152.54
231196.76
252884.91
135447.24
129009.13
201897.37
281588.57
116069.26
174053.86
37569.33
142915.26
42561.10
27934.58
84362.60
219987.99
263443.97
154312.66
270694.79
15935.87
50966.93
236043.52
219294.82
283843.44
230494.78
212408.27
114501.44
180907.57
67673.12
57827.10
247298.95
9523.59
92241.46
194027.25
66459.91
97322.44
185633.23
113957.97
35749.72
203130.91
260830.95
90559.28
10334.36
144671.39
103543.44
15735.57
73256.61
110460.66
194923.02
142347.51
176778.23
231076.88
78886.38
53858.56
270481.47
147490.90
115810.35
294064.15
167810.13
238582.22
145217.76
52179.55
120500.06
173018.43
188183.61
161853.72
75250.36
190260.12
103806.82
216485.72
172301.14
132143.59
232093.52
108563.83
186891.20
309464.12
223106.16
113310.12
170885.60
168435.79
20317.68
934.00
99707.88
28663.12
57183.97
34440.94
181686.09
190842.63
81209.51
133986.23
174026.80
278680.24
32400.96
180074.75
92938.59
145744.00
117963.59
244228.47
247782.94
122103.36
105944.32
11804.19
28520.36
3268.79
210905.67
57611.62
82301.51
32382.44
255456.61
101504.49
254936.48
189974.06
290712.36
43313.75
173730.99
94425.00
100306.09
256179.81
116703.20
207049.82
131253.75
180757.32
77901.10
129663.13
118319.42
136527.09
131764.96
129663.62
56935.29
139116.76
171243.00
11132.22
100450.31
319525.40
27090.27
108891.81
152230.96
172692.46
262524.23
16700.36
381080.79
123278.92
87709.19
297657.16
40710.48
156219.51
222974.63
23565.91
356704.00
171840.88
178656.76
272360.96
5447.88
85932.15
176952.53
228267.76
195594.62
162980.60
196282.67
5587.06
172813.64
115058.84
192888.55
274795.26
261904.71
55052.18
190751.93
263590.08
160020.84
30476.26
249414.46
116461.23
281707.04
122480.79
250088.03
99923.65
171817.69
258116.70
146577.55
156945.34
143144.51
130881.46
225528.04
68368.30
138400.71
70558.40
170833.87
181532.76
150433.32
129993.27
102674.91
238421.73
144575.85
240438.85
61375.32
147351.49
139832.93
63464.26
22492.36
57920.57
149312.74
36222.41
54926.73
136986.28
185207.04
68005.75
165530.83
164731.79
151650.22
109463.70
36239.14
266457.25
87204.78
187314.38
284780.98
122216.13
151740.02
59705.51
262455.88
241081.19
150669.16
15556.01
260444.57
197299.15
85553.38
30047.97
307817.81
117178.36
71512.01
80502.73
48925.19
113453.57
71069.95
107607.19
198158.22
250739.41
20772.18
120206.99
60774.10
76414.71
256094.79
231957.11
204558.64
355923.12
119642.20
306204.53
121377.86
115182.76
3789.99
232776.99
197711.68
101321.95
13359.77
78639.61
324373.36
87321.94
140892.32
89148.45
130190.32
271457.66
47331.11
240161.00
274330.17
145016.85
100516.03
252243.91
265391.46
196636.56
141375.36
53724.21
163335.38
150125.69
181714.12
36850.42
109045.46
60920.17
116623.05
250083.17
153392.19
38219.29
256571.45
24795.55
103688.04
123495.30
95863.09
161258.97
141080.88
233362.75
54912.79
209842.94
109068.90
144103.21
94584.84
180548.85
119927.08
103129.32
192157.33
115477.92
133822.86
75760.22
156077.67
188823.21
214087.98
195198.33
5186.95
393382.55
187053.92
207768.64
4104.01
220413.60
118496.92
263719.25
332408.96
193215.56
297735.90
152826.94
297313.33
152378.43
36101.40
64379.89
123003.55
355350.33
228094.84
248204.40
157820.23
139488.02
225007.81
311503.75
149882.23
213838.14
178262.66
162177.06
145119.78
210991.50
209533.40
24090.44
298624.51
124784.61
148717.59
200622.91
84102.50
48998.93
400040.43
104905.51
206721.95
251589.06
112377.31
73210.73
176271.72
161360.86
63590.28
