5596
1396
5671
863
5731
5756
5183
4129
2794
1093
3232
5371
3493
4756
607
3014
589
6458
5621
1967
5149
5855
4334
4984
4532
1627
5090
2726
5302
2858
5387
1015
2680
2717
2684
2155
7232
5392
4195
2282
4375
2429
3266
679
5680
977
19
1313
1897
4546
5669
7057
7172
1883
6277
1003
2848
7247
3380
4967
661
3367
1306
1882
1396
1708
1406
2054
4864
4849
2807
1051
3727
5959
3796
1127
799
4198
4601
3871
43
1484
989
1225
3701
227
3958
4274
3965
1177
3832
1765
4321
4436
5827
4196
973
7411
2674
379
965
3461
2482
3923
4021
1933
4673
788
697
4180
62
4996
3026
3304
5873
4741
7006
3082
1463
4573
1430
3965
5530
1805
6553
6416
2152
2932
1468
2110
6202
5386
7039
6035
286
4532
359
4681
359
713
5039
1819
3200
4279
3100
6892
2287
4751
2110
3713
7256
1570
2308
6332
6983
1498
4696
6770
6697
6455
2242
805
7178
2848
6712
4924
6151
691
5626
2458
2317
4912
2081
2644
4369
4327
2330
2566
6004
3583
1438
2300
2833
3520
5131
4064
742
4655
6935
5788
7426
550
4400
538
5236
2512
6787
5833
3623
634
5923
7075
7435
5821
713
4510
4801
833
658
2401
5161
6865
4462
2614
4729
2965
4156
1270
7270
4903
5807
1406
3430
752
6577
1184
5480
5990
6839
4675
1741
1535
668
149
6655
2287
6497
5167
1312
2909
4319
2086
5723
4892
5683
4906
5404
1936
3347
2513
6319
916
5083
6061
6782
3307
3412
4676
1030
5764
2051
238
152
3877
5503
6856
4817
3911
5851
4474
3283
5629
4573
2299
223
6071
4267
301
6010
5845
4721
7306
2713
2618
4789
259
1999
2362
4088
3146
350
1870
6428
6019
6100
4358
6566
4354
5834
3388
5288
3643
3161
4979
848
4175
1466
6151
7186
373
5671
1639
602
1306
4096
3998
5806
5827
3490
1042
3010
1441
2941
5539
1382
3373
7289
7207
1330
2120
4738
6530
2146
6886
544
6712
3970
3278
6616
4463
1045
3038
1087
5932
6310
1948
1733
2756
6554
1825
4126
6827
2729
845
3973
205
1576
7000
5945
6466
7081
6038
4654
130
6977
6934
4457
3139
1069
1054
4201
5719
4864
5099
4619
2282
5884
4364
7358
3611
6073
7076
7163
4804
6089
2581
7442
6772
778
5140
5204
2768
4324
5957
3496
2806
4820
1006
5219
4559
7372
1825
3760
5125
7499
6319
5992
790
104
4033
2537
850
4892
5974
2192
7420
3082
5813
442
6763
1633
6841
2075
5803
4721
430
6703
7396
6775
1106
1264
3461
4900
7195
1396
3244
6779
5182
13
238
1988
3529
34
5692
5539
5708
1345
2632
6388
5407
1738
7207
1777
3518
4414
2446
3298
1261
3790
1238
664
6467
5884
214
1981
6076
3517
4324
2464
6842
3562
4789
5246
5734
7223
6794
2320
5873
1577
1769
5320
2282
3953
367
4300
3280
6214
6254
26
121
2311
7003
2489
1435
3823
4354
4264
3553
307
6659
4213
4504
6787
2399
3100
3440
1463
1942
4408
4405
1867
2569
4918
4838
2419
608
6022
3020
1658
5011
4939
214
4375
2902
518
4639
4850
2221
2447
3242
5821
2203
1154
5224
1757
3407
6205
2158
4402
6775
2104
6052
5780
5758
4522
4084
7283
2303
2047
3952
6166
6583
4667
1574
3296
1052
6343
2980
5365
2018
6580
4582
6715
2050
4796
7495
5485
1942
55
5362
4159
572
802
6061
643
3460
55
4384
3211
1549
5143
3763
3655
1501
3685
293
2300
809
5933
6481
1829
131
2744
1291
5642
3040
3758
1184
3661
6517
1954
5816
4942
6148
7034
1909
6679
3379
7450
2546
436
3352
2324
7126
3697
3736
3919
313
7451
4790
3527
4864
4246
4822
6245
2935
2536
6284
3430
6427
292
1838
4592
4967
4483
5773
4102
4669
1025
1177
3823
2203
5767
4094
439
220
2663
1736
4033
3410
6784
4991
5039
4085
6283
7357
7331
7474
6608
6991
6677
5780
4432
3431
7013
5659
5183
1849
2183
4786
784
5791
7079
3044
6584
4423
1402
3509
3647
5044
1900
1732
6566
2410
1645
1031
694
1697
5833
1889
2224
3370
1405
7379
5093
7066
1847
2783
2665
5804
5231
4186
7213
6778
6409
503
2260
6280
3112
1807
1477
5932
430
5924
4585
5822
2392
6599
691
3137
775
4516
7444
1612
4162
6919
2207
6620
6590
3925
4588
1472
6236
4183
4229
5404
5693
3323
1072
7162
4639
5198
1711
2944
4217
124
2689
136
3917
2275
1633
1418
985
3826
877
2606
4753
3562
1271
4039
4393
2809
1222
5176
5702
1360
3727
4666
6902
6961
358
2183
6070
7399
2398
2440
5761
4156
2678
6454
1924
4694
31
5146
2186
3319
3331
2578
6517
313
5666
6604
4609
6655
5893
295
3556
3583
6982
5194
1150
3868
4624
4051
6137
4498
295
1294
5243
5126
2867
3736
5605
1202
3754
2290
1516
493
46
242
796
4645
913
1090
1444
6103
5308
1165
5875
6116
5758
874
6788
4652
5977
3535
2021
1504
2111
4973
6251
988
5311
2750
1729
6896
3646
3764
6625
6238
4934
1951
419
4351
7043
3781
6688
593
1132
2254
1256
4652
2713
5897
6098
940
4711
4213
5470
1078
5357
221
476
5209
2507
7360
7015
5503
5339
1288
5212
4126
7211
5704
3673
3271
4924
2386
689
6305
401
2089
5866
409
6598
806
7139
2749
2371
5990
3491
4322
5617
2569
3848
2767
3115
1369
901
6536
6247
2689
3613
1879
1934
178
5443
4063
2314
3826
4717
997
194
704
3541
1978
1012
1870
3268
82
3950
1726
5191
4562
1303
5312
2980
3778
6590
1787
3262
7093
1243
4354
2540
1732
7153
1726
6898
5227
1295
3613
5536
97
3961
4589
1504
6166
953
4988
1711
6968
1777
2185
6034
6587
4984
646
3412
6446
7084
4496
5116
3187
754
1573
5066
5371
4954
4370
3236
625
4849
298
2968
2911
4226
2305
5228
5468
5971
1765
1055
4102
5116
784
5138
6310
6340
3275
