4811
1328
6040
2920
662
2852
6844
2983
6436
5551
5104
6115
4430
829
3409
4340
4525
3596
2863
971
6055
5230
1403
4714
5467
2752
3145
5128
2108
5906
2738
3439
7171
3707
3730
2716
3866
3319
6979
1357
6707
2629
1367
3536
4783
5915
3820
2347
4564
2813
2257
5711
6638
2834
1058
6386
4372
5314
5215
3160
4387
3707
2023
1229
6014
803
5914
2854
1246
5374
7484
1087
614
5974
6403
1486
2389
3010
7310
7141
6314
551
4285
2314
1987
962
640
158
6671
812
6904
3373
334
5426
3695
3335
431
7222
2225
172
4889
2290
5192
3851
3094
655
2815
5666
2443
7375
559
3898
7217
245
2020
4909
7342
1834
3004
6664
4780
7027
3850
3379
6760
5386
4880
4790
245
3209
2567
3050
2665
6919
5821
2557
7348
1123
7232
3209
3436
6569
1027
6802
4928
5876
6388
1297
2866
253
2059
7430
1699
178
4382
1744
4406
1546
6886
1259
3706
1162
5531
4345
6409
4714
6475
5308
874
6781
575
4459
3403
5035
3266
5716
1039
3121
2650
4994
3478
838
1667
985
2851
3436
4078
4372
46
1711
4132
5644
2812
2446
1291
6968
2443
4240
793
2755
1328
1876
1558
1210
2263
1543
5431
4438
2531
6094
1135
4108
4654
4042
3376
313
3452
3643
4861
6394
4567
4387
5017
4705
5960
3514
1154
103
4633
2044
6935
977
1933
5630
7202
7450
2299
2332
109
3848
64
2927
5509
2392
107
6871
2569
7021
6151
3743
5755
6370
5888
6100
6802
367
7340
3182
6142
3886
4555
2426
1636
5545
190
4549
386
1673
3224
1735
4499
2017
985
3907
739
7363
5365
4721
3190
5576
6590
5548
2431
674
5977
322
3688
3553
1303
821
4222
3316
1639
700
6317
3052
3592
3715
3289
223
6322
6199
970
6304
1229
6724
1388
1897
4202
7477
1040
7018
3730
3658
6214
4976
5428
4709
3061
3478
4798
6436
2950
2854
4961
1033
3941
3658
3889
2852
3365
4369
194
6892
7288
2794
986
1846
2390
4670
2422
2773
4591
5002
6220
101
143
4252
3640
4700
1699
7033
6787
3143
1748
6176
670
3577
3922
3319
41
4321
784
1021
1184
4039
3145
5029
3956
4052
2441
3170
4580
236
1159
7240
709
4616
3538
1432
346
581
1192
7025
1807
1466
71
7189
6709
1417
6452
736
6169
7124
1639
7027
5974
925
3290
574
760
5618
2804
5468
3167
5884
4417
2941
1442
5363
3319
5506
2062
4553
3911
1466
2267
5905
671
2177
5120
2710
5711
2092
5227
5986
4570
3673
6392
3143
758
6250
542
5387
14
2644
5545
4195
6064
2584
4094
1048
5113
5366
430
5518
3034
4619
3421
7033
3796
4528
5777
4465
3043
883
2506
5221
4334
3457
3082
91
3953
4591
613
3775
2317
3784
7126
4570
4867
1306
2227
280
3994
3353
3575
6131
7039
7201
5905
2036
1772
6847
1996
530
5899
3403
1561
2786
1957
6979
4405
1903
2477
6415
7156
3175
4205
5416
5806
2950
3419
5251
1888
7003
2228
2378
3142
3970
2599
3313
1336
6194
3190
7375
2461
1819
6172
4582
6940
4027
4391
5962
742
7475
7499
385
4069
1585
2894
713
2692
5506
4138
1631
1843
4948
4754
1801
5914
5944
6869
6668
5560
1030
4867
5684
6430
5795
1900
2563
6731
34
5629
7366
7223
6716
7271
4210
6223
428
6274
4454
4504
4102
4708
1717
3347
1178
6892
5638
1633
2188
526
736
3067
538
754
2758
5767
7105
1243
85
1732
5945
5446
8
1388
3068
2383
2926
5344
265
2704
4442
2444
5837
475
724
7483
1453
5762
445
2015
6484
2495
6607
6227
2572
6566
3991
6166
5746
4336
5416
3766
4138
2236
529
2369
5320
6073
271
6178
2984
2216
764
6823
7178
1156
2801
5368
4135
6454
835
5677
4948
5503
1843
34
6718
5219
1678
6910
7471
1295
1129
3032
2666
6101
5704
6458
5794
2800
6061
2734
1763
2051
5479
5380
2233
5023
6712
3199
5839
130
4075
6245
6358
3286
7049
6038
355
5761
3478
6697
863
3563
1196
1763
322
532
4189
6433
5141
4933
6719
5221
406
5692
364
1651
2191
4862
1727
2554
6625
7219
5242
3806
6698
4382
4522
4172
4187
4820
6289
1487
6292
1357
2230
1675
2533
3682
181
760
2975
3475
5002
1529
2497
4342
5795
3410
4096
835
1162
5894
2731
2452
5452
6806
2551
4283
4513
6848
488
460
5050
7193
2159
7231
6556
7486
301
3067
4213
1889
6913
3613
740
6989
4495
3775
5839
4172
1337
1091
4522
1885
6976
4462
6319
1006
3331
2395
2807
4729
4910
181
3925
2590
667
2816
2075
1717
6469
3286
5713
3389
5864
7022
4063
5927
6728
7363
6341
6799
5656
6509
6958
2827
3652
3811
6889
4276
5485
1235
4951
6208
4969
1114
5848
1783
5804
7199
970
919
34
2558
448
5896
3236
4817
7078
4621
5470
686
3073
1402
4022
2993
4711
4276
2539
1957
5908
2107
2573
4943
4816
4493
4702
1792
2783
22
5917
4118
5803
3871
1606
6680
3601
3281
4078
7342
7384
1810
5266
859
4052
4237
6125
5482
1565
6685
1753
739
622
7462
4687
6253
184
548
6052
5611
7018
914
7348
598
4474
5029
1508
637
7117
787
7171
1589
2963
5198
2212
4489
2257
4903
7009
3736
4219
3958
2101
202
2354
3025
1504
3169
2206
166
6128
5836
7414
5783
1867
5629
3823
6631
3793
3253
3442
907
3841
3491
6055
2195
6565
4472
3905
6707
721
2554
5092
1430
4972
2569
5521
4369
3535
1585
5894
7270
2293
3343
4150
2203
5458
127
1597
6821
5930
4136
3676
1889
892
3727
6481
6244
2995
5345
2977
2287
6047
2069
4667
4369
6890
6610
1369
4787
5630
2468
1616
1414
1022
524
6845
1544
1402
259
7319
2209
6587
6325
5005
2752
917
1027
2081
7120
4907
290
7273
1286
4711
752
3113
3379
434
2533
2825
7195
4259
4537
6461
4678
404
2630
7318
4141
7387
5203
7441
