2069
3326
2767
4558
6556
4348
6763
2479
2395
3784
1897
4075
3806
3227
7468
976
4459
2740
721
1621
6502
1055
1310
5980
4201
7156
5201
6736
2783
3346
6790
1756
4420
4933
689
559
2009
5041
1028
637
397
4799
4165
5252
7439
3193
5794
7069
4136
4048
6445
3260
4741
2041
964
6730
820
3995
6985
952
7297
730
7069
997
6217
4690
3625
3923
3323
1231
5710
1448
5171
6313
4267
5281
1127
3688
2617
6479
7426
6988
3970
4213
5873
2770
2803
5899
844
3236
3398
6812
1073
2254
4819
5851
6034
5411
7423
7330
6097
4051
6806
4426
6292
6964
1360
6829
7307
119
4969
7081
4433
6706
2522
3547
4072
6613
1534
2029
733
2353
3817
5993
2513
6298
2375
5425
3190
7282
3145
5065
2746
4261
3769
4018
5485
1961
6202
5609
7186
7072
1204
871
1256
2828
1873
4660
3067
3841
7141
1496
430
1648
6973
989
2261
3916
5764
1520
5335
6895
1468
6869
7057
1510
478
769
545
2924
3086
1130
7057
5419
3710
3718
1442
4658
940
6379
1168
1573
134
250
23
3449
1534
805
6019
592
5959
7084
1963
2848
5578
2266
3322
1336
1676
1354
3529
1135
5626
874
5582
1715
6979
1300
6217
3268
946
6139
923
2578
5446
845
5215
6841
4084
368
3664
5506
3380
3908
1099
2467
943
974
1219
4072
3511
5750
5915
2018
772
3940
6121
2599
5359
4615
1733
5561
5846
518
4694
445
433
2344
5237
7378
6223
7061
379
7270
3437
4375
2371
5057
3236
5698
3634
5051
4850
3517
6911
5009
5938
961
2122
4255
3799
3130
1733
7438
5455
1615
631
2251
7450
6439
1610
2225
4609
5009
4483
4663
2872
1628
4007
4564
3491
5429
5717
3940
6770
1219
5039
1213
3265
2444
3997
6802
4184
2032
604
7420
5198
2942
3376
3217
6542
3100
3289
4946
6913
6707
6376
1165
3178
1970
5806
3143
1306
6727
521
5971
6940
2035
1816
1930
3977
4627
1265
4648
823
7216
2800
533
1409
2780
2050
7306
6695
91
4663
1454
3955
4657
4040
6559
809
1939
3836
3451
6386
215
757
7309
997
50
3071
6983
2236
3940
1609
502
2528
7142
7079
1294
6511
5630
2140
1570
3989
2396
7313
632
4612
3811
7025
6686
3994
4412
7084
7199
6160
1591
5152
1084
5035
1030
6487
7366
1015
2944
205
250
1285
1124
3700
4543
3238
7292
607
6883
2677
7181
5077
6058
5773
7444
4012
5720
2989
142
6514
2932
37
5791
6367
784
4472
4147
3491
6950
2816
4591
3520
5653
1807
4300
5296
4714
1441
3400
7211
5914
6314
6112
5017
3640
2807
5834
6425
4739
1982
1579
779
781
752
2605
3523
6721
823
3164
5845
4010
5354
2881
4597
5758
2410
881
421
1592
3427
1594
2333
3692
1280
6089
7481
2365
6742
7111
7178
1579
6076
2530
3268
6394
3380
1583
3826
3988
6343
682
5312
4172
4408
4681
6046
2417
6890
6841
4891
1423
604
1765
4507
1966
5926
3164
7459
6773
4282
391
7369
4595
5392
1088
7141
5431
598
3952
310
7375
7436
6445
6806
7211
1090
4813
6742
4895
4087
6208
766
5290
6310
3038
4352
2735
2221
1513
2464
3736
5152
5758
7037
2368
3821
1261
3692
3335
1372
1855
6008
4612
2425
5063
4573
1214
6089
2488
862
4699
7432
6956
5809
7414
7034
4664
5017
6235
3049
239
4943
6469
1922
1210
5861
1771
3638
358
6841
2162
1399
3106
7066
2428
4558
3265
3821
1264
7033
3520
4924
2647
3976
6901
4408
7204
3073
7151
1975
367
6068
1846
7097
6104
1138
5818
1600
590
2405
5183
7483
3706
3589
2765
2237
4090
1048
6313
6247
6811
1783
2672
2024
3101
47
6634
3820
4051
4909
4342
6391
2953
1637
2273
6605
2122
7289
3892
6139
4534
5503
4897
7259
640
6985
2738
895
778
7012
2827
7150
274
1520
4015
6934
6068
6841
598
7220
3142
4574
6493
7468
3482
5431
5458
5597
3358
4892
2383
2917
922
5248
3515
5725
2074
3157
5321
7363
5389
7267
4267
1402
6337
1514
2114
2143
5197
355
1328
5047
6820
7232
2659
6167
5425
2626
4664
4337
1909
4567
274
6524
5207
3154
3638
862
1396
1508
4459
7145
4760
1276
599
3415
2495
2422
5543
2788
569
2758
4676
7255
422
3121
4627
4763
1480
757
7081
2300
2693
5269
6439
4834
5315
5696
3455
3328
5980
2749
6733
3323
1840
5860
1157
5783
4720
3451
1969
1204
7387
1010
3998
967
3802
4204
5707
5398
1916
2395
4186
2020
175
4408
3232
5446
5578
5984
6268
5647
6562
6404
4943
1798
859
6199
6004
4135
6601
3781
6253
124
3860
3355
5794
1436
6859
1345
7496
1699
7312
2527
2392
2564
4510
3124
5744
3842
2422
3580
6371
2894
5950
6671
2755
3925
6347
3379
3349
7442
5950
5332
4433
2057
3280
1160
4072
3281
3406
2789
7102
7372
2960
6538
7391
4993
7246
5536
6175
5288
6691
4432
6986
6476
1595
4073
4729
3446
4951
1138
7219
7093
2188
5500
6383
6556
784
974
3595
3416
6620
6310
2041
1312
4223
2450
698
4384
4843
4717
2777
2173
101
2944
715
5230
3676
1651
2741
6874
5866
6538
4339
749
2857
3980
6016
2039
295
455
799
991
5353
352
2971
5078
7253
5761
6832
1261
1837
5761
46
3461
4229
6970
6967
800
1762
2969
5995
566
2846
1592
5959
4076
7090
7366
5257
5284
7477
6115
62
5171
7234
1586
482
5038
449
1264
2687
484
5939
7252
6232
3668
2351
6095
1124
3524
1714
3457
6142
6271
5719
170
6781
2518
4642
5872
4300
5740
4756
6919
6925
6224
3203
2071
2863
3661
3461
5092
457
2623
736
332
7288
4075
767
5653
7025
6067
313
3448
2479
6005
3121
4330
71
5641
4033
5087
3881
2827
6074
734
968
4576
2167
4849
2050
1414
6368
3167
5482
3736
6196
4096
5405
245
5821
1667
3316
6769
5099
4109
4172
977
3742
4211
6868
