28001
28002
28003
28004
28005
28006
28007
28032
28033
28034
28035
28036
28037
28038
28039
28064
28065
28066
28067
28068
28069
28070
28071
28096
28097
28098
28099
28100
28101
28102
28103
28128
28129
28130
28131
28132
28133
28134
28135
28160
28161
28162
28163
28164
28165
28166
28167
28192
28193
28194
28195
28196
28197
28198
28199
28224
28225
28226
28227
28228
28229
28230
28231
28256
28257
28258
28259
28260
28261
28262
28263
28288
28289
28290
28291
28292
28293
28294
28295
28320
28321
28322
28323
28324
28325
28326
28327
28352
28353
28354
28355
28356
28357
28358
28359
28384
28385
28386
28387
28388
28389
28390
28391
28416
28417
28418
28419
28420
28421
28422
28423
28448
28449
28450
28451
28452
28453
28454
28455
28480
28481
28482
28483
28484
28485
28486
28487
28512
28513
28514
28515
28516
28517
28518
28519
28544
28545
28546
28547
28548
28549
28550
28551
28576
28577
28578
28579
28580
28581
28582
28583
28608
28609
28610
28611
28612
28613
28614
28615
28640
28641
28642
28643
28644
28645
28646
28647
28672
28673
28674
28675
28676
28677
28678
28679
28704
28705
28706
28707
28708
28709
28710
28711
28736
28737
28738
28739
28740
28741
28742
28743
28768
28769
28770
28771
28772
28773
28774
28775
28800
28801
28802
28803
28804
28805
28806
28807
28832
28833
28834
28835
28836
28837
28838
28839
28864
28865
28866
28867
28868
28869
28870
28871
28896
28897
28898
28899
28900
28901
28902
28903
28928
28929
28930
28931
28932
28933
28934
28935
28960
28961
28962
28963
28964
28965
28966
28967
28992
28993
28994
28995
28996
28997
28998
28999
29024
29025
29026
29027
29028
29029
29030
29031
29056
29057
29058
29059
29060
29061
29062
29063
29088
29089
29090
29091
29092
29093
29094
29095
29120
29121
29122
29123
29124
29125
29126
29127
29152
29153
29154
29155
29156
29157
29158
29159
29184
29185
29186
29187
29188
29189
29190
29191
29216
29217
29218
29219
29220
29221
29222
29223
29248
29249
29250
29251
29252
29253
29254
29255
29280
29281
29282
29283
29284
29285
29286
29287
29312
29313
29314
29315
29316
29317
29318
29319
29344
29345
29346
29347
29348
29349
29350
29351
29376
29377
29378
29379
29380
29381
29382
29383
29408
29409
29410
29411
29412
29413
29414
29415
29440
29441
29442
29443
29444
29445
29446
29447
29472
29473
29474
29475
29476
29477
29478
29479
29504
29505
29506
29507
29508
29509
29510
29511
29536
29537
29538
29539
29540
29541
29542
29543
29568
29569
29570
29571
29572
29573
29574
29575
29600
29601
29602
29603
29604
29605
29606
29607
29632
29633
29634
29635
29636
29637
29638
29639
29664
29665
29666
29667
29668
29669
29670
29671
29696
29697
29698
29699
29700
29701
29702
29703
29728
29729
29730
29731
29732
29733
29734
29735
29760
29761
29762
29763
29764
29765
29766
29767
29792
29793
29794
29795
29796
29797
29798
29799
29824
29825
29826
29827
29828
29829
29830
29831
29856
29857
29858
29859
29860
29861
29862
29863
29888
29889
29890
29891
29892
29893
29894
29895
29920
29921
29922
29923
29924
29925
29926
29927
29952
29953
29954
29955
29956
29957
29958
29959
29984
29985
29986
29987
29988
29989
29990
29991
30016
30017
30018
30019
30020
30021
30022
30023
30048
30049
30050
30051
30052
30053
30054
30055
30080
30081
30082
30083
30084
30085
30086
30087
30112
30113
30114
30115
30116
30117
30118
30119
30144
30145
30146
30147
30148
30149
30150
30151
30176
30177
30178
30179
30180
30181
30182
30183
30208
30209
30210
30211
30212
30213
30214
30215
30240
30241
30242
30243
30244
30245
30246
30247
30272
30273
30274
30275
30276
30277
30278
30279
30304
30305
30306
30307
30308
30309
30310
30311
30336
30337
30338
30339
30340
30341
30342
30343
30368
30369
30370
30371
30372
30373
30374
30375
30400
30401
30402
30403
30404
30405
30406
30407
30432
30433
30434
30435
30436
30437
30438
30439
30464
30465
30466
30467
30468
30469
30470
30471
30496
30497
30498
30499
30500
30501
30502
30503
30528
30529
30530
30531
30532
30533
30534
30535
30560
30561
30562
30563
30564
30565
30566
30567
30592
30593
30594
30595
30596
30597
30598
30599
30624
30625
30626
30627
30628
30629
30630
30631
30656
30657
30658
30659
30660
30661
30662
30663
30688
30689
30690
30691
30692
30693
30694
30695
30720
30721
30722
30723
30724
30725
30726
30727
30752
30753
30754
30755
30756
30757
30758
30759
30784
30785
30786
30787
30788
30789
30790
30791
30816
30817
30818
30819
30820
30821
30822
30823
30848
30849
30850
30851
30852
30853
30854
30855
30880
30881
30882
30883
30884
30885
30886
30887
30912
30913
30914
30915
30916
30917
30918
30919
30944
30945
30946
30947
30948
30949
30950
30951
30976
30977
30978
30979
30980
30981
30982
30983
31008
31009
31010
31011
31012
31013
31014
31015
31040
31041
31042
31043
31044
31045
31046
31047
31072
31073
31074
31075
31076
31077
31078
31079
31104
31105
31106
31107
31108
31109
31110
31111
31136
31137
31138
31139
31140
31141
31142
31143
31168
31169
31170
31171
31172
31173
31174
31175
31200
31201
31202
31203
31204
31205
31206
31207
31232
31233
31234
31235
31236
31237
31238
31239
31264
31265
31266
31267
31268
31269
31270
31271
31296
31297
31298
31299
31300
31301
31302
31303
31328
31329
31330
31331
31332
31333
31334
31335
31360
31361
31362
31363
31364
31365
31366
31367
31392
31393
31394
31395
31396
31397
31398
31399
31424
31425
31426
31427
31428
31429
31430
31431
31456
31457
31458
31459
31460
31461
31462
31463
31488
31489
31490
31491
31492
31493
31494
31495
31520
31521
31522
31523
31524
31525
31526
31527
31552
31553
31554
31555
31556
31557
31558
31559
31584
31585
31586
31587
31588
31589
31590
31591
31616
31617
31618
31619
31620
31621
31622
31623
31648
31649
31650
31651
31652
31653
31654
31655
31680
31681
31682
31683
31684
31685
31686
31687
31712
31713
31714
31715
31716
31717
31718
31719
31744
31745
31746
31747
31748
31749
31750
31751
31776
31777
31778
31779
31780
31781
31782
31783
31808
31809
31810
31811
31812
31813
31814
31815
31840
31841
31842
31843
31844
31845
31846
31847
31872
31873
31874
31875
31876
31877
31878
31879
31904
31905
31906
31907
31908
31909
31910
31911
31936
31937
31938
31939
31940
31941
31942
31943
31968
31969
31970
31971
31972
31973
31974
31975
32000
