973
6262
1273
6127
1661
40
1466
2249
5606
2555
1435
3445
346
628
3550
5674
1304
7174
3239
4433
4745
3158
4252
5053
2374
2821
3734
3626
2146
358
361
4063
5533
7414
5197
1993
7231
2884
6076
4280
967
6364
1459
2903
4465
1514
991
1934
1052
808
3104
1030
2506
3428
4375
7471
2572
1219
3391
5734
6287
4186
1678
3776
7264
6446
4133
1687
3047
6415
3163
7163
1130
1495
4531
4228
457
4243
4510
5689
1954
7348
175
11
4708
5533
4138
5062
2320
4576
6931
6607
7318
5654
2786
3157
5243
4052
5585
6766
2909
6893
3715
4567
2059
2987
2851
5170
1892
1594
7294
7235
1355
1762
3616
2629
3532
6956
4381
3842
2260
3247
2842
3836
2668
4216
3931
6425
7412
5236
7355
3023
2467
2191
277
2263
487
6808
2368
7147
1445
6595
2786
7337
7306
4111
1219
6370
6059
3389
2534
289
3914
4417
2591
7028
977
6376
2755
935
6247
2347
3148
5128
754
904
4045
617
3187
4759
7153
6869
4690
739
5255
4612
5813
5965
5092
3202
6023
1093
3034
5690
6610
125
4024
2059
4955
5045
3104
5131
272
5516
3568
1721
2072
2242
170
3805
1978
392
2338
7465
2636
3803
3124
4051
3475
2317
2198
5398
3320
995
3994
4144
1657
2699
4600
4631
2068
7079
698
6682
842
3338
1159
2363
6478
1328
6788
3125
2590
2851
3182
4951
46
130
3487
5194
6950
2288
595
4613
4600
6487
1759
2515
305
3028
418
5909
2279
7090
7279
5357
3580
6238
2017
4102
6893
6410
4576
6502
5341
5449
3755
5321
4186
7319
4930
6491
4624
2618
6988
4252
2795
4379
1964
464
442
6016
3221
6286
5447
6307
1483
6170
2644
850
6970
2719
1039
77
2866
308
2788
1471
4699
7214
4517
2234
4397
5753
2294
2525
421
6553
3595
4297
275
4459
5170
5644
2356
799
6793
1418
34
7241
6836
3533
2957
2080
6701
1123
1583
1306
2494
3709
593
5515
2857
103
2857
2669
4618
4874
383
4729
3746
16
715
5944
1360
1078
4162
7198
1442
5980
2078
2788
1253
6430
3836
6055
5914
7276
235
1939
5213
1763
4504
2060
6134
2714
1205
3799
1484
6634
1144
430
3100
5647
6562
6071
4327
3347
4882
7280
6481
5357
2695
4012
1918
5945
2887
1589
5096
7178
3412
3149
2515
3697
6343
2674
7081
4999
1241
7183
194
6656
2209
6967
5224
346
4546
1921
1115
3502
763
934
646
6212
4442
3799
4244
2584
3022
5560
2014
6040
2963
4207
4661
3184
5251
1612
5354
6859
4030
1585
2377
5075
2785
2989
2083
3416
4934
2318
5960
6658
173
3247
4933
7013
3280
941
5090
1102
5758
6688
3022
1100
2119
3463
1498
1300
4834
4717
2422
5392
817
5279
2915
4562
4171
3254
6052
6757
619
6734
2380
2617
4978
2126
4135
235
6797
4732
2821
200
4189
4960
5455
2443
2983
3355
998
3989
6889
4250
1384
2498
3460
5032
4066
3358
5194
3652
6242
2650
3455
2657
5363
484
6769
3839
1490
1519
5755
3383
6703
1364
6688
5395
6970
1714
4867
6787
4048
2026
7160
805
3778
625
3451
901
6061
5287
742
760
1790
4213
1489
5269
3733
4846
6949
590
4589
1817
566
4786
2084
4978
1774
853
6998
5680
1681
7010
310
3325
7189
1336
4607
119
4807
6808
622
6715
5230
311
1048
6067
1951
199
913
4921
4219
3160
868
6529
6406
5839
4510
2156
2764
5222
958
2485
3116
7268
6779
388
7262
3922
4516
256
5270
6454
1886
151
3629
4903
5353
7021
6751
124
2030
410
6871
5152
5762
1321
1588
2906
7441
4825
1094
5368
7291
1669
5543
1694
3191
5164
2140
3835
3386
2519
5257
6284
6952
2644
1808
1307
6787
299
4759
4498
7243
4333
2182
283
292
1252
308
4195
3910
5618
3068
757
4370
7342
1339
6785
5524
3542
2242
4715
5335
2185
3577
106
4645
5266
2605
3913
5155
3880
1604
142
364
5272
1933
6242
7174
4699
6901
4591
2237
6682
2977
3274
4154
5791
2095
22
524
902
2009
4945
4694
2689
862
5287
1114
1987
4354
2279
2011
5236
4441
5780
7151
3277
5593
4202
3430
5965
652
2630
3776
5035
3557
2300
4634
5689
3587
6679
2428
1012
6488
1249
4760
4517
3119
3889
3880
3425
6022
6493
533
2737
7247
3991
6662
6683
4165
3664
304
1021
5746
410
7174
4186
541
3697
752
1678
866
4969
4087
1205
5137
3955
6164
3872
3694
6814
5927
5599
5072
7045
3893
7351
850
307
6736
154
5897
2209
6397
1142
6751
1342
2104
7301
2302
5491
5452
6634
1648
1499
4280
5267
6604
2123
2821
1796
7438
6445
4762
7472
3230
6898
1625
2672
5708
5045
5636
733
5393
5003
5987
5231
451
1817
5554
5395
4636
5641
5974
1990
5884
5107
6245
1027
358
3350
2953
871
5881
7039
6868
748
5587
1117
4915
7399
2812
2267
3919
3256
2236
5173
1409
4484
1348
3449
821
2347
6299
4741
7456
3446
3635
6086
5849
694
4385
1729
127
2770
6904
3344
4468
763
7333
4991
4165
1778
386
5384
1105
6358
5813
6085
2521
319
1945
4465
439
3947
7144
934
1139
6841
458
4667
1129
3241
2692
2210
5714
4862
7001
2386
4612
2906
2731
2131
6619
5804
1981
4138
4238
3499
6499
6052
4250
278
6533
5101
4987
1000
773
7376
3757
5392
6676
2003
2267
979
1315
2854
6347
3520
2015
1505
91
6638
2341
1714
2936
1090
5554
1694
4295
3898
7160
2584
1537
2260
3517
1849
3409
913
5735
6284
6526
1783
656
5035
2041
2683
1418
1048
5233
2260
6937
2087
2866
5239
7445
2662
2119
2027
4369
4225
5176
1031
5932
5473
5587
775
6877
7039
5098
3940
3163
6637
5980
3904
2761
5294
6787
2191
5437
4001
5851
5995
4624
847
1730
844
6553
3523
2735
2506
1366
416
6361
2548
4858
547
1711
2681
6850
1999
1696
3221
4048
1024
2086
4708
2932
58
