89100.38
273216.04
149177.24
185804.88
201171.29
41688.18
73786.59
140864.62
40856.94
209721.74
172065.42
193267.66
149916.64
127927.67
68094.88
314942.69
45664.64
251417.15
230814.01
46273.24
275513.87
277252.69
16079.85
128198.23
186419.07
239648.03
326490.67
17965.40
64347.28
246760.24
44681.42
148518.57
212798.85
285938.65
113707.57
124287.96
226100.86
73113.78
196994.37
257667.54
90159.16
98750.89
242058.27
200820.45
78432.96
106850.46
192244.21
94249.66
129359.94
144562.86
235877.77
172158.51
71182.08
54270.89
12937.53
98622.54
277331.92
137227.04
8571.87
52100.62
163331.01
208878.88
15229.73
165404.33
180364.62
64385.14
171770.31
173096.75
113321.97
123893.56
90795.49
64646.72
27025.54
74588.63
174805.71
251574.61
42457.16
193847.47
174296.20
119035.74
74718.50
235227.88
270356.13
238758.42
44181.93
107260.37
218541.97
211046.93
12270.86
161987.03
301669.55
256427.04
45909.92
216318.24
70945.36
94876.21
56972.97
154868.03
175620.40
353553.96
234424.71
142843.97
171846.73
111524.31
5534.10
127313.13
149440.99
104156.24
20297.39
84791.35
157108.01
214540.87
173617.01
182386.01
111189.58
124163.05
99973.56
44827.27
69259.76
161154.74
28681.20
215398.67
237415.07
259772.49
33776.82
189088.20
138015.65
148624.80
1837.83
218178.64
79049.82
238753.29
109488.53
145202.72
70843.63
22438.03
164317.45
76907.40
270806.25
303551.93
108617.91
129223.75
58421.16
192825.97
182201.12
251629.47
232420.49
290132.59
100249.14
121329.38
119430.79
208086.00
112493.27
82422.93
22349.75
231542.94
268289.11
32101.48
167657.57
123412.11
280182.32
38897.37
292307.84
30791.01
201523.49
94800.92
134254.00
72248.74
228023.56
222700.74
26683.50
159972.87
234805.76
31253.39
226176.07
117086.15
200677.31
98853.44
117812.85
28301.60
35930.90
260683.20
96301.32
192651.80
22487.94
192758.84
32406.50
130642.54
206644.74
190961.93
108381.41
183341.93
128241.51
111601.19
227367.12
79464.57
28233.69
89530.77
194399.82
61869.06
160661.51
116570.58
144050.49
178722.88
43067.36
214970.62
74855.01
43712.82
173888.65
39626.63
81947.86
108467.78
27343.51
220605.12
126563.55
237125.59
181285.65
95034.00
140084.20
56172.14
82121.43
182187.72
327451.92
83142.27
237341.86
195629.76
128848.09
225679.58
135072.77
332656.56
85596.63
31846.44
147501.78
203030.71
157896.51
225966.58
239586.44
144241.75
153866.68
253213.58
124423.27
283439.42
56708.91
66863.00
178304.29
232946.07
267326.55
31826.43
29920.74
64673.95
197265.26
243190.30
186396.85
69131.83
324134.57
51575.73
234245.50
155167.45
201611.45
191166.65
275776.11
112471.68
131208.60
36306.86
143612.54
233351.75
129139.56
240286.56
98867.36
6643.42
91743.29
190634.59
210930.03
239347.56
75945.64
217563.27
89103.38
45701.01
217323.02
37245.90
5385.59
175451.26
254639.86
287701.56
70680.44
49193.34
149403.28
138960.28
364406.88
47649.72
67383.91
245144.91
126974.76
129784.89
48271.54
193329.26
59930.22
95594.93
124955.22
156940.94
149602.52
231017.44
228140.64
302599.84
213501.45
143952.08
58435.17
46328.06
56063.25
93851.01
114604.76
162131.19
65225.73
145280.71
309309.93
231474.83
171147.57
170216.38
80873.10
243303.25
109047.13
231261.19
120883.16
198263.75
47097.89
87033.10
121200.09
88585.69
44217.54
73774.72
227382.91
130539.20
50862.44
242263.02
130793.09
159956.00
28037.62
132528.16
213783.42
228502.51
113577.23
13327.76
152553.56
158262.78
285746.57
142559.47
151567.53
22876.81
99723.31
283618.27
75809.06
199574.00
170327.76
52885.81
223674.83
100059.86
67030.81
76129.75
196472.65
133025.48
44109.03
183219.64
157240.25
18813.20
175734.68
197093.65
143651.60
153652.76
65857.64
99092.58
149181.77
25483.04
152501.48
353192.10
158408.82
242196.90
73257.61
115132.23
242087.23
184444.97
243819.17
10939.09
22061.66
82449.65
312771.65
88936.16
159152.84
203046.03
184360.22
142463.63
234026.00
148861.61
126988.89
61274.07
38527.28
221930.05
255640.58
51841.81
265119.68
218180.67
229384.79
88893.27
17522.57
242778.75
175971.53
248446.20
272876.49
80595.98
41143.58
295355.62
63829.48
220521.01
51103.07
29266.12
108013.06
107651.79
171555.60
31357.95
352486.82
1759.11
245745.73
224978.95
331509.12
72748.38
177113.43
166453.38
21596.13
61434.07
166079.96
63575.80
16272.61
276270.68
118800.03
146918.34
130690.58
155710.74
86392.84
325698.64
203763.06
74795.13
111537.10
168584.71
191404.77
125240.47
73260.76
94638.12
280885.81
84510.12
118716.40
218018.31
263195.47
140621.60
170810.62
96784.64
171616.06
148108.93
101529.81
192106.88
65243.28
79016.88
27687.36
19468.97
68706.63
83277.10
4252.78
280061.35
153344.75
212174.38
111916.59
30507.08
211731.05
275981.99
269364.83
163151.20
162715.93
135914.59
165676.80
248748.01
175140.08
147686.31
195991.71
210744.45
338037.66
151905.12
267573.38
188124.94
26145.83
261236.70
35502.36
163998.51
63543.98
147852.20
291890.82
132082.82
307915.21
195940.97
156806.30
83959.17
170639.46
264889.00
52079.95
81123.95
212145.04
183170.18
193209.57
71202.02
88676.89
300880.21
77993.15
25681.75
96529.52
202243.96
79841.61
247519.38
45534.29
144607.99
192618.00
241114.23
160346.32
226495.04
186589.33
168502.67
58771.38
80605.18
133963.24
151818.48
16726.22
299030.97
189101.65
218316.95
285501.72
306264.93
52415.05
104484.64
327544.96
252036.93
212407.27
200889.47
221938.59
208273.36
73991.61
222534.28
43119.63
56125.03
216172.56
33304.51
134019.94
181614.65
352930.28
54973.44
129310.91
98323.65
145763.15
42164.61
11470.73
134289.94
310224.51
270532.57
112749.17
65158.77
267248.13
204670.39
130167.90
106601.19
134004.48
324129.89
226114.76
111094.02
225791.44
265894.86
187266.08
70050.60
38629.78
295652.72
114685.86
179095.94
259746.27
54392.23
220256.67
228740.56
28827.65
51280.90
70934.11
53033.70
163912.89
178767.97
82263.53
89322.07
66338.17
250985.60
88709.45
103020.70
76046.63
139135.52
203013.35
40812.28
149124.12
64927.61
160432.93
130200.18
132974.39
94589.64
34648.13
233372.26
42790.58
236992.13
151712.26
87322.18
105593.51
206306.10
69983.24
158718.02
114732.03
84876.13
92068.54
57162.69
10900.52
208645.20
77126.83
256995.88
41360.02
136302.58
135967.66
15460.88
265996.89
21109.26
51872.84
199987.79
115371.50
250647.73
100061.98
203887.30
199682.09
11515.12
192479.03
51233.59
131118.06
84345.46
206097.13
36525.42
127173.94
49945.23
113715.43
88234.43
319172.21
219787.44
246823.48
58552.34
76457.49
144677.25
52947.88
278686.20
117976.65
184952.12
233616.66
44781.85
86939.11
127583.29
190898.50
273877.38
129116.09
197613.96
242118.33
195880.05
207886.89
35607.50
309290.84
118591.86
80257.54
85600.22
167687.98
118729.97
170254.31
191262.68
90663.31
291887.88
195907.93
80687.40
136440.15
166114.01
167222.54
76091.48
127965.42
141545.51
191543.42
52582.14
100354.48
94520.74
40916.16
138979.95
14467.44
31780.51
49230.22
64557.78
16817.58
176545.80
222509.30
42159.29
264046.43
142538.66
79219.57
210663.32
3187.53
6164.33
26091.33
84606.75
24681.62
222786.93
226623.23
29967.55
91368.78
75009.33
174484.72
90736.00
33721.08
199133.16
96622.58
122690.49
205967.62
23128.42
19171.55
117680.24
110552.94
128532.30
132009.27
262272.19
202632.10
127116.16
88825.37
141271.46
176563.84
33983.01
220551.01
248412.27
183142.35
160219.03
137299.09
40394.17
120890.05
168135.01
102311.03
165464.41
106254.62
82367.84
116414.36
26742.00
130404.58
195117.38
28586.12
43888.55
108539.50
301941.91
50223.98
31962.55
266345.75
132748.55
30442.16
199418.72
218549.14
105186.03
43979.76
242476.42
187190.68
302664.97
129557.06
213643.14
239813.02
71404.53
117170.47
24280.93
334409.53
102661.34
102300.20
299242.57
59721.49
76456.96
25111.33
140463.65
20658.45
205426.01
99553.03
84159.62
45324.42
58124.76
124869.31
94052.31
221030.21
269800.76
64825.99
119641.34
91977.63
76738.14
217541.75
210028.75
114595.81
200284.40
72874.11
329037.64
262806.34
111215.75
149462.77
170881.45
181235.41
71610.20
66489.27
212571.10
235831.97
138867.52
118737.68
243196.79
92136.00
209552.86
73310.14
62887.01
242606.11
188927.89
208311.49
58877.92
197899.83
101676.15
33057.90
259737.05
137384.47
193535.33
267799.08
153326.19
75944.94
46291.84
193543.42
65023.88
31039.24
46327.16
80255.38
190933.17
297972.03
16096.79
83061.21
94578.62
175155.50
146178.73
279625.69
105072.23
67739.92
190147.95
66373.24
155200.06
208526.10
209108.78
66582.59
228801.89
128875.08
45384.02
89075.38
150879.10
203905.86
264016.57
297602.06
179743.97
70350.75
221102.52
241872.84
292584.05
111784.27
213732.27
187274.69
39024.22
218626.51
78974.43
144914.90
93196.50
98788.23
61225.66
147390.80
212628.40
142241.22
42108.40
52392.05
273112.24
34481.81
120294.17
83456.02
188872.46
17746.92
117919.06
197771.94
57833.40
34967.93
128680.63
105611.27
254562.13
98305.56
80963.87
43494.68
140129.35
148670.40
128055.97
218309.53
258236.05
57569.41
91851.01
51912.48
66724.03
159312.55
54783.45
166126.51
9150.95
363797.22
68878.10
148507.45
111967.85
208320.24
50404.98
120116.10
168920.46
230530.21
237093.26
29907.98
151369.27
113178.96
209980.54
124092.77
19510.11
183074.63
140146.64
36603.23
181784.85
119558.13
149728.63
83189.94
19580.03
14767.65
23273.14
57799.13
111797.87
146823.55
64084.61
141735.63
47249.19
107525.45
181928.65
205130.47
62262.49
60118.45
264920.35
168699.53
13654.11
80783.23
76227.52
248592.09
205507.31
33868.52
179909.80
44569.05
157434.38
74936.56
184617.10
260747.22
234892.47
220284.43
315224.69
53438.00
78086.49
151857.95
11229.99
277516.87
298443.50
4140.39
35611.33
117053.61
214199.20
111883.35
133681.37
56143.93
76974.92
147632.38
160314.66
155392.73
58361.89
61750.83
165091.03
122144.96
257445.36
198035.60
83309.33
163818.46
38972.50
172029.03
30399.03
135491.75
32190.75
101473.31
220903.43
96475.57
202211.17
200632.01
55947.72
127135.06
60387.80
143829.14
93577.07
