256001
256002
256003
256004
256005
256006
256007
256032
256033
256034
256035
256036
256037
256038
256039
256064
256065
256066
256067
256068
256069
256070
256071
256096
256097
256098
256099
256100
256101
256102
256103
256128
256129
256130
256131
256132
256133
256134
256135
256160
256161
256162
256163
256164
256165
256166
256167
256192
256193
256194
256195
256196
256197
256198
256199
256224
256225
256226
256227
256228
256229
256230
256231
256256
256257
256258
256259
256260
256261
256262
256263
256288
256289
256290
256291
256292
256293
256294
256295
256320
256321
256322
256323
256324
256325
256326
256327
256352
256353
256354
256355
256356
256357
256358
256359
256384
256385
256386
256387
256388
256389
256390
256391
256416
256417
256418
256419
256420
256421
256422
256423
256448
256449
256450
256451
256452
256453
256454
256455
256480
256481
256482
256483
256484
256485
256486
256487
256512
256513
256514
256515
256516
256517
256518
256519
256544
256545
256546
256547
256548
256549
256550
256551
256576
256577
256578
256579
256580
256581
256582
256583
256608
256609
256610
256611
256612
256613
256614
256615
256640
256641
256642
256643
256644
256645
256646
256647
256672
256673
256674
256675
256676
256677
256678
256679
256704
256705
256706
256707
256708
256709
256710
256711
256736
256737
256738
256739
256740
256741
256742
256743
256768
256769
256770
256771
256772
256773
256774
256775
256800
256801
256802
256803
256804
256805
256806
256807
256832
256833
256834
256835
256836
256837
256838
256839
256864
256865
256866
256867
256868
256869
256870
256871
256896
256897
256898
256899
256900
256901
256902
256903
256928
256929
256930
256931
256932
256933
256934
256935
256960
256961
256962
256963
256964
256965
256966
256967
256992
256993
256994
256995
256996
256997
256998
256999
257024
257025
257026
257027
257028
257029
257030
257031
257056
257057
257058
257059
257060
257061
257062
257063
257088
257089
257090
257091
257092
257093
257094
257095
257120
257121
257122
257123
257124
257125
257126
257127
257152
257153
257154
257155
257156
257157
257158
257159
257184
257185
257186
257187
257188
257189
257190
257191
257216
257217
257218
257219
257220
257221
257222
257223
257248
257249
257250
257251
257252
257253
257254
257255
257280
257281
257282
257283
257284
257285
257286
257287
257312
257313
257314
257315
257316
257317
257318
257319
257344
257345
257346
257347
257348
257349
257350
257351
257376
257377
257378
257379
257380
257381
257382
257383
257408
257409
257410
257411
257412
257413
257414
257415
257440
257441
257442
257443
257444
257445
257446
257447
257472
257473
257474
257475
257476
257477
257478
257479
257504
257505
257506
257507
257508
257509
257510
257511
257536
257537
257538
257539
257540
257541
257542
257543
257568
257569
257570
257571
257572
257573
257574
257575
257600
257601
257602
257603
257604
257605
257606
257607
257632
257633
257634
257635
257636
257637
257638
257639
257664
257665
257666
257667
257668
257669
257670
257671
257696
257697
257698
257699
257700
257701
257702
257703
257728
257729
257730
257731
257732
257733
257734
257735
257760
257761
257762
257763
257764
257765
257766
257767
257792
257793
257794
257795
257796
257797
257798
257799
257824
257825
257826
257827
257828
257829
257830
257831
257856
257857
257858
257859
257860
257861
257862
257863
257888
257889
257890
257891
257892
257893
257894
257895
257920
257921
257922
257923
257924
257925
257926
257927
257952
257953
257954
257955
257956
257957
257958
257959
257984
257985
257986
257987
257988
257989
257990
257991
258016
258017
258018
258019
258020
258021
258022
258023
258048
258049
258050
258051
258052
258053
258054
258055
258080
258081
258082
258083
258084
258085
258086
258087
258112
258113
258114
258115
258116
258117
258118
258119
258144
258145
258146
258147
258148
258149
258150
258151
258176
258177
258178
258179
258180
258181
258182
258183
258208
258209
258210
258211
258212
258213
258214
258215
258240
258241
258242
258243
258244
258245
258246
258247
258272
258273
258274
258275
258276
258277
258278
258279
258304
258305
258306
258307
258308
258309
258310
258311
258336
258337
258338
258339
258340
258341
258342
258343
258368
258369
258370
258371
258372
258373
258374
258375
258400
258401
258402
258403
258404
258405
258406
258407
258432
258433
258434
258435
258436
258437
258438
258439
258464
258465
258466
258467
258468
258469
258470
258471
258496
258497
258498
258499
258500
258501
258502
258503
258528
258529
258530
258531
258532
258533
258534
258535
258560
258561
258562
258563
258564
258565
258566
258567
258592
258593
258594
258595
258596
258597
258598
258599
258624
258625
258626
258627
258628
258629
258630
258631
258656
258657
258658
258659
258660
258661
258662
258663
258688
258689
258690
258691
258692
258693
258694
258695
258720
258721
258722
258723
258724
258725
258726
258727
258752
258753
258754
258755
258756
258757
258758
258759
258784
258785
258786
258787
258788
258789
258790
258791
258816
258817
258818
258819
258820
258821
258822
258823
258848
258849
258850
258851
258852
258853
258854
258855
258880
258881
258882
258883
258884
258885
258886
258887
258912
258913
258914
258915
258916
258917
258918
258919
258944
258945
258946
258947
258948
258949
258950
258951
258976
258977
258978
258979
258980
258981
258982
258983
259008
259009
259010
259011
259012
259013
259014
259015
259040
259041
259042
259043
259044
259045
259046
259047
259072
259073
259074
259075
259076
259077
259078
259079
259104
259105
259106
259107
259108
259109
259110
259111
259136
259137
259138
259139
259140
259141
259142
259143
259168
259169
259170
259171
259172
259173
259174
259175
259200
259201
259202
259203
259204
259205
259206
259207
259232
259233
259234
259235
259236
259237
259238
259239
259264
259265
259266
259267
259268
259269
259270
259271
259296
259297
259298
259299
259300
259301
259302
259303
259328
259329
259330
259331
259332
259333
259334
259335
259360
259361
259362
259363
259364
259365
259366
259367
259392
259393
259394
259395
259396
259397
259398
259399
259424
259425
259426
259427
259428
259429
259430
259431
259456
259457
259458
259459
259460
259461
259462
259463
259488
259489
259490
259491
259492
259493
259494
259495
259520
259521
259522
259523
259524
259525
259526
259527
259552
259553
259554
259555
259556
259557
259558
259559
259584
259585
259586
259587
259588
259589
259590
259591
259616
259617
259618
259619
259620
259621
259622
259623
259648
259649
259650
259651
259652
259653
259654
259655
259680
259681
259682
259683
259684
259685
259686
259687
259712
259713
259714
259715
259716
259717
259718
259719
259744
259745
259746
259747
259748
259749
259750
259751
259776
259777
259778
259779
259780
259781
259782
259783
259808
259809
259810
259811
259812
259813
259814
259815
259840
259841
259842
259843
259844
259845
259846
259847
259872
259873
259874
259875
259876
259877
259878
259879
259904
259905
259906
259907
259908
259909
259910
259911
259936
259937
259938
259939
259940
259941
259942
259943
259968
259969
259970
259971
259972
259973
259974
259975
260000
