6298
106
6538
4613
1174
3847
1183
664
698
3688
4556
1124
5848
5026
1181
3325
5698
1814
241
6641
655
5006
5677
6124
2506
2012
604
1657
398
6662
6862
5983
973
4445
2537
2575
6878
6935
6349
2723
1816
3566
2368
6277
1111
2761
4016
1694
94
1691
1414
4826
7493
488
2437
184
1259
1525
796
2656
6016
5248
4513
6995
1747
4450
5707
25
5785
3646
3139
7093
4708
3667
1714
3698
5542
38
4871
3199
1681
2098
2653
4927
3686
6104
5749
3478
2086
3169
5891
4441
3701
2656
1870
2248
4027
1946
7204
4385
3035
3355
265
539
5396
538
5866
7060
2938
886
4517
3113
7276
5176
1618
6958
2347
1693
3314
7490
1940
2908
2935
7243
6958
4006
4327
4783
1963
3485
5051
533
5665
3268
2915
7202
2917
544
6053
6277
2285
442
74
3449
148
7304
7039
3859
217
3316
2626
5012
6287
3481
3187
5099
6059
5960
206
6082
1715
2486
5753
6121
3125
5419
5507
812
5560
6917
3482
5260
2380
1484
2843
2756
7348
1666
4882
6082
2428
4829
5923
1663
4121
1406
1948
5986
3814
2717
2749
5962
2473
797
6062
1415
6818
7240
4109
6304
1186
6103
4393
6700
4346
3817
7349
2548
1972
1321
2356
3019
7150
544
4642
4063
3164
6559
221
1874
2596
5893
3928
433
5354
5626
4372
2879
5390
2842
191
845
3967
3532
3152
6124
893
3100
4939
2161
5545
1768
7048
3700
3652
6122
2260
4336
3916
5005
5651
7454
3031
397
5872
7342
3692
3383
2563
7375
6058
2675
6895
599
355
2008
4630
2308
1618
5501
6988
3043
1843
3868
3395
3311
3088
7148
1093
5048
2170
395
1834
2794
754
1853
3053
6047
5728
1
1775
766
2974
1348
5674
5779
724
2281
3836
3092
5339
2297
2668
3211
7439
1202
2054
2410
422
1054
1511
5815
6740
6725
1612
2054
4087
6376
2359
6115
4513
394
6266
3305
5054
2521
3949
4600
6736
6565
2933
6959
496
7315
4399
3317
6880
4583
3356
3289
7061
725
4489
4168
1696
2282
1748
4432
5920
1684
700
916
4850
3929
3304
6077
739
6661
5245
3208
1663
6328
1513
523
4636
6787
5803
2398
113
665
7210
6412
847
4696
6863
3673
1573
6160
2584
2239
181
1168
5702
5687
4030
6994
1304
3920
2989
5735
4241
3092
6316
7168
6826
239
6805
3947
4571
2680
7166
7405
6020
3097
6097
757
3214
7141
6673
4784
4232
1516
7051
5626
3607
1543
5335
1103
5509
4234
3088
6934
674
2875
818
7433
4372
2716
553
5999
5629
4126
4846
713
1415
4099
4993
4174
1684
5905
2158
7451
7451
6280
5758
1171
4859
5569
5983
2524
1843
5260
211
5671
2303
2359
134
3490
6442
6526
6895
2464
3943
4001
859
6991
2374
3115
7379
47
1234
6593
403
3652
5464
3451
2053
4252
706
5363
6895
4007
6083
3989
256
1268
64
2605
4726
89
5050
2647
7321
3818
3442
1871
6035
1438
4981
6859
6044
1952
4112
6475
4049
1535
4594
2338
6403
4642
6020
4013
3415
5230
3301
3811
7201
3323
6373
541
2458
6311
2824
7118
2590
1984
2017
1106
277
5318
3994
590
3668
3703
2542
1552
3229
4961
5830
7306
130
6622
2941
4919
2836
5737
5785
3556
4369
1331
1241
5140
6043
4681
3982
7348
6436
4561
5153
3454
1349
505
1924
1489
2932
6151
4327
3646
553
6841
412
7315
2687
1795
6113
4069
125
760
1486
2065
6553
5131
256
6787
6796
6056
761
7427
6377
3190
454
2537
6983
4192
5110
6202
3353
1681
4061
1150
7025
29
4100
6274
4643
226
2207
6148
6473
3901
5971
4579
1525
3566
4691
1162
388
3071
5437
2866
3110
914
1309
1994
595
5404
4357
4990
4553
7309
4259
824
3457
6376
274
6682
4801
5350
6119
449
3581
6224
7
5092
3065
2887
1631
3886
5614
1063
4088
1537
3091
2303
968
6431
1286
4985
628
7142
3250
1562
6208
1852
3667
5995
1976
2338
892
7099
1582
14
1012
509
3316
932
5143
7108
7274
3679
3902
391
5200
7451
7219
820
2476
995
7147
5302
7172
5426
640
1840
169
6977
736
769
5584
19
6884
562
1591
6509
3556
782
2852
3298
2950
5929
1954
4201
277
5257
5998
2795
1373
4583
3037
1390
5002
7306
1129
3745
4951
6551
2176
1465
2563
3442
6781
1636
1252
5144
6694
1588
1237
5732
5347
3347
1646
3835
5786
3424
3776
6730
6326
3761
4591
3695
2992
2606
6508
2198
70
7097
1972
1586
2564
406
6521
4285
4100
817
2777
7055
869
1325
2738
3544
6217
5051
3044
6505
1090
6566
5617
5875
2224
5926
3319
3784
3155
6563
3337
902
4414
4934
5147
6871
482
7196
6103
3679
3643
5377
1591
6571
7102
4777
3160
5839
7481
6238
6464
1891
6058
3304
3397
5758
2948
1108
7111
2668
2371
3376
4522
1451
2737
211
992
800
3718
4151
3469
4024
250
1726
6790
2248
1936
2323
6424
1402
895
2110
508
1222
4352
4421
2209
5206
6788
814
6067
4313
2087
6698
5744
6268
4694
6364
3781
2935
1723
1711
5615
6781
2134
3140
5953
6707
47
1354
7148
7331
1621
3811
5242
1130
700
3751
4643
3724
787
2389
7424
7417
5236
6083
272
235
1774
3823
7468
2329
5540
7103
977
1718
6589
3532
7057
298
4649
3206
4471
5062
1096
6974
6571
4409
1345
2009
7294
1780
274
1763
4816
1738
3571
4744
3590
3331
3442
7207
1570
3955
4546
5935
4283
23
1043
1615
2224
5191
5122
865
6985
6248
4313
2405
2062
3439
5735
635
118
25
2291
3664
4090
4114
6409
1930
1349
1079
5221
139
7420
2126
7483
4367
2780
3232
2635
4693
1877
604
6979
2980
3635
7067
3649
602
4432
5228
5035
724
4313
2398
3487
3052
1333
6742
5285
2071
1709
2618
6631
5308
4334
3218
1771
3742
7117
332
6664
3413
3295
6613
1216
1555
2242
4678
6746
6971
3151
6821
1609
5749
