132772.52
113303.28
112943.84
201974.60
9457.63
134913.76
38523.26
98611.67
306470.01
166920.76
124901.47
146309.11
166001.02
97375.33
31425.50
161986.90
116632.65
42955.69
16754.18
141869.55
190416.67
169835.23
82083.18
165707.04
259935.95
226476.64
39811.14
60280.95
158233.18
186372.29
204734.13
335162.56
261057.93
141711.33
9578.30
50330.48
116381.28
123157.02
92044.92
6192.11
51824.73
269031.86
44180.26
270966.07
247684.65
107940.41
70131.30
123758.85
73426.41
189952.25
31330.21
85063.58
143608.16
150948.81
293040.74
106070.24
226929.22
67883.27
222390.44
135721.36
274028.42
131818.47
8045.69
194052.33
290917.51
82925.08
225218.62
149975.67
42368.71
127575.06
105962.36
74019.65
221406.22
164817.70
204375.41
56636.74
175399.39
41476.88
118247.43
208160.52
225102.93
149005.15
232401.93
265649.92
61105.60
145399.29
197271.27
72057.35
173743.51
46566.21
259827.47
255125.84
166691.02
93684.86
218845.24
197461.73
219349.19
107899.10
195312.26
166499.03
183692.54
41557.88
209977.10
247142.16
136984.99
64379.19
96497.34
166501.97
56650.16
29497.74
37452.67
195497.20
289903.17
78842.88
341314.10
270184.85
138793.86
199204.90
23162.43
161636.70
246186.63
51808.14
145666.95
293196.71
132801.71
220035.60
293027.42
225612.64
107603.61
108215.79
202161.64
348163.87
37195.28
45877.15
141166.64
33600.66
281780.28
354451.86
167348.87
93008.53
71502.92
115986.66
238876.76
61234.53
151949.06
95713.08
29307.80
287474.60
101641.30
50694.40
300718.03
125411.50
188154.99
228047.54
267742.24
55574.53
131468.27
143849.84
44055.47
321065.75
39135.95
92165.07
205671.82
125898.54
39923.68
44174.47
191769.07
164600.19
30381.80
154436.72
411113.82
188223.70
279405.88
109874.84
122774.32
192452.95
83815.82
179596.36
152936.22
264866.88
15619.43
352302.25
223096.21
162578.67
125044.53
139180.55
133734.16
183333.24
173280.04
59459.93
227651.62
66148.64
33026.15
239729.43
14137.13
157170.94
199154.50
109810.48
94307.93
95310.07
104336.99
37078.70
179559.10
153624.65
181716.10
308704.15
172144.43
214691.68
119495.36
216023.77
128664.27
108446.65
105798.81
155319.09
169648.83
133027.20
62333.84
149486.54
92076.71
287850.14
293613.84
223853.39
239254.65
138844.78
179487.61
106904.56
68010.81
183520.75
65040.16
198803.71
48209.99
260787.00
3160.93
42804.62
98686.36
60123.78
233557.24
181403.55
19471.25
95825.44
288042.89
99839.16
231946.87
191644.91
316515.75
234892.27
155778.65
77980.59
150363.56
291994.97
154483.17
160512.32
143325.80
254887.81
38800.94
151447.00
26152.01
42982.08
185975.29
48902.48
119227.62
194297.42
200847.28
131482.05
98156.56
136373.49
189087.62
101836.63
41087.56
27640.31
76337.54
54716.15
212472.53
43013.58
171353.62
94677.81
96615.56
23404.17
332379.92
63229.35
80769.40
68728.53
69279.43
46794.57
228068.29
34740.72
168474.23
241625.62
216567.23
313706.96
4532.12
187044.42
2622.75
256194.77
53674.79
208325.01
31275.15
104545.93
63503.30
288420.50
308204.57
27018.80
207393.46
190837.57
113757.06
175127.70
215269.47
142907.82
179312.96
42948.67
188951.54
36472.60
40467.05
224443.58
38260.02
226838.11
119827.51
212494.22
161832.61
48479.60
120248.00
77866.77
45027.31
110910.77
17033.72
168667.10
78754.70
196086.21
271937.61
117371.57
95656.44
212909.59
53698.90
148628.72
189982.82
104939.49
14342.79
158282.20
83104.30
48456.97
146272.94
101021.69
33878.26
67756.95
312629.00
102302.19
214287.84
93540.37
286107.55
101956.95
286750.85
101280.95
248824.82
14094.53
181166.72
140223.26
270969.03
167657.55
178220.12
184057.03
293183.09
24900.97
293525.03
257198.94
196729.66
165235.77
40946.08
246901.55
111621.77
311773.55
60478.62
186917.01
153052.38
171826.92
48082.15
20952.56
196701.20
48850.22
176362.87
27515.88
131374.99
39693.95
275829.81
7787.55
61380.89
107553.23
74105.33
70206.30
134025.22
153103.12
207957.11
154285.10
40503.23
237114.57
192184.20
139168.16
234474.86
300158.33
179436.66
276232.55
129012.74
229817.84
383310.95
95078.83
1063.16
9702.35
50631.99
131568.16
67926.47
234054.91
197663.03
112543.38
294426.27
373864.91
233294.84
8908.97
142975.17
162418.37
87121.21
124519.05
63561.54
352209.90
71998.03
61601.11
227792.81
8463.15
144168.81
13535.65
66961.75
94365.12
201401.32
29826.53
173657.74
231238.37
200710.76
99635.15
193362.28
313191.98
120558.27
254095.43
107813.78
221069.19
208309.12
57725.49
171131.98
44079.33
214002.95
200590.54
100609.23
150779.75
169737.05
185615.76
177405.02
140746.27
267800.01
149207.78
300616.34
97868.06
92064.50
215301.86
70436.69
56566.22
199653.48
179776.17
62492.04
230798.83
84083.46
210830.74
275268.40
169973.31
157365.86
127501.21
242466.38
152859.29
70271.04
120777.44
108050.69
9642.93
72750.17
113955.68
117982.00
223899.56
119487.05
31013.84
110805.49
177637.19
11179.98
188506.51
149740.80
287629.92
90990.76
187534.89
48126.27
38560.28
59946.46
195273.95
14057.70
184541.05
118604.18
170396.62
64945.08
169289.48
118970.78
131751.41
48598.29
51673.44
279275.41
98815.01
135861.47
246542.63
251681.55
217252.09
96078.91
15151.84
116549.36
134412.09
35225.23
190682.20
85204.17
54187.49
107953.90
102350.55
23894.20
84525.02
167386.56
218882.21
74724.74
108937.94
98199.29
99051.31
40510.72
142475.62
161356.70
287588.09
274087.08
193236.35
330366.21
41992.83
300470.22
255739.98
48330.88
26120.35
278643.13
96915.62
231850.56
69476.98
130027.50
163632.78
137999.30
254957.01
91446.58
258326.97
4806.30
236590.00
97421.48
111523.02
80592.33
79934.34
293683.98
128340.33
166559.41
62798.14
70112.12
172032.93
112108.62
268916.73
218731.29
268650.45
213406.18
47576.63
76644.81
24264.27
117135.97
267001.98
219115.50
80778.55
136352.99
27117.50
108055.67
156071.40
78660.23
34302.96
280068.37
76461.11
201444.77
164384.33
87028.44
90716.44
61730.66
166911.67
29406.31
102059.65
53382.11
211312.35
51392.77
246259.09
217095.73
52109.01
24402.08
30462.52
165174.16
16730.61
123944.42
46672.77
209264.01
51526.08
68638.50
181193.92
173508.88
201778.98
144129.24
98909.13
108858.30
59913.17
285186.38
81529.65
7125.52
150938.78
298132.74
36577.10
146025.17
228801.95
189591.62
66924.78
47055.60
194762.33
168490.76
232697.25
294445.03
94607.72
259492.74
113824.93
130048.01
62032.77
227093.16
71400.72
144508.57
30541.28
40269.11
91205.92
227192.20
223454.91
300916.82
67413.21
112941.16
162507.36
176874.64
70716.03
103200.49
111125.83
247453.45
76120.36
184666.60
95493.25
156573.97
61182.89
47051.04
278929.00
226608.07
75209.67
103225.44
175531.96
166692.32
125104.75
52197.77
265504.99
46422.02
160726.17
174994.04
104237.76
154657.06
37145.59
272107.33
125677.18
10392.22
50813.65
145556.19
245819.16
109843.14
346199.16
32235.56
193676.14
73499.88
207651.95
139842.69
247836.85
46528.56
114956.24
234707.47
199217.55
227475.85
113993.72
109030.14
29880.03
135007.47
284538.69
56198.75
24602.03
102457.75
81352.22
56569.10
21690.55
171157.67
227402.34
345653.91
2130.03
150177.97
202551.30
72986.54
219176.29
80551.30
72090.20
98946.93
166829.10
253251.62
207471.67
147307.07
156260.19
94590.27
154483.65
330920.68
237316.12
108965.94
277960.29
285631.81
79945.27
66112.45
34783.65
177899.06
60730.08
65651.17
167656.01
157348.57
184397.13
207664.33
83201.69
212132.15
285827.80
141800.34
213143.81
387237.94
112167.66
102486.28
329300.47
180490.22
139926.41
281595.70
146110.61
44572.26
179619.90
115485.78
77735.14
146355.00
227690.70
55191.51
179431.68
86721.72
36812.61
133713.04
255502.34
98640.00
147235.03
213254.29
41577.54
185900.26
54506.37
197791.89
63622.94
131326.42
38798.90
237605.32
81713.20
248271.31
63490.85
234255.78
119803.89
60342.73
231455.93
195842.59
50064.41
53975.44
88188.62
43324.52
174196.52
184982.78
214435.72
171496.30
224018.04
164088.89
65539.19
177748.36
117914.50
219794.58
55214.77
212053.41
206822.01
26452.10
178377.43
138699.50
201889.12
164384.01
221348.97
76303.70
293908.42
242005.75
71254.42
119195.74
230430.37
11655.39
22505.02
271782.44
169751.05
254239.58
186240.47
98295.55
168926.72
183606.19
184206.65
137264.95
145287.41
50643.85
42859.88
303245.17
95080.47
150724.42
101516.55
138951.95
278597.94
47404.60
176730.21
222681.05
67875.35
198165.76
213732.16
123183.39
189543.39
217261.42
165557.19
127400.23
162388.58
213640.37
289020.88
149301.99
278982.94
53874.17
132359.73
71900.80
20595.61
46571.64
126462.66
104099.25
95429.80
134238.63
103771.82
87227.60
129815.47
195738.11
209574.59
214002.71
40470.77
282093.86
133423.61
38037.67
262079.88
67958.40
55177.16
137559.07
32713.83
40472.38
115217.02
136603.24
74846.88
317872.17
248246.95
61815.41
61775.50
217426.73
43700.83
51142.94
162133.97
274372.24
29754.77
40751.22
87110.88
89969.50
250558.84
248770.00
115577.40
47907.35
233281.52
191200.40
196929.55
128285.87
79053.47
106743.93
215229.76
55898.73
33328.67
334021.80
63459.16
207858.43
266364.75
24816.85
197303.42
304093.11
86129.02
146714.46
69736.00
57043.86
68126.06
49940.99
178216.39
52492.04
235910.74
81696.26
119339.17
158734.84
85529.83
130409.72
138606.38
77042.95
21688.42
271107.90
64180.68
352318.05
143013.48
291842.94
310489.97
43950.63
199444.13
93088.28
132141.42
123980.88
156487.99
46157.04
18426.65
247233.74
28039.22
225632.37
142075.73
39308.06
164160.10
48951.14
88635.19
162261.62
118124.11
19659.54
206037.38
25621.40
156868.90
168849.82
249840.28
63026.85
125702.63
51035.54
145416.15
120269.77
250867.15
89560.75
224848.84
51326.77
127855.21
99375.21
262852.40
203112.76
10539.05
241887.28
376143.34
226665.31
26780.50
111524.56
218446.70
144691.72
48307.27
35961.86
16858.84
161281.75
174080.60
161096.53
82943.71
94164.20
132756.30
128644.07
324323.74
249896.24
206386.38
37600.38
141919.80
158993.29
175991.73
70912.73
108695.62
109498.49
214536.14
194579.96
200233.27
58799.71
84873.67
114984.53
130182.65
