103451.32
112138.03
28284.05
255722.65
101611.54
181324.26
43750.41
273411.20
69561.13
164570.70
31733.44
76987.63
85473.92
275570.55
129532.76
220558.45
70257.60
148654.71
199573.10
98462.19
35454.36
117558.49
226896.82
83833.39
186439.12
251874.87
162944.29
131178.56
57056.73
199620.07
129414.84
152368.21
386162.85
88730.38
44190.33
163855.49
67090.08
61590.58
112163.67
65705.94
162496.73
63965.22
157068.46
216752.22
38125.47
252784.53
143596.53
109398.42
180145.90
31398.53
139146.55
98689.01
204226.82
299896.62
169036.71
92416.48
216621.04
5668.65
106674.36
71590.13
84640.34
252863.20
47262.37
127286.80
82536.74
53992.93
24679.75
149364.31
25623.71
143839.90
232193.13
200491.57
73441.42
208857.53
217422.30
103263.58
144149.09
93778.43
80722.44
83697.60
186132.08
204311.57
54307.34
49685.88
164714.11
70463.98
56489.15
340570.44
82721.90
275395.16
29532.37
300104.05
108364.66
251878.51
249535.62
69461.39
39155.16
122406.41
281095.60
226605.94
85506.14
100125.08
255095.39
64772.52
74233.98
38051.73
211633.46
171426.41
53285.59
212841.70
59513.69
237086.99
46274.11
92625.69
64839.35
217838.15
43025.24
147286.46
122851.38
133830.21
58090.70
233297.35
239824.60
60148.21
92629.44
82962.84
104722.74
138501.95
99025.34
26741.37
127157.14
174997.36
132147.35
127675.67
265863.16
46193.75
234406.61
325527.40
35829.44
292423.08
54842.90
156143.84
63318.14
32546.53
85568.98
213374.74
2115.10
254907.72
249891.72
206227.99
160976.66
195590.72
42528.07
38540.30
35572.44
72926.73
144625.02
72734.66
202523.93
109609.01
80531.70
225838.31
87770.12
235268.20
202314.29
237024.67
115619.56
100197.77
119140.28
134394.57
144321.45
106715.19
165159.23
157374.27
300116.64
116332.77
155912.28
153795.96
5924.63
242124.30
13210.79
18009.63
148932.40
108729.14
34008.45
205800.60
99864.07
240663.77
161499.48
255352.41
239577.84
37985.82
90319.98
111108.60
108165.39
113740.28
51895.01
177857.85
62860.92
45614.22
188810.66
195544.16
148331.26
177190.22
211865.89
32010.77
87713.82
151884.73
213227.57
176948.75
201024.83
199550.77
5364.96
88290.60
126966.66
109361.40
183570.71
89171.84
64425.00
104660.22
215550.38
227566.77
107743.22
127919.18
130273.23
280204.70
130129.02
20875.14
21014.03
246159.46
110453.01
168454.20
5169.34
55771.20
86916.20
7815.77
68401.17
232620.81
151531.43
71690.93
62951.16
59295.58
147773.53
9968.64
76596.34
143689.41
251497.77
180022.16
241156.12
231431.98
125985.96
43549.27
352854.01
234413.70
65858.16
276993.48
65719.72
52153.93
167269.30
305001.38
146045.39
282089.51
95275.07
135771.86
79896.40
32448.96
336624.23
165329.24
286039.03
204230.47
161166.22
35921.78
88306.62
25201.27
86599.03
92461.97
30543.11
9378.48
68480.15
26671.77
179873.30
287785.95
45936.07
14499.40
128350.94
47616.66
59041.46
225049.15
38943.11
273417.04
157757.37
21540.20
215368.50
225164.68
267688.34
31756.99
83551.29
18112.26
35174.89
34232.90
282212.40
39927.95
257906.49
74493.78
284490.44
247991.04
220311.85
24518.60
54714.17
209279.98
176888.19
156176.57
20921.93
45370.91
92493.62
52255.04
217502.15
49339.93
215336.11
50335.54
189976.22
2993.29
113029.02
138435.16
310534.56
44439.04
189636.10
209821.17
253246.47
75214.88
185422.17
65590.45
239627.88
27857.52
96013.14
65974.46
31942.30
258087.39
127194.77
5252.74
88304.38
72779.28
229860.88
171657.45
178342.42
34254.42
331587.13
116483.35
87613.89
97413.04
111733.66
13971.24
15264.56
171244.78
160770.64
151550.84
56835.96
158323.90
50592.70
132224.65
70806.28
75765.76
126725.88
139135.86
53352.85
139783.88
35931.53
9314.85
39692.66
103123.46
56538.86
41885.30
25807.10
93619.80
227780.91
269432.11
192587.84
5714.27
68489.20
166668.67
215098.96
292012.04
152570.11
150110.87
65950.33
185374.25
206066.91
264274.69
158378.73
163800.20
37972.29
304975.84
76246.71
13159.83
234429.53
168177.52
113217.01
327880.84
42928.72
115099.30
28641.85
118259.73
80652.51
94714.05
50238.05
123551.54
144525.49
65933.35
265097.33
175837.70
101230.69
53371.01
289537.25
40290.03
187287.06
224701.69
194217.46
143333.18
247874.32
206297.72
47646.14
176131.96
14603.87
224365.98
162965.87
15143.98
132640.98
196854.10
222584.48
288980.97
126517.03
26027.13
118927.50
239317.41
110093.06
152688.14
22646.06
99443.11
308037.91
139403.02
84427.60
272120.89
181052.72
285222.04
270012.94
228957.32
30167.17
49529.30
131891.68
41395.96
300509.72
144313.63
257572.06
89233.32
106516.55
32065.46
80099.49
25493.70
281984.77
154070.84
95885.71
255059.28
24514.15
196064.14
56499.23
4328.41
53592.83
38914.87
24059.29
268899.49
183520.49
821.70
143125.86
164227.22
144754.36
208310.46
76567.61
263182.53
1496.85
77907.56
56518.33
84110.24
284870.26
66607.37
18473.70
178822.49
47199.39
204109.31
152751.91
82792.40
188857.52
191282.84
110297.25
53378.74
64604.76
128344.15
35204.63
280650.58
40548.58
206147.76
141885.29
192693.21
79072.00
83497.45
176459.17
159700.42
168533.82
76988.05
181559.67
318659.35
176436.93
99889.86
48134.77
12723.68
213088.98
98258.34
58484.41
301154.94
272586.68
69371.07
162107.38
67353.95
171690.15
48059.65
7099.02
245638.69
208777.02
110613.95
151001.50
253248.24
57100.07
225387.12
221627.67
153065.70
70494.23
153866.41
88628.84
196525.44
263550.84
166025.04
182401.87
27809.68
20501.23
18859.69
74972.22
46504.06
85970.47
7286.78
158286.02
86477.57
99063.38
200410.69
288785.62
144498.90
192823.60
82364.70
206045.07
105135.82
320027.90
167375.48
16875.07
235861.04
44782.16
12089.75
275517.21
164127.92
202576.16
87057.39
40260.23
157727.74
107908.23
176637.24
205995.65
71361.57
168442.22
125892.00
244052.58
93070.82
257132.28
22746.87
168041.45
172785.06
90217.55
120377.87
40409.22
41378.38
218166.24
137315.24
290833.94
94095.49
252849.78
213486.68
121835.30
272634.54
64199.51
251369.07
87169.44
232305.87
120281.21
136439.01
243789.00
100904.87
140261.41
214865.88
44916.33
141871.35
247162.67
169154.66
327446.39
312418.03
213611.92
106229.08
142848.24
228742.65
118900.34
72497.48
132472.70
120083.29
152108.67
171706.04
178409.97
13000.13
107785.27
237240.60
227852.34
100271.63
172579.05
163960.91
46016.71
93706.98
215380.84
5932.66
121471.69
83610.92
256346.39
37170.05
230217.03
215110.09
249817.68
105305.86
163301.98
262257.96
156366.93
118616.62
150217.57
79699.88
162549.08
136365.31
61750.00
311225.83
132140.36
210243.85
20862.96
121561.77
79230.32
226544.80
185968.39
324548.43
225877.62
34478.45
18611.77
113679.39
258371.52
147884.17
125277.69
112852.08
15354.03
902.79
72451.96
101046.62
72355.03
190583.03
44847.00
30076.94
240921.57
208865.59
127281.01
178673.35
39368.82
72181.75
119315.78
48395.27
61047.04
67519.15
187166.78
169890.04
55274.87
78973.43
114084.08
49940.35
181882.41
70838.69
265944.08
201552.24
183998.65
49780.39
261367.21
96031.98
236924.00
62113.60
218263.72
59067.19
176250.44
89574.19
152324.41
86858.23
183446.84
157561.25
29149.23
25108.99
156350.66
70862.13
150786.36
216664.82
3495.55
72517.81
48768.58
8892.73
155946.36
33769.00
213269.29
107326.54
85342.50
52992.60
116192.40
70484.16
6604.41
136760.85
229515.10
56815.16
126923.92
105131.62
154846.80
260955.98
21619.54
228700.72
56810.64
4106.15
99051.59
280520.65
192086.11
262831.03
34052.23
139444.72
234664.19
32258.76
98119.12
207807.86
147736.55
56681.39
66944.49
153883.55
211509.14
95258.04
272307.87
72683.09
127190.88
7128.30
87558.64
272947.32
155983.20
70710.80
83305.50
111933.94
323525.36
312531.06
326253.31
74545.47
53846.62
44277.88
118366.10
250674.97
198730.28
295528.03
79524.57
37881.75
161339.70
185619.52
280097.77
119274.49
161533.41
206183.93
304182.60
368614.11
271089.88
262017.04
82314.70
150990.22
182749.16
145874.75
84497.33
24075.03
42646.40
9546.10
3429.14
128297.12
92623.76
242235.44
94367.50
216497.58
92939.28
76512.58
81744.06
280327.73
38884.24
81736.35
181551.67
204786.27
56302.01
146926.58
296880.13
204124.33
157871.51
202359.58
26851.24
152937.01
272055.78
76829.78
46528.16
143665.40
139977.80
201685.59
91695.90
66023.66
149354.30
146543.48
104299.88
146113.53
3330.43
141516.70
214063.15
179224.02
239414.24
72476.99
113043.75
64319.04
275490.36
76918.13
18525.14
168321.80
105223.48
12735.05
227384.59
239792.32
116097.04
43762.97
59184.06
120715.89
165121.09
228584.21
41831.97
176531.24
114324.87
83055.65
202785.22
137896.33
221427.04
142297.41
40147.98
345956.82
91194.01
191108.91
135993.44
135495.23
59643.50
22889.48
92470.20
147143.82
109222.33
129382.80
45926.80
98174.65
215253.81
88941.05
233700.55
124991.41
182635.80
216070.93
124454.22
47439.37
190372.69
82980.18
215635.81
201242.62
40415.63
64098.66
58884.64
194060.49
71934.82
175409.10
2816.49
76792.46
98923.11
336431.41
103946.86
25032.03
76796.67
172067.16
265913.12
167806.38
11074.88
129921.50
40662.71
145193.71
178923.09
32935.38
86658.03
90909.98
240691.09
187427.66
189554.21
235640.59
132756.64
50318.64
281825.41
15827.28
119519.04
192385.84
80946.56
155566.87
40699.45
90742.09
95251.32
120672.85
131592.50
91615.53
263146.35
35145.75
139107.85
236229.10
318823.17
206093.02
134888.98
102939.67
94138.10
132028.89
231623.61
114304.80
261208.53
93120.78
83296.16
141867.13
134789.12
148735.43
275914.28
24695.07
168537.68
11598.76
48159.98
269906.65
120871.35
166252.85
199030.05
111504.42
54652.04
54900.46
174453.44
74002.57
340591.70
1514.58
264730.75
265142.09
150199.00
82989.43
222750.32
3477.03
214069.15
310364.83
206568.64
283051.05
148969.47
166596.90
225843.91
216902.93
66907.58
21982.00
83320.73
79319.69
292904.94
111769.61
143580.54
200622.95
124486.01
110163.39
37683.47
282472.79
193978.46
146011.80
161169.91
244713.96
210787.56
87521.87
99052.83
73032.65
93066.57
76054.98
6823.05
227093.58
111606.30
170154.78
