174077.26
150057.41
257910.40
40597.40
406476.27
10530.39
60546.34
202305.00
147519.33
159949.82
20847.63
331737.43
272783.00
77479.48
183152.83
204997.07
193667.17
305407.30
308310.85
305974.12
13592.06
191386.87
198036.92
54897.53
194556.15
7961.76
111371.45
125373.19
212305.39
19305.72
267226.59
111036.76
90515.98
109279.15
88083.31
271441.88
16421.57
138050.40
115518.26
152400.11
234409.16
94172.77
221877.61
108450.21
91720.48
167603.57
204414.43
62259.70
74048.11
67114.35
132663.88
212562.73
158380.99
280766.46
173739.76
134302.01
249733.88
272358.33
131361.09
158871.72
54799.14
239345.29
187598.05
201935.18
38605.67
83536.03
245284.92
215992.84
199909.54
177257.00
229612.76
141025.66
124201.74
145698.48
33548.72
271279.47
184955.00
28140.75
142664.50
34434.83
203542.73
93252.62
181162.83
129127.46
211850.41
224745.10
88979.34
147843.36
64857.76
145865.03
74241.38
259653.41
198384.91
90336.80
31629.05
64166.72
119252.68
67239.45
98780.23
60142.80
216895.06
115040.77
106526.89
188501.78
150278.84
80729.02
136381.19
103329.62
211173.58
175988.85
284712.19
270978.81
393303.56
29172.96
202203.05
227040.84
305145.25
153978.67
118537.56
67013.49
182939.29
111674.90
9650.95
134914.55
37417.59
128870.14
287152.33
180561.19
183056.04
136141.80
163638.15
324484.40
107543.43
90531.11
17638.46
243510.23
225498.43
196695.23
127146.76
166702.68
31201.29
235302.24
302542.39
105259.73
1841.53
97678.50
274610.10
236913.94
220812.16
90183.74
239945.80
104131.16
46775.90
238405.15
11857.57
110057.75
181119.42
25280.02
135411.46
64467.85
209781.97
69696.17
236577.18
145119.42
127952.26
135515.58
172248.09
92602.33
129116.94
187877.58
251592.45
88180.75
115704.23
123626.10
334178.64
51109.77
54157.41
26278.27
134703.18
321318.70
9432.55
153949.27
227256.76
89237.51
31040.05
40859.21
128679.67
331764.53
275394.36
229431.04
173264.72
1258.68
74479.92
195803.20
156643.17
51120.59
286408.06
40229.14
22290.72
152677.58
88109.57
115182.33
23694.12
100201.51
48706.38
87470.31
128246.23
30070.66
226698.45
187184.93
270107.35
262162.83
124975.65
137521.55
173601.45
49325.82
145806.52
120638.76
282623.39
72123.18
174062.05
35486.62
89791.27
129943.24
204827.03
86283.73
254198.31
52649.19
30232.38
125031.32
67458.51
47974.48
123889.28
141709.03
5597.20
248117.89
50228.04
162957.06
205634.27
160437.91
112684.13
198578.56
106477.00
72351.30
152725.60
154061.33
66470.83
195474.53
193806.20
289461.99
50676.63
155164.20
214739.72
177073.30
174218.55
214474.16
130261.82
246288.66
226981.56
248848.45
25782.93
173601.41
99102.03
140748.57
126315.98
79059.09
121597.48
73505.47
193273.85
121684.60
193721.86
102817.80
168351.24
218157.33
176975.29
144305.03
149411.24
177344.79
222984.56
175716.64
67107.03
173957.11
65781.93
167313.13
263973.98
173611.51
15489.12
41978.29
255833.58
152085.98
200808.58
222017.83
261224.23
125130.61
31243.75
152451.54
163383.36
233578.61
121648.64
18068.96
14943.73
21230.12
78284.17
13173.50
4398.23
153453.66
100876.25
108916.32
134731.51
43534.22
185916.60
189296.69
254584.42
133723.53
196593.43
101357.33
12059.13
211251.06
212649.32
132694.98
157036.42
22491.63
207457.53
260356.80
64346.53
219093.71
240976.90
259832.93
373004.01
129046.93
292863.40
14065.55
201560.14
357016.49
271050.64
111420.23
92252.68
316295.64
194019.20
219309.24
13175.05
46340.17
137854.68
119462.69
35252.32
188785.17
154373.30
72678.80
264244.73
209426.32
176337.46
150063.13
159110.45
111606.17
270211.95
29331.69
107546.23
134821.76
230479.33
107909.65
120394.83
167813.22
31671.05
194603.32
217434.52
39359.48
28154.16
204790.01
122851.12
116688.20
213343.75
204182.86
70752.40
86723.83
195345.99
85625.35
70766.72
162785.41
253565.98
110021.70
193361.98
142888.47
86782.78
2983.16
39492.30
33451.47
23330.97
78551.87
44203.58
101130.55
56208.47
239851.91
131718.11
171904.79
241655.51
92623.62
122552.93
236162.53
113256.55
308848.53
319308.45
95731.39
94577.79
21151.96
139612.28
169128.74
5224.92
76853.55
110272.44
60258.36
298549.26
184981.83
221280.02
64468.00
71429.74
42541.72
178284.64
210335.16
164518.30
71107.92
130916.65
97397.43
5290.06
149761.82
147852.76
246523.25
222591.61
100684.81
55733.56
215313.33
58197.77
89226.91
203482.38
178281.16
221340.95
284583.37
250048.15
1735.23
238655.98
224408.57
289510.27
330171.79
118961.82
40850.66
237052.60
87091.58
249680.02
202774.33
251207.87
263261.71
219752.87
98028.43
88009.26
42288.63
228290.87
245819.21
148216.71
7851.10
77573.33
65612.47
97184.34
253147.55
12417.12
260895.76
329641.72
128374.98
71200.08
156550.74
152121.08
134952.55
93582.82
188240.42
52234.76
82637.50
29365.41
76694.39
81691.78
311458.93
142436.29
208111.89
32635.20
97905.16
48070.77
211778.69
180709.31
220945.98
270720.34
121925.32
180802.37
187116.46
252111.88
149732.77
195084.66
221678.02
141755.93
221295.79
40840.28
154681.49
103144.73
47445.02
172307.78
200448.06
262766.95
236703.73
27099.39
114114.65
4150.31
118153.21
47691.63
169868.70
102869.12
105208.03
81518.48
80103.13
51018.15
340536.69
67518.70
60418.28
71194.67
87875.32
132395.46
143461.85
159148.29
174396.09
43675.44
107012.99
156298.38
178954.33
88928.87
166369.38
78235.32
152413.83
105838.66
188219.41
348003.05
79456.57
197128.77
207843.56
180115.03
142406.00
273575.01
156333.10
233252.83
170321.72
80226.13
10465.68
195490.72
157387.03
197904.26
126961.53
53071.71
131327.92
77872.63
171643.02
29986.92
55424.40
235913.46
151962.84
53322.33
127163.93
165634.98
207356.84
205446.15
154705.87
61003.45
111478.83
152992.23
199510.62
384169.68
207468.75
73059.16
202361.30
20185.56
213066.40
37235.79
102729.30
55758.89
99949.93
211721.12
203443.51
204671.64
147175.23
3223.16
71309.47
256587.35
9614.53
139052.28
124876.83
132056.53
11862.90
174694.73
286236.69
246696.44
132683.75
90825.40
185803.46
64266.93
249698.02
32730.11
175001.69
148550.99
116131.51
115403.53
114393.96
217814.17
260917.77
201562.89
147253.89
321324.93
117914.45
286867.11
143715.14
197091.54
49624.47
257851.12
222490.75
293950.07
172943.60
258210.93
20881.91
270896.28
184848.46
37160.93
399170.28
87633.16
114484.84
138645.28
209115.32
82169.06
308874.71
135106.76
107743.32
62653.50
105084.53
244754.36
99237.70
248442.08
41064.02
258425.57
4098.06
42395.05
308476.25
201571.36
126183.08
73441.86
311035.62
33197.70
227078.82
81020.43
52123.48
130565.49
201205.01
90018.29
257885.61
143719.85
107504.52
128729.14
139134.72
197787.70
91541.74
129638.46
32078.24
211980.75
194481.94
225979.53
165877.06
84162.48
168004.86
106109.89
23766.72
34237.81
122939.87
120762.23
129313.87
25423.73
108904.31
145699.14
10186.36
87938.80
68874.99
108727.38
259083.97
143293.25
147787.24
149433.14
192082.40
177436.99
140521.70
57865.62
20278.59
150662.19
239012.08
292618.88
176507.70
126015.47
138756.84
51198.65
151301.07
71109.81
3307.07
252399.95
13500.30
74101.74
187297.33
202664.65
256622.81
58834.01
135372.23
68444.39
167938.68
87190.91
29844.20
267930.39
121187.50
194254.15
140246.51
243103.99
190744.03
14559.85
161811.21
103389.00
48690.73
88076.24
68128.93
178985.55
43818.30
33432.90
140452.17
101396.56
111816.66
202089.97
101522.53
28186.53
33921.92
48714.17
177810.46
86269.81
102507.24
227297.75
126792.69
201255.85
78681.85
97670.61
69573.88
106199.83
284933.35
117898.59
215168.75
216271.14
103442.49
140472.59
206356.10
28404.76
284337.04
4800.64
180887.93
268640.08
62594.72
214206.88
59050.74
35722.35
155587.83
80764.73
268793.45
251824.23
146638.47
131895.12
182019.82
121498.65
38136.52
274873.54
195673.22
95491.44
73376.76
58954.73
304907.07
192255.05
145324.95
162473.83
248820.34
212917.64
76271.54
139017.60
64610.51
96447.05
197710.50
241566.21
128045.95
186908.58
20310.54
282238.08
35171.28
162178.03
112148.68
109002.31
147200.72
111369.58
181167.69
293650.77
208744.62
130652.44
205444.42
6870.41
154139.64
13777.92
222191.22
45808.08
135563.85
146134.21
134195.79
76658.93
6823.56
126621.64
325023.25
186327.90
83268.68
57658.79
110499.71
9265.12
2429.55
90159.48
229205.63
206753.85
165035.08
166210.58
168518.60
244869.87
48928.35
118637.92
142711.89
175482.07
231047.01
126970.27
118720.26
230059.76
9283.43
154934.90
242691.33
102845.51
62877.35
103498.77
278011.85
340901.78
125481.50
149828.47
191879.60
178065.30
5849.16
219481.88
158647.42
147435.74
95312.68
107397.34
130431.96
21850.54
98743.38
188335.16
320943.94
24503.23
174309.65
124132.45
159780.65
74196.16
9745.78
288006.26
142581.34
152935.61
184804.30
51620.31
218739.29
286999.77
223867.82
164211.37
249481.02
81167.25
261125.86
79243.30
249659.50
102015.83
295423.08
60915.55
4923.11
23205.21
231113.39
321764.96
107432.14
125432.00
61840.84
116131.86
92637.61
178115.60
268872.60
24158.58
69053.93
193606.92
111923.68
127926.20
189602.62
128219.34
192268.07
154116.47
74865.09
101218.80
200382.55
103715.49
241618.84
348851.11
355217.41
133754.98
217357.82
74131.39
74844.67
78726.48
76195.34
155391.82
75350.93
85970.63
143756.11
214123.08
50686.92
210086.66
124062.85
317203.74
66823.54
128986.06
245825.37
185185.05
52199.74
144641.44
270509.21
60962.14
121042.48
34238.79
165776.00
125208.78
190868.83
140552.97
227089.58
285036.32
70108.90
110649.32
77513.51
144198.90
64399.13
163970.48
121208.63
66830.53
80357.76
176834.09
172032.55
14745.50
25595.17
251462.37
78273.95
237880.66
221179.86
166136.98
148675.70
147379.08
34991.85
190462.10
40853.09
200301.31
140759.94
164462.85
193053.58
295955.56
157729.11
106754.42
216146.79
278864.74
215795.87
88109.19
129706.61
291135.75
11173.01
71679.00
225536.63
154121.26
115528.40
241109.74
57412.45
72676.05
336979.68
132562.70
142585.22
206903.70
113282.38
119017.98
166241.26
115499.32
214487.74
145744.24
134089.39
24564.49
205846.71
255853.05
141616.57
54943.49
47151.84
