57237.28
130892.83
103627.65
40221.41
113956.36
220545.92
135985.75
190456.20
243185.50
130007.69
119865.01
245189.18
125979.82
73326.31
105755.10
153683.89
6586.81
73377.76
151740.71
173271.81
163594.33
71744.22
25733.01
56025.16
96232.31
49489.39
16482.50
26449.60
280129.20
220362.53
351749.59
197338.74
334313.23
74298.41
153832.21
131526.65
203119.52
87424.52
356821.58
220617.39
56205.77
197173.33
173388.72
158009.78
3249.08
152446.23
82998.64
52052.81
230008.28
28742.56
163421.42
274719.11
124366.45
120743.65
24155.54
45776.57
155189.21
102639.25
163581.40
269303.28
5378.65
38936.95
29441.65
108595.26
145033.42
22451.34
31120.56
165315.99
36434.62
68498.28
90804.98
131195.62
48812.73
370993.45
2878.39
263215.20
127102.75
154821.73
315555.35
2227.01
302060.26
12199.98
30171.93
70878.38
288113.53
119091.88
213675.76
199651.09
131195.67
27149.54
298622.22
181160.01
69070.96
190674.61
120144.76
117598.28
128775.38
257681.19
238562.09
60493.00
143700.02
48467.23
279821.54
139103.26
31456.39
217462.98
73840.55
190008.18
67330.17
123201.26
153721.25
122480.71
40375.95
197220.78
209986.50
1332.34
176472.68
144622.91
178309.55
209850.82
76948.37
50442.33
101472.26
204563.08
12517.15
119197.16
195447.58
162970.02
158929.57
80167.83
181155.73
158223.21
174935.82
156556.54
277551.37
49847.53
96093.95
66446.61
209993.42
196561.57
121292.20
328848.50
211844.07
11927.28
167528.52
184342.16
131459.53
229065.31
119556.51
175362.42
92176.86
7115.17
81817.81
266975.13
8439.47
176781.37
62421.08
90124.24
243705.70
47570.88
62439.80
106723.60
195306.76
176693.75
10704.40
70256.18
71318.46
295220.02
22287.45
241575.19
238131.56
92354.05
108351.62
179301.09
130962.75
77311.70
187921.64
125538.20
62024.58
91162.92
160463.35
84777.37
123355.41
67596.27
179217.06
131884.04
182520.03
201675.27
245387.05
229386.06
166724.70
38811.58
92893.64
69896.16
233552.11
165085.05
202467.97
227694.36
144203.27
195389.32
122216.83
201691.75
188250.36
102734.70
57553.29
97940.49
5062.00
248103.33
53608.38
31883.95
67292.62
60558.55
66400.60
43666.79
68338.93
306067.33
166157.11
8620.67
18852.30
155734.47
211550.64
243982.34
236819.29
69484.19
6930.48
139189.21
69234.44
52491.99
177250.15
213989.18
230147.87
160130.67
153978.16
235133.53
147122.83
177016.76
115294.12
283204.45
229626.59
109660.46
96043.35
109053.19
295823.22
250214.65
67966.70
49261.93
164290.37
247421.58
196469.42
303483.24
161264.44
112313.59
225490.24
91058.22
138066.43
17111.80
110163.97
214464.72
109189.19
262723.78
271101.85
163126.73
134131.00
337436.61
48277.82
112553.98
149695.48
340072.92
217144.73
79177.24
179490.37
11495.28
206517.91
271829.82
59527.36
252848.26
136147.52
50499.64
224210.79
44519.73
27186.39
110753.53
215625.94
72885.00
80488.01
46912.18
111676.96
173497.69
117711.84
143119.94
47251.46
248060.24
207343.20
169935.75
166400.09
56383.44
26504.90
65037.57
197587.62
46810.80
195770.37
24279.41
137689.84
77272.04
186011.79
252899.72
70417.70
178023.05
49382.56
5648.26
127016.67
95875.77
133668.74
241842.16
37412.81
92321.88
164632.92
278389.21
108470.67
133579.22
88212.92
129528.58
152758.96
225421.81
242946.20
142308.63
233463.64
148500.57
312225.46
124974.18
36628.69
265548.11
143057.24
5169.70
319933.68
1155.65
349499.31
24072.34
150545.76
125768.82
99149.05
291799.21
121578.96
111182.88
224660.71
197183.93
220037.24
246528.20
37692.52
80849.84
226491.44
2931.56
19945.98
64674.80
96466.07
150906.16
85424.49
274968.86
221742.36
225588.00
113148.85
171566.07
29743.46
80475.79
275730.02
349638.69
170236.28
148924.73
129251.82
241749.28
106728.40
86470.75
115893.17
268232.06
212037.14
172268.33
50988.14
80595.79
216539.22
36482.94
199081.87
122925.99
120267.63
156521.99
19258.50
38254.15
67173.23
129518.71
208881.28
209293.46
262222.73
142970.58
7675.04
96805.15
131619.28
140833.69
175035.82
132324.47
310123.99
105053.98
135364.95
145930.95
108502.53
106958.74
71196.34
86273.25
196941.52
30520.15
134346.49
262116.39
213810.24
108816.07
220190.35
93186.93
192008.92
51106.08
81289.93
126882.30
201639.49
136464.08
103057.71
192810.20
104300.75
103942.36
203737.12
103392.55
71776.51
115051.13
219289.68
117498.58
109789.36
77187.06
50529.25
169181.78
134545.68
54100.44
211352.31
93391.73
65549.80
256788.91
178204.48
212696.36
103807.57
184110.64
160412.63
225428.54
210440.22
99693.51
176244.43
112831.55
141545.70
89777.96
60568.49
184173.97
133380.24
41382.75
241496.17
132893.37
58582.36
266902.60
62728.67
219893.01
102229.10
86471.43
150973.83
78602.43
18847.08
315819.65
61056.27
128517.93
118916.41
214832.46
35013.86
177454.72
317236.98
181276.18
191245.31
66011.18
234202.86
203842.97
93484.27
134409.63
199014.40
72461.98
22789.79
191944.20
72434.05
29578.81
151228.32
105878.78
59015.64
155680.91
59329.52
153172.42
127241.30
282960.27
65860.93
127514.67
48291.93
105570.75
197859.99
187803.59
108422.26
153722.56
17794.56
192611.22
247406.59
137488.21
217483.36
15039.62
162073.47
151108.63
97306.94
89442.40
110410.96
57741.96
88098.53
89149.91
227042.21
133002.49
266050.40
64896.47
102849.34
81649.14
67137.30
257477.07
48810.02
192169.22
272942.25
223439.25
226452.93
114142.61
239490.42
57257.71
88584.37
35160.15
195246.89
9617.21
47149.28
167480.05
164599.92
125882.33
207848.58
152713.01
43886.78
44905.55
109764.97
234547.35
143969.64
101090.55
27883.24
229018.34
181848.13
39284.56
305791.38
77175.67
2851.01
79649.33
260039.59
55969.48
95448.61
81214.33
342040.43
26229.56
102505.69
20268.24
75698.22
15015.84
41327.92
33428.83
200838.21
216756.72
334076.42
237280.27
3417.85
136288.42
176217.68
67563.21
224650.52
164683.29
40882.87
195977.89
83912.51
240617.44
17678.77
168256.83
14629.96
219905.72
204268.53
124514.39
85231.89
114799.81
86232.61
205703.40
239888.24
134494.19
83735.06
171255.81
230336.01
69069.79
105009.31
203478.47
36405.58
159954.21
116896.02
43306.46
135766.57
188065.09
130765.00
112782.37
211181.98
142721.92
231294.40
227247.84
110275.84
117547.06
156783.87
164179.56
87247.42
67214.80
267107.45
204255.16
75866.67
37527.48
265288.67
127308.88
17224.24
304248.86
48848.82
118217.84
30610.85
223248.00
144269.42
101403.00
148684.40
55547.32
360533.93
29762.73
165249.98
55951.79
144644.02
268000.05
139285.68
256489.17
213695.22
80556.67
95660.51
148947.03
299726.00
281515.15
5855.94
170890.44
91717.53
146136.63
42310.28
37573.22
61896.32
124436.68
67509.39
93003.78
113236.12
99747.39
218999.89
36698.88
212906.46
63264.57
35965.57
36673.72
120028.30
327244.39
126865.97
36156.27
221957.36
11754.39
4423.49
175551.45
71320.76
114391.87
235487.86
4031.10
1903.93
215687.30
146991.00
31578.39
286160.08
247332.81
30652.69
128488.99
88780.45
200228.37
50620.97
190925.29
75098.59
22282.38
233098.96
179092.32
160998.32
219968.07
166697.62
240997.15
162507.29
102347.79
155038.33
75447.33
102917.59
55439.67
125586.66
270881.35
36324.67
36515.56
148037.12
227896.98
161454.35
14954.80
193234.96
42094.64
229463.21
94819.36
84489.06
46219.48
76829.55
86723.11
176948.54
37113.97
160429.11
126584.84
53536.55
149046.16
153955.97
142930.06
222802.43
76939.47
127156.53
173654.55
149785.08
188604.24
151493.21
81176.28
100512.26
203361.27
181294.12
213312.91
6480.78
139277.00
278850.05
175560.55
23588.32
210337.02
170270.18
97898.67
46612.86
45637.21
136454.19
219074.24
172092.30
85092.16
39701.83
79831.62
178894.40
276284.47
119786.13
154055.59
193683.39
115793.54
207034.67
35663.01
25437.70
304788.63
178687.76
255003.14
210112.43
158075.56
128299.05
146738.24
11473.70
116241.01
269094.62
5501.21
221343.77
225061.71
116632.72
102682.89
308852.99
67698.61
122875.91
185175.84
207999.03
195200.83
265331.27
179385.98
127925.73
83537.25
23216.41
270124.94
198550.24
276069.51
244238.80
192829.68
61487.35
133147.05
77545.41
25317.31
83859.58
142729.36
20403.71
179113.64
129260.80
137185.86
118184.20
10558.00
224489.50
155518.03
81348.37
265479.26
68522.11
240431.23
240737.84
251156.99
37883.48
29242.81
118744.17
43228.20
203405.34
195408.74
211704.20
43429.93
118403.69
148043.64
209244.83
145980.09
204086.20
141740.02
49585.78
106822.54
61588.58
233148.73
46230.17
152836.25
259302.46
39992.99
12413.22
140118.22
4413.27
36001.03
235230.28
138091.20
136021.48
69777.52
22538.25
46009.98
30177.36
211955.05
135221.19
71223.91
146555.47
181060.92
114493.75
136051.95
45515.05
82693.06
9711.15
19484.94
248565.25
291434.27
100812.74
128696.89
300954.60
8735.13
222344.20
24050.35
177555.71
185105.09
25202.98
77434.16
155448.69
130222.07
197565.44
251494.72
189430.12
192284.36
71414.46
214281.63
26909.48
68210.10
217929.85
61088.60
228327.33
20652.09
120092.29
269902.12
164153.61
52028.04
138126.36
169527.10
221428.26
101683.60
85935.55
125067.35
200586.01
156157.75
120812.96
120775.61
79506.32
143793.50
161497.07
216628.18
273891.49
233374.71
127434.83
147058.69
237975.14
235163.73
192404.45
139313.85
86360.73
310033.73
111928.02
189787.81
124322.52
34185.49
61324.01
18287.73
50493.42
98707.68
14670.91
18171.65
204290.90
79333.80
63379.46
125020.57
36288.63
56164.91
259446.93
131573.14
163177.86
10460.84
97409.04
153180.14
106910.38
35930.17
199006.00
104493.19
256918.22
142976.55
48601.43
259544.79
195424.06
88031.04
134817.51
83507.40
154826.19
233800.34
897.75
137350.21
179975.54
181430.18
137051.13
228141.88
74578.06
75094.66
215045.77
82226.85
68294.32
302850.71
85754.35
56759.23
13780.98
296154.27
228168.71
270887.20
235322.86
187172.15
58354.14
117734.63
154048.25
38076.13
145239.06
148543.98
210691.05
41495.78
143859.30
166734.01
193462.60
41735.46
177814.10
35956.28
290704.47
38581.32
177787.13
51733.24
221396.91
169741.50
219187.82
280373.78
229532.52
53219.00
80089.53
21118.57
30635.45
144625.16
