6925
1453
1028
3205
7387
1271
6406
3986
4523
4823
1510
749
5887
6961
3427
484
6107
2390
4942
4378
2192
1372
5347
904
7169
764
6056
3737
1645
4135
6782
3188
52
1405
2683
2758
4696
5771
5047
1099
214
4114
6473
1220
1123
4196
490
5011
4274
1177
3835
1123
7151
55
3560
4687
6904
1039
2809
4624
6959
1787
1903
1615
5927
4927
913
7099
6974
7010
4666
6469
3221
4532
2032
7330
6166
3439
5020
3415
2899
6979
586
3040
4861
583
881
7039
6286
5878
5623
2050
6082
3532
4847
5041
623
169
3299
5140
2432
5143
4054
2950
4537
5887
5327
1921
4403
4823
55
577
841
1427
6803
7165
3844
994
580
1088
3703
1210
68
94
1994
6652
3353
5371
3593
1459
2086
6499
5743
4954
1024
5237
6520
5996
274
1910
1307
200
1255
5587
5965
5242
205
5794
4559
3593
2156
7067
6248
2293
4939
4381
1967
2878
2179
5198
6007
1829
3182
152
5381
1471
1879
7327
2503
473
295
3295
3802
5347
1342
1543
6574
3305
1576
5452
4019
6124
5369
2485
2428
4439
2282
6872
4100
4643
5183
580
7480
1046
326
3631
4783
5878
2665
5470
6337
7009
7430
458
3181
6017
6979
5168
5249
3553
1711
4403
1478
736
187
100
1432
5185
5686
3449
5944
1658
1871
4898
7444
2782
6955
2240
7045
7030
4954
1043
6523
2803
2677
5944
5917
6745
3835
5903
2278
6235
2072
896
4451
2560
2065
2680
2639
6316
1705
2488
4079
4589
4576
1057
4663
4396
6904
4741
3697
4861
5731
2989
6250
5455
6004
415
1468
5263
479
3764
5579
518
1808
1015
3581
1781
5474
556
6961
1774
914
5458
7216
7475
5519
7283
328
4345
721
1499
2998
1780
4808
1306
2579
1111
2503
4807
1084
1090
290
4930
5354
3832
6338
5662
1975
4133
1291
988
1894
1180
1334
3895
3802
1732
2063
599
5822
7369
1871
5962
7150
7184
5473
4813
3989
1244
2941
3998
1880
5149
5369
4693
5362
3425
1330
4193
1078
4660
4177
6451
1186
6973
3004
1759
6922
1861
3268
676
652
4205
1948
2497
6043
410
5551
2884
5912
3460
6163
6415
2374
7168
448
3622
5098
4000
5507
7088
1339
4135
4567
3782
136
2383
373
281
4745
1528
6146
1376
3713
7267
4055
5677
317
7283
4492
1616
2230
1495
5743
1615
6485
4787
4486
4516
640
5819
5392
5216
3922
3797
6766
2843
3157
2846
5014
4342
670
5300
6337
1802
3394
3665
3565
4042
1831
3439
2416
4897
4039
832
6364
1277
4352
5708
6125
2752
3122
5186
1414
4684
862
2686
4795
6988
3382
5029
2210
995
4843
19
1831
458
1768
1829
4024
4406
4904
6193
3454
310
3179
5788
7070
2116
5713
2534
3986
2366
382
4789
1528
1468
4129
20
4798
3898
1039
2668
5993
2582
1822
2671
2114
1217
760
5110
1829
4498
3097
7087
5390
1648
1736
4082
7490
4933
4507
3439
1666
5486
4936
157
4621
682
2980
4117
659
6947
4825
523
2119
6208
6967
2395
161
4175
5867
3701
1811
6481
848
7159
581
3287
124
6101
3607
547
4981
5227
4303
3691
251
1999
3409
844
2212
5062
4663
2290
1303
3782
3359
2572
6679
2477
5092
4639
763
3160
2098
2323
1468
4205
572
94
2482
5473
5116
2263
5384
172
3143
5188
1282
515
3895
1637
487
3796
2953
439
121
6508
6250
508
49
787
3080
6616
6524
2246
7144
6692
5368
2095
7120
3694
5887
52
4633
5546
2044
1171
730
5804
3082
3643
2050
4177
2828
6353
1396
2365
680
6545
5401
265
5548
1825
4459
4283
1684
601
5840
4435
4588
4502
6851
4924
5773
1258
6206
3940
6046
5554
3056
1312
3580
538
4129
2839
2938
2107
1714
2755
3847
3430
3910
367
550
2080
5536
3217
5260
206
6824
2551
1202
2026
6472
1387
1337
6517
5233
3905
6409
6071
5845
1279
5545
5032
85
1904
466
2020
1228
2878
7147
5890
2899
6161
1919
1348
2746
5647
1322
3757
1132
685
1777
2821
1573
6839
5353
7255
3178
4976
2629
7426
3614
287
6340
1045
2272
5680
4531
6994
6902
5071
5587
4528
1315
1550
4711
2402
3347
3730
4882
6181
2005
4525
5641
628
2497
4591
2354
343
2387
3946
2693
1183
293
7352
6808
7225
4408
6421
5549
1957
4979
2981
5620
4555
5461
3904
2383
3271
3169
979
2731
4544
238
6157
4081
2011
2674
3086
4292
2011
3641
3581
3499
2135
4619
79
5041
2683
955
4534
835
3490
1979
5548
212
1684
3202
7388
7168
1907
7360
2857
3881
6901
4552
1450
106
4876
5521
6655
2506
403
3736
2426
7459
1541
185
1933
5767
2992
3535
1259
1462
2503
1429
6946
4726
4498
2255
229
7018
4951
3065
5903
6133
7087
4078
5954
3199
802
7421
1652
4180
781
422
4603
4303
3329
4754
4552
7009
79
563
1195
4009
5329
193
1549
6904
1771
5665
785
4750
2776
1336
4607
715
2638
5230
2651
2720
2761
2170
2884
1996
4316
2929
2287
3106
1412
5350
3133
6124
1276
2330
5092
3601
1843
1375
1534
4820
5788
2938
7439
1075
4471
1408
5737
5263
4126
4222
6172
5440
4099
724
7382
436
6313
5573
5326
4094
3710
3706
6445
908
6347
326
2458
5392
4733
4126
4249
7042
2810
6016
697
1177
5035
2086
4087
6586
6283
1520
2194
6272
5521
3640
7240
4825
6947
2614
2842
1705
7202
4849
1831
2171
6976
5551
3328
2567
1916
172
4399
5692
4096
5704
2096
6596
1207
5302
6200
3005
4438
797
6436
3200
2527
2050
4585
3868
4478
5906
2305
1601
4276
4456
557
2935
4096
5383
1349
3011
2954
3925
6877
6374
1936
772
6613
1136
5270
7349
2698
1018
6796
1054
721
3716
6599
4424
5774
4990
3614
6388
6172
5617
6394
3925
4307
7003
707
2974
5539
1888
1696
4342
5518
2702
1828
3641
3274
4321
3853
4087
6749
2005
5180
718
2390
1087
6130
6538
3290
