44001
44002
44003
44004
44005
44006
44007
44032
44033
44034
44035
44036
44037
44038
44039
44064
44065
44066
44067
44068
44069
44070
44071
44096
44097
44098
44099
44100
44101
44102
44103
44128
44129
44130
44131
44132
44133
44134
44135
44160
44161
44162
44163
44164
44165
44166
44167
44192
44193
44194
44195
44196
44197
44198
44199
44224
44225
44226
44227
44228
44229
44230
44231
44256
44257
44258
44259
44260
44261
44262
44263
44288
44289
44290
44291
44292
44293
44294
44295
44320
44321
44322
44323
44324
44325
44326
44327
44352
44353
44354
44355
44356
44357
44358
44359
44384
44385
44386
44387
44388
44389
44390
44391
44416
44417
44418
44419
44420
44421
44422
44423
44448
44449
44450
44451
44452
44453
44454
44455
44480
44481
44482
44483
44484
44485
44486
44487
44512
44513
44514
44515
44516
44517
44518
44519
44544
44545
44546
44547
44548
44549
44550
44551
44576
44577
44578
44579
44580
44581
44582
44583
44608
44609
44610
44611
44612
44613
44614
44615
44640
44641
44642
44643
44644
44645
44646
44647
44672
44673
44674
44675
44676
44677
44678
44679
44704
44705
44706
44707
44708
44709
44710
44711
44736
44737
44738
44739
44740
44741
44742
44743
44768
44769
44770
44771
44772
44773
44774
44775
44800
44801
44802
44803
44804
44805
44806
44807
44832
44833
44834
44835
44836
44837
44838
44839
44864
44865
44866
44867
44868
44869
44870
44871
44896
44897
44898
44899
44900
44901
44902
44903
44928
44929
44930
44931
44932
44933
44934
44935
44960
44961
44962
44963
44964
44965
44966
44967
44992
44993
44994
44995
44996
44997
44998
44999
45024
45025
45026
45027
45028
45029
45030
45031
45056
45057
45058
45059
45060
45061
45062
45063
45088
45089
45090
45091
45092
45093
45094
45095
45120
45121
45122
45123
45124
45125
45126
45127
45152
45153
45154
45155
45156
45157
45158
45159
45184
45185
45186
45187
45188
45189
45190
45191
45216
45217
45218
45219
45220
45221
45222
45223
45248
45249
45250
45251
45252
45253
45254
45255
45280
45281
45282
45283
45284
45285
45286
45287
45312
45313
45314
45315
45316
45317
45318
45319
45344
45345
45346
45347
45348
45349
45350
45351
45376
45377
45378
45379
45380
45381
45382
45383
45408
45409
45410
45411
45412
45413
45414
45415
45440
45441
45442
45443
45444
45445
45446
45447
45472
45473
45474
45475
45476
45477
45478
45479
45504
45505
45506
45507
45508
45509
45510
45511
45536
45537
45538
45539
45540
45541
45542
45543
45568
45569
45570
45571
45572
45573
45574
45575
45600
45601
45602
45603
45604
45605
45606
45607
45632
45633
45634
45635
45636
45637
45638
45639
45664
45665
45666
45667
45668
45669
45670
45671
45696
45697
45698
45699
45700
45701
45702
45703
45728
45729
45730
45731
45732
45733
45734
45735
45760
45761
45762
45763
45764
45765
45766
45767
45792
45793
45794
45795
45796
45797
45798
45799
45824
45825
45826
45827
45828
45829
45830
45831
45856
45857
45858
45859
45860
45861
45862
45863
45888
45889
45890
45891
45892
45893
45894
45895
45920
45921
45922
45923
45924
45925
45926
45927
45952
45953
45954
45955
45956
45957
45958
45959
45984
45985
45986
45987
45988
45989
45990
45991
46016
46017
46018
46019
46020
46021
46022
46023
46048
46049
46050
46051
46052
46053
46054
46055
46080
46081
46082
46083
46084
46085
46086
46087
46112
46113
46114
46115
46116
46117
46118
46119
46144
46145
46146
46147
46148
46149
46150
46151
46176
46177
46178
46179
46180
46181
46182
46183
46208
46209
46210
46211
46212
46213
46214
46215
46240
46241
46242
46243
46244
46245
46246
46247
46272
46273
46274
46275
46276
46277
46278
46279
46304
46305
46306
46307
46308
46309
46310
46311
46336
46337
46338
46339
46340
46341
46342
46343
46368
46369
46370
46371
46372
46373
46374
46375
46400
46401
46402
46403
46404
46405
46406
46407
46432
46433
46434
46435
46436
46437
46438
46439
46464
46465
46466
46467
46468
46469
46470
46471
46496
46497
46498
46499
46500
46501
46502
46503
46528
46529
46530
46531
46532
46533
46534
46535
46560
46561
46562
46563
46564
46565
46566
46567
46592
46593
46594
46595
46596
46597
46598
46599
46624
46625
46626
46627
46628
46629
46630
46631
46656
46657
46658
46659
46660
46661
46662
46663
46688
46689
46690
46691
46692
46693
46694
46695
46720
46721
46722
46723
46724
46725
46726
46727
46752
46753
46754
46755
46756
46757
46758
46759
46784
46785
46786
46787
46788
46789
46790
46791
46816
46817
46818
46819
46820
46821
46822
46823
46848
46849
46850
46851
46852
46853
46854
46855
46880
46881
46882
46883
46884
46885
46886
46887
46912
46913
46914
46915
46916
46917
46918
46919
46944
46945
46946
46947
46948
46949
46950
46951
46976
46977
46978
46979
46980
46981
46982
46983
47008
47009
47010
47011
47012
47013
47014
47015
47040
47041
47042
47043
47044
47045
47046
47047
47072
47073
47074
47075
47076
47077
47078
47079
47104
47105
47106
47107
47108
47109
47110
47111
47136
47137
47138
47139
47140
47141
47142
47143
47168
47169
47170
47171
47172
47173
47174
47175
47200
47201
47202
47203
47204
47205
47206
47207
47232
47233
47234
47235
47236
47237
47238
47239
47264
47265
47266
47267
47268
47269
47270
47271
47296
47297
47298
47299
47300
47301
47302
47303
47328
47329
47330
47331
47332
47333
47334
47335
47360
47361
47362
47363
47364
47365
47366
47367
47392
47393
47394
47395
47396
47397
47398
47399
47424
47425
47426
47427
47428
47429
47430
47431
47456
47457
47458
47459
47460
47461
47462
47463
47488
47489
47490
47491
47492
47493
47494
47495
47520
47521
47522
47523
47524
47525
47526
47527
47552
47553
47554
47555
47556
47557
47558
47559
47584
47585
47586
47587
47588
47589
47590
47591
47616
47617
47618
47619
47620
47621
47622
47623
47648
47649
47650
47651
47652
47653
47654
47655
47680
47681
47682
47683
47684
47685
47686
47687
47712
47713
47714
47715
47716
47717
47718
47719
47744
47745
47746
47747
47748
47749
47750
47751
47776
47777
47778
47779
47780
47781
47782
47783
47808
47809
47810
47811
47812
47813
47814
47815
47840
47841
47842
47843
47844
47845
47846
47847
47872
47873
47874
47875
47876
47877
47878
47879
47904
47905
47906
47907
47908
47909
47910
47911
47936
47937
47938
47939
47940
47941
47942
47943
47968
47969
47970
47971
47972
47973
47974
47975
48000
