5321
2140
4858
7249
835
4660
6745
4703
4430
2587
4850
5212
4285
5927
2822
2870
5860
5705
3212
4831
1757
6518
3070
604
6250
6281
4385
6316
6365
5416
5878
3526
3022
4903
2645
4645
1682
727
4292
4166
4576
7309
7441
274
2524
1433
3104
797
172
2455
6245
4733
6691
3227
2207
6766
5032
3689
4259
6392
3583
5947
2210
3955
104
977
3964
5404
5791
6896
1807
6727
5596
3664
6970
2947
7199
250
6491
6277
1783
5149
5122
134
5
7459
4252
4285
6503
5180
920
1691
5515
6349
6907
1823
3268
5983
3079
6565
7069
151
73
6890
2290
4942
6485
2957
2432
6856
7049
655
1882
1417
2779
5543
1049
4810
5893
4444
4534
895
6691
6508
1925
1798
1600
1354
2899
4847
115
3466
4708
2200
2918
698
823
1694
97
1276
4271
6238
1705
7159
3929
1405
2701
5717
1381
5059
2308
379
1778
7144
6533
877
6250
4115
1204
1399
3517
1615
1252
2401
3616
7196
202
5146
4135
1921
532
3805
3055
7325
3832
1873
1177
2300
575
1769
6949
6152
5977
2227
1502
3449
610
7015
617
529
4300
1057
3490
2959
6020
842
4561
448
6811
3193
5326
820
463
2104
2351
733
5707
1804
3674
904
752
3955
3106
4111
6857
7048
2699
88
4150
7421
5644
6646
5971
1834
3389
2162
2639
3715
4982
5000
1303
7211
1543
7400
308
1475
1891
5710
4243
1954
6604
5959
2185
2524
7414
6956
1129
5185
7441
5212
7052
6763
1927
562
2107
1423
2509
7330
6964
4457
5011
6550
1087
3493
1171
5111
2104
6110
7246
1132
4097
7316
188
4402
3989
1648
1414
2230
4768
2476
1384
6520
1459
6769
3391
4513
403
1382
766
1462
5461
2978
2212
5126
1469
5957
1882
7115
871
4300
5905
1678
6622
2897
4654
1493
6382
5819
7127
3554
4604
6115
2671
6755
6913
7031
6280
2585
3647
1015
253
3499
6307
809
4744
4673
958
7138
5284
5200
4246
6223
2527
6944
1349
6319
1319
4933
2795
3130
6595
6706
2179
5449
2459
7204
3944
4537
4189
4424
5476
7348
220
5578
3722
2341
406
4544
3493
3245
3283
6292
5689
5728
6412
6157
7360
2132
193
1457
2083
3884
6511
4870
5675
4325
6577
6023
5296
6761
217
7157
1705
4222
5222
1618
7273
1621
4141
3541
2248
5738
448
6250
3011
3289
1738
1483
1972
3694
4732
2503
6382
5308
5677
5963
427
2176
460
1862
838
2695
6773
5663
3757
4792
1903
5999
659
4837
3263
5909
4963
5375
6490
3871
5894
4792
5818
1232
910
4381
3623
3503
1096
3488
4213
4765
1004
3182
4655
1465
3634
1519
6577
3655
5153
6554
4156
1531
6658
6202
4642
6547
2588
6748
5819
6112
2378
7151
1598
2575
2365
4255
340
3613
3295
892
7093
3553
5620
4069
910
982
3970
1909
2374
5920
598
5617
3850
7183
6406
1492
1783
7222
5801
6269
5815
2471
2101
1280
6637
4798
2848
3604
1985
3773
2084
4909
1579
6934
580
1228
4579
1286
3668
4031
6961
4166
7309
3196
157
3418
1810
5119
1408
3589
3736
796
5680
6095
2147
2882
6718
7357
5665
7357
3509
4213
7234
3185
5692
704
2353
1123
1123
3140
226
7223
460
7013
4930
6119
5929
4534
5047
4175
3709
6962
2584
662
3994
2194
6883
6229
3994
4597
3187
3727
1886
1787
3113
5311
1294
1129
4328
6418
3100
1762
6208
4819
5204
4835
1913
1240
5116
4828
6074
1958
6509
6142
2971
6298
4853
392
5207
7142
7363
3584
3004
1006
6145
6407
5918
6133
5372
1249
1057
5078
3259
1928
5293
3173
2747
5719
6652
5200
4348
1999
5558
6058
997
2392
7168
64
5924
73
3334
6724
4108
4070
733
6115
6397
1631
6655
7210
5806
6925
5302
1772
6394
967
428
6287
212
6394
3839
3280
3391
4322
1577
6805
976
6325
730
4676
1375
25
781
2239
3076
3142
5641
6805
2584
1030
787
1621
4102
3146
3511
5158
4661
6889
2551
4831
1210
6967
1538
4391
4831
1816
5167
1718
6694
6569
407
4334
2158
3004
5668
6077
1519
358
5515
5885
3226
5543
2947
4504
5458
3436
2291
7313
4570
1273
3847
1408
6883
2360
2560
1423
1222
157
3986
1030
2249
5764
2578
1153
5122
3973
6857
6034
7442
6637
5273
1300
3607
6106
7330
7237
1159
1664
2092
6910
1159
5170
2740
3650
1184
3104
6052
5899
5695
3586
6238
7186
7279
2740
4573
4648
2335
6394
613
5371
4972
7438
511
70
1609
7318
995
4624
6886
1783
5098
2990
3286
2477
5636
1645
4933
2642
4819
2693
5635
7307
6019
3716
6236
5575
5990
752
3895
1675
5921
1459
5890
703
434
5197
6352
6608
6937
2846
4463
4280
5332
3304
5200
3244
5630
4709
4210
5305
4073
4936
2914
415
4405
5668
3203
6691
5182
1345
307
1934
3860
6175
3958
2177
4925
5347
6161
3400
3364
2948
928
3662
4297
1585
3005
923
2893
595
664
3172
4465
4258
2644
4451
41
1924
3517
6116
1067
6857
505
1613
6841
2269
2191
757
7468
2731
6388
4157
5050
7165
1622
2978
3091
3488
5425
5491
7217
7280
5422
5759
4609
1973
6434
7360
2806
704
4666
4516
4642
4138
1873
7112
1846
958
5296
2147
6979
3700
3043
5998
5084
1117
1921
6631
2317
1345
2059
2104
1090
1310
7234
4478
2443
4597
959
1564
1007
704
3698
7040
7156
5902
3874
7262
4661
5138
1096
34
988
6566
2101
6070
1919
7363
121
7231
7013
1135
1373
3442
5156
511
1583
919
754
3382
4099
5093
5060
5510
3229
2935
1291
1420
1532
214
2911
2599
1621
5234
4723
2234
5200
3277
3707
6115
6352
6370
5518
5908
7471
523
3643
6479
7492
3475
7399
6952
3982
4576
4268
6290
4966
1483
1856
2071
3113
956
1727
7462
7264
4423
5134
7346
5677
5269
3065
3397
4675
7129
937
1688
1543
5905
2641
7472
7027
4298
2269
4490
2569
2000
6596
1055
5149
1588
103
4987
