3152
1493
832
5041
4691
595
7087
2443
6719
5351
544
6205
3565
1801
1270
3101
5314
6965
2974
5966
3001
5410
3802
3155
7309
1582
1148
1816
6442
1427
1369
1402
4289
2275
3649
6778
773
6493
5608
1082
4828
2395
5065
226
7
4129
2011
1264
1085
3046
2138
2104
3088
7417
6793
1414
485
1568
7102
3898
2195
3034
970
3808
1103
4159
4567
3446
4439
1888
5989
589
2719
5254
5257
3256
442
436
7016
392
4732
5920
701
763
4363
6199
1951
3151
157
5006
2966
3571
4249
2783
6625
2740
6580
5738
5263
4816
6457
5338
535
5231
3998
1685
5752
2266
52
4519
5384
1183
4546
4441
268
4498
1346
2188
1352
343
1816
3953
7042
6073
3034
3757
5927
3991
6031
6484
3170
1675
521
844
2719
4931
527
784
6625
2728
5201
3278
4159
6170
2941
6826
2875
4529
157
3133
3538
3164
644
4717
2282
5168
5788
6668
6997
2320
7484
5612
1915
2437
4699
1729
1519
5446
6047
1630
2663
2938
4592
5357
4010
88
6139
2461
6761
5410
6652
4043
6514
4003
457
7223
392
3229
6493
4285
383
593
5788
2411
5668
1063
5983
6970
5969
7102
3959
5029
2260
4718
7342
3691
340
5809
595
6667
5218
1684
1906
5491
7066
7091
3625
1180
3085
1903
1856
869
2947
6845
2020
6832
4301
1370
386
5050
2437
1709
4324
3743
5470
1393
6758
4660
2524
286
3952
3778
7129
4511
713
7489
5282
3592
1447
838
7162
2188
2222
6061
4040
1510
3119
3854
5839
6704
5554
2
4997
4213
5680
509
3637
1810
4351
2911
4564
4052
5350
3040
3052
7196
4264
5690
1633
1039
1706
4334
976
6071
1640
5038
3137
3875
251
5992
5542
5416
5174
373
3604
2077
1486
307
1582
6961
4147
1852
6718
6421
287
56
2710
7313
7256
1555
1927
4192
6104
5011
418
2704
652
4748
1522
832
3325
5653
5210
5287
6056
5933
4733
3289
5498
6880
5140
127
1738
4109
1489
4819
6520
17
4873
2560
5558
4636
5521
1175
496
10
5149
2392
88
7475
367
5759
6067
2990
4372
7000
1850
4516
872
1831
7373
3403
5059
1591
5725
6223
4396
7348
7042
5257
5128
203
1459
1571
1936
494
3016
271
3737
2398
5530
2600
3850
541
1000
4022
6973
6676
4582
6131
6598
1654
6794
2782
7165
6154
299
427
5170
2701
5264
3466
3580
5330
730
884
3298
5026
404
1036
706
5668
3457
3059
6532
1969
2380
6328
328
2272
1825
3857
7450
5354
2473
4402
526
7004
3362
2494
5305
289
7168
923
6115
2173
124
3110
1436
4744
2029
1082
679
3685
19
4171
586
7150
1867
2761
6250
1363
940
7277
3322
3758
2582
286
4264
875
6716
1831
1643
5120
3286
878
5726
2117
5359
5813
4420
3770
1072
3341
5323
26
6791
3715
3226
3583
2965
4843
3125
752
6763
3134
4141
4003
4360
673
3193
7366
583
2629
1087
3790
5650
7271
6013
1606
5186
574
5921
320
4408
655
4814
7054
1541
3619
6940
1240
5563
5692
139
6022
4121
3733
4487
3418
6565
3964
5783
7148
3311
1244
3253
4733
6856
6472
901
2683
5063
67
103
7154
4775
2797
193
6118
578
773
923
7300
7189
7330
5786
3685
7135
3229
1312
6299
3628
4454
1565
640
1546
100
5422
281
4964
7285
7372
3053
1873
6791
481
4510
3730
2327
3340
1186
4718
1408
1732
3950
6923
2701
913
7429
5440
937
1429
1156
4288
3583
175
1130
3859
3913
568
2549
2261
5975
1249
6616
6203
4921
268
4630
7096
2653
4261
3176
2657
2266
3583
94
460
91
4565
5881
4145
2767
4547
6472
2335
3853
6712
6730
5338
340
4351
3334
6055
221
1720
4393
2581
3013
5060
6164
3346
2089
7111
6664
1651
4763
1144
6865
2611
571
5504
7066
3607
3487
431
5311
3958
1991
5173
3049
5822
2848
1829
5261
5372
244
785
7498
5867
3607
6250
7054
7066
5917
3709
4075
1978
2803
3373
4033
5650
6001
4012
2860
5630
5977
1492
5362
6616
280
2095
4909
6890
3049
4330
7012
6385
445
2878
2908
5119
4471
5371
3505
4852
3001
6530
2108
5338
3329
3466
6199
2815
6040
5275
970
5378
6859
5644
7189
3869
7268
5566
814
7025
2491
5734
4562
4411
6730
1576
7090
7271
4240
4061
1426
2017
3290
4055
2750
1730
6694
6152
2863
6562
871
2728
3323
1840
4504
5188
2216
2672
4483
7147
1844
1760
5518
847
5917
566
3202
3472
3887
3164
356
703
6286
2276
1592
7418
3109
6541
3341
5648
715
1384
6724
6203
1804
1465
1307
3722
4639
6485
6982
3961
4118
6545
4505
2828
2051
3889
3676
5290
2222
5725
310
2902
1882
622
7027
1198
7259
6898
2108
6188
5398
5236
2674
5764
5893
6614
1868
1909
3577
5576
6631
3364
4852
6670
1081
2797
4321
3445
3404
4276
835
5131
7027
5036
2275
4969
1520
5591
6961
4621
4264
1540
6085
2986
1873
1963
6788
1691
2039
1565
7331
5662
3676
6439
6272
3895
1375
3749
2218
4684
902
7181
1858
1270
7480
5321
2254
6436
3802
97
1486
2968
1411
3040
7429
6979
7024
3358
2989
6958
2224
3407
5425
1855
5395
6793
3973
3350
6454
6926
5317
6919
6559
4820
3907
4316
6283
4756
6568
5414
4327
565
6947
4969
2269
6653
3934
3010
1183
4099
2734
2507
23
631
2204
6934
1003
3943
1096
3676
3655
1478
284
4172
584
481
1876
3760
2920
1142
3124
3253
364
3247
2743
1559
5686
1648
6532
209
1175
136
3148
2080
5641
6611
1762
85
4225
2078
2776
3286
6026
2140
4853
4681
943
3037
4132
7297
1025
7126
400
2389
2333
4327
2477
5630
6019
4396
4274
2251
190
7145
5476
3856
1177
5357
5722
301
4306
496
1454
2492
3070
5077
2068
3557
4816
5785
7324
4619
4745
1610
6532
2092
6893
6304
5162
7354
5899
3607
1705
104
3782
2270
5932
2920
4018
5368
373
