903.00
904.00
905.00
906.00
907.00
908.00
909.00
910.00
911.00
912.01
913.01
914.01
915.01
916.01
917.01
918.01
919.01
920.01
921.01
922.02
923.02
924.02
925.02
926.02
927.02
928.02
929.02
930.02
931.02
932.03
933.03
934.03
935.03
936.03
937.03
938.03
939.03
940.03
941.03
942.04
943.04
944.04
945.04
946.04
947.04
948.04
949.04
950.04
951.04
952.05
953.05
954.05
955.05
956.05
957.05
958.05
959.05
960.05
961.05
962.06
963.06
964.06
965.06
966.06
967.06
968.06
969.06
970.06
971.06
972.07
973.07
974.07
975.07
976.07
977.07
978.07
979.07
980.07
981.07
982.08
983.08
984.08
985.08
986.08
987.08
988.08
989.08
990.08
991.08
992.09
993.09
994.09
995.09
996.09
997.09
998.09
999.09
1000.09
1001.09
1002.10
1003.10
1004.10
1005.10
1006.10
1007.10
1008.10
1009.10
1010.10
1011.10
1012.11
1013.11
1014.11
1015.11
1016.11
1017.11
1018.11
1019.11
1020.11
1021.11
1022.12
1023.12
1024.12
1025.12
1026.12
1027.12
1028.12
1029.12
1030.12
1031.12
1032.13
1033.13
1034.13
1035.13
1036.13
1037.13
1038.13
1039.13
1040.13
1041.13
1042.14
1043.14
1044.14
1045.14
1046.14
1047.14
1048.14
1049.14
1050.14
1051.14
1052.15
1053.15
1054.15
1055.15
1056.15
1057.15
1058.15
1059.15
1060.15
1061.15
1062.16
1063.16
1064.16
1065.16
1066.16
1067.16
1068.16
1069.16
1070.16
1071.16
1072.17
1073.17
1074.17
1075.17
1076.17
1077.17
1078.17
1079.17
1080.17
1081.17
1082.18
1083.18
1084.18
1085.18
1086.18
1087.18
1088.18
1089.18
1090.18
1091.18
1092.19
1093.19
1094.19
1095.19
1096.19
1097.19
1098.19
1099.19
1100.19
1101.19
1102.20
1103.20
1104.20
1105.20
1106.20
1107.20
1108.20
1109.20
1110.20
1111.20
1112.21
1113.21
1114.21
1115.21
1116.21
1117.21
1118.21
1119.21
1120.21
1121.21
1122.22
1123.22
1124.22
1125.22
1126.22
1127.22
1128.22
1129.22
1130.22
1131.22
1132.23
1133.23
1134.23
1135.23
1136.23
1137.23
1138.23
1139.23
1140.23
1141.23
1142.24
1143.24
1144.24
1145.24
1146.24
1147.24
1148.24
1149.24
1150.24
1151.24
1152.25
1153.25
1154.25
1155.25
1156.25
1157.25
1158.25
1159.25
1160.25
1161.25
1162.26
1163.26
1164.26
1165.26
1166.26
1167.26
1168.26
1169.26
1170.26
1171.26
1172.27
1173.27
1174.27
1175.27
1176.27
1177.27
1178.27
1179.27
1180.27
1181.27
1182.28
1183.28
1184.28
1185.28
1186.28
1187.28
1188.28
1189.28
1190.28
1191.28
1192.29
1193.29
1194.29
1195.29
1196.29
1197.29
1198.29
1199.29
1200.29
1201.29
1202.30
1203.30
1204.30
1205.30
1206.30
1207.30
1208.30
1209.30
1210.30
1211.30
1212.31
1213.31
1214.31
1215.31
1216.31
1217.31
1218.31
1219.31
1220.31
1221.31
1222.32
1223.32
1224.32
1225.32
1226.32
1227.32
1228.32
1229.32
1230.32
1231.32
1232.33
1233.33
1234.33
1235.33
1236.33
1237.33
1238.33
1239.33
1240.33
1241.33
1242.34
1243.34
1244.34
1245.34
1246.34
1247.34
1248.34
1249.34
1250.34
1251.34
1252.35
1253.35
1254.35
1255.35
1256.35
1257.35
1258.35
1259.35
1260.35
1261.35
1262.36
1263.36
1264.36
1265.36
1266.36
1267.36
1268.36
1269.36
1270.36
1271.36
1272.37
1273.37
1274.37
1275.37
1276.37
1277.37
1278.37
1279.37
1280.37
1281.37
1282.38
1283.38
1284.38
1285.38
1286.38
1287.38
1288.38
1289.38
1290.38
1291.38
1292.39
1293.39
1294.39
1295.39
1296.39
1297.39
1298.39
1299.39
1300.39
1301.39
1302.40
1303.40
1304.40
1305.40
1306.40
1307.40
1308.40
1309.40
1310.40
1311.40
1312.41
1313.41
1314.41
1315.41
1316.41
1317.41
1318.41
1319.41
1320.41
1321.41
1322.42
1323.42
1324.42
1325.42
1326.42
1327.42
1328.42
1329.42
1330.42
1331.42
1332.43
1333.43
1334.43
1335.43
1336.43
1337.43
1338.43
1339.43
1340.43
1341.43
1342.44
1343.44
1344.44
1345.44
1346.44
1347.44
1348.44
1349.44
1350.44
1351.44
1352.45
1353.45
1354.45
1355.45
1356.45
1357.45
1358.45
1359.45
1360.45
1361.45
1362.46
1363.46
1364.46
1365.46
1366.46
1367.46
1368.46
1369.46
1370.46
1371.46
1372.47
1373.47
1374.47
1375.47
1376.47
1377.47
1378.47
1379.47
1380.47
1381.47
1382.48
1383.48
1384.48
1385.48
1386.48
1387.48
1388.48
1389.48
1390.48
1391.48
1392.49
1393.49
1394.49
1395.49
1396.49
1397.49
1398.49
1399.49
1400.49
1401.49
1402.50
1403.50
1404.50
1405.50
1406.50
1407.50
1408.50
1409.50
1410.50
1411.50
1412.51
1413.51
1414.51
1415.51
1416.51
1417.51
1418.51
1419.51
1420.51
1421.51
1422.52
1423.52
1424.52
1425.52
1426.52
1427.52
1428.52
1429.52
1430.52
1431.52
1432.53
1433.53
1434.53
1435.53
1436.53
1437.53
1438.53
1439.53
1440.53
1441.53
1442.54
1443.54
1444.54
1445.54
1446.54
1447.54
1448.54
1449.54
1450.54
1451.54
1452.55
1453.55
1454.55
1455.55
1456.55
1457.55
1458.55
1459.55
1460.55
1461.55
1462.56
1463.56
1464.56
1465.56
1466.56
1467.56
1468.56
1469.56
1470.56
1471.56
1472.57
1473.57
1474.57
1475.57
1476.57
1477.57
1478.57
1479.57
1480.57
1481.57
1482.58
1483.58
1484.58
1485.58
1486.58
1487.58
1488.58
1489.58
1490.58
1491.58
1492.59
1493.59
1494.59
1495.59
1496.59
1497.59
1498.59
1499.59
1500.59
1501.59
1502.60
1503.60
1504.60
1505.60
1506.60
1507.60
1508.60
1509.60
1510.60
1511.60
1512.61
1513.61
1514.61
1515.61
1516.61
1517.61
1518.61
1519.61
1520.61
1521.61
1522.62
1523.62
1524.62
1525.62
1526.62
1527.62
1528.62
1529.62
1530.62
1531.62
1532.63
1533.63
1534.63
1535.63
1536.63
1537.63
1538.63
1539.63
1540.63
1541.63
1542.64
1543.64
1544.64
1545.64
1546.64
1547.64
1548.64
1549.64
1550.64
1551.64
1552.65
1553.65
1554.65
1555.65
1556.65
1557.65
1558.65
1559.65
1560.65
1561.65
1562.66
1563.66
1564.66
1565.66
1566.66
1567.66
1568.66
1569.66
1570.66
1571.66
1572.67
1573.67
1574.67
1575.67
1576.67
1577.67
1578.67
1579.67
1580.67
1581.67
1582.68
1583.68
1584.68
1585.68
1586.68
1587.68
1588.68
1589.68
1590.68
1591.68
1592.69
1593.69
1594.69
1595.69
1596.69
1597.69
1598.69
1599.69
1600.69
1601.69
1602.70
1603.70
1604.70
1605.70
1606.70
1607.70
1608.70
1609.70
1610.70
1611.70
1612.71
1613.71
1614.71
1615.71
1616.71
1617.71
1618.71
1619.71
1620.71
1621.71
1622.72
1623.72
1624.72
1625.72
1626.72
1627.72
1628.72
1629.72
1630.72
1631.72
1632.73
1633.73
1634.73
1635.73
1636.73
1637.73
1638.73
1639.73
1640.73
1641.73
1642.74
1643.74
1644.74
1645.74
1646.74
1647.74
1648.74
1649.74
1650.74
1651.74
1652.75
1653.75
1654.75
1655.75
1656.75
1657.75
1658.75
1659.75
1660.75
1661.75
1662.76
1663.76
1664.76
1665.76
1666.76
1667.76
1668.76
1669.76
1670.76
1671.76
1672.77
1673.77
1674.77
1675.77
1676.77
1677.77
1678.77
1679.77
1680.77
1681.77
1682.78
1683.78
1684.78
1685.78
1686.78
1687.78
1688.78
1689.78
1690.78
1691.78
1692.79
1693.79
1694.79
1695.79
1696.79
1697.79
1698.79
1699.79
1700.79
1701.79
1702.80
1703.80
1704.80
1705.80
1706.80
1707.80
1708.80
1709.80
1710.80
1711.80
1712.81
1713.81
1714.81
1715.81
1716.81
1717.81
1718.81
1719.81
1720.81
1721.81
1722.82
1723.82
1724.82
1725.82
1726.82
1727.82
1728.82
1729.82
1730.82
1731.82
1732.83
1733.83
1734.83
1735.83
1736.83
1737.83
1738.83
1739.83
1740.83
1741.83
1742.84
1743.84
1744.84
1745.84
1746.84
1747.84
1748.84
1749.84
1750.84
1751.84
1752.85
1753.85
1754.85
1755.85
1756.85
1757.85
1758.85
1759.85
1760.85
1761.85
1762.86
1763.86
1764.86
1765.86
1766.86
1767.86
1768.86
1769.86
1770.86
1771.86
1772.87
1773.87
1774.87
1775.87
1776.87
1777.87
1778.87
1779.87
1780.87
1781.87
1782.88
1783.88
1784.88
1785.88
1786.88
1787.88
1788.88
1789.88
1790.88
1791.88
1792.89
1793.89
1794.89
1795.89
1796.89
1797.89
1798.89
1799.89
1800.89
1801.89
1802.90
1803.90
1804.90
1805.90
1806.90
1807.90
1808.90
1809.90
1810.90
1811.90
1812.91
1813.91
1814.91
1815.91
1816.91
1817.91
1818.91
1819.91
1820.91
1821.91
1822.92
1823.92
1824.92
1825.92
1826.92
1827.92
1828.92
1829.92
1830.92
1831.92
1832.93
1833.93
1834.93
1835.93
1836.93
1837.93
1838.93
1839.93
1840.93
1841.93
1842.94
1843.94
1844.94
1845.94
1846.94
1847.94
1848.94
1849.94
1850.94
1851.94
1852.95
1853.95
1854.95
1855.95
1856.95
1857.95
1858.95
1859.95
1860.95
1861.95
1862.96
1863.96
1864.96
1865.96
1866.96
1867.96
1868.96
1869.96
1870.96
1871.96
1872.97
1873.97
1874.97
1875.97
1876.97
1877.97
1878.97
1879.97
1880.97
1881.97
1882.98
1883.98
1884.98
1885.98
1886.98
1887.98
1888.98
1889.98
1890.98
1891.98
1892.99
1893.99
1894.99
1895.99
1896.99
1897.99
1898.99
1899.99
1900.99
1901.99
903.00
