901.00
902.00
903.00
904.00
905.00
906.00
907.00
908.00
909.00
910.01
911.01
912.01
913.01
914.01
915.01
916.01
917.01
918.01
919.01
920.02
921.02
922.02
923.02
924.02
925.02
926.02
927.02
928.02
929.02
930.03
931.03
932.03
933.03
934.03
935.03
936.03
937.03
938.03
939.03
940.04
941.04
942.04
943.04
944.04
945.04
946.04
947.04
948.04
949.04
950.05
951.05
952.05
953.05
954.05
955.05
956.05
957.05
958.05
959.05
960.06
961.06
962.06
963.06
964.06
965.06
966.06
967.06
968.06
969.06
970.07
971.07
972.07
973.07
974.07
975.07
976.07
977.07
978.07
979.07
980.08
981.08
982.08
983.08
984.08
985.08
986.08
987.08
988.08
989.08
990.09
991.09
992.09
993.09
994.09
995.09
996.09
997.09
998.09
999.09
1000.10
1001.10
1002.10
1003.10
1004.10
1005.10
1006.10
1007.10
1008.10
1009.10
1010.11
1011.11
1012.11
1013.11
1014.11
1015.11
1016.11
1017.11
1018.11
1019.11
1020.12
1021.12
1022.12
1023.12
1024.12
1025.12
1026.12
1027.12
1028.12
1029.12
1030.13
1031.13
1032.13
1033.13
1034.13
1035.13
1036.13
1037.13
1038.13
1039.13
1040.14
1041.14
1042.14
1043.14
1044.14
1045.14
1046.14
1047.14
1048.14
1049.14
1050.15
1051.15
1052.15
1053.15
1054.15
1055.15
1056.15
1057.15
1058.15
1059.15
1060.16
1061.16
1062.16
1063.16
1064.16
1065.16
1066.16
1067.16
1068.16
1069.16
1070.17
1071.17
1072.17
1073.17
1074.17
1075.17
1076.17
1077.17
1078.17
1079.17
1080.18
1081.18
1082.18
1083.18
1084.18
1085.18
1086.18
1087.18
1088.18
1089.18
1090.19
1091.19
1092.19
1093.19
1094.19
1095.19
1096.19
1097.19
1098.19
1099.19
1100.20
1101.20
1102.20
1103.20
1104.20
1105.20
1106.20
1107.20
1108.20
1109.20
1110.21
1111.21
1112.21
1113.21
1114.21
1115.21
1116.21
1117.21
1118.21
1119.21
1120.22
1121.22
1122.22
1123.22
1124.22
1125.22
1126.22
1127.22
1128.22
1129.22
1130.23
1131.23
1132.23
1133.23
1134.23
1135.23
1136.23
1137.23
1138.23
1139.23
1140.24
1141.24
1142.24
1143.24
1144.24
1145.24
1146.24
1147.24
1148.24
1149.24
1150.25
1151.25
1152.25
1153.25
1154.25
1155.25
1156.25
1157.25
1158.25
1159.25
1160.26
1161.26
1162.26
1163.26
1164.26
1165.26
1166.26
1167.26
1168.26
1169.26
1170.27
1171.27
1172.27
1173.27
1174.27
1175.27
1176.27
1177.27
1178.27
1179.27
1180.28
1181.28
1182.28
1183.28
1184.28
1185.28
1186.28
1187.28
1188.28
1189.28
1190.29
1191.29
1192.29
1193.29
1194.29
1195.29
1196.29
1197.29
1198.29
1199.29
1200.30
1201.30
1202.30
1203.30
1204.30
1205.30
1206.30
1207.30
1208.30
1209.30
1210.31
1211.31
1212.31
1213.31
1214.31
1215.31
1216.31
1217.31
1218.31
1219.31
1220.32
1221.32
1222.32
1223.32
1224.32
1225.32
1226.32
1227.32
1228.32
1229.32
1230.33
1231.33
1232.33
1233.33
1234.33
1235.33
1236.33
1237.33
1238.33
1239.33
1240.34
1241.34
1242.34
1243.34
1244.34
1245.34
1246.34
1247.34
1248.34
1249.34
1250.35
1251.35
1252.35
1253.35
1254.35
1255.35
1256.35
1257.35
1258.35
1259.35
1260.36
1261.36
1262.36
1263.36
1264.36
1265.36
1266.36
1267.36
1268.36
1269.36
1270.37
1271.37
1272.37
1273.37
1274.37
1275.37
1276.37
1277.37
1278.37
1279.37
1280.38
1281.38
1282.38
1283.38
1284.38
1285.38
1286.38
1287.38
1288.38
1289.38
1290.39
1291.39
1292.39
1293.39
1294.39
1295.39
1296.39
1297.39
1298.39
1299.39
1300.40
1301.40
1302.40
1303.40
1304.40
1305.40
1306.40
1307.40
1308.40
1309.40
1310.41
1311.41
1312.41
1313.41
1314.41
1315.41
1316.41
1317.41
1318.41
1319.41
1320.42
1321.42
1322.42
1323.42
1324.42
1325.42
1326.42
1327.42
1328.42
1329.42
1330.43
1331.43
1332.43
1333.43
1334.43
1335.43
1336.43
1337.43
1338.43
1339.43
1340.44
1341.44
1342.44
1343.44
1344.44
1345.44
1346.44
1347.44
1348.44
1349.44
1350.45
1351.45
1352.45
1353.45
1354.45
1355.45
1356.45
1357.45
1358.45
1359.45
1360.46
1361.46
1362.46
1363.46
1364.46
1365.46
1366.46
1367.46
1368.46
1369.46
1370.47
1371.47
1372.47
1373.47
1374.47
1375.47
1376.47
1377.47
1378.47
1379.47
1380.48
1381.48
1382.48
1383.48
1384.48
1385.48
1386.48
1387.48
1388.48
1389.48
1390.49
1391.49
1392.49
1393.49
1394.49
1395.49
1396.49
1397.49
1398.49
1399.49
1400.50
1401.50
1402.50
1403.50
1404.50
1405.50
1406.50
1407.50
1408.50
1409.50
1410.51
1411.51
1412.51
1413.51
1414.51
1415.51
1416.51
1417.51
1418.51
1419.51
1420.52
1421.52
1422.52
1423.52
1424.52
1425.52
1426.52
1427.52
1428.52
1429.52
1430.53
1431.53
1432.53
1433.53
1434.53
1435.53
1436.53
1437.53
1438.53
1439.53
1440.54
1441.54
1442.54
1443.54
1444.54
1445.54
1446.54
1447.54
1448.54
1449.54
1450.55
1451.55
1452.55
1453.55
1454.55
1455.55
1456.55
1457.55
1458.55
1459.55
1460.56
1461.56
1462.56
1463.56
1464.56
1465.56
1466.56
1467.56
1468.56
1469.56
1470.57
1471.57
1472.57
1473.57
1474.57
1475.57
1476.57
1477.57
1478.57
1479.57
1480.58
1481.58
1482.58
1483.58
1484.58
1485.58
1486.58
1487.58
1488.58
1489.58
1490.59
1491.59
1492.59
1493.59
1494.59
1495.59
1496.59
1497.59
1498.59
1499.59
1500.60
1501.60
1502.60
1503.60
1504.60
1505.60
1506.60
1507.60
1508.60
1509.60
1510.61
1511.61
1512.61
1513.61
1514.61
1515.61
1516.61
1517.61
1518.61
1519.61
1520.62
1521.62
1522.62
1523.62
1524.62
1525.62
1526.62
1527.62
1528.62
1529.62
1530.63
1531.63
1532.63
1533.63
1534.63
1535.63
1536.63
1537.63
1538.63
1539.63
1540.64
1541.64
1542.64
1543.64
1544.64
1545.64
1546.64
1547.64
1548.64
1549.64
1550.65
1551.65
1552.65
1553.65
1554.65
1555.65
1556.65
1557.65
1558.65
1559.65
1560.66
1561.66
1562.66
1563.66
1564.66
1565.66
1566.66
1567.66
1568.66
1569.66
1570.67
1571.67
1572.67
1573.67
1574.67
1575.67
1576.67
1577.67
1578.67
1579.67
1580.68
1581.68
1582.68
1583.68
1584.68
1585.68
1586.68
1587.68
1588.68
1589.68
1590.69
1591.69
1592.69
1593.69
1594.69
1595.69
1596.69
1597.69
1598.69
1599.69
1600.70
1601.70
1602.70
1603.70
1604.70
1605.70
1606.70
1607.70
1608.70
1609.70
1610.71
1611.71
1612.71
1613.71
1614.71
1615.71
1616.71
1617.71
1618.71
1619.71
1620.72
1621.72
1622.72
1623.72
1624.72
1625.72
1626.72
1627.72
1628.72
1629.72
1630.73
1631.73
1632.73
1633.73
1634.73
1635.73
1636.73
1637.73
1638.73
1639.73
1640.74
1641.74
1642.74
1643.74
1644.74
1645.74
1646.74
1647.74
1648.74
1649.74
1650.75
1651.75
1652.75
1653.75
1654.75
1655.75
1656.75
1657.75
1658.75
1659.75
1660.76
1661.76
1662.76
1663.76
1664.76
1665.76
1666.76
1667.76
1668.76
1669.76
1670.77
1671.77
1672.77
1673.77
1674.77
1675.77
1676.77
1677.77
1678.77
1679.77
1680.78
1681.78
1682.78
1683.78
1684.78
1685.78
1686.78
1687.78
1688.78
1689.78
1690.79
1691.79
1692.79
1693.79
1694.79
1695.79
1696.79
1697.79
1698.79
1699.79
1700.80
1701.80
1702.80
1703.80
1704.80
1705.80
1706.80
1707.80
1708.80
1709.80
1710.81
1711.81
1712.81
1713.81
1714.81
1715.81
1716.81
1717.81
1718.81
1719.81
1720.82
1721.82
1722.82
1723.82
1724.82
1725.82
1726.82
1727.82
1728.82
1729.82
1730.83
1731.83
1732.83
1733.83
1734.83
1735.83
1736.83
1737.83
1738.83
1739.83
1740.84
1741.84
1742.84
1743.84
1744.84
1745.84
1746.84
1747.84
1748.84
1749.84
1750.85
1751.85
1752.85
1753.85
1754.85
1755.85
1756.85
1757.85
1758.85
1759.85
1760.86
1761.86
1762.86
1763.86
1764.86
1765.86
1766.86
1767.86
1768.86
1769.86
1770.87
1771.87
1772.87
1773.87
1774.87
1775.87
1776.87
1777.87
1778.87
1779.87
1780.88
1781.88
1782.88
1783.88
1784.88
1785.88
1786.88
1787.88
1788.88
1789.88
1790.89
1791.89
1792.89
1793.89
1794.89
1795.89
1796.89
1797.89
1798.89
1799.89
1800.90
1801.90
1802.90
1803.90
1804.90
1805.90
1806.90
1807.90
1808.90
1809.90
1810.91
1811.91
1812.91
1813.91
1814.91
1815.91
1816.91
1817.91
1818.91
1819.91
1820.92
1821.92
1822.92
1823.92
1824.92
1825.92
1826.92
1827.92
1828.92
1829.92
1830.93
1831.93
1832.93
1833.93
1834.93
1835.93
1836.93
1837.93
1838.93
1839.93
1840.94
1841.94
1842.94
1843.94
1844.94
1845.94
1846.94
1847.94
1848.94
1849.94
1850.95
1851.95
1852.95
1853.95
1854.95
1855.95
1856.95
1857.95
1858.95
1859.95
1860.96
1861.96
1862.96
1863.96
1864.96
1865.96
1866.96
1867.96
1868.96
1869.96
1870.97
1871.97
1872.97
1873.97
1874.97
1875.97
1876.97
1877.97
1878.97
1879.97
1880.98
1881.98
1882.98
1883.98
1884.98
1885.98
1886.98
1887.98
1888.98
1889.98
1890.99
1891.99
1892.99
1893.99
1894.99
1895.99
1896.99
1897.99
1898.99
1899.99
901.00
902.00
903.00
904.00
905.00
906.00
907.00
908.00
909.00
910.00
911.01
912.01
913.01
914.01
915.01
916.01
917.01
918.01
919.01
920.01
921.02
922.02
923.02
924.02
925.02
926.02
927.02
928.02
929.02
930.02
931.03
932.03
933.03
934.03
935.03
936.03
937.03
938.03
939.03
940.03
941.04
942.04
943.04
944.04
945.04
946.04
947.04
948.04
949.04
950.04
951.05
952.05
953.05
954.05
955.05
956.05
957.05
958.05
959.05
960.05
961.06
962.06
963.06
964.06
965.06
966.06
967.06
968.06
969.06
970.06
971.07
972.07
973.07
974.07
975.07
976.07
977.07
978.07
979.07
980.07
981.08
982.08
983.08
984.08
985.08
986.08
987.08
988.08
989.08
990.08
991.09
992.09
993.09
994.09
995.09
996.09
997.09
998.09
999.09
1000.09
1001.10
1002.10
1003.10
1004.10
1005.10
1006.10
1007.10
1008.10
1009.10
1010.10
1011.11
1012.11
1013.11
1014.11
1015.11
1016.11
1017.11
1018.11
1019.11
1020.11
1021.12
1022.12
1023.12
1024.12
1025.12
1026.12
1027.12
1028.12
1029.12
1030.12
1031.13
1032.13
1033.13
1034.13
1035.13
1036.13
1037.13
1038.13
1039.13
1040.13
1041.14
1042.14
1043.14
1044.14
1045.14
1046.14
1047.14
1048.14
1049.14
1050.14
1051.15
1052.15
1053.15
1054.15
1055.15
1056.15
1057.15
1058.15
1059.15
1060.15
1061.16
1062.16
1063.16
1064.16
1065.16
1066.16
1067.16
1068.16
1069.16
1070.16
1071.17
1072.17
1073.17
1074.17
1075.17
1076.17
1077.17
1078.17
1079.17
1080.17
1081.18
1082.18
1083.18
1084.18
1085.18
1086.18
1087.18
1088.18
1089.18
1090.18
1091.19
1092.19
1093.19
1094.19
1095.19
1096.19
1097.19
1098.19
1099.19
1100.19
1101.20
1102.20
1103.20
1104.20
1105.20
1106.20
1107.20
1108.20
1109.20
1110.20
1111.21
1112.21
1113.21
1114.21
1115.21
1116.21
1117.21
1118.21
1119.21
1120.21
1121.22
1122.22
1123.22
1124.22
1125.22
1126.22
1127.22
1128.22
1129.22
1130.22
1131.23
1132.23
1133.23
1134.23
1135.23
1136.23
1137.23
1138.23
1139.23
1140.23
1141.24
1142.24
1143.24
1144.24
1145.24
1146.24
1147.24
1148.24
1149.24
1150.24
1151.25
1152.25
1153.25
1154.25
1155.25
1156.25
1157.25
1158.25
1159.25
1160.25
1161.26
1162.26
1163.26
1164.26
1165.26
1166.26
1167.26
1168.26
1169.26
1170.26
1171.27
1172.27
1173.27
1174.27
1175.27
1176.27
1177.27
1178.27
1179.27
1180.27
1181.28
1182.28
1183.28
1184.28
1185.28
1186.28
1187.28
1188.28
1189.28
1190.28
1191.29
1192.29
1193.29
1194.29
1195.29
1196.29
1197.29
1198.29
1199.29
1200.29
1201.30
1202.30
1203.30
1204.30
1205.30
1206.30
1207.30
1208.30
1209.30
1210.30
1211.31
1212.31
1213.31
1214.31
1215.31
1216.31
1217.31
1218.31
1219.31
1220.31
1221.32
1222.32
1223.32
1224.32
1225.32
1226.32
1227.32
1228.32
1229.32
1230.32
1231.33
1232.33
1233.33
1234.33
1235.33
1236.33
1237.33
1238.33
1239.33
1240.33
1241.34
1242.34
1243.34
1244.34
1245.34
1246.34
1247.34
1248.34
1249.34
1250.34
1251.35
1252.35
1253.35
1254.35
1255.35
1256.35
1257.35
1258.35
1259.35
1260.35
1261.36
1262.36
1263.36
1264.36
1265.36
1266.36
1267.36
1268.36
1269.36
1270.36
1271.37
1272.37
1273.37
1274.37
1275.37
1276.37
1277.37
1278.37
1279.37
1280.37
1281.38
1282.38
1283.38
1284.38
1285.38
1286.38
1287.38
1288.38
1289.38
1290.38
1291.39
1292.39
1293.39
1294.39
1295.39
1296.39
1297.39
1298.39
1299.39
1300.39
1301.40
1302.40
1303.40
1304.40
1305.40
1306.40
1307.40
1308.40
1309.40
1310.40
1311.41
1312.41
1313.41
1314.41
1315.41
1316.41
1317.41
1318.41
1319.41
1320.41
1321.42
1322.42
1323.42
1324.42
1325.42
1326.42
1327.42
1328.42
1329.42
1330.42
1331.43
1332.43
1333.43
1334.43
1335.43
1336.43
1337.43
1338.43
1339.43
1340.43
1341.44
1342.44
1343.44
1344.44
1345.44
1346.44
1347.44
1348.44
1349.44
1350.44
1351.45
1352.45
1353.45
1354.45
1355.45
1356.45
1357.45
1358.45
1359.45
1360.45
1361.46
1362.46
1363.46
1364.46
1365.46
1366.46
1367.46
1368.46
1369.46
1370.46
1371.47
1372.47
1373.47
1374.47
1375.47
1376.47
1377.47
1378.47
1379.47
1380.47
1381.48
1382.48
1383.48
1384.48
1385.48
1386.48
1387.48
1388.48
1389.48
1390.48
1391.49
1392.49
1393.49
1394.49
1395.49
1396.49
1397.49
1398.49
1399.49
1400.49
1401.50
1402.50
1403.50
1404.50
1405.50
1406.50
1407.50
1408.50
1409.50
1410.50
1411.51
1412.51
1413.51
1414.51
1415.51
1416.51
1417.51
1418.51
1419.51
1420.51
1421.52
1422.52
1423.52
1424.52
1425.52
1426.52
1427.52
1428.52
1429.52
1430.52
1431.53
1432.53
1433.53
1434.53
1435.53
1436.53
1437.53
1438.53
1439.53
1440.53
1441.54
1442.54
1443.54
1444.54
1445.54
1446.54
1447.54
1448.54
1449.54
1450.54
1451.55
1452.55
1453.55
1454.55
1455.55
1456.55
1457.55
1458.55
1459.55
1460.55
1461.56
1462.56
1463.56
1464.56
1465.56
1466.56
1467.56
1468.56
1469.56
1470.56
1471.57
1472.57
1473.57
1474.57
1475.57
1476.57
1477.57
1478.57
1479.57
1480.57
1481.58
1482.58
1483.58
1484.58
1485.58
1486.58
1487.58
1488.58
1489.58
1490.58
1491.59
1492.59
1493.59
1494.59
1495.59
1496.59
1497.59
1498.59
1499.59
1500.59
1501.60
1502.60
1503.60
1504.60
1505.60
1506.60
1507.60
1508.60
1509.60
1510.60
1511.61
1512.61
1513.61
1514.61
1515.61
1516.61
1517.61
1518.61
1519.61
1520.61
1521.62
1522.62
1523.62
1524.62
1525.62
1526.62
1527.62
1528.62
1529.62
1530.62
1531.63
1532.63
1533.63
1534.63
1535.63
1536.63
1537.63
1538.63
1539.63
1540.63
1541.64
1542.64
1543.64
1544.64
1545.64
1546.64
1547.64
1548.64
1549.64
1550.64
1551.65
1552.65
1553.65
1554.65
1555.65
1556.65
1557.65
1558.65
1559.65
1560.65
1561.66
1562.66
1563.66
1564.66
1565.66
1566.66
1567.66
1568.66
1569.66
1570.66
1571.67
1572.67
1573.67
1574.67
1575.67
1576.67
1577.67
1578.67
1579.67
1580.67
1581.68
1582.68
1583.68
1584.68
1585.68
1586.68
1587.68
1588.68
1589.68
1590.68
1591.69
1592.69
1593.69
1594.69
1595.69
1596.69
1597.69
1598.69
1599.69
1600.69
1601.70
1602.70
1603.70
1604.70
1605.70
1606.70
1607.70
1608.70
1609.70
1610.70
1611.71
1612.71
1613.71
1614.71
1615.71
1616.71
1617.71
1618.71
1619.71
1620.71
1621.72
1622.72
1623.72
1624.72
1625.72
1626.72
1627.72
1628.72
1629.72
1630.72
1631.73
1632.73
1633.73
1634.73
1635.73
1636.73
1637.73
1638.73
1639.73
1640.73
1641.74
1642.74
1643.74
1644.74
1645.74
1646.74
1647.74
1648.74
1649.74
1650.74
1651.75
1652.75
1653.75
1654.75
1655.75
1656.75
1657.75
1658.75
1659.75
1660.75
1661.76
1662.76
1663.76
1664.76
1665.76
1666.76
1667.76
1668.76
1669.76
1670.76
1671.77
1672.77
1673.77
1674.77
1675.77
1676.77
1677.77
1678.77
1679.77
1680.77
1681.78
1682.78
1683.78
1684.78
1685.78
1686.78
1687.78
1688.78
1689.78
1690.78
1691.79
1692.79
1693.79
1694.79
1695.79
1696.79
1697.79
1698.79
1699.79
1700.79
1701.80
1702.80
1703.80
1704.80
1705.80
1706.80
1707.80
1708.80
1709.80
1710.80
1711.81
1712.81
1713.81
1714.81
1715.81
1716.81
1717.81
1718.81
1719.81
1720.81
1721.82
1722.82
1723.82
1724.82
1725.82
1726.82
1727.82
1728.82
1729.82
1730.82
1731.83
1732.83
1733.83
1734.83
1735.83
1736.83
1737.83
1738.83
1739.83
1740.83
1741.84
1742.84
1743.84
1744.84
1745.84
1746.84
1747.84
1748.84
1749.84
1750.84
1751.85
1752.85
1753.85
1754.85
1755.85
1756.85
1757.85
1758.85
1759.85
1760.85
1761.86
1762.86
1763.86
1764.86
1765.86
1766.86
1767.86
1768.86
1769.86
1770.86
1771.87
1772.87
1773.87
1774.87
1775.87
1776.87
1777.87
1778.87
1779.87
1780.87
1781.88
1782.88
1783.88
1784.88
1785.88
1786.88
1787.88
1788.88
1789.88
1790.88
1791.89
1792.89
1793.89
1794.89
1795.89
1796.89
1797.89
1798.89
1799.89
1800.89
1801.90
1802.90
1803.90
1804.90
1805.90
1806.90
1807.90
1808.90
1809.90
1810.90
1811.91
1812.91
1813.91
1814.91
1815.91
1816.91
1817.91
1818.91
1819.91
1820.91
1821.92
1822.92
1823.92
1824.92
1825.92
1826.92
1827.92
1828.92
1829.92
1830.92
1831.93
1832.93
1833.93
1834.93
1835.93
1836.93
1837.93
1838.93
1839.93
1840.93
1841.94
1842.94
1843.94
1844.94
1845.94
1846.94
1847.94
1848.94
1849.94
1850.94
1851.95
1852.95
1853.95
1854.95
1855.95
1856.95
1857.95
1858.95
1859.95
1860.95
1861.96
1862.96
1863.96
1864.96
1865.96
1866.96
1867.96
1868.96
1869.96
1870.96
1871.97
1872.97
1873.97
1874.97
1875.97
1876.97
1877.97
1878.97
1879.97
1880.97
1881.98
1882.98
1883.98
1884.98
1885.98
1886.98
1887.98
1888.98
1889.98
1890.98
1891.99
1892.99
1893.99
1894.99
1895.99
1896.99
1897.99
1898.99
1899.99
1900.99
902.00
903.00
904.00
905.00
906.00
907.00
908.00
909.00
910.00
911.00
912.01
913.01
914.01
915.01
916.01
917.01
918.01
919.01
920.01
921.01
922.02
923.02
924.02
925.02
926.02
927.02
928.02
929.02
930.02
931.02
932.03
933.03
934.03
935.03
936.03
937.03
938.03
939.03
940.03
941.03
942.04
943.04
944.04
945.04
946.04
947.04
948.04
949.04
950.04
951.04
952.05
953.05
954.05
955.05
956.05
957.05
958.05
959.05
960.05
961.05
962.06
963.06
964.06
965.06
966.06
967.06
968.06
969.06
970.06
971.06
972.07
973.07
974.07
975.07
976.07
977.07
978.07
979.07
980.07
981.07
982.08
983.08
984.08
985.08
986.08
987.08
988.08
989.08
990.08
991.08
992.09
993.09
994.09
995.09
996.09
997.09
998.09
999.09
1000.09
1001.09
1002.10
1003.10
1004.10
1005.10
1006.10
1007.10
1008.10
1009.10
1010.10
1011.10
1012.11
1013.11
1014.11
1015.11
1016.11
1017.11
1018.11
1019.11
1020.11
1021.11
1022.12
1023.12
1024.12
1025.12
1026.12
1027.12
1028.12
1029.12
1030.12
1031.12
1032.13
1033.13
1034.13
1035.13
1036.13
1037.13
1038.13
1039.13
1040.13
1041.13
1042.14
1043.14
1044.14
1045.14
1046.14
1047.14
1048.14
1049.14
1050.14
1051.14
1052.15
1053.15
1054.15
1055.15
1056.15
1057.15
1058.15
1059.15
1060.15
1061.15
1062.16
1063.16
1064.16
1065.16
1066.16
1067.16
1068.16
1069.16
1070.16
1071.16
1072.17
1073.17
1074.17
1075.17
1076.17
1077.17
1078.17
1079.17
1080.17
1081.17
1082.18
1083.18
1084.18
1085.18
1086.18
1087.18
1088.18
1089.18
1090.18
1091.18
1092.19
1093.19
1094.19
1095.19
1096.19
1097.19
1098.19
1099.19
1100.19
1101.19
1102.20
1103.20
1104.20
1105.20
1106.20
1107.20
1108.20
1109.20
1110.20
1111.20
1112.21
1113.21
1114.21
1115.21
1116.21
1117.21
1118.21
1119.21
1120.21
1121.21
1122.22
1123.22
1124.22
1125.22
1126.22
1127.22
1128.22
1129.22
1130.22
1131.22
1132.23
1133.23
1134.23
1135.23
1136.23
1137.23
1138.23
1139.23
1140.23
1141.23
1142.24
1143.24
1144.24
1145.24
1146.24
1147.24
1148.24
1149.24
1150.24
1151.24
1152.25
1153.25
1154.25
1155.25
1156.25
1157.25
1158.25
1159.25
1160.25
1161.25
1162.26
1163.26
1164.26
1165.26
1166.26
1167.26
1168.26
1169.26
1170.26
1171.26
1172.27
1173.27
1174.27
1175.27
1176.27
1177.27
1178.27
1179.27
1180.27
1181.27
1182.28
1183.28
1184.28
1185.28
1186.28
1187.28
1188.28
1189.28
1190.28
1191.28
1192.29
1193.29
1194.29
1195.29
1196.29
1197.29
1198.29
1199.29
1200.29
1201.29
1202.30
1203.30
1204.30
1205.30
1206.30
1207.30
1208.30
1209.30
1210.30
1211.30
1212.31
1213.31
1214.31
1215.31
1216.31
1217.31
1218.31
1219.31
1220.31
1221.31
1222.32
1223.32
1224.32
1225.32
1226.32
1227.32
1228.32
1229.32
1230.32
1231.32
1232.33
1233.33
1234.33
1235.33
1236.33
1237.33
1238.33
1239.33
1240.33
1241.33
1242.34
1243.34
1244.34
1245.34
1246.34
1247.34
1248.34
1249.34
1250.34
1251.34
1252.35
1253.35
1254.35
1255.35
1256.35
1257.35
1258.35
1259.35
1260.35
1261.35
1262.36
1263.36
1264.36
1265.36
1266.36
1267.36
1268.36
1269.36
1270.36
1271.36
1272.37
1273.37
1274.37
1275.37
1276.37
1277.37
1278.37
1279.37
1280.37
1281.37
1282.38
1283.38
1284.38
1285.38
1286.38
1287.38
1288.38
1289.38
1290.38
1291.38
1292.39
1293.39
1294.39
1295.39
1296.39
1297.39
1298.39
1299.39
1300.39
1301.39
1302.40
1303.40
1304.40
1305.40
1306.40
1307.40
1308.40
1309.40
1310.40
1311.40
1312.41
1313.41
1314.41
1315.41
1316.41
1317.41
1318.41
1319.41
1320.41
1321.41
1322.42
1323.42
1324.42
1325.42
1326.42
1327.42
1328.42
1329.42
1330.42
1331.42
1332.43
1333.43
1334.43
1335.43
1336.43
1337.43
1338.43
1339.43
1340.43
1341.43
1342.44
1343.44
1344.44
1345.44
1346.44
1347.44
1348.44
1349.44
1350.44
1351.44
1352.45
1353.45
1354.45
1355.45
1356.45
1357.45
1358.45
1359.45
1360.45
1361.45
1362.46
1363.46
1364.46
1365.46
1366.46
1367.46
1368.46
1369.46
1370.46
1371.46
1372.47
1373.47
1374.47
1375.47
1376.47
1377.47
1378.47
1379.47
1380.47
1381.47
1382.48
1383.48
1384.48
1385.48
1386.48
1387.48
1388.48
1389.48
1390.48
1391.48
1392.49
1393.49
1394.49
1395.49
1396.49
1397.49
1398.49
1399.49
1400.49
1401.49
1402.50
1403.50
1404.50
1405.50
1406.50
1407.50
1408.50
1409.50
1410.50
1411.50
1412.51
1413.51
1414.51
1415.51
1416.51
1417.51
1418.51
1419.51
1420.51
1421.51
1422.52
1423.52
1424.52
1425.52
1426.52
1427.52
1428.52
1429.52
1430.52
1431.52
1432.53
1433.53
1434.53
1435.53
1436.53
1437.53
1438.53
1439.53
1440.53
1441.53
1442.54
1443.54
1444.54
1445.54
1446.54
1447.54
1448.54
1449.54
1450.54
1451.54
1452.55
1453.55
1454.55
1455.55
1456.55
1457.55
1458.55
1459.55
1460.55
1461.55
1462.56
1463.56
1464.56
1465.56
1466.56
1467.56
1468.56
1469.56
1470.56
1471.56
1472.57
1473.57
1474.57
1475.57
1476.57
1477.57
1478.57
1479.57
1480.57
1481.57
1482.58
1483.58
1484.58
1485.58
1486.58
1487.58
1488.58
1489.58
1490.58
1491.58
1492.59
1493.59
1494.59
1495.59
1496.59
1497.59
1498.59
1499.59
1500.59
1501.59
1502.60
1503.60
1504.60
1505.60
1506.60
1507.60
1508.60
1509.60
1510.60
1511.60
1512.61
1513.61
1514.61
1515.61
1516.61
1517.61
1518.61
1519.61
1520.61
1521.61
1522.62
1523.62
1524.62
1525.62
1526.62
1527.62
1528.62
1529.62
1530.62
1531.62
1532.63
1533.63
1534.63
1535.63
1536.63
1537.63
1538.63
1539.63
1540.63
1541.63
1542.64
1543.64
1544.64
1545.64
1546.64
1547.64
1548.64
1549.64
1550.64
1551.64
1552.65
1553.65
1554.65
1555.65
1556.65
1557.65
1558.65
1559.65
1560.65
1561.65
1562.66
1563.66
1564.66
1565.66
1566.66
1567.66
1568.66
1569.66
1570.66
1571.66
1572.67
1573.67
1574.67
1575.67
1576.67
1577.67
1578.67
1579.67
1580.67
1581.67
1582.68
1583.68
1584.68
1585.68
1586.68
1587.68
1588.68
1589.68
1590.68
1591.68
1592.69
1593.69
1594.69
1595.69
1596.69
1597.69
1598.69
1599.69
1600.69
1601.69
1602.70
1603.70
1604.70
1605.70
1606.70
1607.70
1608.70
1609.70
1610.70
1611.70
1612.71
1613.71
1614.71
1615.71
1616.71
1617.71
1618.71
1619.71
1620.71
1621.71
1622.72
1623.72
1624.72
1625.72
1626.72
1627.72
1628.72
1629.72
1630.72
1631.72
1632.73
1633.73
1634.73
1635.73
1636.73
1637.73
1638.73
1639.73
1640.73
1641.73
1642.74
1643.74
1644.74
1645.74
1646.74
1647.74
1648.74
1649.74
1650.74
1651.74
1652.75
1653.75
1654.75
1655.75
1656.75
1657.75
1658.75
1659.75
1660.75
1661.75
1662.76
1663.76
1664.76
1665.76
1666.76
1667.76
1668.76
1669.76
1670.76
1671.76
1672.77
1673.77
1674.77
1675.77
1676.77
1677.77
1678.77
1679.77
1680.77
1681.77
1682.78
1683.78
1684.78
1685.78
1686.78
1687.78
1688.78
1689.78
1690.78
1691.78
1692.79
1693.79
1694.79
1695.79
1696.79
1697.79
1698.79
1699.79
1700.79
1701.79
1702.80
1703.80
1704.80
1705.80
1706.80
1707.80
1708.80
1709.80
1710.80
1711.80
1712.81
1713.81
1714.81
1715.81
1716.81
1717.81
1718.81
1719.81
1720.81
1721.81
1722.82
1723.82
1724.82
1725.82
1726.82
1727.82
1728.82
1729.82
1730.82
1731.82
1732.83
1733.83
1734.83
1735.83
1736.83
1737.83
1738.83
1739.83
1740.83
1741.83
1742.84
1743.84
1744.84
1745.84
1746.84
1747.84
1748.84
1749.84
1750.84
1751.84
1752.85
1753.85
1754.85
1755.85
1756.85
1757.85
1758.85
1759.85
1760.85
1761.85
1762.86
1763.86
1764.86
1765.86
1766.86
1767.86
1768.86
1769.86
1770.86
1771.86
1772.87
1773.87
1774.87
1775.87
1776.87
1777.87
1778.87
1779.87
1780.87
1781.87
1782.88
1783.88
1784.88
1785.88
1786.88
1787.88
1788.88
1789.88
1790.88
1791.88
1792.89
1793.89
1794.89
1795.89
1796.89
1797.89
1798.89
1799.89
1800.89
1801.89
1802.90
1803.90
1804.90
1805.90
1806.90
1807.90
1808.90
1809.90
1810.90
1811.90
1812.91
1813.91
1814.91
1815.91
1816.91
1817.91
1818.91
1819.91
1820.91
1821.91
1822.92
1823.92
1824.92
1825.92
1826.92
1827.92
1828.92
1829.92
1830.92
1831.92
1832.93
1833.93
1834.93
1835.93
1836.93
1837.93
1838.93
1839.93
1840.93
1841.93
1842.94
1843.94
1844.94
1845.94
1846.94
1847.94
1848.94
1849.94
1850.94
1851.94
1852.95
1853.95
1854.95
1855.95
1856.95
1857.95
1858.95
1859.95
1860.95
1861.95
1862.96
1863.96
1864.96
1865.96
1866.96
1867.96
1868.96
1869.96
1870.96
1871.96
1872.97
1873.97
1874.97
1875.97
1876.97
1877.97
1878.97
1879.97
1880.97
1881.97
1882.98
1883.98
1884.98
1885.98
1886.98
1887.98
1888.98
1889.98
1890.98
1891.98
1892.99
1893.99
1894.99
1895.99
1896.99
1897.99
1898.99
1899.99
1900.99
1901.99
903.00
904.00
905.00
906.00
907.00
908.00
909.00
910.00
911.00
912.00
913.01
914.01
915.01
916.01
917.01
918.01
919.01
920.01
921.01
922.01
923.02
924.02
925.02
926.02
927.02
928.02
929.02
930.02
931.02
932.02
933.03
934.03
935.03
936.03
937.03
938.03
939.03
940.03
941.03
942.03
943.04
944.04
945.04
946.04
947.04
948.04
949.04
950.04
951.04
952.04
953.05
954.05
955.05
956.05
957.05
958.05
959.05
960.05
961.05
962.05
963.06
964.06
965.06
966.06
967.06
968.06
969.06
970.06
971.06
972.06
973.07
974.07
975.07
976.07
977.07
978.07
979.07
980.07
981.07
982.07
983.08
984.08
985.08
986.08
987.08
988.08
989.08
990.08
991.08
992.08
993.09
994.09
995.09
996.09
997.09
998.09
999.09
1000.09
1001.09
1002.09
1003.10
1004.10
1005.10
1006.10
1007.10
1008.10
1009.10
1010.10
1011.10
1012.10
1013.11
1014.11
1015.11
1016.11
1017.11
1018.11
1019.11
1020.11
1021.11
1022.11
1023.12
1024.12
1025.12
1026.12
1027.12
1028.12
1029.12
1030.12
1031.12
1032.12
1033.13
1034.13
1035.13
1036.13
1037.13
1038.13
1039.13
1040.13
1041.13
1042.13
1043.14
1044.14
1045.14
1046.14
1047.14
1048.14
1049.14
1050.14
1051.14
1052.14
1053.15
1054.15
1055.15
1056.15
1057.15
1058.15
1059.15
1060.15
1061.15
1062.15
1063.16
1064.16
1065.16
1066.16
1067.16
1068.16
1069.16
1070.16
1071.16
1072.16
1073.17
1074.17
1075.17
1076.17
1077.17
1078.17
1079.17
1080.17
1081.17
1082.17
1083.18
1084.18
1085.18
1086.18
1087.18
1088.18
1089.18
1090.18
1091.18
1092.18
1093.19
1094.19
1095.19
1096.19
1097.19
1098.19
1099.19
1100.19
1101.19
1102.19
1103.20
1104.20
1105.20
1106.20
1107.20
1108.20
1109.20
1110.20
1111.20
1112.20
1113.21
1114.21
1115.21
1116.21
1117.21
1118.21
1119.21
1120.21
1121.21
1122.21
1123.22
1124.22
1125.22
1126.22
1127.22
1128.22
1129.22
1130.22
1131.22
1132.22
1133.23
1134.23
1135.23
1136.23
1137.23
1138.23
1139.23
1140.23
1141.23
1142.23
1143.24
1144.24
1145.24
1146.24
1147.24
1148.24
1149.24
1150.24
1151.24
1152.24
1153.25
1154.25
1155.25
1156.25
1157.25
1158.25
1159.25
1160.25
1161.25
1162.25
1163.26
1164.26
1165.26
1166.26
1167.26
1168.26
1169.26
1170.26
1171.26
1172.26
1173.27
1174.27
1175.27
1176.27
1177.27
1178.27
1179.27
1180.27
1181.27
1182.27
1183.28
1184.28
1185.28
1186.28
1187.28
1188.28
1189.28
1190.28
1191.28
1192.28
1193.29
1194.29
1195.29
1196.29
1197.29
1198.29
1199.29
1200.29
1201.29
1202.29
1203.30
1204.30
1205.30
1206.30
1207.30
1208.30
1209.30
1210.30
1211.30
1212.30
1213.31
1214.31
1215.31
1216.31
1217.31
1218.31
1219.31
1220.31
1221.31
1222.31
1223.32
1224.32
1225.32
1226.32
1227.32
1228.32
1229.32
1230.32
1231.32
1232.32
1233.33
1234.33
1235.33
1236.33
1237.33
1238.33
1239.33
1240.33
1241.33
1242.33
1243.34
1244.34
1245.34
1246.34
1247.34
1248.34
1249.34
1250.34
1251.34
1252.34
1253.35
1254.35
1255.35
1256.35
1257.35
1258.35
1259.35
1260.35
1261.35
1262.35
1263.36
1264.36
1265.36
1266.36
1267.36
1268.36
1269.36
1270.36
1271.36
1272.36
1273.37
1274.37
1275.37
1276.37
1277.37
1278.37
1279.37
1280.37
1281.37
1282.37
1283.38
1284.38
1285.38
1286.38
1287.38
1288.38
1289.38
1290.38
1291.38
1292.38
1293.39
1294.39
1295.39
1296.39
1297.39
1298.39
1299.39
1300.39
1301.39
1302.39
1303.40
1304.40
1305.40
1306.40
1307.40
1308.40
1309.40
1310.40
1311.40
1312.40
1313.41
1314.41
1315.41
1316.41
1317.41
1318.41
1319.41
1320.41
1321.41
1322.41
1323.42
1324.42
1325.42
1326.42
1327.42
1328.42
1329.42
1330.42
1331.42
1332.42
1333.43
1334.43
1335.43
1336.43
1337.43
1338.43
1339.43
1340.43
1341.43
1342.43
1343.44
1344.44
1345.44
1346.44
1347.44
1348.44
1349.44
1350.44
1351.44
1352.44
1353.45
1354.45
1355.45
1356.45
1357.45
1358.45
1359.45
1360.45
1361.45
1362.45
1363.46
1364.46
1365.46
1366.46
1367.46
1368.46
1369.46
1370.46
1371.46
1372.46
1373.47
1374.47
1375.47
1376.47
1377.47
1378.47
1379.47
1380.47
1381.47
1382.47
1383.48
1384.48
1385.48
1386.48
1387.48
1388.48
1389.48
1390.48
1391.48
1392.48
1393.49
1394.49
1395.49
1396.49
1397.49
1398.49
1399.49
1400.49
1401.49
1402.49
1403.50
1404.50
1405.50
1406.50
1407.50
1408.50
1409.50
1410.50
1411.50
1412.50
1413.51
1414.51
1415.51
1416.51
1417.51
1418.51
1419.51
1420.51
1421.51
1422.51
1423.52
1424.52
1425.52
1426.52
1427.52
1428.52
1429.52
1430.52
1431.52
1432.52
1433.53
1434.53
1435.53
1436.53
1437.53
1438.53
1439.53
1440.53
1441.53
1442.53
1443.54
1444.54
1445.54
1446.54
1447.54
1448.54
1449.54
1450.54
1451.54
1452.54
1453.55
1454.55
1455.55
1456.55
1457.55
1458.55
1459.55
1460.55
1461.55
1462.55
1463.56
1464.56
1465.56
1466.56
1467.56
1468.56
1469.56
1470.56
1471.56
1472.56
1473.57
1474.57
1475.57
1476.57
1477.57
1478.57
1479.57
1480.57
1481.57
1482.57
1483.58
1484.58
1485.58
1486.58
1487.58
1488.58
1489.58
1490.58
1491.58
1492.58
1493.59
1494.59
1495.59
1496.59
1497.59
1498.59
1499.59
1500.59
1501.59
1502.59
1503.60
1504.60
1505.60
1506.60
1507.60
1508.60
1509.60
1510.60
1511.60
1512.60
1513.61
1514.61
1515.61
1516.61
1517.61
1518.61
1519.61
1520.61
1521.61
1522.61
1523.62
1524.62
1525.62
1526.62
1527.62
1528.62
1529.62
1530.62
1531.62
1532.62
1533.63
1534.63
1535.63
1536.63
1537.63
1538.63
1539.63
1540.63
1541.63
1542.63
1543.64
1544.64
1545.64
1546.64
1547.64
1548.64
1549.64
1550.64
1551.64
1552.64
1553.65
1554.65
1555.65
1556.65
1557.65
1558.65
1559.65
1560.65
1561.65
1562.65
1563.66
1564.66
1565.66
1566.66
1567.66
1568.66
1569.66
1570.66
1571.66
1572.66
1573.67
1574.67
1575.67
1576.67
1577.67
1578.67
1579.67
1580.67
1581.67
1582.67
1583.68
1584.68
1585.68
1586.68
1587.68
1588.68
1589.68
1590.68
1591.68
1592.68
1593.69
1594.69
1595.69
1596.69
1597.69
1598.69
1599.69
1600.69
1601.69
1602.69
1603.70
1604.70
1605.70
1606.70
1607.70
1608.70
1609.70
1610.70
1611.70
1612.70
1613.71
1614.71
1615.71
1616.71
1617.71
1618.71
1619.71
1620.71
1621.71
1622.71
1623.72
1624.72
1625.72
1626.72
1627.72
1628.72
1629.72
1630.72
1631.72
1632.72
1633.73
1634.73
1635.73
1636.73
1637.73
1638.73
1639.73
1640.73
1641.73
1642.73
1643.74
1644.74
1645.74
1646.74
1647.74
1648.74
1649.74
1650.74
1651.74
1652.74
1653.75
1654.75
1655.75
1656.75
1657.75
1658.75
1659.75
1660.75
1661.75
1662.75
1663.76
1664.76
1665.76
1666.76
1667.76
1668.76
1669.76
1670.76
1671.76
1672.76
1673.77
1674.77
1675.77
1676.77
1677.77
1678.77
1679.77
1680.77
1681.77
1682.77
1683.78
1684.78
1685.78
1686.78
1687.78
1688.78
1689.78
1690.78
1691.78
1692.78
1693.79
1694.79
1695.79
1696.79
1697.79
1698.79
1699.79
1700.79
1701.79
1702.79
1703.80
1704.80
1705.80
1706.80
1707.80
1708.80
1709.80
1710.80
1711.80
1712.80
1713.81
1714.81
1715.81
1716.81
1717.81
1718.81
1719.81
1720.81
1721.81
1722.81
1723.82
1724.82
1725.82
1726.82
1727.82
1728.82
1729.82
1730.82
1731.82
1732.82
1733.83
1734.83
1735.83
1736.83
1737.83
1738.83
1739.83
1740.83
1741.83
1742.83
1743.84
1744.84
1745.84
1746.84
1747.84
1748.84
1749.84
1750.84
1751.84
1752.84
1753.85
1754.85
1755.85
1756.85
1757.85
1758.85
1759.85
1760.85
1761.85
1762.85
1763.86
1764.86
1765.86
1766.86
1767.86
1768.86
1769.86
1770.86
1771.86
1772.86
1773.87
1774.87
1775.87
1776.87
1777.87
1778.87
1779.87
1780.87
1781.87
1782.87
1783.88
1784.88
1785.88
1786.88
1787.88
1788.88
1789.88
1790.88
1791.88
1792.88
1793.89
1794.89
1795.89
1796.89
1797.89
1798.89
1799.89
1800.89
1801.89
1802.89
1803.90
1804.90
1805.90
1806.90
1807.90
1808.90
1809.90
1810.90
1811.90
1812.90
1813.91
1814.91
1815.91
1816.91
1817.91
1818.91
1819.91
1820.91
1821.91
1822.91
1823.92
1824.92
1825.92
1826.92
1827.92
1828.92
1829.92
1830.92
1831.92
1832.92
1833.93
1834.93
1835.93
1836.93
1837.93
1838.93
1839.93
1840.93
1841.93
1842.93
1843.94
1844.94
1845.94
1846.94
1847.94
1848.94
1849.94
1850.94
1851.94
1852.94
1853.95
1854.95
1855.95
1856.95
1857.95
1858.95
1859.95
1860.95
1861.95
1862.95
1863.96
1864.96
1865.96
1866.96
1867.96
1868.96
1869.96
1870.96
1871.96
1872.96
1873.97
1874.97
1875.97
1876.97
1877.97
1878.97
1879.97
1880.97
1881.97
1882.97
1883.98
1884.98
1885.98
1886.98
1887.98
1888.98
1889.98
1890.98
1891.98
1892.98
1893.99
1894.99
1895.99
1896.99
1897.99
1898.99
1899.99
1900.99
1901.99
1902.99
904.00
905.00
906.00
907.00
908.00
909.00
910.00
911.00
912.00
913.00
914.01
915.01
916.01
917.01
918.01
919.01
920.01
921.01
922.01
923.01
924.02
925.02
926.02
927.02
928.02
929.02
930.02
931.02
932.02
933.02
934.03
935.03
936.03
937.03
938.03
939.03
940.03
941.03
942.03
943.03
944.04
945.04
946.04
947.04
948.04
949.04
950.04
951.04
952.04
953.04
954.05
955.05
956.05
957.05
958.05
959.05
960.05
961.05
962.05
963.05
964.06
965.06
966.06
967.06
968.06
969.06
970.06
971.06
972.06
973.06
974.07
975.07
976.07
977.07
978.07
979.07
980.07
981.07
982.07
983.07
984.08
985.08
986.08
987.08
988.08
989.08
990.08
991.08
992.08
993.08
994.09
995.09
996.09
997.09
998.09
999.09
1000.09
1001.09
1002.09
1003.09
1004.10
1005.10
1006.10
1007.10
1008.10
1009.10
1010.10
1011.10
1012.10
1013.10
1014.11
1015.11
1016.11
1017.11
1018.11
1019.11
1020.11
1021.11
1022.11
1023.11
1024.12
1025.12
1026.12
1027.12
1028.12
1029.12
1030.12
1031.12
1032.12
1033.12
1034.13
1035.13
1036.13
1037.13
1038.13
1039.13
1040.13
1041.13
1042.13
1043.13
1044.14
1045.14
1046.14
1047.14
1048.14
1049.14
1050.14
1051.14
1052.14
1053.14
1054.15
1055.15
1056.15
1057.15
1058.15
1059.15
1060.15
1061.15
1062.15
1063.15
1064.16
1065.16
1066.16
1067.16
1068.16
1069.16
1070.16
1071.16
1072.16
1073.16
1074.17
1075.17
1076.17
1077.17
1078.17
1079.17
1080.17
1081.17
1082.17
1083.17
1084.18
1085.18
1086.18
1087.18
1088.18
1089.18
1090.18
1091.18
1092.18
1093.18
1094.19
1095.19
1096.19
1097.19
1098.19
1099.19
1100.19
1101.19
1102.19
1103.19
1104.20
1105.20
1106.20
1107.20
1108.20
1109.20
1110.20
1111.20
1112.20
1113.20
1114.21
1115.21
1116.21
1117.21
1118.21
1119.21
1120.21
1121.21
1122.21
1123.21
1124.22
1125.22
1126.22
1127.22
1128.22
1129.22
1130.22
1131.22
1132.22
1133.22
1134.23
1135.23
1136.23
1137.23
1138.23
1139.23
1140.23
1141.23
1142.23
1143.23
1144.24
1145.24
1146.24
1147.24
1148.24
1149.24
1150.24
1151.24
1152.24
1153.24
1154.25
1155.25
1156.25
1157.25
1158.25
1159.25
1160.25
1161.25
1162.25
1163.25
1164.26
1165.26
1166.26
1167.26
1168.26
1169.26
1170.26
1171.26
1172.26
1173.26
1174.27
1175.27
1176.27
1177.27
1178.27
1179.27
1180.27
1181.27
1182.27
1183.27
1184.28
1185.28
1186.28
1187.28
1188.28
1189.28
1190.28
1191.28
1192.28
1193.28
1194.29
1195.29
1196.29
1197.29
1198.29
1199.29
1200.29
1201.29
1202.29
1203.29
1204.30
1205.30
1206.30
1207.30
1208.30
1209.30
1210.30
1211.30
1212.30
1213.30
1214.31
1215.31
1216.31
1217.31
1218.31
1219.31
1220.31
1221.31
1222.31
1223.31
1224.32
1225.32
1226.32
1227.32
1228.32
1229.32
1230.32
1231.32
1232.32
1233.32
1234.33
1235.33
1236.33
1237.33
1238.33
1239.33
1240.33
1241.33
1242.33
1243.33
1244.34
1245.34
1246.34
1247.34
1248.34
1249.34
1250.34
1251.34
1252.34
1253.34
1254.35
1255.35
1256.35
1257.35
1258.35
1259.35
1260.35
1261.35
1262.35
1263.35
1264.36
1265.36
1266.36
1267.36
1268.36
1269.36
1270.36
1271.36
1272.36
1273.36
1274.37
1275.37
1276.37
1277.37
1278.37
1279.37
1280.37
1281.37
1282.37
1283.37
1284.38
1285.38
1286.38
1287.38
1288.38
1289.38
1290.38
1291.38
1292.38
1293.38
1294.39
1295.39
1296.39
1297.39
1298.39
1299.39
1300.39
1301.39
1302.39
1303.39
1304.40
1305.40
1306.40
1307.40
1308.40
1309.40
1310.40
1311.40
1312.40
1313.40
1314.41
1315.41
1316.41
1317.41
1318.41
1319.41
1320.41
1321.41
1322.41
1323.41
1324.42
1325.42
1326.42
1327.42
1328.42
1329.42
1330.42
1331.42
1332.42
1333.42
1334.43
1335.43
1336.43
1337.43
1338.43
1339.43
1340.43
1341.43
1342.43
1343.43
1344.44
1345.44
1346.44
1347.44
1348.44
1349.44
1350.44
1351.44
1352.44
1353.44
1354.45
1355.45
1356.45
1357.45
1358.45
1359.45
1360.45
1361.45
1362.45
1363.45
1364.46
1365.46
1366.46
1367.46
1368.46
1369.46
1370.46
1371.46
1372.46
1373.46
1374.47
1375.47
1376.47
1377.47
1378.47
1379.47
1380.47
1381.47
1382.47
1383.47
1384.48
1385.48
1386.48
1387.48
1388.48
1389.48
1390.48
1391.48
1392.48
1393.48
1394.49
1395.49
1396.49
1397.49
1398.49
1399.49
1400.49
1401.49
1402.49
1403.49
1404.50
1405.50
1406.50
1407.50
1408.50
1409.50
1410.50
1411.50
1412.50
1413.50
1414.51
1415.51
1416.51
1417.51
1418.51
1419.51
1420.51
1421.51
1422.51
1423.51
1424.52
1425.52
1426.52
1427.52
1428.52
1429.52
1430.52
1431.52
1432.52
1433.52
1434.53
1435.53
1436.53
1437.53
1438.53
1439.53
1440.53
1441.53
1442.53
1443.53
1444.54
1445.54
1446.54
1447.54
1448.54
1449.54
1450.54
1451.54
1452.54
1453.54
1454.55
1455.55
1456.55
1457.55
1458.55
1459.55
1460.55
1461.55
1462.55
1463.55
1464.56
1465.56
1466.56
1467.56
1468.56
1469.56
1470.56
1471.56
1472.56
1473.56
1474.57
1475.57
1476.57
1477.57
1478.57
1479.57
1480.57
1481.57
1482.57
1483.57
1484.58
1485.58
1486.58
1487.58
1488.58
1489.58
1490.58
1491.58
1492.58
1493.58
1494.59
1495.59
1496.59
1497.59
1498.59
1499.59
1500.59
1501.59
1502.59
1503.59
1504.60
1505.60
1506.60
1507.60
1508.60
1509.60
1510.60
1511.60
1512.60
1513.60
1514.61
1515.61
1516.61
1517.61
1518.61
1519.61
1520.61
1521.61
1522.61
1523.61
1524.62
1525.62
1526.62
1527.62
1528.62
1529.62
1530.62
1531.62
1532.62
1533.62
1534.63
1535.63
1536.63
1537.63
1538.63
1539.63
1540.63
1541.63
1542.63
1543.63
1544.64
1545.64
1546.64
1547.64
1548.64
1549.64
1550.64
1551.64
1552.64
1553.64
1554.65
1555.65
1556.65
1557.65
1558.65
1559.65
1560.65
1561.65
1562.65
1563.65
1564.66
1565.66
1566.66
1567.66
1568.66
1569.66
1570.66
1571.66
1572.66
1573.66
1574.67
1575.67
1576.67
1577.67
1578.67
1579.67
1580.67
1581.67
1582.67
1583.67
1584.68
1585.68
1586.68
1587.68
1588.68
1589.68
1590.68
1591.68
1592.68
1593.68
1594.69
1595.69
1596.69
1597.69
1598.69
1599.69
1600.69
1601.69
1602.69
1603.69
1604.70
1605.70
1606.70
1607.70
1608.70
1609.70
1610.70
1611.70
1612.70
1613.70
1614.71
1615.71
1616.71
1617.71
1618.71
1619.71
1620.71
1621.71
1622.71
1623.71
1624.72
1625.72
1626.72
1627.72
1628.72
1629.72
1630.72
1631.72
1632.72
1633.72
1634.73
1635.73
1636.73
1637.73
1638.73
1639.73
1640.73
1641.73
1642.73
1643.73
1644.74
1645.74
1646.74
1647.74
1648.74
1649.74
1650.74
1651.74
1652.74
1653.74
1654.75
1655.75
1656.75
1657.75
1658.75
1659.75
1660.75
1661.75
1662.75
1663.75
1664.76
1665.76
1666.76
1667.76
1668.76
1669.76
1670.76
1671.76
1672.76
1673.76
1674.77
1675.77
1676.77
1677.77
1678.77
1679.77
1680.77
1681.77
1682.77
1683.77
1684.78
1685.78
1686.78
1687.78
1688.78
1689.78
1690.78
1691.78
1692.78
1693.78
1694.79
1695.79
1696.79
1697.79
1698.79
1699.79
1700.79
1701.79
1702.79
1703.79
1704.80
1705.80
1706.80
1707.80
1708.80
1709.80
1710.80
1711.80
1712.80
1713.80
1714.81
1715.81
1716.81
1717.81
1718.81
1719.81
1720.81
1721.81
1722.81
1723.81
1724.82
1725.82
1726.82
1727.82
1728.82
1729.82
1730.82
1731.82
1732.82
1733.82
1734.83
1735.83
1736.83
1737.83
1738.83
1739.83
1740.83
1741.83
1742.83
1743.83
1744.84
1745.84
1746.84
1747.84
1748.84
1749.84
1750.84
1751.84
1752.84
1753.84
1754.85
1755.85
1756.85
1757.85
1758.85
1759.85
1760.85
1761.85
1762.85
1763.85
1764.86
1765.86
1766.86
1767.86
1768.86
1769.86
1770.86
1771.86
1772.86
1773.86
1774.87
1775.87
1776.87
1777.87
1778.87
1779.87
1780.87
1781.87
1782.87
1783.87
1784.88
1785.88
1786.88
1787.88
1788.88
1789.88
1790.88
1791.88
1792.88
1793.88
1794.89
1795.89
1796.89
1797.89
1798.89
1799.89
1800.89
1801.89
1802.89
1803.89
1804.90
1805.90
1806.90
1807.90
1808.90
1809.90
1810.90
1811.90
1812.90
1813.90
1814.91
1815.91
1816.91
1817.91
1818.91
1819.91
1820.91
1821.91
1822.91
1823.91
1824.92
1825.92
1826.92
1827.92
1828.92
1829.92
1830.92
1831.92
1832.92
1833.92
1834.93
1835.93
1836.93
1837.93
1838.93
1839.93
1840.93
1841.93
1842.93
1843.93
1844.94
1845.94
1846.94
1847.94
1848.94
1849.94
1850.94
1851.94
1852.94
1853.94
1854.95
1855.95
1856.95
1857.95
1858.95
1859.95
1860.95
1861.95
1862.95
1863.95
1864.96
1865.96
1866.96
1867.96
1868.96
1869.96
1870.96
1871.96
1872.96
1873.96
1874.97
1875.97
1876.97
1877.97
1878.97
1879.97
1880.97
1881.97
1882.97
1883.97
1884.98
1885.98
1886.98
1887.98
1888.98
1889.98
1890.98
1891.98
1892.98
1893.98
1894.99
1895.99
1896.99
1897.99
1898.99
1899.99
1900.99
1901.99
1902.99
1903.99
905.00
906.00
907.00
908.00
909.00
910.00
911.00
912.00
913.00
914.00
915.01
916.01
917.01
918.01
919.01
920.01
921.01
922.01
923.01
924.01
925.02
926.02
927.02
928.02
929.02
930.02
931.02
932.02
933.02
934.02
935.03
936.03
937.03
938.03
939.03
940.03
941.03
942.03
943.03
944.03
945.04
946.04
947.04
948.04
949.04
950.04
951.04
952.04
953.04
954.04
955.05
956.05
957.05
958.05
959.05
960.05
961.05
962.05
963.05
964.05
965.06
966.06
967.06
968.06
969.06
970.06
971.06
972.06
973.06
974.06
975.07
976.07
977.07
978.07
979.07
980.07
981.07
982.07
983.07
984.07
985.08
986.08
987.08
988.08
989.08
990.08
991.08
992.08
993.08
994.08
995.09
996.09
997.09
998.09
999.09
1000.09
1001.09
1002.09
1003.09
1004.09
1005.10
1006.10
1007.10
1008.10
1009.10
1010.10
1011.10
1012.10
1013.10
1014.10
1015.11
1016.11
1017.11
1018.11
1019.11
1020.11
1021.11
1022.11
1023.11
1024.11
1025.12
1026.12
1027.12
1028.12
1029.12
1030.12
1031.12
1032.12
1033.12
1034.12
1035.13
1036.13
1037.13
1038.13
1039.13
1040.13
1041.13
1042.13
1043.13
1044.13
1045.14
1046.14
1047.14
1048.14
1049.14
1050.14
1051.14
1052.14
1053.14
1054.14
1055.15
1056.15
1057.15
1058.15
1059.15
1060.15
1061.15
1062.15
1063.15
1064.15
1065.16
1066.16
1067.16
1068.16
1069.16
1070.16
1071.16
1072.16
1073.16
1074.16
1075.17
1076.17
1077.17
1078.17
1079.17
1080.17
1081.17
1082.17
1083.17
1084.17
1085.18
1086.18
1087.18
1088.18
1089.18
1090.18
1091.18
1092.18
1093.18
1094.18
1095.19
1096.19
1097.19
1098.19
1099.19
1100.19
1101.19
1102.19
1103.19
1104.19
1105.20
1106.20
1107.20
1108.20
1109.20
1110.20
1111.20
1112.20
1113.20
1114.20
1115.21
1116.21
1117.21
1118.21
1119.21
1120.21
1121.21
1122.21
1123.21
1124.21
1125.22
1126.22
1127.22
1128.22
1129.22
1130.22
1131.22
1132.22
1133.22
1134.22
1135.23
1136.23
1137.23
1138.23
1139.23
1140.23
1141.23
1142.23
1143.23
1144.23
1145.24
1146.24
1147.24
1148.24
1149.24
1150.24
1151.24
1152.24
1153.24
1154.24
1155.25
1156.25
1157.25
1158.25
1159.25
1160.25
1161.25
1162.25
1163.25
1164.25
1165.26
1166.26
1167.26
1168.26
1169.26
1170.26
1171.26
1172.26
1173.26
1174.26
1175.27
1176.27
1177.27
1178.27
1179.27
1180.27
1181.27
1182.27
1183.27
1184.27
1185.28
1186.28
1187.28
1188.28
1189.28
1190.28
1191.28
1192.28
1193.28
1194.28
1195.29
1196.29
1197.29
1198.29
1199.29
1200.29
1201.29
1202.29
1203.29
1204.29
1205.30
1206.30
1207.30
1208.30
1209.30
1210.30
1211.30
1212.30
1213.30
1214.30
1215.31
1216.31
1217.31
1218.31
1219.31
1220.31
1221.31
1222.31
1223.31
1224.31
1225.32
1226.32
1227.32
1228.32
1229.32
1230.32
1231.32
1232.32
1233.32
1234.32
1235.33
1236.33
1237.33
1238.33
1239.33
1240.33
1241.33
1242.33
1243.33
1244.33
1245.34
1246.34
1247.34
1248.34
1249.34
1250.34
1251.34
1252.34
1253.34
1254.34
1255.35
1256.35
1257.35
1258.35
1259.35
1260.35
1261.35
1262.35
1263.35
1264.35
1265.36
1266.36
1267.36
1268.36
1269.36
1270.36
1271.36
1272.36
1273.36
1274.36
1275.37
1276.37
1277.37
1278.37
1279.37
1280.37
1281.37
1282.37
1283.37
1284.37
1285.38
1286.38
1287.38
1288.38
1289.38
1290.38
1291.38
1292.38
1293.38
1294.38
1295.39
1296.39
1297.39
1298.39
1299.39
1300.39
1301.39
1302.39
1303.39
1304.39
1305.40
1306.40
1307.40
1308.40
1309.40
1310.40
1311.40
1312.40
1313.40
1314.40
1315.41
1316.41
1317.41
1318.41
1319.41
1320.41
1321.41
1322.41
1323.41
1324.41
1325.42
1326.42
1327.42
1328.42
1329.42
1330.42
1331.42
1332.42
1333.42
1334.42
1335.43
1336.43
1337.43
1338.43
1339.43
1340.43
1341.43
1342.43
1343.43
1344.43
1345.44
1346.44
1347.44
1348.44
1349.44
1350.44
1351.44
1352.44
1353.44
1354.44
1355.45
1356.45
1357.45
1358.45
1359.45
1360.45
1361.45
1362.45
1363.45
1364.45
1365.46
1366.46
1367.46
1368.46
1369.46
1370.46
1371.46
1372.46
1373.46
1374.46
1375.47
1376.47
1377.47
1378.47
1379.47
1380.47
1381.47
1382.47
1383.47
1384.47
1385.48
1386.48
1387.48
1388.48
1389.48
1390.48
1391.48
1392.48
1393.48
1394.48
1395.49
1396.49
1397.49
1398.49
1399.49
1400.49
1401.49
1402.49
1403.49
1404.49
1405.50
1406.50
1407.50
1408.50
1409.50
1410.50
1411.50
1412.50
1413.50
1414.50
1415.51
1416.51
1417.51
1418.51
1419.51
1420.51
1421.51
1422.51
1423.51
1424.51
1425.52
1426.52
1427.52
1428.52
1429.52
1430.52
1431.52
1432.52
1433.52
1434.52
1435.53
1436.53
1437.53
1438.53
1439.53
1440.53
1441.53
1442.53
1443.53
1444.53
1445.54
1446.54
1447.54
1448.54
1449.54
1450.54
1451.54
1452.54
1453.54
1454.54
1455.55
1456.55
1457.55
1458.55
1459.55
1460.55
1461.55
1462.55
1463.55
1464.55
1465.56
1466.56
1467.56
1468.56
1469.56
1470.56
1471.56
1472.56
1473.56
1474.56
1475.57
1476.57
1477.57
1478.57
1479.57
1480.57
1481.57
1482.57
1483.57
1484.57
1485.58
1486.58
1487.58
1488.58
1489.58
1490.58
1491.58
1492.58
1493.58
1494.58
1495.59
1496.59
1497.59
1498.59
1499.59
1500.59
1501.59
1502.59
1503.59
1504.59
1505.60
1506.60
1507.60
1508.60
1509.60
1510.60
1511.60
1512.60
1513.60
1514.60
1515.61
1516.61
1517.61
1518.61
1519.61
1520.61
1521.61
1522.61
1523.61
1524.61
1525.62
1526.62
1527.62
1528.62
1529.62
1530.62
1531.62
1532.62
1533.62
1534.62
1535.63
1536.63
1537.63
1538.63
1539.63
1540.63
1541.63
1542.63
1543.63
1544.63
1545.64
1546.64
1547.64
1548.64
1549.64
1550.64
1551.64
1552.64
1553.64
1554.64
1555.65
1556.65
1557.65
1558.65
1559.65
1560.65
1561.65
1562.65
1563.65
1564.65
1565.66
1566.66
1567.66
1568.66
1569.66
1570.66
1571.66
1572.66
1573.66
1574.66
1575.67
1576.67
1577.67
1578.67
1579.67
1580.67
1581.67
1582.67
1583.67
1584.67
1585.68
1586.68
1587.68
1588.68
1589.68
1590.68
1591.68
1592.68
1593.68
1594.68
1595.69
1596.69
1597.69
1598.69
1599.69
1600.69
1601.69
1602.69
1603.69
1604.69
1605.70
1606.70
1607.70
1608.70
1609.70
1610.70
1611.70
1612.70
1613.70
1614.70
1615.71
1616.71
1617.71
1618.71
1619.71
1620.71
1621.71
1622.71
1623.71
1624.71
1625.72
1626.72
1627.72
1628.72
1629.72
1630.72
1631.72
1632.72
1633.72
1634.72
1635.73
1636.73
1637.73
1638.73
1639.73
1640.73
1641.73
1642.73
1643.73
1644.73
1645.74
1646.74
1647.74
1648.74
1649.74
1650.74
1651.74
1652.74
1653.74
1654.74
1655.75
1656.75
1657.75
1658.75
1659.75
1660.75
1661.75
1662.75
1663.75
1664.75
1665.76
1666.76
1667.76
1668.76
1669.76
1670.76
1671.76
1672.76
1673.76
1674.76
1675.77
1676.77
1677.77
1678.77
1679.77
1680.77
1681.77
1682.77
1683.77
1684.77
1685.78
1686.78
1687.78
1688.78
1689.78
1690.78
1691.78
1692.78
1693.78
1694.78
1695.79
1696.79
1697.79
1698.79
1699.79
1700.79
1701.79
1702.79
1703.79
1704.79
1705.80
1706.80
1707.80
1708.80
1709.80
1710.80
1711.80
1712.80
1713.80
1714.80
1715.81
1716.81
1717.81
1718.81
1719.81
1720.81
1721.81
1722.81
1723.81
1724.81
1725.82
1726.82
1727.82
1728.82
1729.82
1730.82
1731.82
1732.82
1733.82
1734.82
1735.83
1736.83
1737.83
1738.83
1739.83
1740.83
1741.83
1742.83
1743.83
1744.83
1745.84
1746.84
1747.84
1748.84
1749.84
1750.84
1751.84
1752.84
1753.84
1754.84
1755.85
1756.85
1757.85
1758.85
1759.85
1760.85
1761.85
1762.85
1763.85
1764.85
1765.86
1766.86
1767.86
1768.86
1769.86
1770.86
1771.86
1772.86
1773.86
1774.86
1775.87
1776.87
1777.87
1778.87
1779.87
1780.87
1781.87
1782.87
1783.87
1784.87
1785.88
1786.88
1787.88
1788.88
1789.88
1790.88
1791.88
1792.88
1793.88
1794.88
1795.89
1796.89
1797.89
1798.89
1799.89
1800.89
1801.89
1802.89
1803.89
1804.89
1805.90
1806.90
1807.90
1808.90
1809.90
1810.90
1811.90
1812.90
1813.90
1814.90
1815.91
1816.91
1817.91
1818.91
1819.91
1820.91
1821.91
1822.91
1823.91
1824.91
1825.92
1826.92
1827.92
1828.92
1829.92
1830.92
1831.92
1832.92
1833.92
1834.92
1835.93
1836.93
1837.93
1838.93
1839.93
1840.93
1841.93
1842.93
1843.93
1844.93
1845.94
1846.94
1847.94
1848.94
1849.94
1850.94
1851.94
1852.94
1853.94
1854.94
1855.95
1856.95
1857.95
1858.95
1859.95
1860.95
1861.95
1862.95
1863.95
1864.95
1865.96
1866.96
1867.96
1868.96
1869.96
1870.96
1871.96
1872.96
1873.96
1874.96
1875.97
1876.97
1877.97
1878.97
1879.97
1880.97
1881.97
1882.97
1883.97
1884.97
1885.98
1886.98
1887.98
1888.98
1889.98
1890.98
1891.98
1892.98
1893.98
1894.98
1895.99
1896.99
1897.99
1898.99
1899.99
1900.99
1901.99
1902.99
1903.99
1904.99
906.00
907.00
908.00
909.00
910.00
911.00
912.00
913.00
914.00
915.00
916.01
917.01
918.01
919.01
920.01
921.01
922.01
923.01
924.01
925.01
926.02
927.02
928.02
929.02
930.02
931.02
932.02
933.02
934.02
935.02
936.03
937.03
938.03
939.03
940.03
941.03
942.03
943.03
944.03
945.03
946.04
947.04
948.04
949.04
950.04
951.04
952.04
953.04
954.04
955.04
956.05
957.05
958.05
959.05
960.05
961.05
962.05
963.05
964.05
965.05
966.06
967.06
968.06
969.06
970.06
971.06
972.06
973.06
974.06
975.06
976.07
977.07
978.07
979.07
980.07
981.07
982.07
983.07
984.07
985.07
986.08
987.08
988.08
989.08
990.08
991.08
992.08
993.08
994.08
995.08
996.09
997.09
998.09
999.09
1000.09
1001.09
1002.09
1003.09
1004.09
1005.09
1006.10
1007.10
1008.10
1009.10
1010.10
1011.10
1012.10
1013.10
1014.10
1015.10
1016.11
1017.11
1018.11
1019.11
1020.11
1021.11
1022.11
1023.11
1024.11
1025.11
1026.12
1027.12
1028.12
1029.12
1030.12
1031.12
1032.12
1033.12
1034.12
1035.12
1036.13
1037.13
1038.13
1039.13
1040.13
1041.13
1042.13
1043.13
1044.13
1045.13
1046.14
1047.14
1048.14
1049.14
1050.14
1051.14
1052.14
1053.14
1054.14
1055.14
1056.15
1057.15
1058.15
1059.15
1060.15
1061.15
1062.15
1063.15
1064.15
1065.15
1066.16
1067.16
1068.16
1069.16
1070.16
1071.16
1072.16
1073.16
1074.16
1075.16
1076.17
1077.17
1078.17
1079.17
1080.17
1081.17
1082.17
1083.17
1084.17
1085.17
1086.18
1087.18
1088.18
1089.18
1090.18
1091.18
1092.18
1093.18
1094.18
1095.18
1096.19
1097.19
1098.19
1099.19
1100.19
1101.19
1102.19
1103.19
1104.19
1105.19
1106.20
1107.20
1108.20
1109.20
1110.20
1111.20
1112.20
1113.20
1114.20
1115.20
1116.21
1117.21
1118.21
1119.21
1120.21
1121.21
1122.21
1123.21
1124.21
1125.21
1126.22
1127.22
1128.22
1129.22
1130.22
1131.22
1132.22
1133.22
1134.22
1135.22
1136.23
1137.23
1138.23
1139.23
1140.23
1141.23
1142.23
1143.23
1144.23
1145.23
1146.24
1147.24
1148.24
1149.24
1150.24
1151.24
1152.24
1153.24
1154.24
1155.24
1156.25
1157.25
1158.25
1159.25
1160.25
1161.25
1162.25
1163.25
1164.25
1165.25
1166.26
1167.26
1168.26
1169.26
1170.26
1171.26
1172.26
1173.26
1174.26
1175.26
1176.27
1177.27
1178.27
1179.27
1180.27
1181.27
1182.27
1183.27
1184.27
1185.27
1186.28
1187.28
1188.28
1189.28
1190.28
1191.28
1192.28
1193.28
1194.28
1195.28
1196.29
1197.29
1198.29
1199.29
1200.29
1201.29
1202.29
1203.29
1204.29
1205.29
1206.30
1207.30
1208.30
1209.30
1210.30
1211.30
1212.30
1213.30
1214.30
1215.30
1216.31
1217.31
1218.31
1219.31
1220.31
1221.31
1222.31
1223.31
1224.31
1225.31
1226.32
1227.32
1228.32
1229.32
1230.32
1231.32
1232.32
1233.32
1234.32
1235.32
1236.33
1237.33
1238.33
1239.33
1240.33
1241.33
1242.33
1243.33
1244.33
1245.33
1246.34
1247.34
1248.34
1249.34
1250.34
1251.34
1252.34
1253.34
1254.34
1255.34
1256.35
1257.35
1258.35
1259.35
1260.35
1261.35
1262.35
1263.35
1264.35
1265.35
1266.36
1267.36
1268.36
1269.36
1270.36
1271.36
1272.36
1273.36
1274.36
1275.36
1276.37
1277.37
1278.37
1279.37
1280.37
1281.37
1282.37
1283.37
1284.37
1285.37
1286.38
1287.38
1288.38
1289.38
1290.38
1291.38
1292.38
1293.38
1294.38
1295.38
1296.39
1297.39
1298.39
1299.39
1300.39
1301.39
1302.39
1303.39
1304.39
1305.39
1306.40
1307.40
1308.40
1309.40
1310.40
1311.40
1312.40
1313.40
1314.40
1315.40
1316.41
1317.41
1318.41
1319.41
1320.41
1321.41
1322.41
1323.41
1324.41
1325.41
1326.42
1327.42
1328.42
1329.42
1330.42
1331.42
1332.42
1333.42
1334.42
1335.42
1336.43
1337.43
1338.43
1339.43
1340.43
1341.43
1342.43
1343.43
1344.43
1345.43
1346.44
1347.44
1348.44
1349.44
1350.44
1351.44
1352.44
1353.44
1354.44
1355.44
1356.45
1357.45
1358.45
1359.45
1360.45
1361.45
1362.45
1363.45
1364.45
1365.45
1366.46
1367.46
1368.46
1369.46
1370.46
1371.46
1372.46
1373.46
1374.46
1375.46
1376.47
1377.47
1378.47
1379.47
1380.47
1381.47
1382.47
1383.47
1384.47
1385.47
1386.48
1387.48
1388.48
1389.48
1390.48
1391.48
1392.48
1393.48
1394.48
1395.48
1396.49
1397.49
1398.49
1399.49
1400.49
1401.49
1402.49
1403.49
1404.49
1405.49
1406.50
1407.50
1408.50
1409.50
1410.50
1411.50
1412.50
1413.50
1414.50
1415.50
1416.51
1417.51
1418.51
1419.51
1420.51
1421.51
1422.51
1423.51
1424.51
1425.51
1426.52
1427.52
1428.52
1429.52
1430.52
1431.52
1432.52
1433.52
1434.52
1435.52
1436.53
1437.53
1438.53
1439.53
1440.53
1441.53
1442.53
1443.53
1444.53
1445.53
1446.54
1447.54
1448.54
1449.54
1450.54
1451.54
1452.54
1453.54
1454.54
1455.54
1456.55
1457.55
1458.55
1459.55
1460.55
1461.55
1462.55
1463.55
1464.55
1465.55
1466.56
1467.56
1468.56
1469.56
1470.56
1471.56
1472.56
1473.56
1474.56
1475.56
1476.57
1477.57
1478.57
1479.57
1480.57
1481.57
1482.57
1483.57
1484.57
1485.57
1486.58
1487.58
1488.58
1489.58
1490.58
1491.58
1492.58
1493.58
1494.58
1495.58
1496.59
1497.59
1498.59
1499.59
1500.59
1501.59
1502.59
1503.59
1504.59
1505.59
1506.60
1507.60
1508.60
1509.60
1510.60
1511.60
1512.60
1513.60
1514.60
1515.60
1516.61
1517.61
1518.61
1519.61
1520.61
1521.61
1522.61
1523.61
1524.61
1525.61
1526.62
1527.62
1528.62
1529.62
1530.62
1531.62
1532.62
1533.62
1534.62
1535.62
1536.63
1537.63
1538.63
1539.63
1540.63
1541.63
1542.63
1543.63
1544.63
1545.63
1546.64
1547.64
1548.64
1549.64
1550.64
1551.64
1552.64
1553.64
1554.64
1555.64
1556.65
1557.65
1558.65
1559.65
1560.65
1561.65
1562.65
1563.65
1564.65
1565.65
1566.66
1567.66
1568.66
1569.66
1570.66
1571.66
1572.66
1573.66
1574.66
1575.66
1576.67
1577.67
1578.67
1579.67
1580.67
1581.67
1582.67
1583.67
1584.67
1585.67
1586.68
1587.68
1588.68
1589.68
1590.68
1591.68
1592.68
1593.68
1594.68
1595.68
1596.69
1597.69
1598.69
1599.69
1600.69
1601.69
1602.69
1603.69
1604.69
1605.69
1606.70
1607.70
1608.70
1609.70
1610.70
1611.70
1612.70
1613.70
1614.70
1615.70
1616.71
1617.71
1618.71
1619.71
1620.71
1621.71
1622.71
1623.71
1624.71
1625.71
1626.72
1627.72
1628.72
1629.72
1630.72
1631.72
1632.72
1633.72
1634.72
1635.72
1636.73
1637.73
1638.73
1639.73
1640.73
1641.73
1642.73
1643.73
1644.73
1645.73
1646.74
1647.74
1648.74
1649.74
1650.74
1651.74
1652.74
1653.74
1654.74
1655.74
1656.75
1657.75
1658.75
1659.75
1660.75
1661.75
1662.75
1663.75
1664.75
1665.75
1666.76
1667.76
1668.76
1669.76
1670.76
1671.76
1672.76
1673.76
1674.76
1675.76
1676.77
1677.77
1678.77
1679.77
1680.77
1681.77
1682.77
1683.77
1684.77
1685.77
1686.78
1687.78
1688.78
1689.78
1690.78
1691.78
1692.78
1693.78
1694.78
1695.78
1696.79
1697.79
1698.79
1699.79
1700.79
1701.79
1702.79
1703.79
1704.79
1705.79
1706.80
1707.80
1708.80
1709.80
1710.80
1711.80
1712.80
1713.80
1714.80
1715.80
1716.81
1717.81
1718.81
1719.81
1720.81
1721.81
1722.81
1723.81
1724.81
1725.81
1726.82
1727.82
1728.82
1729.82
1730.82
1731.82
1732.82
1733.82
1734.82
1735.82
1736.83
1737.83
1738.83
1739.83
1740.83
1741.83
1742.83
1743.83
1744.83
1745.83
1746.84
1747.84
1748.84
1749.84
1750.84
1751.84
1752.84
1753.84
1754.84
1755.84
1756.85
1757.85
1758.85
1759.85
1760.85
1761.85
1762.85
1763.85
1764.85
1765.85
1766.86
1767.86
1768.86
1769.86
1770.86
1771.86
1772.86
1773.86
1774.86
1775.86
1776.87
1777.87
1778.87
1779.87
1780.87
1781.87
1782.87
1783.87
1784.87
1785.87
1786.88
1787.88
1788.88
1789.88
1790.88
1791.88
1792.88
1793.88
1794.88
1795.88
1796.89
1797.89
1798.89
1799.89
1800.89
1801.89
1802.89
1803.89
1804.89
1805.89
1806.90
1807.90
1808.90
1809.90
1810.90
1811.90
1812.90
1813.90
1814.90
1815.90
1816.91
1817.91
1818.91
1819.91
1820.91
1821.91
1822.91
1823.91
1824.91
1825.91
1826.92
1827.92
1828.92
1829.92
1830.92
1831.92
1832.92
1833.92
1834.92
1835.92
1836.93
1837.93
1838.93
1839.93
1840.93
1841.93
1842.93
1843.93
1844.93
1845.93
1846.94
1847.94
1848.94
1849.94
1850.94
1851.94
1852.94
1853.94
1854.94
1855.94
1856.95
1857.95
1858.95
1859.95
1860.95
1861.95
1862.95
1863.95
1864.95
1865.95
1866.96
1867.96
1868.96
1869.96
1870.96
1871.96
1872.96
1873.96
1874.96
1875.96
1876.97
1877.97
1878.97
1879.97
1880.97
1881.97
1882.97
1883.97
1884.97
1885.97
1886.98
1887.98
1888.98
1889.98
1890.98
1891.98
1892.98
1893.98
1894.98
1895.98
1896.99
1897.99
1898.99
1899.99
1900.99
1901.99
1902.99
1903.99
1904.99
1905.99
907.00
908.00
909.00
910.00
911.00
912.00
913.00
914.00
915.00
916.00
917.01
918.01
919.01
920.01
921.01
922.01
923.01
924.01
925.01
926.01
927.02
928.02
929.02
930.02
931.02
932.02
933.02
934.02
935.02
936.02
937.03
938.03
939.03
940.03
941.03
942.03
943.03
944.03
945.03
946.03
947.04
948.04
949.04
950.04
951.04
952.04
953.04
954.04
955.04
956.04
957.05
958.05
959.05
960.05
961.05
962.05
963.05
964.05
965.05
966.05
967.06
968.06
969.06
970.06
971.06
972.06
973.06
974.06
975.06
976.06
977.07
978.07
979.07
980.07
981.07
982.07
983.07
984.07
985.07
986.07
987.08
988.08
989.08
990.08
991.08
992.08
993.08
994.08
995.08
996.08
997.09
998.09
999.09
1000.09
1001.09
1002.09
1003.09
1004.09
1005.09
1006.09
1007.10
1008.10
1009.10
1010.10
1011.10
1012.10
1013.10
1014.10
1015.10
1016.10
1017.11
1018.11
1019.11
1020.11
1021.11
1022.11
1023.11
1024.11
1025.11
1026.11
1027.12
1028.12
1029.12
1030.12
1031.12
1032.12
1033.12
1034.12
1035.12
1036.12
1037.13
1038.13
1039.13
1040.13
1041.13
1042.13
1043.13
1044.13
1045.13
1046.13
1047.14
1048.14
1049.14
1050.14
1051.14
1052.14
1053.14
1054.14
1055.14
1056.14
1057.15
1058.15
1059.15
1060.15
1061.15
1062.15
1063.15
1064.15
1065.15
1066.15
1067.16
1068.16
1069.16
1070.16
1071.16
1072.16
1073.16
1074.16
1075.16
1076.16
1077.17
1078.17
1079.17
1080.17
1081.17
1082.17
1083.17
1084.17
1085.17
1086.17
1087.18
1088.18
1089.18
1090.18
1091.18
1092.18
1093.18
1094.18
1095.18
1096.18
1097.19
1098.19
1099.19
1100.19
1101.19
1102.19
1103.19
1104.19
1105.19
1106.19
1107.20
1108.20
1109.20
1110.20
1111.20
1112.20
1113.20
1114.20
1115.20
1116.20
1117.21
1118.21
1119.21
1120.21
1121.21
1122.21
1123.21
1124.21
1125.21
1126.21
1127.22
1128.22
1129.22
1130.22
1131.22
1132.22
1133.22
1134.22
1135.22
1136.22
1137.23
1138.23
1139.23
1140.23
1141.23
1142.23
1143.23
1144.23
1145.23
1146.23
1147.24
1148.24
1149.24
1150.24
1151.24
1152.24
1153.24
1154.24
1155.24
1156.24
1157.25
1158.25
1159.25
1160.25
1161.25
1162.25
1163.25
1164.25
1165.25
1166.25
1167.26
1168.26
1169.26
1170.26
1171.26
1172.26
1173.26
1174.26
1175.26
1176.26
1177.27
1178.27
1179.27
1180.27
1181.27
1182.27
1183.27
1184.27
1185.27
1186.27
1187.28
1188.28
1189.28
1190.28
1191.28
1192.28
1193.28
1194.28
1195.28
1196.28
1197.29
1198.29
1199.29
1200.29
1201.29
1202.29
1203.29
1204.29
1205.29
1206.29
1207.30
1208.30
1209.30
1210.30
1211.30
1212.30
1213.30
1214.30
1215.30
1216.30
1217.31
1218.31
1219.31
1220.31
1221.31
1222.31
1223.31
1224.31
1225.31
1226.31
1227.32
1228.32
1229.32
1230.32
1231.32
1232.32
1233.32
1234.32
1235.32
1236.32
1237.33
1238.33
1239.33
1240.33
1241.33
1242.33
1243.33
1244.33
1245.33
1246.33
1247.34
1248.34
1249.34
1250.34
1251.34
1252.34
1253.34
1254.34
1255.34
1256.34
1257.35
1258.35
1259.35
1260.35
1261.35
1262.35
1263.35
1264.35
1265.35
1266.35
1267.36
1268.36
1269.36
1270.36
1271.36
1272.36
1273.36
1274.36
1275.36
1276.36
1277.37
1278.37
1279.37
1280.37
1281.37
1282.37
1283.37
1284.37
1285.37
1286.37
1287.38
1288.38
1289.38
1290.38
1291.38
1292.38
1293.38
1294.38
1295.38
1296.38
1297.39
1298.39
1299.39
1300.39
1301.39
1302.39
1303.39
1304.39
1305.39
1306.39
1307.40
1308.40
1309.40
1310.40
1311.40
1312.40
1313.40
1314.40
1315.40
1316.40
1317.41
1318.41
1319.41
1320.41
1321.41
1322.41
1323.41
1324.41
1325.41
1326.41
1327.42
1328.42
1329.42
1330.42
1331.42
1332.42
1333.42
1334.42
1335.42
1336.42
1337.43
1338.43
1339.43
1340.43
1341.43
1342.43
1343.43
1344.43
1345.43
1346.43
1347.44
1348.44
1349.44
1350.44
1351.44
1352.44
1353.44
1354.44
1355.44
1356.44
1357.45
1358.45
1359.45
1360.45
1361.45
1362.45
1363.45
1364.45
1365.45
1366.45
1367.46
1368.46
1369.46
1370.46
1371.46
1372.46
1373.46
1374.46
1375.46
1376.46
1377.47
1378.47
1379.47
1380.47
1381.47
1382.47
1383.47
1384.47
1385.47
1386.47
1387.48
1388.48
1389.48
1390.48
1391.48
1392.48
1393.48
1394.48
1395.48
1396.48
1397.49
1398.49
1399.49
1400.49
1401.49
1402.49
1403.49
1404.49
1405.49
1406.49
1407.50
1408.50
1409.50
1410.50
1411.50
1412.50
1413.50
1414.50
1415.50
1416.50
1417.51
1418.51
1419.51
1420.51
1421.51
1422.51
1423.51
1424.51
1425.51
1426.51
1427.52
1428.52
1429.52
1430.52
1431.52
1432.52
1433.52
1434.52
1435.52
1436.52
1437.53
1438.53
1439.53
1440.53
1441.53
1442.53
1443.53
1444.53
1445.53
1446.53
1447.54
1448.54
1449.54
1450.54
1451.54
1452.54
1453.54
1454.54
1455.54
1456.54
1457.55
1458.55
1459.55
1460.55
1461.55
1462.55
1463.55
1464.55
1465.55
1466.55
1467.56
1468.56
1469.56
1470.56
1471.56
1472.56
1473.56
1474.56
1475.56
1476.56
1477.57
1478.57
1479.57
1480.57
1481.57
1482.57
1483.57
1484.57
1485.57
1486.57
1487.58
1488.58
1489.58
1490.58
1491.58
1492.58
1493.58
1494.58
1495.58
1496.58
1497.59
1498.59
1499.59
1500.59
1501.59
1502.59
1503.59
1504.59
1505.59
1506.59
1507.60
1508.60
1509.60
1510.60
1511.60
1512.60
1513.60
1514.60
1515.60
1516.60
1517.61
1518.61
1519.61
1520.61
1521.61
1522.61
1523.61
1524.61
1525.61
1526.61
1527.62
1528.62
1529.62
1530.62
1531.62
1532.62
1533.62
1534.62
1535.62
1536.62
1537.63
1538.63
1539.63
1540.63
1541.63
1542.63
1543.63
1544.63
1545.63
1546.63
1547.64
1548.64
1549.64
1550.64
1551.64
1552.64
1553.64
1554.64
1555.64
1556.64
1557.65
1558.65
1559.65
1560.65
1561.65
1562.65
1563.65
1564.65
1565.65
1566.65
1567.66
1568.66
1569.66
1570.66
1571.66
1572.66
1573.66
1574.66
1575.66
1576.66
1577.67
1578.67
1579.67
1580.67
1581.67
1582.67
1583.67
1584.67
1585.67
1586.67
1587.68
1588.68
1589.68
1590.68
1591.68
1592.68
1593.68
1594.68
1595.68
1596.68
1597.69
1598.69
1599.69
1600.69
1601.69
1602.69
1603.69
1604.69
1605.69
1606.69
1607.70
1608.70
1609.70
1610.70
1611.70
1612.70
1613.70
1614.70
1615.70
1616.70
1617.71
1618.71
1619.71
1620.71
1621.71
1622.71
1623.71
1624.71
1625.71
1626.71
1627.72
1628.72
1629.72
1630.72
1631.72
1632.72
1633.72
1634.72
1635.72
1636.72
1637.73
1638.73
1639.73
1640.73
1641.73
1642.73
1643.73
1644.73
1645.73
1646.73
1647.74
1648.74
1649.74
1650.74
1651.74
1652.74
1653.74
1654.74
1655.74
1656.74
1657.75
1658.75
1659.75
1660.75
1661.75
1662.75
1663.75
1664.75
1665.75
1666.75
1667.76
1668.76
1669.76
1670.76
1671.76
1672.76
1673.76
1674.76
1675.76
1676.76
1677.77
1678.77
1679.77
1680.77
1681.77
1682.77
1683.77
1684.77
1685.77
1686.77
1687.78
1688.78
1689.78
1690.78
1691.78
1692.78
1693.78
1694.78
1695.78
1696.78
1697.79
1698.79
1699.79
1700.79
1701.79
1702.79
1703.79
1704.79
1705.79
1706.79
1707.80
1708.80
1709.80
1710.80
1711.80
1712.80
1713.80
1714.80
1715.80
1716.80
1717.81
1718.81
1719.81
1720.81
1721.81
1722.81
1723.81
1724.81
1725.81
1726.81
1727.82
1728.82
1729.82
1730.82
1731.82
1732.82
1733.82
1734.82
1735.82
1736.82
1737.83
1738.83
1739.83
1740.83
1741.83
1742.83
1743.83
1744.83
1745.83
1746.83
1747.84
1748.84
1749.84
1750.84
1751.84
1752.84
1753.84
1754.84
1755.84
1756.84
1757.85
1758.85
1759.85
1760.85
1761.85
1762.85
1763.85
1764.85
1765.85
1766.85
1767.86
1768.86
1769.86
1770.86
1771.86
1772.86
1773.86
1774.86
1775.86
1776.86
1777.87
1778.87
1779.87
1780.87
1781.87
1782.87
1783.87
1784.87
1785.87
1786.87
1787.88
1788.88
1789.88
1790.88
1791.88
1792.88
1793.88
1794.88
1795.88
1796.88
1797.89
1798.89
1799.89
1800.89
1801.89
1802.89
1803.89
1804.89
1805.89
1806.89
1807.90
1808.90
1809.90
1810.90
1811.90
1812.90
1813.90
1814.90
1815.90
1816.90
1817.91
1818.91
1819.91
1820.91
1821.91
1822.91
1823.91
1824.91
1825.91
1826.91
1827.92
1828.92
1829.92
1830.92
1831.92
1832.92
1833.92
1834.92
1835.92
1836.92
1837.93
1838.93
1839.93
1840.93
1841.93
1842.93
1843.93
1844.93
1845.93
1846.93
1847.94
1848.94
1849.94
1850.94
1851.94
1852.94
1853.94
1854.94
1855.94
1856.94
1857.95
1858.95
1859.95
1860.95
1861.95
1862.95
1863.95
1864.95
1865.95
1866.95
1867.96
1868.96
1869.96
1870.96
1871.96
1872.96
1873.96
1874.96
1875.96
1876.96
1877.97
1878.97
1879.97
1880.97
1881.97
1882.97
1883.97
1884.97
1885.97
1886.97
1887.98
1888.98
1889.98
1890.98
1891.98
1892.98
1893.98
1894.98
1895.98
1896.98
1897.99
1898.99
1899.99
1900.99
1901.99
1902.99
1903.99
1904.99
1905.99
1906.99
908.00
909.00
910.00
911.00
912.00
913.00
914.00
915.00
916.00
917.00
918.01
919.01
920.01
921.01
922.01
923.01
924.01
925.01
926.01
927.01
928.02
929.02
930.02
931.02
932.02
933.02
934.02
935.02
936.02
937.02
938.03
939.03
940.03
941.03
942.03
943.03
944.03
945.03
946.03
947.03
948.04
949.04
950.04
951.04
952.04
953.04
954.04
955.04
956.04
957.04
958.05
959.05
960.05
961.05
962.05
963.05
964.05
965.05
966.05
967.05
968.06
969.06
970.06
971.06
972.06
973.06
974.06
975.06
976.06
977.06
978.07
979.07
980.07
981.07
982.07
983.07
984.07
985.07
986.07
987.07
988.08
989.08
990.08
991.08
992.08
993.08
994.08
995.08
996.08
997.08
998.09
999.09
1000.09
1001.09
1002.09
1003.09
1004.09
1005.09
1006.09
1007.09
1008.10
1009.10
1010.10
1011.10
1012.10
1013.10
1014.10
1015.10
1016.10
1017.10
1018.11
1019.11
1020.11
1021.11
1022.11
1023.11
1024.11
1025.11
1026.11
1027.11
1028.12
1029.12
1030.12
1031.12
1032.12
1033.12
1034.12
1035.12
1036.12
1037.12
1038.13
1039.13
1040.13
1041.13
1042.13
1043.13
1044.13
1045.13
1046.13
1047.13
1048.14
1049.14
1050.14
1051.14
1052.14
1053.14
1054.14
1055.14
1056.14
1057.14
1058.15
1059.15
1060.15
1061.15
1062.15
1063.15
1064.15
1065.15
1066.15
1067.15
1068.16
1069.16
1070.16
1071.16
1072.16
1073.16
1074.16
1075.16
1076.16
1077.16
1078.17
1079.17
1080.17
1081.17
1082.17
1083.17
1084.17
1085.17
1086.17
1087.17
1088.18
1089.18
1090.18
1091.18
1092.18
1093.18
1094.18
1095.18
1096.18
1097.18
1098.19
1099.19
1100.19
1101.19
1102.19
1103.19
1104.19
1105.19
1106.19
1107.19
1108.20
1109.20
1110.20
1111.20
1112.20
1113.20
1114.20
1115.20
1116.20
1117.20
1118.21
1119.21
1120.21
1121.21
1122.21
1123.21
1124.21
1125.21
1126.21
1127.21
1128.22
1129.22
1130.22
1131.22
1132.22
1133.22
1134.22
1135.22
1136.22
1137.22
1138.23
1139.23
1140.23
1141.23
1142.23
1143.23
1144.23
1145.23
1146.23
1147.23
1148.24
1149.24
1150.24
1151.24
1152.24
1153.24
1154.24
1155.24
1156.24
1157.24
1158.25
1159.25
1160.25
1161.25
1162.25
1163.25
1164.25
1165.25
1166.25
1167.25
1168.26
1169.26
1170.26
1171.26
1172.26
1173.26
1174.26
1175.26
1176.26
1177.26
1178.27
1179.27
1180.27
1181.27
1182.27
1183.27
1184.27
1185.27
1186.27
1187.27
1188.28
1189.28
1190.28
1191.28
1192.28
1193.28
1194.28
1195.28
1196.28
1197.28
1198.29
1199.29
1200.29
1201.29
1202.29
1203.29
1204.29
1205.29
1206.29
1207.29
1208.30
1209.30
1210.30
1211.30
1212.30
1213.30
1214.30
1215.30
1216.30
1217.30
1218.31
1219.31
1220.31
1221.31
1222.31
1223.31
1224.31
1225.31
1226.31
1227.31
1228.32
1229.32
1230.32
1231.32
1232.32
1233.32
1234.32
1235.32
1236.32
1237.32
1238.33
1239.33
1240.33
1241.33
1242.33
1243.33
1244.33
1245.33
1246.33
1247.33
1248.34
1249.34
1250.34
1251.34
1252.34
1253.34
1254.34
1255.34
1256.34
1257.34
1258.35
1259.35
1260.35
1261.35
1262.35
1263.35
1264.35
1265.35
1266.35
1267.35
1268.36
1269.36
1270.36
1271.36
1272.36
1273.36
1274.36
1275.36
1276.36
1277.36
1278.37
1279.37
1280.37
1281.37
1282.37
1283.37
1284.37
1285.37
1286.37
1287.37
1288.38
1289.38
1290.38
1291.38
1292.38
1293.38
1294.38
1295.38
1296.38
1297.38
1298.39
1299.39
1300.39
1301.39
1302.39
1303.39
1304.39
1305.39
1306.39
1307.39
1308.40
1309.40
1310.40
1311.40
1312.40
1313.40
1314.40
1315.40
1316.40
1317.40
1318.41
1319.41
1320.41
1321.41
1322.41
1323.41
1324.41
1325.41
1326.41
1327.41
1328.42
1329.42
1330.42
1331.42
1332.42
1333.42
1334.42
1335.42
1336.42
1337.42
1338.43
1339.43
1340.43
1341.43
1342.43
1343.43
1344.43
1345.43
1346.43
1347.43
1348.44
1349.44
1350.44
1351.44
1352.44
1353.44
1354.44
1355.44
1356.44
1357.44
1358.45
1359.45
1360.45
1361.45
1362.45
1363.45
1364.45
1365.45
1366.45
1367.45
1368.46
1369.46
1370.46
1371.46
1372.46
1373.46
1374.46
1375.46
1376.46
1377.46
1378.47
1379.47
1380.47
1381.47
1382.47
1383.47
1384.47
1385.47
1386.47
1387.47
1388.48
1389.48
1390.48
1391.48
1392.48
1393.48
1394.48
1395.48
1396.48
1397.48
1398.49
1399.49
1400.49
1401.49
1402.49
1403.49
1404.49
1405.49
1406.49
1407.49
1408.50
1409.50
1410.50
1411.50
1412.50
1413.50
1414.50
1415.50
1416.50
1417.50
1418.51
1419.51
1420.51
1421.51
1422.51
1423.51
1424.51
1425.51
1426.51
1427.51
1428.52
1429.52
1430.52
1431.52
1432.52
1433.52
1434.52
1435.52
1436.52
1437.52
1438.53
1439.53
1440.53
1441.53
1442.53
1443.53
1444.53
1445.53
1446.53
1447.53
1448.54
1449.54
1450.54
1451.54
1452.54
1453.54
1454.54
1455.54
1456.54
1457.54
1458.55
1459.55
1460.55
1461.55
1462.55
1463.55
1464.55
1465.55
1466.55
1467.55
1468.56
1469.56
1470.56
1471.56
1472.56
1473.56
1474.56
1475.56
1476.56
1477.56
1478.57
1479.57
1480.57
1481.57
1482.57
1483.57
1484.57
1485.57
1486.57
1487.57
1488.58
1489.58
1490.58
1491.58
1492.58
1493.58
1494.58
1495.58
1496.58
1497.58
1498.59
1499.59
1500.59
1501.59
1502.59
1503.59
1504.59
1505.59
1506.59
1507.59
1508.60
1509.60
1510.60
1511.60
1512.60
1513.60
1514.60
1515.60
1516.60
1517.60
1518.61
1519.61
1520.61
1521.61
1522.61
1523.61
1524.61
1525.61
1526.61
1527.61
1528.62
1529.62
1530.62
1531.62
1532.62
1533.62
1534.62
1535.62
1536.62
1537.62
1538.63
1539.63
1540.63
1541.63
1542.63
1543.63
1544.63
1545.63
1546.63
1547.63
1548.64
1549.64
1550.64
1551.64
1552.64
1553.64
1554.64
1555.64
1556.64
1557.64
1558.65
1559.65
1560.65
1561.65
1562.65
1563.65
1564.65
1565.65
1566.65
1567.65
1568.66
1569.66
1570.66
1571.66
1572.66
1573.66
1574.66
1575.66
1576.66
1577.66
1578.67
1579.67
1580.67
1581.67
1582.67
1583.67
1584.67
1585.67
1586.67
1587.67
1588.68
1589.68
1590.68
1591.68
1592.68
1593.68
1594.68
1595.68
1596.68
1597.68
1598.69
1599.69
1600.69
1601.69
1602.69
1603.69
1604.69
1605.69
1606.69
1607.69
1608.70
1609.70
1610.70
1611.70
1612.70
1613.70
1614.70
1615.70
1616.70
1617.70
1618.71
1619.71
1620.71
1621.71
1622.71
1623.71
1624.71
1625.71
1626.71
1627.71
1628.72
1629.72
1630.72
1631.72
1632.72
1633.72
1634.72
1635.72
1636.72
1637.72
1638.73
1639.73
1640.73
1641.73
1642.73
1643.73
1644.73
1645.73
1646.73
1647.73
1648.74
1649.74
1650.74
1651.74
1652.74
1653.74
1654.74
1655.74
1656.74
1657.74
1658.75
1659.75
1660.75
1661.75
1662.75
1663.75
1664.75
1665.75
1666.75
1667.75
1668.76
1669.76
1670.76
1671.76
1672.76
1673.76
1674.76
1675.76
1676.76
1677.76
1678.77
1679.77
1680.77
1681.77
1682.77
1683.77
1684.77
1685.77
1686.77
1687.77
1688.78
1689.78
1690.78
1691.78
1692.78
1693.78
1694.78
1695.78
1696.78
1697.78
1698.79
1699.79
1700.79
1701.79
1702.79
1703.79
1704.79
1705.79
1706.79
1707.79
1708.80
1709.80
1710.80
1711.80
1712.80
1713.80
1714.80
1715.80
1716.80
1717.80
1718.81
1719.81
1720.81
1721.81
1722.81
1723.81
1724.81
1725.81
1726.81
1727.81
1728.82
1729.82
1730.82
1731.82
1732.82
1733.82
1734.82
1735.82
1736.82
1737.82
1738.83
1739.83
1740.83
1741.83
1742.83
1743.83
1744.83
1745.83
1746.83
1747.83
1748.84
1749.84
1750.84
1751.84
1752.84
1753.84
1754.84
1755.84
1756.84
1757.84
1758.85
1759.85
1760.85
1761.85
1762.85
1763.85
1764.85
1765.85
1766.85
1767.85
1768.86
1769.86
1770.86
1771.86
1772.86
1773.86
1774.86
1775.86
1776.86
1777.86
1778.87
1779.87
1780.87
1781.87
1782.87
1783.87
1784.87
1785.87
1786.87
1787.87
1788.88
1789.88
1790.88
1791.88
1792.88
1793.88
1794.88
1795.88
1796.88
1797.88
1798.89
1799.89
1800.89
1801.89
1802.89
1803.89
1804.89
1805.89
1806.89
1807.89
1808.90
1809.90
1810.90
1811.90
1812.90
1813.90
1814.90
1815.90
1816.90
1817.90
1818.91
1819.91
1820.91
1821.91
1822.91
1823.91
1824.91
1825.91
1826.91
1827.91
1828.92
1829.92
1830.92
1831.92
1832.92
1833.92
1834.92
1835.92
1836.92
1837.92
1838.93
1839.93
1840.93
1841.93
1842.93
1843.93
1844.93
1845.93
1846.93
1847.93
1848.94
1849.94
1850.94
1851.94
1852.94
1853.94
1854.94
1855.94
1856.94
1857.94
1858.95
1859.95
1860.95
1861.95
1862.95
1863.95
1864.95
1865.95
1866.95
1867.95
1868.96
1869.96
1870.96
1871.96
1872.96
1873.96
1874.96
1875.96
1876.96
1877.96
1878.97
1879.97
1880.97
1881.97
1882.97
1883.97
1884.97
1885.97
1886.97
1887.97
1888.98
1889.98
1890.98
1891.98
1892.98
1893.98
1894.98
1895.98
1896.98
1897.98
1898.99
1899.99
1900.99
1901.99
1902.99
1903.99
1904.99
1905.99
1906.99
1907.99
909.00
910.00
911.00
912.00
913.00
914.00
915.00
916.00
917.00
918.00
919.01
920.01
921.01
922.01
923.01
924.01
925.01
926.01
927.01
928.01
929.02
930.02
931.02
932.02
933.02
934.02
935.02
936.02
937.02
938.02
939.03
940.03
941.03
942.03
943.03
944.03
945.03
946.03
947.03
948.03
949.04
950.04
951.04
952.04
953.04
954.04
955.04
956.04
957.04
958.04
959.05
960.05
961.05
962.05
963.05
964.05
965.05
966.05
967.05
968.05
969.06
970.06
971.06
972.06
973.06
974.06
975.06
976.06
977.06
978.06
979.07
980.07
981.07
982.07
983.07
984.07
985.07
986.07
987.07
988.07
989.08
990.08
991.08
992.08
993.08
994.08
995.08
996.08
997.08
998.08
999.09
1000.09
1001.09
1002.09
1003.09
1004.09
1005.09
1006.09
1007.09
1008.09
1009.10
1010.10
1011.10
1012.10
1013.10
1014.10
1015.10
1016.10
1017.10
1018.10
1019.11
1020.11
1021.11
1022.11
1023.11
1024.11
1025.11
1026.11
1027.11
1028.11
1029.12
1030.12
1031.12
1032.12
1033.12
1034.12
1035.12
1036.12
1037.12
1038.12
1039.13
1040.13
1041.13
1042.13
1043.13
1044.13
1045.13
1046.13
1047.13
1048.13
1049.14
1050.14
1051.14
1052.14
1053.14
1054.14
1055.14
1056.14
1057.14
1058.14
1059.15
1060.15
1061.15
1062.15
1063.15
1064.15
1065.15
1066.15
1067.15
1068.15
1069.16
1070.16
1071.16
1072.16
1073.16
1074.16
1075.16
1076.16
1077.16
1078.16
1079.17
1080.17
1081.17
1082.17
1083.17
1084.17
1085.17
1086.17
1087.17
1088.17
1089.18
1090.18
1091.18
1092.18
1093.18
1094.18
1095.18
1096.18
1097.18
1098.18
1099.19
1100.19
1101.19
1102.19
1103.19
1104.19
1105.19
1106.19
1107.19
1108.19
1109.20
1110.20
1111.20
1112.20
1113.20
1114.20
1115.20
1116.20
1117.20
1118.20
1119.21
1120.21
1121.21
1122.21
1123.21
1124.21
1125.21
1126.21
1127.21
1128.21
1129.22
1130.22
1131.22
1132.22
1133.22
1134.22
1135.22
1136.22
1137.22
1138.22
1139.23
1140.23
1141.23
1142.23
1143.23
1144.23
1145.23
1146.23
1147.23
1148.23
1149.24
1150.24
1151.24
1152.24
1153.24
1154.24
1155.24
1156.24
1157.24
1158.24
1159.25
1160.25
1161.25
1162.25
1163.25
1164.25
1165.25
1166.25
1167.25
1168.25
1169.26
1170.26
1171.26
1172.26
1173.26
1174.26
1175.26
1176.26
1177.26
1178.26
1179.27
1180.27
1181.27
1182.27
1183.27
1184.27
1185.27
1186.27
1187.27
1188.27
1189.28
1190.28
1191.28
1192.28
1193.28
1194.28
1195.28
1196.28
1197.28
1198.28
1199.29
1200.29
1201.29
1202.29
1203.29
1204.29
1205.29
1206.29
1207.29
1208.29
1209.30
1210.30
1211.30
1212.30
1213.30
1214.30
1215.30
1216.30
1217.30
1218.30
1219.31
1220.31
1221.31
1222.31
1223.31
1224.31
1225.31
1226.31
1227.31
1228.31
1229.32
1230.32
1231.32
1232.32
1233.32
1234.32
1235.32
1236.32
1237.32
1238.32
1239.33
1240.33
1241.33
1242.33
1243.33
1244.33
1245.33
1246.33
1247.33
1248.33
1249.34
1250.34
1251.34
1252.34
1253.34
1254.34
1255.34
1256.34
1257.34
1258.34
1259.35
1260.35
1261.35
1262.35
1263.35
1264.35
1265.35
1266.35
1267.35
1268.35
1269.36
1270.36
1271.36
1272.36
1273.36
1274.36
1275.36
1276.36
1277.36
1278.36
1279.37
1280.37
1281.37
1282.37
1283.37
1284.37
1285.37
1286.37
1287.37
1288.37
1289.38
1290.38
1291.38
1292.38
1293.38
1294.38
1295.38
1296.38
1297.38
1298.38
1299.39
1300.39
1301.39
1302.39
1303.39
1304.39
1305.39
1306.39
1307.39
1308.39
1309.40
1310.40
1311.40
1312.40
1313.40
1314.40
1315.40
1316.40
1317.40
1318.40
1319.41
1320.41
1321.41
1322.41
1323.41
1324.41
1325.41
1326.41
1327.41
1328.41
1329.42
1330.42
1331.42
1332.42
1333.42
1334.42
1335.42
1336.42
1337.42
1338.42
1339.43
1340.43
1341.43
1342.43
1343.43
1344.43
1345.43
1346.43
1347.43
1348.43
1349.44
1350.44
1351.44
1352.44
1353.44
1354.44
1355.44
1356.44
1357.44
1358.44
1359.45
1360.45
1361.45
1362.45
1363.45
1364.45
1365.45
1366.45
1367.45
1368.45
1369.46
1370.46
1371.46
1372.46
1373.46
1374.46
1375.46
1376.46
1377.46
1378.46
1379.47
1380.47
1381.47
1382.47
1383.47
1384.47
1385.47
1386.47
1387.47
1388.47
1389.48
1390.48
1391.48
1392.48
1393.48
1394.48
1395.48
1396.48
1397.48
1398.48
1399.49
1400.49
1401.49
1402.49
1403.49
1404.49
1405.49
1406.49
1407.49
1408.49
1409.50
1410.50
1411.50
1412.50
1413.50
1414.50
1415.50
1416.50
1417.50
1418.50
1419.51
1420.51
1421.51
1422.51
1423.51
1424.51
1425.51
1426.51
1427.51
1428.51
1429.52
1430.52
1431.52
1432.52
1433.52
1434.52
1435.52
1436.52
1437.52
1438.52
1439.53
1440.53
1441.53
1442.53
1443.53
1444.53
1445.53
1446.53
1447.53
1448.53
1449.54
1450.54
1451.54
1452.54
1453.54
1454.54
1455.54
1456.54
1457.54
1458.54
1459.55
1460.55
1461.55
1462.55
1463.55
1464.55
1465.55
1466.55
1467.55
1468.55
1469.56
1470.56
1471.56
1472.56
1473.56
1474.56
1475.56
1476.56
1477.56
1478.56
1479.57
1480.57
1481.57
1482.57
1483.57
1484.57
1485.57
1486.57
1487.57
1488.57
1489.58
1490.58
1491.58
1492.58
1493.58
1494.58
1495.58
1496.58
1497.58
1498.58
1499.59
1500.59
1501.59
1502.59
1503.59
1504.59
1505.59
1506.59
1507.59
1508.59
1509.60
1510.60
1511.60
1512.60
1513.60
1514.60
1515.60
1516.60
1517.60
1518.60
1519.61
1520.61
1521.61
1522.61
1523.61
1524.61
1525.61
1526.61
1527.61
1528.61
1529.62
1530.62
1531.62
1532.62
1533.62
1534.62
1535.62
1536.62
1537.62
1538.62
1539.63
1540.63
1541.63
1542.63
1543.63
1544.63
1545.63
1546.63
1547.63
1548.63
1549.64
1550.64
1551.64
1552.64
1553.64
1554.64
1555.64
1556.64
1557.64
1558.64
1559.65
1560.65
1561.65
1562.65
1563.65
1564.65
1565.65
1566.65
1567.65
1568.65
1569.66
1570.66
1571.66
1572.66
1573.66
1574.66
1575.66
1576.66
1577.66
1578.66
1579.67
1580.67
1581.67
1582.67
1583.67
1584.67
1585.67
1586.67
1587.67
1588.67
1589.68
1590.68
1591.68
1592.68
1593.68
1594.68
1595.68
1596.68
1597.68
1598.68
1599.69
1600.69
1601.69
1602.69
1603.69
1604.69
1605.69
1606.69
1607.69
1608.69
1609.70
1610.70
1611.70
1612.70
1613.70
1614.70
1615.70
1616.70
1617.70
1618.70
1619.71
1620.71
1621.71
1622.71
1623.71
1624.71
1625.71
1626.71
1627.71
1628.71
1629.72
1630.72
1631.72
1632.72
1633.72
1634.72
1635.72
1636.72
1637.72
1638.72
1639.73
1640.73
1641.73
1642.73
1643.73
1644.73
1645.73
1646.73
1647.73
1648.73
1649.74
1650.74
1651.74
1652.74
1653.74
1654.74
1655.74
1656.74
1657.74
1658.74
1659.75
1660.75
1661.75
1662.75
1663.75
1664.75
1665.75
1666.75
1667.75
1668.75
1669.76
1670.76
1671.76
1672.76
1673.76
1674.76
1675.76
1676.76
1677.76
1678.76
1679.77
1680.77
1681.77
1682.77
1683.77
1684.77
1685.77
1686.77
1687.77
1688.77
1689.78
1690.78
1691.78
1692.78
1693.78
1694.78
1695.78
1696.78
1697.78
1698.78
1699.79
1700.79
1701.79
1702.79
1703.79
1704.79
1705.79
1706.79
1707.79
1708.79
1709.80
1710.80
1711.80
1712.80
1713.80
1714.80
1715.80
1716.80
1717.80
1718.80
1719.81
1720.81
1721.81
1722.81
1723.81
1724.81
1725.81
1726.81
1727.81
1728.81
1729.82
1730.82
1731.82
1732.82
1733.82
1734.82
1735.82
1736.82
1737.82
1738.82
1739.83
1740.83
1741.83
1742.83
1743.83
1744.83
1745.83
1746.83
1747.83
1748.83
1749.84
1750.84
1751.84
1752.84
1753.84
1754.84
1755.84
1756.84
1757.84
1758.84
1759.85
1760.85
1761.85
1762.85
1763.85
1764.85
1765.85
1766.85
1767.85
1768.85
1769.86
1770.86
1771.86
1772.86
1773.86
1774.86
1775.86
1776.86
1777.86
1778.86
1779.87
1780.87
1781.87
1782.87
1783.87
1784.87
1785.87
1786.87
1787.87
1788.87
1789.88
1790.88
1791.88
1792.88
1793.88
1794.88
1795.88
1796.88
1797.88
1798.88
1799.89
1800.89
1801.89
1802.89
1803.89
1804.89
1805.89
1806.89
1807.89
1808.89
1809.90
1810.90
1811.90
1812.90
1813.90
1814.90
1815.90
1816.90
1817.90
1818.90
1819.91
1820.91
1821.91
1822.91
1823.91
1824.91
1825.91
1826.91
1827.91
1828.91
1829.92
1830.92
1831.92
1832.92
1833.92
1834.92
1835.92
1836.92
1837.92
1838.92
1839.93
1840.93
1841.93
1842.93
1843.93
1844.93
1845.93
1846.93
1847.93
1848.93
1849.94
1850.94
1851.94
1852.94
1853.94
1854.94
1855.94
1856.94
1857.94
1858.94
1859.95
1860.95
1861.95
1862.95
1863.95
1864.95
1865.95
1866.95
1867.95
1868.95
1869.96
1870.96
1871.96
1872.96
1873.96
1874.96
1875.96
1876.96
1877.96
1878.96
1879.97
1880.97
1881.97
1882.97
1883.97
1884.97
1885.97
1886.97
1887.97
1888.97
1889.98
1890.98
1891.98
1892.98
1893.98
1894.98
1895.98
1896.98
1897.98
1898.98
1899.99
1900.99
1901.99
1902.99
1903.99
1904.99
1905.99
1906.99
1907.99
1908.99
910.00
