45
38
22
39
34
23
4
30
35
34
50
14
17
36
35
42
29
28
16
13
16
22
41
49
20
44
12
10
40
39
38
26
35
37
42
50
50
8
3
24
11
26
2
16
35
10
49
45
34
42
7
5
37
35
44
28
41
28
48
29
42
44
18
22
38
40
2
26
33
28
15
48
49
49
23
20
29
29
28
25
38
15
37
19
40
31
29
27
43
2
28
38
19
46
34
37
13
8
11
47
4
2
27
6
32
3
33
41
8
44
24
18
16
40
6
5
18
19
32
25
6
20
18
17
33
49
34
7
41
13
45
10
32
33
13
29
1
25
1
26
37
39
48
37
6
2
22
13
5
46
37
46
5
46
9
14
8
19
8
46
15
11
8
47
35
39
12
11
14
49
15
22
4
39
47
2
48
3
13
33
29
9
5
40
50
21
21
41
16
40
16
39
33
42
1
7
9
21
14
37
12
7
21
7
29
50
2
38
5
3
50
33
22
27
38
45
47
6
33
36
41
5
45
26
22
3
37
1
24
43
23
12
15
1
46
24
31
3
35
25
2
36
39
45
28
45
40
46
2
35
12
37
39
22
6
2
16
32
10
29
42
5
4
11
10
46
45
12
42
36
7
38
31
45
38
39
29
46
38
29
4
41
6
8
20
4
1
40
30
10
44
9
6
11
17
43
17
15
19
22
9
12
49
3
40
8
36
14
8
6
1
33
12
15
46
4
35
49
24
21
39
7
15
13
42
3
17
13
30
4
5
44
22
38
20
40
17
41
29
10
20
38
4
1
35
50
34
32
32
37
25
41
33
35
35
4
40
32
10
1
20
48
49
11
48
35
20
1
39
18
35
36
49
7
14
2
22
6
42
38
22
34
4
14
8
37
25
35
43
29
25
43
49
33
2
11
45
45
47
26
32
18
47
9
19
32
34
22
37
10
16
3
13
44
19
7
46
5
17
45
13
36
44
13
34
23
32
46
20
15
14
39
8
27
12
1
48
12
49
7
38
27
44
14
9
28
35
40
7
21
34
31
24
28
8
31
13
2
36
43
37
22
27
36
28
21
50
32
34
2
3
23
16
34
19
40
32
37
22
3
2
18
49
46
30
4
30
44
12
22
13
25
27
24
35
42
21
46
45
6
7
3
21
15
18
43
44
44
12
38
42
50
26
46
5
26
20
15
47
21
30
21
6
34
22
11
22
18
10
43
36
32
32
14
38
17
38
49
30
8
36
13
24
11
11
38
1
27
40
19
3
31
36
3
13
36
21
12
17
9
33
26
38
34
20
48
38
2
26
12
25
6
43
34
23
1
18
32
39
16
26
25
29
29
19
18
31
20
4
3
31
5
22
35
46
38
1
29
6
5
7
11
13
16
50
37
45
35
3
2
47
2
42
44
36
3
22
37
15
3
17
8
10
31
38
22
13
9
18
36
40
15
38
29
39
30
37
5
23
18
46
26
16
43
2
9
16
16
46
11
37
27
27
38
36
6
25
28
44
14
48
1
8
20
44
32
30
40
11
27
41
9
43
14
36
38
21
36
20
40
10
16
16
18
39
23
28
26
32
30
39
8
13
23
42
14
2
39
2
17
47
7
45
50
18
34
26
25
38
25
38
34
47
49
2
47
27
39
33
6
45
39
22
17
15
6
28
43
36
50
7
46
4
8
35
20
32
45
44
29
16
8
14
45
33
33
24
31
39
10
30
35
6
4
8
18
40
50
27
9
32
9
35
28
10
36
14
11
20
30
46
16
49
24
23
14
25
16
19
31
36
4
47
41
30
1
50
42
35
3
2
23
17
44
15
9
13
47
27
25
20
11
25
45
23
19
24
46
40
25
29
50
47
4
34
7
14
17
38
22
38
10
16
1
23
11
39
12
17
34
40
30
35
29
33
3
18
8
23
49
38
23
26
36
47
11
48
28
25
20
9
33
39
43
48
19
22
33
16
48
36
19
38
34
11
41
27
30
2
32
42
47
20
10
16
22
50
31
2
39
11
28
46
12
17
33
50
11
39
34
13
23
5
24
14
21
12
39
50
11
38
48
50
15
8
44
34
48
3
3
38
16
22
44
30
6
45
44
11
6
42
22
29
19
13
15
7
8
38
45
15
1
26
46
40
33
48
10
3
22
41
6
50
14
42
8
30
47
40
49
40
47
30
15
21
20
44
17
24
48
33
40
9
36
7
12
31
9
17
11
7
34
30
3
28
40
14
35
17
13
38
24
45
35
50
2
13
30
44
15
35
43
27
49
28
19
37
49
8
29
