7325
500
1431
3040
7108
94
6140
7324
1981
5401
2170
4579
929
2724
9883
5499
7452
2493
8128
2715
4212
5009
4043
5558
2109
2603
769
1442
5522
5584
3136
3971
4045
6625
3197
5934
3746
8939
3718
3422
7727
2191
1618
2637
3234
7662
850
9711
6309
1306
6370
5123
7895
787
9324
3454
2255
5338
7515
4216
6544
2011
7067
1252
3041
4233
6914
8626
2817
9948
6045
4106
1802
4342
4832
9733
703
246
5971
810
616
863
6153
4347
4069
6747
8147
4915
1289
5348
8034
4251
1702
6216
3107
4164
8119
9576
6197
9922
426
9739
5293
8092
9936
5307
8699
9532
5700
4537
3307
9139
1561
3370
9077
3576
3978
4664
4956
4007
1522
7141
8933
1427
1155
194
135
3231
4897
5713
3741
6292
5246
7915
1262
5552
8004
8514
118
7462
3594
3037
6941
8434
6286
6050
603
4013
2143
9022
9879
8578
9696
2765
8651
3236
4998
1868
4901
6763
7411
1169
1465
2028
4291
1785
115
8057
5522
3768
2946
1316
148
1265
5614
3935
1075
6138
1701
115
9099
9778
2617
2211
9273
4563
5255
6451
2252
5433
9439
1991
3151
2377
8195
2198
5751
4287
6356
5299
4709
6038
7673
7059
9112
3717
7501
7505
2512
9279
3506
3026
916
4609
5341
2061
2884
5169
346
2346
733
9082
1512
2836
2724
9040
6771
4096
3393
1063
3948
330
2012
4578
5215
1945
2625
5658
100
912
8654
617
5338
3185
1727
5007
1720
6299
6755
2314
4808
8626
4353
3447
6481
6299
4665
410
631
4455
174
9154
5099
2632
5732
8059
1742
5089
4116
8055
308
7383
2135
2567
5928
7543
1186
2874
7654
1535
7113
7313
383
4641
5198
7973
2889
7036
9539
3814
9158
2821
4374
8809
5997
7957
7687
3062
1606
9279
2399
952
3211
2307
1399
6852
9834
121
4248
8076
5868
3219
6392
3648
2180
8839
2826
5418
752
8233
3082
6933
8934
2249
293
3678
6950
8438
9470
8537
1083
570
9235
753
5027
6123
3973
4729
4248
6119
8568
6365
5719
3865
8724
7062
8883
5127
3988
7153
2482
8328
9038
5306
8478
611
8453
8537
3906
3049
4267
7755
8125
4928
5001
9360
3030
1428
4834
1940
7116
1931
5475
2579
8321
6044
9504
4159
6193
1487
9236
3649
364
7460
8487
7927
816
5297
8272
7396
3979
919
2635
5140
6116
8140
3372
3686
7399
2970
341
345
8818
4544
3100
5416
6607
956
8854
3175
5963
3386
9686
4155
4106
2436
2627
1120
5187
3514
3230
8313
5032
1400
4182
3436
6537
6542
1949
9678
350
2226
5335
7883
6809
4945
5507
1010
4055
5844
9322
4412
8851
3712
9471
2825
2301
566
8190
7321
1070
9680
4849
5265
6712
8116
3396
1124
3350
1357
7335
4945
8664
8916
5503
1379
4240
9544
2613
5017
6554
5256
5169
9341
8678
1682
3444
8130
4751
7840
4275
6628
1691
7746
331
7714
5419
3953
4637
172
4422
8065
1137
4999
1708
4731
4223
9049
8761
4471
283
7322
7570
799
7549
7338
9878
9769
7560
1606
3962
4390
4765
483
2904
7297
8668
8296
8486
9630
7829
8506
2234
8166
4625
8603
2334
5623
3023
5478
6195
7970
3682
8755
1338
7180
1768
3933
7312
4180
8757
3691
6504
8833
6059
5106
8319
8378
9698
7088
3184
638
1223
9202
7408
6890
5905
4469
4477
8518
1002
9377
4077
9
3112
7632
469
8341
1133
459
9854
4806
8596
5397
3794
9478
1055
9735
370
7686
3542
7724
3409
5792
7556
9066
6765
3569
3912
50
4358
979
3520
2008
1952
3780
826
8028
8207
5259
1304
3556
1156
826
1066
7500
5236
6728
7899
1699
5077
4153
8091
4774
3204
1841
2873
9747
8336
2361
4158
255
4781
8997
2656
9884
7077
2127
9931
3686
3215
6291
5955
3052
4815
8014
697
396
784
7399
9469
7212
341
9407
6423
9946
4088
6600
9449
3917
6310
484
6867
442
1904
8928
5153
5663
2481
4991
8916
497
9856
5323
9155
7454
6599
79
7368
2690
4715
5333
8938
2715
4445
2205
5970
4159
7917
3208
1757
8032
4969
738
3828
2190
194
6183
5285
406
575
8191
1837
3984
460
4282
1343
1036
2084
9601
9564
3418
4770
2761
5725
3381
3746
4280
9843
8269
2232
1243
609
4002
3362
2358
7894
6189
5264
8818
6995
5205
4120
6280
2260
958
2724
1068
3743
8318
9190
2450
2188
4415
1185
5554
1328
5148
6271
7373
3930
6940
5708
1595
9091
4004
3198
9699
8984
5360
503
1078
4092
6613
2825
3121
7833
292
6336
3110
3466
2302
9555
6217
7850
1404
4794
8660
2440
6906
5744
4851
5224
4458
2434
1721
2119
2026
8935
4074
5777
7571
814
451
4385
448
753
4078
9273
1492
5881
4255
4181
1587
3286
273
6270
6088
6662
4477
1185
8556
9223
5350
4462
6885
6674
3255
8213
9696
7286
5401
1319
8006
846
3244
3497
3981
7116
4857
3508
741
3846
1732
1775
2730
3345
35
2869
3571
4562
475
3962
5629
9827
7917
6393
5006
4287
6399
6348
5837
8408
4556
6234
6599
8081
2649
4468
1994
1800
7844
8658
4350
3538
5537
8043
2323
5132
3814
5762
5198
1253
5685
7698
392
641
1590
4362
7716
4607
8127
3602
1834
8584
797
8704
5311
3535
4877
1310
3960
3655
832
8570
4457
6362
6464
1889
3774
8076
6285
8399
9483
4661
4741
3089
4658
7443
5734
5202
7722
9495
9671
794
3383
3134
8674
7828
9514
3208
2987
3142
1014
1366
4182
8195
4666
140
7094
5435
9430
57
2970
8028
3560
2558
2603
1037
7355
5864
10
353
119
8769
6236
6046
8787
7262
6622
1407
6459
3530
2970
4474
713
4214
6024
8789
6521
2751
6567
2459
1882
8750
7949
5725
3069
9334
8295
3463
6839
2329
5573
4272
454
7156
2130
8763
5600
6874
7303
7849
6479
7193
9498
7259
5792
1096
8569
7240
1644
540
5809
439
8520
4715
1063
2492
1148
3861
9788
7232
3641
7621
8934
3038
4564
8918
7229
