2
131
260
389
3
132
261
390
4
133
262
391
5
134
263
392
6
135
264
393
7
136
265
394
8
137
266
395
9
138
267
396
10
139
268
397
11
140
269
398
12
141
270
399
13
142
271
400
14
143
272
401
15
144
273
402
16
145
274
403
17
146
275
404
18
147
276
405
19
148
277
406
20
149
278
407
21
150
279
408
22
151
280
409
23
152
281
410
24
153
282
411
25
154
283
412
26
155
284
413
27
156
285
414
28
157
286
415
29
158
287
416
30
159
288
417
31
160
289
418
32
161
290
419
33
162
291
420
34
163
292
421
35
164
293
422
36
165
294
423
37
166
295
424
38
167
296
425
39
168
297
426
40
169
298
427
41
170
299
428
42
171
300
429
43
172
301
430
44
173
302
431
45
174
303
432
46
175
304
433
47
176
305
434
48
177
306
435
49
178
307
436
50
179
308
437
51
180
309
438
52
181
310
439
53
182
311
440
54
183
312
441
55
184
313
442
56
185
314
443
57
186
315
444
58
187
316
445
59
188
317
446
60
189
318
447
61
190
319
448
62
191
320
449
63
192
321
450
64
193
322
451
65
194
323
452
66
195
324
453
67
196
325
454
68
197
326
455
69
198
327
456
70
199
328
457
71
200
329
458
72
201
330
459
73
202
331
460
74
203
332
461
75
204
333
462
76
205
334
463
77
206
335
464
78
207
336
465
79
208
337
466
80
209
338
467
81
210
339
468
82
211
340
469
83
212
341
470
84
213
342
471
85
214
343
472
86
215
344
473
87
216
345
474
88
217
346
475
89
218
347
476
90
219
348
477
91
220
349
478
92
221
350
479
93
222
351
480
94
223
352
481
95
224
353
482
96
225
354
483
97
226
355
484
98
227
356
485
99
228
357
486
100
229
358
487
101
230
359
488
102
231
360
489
103
232
361
490
104
233
362
491
105
234
363
492
106
235
364
493
107
236
365
494
108
237
366
495
109
238
367
496
110
239
368
497
111
240
369
498
112
241
370
499
113
242
371
500
114
243
372
1
115
244
373
2
116
245
374
3
117
246
375
4
118
247
376
5
119
248
377
6
120
249
378
7
121
250
379
8
122
251
380
9
123
252
381
10
124
253
382
11
125
254
383
12
126
255
384
13
127
256
385
14
128
257
386
15
129
258
387
16
130
259
388
17
131
260
389
18
132
261
390
19
133
262
391
20
134
263
392
21
135
264
393
22
136
265
394
23
137
266
395
24
138
267
396
25
139
268
397
26
140
269
398
27
141
270
399
28
142
271
400
29
143
272
401
30
144
273
402
31
145
274
403
32
146
275
404
33
147
276
405
34
148
277
406
35
149
278
407
36
150
279
408
37
151
280
409
38
152
281
410
39
153
282
411
40
154
283
412
41
155
284
413
42
156
285
414
43
157
286
415
44
158
287
416
45
159
288
417
46
160
289
418
47
161
290
419
48
162
291
420
49
163
292
421
50
164
293
422
51
165
294
423
52
166
295
424
53
167
296
425
54
168
297
426
55
169
298
427
56
170
299
428
57
171
300
429
58
172
301
430
59
173
302
431
60
174
303
432
61
175
304
433
62
176
305
434
63
177
306
435
64
178
307
436
65
179
308
437
66
180
309
438
67
181
310
439
68
182
311
440
69
183
312
441
70
184
313
442
71
185
314
443
72
186
315
444
73
187
316
445
74
188
317
446
75
189
318
447
76
190
319
448
77
191
320
449
78
192
321
450
79
193
322
451
80
194
323
452
81
195
324
453
82
196
325
454
83
197
326
455
84
198
327
456
85
199
328
457
86
200
329
458
87
201
330
459
88
202
331
460
89
203
332
461
90
204
333
462
91
205
334
463
92
206
335
464
93
207
336
465
94
208
337
466
95
209
338
467
96
210
339
468
97
211
340
469
98
212
341
470
99
213
342
471
100
214
343
472
101
215
344
473
102
216
345
474
103
217
346
475
104
218
347
476
105
219
348
477
106
220
349
478
107
221
350
479
108
222
351
480
109
223
352
481
110
224
353
482
111
225
354
483
112
226
355
484
113
227
356
485
114
228
357
486
115
229
358
487
116
230
359
488
117
231
360
489
118
232
361
490
119
233
362
491
120
234
363
492
121
235
364
493
122
236
365
494
123
237
366
495
124
238
367
496
125
239
368
497
126
240
369
498
127
241
370
499
128
242
371
500
129
243
372
1
130
244
373
2
131
245
374
3
132
246
375
4
133
247
376
5
134
248
377
6
135
249
378
7
136
250
379
8
137
251
380
9
138
