6206
2044
3045
5499
7081
5541
4020
2454
5778
7359
212
2088
9719
9191
364
8239
2330
7577
3778
2337
8863
7242
6467
7928
1691
4201
6343
3615
6083
1050
506
9901
2283
380
3948
6227
6480
4049
3748
1998
5167
7223
3158
7700
9373
8002
3247
2699
756
3091
9363
3350
1751
5001
9449
3353
2436
1340
8193
7923
4947
7012
9006
8391
1123
4492
8996
7894
7207
740
7771
7584
1560
5810
8043
1951
8402
118
4467
4082
2881
1537
8412
606
2076
9075
7278
5172
2778
9234
8140
8949
2997
2388
4367
8902
8698
4377
4881
9494
9807
3419
3958
8647
6821
5328
5104
9881
3987
9756
556
5478
2728
376
3156
2782
6130
6592
8333
7105
7643
3339
6052
2387
7956
7837
347
7607
7882
1494
5715
6303
1669
5889
1995
2691
347
8388
4561
3797
1104
3767
9122
4235
215
4023
8126
8741
8674
2306
3821
2981
281
1924
9032
5744
3661
3065
6665
3403
6513
9667
4658
6458
5919
1600
1566
6806
7383
4584
6794
2166
5410
8071
8634
6503
7938
8580
4680
6678
4442
9325
4549
9430
4335
2048
2346
8413
5751
3211
9387
9119
3624
7922
3269
4661
905
6118
2453
5289
1208
5067
7075
7774
4763
7876
6225
1736
6729
7448
4156
939
1280
3442
6650
306
6553
5849
6969
2156
187
2780
3781
185
3547
6164
8260
5022
9330
8048
831
7293
1959
4691
5214
2880
3720
5570
239
1948
419
9307
3125
951
6292
8385
6930
7449
2225
8237
8371
3007
7621
6933
3786
6470
2701
4654
5343
7807
3839
7141
7304
4736
3679
2545
5374
8411
6444
1770
9885
8456
9433
3873
7799
4873
3015
2558
3124
4084
5782
1136
2963
7414
4231
4737
963
5287
7695
781
5534
4601
8073
2157
4942
7327
3863
7243
8939
1587
4145
8430
8206
6454
8582
2832
1826
9042
8642
6967
2914
5549
4615
9292
1955
6338
3365
6018
9860
6263
9236
5440
1471
183
5984
6382
7436
987
9673
7586
9101
1534
5877
3250
7597
2301
9964
9510
9051
3807
6518
7835
9886
5958
4188
2247
8988
6202
1670
468
6419
1205
1086
3898
5885
7414
5747
4129
2163
2510
7331
693
1840
5006
2131
6946
9974
9831
8328
6627
8735
6890
9472
185
6491
9142
9014
5648
3720
9026
8862
5226
3871
1965
6970
6006
3926
5075
1506
3692
7808
1492
1938
2664
4695
5510
7179
4976
4569
6281
944
2657
7277
82
1615
1052
8955
7162
5894
959
7419
9572
3857
5671
6232
2114
7864
8693
6045
8405
3179
3270
9901
3425
8842
4993
2907
6479
8658
3673
6612
2822
427
5966
8073
5243
6567
249
4818
8699
7257
9550
4322
7227
4420
7708
4994
8187
8749
7826
9709
3333
1875
3158
2172
7133
5734
9033
9938
1418
9362
8961
7990
6648
7628
8141
4504
9659
4437
2086
7864
6717
694
9645
3775
4276
3722
744
219
8910
3982
9799
3158
9488
7865
8482
7282
8046
9791
9963
9218
1821
2996
2216
4925
9076
89
4116
2905
5289
3520
4483
8447
8887
7481
316
7909
6259
8817
9199
9019
8477
1540
9500
4563
6713
1196
664
6294
4037
7292
4117
6378
4168
5863
3618
3885
8075
7140
9869
637
6814
6818
455
7411
6094
8417
4868
1786
9525
410
2917
9273
7600
32
7064
4989
8405
8020
7807
7578
2743
9966
1905
6588
9347
8587
2087
6337
4566
8828
3657
1579
8970
6422
2655
1076
9981
781
4621
8832
2461
7105
6927
8154
8613
2592
2375
589
9527
5794
6604
1869
5955
1258
4817
5307
4533
7499
3870
4620
2702
3080
4536
9005
4878
3731
3637
2194
696
7469
8012
9461
2291
2836
6828
2719
6426
8570
7842
2019
6027
4142
2219
4921
9044
4667
4091
6656
7519
6881
6238
7853
3842
7927
8071
6088
4630
4415
520
4842
4875
9887
1056
5842
5138
3440
5513
2699
1415
3612
1144
1070
4745
844
2805
6731
3762
5023
6517
7440
4819
3189
2150
4164
6450
9190
9610
5017
580
4571
6290
4177
5480
6997
1466
9959
7046
672
4129
4947
5984
6780
9856
5774
6825
7465
467
5481
2329
3248
9926
6996
1751
8379
1904
3470
1492
3619
7773
5826
1453
8287
2083
6459
8901
6260
9262
6678
4359
4803
4721
8772
9684
1802
3990
8262
2606
620
6375
7186
4742
5280
6110
3667
4424
721
9926
3094
211
5374
7048
1770
8214
5138
7697
2070
1995
7086
8989
4941
3341
7151
8088
5741
1862
6268
172
3746
570
1725
8454
9963
2278
8626
1561
3966
8310
8033
9358
5545
3077
7395
648
9148
4492
2780
5100
4824
3492
5403
2161
7161
112
1063
6619
7822
2739
7902
9352
1047
6283
2429
2602
9708
6629
7572
2911
7094
5975
1370
3744
7102
5666
5896
7542
9716
9506
8278
8112
8038
1385
8379
5553
3487
2922
5935
3119
3064
9768
3271
8375
1798
7425
5697
3332
8690
5123
9894
1814
8667
7905
2342
225
982
84
1071
9381
9883
730
7310
9090
9876
4337
6532
9630
7220
7275
841
5392
8671
8678
3521
9340
4745
219
9512
1647
549
3560
2627
928
7471
1372
6922
1524
1053
6607
9027
6105
4019
3292
1590
8437
8127
743
2665
176
1693
4245
8866
1550
556
9231
9788
6656
5312
594
425
9342
2826
7058
549
2661
9457
2325
5263
9037
6028
9860
3806
9794
7588
2397
4632
1851
2020
9971
7951
9369
8758
6390
6867
8505
3623
5252
7836
2349
7825
7247
2337
5548
9720
6305
7246
2205
674
5739
1604
2764
4211
8124
7842
4856
7381
3927
7271
5034
8838
7553
9947
7413
9193
440
5597
5130
2064
7700
5266
3326
8942
7074
3830
4979
3018
4904
8358
58
8843
3493
2723
3448
3735
1576
7010
3592
3324
9259
9712
609
6629
7966
3952
7570
5495
5484
756
8303
1422
1831
258
9947
9404
7890
7069
3504
9743
3318
7415
9790
6107
7048
3234
251
6450
5723
8148
1448
9604
1367
8091
3729
4225
6086
7666
650
9474
2375
2507
978
2627
5305
5764
4320
2047
5533
253
1955
5584
4136
