4991
2926
9634
1539
3234
1163
6387
4416
5926
2763
4625
7709
7295
3276
8110
99
2004
7827
1275
7070
6143
419
390
9238
906
1535
3480
1989
7756
1937
6018
9081
3214
6694
373
7138
4264
2845
6373
2876
6502
3768
1000
5459
6403
4771
3065
3685
9819
3091
9702
8143
2354
6657
5564
9612
2761
3703
9278
5555
7431
4100
7974
7784
9754
7589
6745
1765
5944
9687
4138
2917
5477
8840
6301
4852
6920
583
6359
4719
3495
8065
999
9141
5947
4594
4813
695
4069
3972
2217
2156
4779
5430
728
1289
2696
4125
2312
6657
2686
2645
6235
1357
8143
6745
5363
1235
6342
6431
5360
6635
4310
6834
3824
6550
8817
1678
2869
5603
3310
3584
3090
4649
3101
853
648
9749
4755
5264
8151
3399
9850
4196
7873
5989
404
9506
1049
1174
4766
8944
2654
4916
6810
4243
70
5057
8964
7970
6694
6556
6681
5997
5868
8412
3997
6606
5754
2486
510
3120
6959
7742
5633
858
683
3840
4354
1214
3045
1054
5503
5970
4259
1379
4544
3512
136
8367
3227
9110
4581
9416
7119
7695
6114
6920
2036
5827
2398
5200
3682
3255
9210
2872
1629
5774
7175
2165
6211
7763
3031
1244
622
9279
1732
6610
6997
6724
3053
3786
5835
8408
7282
5885
3746
5301
9470
7432
9833
3350
1351
4735
5573
918
3358
4715
4683
4725
9693
3552
5886
1410
7103
8202
7641
5512
8185
7439
9066
2614
2202
8592
7226
5950
7736
9326
5981
5363
9473
7708
122
9907
3352
4114
855
5685
1273
4222
6040
3797
1781
3893
3647
9952
2615
855
4663
9807
7055
7160
3740
1332
8925
338
257
3029
7813
8496
9113
1247
4001
4301
5799
3389
8585
9323
1011
1562
6367
5499
4927
6564
1847
905
5552
9069
3216
2703
9951
6552
8482
973
1315
9509
1601
5015
851
2498
8801
6612
5196
4253
6845
870
8133
7543
5467
9527
4401
470
9420
6026
5352
4981
107
7221
1756
4687
1471
2319
5277
6186
2231
3822
8015
7003
4860
5109
2262
8636
6714
9363
5385
261
4829
3897
7507
9634
2470
6231
8196
5753
3717
2070
1073
9526
3982
5749
24
8658
4974
6085
9762
5597
3847
2228
6881
4615
70
6858
9755
5423
5849
2281
5759
2374
3005
4895
4873
1940
9044
2541
6589
6246
6865
9350
7216
6301
3087
9887
1359
2409
4396
9440
7622
9850
630
5311
9535
5644
4770
6675
6235
3635
1124
8529
9864
5129
1503
7978
6332
1665
2177
9169
884
1353
6862
1617
2985
9216
7586
1196
523
5413
1333
3489
8262
5340
9399
4426
2851
994
2104
9735
4690
6244
7643
4872
5620
3025
2104
2267
6641
4118
4269
2452
1401
8195
531
311
5017
6359
3912
3264
2713
8756
6167
3444
4765
650
2028
6578
8743
5583
7938
740
4070
3934
2499
9090
7805
1546
8028
3287
5043
7537
13
7056
6084
2857
5861
604
1457
365
357
1194
4153
6157
7840
461
5633
106
8364
2201
4523
9637
9599
9912
5630
6189
6079
5104
7317
8784
1233
9704
7569
2646
912
1018
9243
7472
487
3501
4406
3548
1981
2754
7405
6415
41
6172
76
5480
2194
1242
4338
6147
2790
839
2102
5368
2801
6593
7318
4103
146
6002
3472
7959
9727
1445
1154
4328
4892
2117
8071
2020
9972
3213
9594
7104
7700
5625
388
778
2424
5224
7689
8602
486
3720
7686
909
3151
7554
7541
3347
2438
9074
6323
1429
1971
8919
8534
3539
567
5319
1447
9326
8051
1846
6857
2323
5745
5854
4771
6677
7582
4569
2233
9076
3136
6737
245
8406
5813
5815
718
7953
3004
3719
7818
396
1036
2916
9960
5746
5446
9892
1261
9390
7432
3712
8216
9124
3395
3706
8332
6788
2914
6810
1137
7982
5529
9072
3965
552
6430
2430
425
3645
1779
8415
9699
5466
5701
3691
776
1858
5407
8622
7373
8064
2569
1327
1422
6090
3867
1224
2466
9759
1454
8630
6416
3369
6911
192
169
5515
6319
8814
7843
1208
1914
5239
4165
6278
4646
8810
5578
4980
1755
9000
2612
7646
4265
6164
8474
9157
2917
5062
8653
6775
982
5584
7935
3465
1677
7578
8688
9223
5268
3093
2618
1881
1882
9862
6045
5021
186
2197
3344
855
7459
4313
2169
9092
5491
8880
6555
8334
2483
760
1601
384
8102
2824
4239
289
7339
3720
1495
50
6224
4849
53
2545
4972
2409
8143
6532
9642
3433
3539
3196
6532
4199
8457
9214
4096
2284
9527
9562
434
8238
3682
8051
3238
2738
982
185
9223
4246
1057
8755
4073
6436
4020
4053
3418
643
2886
5038
7166
5581
7101
3217
2904
9236
7678
9962
5748
5335
2484
7574
5277
8194
9565
1923
9292
3765
1029
4875
1794
8922
1524
657
6849
2730
4649
15
7388
9720
7516
5350
7241
5954
2124
9916
3859
2104
2829
262
9472
7453
2434
7997
9291
538
1343
1396
8653
4366
4744
7410
1045
5720
8950
8033
6732
5980
1295
7098
5334
8408
4754
4441
3451
9654
6964
2373
6304
7201
5784
6317
9742
207
4790
9306
8713
2751
5288
7345
7967
4040
5833
8087
1745
1742
127
522
8085
2946
1049
2078
12
6471
5917
187
976
8837
2522
7378
4687
131
9673
9673
452
1885
6834
9589
3292
8782
7369
466
6493
1702
984
6941
6445
4642
1402
86
5892
1477
2163
9623
8603
8149
1877
3786
5083
8150
4059
6299
7435
841
2247
2842
3792
4138
7481
376
6281
1304
9971
2903
920
5545
4122
5360
8882
7493
3566
7690
8696
9810
7716
8140
4808
4293
3195
2337
6490
8407
9153
2276
26
4828
64
7889
9447
5429
3500
6886
2041
6387
1708
4644
429
9573
2952
2089
2546
3398
5991
2834
9263
6850
4893
1773
8950
7043
4571
6794
2881
1387
2618
6324
4790
9859
6106
8971
405
8637
2241
3235
8115
2498
5768
458
7909
8980
8230
5426
6463
311
939
8642
2006
5848
7110
7950
6830
4968
2875
3866
2855
647
8956
422
3269
4827
8713
7843
7941
7248
