5106
5738
6201
3544
7413
6525
3946
9518
2954
402
5756
5875
1190
9625
2879
2632
5161
3693
7889
1149
4074
7172
8873
991
4255
6067
3287
1314
574
1184
8162
5202
3478
5808
4045
9168
3771
4771
2933
998
127
9628
1240
5971
1381
3967
7195
3232
4366
1001
1793
7874
7742
8370
6944
4504
2383
9634
8985
346
2483
6368
4432
2682
4927
1800
4050
3085
9558
3713
5964
3199
6504
1884
1296
4687
4896
3778
8614
8176
3795
7878
8502
2512
9311
1496
3452
6794
3627
885
4473
9440
3491
3239
869
5145
7731
2912
1494
9197
4042
8256
2266
6777
8580
2849
9244
7496
5401
354
8081
7153
7096
7969
4124
6045
4049
9467
3760
4205
2499
5438
9642
991
2703
3439
4308
5578
8158
3767
9685
3118
5793
5554
9418
4096
1653
9467
2025
6746
7915
3156
3750
1824
8086
3806
9016
6980
7932
6293
6074
2284
9229
9287
9426
8255
579
7896
1308
4781
6581
7732
1629
9676
9586
1904
7719
156
9939
830
9115
4622
845
5866
3046
5255
6604
2500
9961
1464
2263
1613
1628
3212
5649
9650
7918
5752
2362
248
679
8015
1318
9535
5659
3599
5181
2051
7882
4235
7126
7103
1603
2918
688
4149
2838
3695
677
8189
2123
5208
4593
2985
3911
5489
1236
2426
1847
4521
1003
2294
6720
2392
698
104
2967
4978
7024
335
654
8888
9734
1931
934
5146
3221
5132
660
8711
7613
6657
3911
9402
5613
5722
4226
6768
8633
6166
419
371
9379
4373
8048
1538
640
3756
8110
2724
2932
3414
8393
479
6950
3887
9501
3183
373
6482
7673
863
6699
8315
433
9699
5955
2645
5943
3682
6509
4509
7817
1867
1108
7988
812
3244
5847
7409
507
6665
4164
8563
2286
8383
8071
9699
6688
1159
8382
6267
161
37
3546
7548
7215
1978
5781
6587
5752
5088
7189
3088
7304
9498
9161
8159
5633
5964
4351
6537
1912
3147
2673
9547
1885
4047
8761
1825
4504
1639
9820
4223
3791
930
7955
3465
4353
3993
2780
7738
9065
3570
4503
5970
1961
9475
4121
3627
6337
6850
9668
5038
2174
9734
1130
2779
8717
2034
5095
1428
1814
8655
3499
706
2625
2571
3181
4388
2832
2631
7180
2202
2442
5403
7984
9389
6220
3247
4728
5873
6439
8169
9239
3489
2729
5493
1325
9610
5758
2470
619
8803
8544
9673
4004
7109
6501
9851
3658
3636
604
1346
1736
3653
467
6152
2264
3100
8102
7175
2895
9479
2847
2983
1133
4186
5249
2289
7414
8415
623
8241
4686
8992
2637
1231
7142
1448
1143
1173
9649
7653
3642
5945
2875
1144
4804
8222
8335
6682
3937
9416
2045
1003
6323
8380
9096
7791
9927
8709
8874
2229
6243
7566
9668
3732
3255
8981
4077
2617
5671
8405
5419
9686
4181
6818
2130
9350
1157
7685
5030
2710
7696
5222
8537
7093
2605
1643
916
290
730
628
9496
8940
9681
9209
7898
9585
9003
3983
5903
6927
592
8688
981
8132
1600
8745
8781
2598
2320
4752
651
7434
6083
2708
9194
9589
7519
457
5552
3888
3362
3975
2286
6692
7795
3203
1774
4152
782
2125
465
8651
8952
199
5995
2957
9953
5201
2557
4254
123
3982
1703
1833
5146
6991
2147
5967
8826
2902
8056
7184
5691
9863
4678
2517
412
7879
935
5027
8141
8884
2897
4704
2118
333
9641
1719
1201
5370
6083
1560
9399
481
5444
7458
4466
4477
2037
7760
4419
4003
1503
2783
7951
4468
6420
366
5322
9067
206
1527
680
6406
4819
2006
5744
1303
1031
2818
9843
9048
5503
4196
4642
5652
8559
5179
2088
3353
4595
2616
9701
9495
5427
7851
8616
7167
9001
6261
7219
4872
547
9184
7836
1867
1675
9739
2421
3724
2783
709
3123
1512
326
1186
1526
6847
6298
7561
4795
5611
3558
4693
3132
8772
7978
6040
1582
5841
6727
1
6885
370
3782
7453
1977
9344
7501
1235
1013
6075
5953
6553
1764
4814
2874
3745
3671
2480
9918
4459
3286
8293
2202
1507
5322
5592
6113
5207
5434
2426
4751
3726
3021
6906
8038
4061
3780
2125
5140
6695
2460
8614
488
4796
3466
5405
644
1097
6593
2934
3781
4520
2058
9292
3366
4710
3668
3118
5827
1468
8558
4017
7855
9230
8398
5989
631
2265
5599
749
7066
9054
2714
895
5270
6214
7114
1385
2172
7450
2270
190
9610
8551
415
822
3517
1206
3069
1405
3194
6631
5664
2540
2175
2278
8058
8985
1871
3413
3173
305
5084
3798
5150
3320
6438
9040
2248
7884
8628
460
5140
6299
1164
4349
5478
8145
6094
3384
8748
8923
8899
4498
4417
3787
5149
1531
3176
5407
36
8629
7268
4332
486
1366
7173
2160
7431
5186
8049
915
9565
6337
2659
2499
5944
9614
8206
675
858
3450
5602
6396
9900
9540
5022
480
2535
3468
8786
879
9140
9481
3066
7261
1100
3003
1495
2893
3111
9154
9750
4176
8171
7010
7215
2467
9000
6583
3866
1074
9000
554
5617
4766
1386
4029
7991
1441
3034
4681
6391
9714
3348
21
5514
1872
850
7526
959
6299
1254
6510
4491
5930
296
3898
5998
1558
6464
8691
4011
5522
4773
6344
3708
4584
4561
6542
5875
7670
8175
4310
3287
7744
658
2713
8288
8669
279
3933
8523
6800
3157
1659
4261
9109
5590
1658
3249
8563
1085
265
7803
3803
2877
3541
2056
4234
3489
3300
6436
2958
6483
2439
4301
4405
9139
390
2908
5821
9309
8662
3270
5823
6453
7797
3237
7243
2468
2768
3692
1670
5659
9823
7706
5412
9024
6640
2884
5450
7021
1693
6723
4031
6232
6912
8642
505
5062
4005
7576
4125
8890
5483
6515
2668
2427
8742
9613
9328
785
9960
3673
1086
44
4840
9348
5144
1593
6952
3507
3247
4005
4935
4068
4762
4823
3556
511
6280
2267
7455
8516
339
2518
7797
4036
8345
6916
6566
7237
313
9702
4515
8059
2058
532
8127
2108
9431
5523
3208
5490
6296
8483
8505
2490
6963
8593
7498
2499
1530
