1282
5546
3865
6230
1500
4351
2879
2465
776
4188
9468
2551
5864
4181
5477
8391
6602
9802
9329
5132
3496
1382
4954
6297
9352
1387
8968
8367
1777
7789
6027
720
6005
8937
9687
6865
1997
5927
7133
7734
2422
7734
3839
21
1071
9453
7923
7635
4410
2515
7438
9969
2820
9915
2477
8504
636
131
8809
3734
8544
4184
6030
648
8472
7566
65
7483
8468
6433
6832
2966
2212
3677
4077
6178
6981
6420
3541
9410
1039
6670
2488
7748
5700
7755
109
6080
4941
4612
3626
8168
2176
1950
6482
8335
4221
1134
8462
3852
2406
7811
1755
1592
6089
6125
7910
724
8050
6100
1813
6895
4818
8148
4936
6519
5107
5147
709
1851
7635
1980
7401
6874
9930
7937
8709
4182
7433
5516
9292
3744
4562
7185
8852
5123
8144
3165
7125
1837
1632
724
9770
7804
3826
469
1754
7139
1262
861
2717
717
1675
4135
7989
4341
4456
8772
7171
3179
1117
4426
3097
3119
6115
2628
1530
1269
9077
2322
6664
6504
8583
8688
3740
2794
7775
2711
5895
611
4289
5172
1651
2832
787
2710
8508
1744
2141
5352
4585
1141
8031
8194
3388
241
7156
6835
5858
3301
267
3605
7059
2054
4604
6462
1363
6416
190
6483
3722
5452
2781
4377
8973
7180
3611
4505
4585
3354
8803
7631
3159
7531
6398
8548
3883
4963
490
7092
726
8547
3345
1740
2624
4895
2978
5104
9027
9790
996
4759
7210
5228
161
2958
5508
7870
5690
5978
335
7554
3348
2247
3546
8469
6360
1201
762
5318
3590
1616
1804
86
7118
2133
7960
5512
7902
6864
3298
5099
4037
5180
4999
3651
1396
7944
9150
1566
6189
367
4880
3886
2158
1720
6722
2997
6809
16
4101
7922
1822
7048
1737
6501
2456
7025
4387
9161
2945
6252
8843
7252
5013
4212
2812
5602
6471
3979
908
2650
373
6732
5567
2677
8917
1540
4937
4657
2838
3337
6769
1914
2639
7090
3779
2105
6216
8057
7076
8710
4131
2786
366
8027
8827
7442
8736
341
6939
7519
7775
2323
1098
2139
8550
7296
3758
5656
4787
5264
2965
9360
7535
2994
7042
5167
2526
5493
942
2151
6434
6132
6990
2941
6181
6034
9238
3239
7909
9614
6214
1677
4191
7818
5684
6904
6105
4893
501
2443
3586
1613
1487
1586
2086
189
2125
7918
4148
317
2965
5502
6775
4458
3354
264
1268
1557
7059
5437
4143
1938
4330
406
1440
8378
6449
3169
2550
8030
1655
2742
1509
554
1884
9703
9678
4362
5374
6440
2599
5237
2610
7010
1131
7098
6086
4452
8650
9064
3693
391
9833
8427
3860
8576
5673
3008
8750
3969
4591
4683
3016
2855
6869
3558
5069
369
48
252
2230
675
1631
8290
2263
5410
9293
9797
2242
9709
2830
6625
2848
142
856
1038
5006
2515
6244
7303
7447
9905
2196
5333
1628
5375
8177
9597
6127
1246
719
4944
227
5317
2668
2740
9240
6307
8472
1451
4376
9068
9009
6847
3139
8386
2039
7725
6080
5249
2162
4664
9604
9212
9462
7840
2636
3931
5492
995
4199
9849
4747
6470
6763
4826
2922
7471
5302
5944
7376
808
2253
7126
5358
8374
2894
3984
1751
6701
8664
3721
3350
5677
1456
9307
1884
7742
9732
1888
4718
8332
479
3504
5168
1366
357
2303
4373
2988
3151
8906
4340
6798
283
5294
9853
5716
6093
6012
4843
2238
9893
3683
8227
2616
3446
1643
131
6526
3067
1328
321
9817
7342
4769
126
5113
3065
4968
3602
6579
4113
7383
1006
5388
4337
9121
1539
4353
845
7536
2418
4324
4648
2323
1179
4078
9514
1017
521
9400
5462
5823
8026
8207
7462
507
4011
5754
131
266
1030
2443
5459
3297
1369
5980
9207
487
4759
9105
7103
9988
5087
5095
8837
7544
3069
1959
3439
8375
8920
1805
106
2096
8102
9584
9433
7690
7463
6032
2098
7812
7329
7273
1316
7200
3341
7542
8401
8226
1436
7991
7183
3624
9862
2580
6364
5892
7126
5346
8437
4374
6835
1945
3883
7156
1847
820
4944
8532
9794
8816
5192
8470
6744
4571
6631
7687
1904
590
7471
5112
8039
8199
2056
3364
4949
2021
988
6595
6753
925
3571
7248
7096
3233
2494
3516
8368
2729
9139
5002
6541
9821
6043
2983
6572
5801
6472
2271
8617
8708
7254
6982
1877
4096
2142
2117
5325
5933
8513
9573
4192
1843
3509
6305
9622
1816
2225
3573
8426
15
5075
4298
5059
232
3272
7960
5112
9744
7652
3344
4055
4275
8848
1069
7640
1854
1813
1003
7687
7825
5804
715
4594
8396
10
7741
8589
8385
3861
2275
6486
9414
3044
3782
8134
6557
4115
7957
4691
5135
5664
9662
7790
4617
2650
5739
9562
9024
9899
6756
7474
2490
8616
2797
3562
6474
5332
8957
2495
1353
6933
9926
6549
7519
1096
5913
9099
9870
9723
8541
1967
7223
9494
9378
9886
6562
6274
9865
7606
5177
941
1372
1198
9301
684
2588
4441
1320
4023
299
4423
1819
1477
2712
724
6573
7249
4164
1063
6992
6691
4477
8201
3721
7362
8746
2936
5265
2326
6448
6837
6070
8624
3492
710
8426
202
936
7929
9278
1402
3260
9504
9247
4170
731
6033
6941
4489
3047
5594
5692
2056
5338
1632
1207
692
8465
1918
6200
1015
1992
185
8017
5810
245
4323
7287
6294
4598
1975
3238
8660
6941
4288
4365
4542
9662
7886
7793
6819
5481
3910
981
430
3947
9992
6600
1032
2396
7674
3094
5048
5457
4478
6348
8282
4759
8326
2295
9067
7500
799
2172
4570
7901
5398
9915
2853
4902
8556
2275
9524
277
4366
9282
342
9650
9657
3972
8313
8998
4180
8263
8395
7584
9664
7136
23
7922
4860
8923
579
8862
4688
4071
6319
1841
1620
9533
8405
5613
8099
937
6549
6092
2249
6134
7349
3806
9898
4934
7284
2198
9621
7314
8488
7583
4770
6256
9977
6269
203
5507
9499
4631
8904
674
9680
5349
3160
5004
5033
7878
6995
442
4390
7961
516
2118
11
808
1228
1508
