23
36
25
39
34
49
48
19
40
9
36
29
41
25
31
28
47
7
31
15
10
22
8
9
27
8
48
30
5
34
44
14
35
5
2
3
37
42
6
21
29
2
15
41
43
39
7
23
17
36
44
16
30
38
50
30
31
4
7
21
35
33
24
30
31
20
30
8
1
13
45
50
29
40
27
23
16
21
28
47
15
34
41
43
48
34
1
14
50
41
28
45
42
6
3
3
4
39
8
4
38
19
7
37
44
5
7
49
23
16
50
34
24
46
48
20
2
38
40
16
42
46
35
17
38
8
15
17
42
32
15
26
44
1
43
19
16
17
3
1
4
8
16
30
34
50
26
11
36
25
44
18
47
8
41
1
2
49
28
49
10
43
4
49
9
23
3
47
26
31
12
37
36
9
21
37
50
31
32
6
39
17
32
33
30
38
36
28
11
47
15
5
45
36
42
47
10
19
16
26
29
8
1
1
21
40
45
13
2
5
17
14
22
18
28
13
15
6
17
47
33
16
9
34
12
11
46
16
25
39
46
30
36
19
36
22
45
47
13
22
45
33
15
20
2
3
12
7
29
14
24
9
9
29
31
10
25
9
50
33
26
19
13
19
19
48
35
43
27
9
24
30
46
35
29
21
1
12
23
4
6
6
13
39
8
14
6
36
26
44
20
38
42
25
24
16
37
17
49
23
11
21
11
7
10
4
40
15
47
42
3
16
33
49
20
41
29
16
11
35
39
43
30
38
18
24
20
39
29
33
27
41
49
31
25
48
48
12
3
30
50
35
25
42
8
7
29
38
48
18
6
23
39
16
46
37
6
11
18
27
1
2
13
13
33
40
22
35
34
11
1
15
38
3
32
15
30
46
28
20
47
47
25
47
37
37
22
2
4
16
8
50
25
35
3
8
39
28
46
44
17
41
29
9
45
41
49
34
38
7
48
48
46
34
41
15
3
23
28
27
4
10
36
48
20
16
50
12
6
37
44
15
4
43
38
20
7
32
16
10
35
10
12
41
32
6
12
2
41
43
39
29
9
7
26
45
4
30
43
17
32
22
34
31
37
22
44
41
11
20
24
3
43
6
45
44
1
12
27
43
16
43
41
23
14
39
13
37
35
45
27
36
27
6
1
27
26
6
42
46
25
30
10
12
31
47
11
5
39
1
36
50
16
23
20
10
32
11
40
17
3
9
38
20
23
40
12
7
28
44
48
27
26
28
34
9
32
7
15
29
9
46
28
7
10
26
5
38
30
34
16
41
19
36
12
48
4
41
3
34
14
36
12
46
31
25
29
39
21
14
47
8
30
11
23
31
25
47
24
24
12
14
12
32
2
21
4
2
5
17
24
38
5
40
24
38
43
20
27
33
30
2
42
13
34
34
45
33
48
47
16
27
10
18
43
47
43
17
5
29
21
19
7
49
40
30
11
7
19
17
48
44
22
9
7
38
15
42
38
5
49
12
2
46
31
31
30
49
34
20
50
44
22
17
15
5
7
50
35
9
39
28
40
18
43
20
4
9
41
19
5
30
7
34
44
30
43
31
38
20
36
17
35
31
11
5
49
30
35
30
34
28
27
10
8
4
25
12
2
20
43
16
32
30
40
49
1
17
31
34
48
34
1
32
48
5
49
18
48
33
42
28
2
39
32
34
41
29
12
32
48
44
10
17
28
8
37
14
11
28
39
8
29
49
36
22
4
47
31
22
21
40
13
19
50
5
47
29
15
47
9
32
42
47
29
41
20
27
31
2
39
5
1
50
19
28
41
8
41
48
41
20
46
47
30
39
27
31
1
36
50
22
2
6
10
41
31
16
15
29
5
42
48
48
37
5
48
41
44
24
37
21
30
16
16
50
19
24
31
31
37
47
18
26
43
20
26
8
25
36
21
47
11
15
6
33
15
40
5
42
15
36
44
5
23
7
15
37
21
46
9
6
50
24
31
49
45
5
6
18
5
38
19
41
28
32
46
10
8
45
45
2
13
22
41
28
9
17
5
26
44
23
48
22
38
18
45
15
49
24
48
31
1
40
41
35
6
41
10
24
44
4
44
11
42
23
46
17
18
5
26
12
25
7
1
15
12
45
10
41
46
22
26
30
17
40
39
17
34
42
25
28
35
14
5
28
11
2
43
39
7
7
12
26
40
45
18
35
1
27
3
5
8
41
2
2
37
15
38
13
17
46
41
25
30
8
8
1
48
2
29
30
23
34
2
6
33
26
20
13
15
24
14
10
47
38
13
20
22
34
13
6
28
27
5
18
40
25
9
31
