684.60
677.48
978.17
691.43
588.96
785.79
106.43
805.18
296.93
722.29
757.94
636.43
375.89
129.66
554.95
564.32
103.75
782.75
992.36
454.17
32.10
328.00
404.08
400.43
973.53
622.96
733.67
338.60
686.31
515.18
399.82
664.75
759.84
513.36
918.00
362.33
1.47
55.57
88.64
551.87
663.36
394.50
131.86
672.78
806.53
86.42
215.03
915.67
151.41
450.98
406.72
843.79
899.58
456.41
704.11
968.25
691.69
952.95
439.08
147.50
675.42
348.52
655.73
47.75
509.33
978.12
818.32
338.17
545.97
435.79
816.44
713.04
178.15
472.25
198.57
990.90
773.29
774.93
365.94
791.58
458.45
114.87
766.96
345.31
612.37
553.39
344.95
598.48
812.12
125.91
498.80
942.49
383.53
662.83
432.72
156.77
686.48
300.47
305.66
619.14
537.35
529.69
515.49
612.17
120.64
794.52
967.03
217.99
654.12
891.11
927.75
476.96
388.05
634.55
683.42
825.82
562.80
592.23
657.12
483.30
100.95
559.79
52.62
502.77
639.74
68.96
422.84
8.05
707.60
608.14
330.44
410.75
612.70
107.11
297.95
910.58
599.94
446.57
179.37
920.39
631.79
220.99
124.27
890.15
767.36
71.69
292.42
856.67
606.47
286.89
840.17
21.90
698.12
143.20
413.36
484.43
173.79
70.75
511.59
85.23
127.19
138.69
481.81
75.05
803.60
738.27
577.55
745.07
977.57
582.00
676.41
989.56
347.23
979.72
803.55
921.12
873.70
128.51
325.55
141.59
403.06
191.05
374.87
945.14
950.77
673.50
77.08
979.05
481.06
495.01
118.96
591.04
791.59
719.24
557.35
982.27
620.19
64.12
936.67
517.95
131.57
743.81
806.78
210.88
76.44
232.80
815.42
645.34
306.57
874.00
73.70
134.86
142.45
781.79
833.21
831.10
321.73
17.37
504.18
456.47
684.52
313.00
104.16
679.30
592.45
507.53
813.23
694.67
79.17
222.57
663.91
709.07
354.79
82.99
524.63
389.95
686.46
42.40
506.15
598.69
413.92
948.30
111.06
763.32
154.03
578.97
624.26
581.06
758.40
387.46
771.68
814.97
44.41
335.97
581.79
42.80
234.55
215.55
663.43
542.21
252.98
283.35
187.39
925.23
83.19
761.50
523.60
137.95
75.33
559.77
621.48
819.50
257.72
972.41
700.23
748.72
501.19
187.29
159.54
346.45
862.16
895.21
907.87
891.37
354.87
460.72
224.81
397.50
636.34
827.85
715.31
403.09
628.51
177.39
574.49
343.55
66.57
281.27
220.17
319.86
487.52
55.94
299.57
177.05
892.12
935.71
268.38
405.62
214.31
665.86
390.57
88.49
918.88
114.27
631.59
858.42
961.94
534.66
265.29
380.27
870.01
89.82
405.70
646.67
551.92
567.94
85.44
682.80
410.13
184.01
979.74
114.38
632.41
757.13
973.75
358.37
275.06
733.83
920.19
212.30
889.97
754.79
624.96
402.46
38.15
112.56
983.49
97.92
662.40
171.03
610.38
109.48
98.96
176.01
331.70
684.63
178.82
607.75
898.21
445.65
692.47
180.53
378.77
565.36
616.59
495.39
468.55
906.68
925.23
962.19
787.97
737.30
316.90
630.45
755.02
533.75
924.86
736.71
371.74
327.22
227.34
14.58
539.62
576.49
977.56
390.73
735.90
861.09
929.83
362.64
186.63
22.52
128.01
820.56
997.87
146.77
400.94
454.56
602.53
60.58
365.82
674.97
747.98
99.44
252.79
118.50
910.54
866.18
593.38
93.05
771.53
154.00
147.16
55.86
10.89
429.24
718.15
94.41
635.08
703.17
154.25
362.75
989.12
906.49
660.98
315.25
962.62
969.99
45.40
32.12
645.95
519.66
846.02
440.32
135.92
927.75
454.84
399.17
782.55
620.91
160.73
346.43
550.09
827.54
433.11
788.76
16.46
143.03
532.74
869.59
878.65
430.69
996.61
936.90
308.97
300.62
760.07
419.66
480.80
23.82
950.58
445.51
369.93
895.83
474.65
664.75
833.08
627.71
673.29
537.94
431.76
46.27
754.90
477.74
632.82
662.59
395.56
46.55
459.27
922.55
989.40
617.67
807.04
559.78
860.67
954.92
491.11
456.40
648.38
367.49
736.90
695.07
873.78
406.16
341.73
400.77
630.97
556.28
906.12
578.62
697.45
907.60
471.51
732.52
863.58
840.24
191.38
21.23
358.39
675.32
548.00
623.74
887.83
843.20
932.24
979.65
523.79
258.84
845.26
605.71
579.78
271.75
21.23
472.00
51.53
249.23
269.16
528.91
539.44
537.95
563.26
380.00
281.29
514.27
245.37
337.46
638.72
871.41
545.44
522.77
111.71
681.57
813.19
28.64
32.73
982.44
552.54
931.73
316.54
586.86
433.81
525.49
871.94
417.55
22.98
815.47
388.71
819.05
599.61
902.90
383.81
317.02
668.21
38.86
25.63
412.11
539.11
89.12
615.92
306.78
495.07
137.49
313.68
535.29
823.26
484.00
987.65
148.14
554.48
609.14
255.77
242.33
149.31
130.49
528.75
733.36
5.29
210.31
510.53
169.74
923.26
950.00
795.31
329.50
578.73
531.14
922.91
907.93
991.92
908.08
503.95
568.47
52.74
523.70
853.34
497.25
894.04
294.88
225.00
657.06
492.92
46.21
750.92
547.13
71.44
106.91
948.26
523.74
481.79
799.07
488.36
343.87
393.94
788.51
964.04
975.42
325.80
456.20
263.47
828.31
410.72
39.81
937.94
828.65
240.13
146.60
649.91
79.31
466.44
546.33
468.18
775.90
694.51
443.88
868.64
997.34
135.12
477.78
217.76
825.21
290.36
248.76
246.15
327.89
611.03
986.42
418.08
967.70
480.71
605.85
799.61
543.54
537.63
86.11
870.82
649.55
39.31
652.11
116.93
394.34
529.60
67.25
573.01
308.50
279.66
153.89
215.73
554.62
995.32
125.94
18.29
3.38
106.35
505.13
424.84
653.68
497.43
892.45
525.89
713.14
860.80
146.20
813.08
296.56
482.07
392.94
909.64
730.40
246.82
601.22
927.64
496.13
962.53
461.30
87.52
634.82
306.75
881.84
71.05
638.61
936.31
485.07
884.52
159.80
645.99
249.72
482.05
125.72
343.22
407.62
960.55
215.73
559.89
652.13
403.65
148.35
88.41
684.27
213.49
979.11
499.61
480.46
373.36
612.44
783.71
163.10
179.31
831.00
650.89
670.46
814.67
961.26
116.55
131.74
571.50
42.71
812.30
113.36
445.66
828.16
19.00
908.61
438.52
791.82
532.03
927.41
604.14
115.15
557.80
466.84
208.96
720.08
629.43
581.87
480.66
722.62
339.12
550.18
374.20
695.97
954.07
229.56
302.13
204.71
239.81
786.53
624.91
598.99
525.25
804.03
968.56
998.85
567.44
699.28
651.26
842.84
958.04
56.90
512.76
725.32
835.03
519.47
589.47
357.55
581.54
931.05
958.31
474.97
13.08
288.87
188.75
721.89
64.06
54.56
161.97
227.81
918.45
941.38
796.98
408.42
357.59
236.90
723.36
834.66
280.65
900.60
639.71
493.51
946.41
417.81
306.85
600.91
741.73
901.18
385.58
162.23
606.50
862.49
520.91
929.22
62.81
933.67
969.15
861.66
515.04
192.73
667.74
124.63
41.18
975.67
645.85
866.37
802.13
85.42
310.58
422.18
836.39
482.06
197.20
861.16
151.73
940.08
773.26
285.04
733.93
584.71
275.97
50.90
660.29
717.47
664.62
557.78
226.98
892.02
260.46
161.15
348.79
250.97
488.11
127.55
95.50
865.05
619.31
299.26
874.03
698.53
108.77
97.42
266.24
460.12
174.08
938.67
169.93
156.10
374.02
636.59
991.12
530.34
544.22
33.03
28.66
387.83
902.71
124.27
986.06
473.24
837.02
12.52
845.15
797.58
430.10
153.20
629.60
510.75
945.89
613.21
767.02
304.31
937.23
873.20
745.22
568.11
881.15
502.36
792.27
131.90
304.15
172.87
520.70
340.45
807.06
953.97
470.19
553.24
795.85
449.45
694.67
169.05
380.82
103.25
351.34
47.25
237.65
349.71
618.51
877.75
271.70
246.29
809.09
191.76
389.83
705.43
197.31
686.82
77.81
370.83
999.01
177.74
526.42
647.29
113.61
578.45
908.63
809.94
494.74
562.83
102.74
711.65
770.65
412.44
934.75
184.74
306.51
895.36
456.75
489.42
71.37
34.40
957.47
325.74
398.60
115.39
569.72
972.68
342.27
574.90
172.82
782.89
350.82
317.59
224.91
18.95
58.97
358.70
916.94
480.89
644.76
528.40
823.05
8.43
6.17
66.79
932.61
172.15
408.85
563.90
100.82
348.80
417.90
819.56
