828.28
961.49
109.88
840.52
875.19
227.19
435.12
629.13
443.59
83.17
537.30
677.37
155.32
282.59
459.34
966.47
815.14
811.41
148.79
381.76
826.57
236.99
255.92
803.63
334.08
709.26
686.82
163.11
448.02
653.41
50.81
17.49
492.17
370.12
992.10
33.29
309.94
502.40
395.61
933.84
893.19
37.81
441.52
175.28
171.97
371.20
144.91
228.96
180.02
805.82
96.49
638.56
118.91
735.22
371.02
123.14
962.08
941.94
155.93
534.63
620.90
4.52
352.96
311.60
456.92
276.63
203.75
111.98
104.89
869.51
640.45
890.64
11.41
140.81
221.41
199.07
420.34
866.42
617.40
219.77
582.20
998.25
413.52
205.75
705.30
905.92
155.21
466.89
980.41
422.39
451.14
132.18
91.59
207.08
184.51
453.03
870.78
909.10
720.79
523.28
821.35
400.09
245.87
774.92
263.85
171.75
763.85
61.50
892.25
176.42
304.08
937.54
92.73
378.86
42.76
586.47
753.06
500.31
281.60
837.53
563.93
633.38
45.54
474.36
773.34
740.95
680.21
889.58
268.47
975.83
242.97
920.58
847.55
71.35
684.68
109.88
816.67
685.13
630.56
552.11
688.99
617.90
596.58
999.46
823.19
341.80
600.94
239.62
522.60
370.64
753.48
562.79
376.14
347.58
818.68
386.97
471.74
676.97
330.88
855.35
353.91
315.38
160.98
597.43
219.25
860.49
891.07
288.78
551.15
542.94
452.70
281.34
386.75
841.26
373.46
158.85
706.16
393.37
257.09
409.35
97.44
487.77
320.41
739.11
872.93
64.18
925.96
289.21
910.34
496.68
184.50
308.81
656.49
769.08
918.91
631.48
119.86
661.88
585.84
153.33
852.80
475.63
129.50
904.85
210.35
76.66
983.34
587.50
99.68
277.28
137.59
58.19
230.90
825.81
380.36
289.78
362.83
341.26
509.82
366.33
313.29
873.10
937.11
944.06
785.01
945.50
961.96
902.22
856.12
386.46
13.57
477.27
676.78
214.50
981.83
292.25
997.57
116.02
174.02
864.26
215.42
345.62
838.30
489.94
865.59
727.74
528.39
749.47
106.20
4.48
709.76
61.00
546.87
671.70
767.85
242.20
953.36
279.98
592.31
86.35
916.87
318.67
389.65
514.75
188.79
352.45
749.16
905.47
587.47
710.83
950.02
68.84
342.16
713.31
698.62
590.83
169.02
826.27
96.32
738.54
159.15
783.93
819.89
812.45
577.23
406.74
54.76
478.83
992.41
212.54
965.18
60.22
383.73
30.32
331.59
787.73
679.99
102.37
452.68
977.46
744.02
447.08
725.65
288.71
446.49
931.45
716.37
146.15
29.41
1.27
649.25
972.34
584.22
13.95
870.23
632.88
690.52
357.92
782.47
319.64
768.27
403.27
739.72
971.97
425.64
34.60
419.32
753.65
430.78
556.90
339.43
738.50
482.28
999.62
518.11
801.80
513.46
479.80
282.68
18.84
215.38
684.68
128.92
111.89
584.19
443.81
840.04
854.45
171.98
632.14
87.11
800.42
169.53
380.02
639.84
705.51
549.54
573.63
811.29
121.48
964.08
579.76
964.74
763.01
834.94
943.14
272.30
425.41
249.96
453.37
555.91
617.95
492.08
843.34
361.74
127.66
901.97
702.79
755.78
246.42
18.11
972.53
698.00
216.59
71.77
678.13
856.64
87.57
518.28
582.01
787.84
535.03
478.55
203.52
269.98
309.09
307.09
629.10
977.98
449.75
690.88
393.56
461.93
632.60
832.65
431.20
626.41
686.19
537.45
64.16
710.99
788.77
298.22
370.08
281.98
245.01
212.25
63.25
344.09
185.44
113.74
827.99
25.16
627.25
978.48
898.10
547.92
251.57
580.08
315.95
624.31
458.67
775.19
855.72
624.62
677.77
747.68
977.71
893.53
755.11
2.27
468.23
627.10
376.98
477.79
401.75
173.09
194.90
203.71
324.70
874.92
664.88
31.88
620.91
161.72
52.03
512.01
76.85
94.89
596.76
990.16
358.63
803.11
575.88
583.71
396.60
529.67
328.16
98.81
572.27
995.81
397.35
174.89
512.30
971.28
665.43
170.17
62.10
937.39
584.79
512.93
675.37
505.38
589.10
42.89
844.63
87.09
505.71
115.74
348.64
740.32
110.62
321.16
321.16
363.96
401.78
585.13
236.29
603.79
186.79
708.50
813.86
282.91
791.32
82.39
367.33
71.93
319.41
967.76
547.04
418.89
558.63
376.08
270.59
588.50
981.94
41.01
250.18
167.82
575.54
990.94
543.79
724.09
42.08
138.21
410.01
78.02
897.96
210.88
964.28
28.73
619.15
557.86
421.87
712.45
193.23
36.42
905.40
318.65
201.29
769.18
656.11
470.65
386.77
179.39
282.97
859.65
699.85
316.73
776.69
972.65
743.39
748.53
278.13
349.08
107.65
289.68
675.61
554.65
583.00
458.16
130.35
191.79
893.53
764.30
558.62
304.65
541.09
378.48
754.56
678.90
838.47
368.01
467.60
939.03
189.84
49.77
653.50
438.51
559.06
651.96
557.33
589.73
633.98
143.23
948.14
406.14
66.73
821.73
724.88
455.29
884.10
127.60
996.87
199.62
578.92
779.24
944.93
408.61
646.81
16.39
951.71
530.56
211.05
855.21
10.02
801.22
698.29
123.88
448.40
16.25
617.44
939.49
898.36
979.38
75.80
495.20
336.68
457.38
10.27
60.04
331.52
555.50
766.71
154.20
523.08
457.27
146.75
96.49
504.58
87.40
682.47
941.79
623.27
877.55
785.55
130.16
111.83
723.33
312.62
633.73
888.85
29.65
158.17
261.18
295.95
188.69
659.13
232.27
851.02
473.75
436.77
261.60
283.16
968.26
955.96
62.61
654.36
979.78
740.75
387.94
810.65
353.74
407.24
533.14
572.28
131.17
6.17
8.12
873.11
109.87
697.97
678.44
31.15
326.03
217.26
379.77
365.45
475.85
745.23
833.77
272.72
460.04
806.44
496.73
99.59
654.36
985.59
473.59
802.28
587.92
199.95
94.23
487.33
968.37
847.69
482.52
949.23
799.54
516.72
385.36
400.71
597.83
989.36
936.30
257.72
29.57
667.74
18.08
443.80
586.73
162.33
315.01
826.32
960.52
741.80
970.22
841.60
116.11
590.49
465.82
3.16
365.48
19.77
860.67
822.96
396.41
349.88
551.55
322.10
144.35
676.06
994.97
241.58
594.78
652.45
921.16
523.20
398.55
253.46
417.86
248.95
541.45
443.45
700.46
512.29
840.90
273.20
451.14
71.14
44.59
440.50
44.42
606.29
238.08
585.06
145.65
576.89
739.30
16.25
642.45
597.67
324.75
742.74
864.64
726.45
784.92
466.73
399.79
207.77
770.72
648.96
194.46
715.26
493.42
438.50
482.15
714.67
667.67
848.12
802.50
241.62
171.02
413.92
827.23
248.28
215.45
955.94
678.20
41.84
95.66
538.48
482.52
52.90
285.82
881.06
837.09
233.00
189.23
826.47
467.09
457.22
351.05
200.98
512.80
511.62
622.22
273.88
867.10
31.97
61.69
140.13
809.48
685.06
501.76
620.71
887.88
712.23
520.96
793.91
778.48
143.18
132.75
593.11
498.46
117.47
495.46
639.48
695.36
683.46
533.75
946.15
913.93
884.53
231.62
951.81
240.22
642.00
125.56
701.95
559.32
12.78
232.49
648.74
502.36
762.09
395.78
667.25
782.75
39.64
158.17
215.43
536.57
386.15
638.58
478.15
502.20
168.96
720.16
19.27
460.15
714.36
331.97
253.22
338.68
123.14
935.03
821.31
760.91
605.10
246.63
405.34
578.36
439.55
91.71
239.25
286.48
930.52
963.94
250.62
663.17
128.72
833.72
504.73
602.88
924.21
918.37
633.07
758.08
908.81
844.50
824.85
215.20
645.70
347.87
786.58
444.85
261.87
893.14
195.40
607.67
441.46
162.08
26.98
195.15
381.30
116.98
285.73
316.20
911.71
567.33
906.43
789.21
688.34
686.95
188.27
691.99
109.54
193.40
997.94
247.30
822.74
741.95
488.00
182.59
34.44
653.46
850.75
910.78
983.41
782.01
474.21
185.41
538.48
509.30
569.32
234.10
757.88
565.15
168.28
316.92
938.01
57.69
780.07
845.18
202.06
569.06
920.70
728.21
496.82
554.05
397.89
260.10
74.86
699.05
881.41
746.51
365.96
10.35
443.56
500.74
466.68
576.48
720.40
980.75
121.86
400.06
682.87
575.83
841.51
482.66
389.66
836.50
231.80
22.99
120.01
343.38
196.30
690.89
591.20
474.13
823.74
590.92
721.14
476.87
879.81
879.42
318.46
877.85
954.12
105.46
511.95
195.88
647.82
972.98
377.07
938.26
166.28
751.19
39.23
