252
384
16
148
253
385
17
149
254
386
18
150
255
387
19
151
256
388
20
152
257
389
21
153
258
390
22
154
259
391
23
155
260
392
24
156
261
393
25
157
262
394
26
158
263
395
27
159
264
396
28
160
265
397
29
161
266
398
30
162
267
399
31
163
268
400
32
164
269
401
33
165
270
402
34
166
271
403
35
167
272
404
36
168
273
405
37
169
274
406
38
170
275
407
39
171
276
408
40
172
277
409
41
173
278
410
42
174
279
411
43
175
280
412
44
176
281
413
45
177
282
414
46
178
283
415
47
179
284
416
48
180
285
417
49
181
286
418
50
182
287
419
51
183
288
420
52
184
289
421
53
185
290
422
54
186
291
423
55
187
292
424
56
188
293
425
57
189
294
426
58
190
295
427
59
191
296
428
60
192
297
429
61
193
298
430
62
194
299
431
63
195
300
432
64
196
301
433
65
197
302
434
66
198
303
435
67
199
304
436
68
200
305
437
69
201
306
438
70
202
307
439
71
203
308
440
72
204
309
441
73
205
310
442
74
206
311
443
75
207
312
444
76
208
313
445
77
209
314
446
78
210
315
447
79
211
316
448
80
212
317
449
81
213
318
450
82
214
319
451
83
215
320
452
84
216
321
453
85
217
322
454
86
218
323
455
87
219
324
456
88
220
325
457
89
221
326
458
90
222
327
459
91
223
328
460
92
224
329
461
93
225
330
462
94
226
331
463
95
227
332
464
96
228
333
465
97
229
334
466
98
230
335
467
99
231
336
468
100
232
337
469
101
233
338
470
102
234
339
471
103
235
340
472
104
236
341
473
105
237
342
474
106
238
343
475
107
239
344
476
108
240
345
477
109
241
346
478
110
242
347
479
111
243
348
480
112
244
349
481
113
245
350
482
114
246
351
483
115
247
352
484
116
248
353
485
117
249
354
486
118
250
355
487
119
251
356
488
120
252
357
489
121
253
358
490
122
254
359
491
123
255
360
492
124
256
361
493
125
257
362
494
126
258
363
495
127
259
364
496
128
260
365
497
129
261
366
498
130
262
367
499
131
263
368
500
132
264
369
1
133
265
370
2
134
266
371
3
135
267
372
4
136
268
373
5
137
269
374
6
138
270
375
7
139
271
376
8
140
272
377
9
141
273
378
10
142
274
379
11
143
275
380
12
144
276
381
13
145
277
382
14
146
278
383
15
147
279
384
16
148
280
385
17
149
281
386
18
150
282
387
19
151
283
388
20
152
284
389
21
153
285
390
22
154
286
391
23
155
287
392
24
156
288
393
25
157
289
394
26
158
290
395
27
159
291
396
28
160
292
397
29
161
293
398
30
162
294
399
31
163
295
400
32
164
296
401
33
165
297
402
34
166
298
403
35
167
299
404
36
168
300
405
37
169
301
406
38
170
302
407
39
171
303
408
40
172
304
409
41
173
305
410
42
174
306
411
43
175
307
412
44
176
308
413
45
177
309
414
46
178
310
415
47
179
311
416
48
180
312
417
49
181
313
418
50
182
314
419
51
183
315
420
52
184
316
421
53
185
317
422
54
186
318
423
55
187
319
424
56
188
320
425
57
189
321
426
58
190
322
427
59
191
323
428
60
192
324
429
61
193
325
430
62
194
326
431
63
195
327
432
64
196
328
433
65
197
329
434
66
198
330
435
67
199
331
436
68
200
332
437
69
201
333
438
70
202
334
439
71
203
335
440
72
204
336
441
73
205
337
442
74
206
338
443
75
207
339
444
76
208
340
445
77
209
341
446
78
210
342
447
79
211
343
448
80
212
344
449
81
213
345
450
82
214
346
451
83
215
347
452
84
216
348
453
85
217
349
454
86
218
350
455
87
219
351
456
88
220
352
457
89
221
353
458
90
222
354
459
91
223
355
460
92
224
356
461
93
225
357
462
94
226
358
463
95
227
359
464
96
228
360
465
97
229
361
466
98
230
362
467
99
231
363
468
100
232
364
469
101
233
365
470
102
234
366
471
103
235
367
472
104
236
368
473
105
237
369
474
106
238
370
475
107
239
371
476
108
240
372
477
109
241
373
478
110
242
374
479
111
243
375
480
112
244
376
481
113
245
377
482
114
246
378
483
115
247
379
484
116
248
380
485
117
249
381
486
118
250
382
487
119
251
383
488
120
252
384
489
121
253
385
490
122
254
386
491
123
255
387
492
124
256
388
493
125
257
389
494
126
258
390
495
127
259
391
496
128
260
392
497
129
261
393
498
130
262
394
499
131
263
395
500
132
264
396
1
133
265
397
