6237
8732
6280
3265
141
5788
543
972
5521
6776
510
5741
9186
377
6529
1923
9393
8764
334
184
6542
3790
4165
6913
8636
6145
7311
3738
2055
2590
2360
810
4664
4568
3679
6166
1855
9661
7620
9153
8870
7411
504
4699
8243
2789
2553
5153
677
2387
3953
2091
5145
5338
4139
8021
1301
2449
8574
7586
1287
9514
5995
7539
6865
85
5762
2117
2195
8757
7968
9274
2030
9183
1746
5135
7320
5689
8988
4158
6852
1882
5144
376
2605
6467
4184
1382
7503
8947
7113
1629
3964
8047
915
6507
5315
4767
5787
6490
6933
4582
710
2201
3507
4495
4061
3572
9796
3819
9534
7489
5248
1453
938
8146
9309
8663
592
4463
5045
4374
981
3042
4906
3680
49
9415
9302
8497
8378
2827
4058
6187
7681
3615
9378
1613
5906
7472
567
4093
4436
6160
8196
3227
6473
8232
4675
5538
5853
4452
379
9708
9577
9964
4099
3080
7427
158
2629
4709
5865
8628
9765
2699
4295
9518
3902
4319
3089
7824
5224
8947
4839
2009
5282
2665
67
5726
6032
3835
9423
2123
6569
2961
5418
6928
9694
4807
4895
6787
4545
2138
4810
8810
2195
3825
8686
3721
7990
5969
7818
6524
2224
113
2639
1753
8953
1944
586
6784
3480
5693
8759
3016
7851
1116
2445
4005
1595
1109
7298
3774
7843
4351
6696
9228
164
2895
3982
5221
5169
7967
9850
280
6586
1497
845
99
3151
9730
5047
1627
7175
8366
6977
9832
6362
3320
3159
7116
8318
3686
2494
1661
4705
1375
6952
1874
7887
6955
7585
2184
8927
8964
8432
5316
2607
4558
1230
7597
6868
7747
5852
8716
2119
7240
9933
8788
5186
9726
8940
5338
8368
2057
7935
3842
6014
7082
587
4673
2826
4998
2434
2452
1916
8642
9584
7835
2413
2633
1330
9717
7588
8937
5943
1818
5523
6877
1942
2039
7218
2432
2025
1633
1347
1050
721
9029
9433
4536
2996
7311
4441
3926
5536
175
5990
7920
9492
1545
4380
2431
258
5091
9193
7268
7801
1409
1617
5744
5194
1318
9747
2964
5615
3772
699
6056
85
7937
9622
474
3494
7260
9928
434
3575
6146
9760
898
3441
7354
5204
9187
8535
4673
472
2156
8609
5285
4196
3010
293
1509
7829
204
7519
8736
7492
4506
5822
7719
1626
7697
3696
4231
4316
1901
8645
871
2552
9388
6741
1699
4165
9699
35
4308
518
4857
8093
1885
8565
709
3376
2813
1490
4758
564
3608
6780
8468
9655
4885
8345
2231
9931
6143
5858
5951
3130
4647
8720
342
32
6863
9507
9161
92
9682
9806
5895
6112
8555
7522
794
4244
8867
3040
2276
550
9666
248
2205
7583
4319
8585
9966
2403
4800
547
8941
9420
7242
7862
4016
7891
1895
9482
5573
8022
4376
746
4135
848
4794
7044
5940
1740
732
2434
3584
8333
6504
6634
9994
7342
3873
4801
5599
6140
1833
7968
4478
3613
5826
700
106
146
2832
5406
7580
8077
9402
3925
9376
7526
9900
61
8338
5565
9008
6506
3004
7934
3279
2314
2103
8643
6705
7269
9503
6488
2283
455
1450
9814
1175
7303
6998
1745
5114
1297
8822
3980
4994
2031
3756
3792
4689
9279
2958
8803
763
6167
4996
3970
7409
696
5632
7108
6412
3966
2389
1059
7736
3542
2757
4838
5126
8764
9055
1902
4198
7501
1224
585
485
8635
9344
2511
681
8643
506
8295
9191
2200
5388
9745
4586
341
9734
979
1992
871
7605
4653
8653
6675
7298
3836
7214
4045
8999
5407
9220
4230
1199
4266
4089
5524
9358
5554
5883
4309
1649
4477
7763
7034
6768
5412
2582
8156
803
1730
6393
3543
7243
8652
5466
986
557
976
2841
2516
5285
8440
5160
7951
9580
4795
7098
3108
4593
7484
3892
5844
3577
2300
8572
9683
7725
5608
7165
1792
4095
4420
4304
3
2540
9701
61
9032
336
6088
9600
8802
5235
5195
4037
2108
7210
5670
9113
9509
2343
3260
4267
8976
2490
2475
4873
9654
4748
5563
2405
6902
2024
441
1565
4579
5373
1941
1002
7289
7956
6504
3978
7384
2452
2604
8928
3041
9667
1936
1562
9056
6843
1103
9370
6677
5801
7883
4017
4893
640
3816
3360
5585
4744
9058
9479
3981
3601
5452
485
5928
4148
886
8392
3121
9813
7291
6066
1349
8309
9990
7926
3708
6101
9738
8414
8136
1238
4362
6261
5155
3318
7610
3766
3123
2850
3810
145
7390
2666
5835
5954
4971
9640
819
4229
4885
324
2575
2257
2691
6078
3733
4750
2256
3870
6858
9577
1053
1576
4476
4588
3469
5245
5640
4241
8604
5272
3103
2634
7982
4286
6625
1135
5426
1707
6904
4248
9438
7390
1214
5275
1130
7646
6014
5652
3372
5356
9100
7113
9831
5519
6177
4018
3805
6665
4264
2025
3622
139
175
3099
9176
6442
773
5490
1097
2447
9253
3894
1060
5968
4195
1328
5152
7000
5363
3876
9331
5708
2918
5554
9083
8003
4001
4035
8252
2583
6134
3926
7639
163
7812
2249
7980
2154
914
4844
8717
9235
2222
6777
7905
5084
3173
9749
3571
745
9542
1495
4195
2013
9399
5994
6668
6932
1624
6969
2442
1316
2375
4510
6188
5557
3293
6822
9340
5621
5874
9528
7528
3841
6040
9271
9832
4704
241
9979
187
7623
6955
4057
6042
9192
5104
4972
1426
5682
4947
8599
2541
76
3922
4336
7778
1683
7518
205
4726
6925
4246
4792
5164
6713
7211
7184
2325
5461
8829
7095
7223
3533
7045
5312
2757
7469
8653
3722
3922
868
5793
7665
9850
4380
9011
2714
8682
9536
6590
6722
8086
2410
7937
7214
3095
1929
2514
1406
6918
9980
7601
6824
7474
6917
5026
9363
9254
1529
8580
3661
7605
9104
4938
282
7287
8502
6099
1764
7858
8220
8691
432
962
1385
4191
3898
8406
4198
8253
1784
3844
7795
249
2044
3816
5395
6425
9646
4954
8985
7321
1591
6943
2603
5499
5733
8902
1864
5627
6561
8434
223
6134
7860
7961
702
6441
5674
1474
9753
27
9371
