999.07
213.19
896.19
520.78
736.00
413.49
741.87
142.64
49.27
232.72
515.31
721.00
193.16
943.96
67.84
532.95
349.95
657.15
980.16
64.34
766.60
350.91
794.88
58.69
659.65
917.38
935.13
571.88
398.36
202.18
596.38
601.19
486.72
685.45
112.43
804.08
744.05
869.20
319.69
664.08
508.41
502.26
104.48
38.04
256.38
534.40
783.87
866.11
354.96
2.03
384.38
972.76
674.28
42.33
400.23
546.98
514.09
53.89
911.51
232.68
761.22
738.16
776.74
846.05
861.21
945.79
917.86
50.50
791.94
574.72
80.18
127.34
551.05
3.92
128.56
136.13
484.60
67.69
36.41
823.56
512.43
280.31
78.93
181.91
624.70
970.20
502.08
87.68
429.53
583.72
585.30
63.12
107.22
161.03
376.97
357.44
771.75
895.25
651.62
849.75
105.12
764.30
579.25
301.34
827.65
297.61
195.08
293.62
942.06
213.28
451.53
659.17
867.65
269.95
739.99
639.54
590.82
1.71
49.91
897.24
85.01
472.73
276.80
112.85
786.40
313.70
912.95
493.37
487.88
165.79
403.76
939.67
5.84
457.99
296.57
619.79
431.04
897.40
852.35
941.01
567.32
618.86
697.92
768.91
77.05
476.23
154.69
760.87
869.58
797.04
307.84
233.41
89.01
751.34
585.39
661.42
750.55
305.79
763.94
572.76
258.19
922.14
997.47
388.73
124.97
704.78
266.70
197.79
771.59
295.81
825.16
428.05
651.00
496.79
53.68
374.09
785.77
841.61
194.66
151.08
32.92
60.97
78.20
901.84
518.27
377.21
287.51
209.55
596.88
897.82
852.48
22.70
124.88
139.53
632.61
995.79
99.02
87.59
879.65
258.90
865.75
344.32
979.77
496.82
671.74
436.18
386.89
135.24
444.53
874.05
908.96
316.59
458.71
375.79
357.65
241.55
98.31
134.96
738.99
698.30
211.92
563.78
132.06
18.52
898.62
379.31
702.04
92.50
372.85
978.05
690.54
638.00
729.17
613.20
533.53
191.46
296.13
204.98
717.24
789.71
987.68
565.26
963.53
397.69
781.14
841.09
402.69
912.94
282.77
517.53
935.67
662.20
854.22
339.82
311.40
75.64
770.95
477.84
269.57
372.85
889.47
367.72
629.71
223.68
360.65
725.76
175.97
758.43
776.13
646.79
711.24
1.16
727.73
262.22
677.08
278.44
718.69
182.45
813.72
959.55
401.55
800.97
556.94
9.57
269.02
208.45
113.39
869.01
205.40
779.63
437.77
186.38
774.90
856.54
415.74
466.76
930.58
45.30
305.30
489.28
696.17
416.79
258.56
206.63
556.47
146.56
856.52
986.65
378.34
273.03
574.10
700.36
816.62
862.14
536.83
741.97
965.75
667.11
541.54
11.76
60.80
193.62
598.02
132.31
202.06
659.65
49.91
926.89
875.52
727.86
477.90
365.96
80.33
706.50
168.70
385.44
842.99
405.43
31.01
960.25
103.18
184.78
919.08
618.26
622.37
809.64
318.65
48.71
809.20
18.88
912.89
434.09
190.86
207.36
814.74
230.96
784.40
733.69
562.55
454.94
74.46
973.63
249.91
626.90
59.80
319.54
128.81
344.45
89.04
251.04
723.07
946.61
749.22
863.48
76.32
313.87
643.77
843.46
384.45
69.06
98.29
829.26
448.59
248.13
698.50
559.01
853.94
595.17
183.59
839.33
850.35
249.38
677.70
596.96
346.59
131.66
253.71
579.44
519.83
716.20
320.42
940.85
811.00
192.57
17.56
749.02
495.68
342.02
251.86
514.47
602.64
889.56
900.16
199.77
149.42
79.57
909.90
149.74
481.77
366.36
792.25
877.99
319.76
851.23
106.64
385.81
915.19
155.51
554.24
672.99
350.50
923.78
613.95
102.11
42.53
725.67
609.23
706.32
216.74
619.97
406.02
42.28
547.73
30.06
50.12
385.00
297.83
825.03
226.69
939.37
963.59
312.66
417.39
348.13
144.71
870.27
392.59
985.65
542.60
732.67
519.39
349.17
565.62
93.62
216.65
89.90
692.05
65.00
799.83
273.97
420.64
915.92
403.91
506.55
271.67
821.70
223.85
250.95
184.54
909.07
207.54
856.39
865.54
770.46
273.32
418.45
67.26
775.68
31.31
81.02
282.48
607.67
414.79
486.36
656.60
739.01
112.52
247.07
816.02
708.26
831.75
330.10
780.97
60.69
265.96
761.40
830.00
884.44
818.29
934.16
167.98
248.43
778.12
160.80
488.67
463.42
758.46
299.75
159.19
393.72
10.57
21.64
369.96
327.76
311.55
607.75
793.79
626.77
827.66
449.10
739.19
146.88
289.02
578.15
785.44
149.11
871.53
637.44
415.17
991.94
283.33
954.35
883.72
716.60
26.32
991.53
429.01
790.41
854.68
104.67
135.03
915.40
694.76
648.81
648.58
759.61
685.06
445.54
863.77
86.41
18.47
924.13
477.68
527.94
105.91
990.74
151.62
118.90
513.36
854.26
66.58
306.58
139.61
969.25
596.53
156.15
289.43
507.19
56.90
497.90
803.45
185.56
84.65
331.98
335.12
197.15
88.92
295.79
558.39
358.79
397.66
354.43
35.56
486.54
623.63
977.33
600.89
429.20
941.13
573.85
540.13
302.02
407.39
6.98
670.14
547.10
455.01
241.33
231.64
337.44
241.71
645.83
418.51
186.70
256.79
372.32
981.50
635.44
719.16
147.40
84.51
8.10
557.95
84.73
758.58
409.19
249.13
518.95
942.15
700.44
286.00
874.20
543.70
199.27
721.11
926.95
874.78
341.49
409.90
356.17
268.25
196.96
777.65
153.86
728.90
60.03
192.60
523.65
926.79
317.15
847.26
209.65
304.89
706.46
445.39
398.41
1.74
471.57
861.73
635.10
932.54
946.02
800.05
949.43
166.90
48.27
416.01
138.77
809.51
196.04
448.65
245.04
718.86
54.24
790.50
420.51
766.24
289.00
280.82
666.55
989.09
324.86
565.01
834.82
979.29
415.75
670.91
382.77
899.41
659.89
42.29
720.50
751.39
416.16
635.36
388.15
385.56
818.03
492.33
56.46
156.43
46.67
411.06
816.27
844.79
787.41
301.20
601.63
847.08
238.72
428.86
171.08
396.71
422.30
874.78
288.40
137.06
40.74
574.90
174.67
825.77
673.36
558.78
957.25
692.65
161.40
570.56
231.57
68.83
151.74
111.07
930.77
167.29
622.51
76.03
324.47
988.11
894.46
338.89
626.98
427.09
416.39
402.99
995.70
630.47
149.99
722.71
877.09
117.47
512.70
680.27
804.98
7.67
285.76
751.35
647.57
781.33
80.34
949.65
861.69
954.80
403.88
933.22
442.34
1.72
117.00
623.27
933.44
149.83
951.80
1.74
476.55
651.50
955.37
93.50
319.37
277.56
916.88
603.29
759.38
814.99
429.30
677.87
520.65
471.07
300.05
138.45
575.88
694.34
656.05
345.17
227.63
754.57
844.49
677.44
333.16
218.99
416.87
526.11
407.35
329.65
257.27
420.04
842.27
276.95
604.78
836.51
406.94
469.01
678.68
106.57
182.43
376.98
390.81
44.21
63.98
711.67
168.22
403.67
503.94
295.27
858.55
162.89
700.58
544.40
23.02
461.74
333.96
682.03
453.79
715.96
304.49
955.61
52.77
50.52
164.88
222.26
491.76
489.70
886.51
548.75
182.04
766.68
652.35
212.68
380.40
19.42
27.33
978.63
408.97
608.78
214.75
196.77
734.60
972.57
489.74
422.13
970.74
717.83
804.02
743.19
422.68
244.35
109.81
635.66
344.79
897.04
780.72
793.58
203.11
388.09
342.72
13.94
816.01
549.94
323.58
78.18
574.65
56.90
561.11
155.57
498.68
811.59
222.43
401.12
505.52
31.35
727.51
615.70
589.35
359.65
877.77
516.02
670.21
719.90
549.38
832.80
960.79
294.42
530.51
410.87
588.92
56.36
419.71
362.69
990.84
735.63
180.19
655.99
371.00
850.06
316.15
121.94
672.18
701.83
622.25
804.04
182.12
117.57
209.69
21.09
993.80
686.40
960.02
351.66
544.11
221.58
106.73
892.00
44.88
269.61
43.55
890.25
497.07
765.27
933.46
528.55
379.75
12.32
571.55
830.77
900.49
839.88
168.68
37.11
571.72
676.84
250.12
115.12
33.58
252.97
138.99
604.80
184.90
25.86
280.48
879.79
552.79
195.94
710.08
386.77
221.24
273.22
859.33
395.66
686.62
646.38
755.65
28.06
343.30
754.03
851.70
24.15
615.89
705.52
681.20
538.48
449.67
330.84
232.31
633.45
149.84
166.57
507.44
237.51
63.99
877.25
874.80
612.98
796.14
239.88
976.08
473.47
697.55
683.54
948.25
268.92
533.69
865.95
621.78
