7720
7337
1645
9385
5650
2495
2173
4946
2888
1224
9499
1677
6813
1884
6323
9078
5119
3309
9659
9520
3692
9232
8738
6994
7815
7677
1703
8358
4777
2929
1694
652
6048
6351
1514
563
5893
4721
8078
9874
4909
1517
8470
5826
6504
1683
2613
3635
8866
9608
1070
3364
8069
1098
1018
1024
7058
473
8059
7642
8004
2749
7322
167
1662
1424
2620
1454
9252
2578
6847
3977
7177
4513
4774
3461
8688
1428
3678
6439
9322
8479
6409
6686
773
1303
1011
8712
606
4077
2274
8040
5149
1336
3147
1059
7992
4036
3943
4802
3909
4057
708
8298
4741
7388
8587
1859
1219
1563
1283
786
4246
913
5037
8715
207
7741
6152
149
3475
7796
3424
9903
4291
8886
8819
1883
9238
2087
8701
72
8779
1617
5295
7555
4685
2403
2780
1737
4352
7441
8028
7406
2589
5511
9682
9746
9631
5731
9881
1853
5756
4353
5552
6422
1875
6758
6131
3362
7727
8601
2113
4293
1076
9272
3457
6779
5130
3749
9402
4685
3011
4360
9415
7087
1465
4068
3561
2981
1032
9821
3803
7359
9400
304
5891
2586
7074
9981
3332
2517
3948
5336
5863
8570
7051
2455
7184
8994
1441
5236
2046
8841
3035
4703
9514
4810
7980
8444
8800
6113
455
1521
5794
9664
4158
5156
322
6830
2301
5367
268
3818
8960
3060
4641
4467
458
5100
5599
8363
5442
7697
1773
1451
9420
7803
1752
6030
2279
1962
3235
9613
6199
3515
6920
8903
3390
1629
6555
209
1837
5566
4548
2154
2259
8598
1973
1400
8247
962
6133
1321
5208
7306
7358
2688
8456
8954
4854
1898
1104
5670
5167
4781
167
7032
2432
8580
8207
6813
3092
9180
6760
7767
5932
6009
857
6461
8632
8587
541
9732
7178
7908
162
4002
4836
9909
857
3147
5311
4882
9107
8766
581
9535
4655
7300
1018
7239
3846
1772
1303
8760
7873
1820
7371
3028
9983
8093
1550
7654
3657
7531
2365
7125
461
2550
5532
7423
8635
9559
1908
4491
4003
9638
6535
96
248
5281
7718
7883
3126
1424
9637
8979
5844
3945
5891
9578
826
3113
8879
8733
5222
7819
4333
2737
7766
6221
4936
3292
239
1069
7980
3970
1057
1251
381
1829
1928
5515
6591
2383
241
8472
6230
8449
9906
405
3782
8082
9944
5087
4420
1073
1473
5322
130
3830
9836
3262
8903
4149
7371
8052
2205
6897
5555
228
5975
7975
544
850
759
3434
6185
4585
8724
256
4415
7846
9727
5470
247
5037
760
1601
4108
360
7616
2905
7579
9068
9900
9270
3244
9839
4312
4333
7405
6111
2128
5980
2966
2825
1771
418
3897
7328
8734
6664
7729
3154
3777
6866
2856
1978
4406
5619
6309
9226
7303
1238
1248
7153
9385
7463
2209
627
4388
8394
9167
995
4023
773
4076
3534
2122
5761
8181
7324
5477
130
9259
5492
2010
2020
6748
2497
5725
1391
5572
8098
8629
6277
8493
5291
394
5564
31
6879
3027
1195
5325
9852
6282
9349
2213
2355
6600
3579
5315
2095
4539
129
2294
6560
3237
5677
8603
583
1936
1669
31
1492
8990
272
3507
9524
5726
6188
5684
8673
745
9924
5055
7098
6826
9812
3166
882
4190
1514
7749
4112
1939
9596
4069
2513
7566
6239
8389
6367
1181
6844
6664
9155
8547
7959
5025
341
1669
9227
2292
1665
5700
8226
5260
1302
8611
3838
5917
2607
3775
9558
1729
4336
9057
6796
1433
4915
6842
4562
5570
2385
3334
9654
5966
6567
6849
7655
9271
7779
3436
2110
1670
3350
7539
7940
446
785
3747
8453
1133
6876
1586
2030
7364
4471
7122
9510
8617
9735
8166
7960
2639
6434
1483
9074
263
7551
3690
3396
3562
7593
2827
5818
9257
3730
2997
6048
4812
5923
8332
6931
1371
1944
9020
2951
4672
460
3978
8468
658
4353
939
8620
4794
7298
8509
4212
6655
4031
4657
6025
216
2785
3666
1380
636
5204
4678
3039
2667
9197
8311
5274
530
6289
6385
6981
6787
6086
9519
8797
6815
726
1789
513
2792
471
3153
9598
5338
3330
2847
8630
5299
7142
1359
5780
352
3764
7407
3355
731
8368
147
2193
5695
8689
9254
7029
2023
5525
2332
2592
7265
2768
6621
1224
8919
3189
8490
2356
5625
2735
8960
8459
4399
4584
4462
9166
5248
8678
5308
5424
525
4049
1523
5583
6162
4023
115
8324
4906
2578
6675
4662
3224
6897
5267
8321
2143
5064
9381
962
9045
4424
1285
8539
2013
539
6581
5247
1805
7206
5237
1667
7230
1138
6449
256
7386
3537
176
2820
4672
8513
308
9013
5402
7823
6510
8942
6953
3679
5540
9354
1685
2302
396
9651
7605
5635
5330
7587
3303
797
4402
7673
9732
314
3832
9905
2759
2108
2543
4425
1436
8090
1929
9139
9680
4792
871
7713
7244
895
6874
8830
1094
5489
8800
9704
5475
3879
1788
1901
670
790
4793
7797
1635
9350
5395
4605
8204
3862
8449
6948
6490
9857
9159
3274
4136
614
6632
3846
2714
8674
4053
8316
4313
9336
6882
9481
7983
3420
9194
7507
6407
1025
4372
2536
1234
6190
8988
109
517
9244
4153
1935
5311
6053
6368
215
6745
8807
6276
8468
6700
7532
9331
528
2351
9343
2282
3422
7599
3956
2172
3914
5827
2780
2929
9665
796
2924
5891
6935
7583
47
5831
7278
88
5830
8017
9014
3352
7109
2205
3847
7957
2193
1427
2006
4405
1765
4740
713
8
6079
8521
4386
993
6432
529
9008
5466
9793
9982
7397
9599
2721
2181
4487
7640
4695
4547
5099
373
3705
9951
6346
1147
3216
1297
5765
9836
4919
5976
6244
297
7497
3381
7
5525
1621
5236
6045
2543
2691
2440
5539
6092
602
9046
23
265
3027
4452
8943
8087
6261
3737
7925
1066
703
5761
651
5880
1364
1935
6691
6688
35
6925
6231
8828
4006
6627
1000
8665
1429
5187
8018
7172
1845
1943
4928
1763
9023
3548
2003
5751
6629
55
7711
2622
6658
5162
1550
6044
8219
3768
1547
