8174
7720
4174
9110
3527
8645
1970
8349
1712
8738
4185
9172
7586
3373
8281
7481
1560
5317
9276
4564
9930
5065
2455
2777
9320
9223
3688
875
6128
8765
7487
762
9619
9389
7412
5089
9614
1466
8794
5586
403
3811
7276
4924
273
5561
8764
8819
776
2473
855
6981
207
208
3709
1386
4132
2753
7463
3662
4563
5184
551
3388
7337
9267
2373
5832
7310
788
994
1827
6673
2234
4862
8277
4892
4628
3286
5544
2454
6908
4839
1841
8233
4670
5950
1255
2361
8765
497
2303
90
8711
7726
3655
152
2104
5434
2393
2292
184
6690
9283
8409
6473
2549
9080
9429
5987
911
8559
5285
257
8725
6578
8311
751
5856
9493
9335
819
4225
5392
265
8457
7208
5921
827
8119
7326
1714
8504
7686
9814
8906
3706
9907
1177
3186
356
3881
8619
4517
9988
3349
1345
6003
9244
8172
5796
1537
5001
9638
1084
7449
3360
2532
8698
1862
4198
8204
5726
8642
7472
4471
6980
8375
2124
444
9775
6561
7050
8858
4477
1204
6085
681
7388
1052
2094
3815
3628
9661
7081
2206
8747
423
4091
3965
2197
4659
3150
1822
1295
3048
805
398
8518
8730
4782
2337
8292
8707
9535
1262
8347
7470
3815
2671
5221
1663
8468
1970
6093
1475
2388
7832
412
8515
7587
852
5570
3516
8658
372
7396
717
8868
8107
141
9471
7486
9060
4619
8348
1461
6819
78
4437
394
3341
7514
4295
1352
1368
4641
3536
7239
7655
7266
1745
21
9705
2687
2575
6120
3166
5085
506
2020
9561
2740
539
6319
8731
9026
2427
7534
6534
1236
9170
20
8043
67
3089
2837
4654
3708
3557
6803
1124
978
8608
731
2056
6236
4056
8949
7240
861
6016
4417
9766
1858
2001
3155
7525
4560
4950
1011
7922
9980
1468
8029
4471
3636
4687
6670
9448
1673
402
6144
9357
2106
778
5427
8334
1868
2904
8541
7344
2622
6584
2922
8187
9694
6275
9276
3682
4829
1238
4691
7203
7947
589
3155
1721
1667
4926
5621
9134
5762
8005
7280
3534
2568
7361
354
4141
9192
7372
2214
1148
2284
7555
7871
4812
5679
3038
4489
6900
4278
5305
4688
7304
9618
2212
9368
9672
9924
1944
83
2851
726
8249
7809
509
4294
481
4065
1293
3916
8218
1156
1825
1864
520
1926
4466
8040
6944
2159
6339
1640
8814
6704
4567
6002
4125
4566
4579
6831
3262
7193
1083
9192
2753
7296
5330
2390
3004
5970
8609
2934
5506
9394
140
9541
1248
9883
3713
5268
3134
5822
3921
8967
7546
9960
2946
7802
2089
9175
1911
4783
3500
4364
836
7011
5837
7125
8935
4742
911
893
4291
1503
2124
1154
4944
3493
6036
6769
7440
3008
7976
191
1697
4766
6414
4427
9298
4977
5328
1580
1617
6718
7702
1513
7929
6502
9465
9415
8989
8079
1310
2442
1378
731
6685
1630
1712
8397
1768
9892
9613
5377
6040
7277
6635
1580
5360
1543
3765
1596
5802
2919
4986
534
8201
1621
3143
4727
7932
3160
1197
3436
3857
7259
1826
2214
909
3805
3813
6110
8773
6475
5825
5172
4395
9410
9316
6518
1313
3441
8959
7028
6058
4745
8595
8052
8654
9819
5013
2975
111
6620
953
6840
2512
2544
7917
6005
3886
1824
3218
4370
7357
9699
753
1062
9301
4729
1539
1684
675
5449
7684
6763
3290
4463
6847
2488
7073
789
7208
502
2224
8990
6696
5730
1457
9759
2787
2939
8222
8553
533
7993
9514
2234
6532
280
9072
1845
3764
1141
6009
7736
7828
9426
2093
4871
8741
2055
5885
4460
4178
5788
5497
8860
6807
2761
775
992
3604
6417
5876
5342
8393
6463
2804
8132
3638
2279
5551
712
2919
4635
1856
6410
9057
1239
9079
4688
8556
7202
7031
6943
5076
4863
9234
9411
9671
5782
308
5742
3922
2355
5342
7564
4203
9499
6877
250
9401
2268
9546
4447
6809
9206
5946
3856
5538
6888
5015
2711
5607
3966
682
607
1800
1703
956
854
779
3086
770
6412
9988
9924
2247
1119
5225
7178
8962
9046
4899
668
3595
1455
3503
6883
3055
1862
5067
3638
7692
462
3325
182
7050
5204
6853
3967
3166
1002
966
4980
6580
6737
6821
4871
1190
7866
6338
8115
6476
895
7760
224
3172
9270
3380
8073
1397
8153
4934
8483
6940
3917
8380
1706
4027
6709
6217
6117
4690
1071
2037
6487
4536
4573
3713
6881
5481
780
1919
5633
135
7114
6356
1774
6142
8733
7894
2712
3326
3411
6467
2025
8791
8438
2790
1305
8599
3884
2484
6243
5390
3257
2596
4138
7699
6333
5001
3883
8194
5295
2053
5505
6113
5251
7085
3628
2571
1215
8672
2555
2650
2689
602
7186
8529
2692
1269
9672
1825
7781
3088
9549
3966
72
90
7888
8065
9722
6643
4275
3344
5804
641
1563
7925
5766
3091
9424
3814
8588
2924
3638
5320
4559
1160
1428
1345
8448
5595
1943
1858
4005
4420
7787
8787
25
9461
86
9955
366
5563
1224
9957
5845
2617
5022
500
3518
523
4416
6049
4483
5409
1450
8378
1883
9063
2218
923
9240
1432
7878
3848
4929
2410
2017
1509
2781
2277
4754
3161
8607
2400
3456
343
5822
8820
6361
6254
6597
3926
7494
137
1334
4289
5148
461
8236
1904
7769
683
8258
1604
3498
3771
1460
3811
3750
7943
7182
1571
9829
2379
3883
6397
273
2403
5675
6772
5653
4230
5923
5737
7685
5090
8973
8077
3895
4207
2131
2497
4957
7533
690
4520
4163
6381
3417
8662
1417
2192
8477
2133
5326
9671
739
6263
6528
4158
9137
5131
1226
1176
6706
6274
5567
8415
538
7110
3700
8879
6129
8955
5297
5400
398
1714
7147
6403
2740
9800
1212
8005
2699
4466
6773
9439
1689
7329
3979
7853
28
5395
8518
3153
3854
9755
4584
9514
755
1152
1098
2543
148
9235
1590
7731
7887
8258
2874
3175
5659
5996
9943
3737
4072
9529
5567
4988
711
4235
9734
5495
9295
5142
8731
1350
8104
1419
2240
7862
