2
134
266
398
3
135
267
399
4
136
268
400
5
137
269
401
6
138
270
402
7
139
271
403
8
140
272
404
9
141
273
405
10
142
274
406
11
143
275
407
12
144
276
408
13
145
277
409
14
146
278
410
15
147
279
411
16
148
280
412
17
149
281
413
18
150
282
414
19
151
283
415
20
152
284
416
21
153
285
417
22
154
286
418
23
155
287
419
24
156
288
420
25
157
289
421
26
158
290
422
27
159
291
423
28
160
292
424
29
161
293
425
30
162
294
426
31
163
295
427
32
164
296
428
33
165
297
429
34
166
298
430
35
167
299
431
36
168
300
432
37
169
301
433
38
170
302
434
39
171
303
435
40
172
304
436
41
173
305
437
42
174
306
438
43
175
307
439
44
176
308
440
45
177
309
441
46
178
310
442
47
179
311
443
48
180
312
444
49
181
313
445
50
182
314
446
51
183
315
447
52
184
316
448
53
185
317
449
54
186
318
450
55
187
319
451
56
188
320
452
57
189
321
453
58
190
322
454
59
191
323
455
60
192
324
456
61
193
325
457
62
194
326
458
63
195
327
459
64
196
328
460
65
197
329
461
66
198
330
462
67
199
331
463
68
200
332
464
69
201
333
465
70
202
334
466
71
203
335
467
72
204
336
468
73
205
337
469
74
206
338
470
75
207
339
471
76
208
340
472
77
209
341
473
78
210
342
474
79
211
343
475
80
212
344
476
81
213
345
477
82
214
346
478
83
215
347
479
84
216
348
480
85
217
349
481
86
218
350
482
87
219
351
483
88
220
352
484
89
221
353
485
90
222
354
486
91
223
355
487
92
224
356
488
93
225
357
489
94
226
358
490
95
227
359
491
96
228
360
492
97
229
361
493
98
230
362
494
99
231
363
495
100
232
364
496
101
233
365
497
102
234
366
498
103
235
367
499
104
236
368
500
105
237
369
1
106
238
370
2
107
239
371
3
108
240
372
4
109
241
373
5
110
242
374
6
111
243
375
7
112
244
376
8
113
245
377
9
114
246
378
10
115
247
379
11
116
248
380
12
117
249
381
13
118
250
382
14
119
251
383
15
120
252
384
16
121
253
385
17
122
254
386
18
123
255
387
19
124
256
388
20
125
257
389
21
126
258
390
22
127
259
391
23
128
260
392
24
129
261
393
25
130
262
394
26
131
263
395
27
132
264
396
28
133
265
397
29
134
266
398
30
135
267
399
31
136
268
400
32
137
269
401
33
138
270
402
34
139
271
403
35
140
272
404
36
141
273
405
37
142
274
406
38
143
275
407
39
144
276
408
40
145
277
409
41
146
278
410
42
147
279
411
43
148
280
412
44
149
281
413
45
150
282
414
46
151
283
415
47
152
284
416
48
153
285
417
49
154
286
418
50
155
287
419
51
156
288
420
52
157
289
421
53
158
290
422
54
159
291
423
55
160
292
424
56
161
293
425
57
162
294
426
58
163
295
427
59
164
296
428
60
165
297
429
61
166
298
430
62
167
299
431
63
168
300
432
64
169
301
433
65
170
302
434
66
171
303
435
67
172
304
436
68
173
305
437
69
174
306
438
70
175
307
439
71
176
308
440
72
177
309
441
73
178
310
442
74
179
311
443
75
180
312
444
76
181
313
445
77
182
314
446
78
183
315
447
79
184
316
448
80
185
317
449
81
186
318
450
82
187
319
451
83
188
320
452
84
189
321
453
85
190
322
454
86
191
323
455
87
192
324
456
88
193
325
457
89
194
326
458
90
195
327
459
91
196
328
460
92
197
329
461
93
198
330
462
94
199
331
463
95
200
332
464
96
201
333
465
97
202
334
466
98
203
335
467
99
204
336
468
100
205
337
469
101
206
338
470
102
207
339
471
103
208
340
472
104
209
341
473
105
210
342
474
106
211
343
475
107
212
344
476
108
213
345
477
109
214
346
478
110
215
347
479
111
216
348
480
112
217
349
481
113
218
350
482
114
219
351
483
115
220
352
484
116
221
353
485
117
222
354
486
118
223
355
487
119
224
356
488
120
225
357
489
121
226
358
490
122
227
359
491
123
228
360
492
124
229
361
493
125
230
362
494
126
231
363
495
127
232
364
496
128
233
365
497
129
234
366
498
130
235
367
499
131
236
368
500
132
237
369
1
133
238
370
2
134
239
371
3
135
240
372
4
136
241
373
5
137
242
374
6
138
243
375
7
139
244
376
8
140
245
377
9
141
246
378
10
142
247
379
11
143
248
380
12
144
249
381
13
145
250
382
14
146
251
383
15
147
