2
145
288
431
3
146
289
432
4
147
290
433
5
148
291
434
6
149
292
435
7
150
293
436
8
151
294
437
9
152
295
438
10
153
296
439
11
154
297
440
12
155
298
441
13
156
299
442
14
157
300
443
15
158
301
444
16
159
302
445
17
160
303
446
18
161
304
447
19
162
305
448
20
163
306
449
21
164
307
450
22
165
308
451
23
166
309
452
24
167
310
453
25
168
311
454
26
169
312
455
27
170
313
456
28
171
314
457
29
172
315
458
30
173
316
459
31
174
317
460
32
175
318
461
33
176
319
462
34
177
320
463
35
178
321
464
36
179
322
465
37
180
323
466
38
181
324
467
39
182
325
468
40
183
326
469
41
184
327
470
42
185
328
471
43
186
329
472
44
187
330
473
45
188
331
474
46
189
332
475
47
190
333
476
48
191
334
477
49
192
335
478
50
193
336
479
51
194
337
480
52
195
338
481
53
196
339
482
54
197
340
483
55
198
341
484
56
199
342
485
57
200
343
486
58
201
344
487
59
202
345
488
60
203
346
489
61
204
347
490
62
205
348
491
63
206
349
492
64
207
350
493
65
208
351
494
66
209
352
495
67
210
353
496
68
211
354
497
69
212
355
498
70
213
356
499
71
214
357
500
72
215
358
1
73
216
359
2
74
217
360
3
75
218
361
4
76
219
362
5
77
220
363
6
78
221
364
7
79
222
365
8
80
223
366
9
81
224
367
10
82
225
368
11
83
226
369
12
84
227
370
13
85
228
371
14
86
229
372
15
87
230
373
16
88
231
374
17
89
232
375
18
90
233
376
19
91
234
377
20
92
235
378
21
93
236
379
22
94
237
380
23
95
238
381
24
96
239
382
25
97
240
383
26
98
241
384
27
99
242
385
28
100
243
386
29
101
244
387
30
102
245
388
31
103
246
389
32
104
247
390
33
105
248
391
34
106
249
392
35
107
250
393
36
108
251
394
37
109
252
395
38
110
253
396
39
111
254
397
40
112
255
398
41
113
256
399
42
114
257
400
43
115
258
401
44
116
259
402
45
117
260
403
46
118
261
404
47
119
262
405
48
120
263
406
49
121
264
407
50
122
265
408
51
123
266
409
52
124
267
410
53
125
268
411
54
126
269
412
55
127
270
413
56
128
271
414
57
129
272
415
58
130
273
416
59
131
274
417
60
132
275
418
61
133
276
419
62
134
277
420
63
135
278
421
64
136
279
422
65
137
280
423
66
138
281
424
67
139
282
425
68
140
283
426
69
141
284
427
70
142
285
428
71
143
286
429
72
144
287
430
73
145
288
431
74
146
289
432
75
147
290
433
76
148
291
434
77
149
292
435
78
150
293
436
79
151
294
437
80
152
295
438
81
153
296
439
82
154
297
440
83
155
298
441
84
156
299
442
85
157
300
443
86
158
301
444
87
159
302
445
88
160
303
446
89
161
304
447
90
162
305
448
91
163
306
449
92
164
307
450
93
165
308
451
94
166
309
452
95
167
310
453
96
168
311
454
97
169
312
455
98
170
313
456
99
171
314
457
100
172
315
458
101
173
316
459
102
174
317
460
103
175
318
461
104
176
319
462
105
177
320
463
106
178
321
464
107
179
322
465
108
180
323
466
109
181
324
467
110
182
325
468
111
183
326
469
112
184
327
470
113
185
328
471
114
186
329
472
115
187
330
473
116
188
331
474
117
189
332
475
118
190
333
476
119
191
334
477
120
192
335
478
121
193
336
479
122
194
337
480
123
195
338
481
124
196
339
482
125
197
340
483
126
198
341
484
127
199
342
485
128
200
343
486
129
201
344
487
130
202
345
488
131
203
346
489
132
204
347
490
133
205
348
491
134
206
349
492
135
207
350
493
136
208
351
494
137
209
352
495
138
210
353
496
139
211
354
497
140
212
355
498
141
213
356
499
142
214
357
500
143
215
358
1
144
216
359
2
145
217
360
3
146
218
361
4
147
219
362
5
148
220
363
6
149
221
364
7
150
222
365
8
151
223
366
9
152
224
367
10
153
225
368
11
154
226
369
12
155
227
370
13
156
228
371
14
157
229
372
15
158
230
373
16
159
231
374
17
160
232
375
18
161
233
376
19
162
234
377
20
163
235
378
21
164
236
379
22
165
237
380
23
166
238
381
24
167
239
382
25
168
240
383
26
169
241
384
27
170
242
385
28
171
243
386
29
172
244
387
30
173
245
388
31
174
246
389
32
175
247
390
33
176
248
391
34
177
249
392
35
178
250
393
36
179
251
394
37
180
