252
394
36
178
253
395
37
179
254
396
38
180
255
397
39
181
256
398
40
182
257
399
41
183
258
400
42
184
259
401
43
185
260
402
44
186
261
403
45
187
262
404
46
188
263
405
47
189
264
406
48
190
265
407
49
191
266
408
50
192
267
409
51
193
268
410
52
194
269
411
53
195
270
412
54
196
271
413
55
197
272
414
56
198
273
415
57
199
274
416
58
200
275
417
59
201
276
418
60
202
277
419
61
203
278
420
62
204
279
421
63
205
280
422
64
206
281
423
65
207
282
424
66
208
283
425
67
209
284
426
68
210
285
427
69
211
286
428
70
212
287
429
71
213
288
430
72
214
289
431
73
215
290
432
74
216
291
433
75
217
292
434
76
218
293
435
77
219
294
436
78
220
295
437
79
221
296
438
80
222
297
439
81
223
298
440
82
224
299
441
83
225
300
442
84
226
301
443
85
227
302
444
86
228
303
445
87
229
304
446
88
230
305
447
89
231
306
448
90
232
307
449
91
233
308
450
92
234
309
451
93
235
310
452
94
236
311
453
95
237
312
454
96
238
313
455
97
239
314
456
98
240
315
457
99
241
316
458
100
242
317
459
101
243
318
460
102
244
319
461
103
245
320
462
104
246
321
463
105
247
322
464
106
248
323
465
107
249
324
466
108
250
325
467
109
251
326
468
110
252
327
469
111
253
328
470
112
254
329
471
113
255
330
472
114
256
331
473
115
257
332
474
116
258
333
475
117
259
334
476
118
260
335
477
119
261
336
478
120
262
337
479
121
263
338
480
122
264
339
481
123
265
340
482
124
266
341
483
125
267
342
484
126
268
343
485
127
269
344
486
128
270
345
487
129
271
346
488
130
272
347
489
131
273
348
490
132
274
349
491
133
275
350
492
134
276
351
493
135
277
352
494
136
278
353
495
137
279
354
496
138
280
355
497
139
281
356
498
140
282
357
499
141
283
358
500
142
284
359
1
143
285
360
2
144
286
361
3
145
287
362
4
146
288
363
5
147
289
364
6
148
290
365
7
149
291
366
8
150
292
367
9
151
293
368
10
152
294
369
11
153
295
370
12
154
296
371
13
155
297
372
14
156
298
373
15
157
299
374
16
158
300
375
17
159
301
376
18
160
302
377
19
161
303
378
20
162
304
379
21
163
305
380
22
164
306
381
23
165
307
382
24
166
308
383
25
167
309
384
26
168
310
385
27
169
311
386
28
170
312
387
29
171
313
388
30
172
314
389
31
173
315
390
32
174
316
391
33
175
317
392
34
176
318
393
35
177
319
394
36
178
320
395
37
179
321
396
38
180
322
397
39
181
323
398
40
182
324
399
41
183
325
400
42
184
326
401
43
185
327
402
44
186
328
403
45
187
329
404
46
188
330
405
47
189
331
406
48
190
332
407
49
191
333
408
50
192
334
409
51
193
335
410
52
194
336
411
53
195
337
412
54
196
338
413
55
197
339
414
56
198
340
415
57
199
341
416
58
200
342
417
59
201
343
418
60
202
344
419
61
203
345
420
62
204
346
421
63
205
347
422
64
206
348
423
65
207
349
424
66
208
350
425
67
209
351
426
68
210
352
427
69
211
353
428
70
212
354
429
71
213
355
430
72
214
356
431
73
215
357
432
74
216
358
433
75
217
359
434
76
218
360
435
77
219
361
436
78
220
362
437
79
221
363
438
80
222
364
439
81
223
365
440
82
224
366
441
83
225
367
442
84
226
368
443
85
227
369
444
86
228
370
445
87
229
371
446
88
230
372
447
89
231
373
448
90
232
374
449
91
233
375
450
92
234
376
451
93
235
377
452
94
236
378
453
95
237
379
454
96
238
380
455
97
239
381
456
98
240
382
457
99
241
383
458
100
242
384
459
101
243
385
460
102
244
386
461
103
245
387
462
104
246
388
463
105
247
389
464
106
248
390
465
107
249
391
466
108
250
392
467
109
251
393
468
110
252
394
469
111
253
395
470
112
254
396
471
113
255
397
472
114
256
398
473
115
257
399
474
116
258
400
475
117
259
401
476
118
260
402
477
119
261
403
478
120
262
404
479
121
263
405
480
122
264
406
481
123
265
407
482
124
266
408
483
125
267
409
484
126
268
410
485
127
269
411
486
128
270
412
487
129
271
413
488
130
272
414
489
131
273
415
490
132
274
416
491
133
275
417
492
134
276
418
493
135
277
419
494
136
278
420
495
137
279
421
496
138
280
422
497
139
281
423
498
140
282
424
499
141
283
425
500
142
284
426
1
143
285
427
