29
5
19
16
39
3
9
8
47
38
37
23
14
13
15
40
13
35
18
8
46
33
50
2
25
47
9
14
46
20
13
32
23
46
13
46
36
40
32
40
12
42
32
25
24
33
18
50
2
4
12
11
19
35
18
13
25
24
40
46
50
12
42
4
14
30
39
33
1
31
23
31
14
46
33
18
49
22
22
21
44
45
20
10
26
49
32
7
26
6
45
3
9
2
24
33
1
44
43
8
21
21
35
22
7
25
47
24
13
41
41
21
39
43
47
49
28
37
24
1
25
7
29
23
12
27
37
19
45
27
49
19
43
10
27
38
21
30
13
22
45
36
20
23
30
26
14
8
35
20
23
32
35
8
40
8
1
16
9
3
2
49
13
6
4
14
49
42
8
10
27
15
37
16
29
22
42
46
19
8
17
24
25
32
12
13
44
42
20
24
49
15
45
35
19
23
26
26
1
42
21
17
35
15
22
43
41
27
32
23
39
45
50
33
14
14
29
34
21
18
5
8
16
29
38
36
2
2
47
12
4
2
32
28
12
26
10
13
24
19
10
25
47
24
4
27
18
33
1
10
16
23
9
7
1
16
1
30
43
15
21
37
34
7
8
10
36
47
28
30
3
10
11
39
29
19
48
13
40
37
41
33
7
40
36
35
33
48
29
10
26
49
29
30
16
27
5
16
10
39
30
27
7
3
32
3
23
34
21
18
28
11
45
50
3
32
36
8
19
42
36
21
47
40
17
35
43
28
21
1
18
21
50
29
15
42
45
36
7
42
38
11
11
7
29
34
12
47
13
26
25
5
25
22
7
11
27
18
29
31
36
8
30
5
30
45
47
32
7
36
42
41
13
43
35
5
46
8
33
30
30
17
5
27
5
36
17
11
21
8
17
18
34
29
40
48
10
27
48
44
17
13
42
34
14
26
25
17
11
44
2
35
28
44
36
21
35
31
6
1
39
43
36
25
11
21
17
42
27
33
17
21
26
30
10
10
43
50
21
16
42
7
40
34
42
39
16
7
11
1
19
36
16
8
42
24
6
47
6
43
41
2
16
19
34
6
30
27
12
19
38
3
26
28
21
38
11
50
2
35
29
20
44
38
46
22
44
19
20
35
28
10
16
47
43
20
38
47
14
4
49
22
36
18
5
41
13
11
40
1
8
22
28
18
25
7
43
26
4
40
42
41
42
9
2
32
15
1
25
18
33
10
48
48
5
50
33
43
46
2
11
21
1
28
41
19
19
39
38
42
39
10
21
14
6
17
4
39
1
36
7
3
5
41
49
46
35
27
1
41
22
50
36
27
47
21
35
47
25
26
7
42
50
6
20
45
19
6
7
12
42
45
1
16
48
20
1
45
12
21
29
49
45
6
37
32
30
3
34
29
1
29
28
2
29
48
44
9
12
42
17
10
49
19
43
34
13
40
10
3
49
4
33
15
34
50
48
35
5
2
21
47
19
38
41
11
38
13
49
34
33
20
27
2
6
7
17
20
14
38
41
34
2
31
27
24
23
33
39
49
28
41
7
38
45
33
44
20
38
18
18
3
34
26
48
23
6
22
7
34
12
31
27
33
28
46
44
30
26
27
20
26
40
48
18
7
46
30
7
3
45
1
12
44
37
12
21
14
29
1
39
44
50
34
22
28
6
10
17
47
40
6
8
42
7
38
29
4
47
16
9
43
30
27
24
37
28
34
29
44
24
22
50
39
43
10
33
39
43
3
42
7
36
13
50
18
1
10
9
24
2
6
12
22
12
13
48
9
9
38
11
19
30
34
42
11
38
34
29
31
18
30
27
11
13
6
25
3
15
8
40
32
15
33
43
16
44
13
13
11
42
4
48
42
37
13
40
30
18
26
39
2
24
1
27
38
34
10
25
19
37
3
17
29
39
4
10
35
5
49
35
6
45
2
40
45
48
11
24
1
3
23
34
14
9
31
48
15
20
26
3
8
49
20
39
18
49
16
6
49
21
45
48
3
26
50
7
10
10
27
41
1
39
47
31
43
46
9
35
35
20
37
48
14
4
40
19
17
26
44
14
12
33
20
29
41
19
37
26
36
38
2
35
9
49
2
9
38
39
26
6
32
8
1
47
28
26
13
17
5
10
31
31
33
24
1
35
44
7
26
20
17
16
24
45
32
18
41
35
48
24
30
33
24
14
42
9
22
47
30
29
11
37
42
34
40
42
26
43
50
10
17
13
14
6
32
33
44
50
13
23
18
22
26
26
49
5
38
15
31
47
14
4
36
31
22
15
37
35
46
