2
137
272
407
3
138
273
408
4
139
274
409
5
140
275
410
6
141
276
411
7
142
277
412
8
143
278
413
9
144
279
414
10
145
280
415
11
146
281
416
12
147
282
417
13
148
283
418
14
149
284
419
15
150
285
420
16
151
286
421
17
152
287
422
18
153
288
423
19
154
289
424
20
155
290
425
21
156
291
426
22
157
292
427
23
158
293
428
24
159
294
429
25
160
295
430
26
161
296
431
27
162
297
432
28
163
298
433
29
164
299
434
30
165
300
435
31
166
301
436
32
167
302
437
33
168
303
438
34
169
304
439
35
170
305
440
36
171
306
441
37
172
307
442
38
173
308
443
39
174
309
444
40
175
310
445
41
176
311
446
42
177
312
447
43
178
313
448
44
179
314
449
45
180
315
450
46
181
316
451
47
182
317
452
48
183
318
453
49
184
319
454
50
185
320
455
51
186
321
456
52
187
322
457
53
188
323
458
54
189
324
459
55
190
325
460
56
191
326
461
57
192
327
462
58
193
328
463
59
194
329
464
60
195
330
465
61
196
331
466
62
197
332
467
63
198
333
468
64
199
334
469
65
200
335
470
66
201
336
471
67
202
337
472
68
203
338
473
69
204
339
474
70
205
340
475
71
206
341
476
72
207
342
477
73
208
343
478
74
209
344
479
75
210
345
480
76
211
346
481
77
212
347
482
78
213
348
483
79
214
349
484
80
215
350
485
81
216
351
486
82
217
352
487
83
218
353
488
84
219
354
489
85
220
355
490
86
221
356
491
87
222
357
492
88
223
358
493
89
224
359
494
90
225
360
495
91
226
361
496
92
227
362
497
93
228
363
498
94
229
364
499
95
230
365
500
96
231
366
1
97
232
367
2
98
233
368
3
99
234
369
4
100
235
370
5
101
236
371
6
102
237
372
7
103
238
373
8
104
239
374
9
105
240
375
10
106
241
376
11
107
242
377
12
108
243
378
13
109
244
379
14
110
245
380
15
111
246
381
16
112
247
382
17
113
248
383
18
114
249
384
19
115
250
385
20
116
251
386
21
117
252
387
22
118
253
388
23
119
254
389
24
120
255
390
25
121
256
391
26
122
257
392
27
123
258
393
28
124
259
394
29
125
260
395
30
126
261
396
31
127
262
397
32
128
263
398
33
129
264
399
34
130
265
400
35
131
266
401
36
132
267
402
37
133
268
403
38
134
269
404
39
135
270
405
40
136
271
406
41
137
272
407
42
138
273
408
43
139
274
409
44
140
275
410
45
141
276
411
46
142
277
412
47
143
278
413
48
144
279
414
49
145
280
415
50
146
281
416
51
147
282
417
52
148
283
418
53
149
284
419
54
150
285
420
55
151
286
421
56
152
287
422
57
153
288
423
58
154
289
424
59
155
290
425
60
156
291
426
61
157
292
427
62
158
293
428
63
159
294
429
64
160
295
430
65
161
296
431
66
162
297
432
67
163
298
433
68
164
299
434
69
165
300
435
70
166
301
436
71
167
302
437
72
168
303
438
73
169
304
439
74
170
305
440
75
171
306
441
76
172
307
442
77
173
308
443
78
174
309
444
79
175
310
445
80
176
311
446
81
177
312
447
82
178
313
448
83
179
314
449
84
180
315
450
85
181
316
451
86
182
317
452
87
183
318
453
88
184
319
454
89
185
320
455
90
186
321
456
91
187
322
457
92
188
323
458
93
189
324
459
94
190
325
460
95
191
326
461
96
192
327
462
97
193
328
463
98
194
329
464
99
195
330
465
100
196
331
466
101
197
332
467
102
198
333
468
103
199
334
469
104
200
335
470
105
201
336
471
106
202
337
472
107
203
338
473
108
204
339
474
109
205
340
475
110
206
341
476
111
207
342
477
112
208
343
478
113
209
344
479
114
210
345
480
115
211
346
481
116
212
347
482
117
213
348
483
118
214
349
484
119
215
350
485
120
216
351
486
121
217
352
487
122
218
353
488
123
219
354
489
124
220
355
490
125
221
356
491
126
222
357
492
127
223
358
493
128
224
359
494
129
225
360
495
130
226
361
496
131
227
362
497
132
228
363
498
133
229
364
499
134
230
365
500
135
231
366
1
136
232
367
2
137
233
368
3
138
234
369
4
139
235
370
5
140
236
371
6
141
237
372
7
142
238
373
8
143
239
374
9
144
240
375
10
145
241
376
11
146
242
377
12
147
243
378
13
148
244
379
14
149
245
380
15
150
246
381
16
151
247
382
17
152
248
383
18
153
249
384
19
154
250
385
20
155
251
386
21
156
