721.11
977.34
767.47
972.77
868.20
573.56
678.76
446.30
739.65
897.75
759.28
114.37
350.38
925.87
778.76
930.24
295.25
438.35
926.79
204.24
310.59
512.89
937.71
15.47
455.77
27.48
515.85
751.90
961.52
481.75
41.59
975.43
544.45
910.00
765.81
979.10
246.67
233.26
541.03
281.00
763.60
832.76
285.87
557.68
412.40
355.59
522.75
841.74
387.34
723.38
88.09
241.26
130.40
77.08
948.86
482.12
347.40
811.46
44.52
171.83
33.61
781.59
539.99
836.01
978.19
950.63
329.97
613.60
275.44
105.33
231.94
345.78
481.31
670.84
314.84
989.68
246.82
727.31
238.23
143.51
613.55
398.60
242.16
323.66
357.99
894.97
862.60
376.87
564.51
463.23
429.40
335.41
121.53
875.22
630.55
469.58
308.02
204.13
544.49
641.62
709.09
785.44
184.26
266.03
838.77
506.08
314.11
723.40
467.43
60.31
833.12
405.20
217.64
724.73
810.59
291.45
467.82
666.57
403.54
306.19
485.74
171.75
776.53
415.44
484.49
107.00
452.39
90.18
398.80
497.31
860.72
658.27
793.39
993.18
107.57
913.42
278.98
806.92
649.25
960.34
673.63
159.63
842.30
834.97
588.27
144.65
725.19
599.38
15.42
727.26
435.89
440.69
357.52
970.07
329.61
539.56
613.88
14.41
736.20
897.37
286.36
920.55
298.31
935.49
677.62
313.86
516.84
459.39
887.15
342.55
154.90
246.41
726.02
558.01
1.34
754.34
81.98
389.99
292.05
595.93
954.06
96.59
239.03
624.58
976.29
14.89
785.87
511.29
73.45
10.84
646.80
779.24
852.92
471.86
683.34
621.04
347.46
818.57
589.63
975.10
49.87
335.68
645.90
631.51
648.01
171.50
481.06
428.12
812.49
387.71
40.46
895.35
361.71
516.04
932.22
682.75
639.24
657.54
524.12
835.18
43.13
845.97
490.87
549.51
957.30
524.57
471.06
282.07
732.49
439.38
258.12
824.00
957.39
72.21
45.29
142.75
818.34
661.56
80.88
27.92
45.31
498.96
548.69
284.80
721.61
370.15
606.32
804.32
945.94
349.69
395.58
341.33
696.73
754.58
17.64
8.66
7.07
236.22
418.67
788.18
282.87
251.93
684.40
422.91
175.17
306.02
630.71
80.56
578.51
937.10
716.93
612.43
611.22
176.40
14.85
92.52
740.01
992.57
916.24
847.99
478.89
936.27
748.49
678.08
55.58
383.19
974.54
582.74
121.19
72.06
522.35
119.04
956.04
348.40
601.45
824.50
423.99
364.25
279.47
959.70
851.40
914.65
982.00
110.07
101.41
388.24
935.11
192.97
682.26
301.35
35.60
103.06
68.09
762.14
291.48
63.09
722.25
208.67
843.53
590.58
40.68
590.95
243.87
125.35
179.26
62.18
408.89
243.94
289.07
426.56
640.28
187.53
125.47
147.72
525.43
969.73
714.11
175.36
508.31
972.51
488.76
2.51
561.65
283.69
939.75
301.61
510.27
804.24
457.75
284.00
196.23
582.20
974.69
90.49
566.56
792.36
678.46
430.91
721.20
561.44
702.04
221.67
639.92
90.07
508.20
18.91
373.20
884.08
736.18
526.34
292.16
426.08
514.74
998.95
188.88
858.10
670.42
128.08
970.38
634.67
769.77
616.51
141.67
589.55
607.76
32.19
771.56
783.31
360.44
216.87
841.88
798.28
305.54
620.96
98.95
912.08
715.51
677.65
774.29
645.52
301.37
335.31
472.26
442.14
656.40
390.66
643.97
131.16
808.13
991.81
108.53
209.15
897.86
469.23
412.35
577.18
588.87
249.53
346.11
144.77
756.57
547.72
931.94
955.28
499.96
487.05
258.20
96.84
504.54
427.74
413.31
727.24
102.07
434.84
787.86
902.75
831.91
77.56
44.56
884.46
176.71
184.88
664.79
439.02
232.92
879.29
133.65
763.66
793.62
785.01
955.87
513.05
590.79
485.22
368.61
571.85
905.05
530.41
640.41
319.96
199.60
263.83
806.35
51.33
807.90
127.66
960.24
54.57
282.72
565.54
731.63
875.44
321.90
794.75
867.09
944.02
98.38
297.58
702.82
248.28
237.95
390.72
554.83
577.73
866.23
484.11
829.54
146.60
621.25
992.41
173.23
593.55
875.85
290.96
276.41
404.73
247.93
348.52
599.55
816.44
729.26
119.12
353.41
896.91
483.42
114.25
392.88
10.58
332.07
945.73
880.92
556.14
598.15
349.76
486.35
472.73
233.81
785.88
712.80
196.74
226.60
436.86
789.24
88.79
952.28
64.31
127.79
187.63
817.61
507.87
445.49
76.85
202.53
609.02
165.05
53.95
942.30
206.32
294.27
6.41
83.03
180.10
155.35
896.56
726.96
386.18
234.62
424.65
356.60
654.07
36.98
345.74
884.34
72.00
543.32
924.79
531.10
344.75
215.34
1.74
565.77
497.82
412.64
291.31
193.68
601.56
696.17
449.86
531.60
661.09
188.24
219.13
834.94
938.38
297.30
17.78
390.54
530.81
428.85
15.42
742.08
831.14
68.75
957.57
97.61
476.08
735.96
741.26
959.46
913.76
18.18
99.99
431.33
846.49
299.38
988.88
812.60
113.00
415.51
620.30
895.41
275.84
945.43
833.51
890.10
58.24
120.40
911.51
125.03
748.96
564.25
82.41
706.86
231.76
236.22
309.04
497.14
940.00
518.17
754.90
396.19
562.23
943.19
216.21
750.80
495.96
200.88
751.78
876.61
26.21
249.92
828.53
156.19
869.05
797.75
345.96
608.02
437.42
286.82
642.63
609.76
615.30
785.02
248.28
189.81
512.44
293.12
668.78
618.60
352.53
176.48
376.31
193.71
89.14
950.17
546.99
622.47
430.34
113.28
41.00
980.45
950.19
909.08
269.32
268.57
659.00
24.55
200.10
633.72
813.08
165.28
830.72
24.34
715.47
36.40
702.67
674.99
110.98
430.24
534.53
78.30
566.74
895.44
805.95
208.20
874.31
369.56
676.33
552.81
536.86
152.81
45.98
742.42
522.83
137.45
681.78
225.32
8.20
170.57
868.31
455.26
336.43
299.99
111.74
133.89
831.99
345.55
611.03
971.23
971.15
582.54
781.86
971.51
581.08
183.25
182.70
891.69
697.39
888.28
332.43
917.14
977.04
571.67
851.51
694.52
623.08
714.90
471.84
395.89
502.83
761.77
88.54
869.10
721.91
407.16
195.64
634.25
712.42
810.47
309.03
209.41
349.98
242.59
430.36
561.69
863.87
701.56
993.86
643.17
797.10
324.30
229.80
352.39
771.81
861.14
861.38
858.16
576.08
102.49
551.42
124.64
201.84
945.71
579.68
668.13
636.26
477.35
30.68
413.25
698.38
486.37
780.81
348.70
658.13
362.95
356.81
94.51
183.17
774.55
84.37
591.51
579.66
210.43
545.77
97.77
110.53
751.61
47.21
541.53
719.21
16.73
670.68
534.66
241.92
213.99
366.21
184.48
963.88
178.12
935.18
441.43
667.91
885.53
122.71
648.01
225.07
777.69
835.38
483.52
908.31
348.50
245.71
942.17
55.47
448.43
439.23
680.18
432.32
412.33
154.98
548.35
561.83
239.10
713.38
960.31
138.85
237.92
949.37
84.00
374.98
773.60
967.29
610.46
499.38
602.69
660.57
399.72
989.15
307.51
660.37
106.16
338.58
473.42
872.39
22.87
80.88
41.44
473.72
940.12
554.77
439.21
302.46
709.96
363.66
308.30
30.86
424.71
466.42
80.67
472.13
190.30
868.43
425.54
316.93
161.96
988.33
621.59
712.47
592.21
409.38
445.44
234.97
313.31
256.96
343.19
936.69
881.87
557.50
393.87
677.30
861.30
531.32
923.78
573.91
496.70
587.13
978.09
308.50
416.62
301.18
154.22
728.81
479.53
633.50
98.75
675.96
341.26
520.57
230.93
270.65
517.38
492.51
13.86
471.66
385.04
994.48
105.74
172.16
583.78
590.34
14.38
187.02
551.93
812.40
876.68
194.89
24.19
217.19
177.42
58.46
695.45
318.29
17.48
317.86
866.18
527.51
886.40
796.66
26.77
582.75
324.45
659.35
993.45
646.00
306.55
630.09
620.32
271.10
92.98
575.26
183.07
227.85
457.89
686.03
824.28
725.39
971.09
517.86
592.12
889.93
65.74
331.52
660.76
660.06
867.95
330.00
102.93
993.43
457.80
60.70
454.55
453.16
31.16
525.98
164.71
230.43
883.41
465.19
407.80
952.66
558.71
786.00
642.72
179.18
653.34
762.01
133.59
701.22
355.47
562.29
73.49
565.61
910.30
754.90
373.50
970.70
932.16
671.73
193.60
295.56
723.93
365.61
238.37
481.67
709.94
2.45
525.35
575.64
705.64
685.36
