2
139
276
413
3
140
277
414
4
141
278
415
5
142
279
416
6
143
280
417
7
144
281
418
8
145
282
419
9
146
283
420
10
147
284
421
11
148
285
422
12
149
286
423
13
150
287
424
14
151
288
425
15
152
289
426
16
153
290
427
17
154
291
428
18
155
292
429
19
156
293
430
20
157
294
431
21
158
295
432
22
159
296
433
23
160
297
434
24
161
298
435
25
162
299
436
26
163
300
437
27
164
301
438
28
165
302
439
29
166
303
440
30
167
304
441
31
168
305
442
32
169
306
443
33
170
307
444
34
171
308
445
35
172
309
446
36
173
310
447
37
174
311
448
38
175
312
449
39
176
313
450
40
177
314
451
41
178
315
452
42
179
316
453
43
180
317
454
44
181
318
455
45
182
319
456
46
183
320
457
47
184
321
458
48
185
322
459
49
186
323
460
50
187
324
461
51
188
325
462
52
189
326
463
53
190
327
464
54
191
328
465
55
192
329
466
56
193
330
467
57
194
331
468
58
195
332
469
59
196
333
470
60
197
334
471
61
198
335
472
62
199
336
473
63
200
337
474
64
201
338
475
65
202
339
476
66
203
340
477
67
204
341
478
68
205
342
479
69
206
343
480
70
207
344
481
71
208
345
482
72
209
346
483
73
210
347
484
74
211
348
485
75
212
349
486
76
213
350
487
77
214
351
488
78
215
352
489
79
216
353
490
80
217
354
491
81
218
355
492
82
219
356
493
83
220
357
494
84
221
358
495
85
222
359
496
86
223
360
497
87
224
361
498
88
225
362
499
89
226
363
500
90
227
364
1
91
228
365
2
92
229
366
3
93
230
367
4
94
231
368
5
95
232
369
6
96
233
370
7
97
234
371
8
98
235
372
9
99
236
373
10
100
237
374
11
101
238
375
12
102
239
376
13
103
240
377
14
104
241
378
15
105
242
379
16
106
243
380
17
107
244
381
18
108
245
382
19
109
246
383
20
110
247
384
21
111
248
385
22
112
249
386
23
113
250
387
24
114
251
388
25
115
252
389
26
116
253
390
27
117
254
391
28
118
255
392
29
119
256
393
30
120
257
394
31
121
258
395
32
122
259
396
33
123
260
397
34
124
261
398
35
125
262
399
36
126
263
400
37
127
264
401
38
128
265
402
39
129
266
403
40
130
267
404
41
131
268
405
42
132
269
406
43
133
270
407
44
134
271
408
45
135
272
409
46
136
273
410
47
137
274
411
48
138
275
412
49
139
276
413
50
140
277
414
51
141
278
415
52
142
279
416
53
143
280
417
54
144
281
418
55
145
282
419
56
146
283
420
57
147
284
421
58
148
285
422
59
149
286
423
60
150
287
424
61
151
288
425
62
152
289
426
63
153
290
427
64
154
291
428
65
155
292
429
66
156
293
430
67
157
294
431
68
158
295
432
69
159
296
433
70
160
297
434
71
161
298
435
72
162
299
436
73
163
300
437
74
164
301
438
75
165
302
439
76
166
303
440
77
167
304
441
78
168
305
442
79
169
306
443
80
170
307
444
81
171
308
445
82
172
309
446
83
173
310
447
84
174
311
448
85
175
312
449
86
176
313
450
87
177
314
451
88
178
315
452
89
179
316
453
90
180
317
454
91
181
318
455
92
182
319
456
93
183
320
457
94
184
321
458
95
185
322
459
96
186
323
460
97
187
324
461
98
188
325
462
99
189
326
463
100
190
327
464
101
191
328
465
102
192
329
466
103
193
330
467
104
194
331
468
105
195
332
469
106
196
333
470
107
197
334
471
108
198
335
472
109
199
336
473
110
200
337
474
111
201
338
475
112
202
339
476
113
203
340
477
114
204
341
478
115
205
342
479
116
206
343
480
117
207
344
481
118
208
345
482
119
209
346
483
120
210
347
484
121
211
348
485
122
212
349
486
123
213
350
487
124
214
351
488
125
215
352
489
126
216
353
490
127
217
354
491
128
218
355
492
129
219
356
493
130
220
357
494
131
221
358
495
132
222
359
496
133
223
360
497
134
224
361
498
135
225
362
499
136
226
363
500
137
227
364
1
138
228
365
2
139
229
366
3
140
230
367
4
141
231
368
5
142
232
369
6
143
233
370
7
144
234
371
8
145
235
372
9
146
236
373
10
147
237
374
11
148
238
375
12
149
239
376
13
150
240
377
14
151
241
378
15
152
242
379
16
153
243
380
17
154
244
381
18
155
245
382
19
156
246
383
20
157
247
384
21
158
248
385
22
159
249
386
23
160
250
387
24
161
251
388
25
162
