25
8
38
8
19
49
17
7
30
34
48
32
20
45
4
10
20
32
31
15
8
26
3
14
21
8
33
45
40
22
18
27
19
1
36
23
15
7
24
11
8
20
40
47
23
29
40
22
29
25
17
37
6
24
20
5
39
34
33
21
7
6
40
5
19
32
41
9
19
40
40
3
49
7
3
4
26
38
14
10
24
10
4
9
1
42
25
39
33
11
50
45
33
49
44
21
8
2
41
28
40
14
8
10
43
29
5
44
45
18
35
21
41
25
12
25
16
17
38
12
34
21
39
5
25
13
22
38
39
10
26
20
49
33
18
20
3
44
49
35
1
1
4
43
18
32
5
17
17
40
31
2
17
34
31
15
31
40
40
38
20
3
26
6
8
24
17
29
3
13
47
15
46
28
48
38
50
12
20
25
36
19
4
11
8
45
25
40
39
43
38
14
4
35
33
17
2
2
50
12
3
33
15
24
49
48
47
22
11
12
35
20
30
32
47
12
47
30
48
25
8
37
15
20
27
10
3
16
17
41
45
6
10
47
20
15
31
22
3
24
47
7
10
7
21
11
32
29
48
38
21
18
31
8
36
39
28
10
26
22
19
3
31
23
2
13
8
42
9
16
47
19
50
26
6
12
26
11
26
46
11
27
32
8
44
23
22
19
28
27
14
15
17
7
50
26
30
38
44
39
20
49
39
25
49
3
30
39
3
44
25
42
10
50
3
14
3
46
16
44
42
45
21
32
1
37
25
34
44
28
29
24
27
17
49
18
13
28
42
18
9
7
46
35
44
4
27
37
41
16
19
18
18
42
26
39
1
12
20
30
46
34
36
18
21
20
34
25
10
27
38
8
2
30
41
39
34
40
34
14
43
32
14
10
23
31
25
47
24
50
15
6
38
16
8
35
25
8
1
47
39
9
22
42
39
28
14
46
34
38
46
36
36
3
12
45
16
1
23
17
12
15
42
24
40
22
25
44
29
22
32
14
31
10
33
9
29
21
49
30
32
25
36
35
34
34
20
12
33
20
43
41
30
11
37
45
23
16
36
1
33
47
41
2
3
35
6
29
17
6
36
19
48
4
33
11
29
6
44
41
45
40
3
13
9
30
36
36
50
15
29
4
29
25
7
8
46
8
3
43
45
28
6
18
37
24
34
44
17
38
28
27
30
50
13
12
34
8
24
22
14
40
46
21
44
17
16
12
24
33
39
27
42
38
2
2
20
23
26
40
16
10
11
27
7
12
29
7
17
43
8
5
22
8
11
40
17
16
28
50
33
46
47
50
1
37
9
10
47
40
28
30
38
29
42
4
49
35
50
45
26
1
8
4
15
30
28
18
33
46
10
41
25
10
27
36
20
21
34
45
14
4
8
25
33
44
26
48
14
27
16
18
28
20
10
30
16
9
10
40
25
15
42
32
16
11
13
19
49
34
2
44
26
23
42
32
29
7
47
30
39
11
2
27
38
23
9
9
8
28
37
50
12
26
2
29
38
50
28
35
13
7
18
39
41
25
19
5
23
46
50
30
24
23
12
12
32
16
3
49
16
9
31
16
11
23
9
50
16
22
29
29
48
23
37
1
23
44
49
17
11
42
24
20
3
43
36
43
12
33
42
31
49
6
25
25
41
5
47
42
6
12
5
4
32
25
14
24
25
46
39
34
26
45
4
14
21
25
11
4
32
21
29
28
36
7
43
13
18
28
26
24
40
39
38
23
34
2
34
35
48
33
8
6
17
40
8
30
28
26
26
32
30
38
1
44
28
10
29
35
27
9
23
38
15
16
47
46
37
24
38
41
48
36
17
18
46
2
27
3
14
4
6
14
43
34
36
30
43
4
38
46
9
32
8
23
1
20
23
33
40
3
7
32
6
3
41
22
15
50
33
10
8
38
7
34
38
23
2
9
27
18
45
7
3
33
29
36
11
22
44
14
19
36
8
44
9
31
31
19
33
14
9
18
20
18
32
47
33
38
7
31
33
22
30
18
14
38
19
22
46
42
30
25
37
9
1
10
38
22
29
1
49
39
42
33
35
2
41
48
13
43
38
44
16
39
14
41
33
10
31
5
42
48
14
9
2
23
14
22
13
20
37
33
43
38
14
15
26
1
8
40
31
42
50
36
30
41
12
26
24
6
35
21
50
47
3
9
50
3
15
49
4
49
46
50
44
41
6
6
13
11
33
8
14
31
30
42
38
40
22
50
30
47
16
21
40
44
31
31
10
29
23
47
5
12
40
3
38
32
27
15
16
6
38
13
39
45
30
16
