252
386
20
154
253
387
21
155
254
388
22
156
255
389
23
157
256
390
24
158
257
391
25
159
258
392
26
160
259
393
27
161
260
394
28
162
261
395
29
163
262
396
30
164
263
397
31
165
264
398
32
166
265
399
33
167
266
400
34
168
267
401
35
169
268
402
36
170
269
403
37
171
270
404
38
172
271
405
39
173
272
406
40
174
273
407
41
175
274
408
42
176
275
409
43
177
276
410
44
178
277
411
45
179
278
412
46
180
279
413
47
181
280
414
48
182
281
415
49
183
282
416
50
184
283
417
51
185
284
418
52
186
285
419
53
187
286
420
54
188
287
421
55
189
288
422
56
190
289
423
57
191
290
424
58
192
291
425
59
193
292
426
60
194
293
427
61
195
294
428
62
196
295
429
63
197
296
430
64
198
297
431
65
199
298
432
66
200
299
433
67
201
300
434
68
202
301
435
69
203
302
436
70
204
303
437
71
205
304
438
72
206
305
439
73
207
306
440
74
208
307
441
75
209
308
442
76
210
309
443
77
211
310
444
78
212
311
445
79
213
312
446
80
214
313
447
81
215
314
448
82
216
315
449
83
217
316
450
84
218
317
451
85
219
318
452
86
220
319
453
87
221
320
454
88
222
321
455
89
223
322
456
90
224
323
457
91
225
324
458
92
226
325
459
93
227
326
460
94
228
327
461
95
229
328
462
96
230
329
463
97
231
330
464
98
232
331
465
99
233
332
466
100
234
333
467
101
235
334
468
102
236
335
469
103
237
336
470
104
238
337
471
105
239
338
472
106
240
339
473
107
241
340
474
108
242
341
475
109
243
342
476
110
244
343
477
111
245
344
478
112
246
345
479
113
247
346
480
114
248
347
481
115
249
348
482
116
250
349
483
117
251
350
484
118
252
351
485
119
253
352
486
120
254
353
487
121
255
354
488
122
256
355
489
123
257
356
490
124
258
357
491
125
259
358
492
126
260
359
493
127
261
360
494
128
262
361
495
129
263
362
496
130
264
363
497
131
265
364
498
132
266
365
499
133
267
366
500
134
268
367
1
135
269
368
2
136
270
369
3
137
271
370
4
138
272
371
5
139
273
372
6
140
274
373
7
141
275
374
8
142
276
375
9
143
277
376
10
144
278
377
11
145
279
378
12
146
280
379
13
147
281
380
14
148
282
381
15
149
283
382
16
150
284
383
17
151
285
384
18
152
286
385
19
153
287
386
20
154
288
387
21
155
289
388
22
156
290
389
23
157
291
390
24
158
292
391
25
159
293
392
26
160
294
393
27
161
295
394
28
162
296
395
29
163
297
396
30
164
298
397
31
165
299
398
32
166
300
399
33
167
301
400
34
168
302
401
35
169
303
402
36
170
304
403
37
171
305
404
38
172
306
405
39
173
307
406
40
174
308
407
41
175
309
408
42
176
310
409
43
177
311
410
44
178
312
411
45
179
313
412
46
180
314
413
47
181
315
414
48
182
316
415
49
183
317
416
50
184
318
417
51
185
319
418
52
186
320
419
53
187
321
420
54
188
322
421
55
189
323
422
56
190
324
423
57
191
325
424
58
192
326
425
59
193
327
426
60
194
328
427
61
195
329
428
62
196
330
429
63
197
331
430
64
198
332
431
65
199
333
432
66
200
334
433
67
201
335
434
68
202
336
435
69
203
337
436
70
204
338
437
71
205
339
438
72
206
340
439
73
207
341
440
74
208
342
441
75
209
343
442
76
210
344
443
77
211
345
444
78
212
346
445
79
213
347
446
80
214
348
447
81
215
349
448
82
216
350
449
83
217
351
450
84
218
352
451
85
219
353
452
86
220
354
453
87
221
355
454
88
222
356
455
89
223
357
456
90
224
358
457
91
225
359
458
92
226
360
459
93
227
361
460
94
228
362
461
95
229
363
462
96
230
364
463
97
231
365
464
98
232
366
465
99
233
367
466
100
234
368
467
101
235
369
468
102
236
370
469
103
237
371
470
104
238
372
471
105
239
373
472
106
240
374
473
107
241
375
474
108
242
376
475
109
243
377
476
110
244
378
477
111
245
379
478
112
246
380
479
113
247
381
480
114
248
382
481
115
249
383
482
116
250
384
483
117
251
385
484
118
252
386
485
119
253
387
486
120
254
388
487
121
255
389
488
122
256
390
489
123
257
391
490
124
258
392
491
125
259
393
492
126
260
394
493
127
261
395
494
128
262
396
495
129
263
397
496
130
264
398
497
131
265
399
498
132
266
400
499
133
267
401
500
134
268
402
1
135
269
403
