9352
714
8335
3903
177
439
5964
9434
552
7979
5375
2311
2818
7046
866
4380
9706
6993
8691
2461
4986
7587
7377
1778
7233
1139
1695
5566
6517
6269
5450
7077
3504
6858
7965
846
4660
5482
1176
8824
6406
3451
3146
8602
3020
9300
5321
7856
3862
4870
7918
9984
7253
746
3011
8598
7650
7817
7203
148
7477
1404
585
3169
4781
4414
4919
4515
9454
6338
2105
1066
2516
2765
4367
7390
8228
6540
2848
9519
1272
5339
873
2168
2848
397
4249
3996
5346
2038
3072
2840
5592
2140
572
2841
5378
8084
6611
4585
5542
7561
1988
9630
1957
2059
8929
6937
8687
5195
7427
3184
8291
7287
5871
9718
1283
4852
1281
3439
9645
4572
1400
2124
4259
2562
9903
5476
2171
9497
7959
7552
1040
1103
9215
4859
9927
5784
5881
3880
98
5872
6877
7360
9072
5003
2985
145
6129
7982
5150
3658
187
8746
520
8757
9855
3258
8885
8697
9244
5474
9459
4158
9954
3461
7094
9287
1538
1889
2670
3356
598
1212
7336
8278
8627
2432
3107
9663
8931
6328
1751
2754
8373
1285
1051
7227
4063
9062
8943
7049
1942
5770
712
2793
1615
6386
3797
194
7237
9779
7811
4712
1259
7308
3563
3295
6869
6364
51
7321
1534
1979
6908
5699
7843
9258
320
7069
4869
2564
5998
5171
5052
6968
2571
818
3130
5585
6155
4752
8423
9671
6145
8399
5605
6942
1444
6289
8552
6371
1681
9240
9406
9544
5821
2310
2928
3710
3692
2835
9005
4344
1539
3798
7668
643
2264
9099
4099
7482
7433
8151
3328
6280
408
1225
1169
6927
9048
9436
5611
2326
9900
9994
1583
476
5069
3313
4041
8525
9717
5088
6560
2711
6860
2374
5986
2599
5128
2396
6092
4616
3684
2848
6297
1333
5708
7339
5197
3198
3222
197
648
5168
3628
1054
9983
9468
4054
5065
3072
63
5683
3335
3780
1722
421
2573
5286
8480
6573
8234
7624
7297
9183
60
5097
1742
552
6969
123
1408
6293
8130
5945
9191
2091
2052
6643
8728
8868
5681
9258
8741
3220
7916
1424
3424
8847
1951
2393
9397
9616
8506
2946
9119
2229
2627
4176
4861
473
8832
7220
4442
3416
5405
1665
6999
3500
5743
7223
7973
1063
5324
4150
6978
8579
3074
7453
9304
5766
6064
5147
7640
2461
2569
8195
6005
3925
6089
9024
554
7832
5443
8327
9328
9748
4928
8224
4736
7049
38
7666
1750
2595
3339
3096
41
5377
8990
1540
9205
5367
9980
1119
8020
2254
773
9906
2039
3610
8249
7746
5576
4339
2107
1272
5240
6618
3724
3199
5587
6177
4800
7583
7197
9277
8748
9540
4600
6646
2739
8466
6650
2410
2025
8307
8610
9272
8832
878
7533
8419
9924
2423
4665
9013
566
2209
2197
4814
5490
8143
86
3805
9333
4704
772
9557
7783
8688
3902
1680
6137
3010
8193
6497
6701
7306
2708
2935
7774
9046
4562
6349
7193
4255
7242
263
3233
9823
2823
5832
1304
8958
6128
4918
1181
110
5766
5664
936
1096
6266
7507
5002
1085
361
457
7524
5927
5267
6495
1002
6370
1474
5771
4693
4528
75
8155
9844
3264
8680
7287
6496
8795
7040
3103
6676
3605
1803
3384
4733
9514
2920
289
2203
208
7497
9621
9775
3176
2789
6477
5569
6073
390
2790
3847
2375
4530
9771
4346
1572
7429
7980
1351
5881
598
6873
7256
3805
3446
4880
6220
3304
1008
9123
826
1387
1073
5503
8075
3978
6542
7670
1916
3588
1958
7469
9465
8929
9969
4541
2445
4975
6496
5496
4877
2979
2508
2238
4458
468
9919
1133
9282
5208
7961
795
9110
2265
238
9027
1262
8261
555
2157
7520
4781
3112
978
4458
3832
9853
3865
4252
9792
8222
9509
4150
2927
8835
1087
5107
5051
6216
126
3306
2305
3255
5873
5952
8626
5252
7931
2641
3094
2327
3493
2764
8490
3779
9940
2642
7213
5483
7974
741
563
2200
2039
7926
2877
2050
4677
8116
9566
6530
106
7982
1049
6320
5030
2524
7842
2675
8323
7172
8172
5426
2430
9981
4660
1849
5059
9090
5808
1565
9581
2220
199
7684
4073
9806
246
5037
4405
4232
143
1039
5947
235
7821
7707
8011
7985
3392
8939
8760
2125
7092
4851
5539
5130
3292
7596
7334
7843
753
2199
9681
5766
3158
7496
6459
7115
1445
4791
5199
4909
5179
6317
1113
3487
8800
5806
6281
6456
9189
3223
7820
8184
8092
7653
6257
9075
7981
118
1659
4156
8611
5142
8227
2202
1373
7864
2746
4474
2837
939
2197
7262
8893
3895
3536
2766
9339
5708
2743
4940
445
1514
6714
3501
3360
1463
6913
3919
7797
3535
8611
620
8371
4806
4735
8377
385
6296
2366
2563
286
2016
6471
3444
7098
5218
3535
6047
9933
9212
6642
8198
259
9355
2819
9052
1672
949
288
9884
1790
3137
4559
9411
403
8479
8695
6766
8423
526
4287
9827
5161
1193
5512
7916
9116
4023
7982
1647
7344
1244
6947
3905
2625
2685
3410
5814
157
3714
4706
9370
9681
528
9654
630
3580
4692
3303
5948
3890
4653
7836
3037
4958
5142
8304
1795
6754
9327
6486
7790
7637
8122
3645
2028
7894
5729
3473
4338
7541
9146
3699
998
8591
1915
1476
8815
2449
4175
7042
9974
6411
4254
8685
8382
2341
5323
7771
7326
2873
9250
2835
5899
1735
1562
7215
1041
6983
8373
539
4184
485
119
1017
9943
3227
9345
2030
5132
1210
6040
7079
8728
4765
1512
2532
4097
1367
526
6719
7256
7931
6966
8197
8468
2147
6517
3080
6432
3021
2748
4864
6476
1105
865
5782
2515
9398
4623
1692
5703
4055
785
9349
8464
3647
6987
7685
1774
3782
2990
4661
73
4744
8751
6399
6060
2616
7020
7058
9744
4522
5898
6850
2774
6601
1254
2934
2514
1405
5080
1977
6323
8875
7767
2683
3929
8227
5132
7013
1833
8874
4494
4293
7265
9878
6594
3995
83
4190
6049
5212
4952
4277
3538
3108
5338
6458
5299
2270
9656
8162
9572
1548
708
