2
129
256
383
3
130
257
384
4
131
258
385
5
132
259
386
6
133
260
387
7
134
261
388
8
135
262
389
9
136
263
390
10
137
264
391
11
138
265
392
12
139
266
393
13
140
267
394
14
141
268
395
15
142
269
396
16
143
270
397
17
144
271
398
18
145
272
399
19
146
273
400
20
147
274
401
21
148
275
402
22
149
276
403
23
150
277
404
24
151
278
405
25
152
279
406
26
153
280
407
27
154
281
408
28
155
282
409
29
156
283
410
30
157
284
411
31
158
285
412
32
159
286
413
33
160
287
414
34
161
288
415
35
162
289
416
36
163
290
417
37
164
291
418
38
165
292
419
39
166
293
420
40
167
294
421
41
168
295
422
42
169
296
423
43
170
297
424
44
171
298
425
45
172
299
426
46
173
300
427
47
174
301
428
48
175
302
429
49
176
303
430
50
177
304
431
51
178
305
432
52
179
306
433
53
180
307
434
54
181
308
435
55
182
309
436
56
183
310
437
57
184
311
438
58
185
312
439
59
186
313
440
60
187
314
441
61
188
315
442
62
189
316
443
63
190
317
444
64
191
318
445
65
192
319
446
66
193
320
447
67
194
321
448
68
195
322
449
69
196
323
450
70
197
324
451
71
198
325
452
72
199
326
453
73
200
327
454
74
201
328
455
75
202
329
456
76
203
330
457
77
204
331
458
78
205
332
459
79
206
333
460
80
207
334
461
81
208
335
462
82
209
336
463
83
210
337
464
84
211
338
465
85
212
339
466
86
213
340
467
87
214
341
468
88
215
342
469
89
216
343
470
90
217
344
471
91
218
345
472
92
219
346
473
93
220
347
474
94
221
348
475
95
222
349
476
96
223
350
477
97
224
351
478
98
225
352
479
99
226
353
480
100
227
354
481
101
228
355
482
102
229
356
483
103
230
357
484
104
231
358
485
105
232
359
486
106
233
360
487
107
234
361
488
108
235
362
489
109
236
363
490
110
237
364
491
111
238
365
492
112
239
366
493
113
240
367
494
114
241
368
495
115
242
369
496
116
243
370
497
117
244
371
498
118
245
372
499
119
246
373
500
120
247
374
1
121
248
375
2
122
249
376
3
123
250
377
4
124
251
378
5
125
252
379
6
126
253
380
7
127
254
381
8
128
255
382
9
129
256
383
10
130
257
384
11
131
258
385
12
132
259
386
13
133
260
387
14
134
261
388
15
135
262
389
16
136
263
390
17
137
264
391
18
138
265
392
19
139
266
393
20
140
267
394
21
141
268
395
22
142
269
396
23
143
270
397
24
144
271
398
25
145
272
399
26
146
273
400
27
147
274
401
28
148
275
402
29
149
276
403
30
150
277
404
31
151
278
405
32
152
279
406
33
153
280
407
34
154
281
408
35
155
282
409
36
156
283
410
37
157
284
411
38
158
285
412
39
159
286
413
40
160
287
414
41
161
288
415
42
162
289
416
43
163
290
417
44
164
291
418
45
165
292
419
46
166
293
420
47
167
294
421
48
168
295
422
49
169
296
423
50
170
297
424
51
171
298
425
52
172
299
426
53
173
300
427
54
174
301
428
55
175
302
429
56
176
303
430
57
177
304
431
58
178
305
432
59
179
306
433
60
180
307
434
61
181
308
435
62
182
309
436
63
183
310
437
64
184
311
438
65
185
312
439
66
186
313
440
67
187
314
441
68
188
315
442
69
189
316
443
70
190
317
444
71
191
318
445
72
192
319
446
73
193
320
447
74
194
321
448
75
195
322
449
76
196
323
450
77
197
324
451
78
198
325
452
79
199
326
453
80
200
327
454
81
201
328
455
82
202
329
456
83
203
330
457
84
204
331
458
85
205
332
459
86
206
333
460
87
207
334
461
88
208
335
462
89
209
336
463
90
210
337
464
91
211
338
465
92
212
339
466
93
213
340
467
94
214
341
468
95
215
342
469
96
216
343
470
97
217
344
471
98
218
345
472
99
219
346
473
100
220
347
474
101
221
348
475
102
222
349
476
103
223
350
477
104
224
351
478
105
225
352
479
106
226
353
480
107
227
354
481
108
228
355
482
109
229
356
483
110
230
357
484
111
231
358
485
112
232
359
486
113
233
360
487
114
234
361
488
115
235
362
489
116
236
363
490
117
237
364
491
118
238
365
492
119
239
366
493
120
240
367
494
121
241
368
495
122
242
369
496
123
243
370
497
124
244
371
498
125
245
372
499
126
246
373
500
127
247
374
1
128
248
375
2
129
249
376
3
130
250
377
4
131
251
378
5
132
