846.07
288.34
150.65
674.98
857.84
205.26
507.31
152.82
290.84
243.37
570.26
142.28
885.91
588.76
351.15
855.09
73.94
167.66
853.98
381.84
284.28
862.53
144.16
496.05
667.38
63.93
782.69
947.38
607.78
319.96
152.01
592.99
437.12
247.78
853.68
322.90
600.02
804.29
405.37
90.35
354.85
188.66
235.92
354.75
446.54
659.22
811.37
438.58
851.61
379.45
1.05
5.60
454.11
11.35
248.98
69.06
40.03
741.29
433.35
845.40
50.45
94.57
325.03
374.38
745.51
442.95
376.84
78.16
155.42
999.77
4.28
335.32
519.39
220.61
689.65
674.73
632.12
797.51
346.49
509.93
227.85
602.84
265.50
991.19
640.27
942.93
801.94
752.10
363.43
541.34
602.85
406.03
120.72
135.23
262.43
228.06
106.20
895.79
776.66
597.16
641.21
802.88
605.22
202.65
592.24
971.31
198.06
344.97
956.30
770.58
159.05
81.15
568.25
269.77
706.69
355.43
835.41
841.40
656.20
914.74
579.21
764.34
255.15
774.28
435.05
435.51
195.78
69.76
880.44
494.23
996.04
285.01
151.19
810.06
499.87
938.39
452.75
251.85
335.61
412.85
906.59
361.62
83.80
20.24
839.13
522.16
885.14
512.36
988.72
104.59
883.76
413.50
809.45
155.27
501.23
803.90
755.08
404.52
846.18
51.45
905.14
18.85
341.91
492.44
844.74
904.83
888.86
79.65
210.74
601.28
904.29
701.89
684.14
35.74
512.35
894.55
862.72
373.77
431.29
161.48
10.97
895.48
557.49
309.61
962.73
947.06
200.52
758.66
631.74
449.87
783.02
521.88
188.59
31.61
31.79
9.86
111.21
270.23
524.93
450.34
704.88
886.84
95.36
566.76
234.39
527.11
248.21
27.10
233.54
187.64
56.84
464.32
739.37
146.30
619.84
295.74
614.06
61.87
104.62
298.77
602.27
622.66
596.62
591.90
131.40
861.49
648.77
949.36
908.83
107.94
154.45
618.65
155.17
745.34
589.78
591.34
713.37
835.65
32.00
621.89
690.57
175.84
508.54
741.31
827.25
587.89
690.35
429.24
605.40
319.29
806.17
968.01
650.20
970.68
606.14
677.50
207.25
43.96
862.76
985.89
524.63
501.82
729.09
243.15
871.88
432.49
282.09
63.54
307.24
136.92
739.40
726.55
433.90
33.77
416.50
316.61
722.10
620.55
189.91
247.19
960.15
431.73
578.18
293.28
349.11
498.13
549.63
117.17
459.64
44.90
717.58
632.07
53.62
315.21
197.47
419.51
996.42
612.34
978.23
735.55
965.67
381.46
830.36
12.48
174.81
274.29
851.78
325.32
298.07
825.64
529.09
467.99
610.52
474.02
4.04
191.80
100.94
493.71
294.99
126.96
129.33
120.22
779.45
386.58
942.78
195.32
306.10
51.55
505.63
787.33
94.68
53.69
573.93
891.53
114.36
291.94
681.15
629.13
520.91
859.59
718.16
268.93
690.00
569.70
683.32
260.35
377.73
989.28
600.38
889.76
243.46
120.70
937.36
9.63
330.34
836.50
284.59
166.00
966.31
149.26
440.44
103.90
236.80
169.00
433.46
637.31
127.76
576.11
558.15
310.87
291.44
414.02
555.16
83.64
334.60
514.35
513.25
63.24
147.59
246.15
484.81
574.47
985.24
526.12
606.51
991.08
791.11
614.66
22.92
823.76
971.92
557.72
124.57
900.72
627.15
199.72
362.51
32.69
219.21
97.18
252.06
807.47
914.36
76.31
124.54
456.42
860.57
171.71
110.36
1.69
644.06
739.19
85.82
110.61
56.70
187.15
769.14
20.09
266.40
160.85
366.92
266.53
187.39
761.40
708.22
52.68
510.10
999.64
784.88
739.66
11.94
163.97
767.58
686.66
330.52
869.77
43.07
898.02
291.86
411.05
546.98
420.72
229.45
473.19
33.00
455.17
927.37
969.74
843.60
703.69
843.33
136.83
180.05
404.16
714.43
640.78
447.31
684.98
72.11
378.61
905.37
866.72
627.40
476.91
551.21
587.35
696.43
833.46
81.76
760.24
352.73
450.77
917.87
216.09
762.32
295.72
289.76
137.42
107.06
408.49
482.91
633.51
280.34
641.12
274.93
669.74
749.50
597.42
128.98
125.92
672.24
713.93
220.95
440.27
275.73
109.49
230.60
877.05
458.39
976.61
380.59
223.95
988.32
490.84
6.74
604.40
403.22
978.40
580.15
585.92
601.96
469.27
68.26
576.93
357.70
160.62
528.04
822.42
355.16
293.25
836.88
636.63
784.20
360.75
408.34
959.68
611.37
704.76
898.69
550.59
147.18
341.27
665.66
46.31
282.99
229.51
521.33
20.52
431.60
398.71
19.56
266.96
436.45
873.69
982.92
533.95
221.08
668.61
660.53
724.37
855.05
348.43
87.06
931.12
108.99
874.87
790.64
707.19
817.88
986.32
811.29
179.77
710.08
373.25
660.43
76.21
395.07
708.03
887.02
259.58
320.12
844.47
324.60
295.89
261.96
453.68
805.95
217.37
300.24
450.13
132.12
22.07
594.88
382.96
33.17
236.90
851.96
368.66
476.80
778.09
595.27
933.77
736.47
384.70
374.07
429.83
584.06
262.30
103.87
803.67
943.14
371.76
585.92
549.36
483.02
355.36
778.64
899.19
3.37
12.37
421.00
49.24
679.07
635.10
3.91
50.08
759.20
718.15
137.60
118.80
911.16
278.81
835.73
301.39
734.07
31.43
69.55
272.16
52.87
781.29
453.31
587.78
788.00
380.65
198.61
652.49
532.78
624.35
174.43
828.20
538.99
960.70
725.79
777.51
749.70
27.94
353.63
691.44
844.28
152.89
397.94
26.01
810.56
834.40
999.65
963.44
799.60
525.78
815.03
106.40
276.96
735.07
782.26
813.63
414.86
711.89
841.72
133.96
978.02
186.32
765.91
741.93
266.54
374.55
513.21
388.74
219.37
891.85
445.19
938.75
403.58
9.31
841.84
41.03
475.98
978.34
457.36
806.94
861.29
265.84
689.95
750.62
490.13
8.93
438.41
954.96
244.19
470.84
591.19
299.69
216.29
36.73
237.18
439.84
900.34
314.59
846.10
775.14
955.61
174.04
332.87
358.84
344.34
244.63
765.37
595.84
419.50
748.03
788.17
153.57
879.37
483.78
267.18
270.51
159.14
606.87
15.94
374.75
985.94
359.92
504.58
106.82
422.60
865.49
909.91
271.96
680.28
988.14
411.49
96.22
89.99
253.27
119.88
147.46
35.41
60.08
71.45
323.62
781.30
636.34
887.10
508.87
380.24
279.56
487.21
846.94
847.15
502.97
988.73
322.83
498.43
624.65
111.27
287.04
309.19
960.12
905.77
604.90
928.90
744.26
374.86
753.83
353.22
766.78
366.71
697.80
768.45
360.43
977.35
887.00
791.12
806.82
957.75
92.10
675.16
910.53
702.87
164.03
764.02
946.05
244.62
746.04
434.58
563.00
964.68
787.56
885.74
585.37
330.36
46.69
709.23
142.02
609.59
868.76
911.96
828.93
940.47
423.38
76.94
618.91
631.71
884.61
569.52
729.97
949.17
686.67
527.86
752.13
765.08
768.83
803.66
721.64
905.69
287.44
990.68
187.47
241.73
5.43
662.00
535.67
162.48
806.76
982.50
431.06
207.63
435.36
643.01
97.80
628.62
971.38
477.86
533.88
8.14
128.14
35.76
825.97
139.06
703.56
747.49
790.36
52.47
64.57
517.38
494.98
710.65
998.03
776.74
881.81
515.39
85.39
783.70
926.97
311.73
756.61
207.27
229.00
836.08
142.28
938.24
970.80
617.31
600.68
884.25
661.00
723.73
23.75
814.60
762.18
922.79
949.38
318.79
454.68
601.59
231.48
610.60
843.40
352.76
967.71
670.52
816.98
874.33
733.95
994.63
538.86
925.87
769.30
638.27
257.24
13.46
745.84
44.82
339.53
407.82
310.39
102.28
35.17
14.26
217.11
884.94
220.21
15.28
279.45
653.24
228.41
964.00
190.86
298.02
995.22
474.43
832.63
170.36
394.48
936.79
510.42
416.01
14.27
333.78
692.01
362.69
991.58
232.21
961.92
228.17
983.28
651.38
784.93
613.60
205.80
497.86
55.51
149.25
123.88
401.64
288.47
342.29
753.23
417.99
385.08
701.33
205.62
464.75
59.56
284.07
430.35
327.78
779.48
13.42
17.48
378.76
414.46
936.96
312.85
520.95
499.40
13.83
2.05
699.02
317.08
743.58
40.94
19.77
902.21
683.36
926.96
158.22
144.28
651.93
92.44
484.49
97.66
264.92
141.77
311.98
840.12
205.14
440.17
550.30
234.72
149.51
628.72
576.13
803.34
335.88
74.56
681.89
136.14
643.17
653.45
711.68
248.80
