6251
6251
6251
6251
6252
6252
6252
6252
6253
6253
6253
6253
6254
6254
6254
6254
6255
6255
6255
6255
6256
6256
6256
6256
6257
6257
6257
6257
6258
6258
6258
6258
6259
6259
6259
6259
6260
6260
6260
6260
6261
6261
6261
6261
6262
6262
6262
6262
6263
6263
6263
6263
6264
6264
6264
6264
6265
6265
6265
6265
6266
6266
6266
6266
6267
6267
6267
6267
6268
6268
6268
6268
6269
6269
6269
6269
6270
6270
6270
6270
6271
6271
6271
6271
6272
6272
6272
6272
6273
6273
6273
6273
6274
6274
6274
6274
6275
6275
6275
6275
6276
6276
6276
6276
6277
6277
6277
6277
6278
6278
6278
6278
6279
6279
6279
6279
6280
6280
6280
6280
6281
6281
6281
6281
6282
6282
6282
6282
6283
6283
6283
6283
6284
6284
6284
6284
6285
6285
6285
6285
6286
6286
6286
6286
6287
6287
6287
6287
6288
6288
6288
6288
6289
6289
6289
6289
6290
6290
6290
6290
6291
6291
6291
6291
6292
6292
6292
6292
6293
6293
6293
6293
6294
6294
6294
6294
6295
6295
6295
6295
6296
6296
6296
6296
6297
6297
6297
6297
6298
6298
6298
6298
6299
6299
6299
6299
6300
6300
6300
6300
6301
6301
6301
6301
6302
6302
6302
6302
6303
6303
6303
6303
6304
6304
6304
6304
6305
6305
6305
6305
6306
6306
6306
6306
6307
6307
6307
6307
6308
6308
6308
6308
6309
6309
6309
6309
6310
6310
6310
6310
6311
6311
6311
6311
6312
6312
6312
6312
6313
6313
6313
6313
6314
6314
6314
6314
6315
6315
6315
6315
6316
6316
6316
6316
6317
6317
6317
6317
6318
6318
6318
6318
6319
6319
6319
6319
6320
6320
6320
6320
6321
6321
6321
6321
6322
6322
6322
6322
6323
6323
6323
6323
6324
6324
6324
6324
6325
6325
6325
6325
6326
6326
6326
6326
6327
6327
6327
6327
6328
6328
6328
6328
6329
6329
6329
6329
6330
6330
6330
6330
6331
6331
6331
6331
6332
6332
6332
6332
6333
6333
6333
6333
6334
6334
6334
6334
6335
6335
6335
6335
6336
6336
6336
6336
6337
6337
6337
6337
6338
6338
6338
6338
6339
6339
6339
6339
6340
6340
6340
6340
6341
6341
6341
6341
6342
6342
6342
6342
6343
6343
6343
6343
6344
6344
6344
6344
6345
6345
6345
6345
6346
6346
6346
6346
6347
6347
6347
6347
6348
6348
6348
6348
6349
6349
6349
6349
6350
6350
6350
6350
6351
6351
6351
6351
6352
6352
6352
6352
6353
6353
6353
6353
6354
6354
6354
6354
6355
6355
6355
6355
6356
6356
6356
6356
6357
6357
6357
6357
6358
6358
6358
6358
6359
6359
6359
6359
6360
6360
6360
6360
6361
6361
6361
6361
6362
6362
6362
6362
6363
6363
6363
6363
6364
6364
6364
6364
6365
6365
6365
6365
6366
6366
6366
6366
6367
6367
6367
6367
6368
6368
6368
6368
6369
6369
6369
6369
6370
6370
6370
6370
6371
6371
6371
6371
6372
6372
6372
6372
6373
6373
6373
6373
6374
6374
6374
6374
6375
6375
6375
6375
6376
6376
6376
6376
6377
6377
6377
6377
6378
6378
6378
6378
6379
6379
6379
6379
6380
6380
6380
6380
6381
6381
6381
6381
6382
6382
6382
6382
6383
6383
6383
6383
6384
6384
6384
6384
6385
6385
6385
6385
6386
6386
6386
6386
6387
6387
6387
6387
6388
6388
6388
6388
6389
6389
6389
6389
6390
6390
6390
6390
6391
6391
6391
6391
6392
6392
6392
6392
6393
6393
6393
6393
6394
6394
6394
6394
6395
6395
6395
6395
6396
6396
6396
6396
6397
6397
6397
6397
6398
6398
6398
6398
6399
6399
6399
6399
6400
6400
6400
6400
6401
6401
6401
6401
6402
6402
6402
6402
6403
6403
6403
6403
6404
6404
6404
6404
6405
6405
6405
6405
6406
6406
6406
6406
6407
6407
6407
6407
6408
6408
6408
6408
6409
6409
6409
6409
6410
6410
6410
6410
6411
6411
6411
6411
6412
6412
6412
6412
6413
6413
6413
6413
6414
6414
6414
6414
6415
6415
6415
6415
6416
6416
6416
6416
6417
6417
6417
6417
6418
6418
6418
6418
6419
6419
6419
6419
6420
6420
6420
6420
6421
6421
6421
6421
6422
6422
6422
6422
6423
6423
6423
6423
6424
6424
6424
6424
6425
6425
6425
6425
6426
6426
6426
6426
6427
6427
6427
6427
6428
6428
6428
6428
6429
6429
6429
6429
6430
6430
6430
6430
6431
6431
6431
6431
6432
6432
6432
6432
6433
6433
6433
6433
6434
6434
6434
6434
6435
6435
6435
6435
6436
6436
6436
6436
6437
6437
6437
6437
6438
6438
6438
6438
6439
6439
6439
6439
6440
6440
6440
6440
6441
6441
6441
6441
6442
6442
6442
6442
6443
6443
6443
6443
6444
6444
6444
6444
6445
6445
6445
6445
6446
6446
6446
6446
6447
6447
6447
6447
6448
6448
6448
6448
6449
6449
6449
6449
6450
6450
6450
6450
6451
6451
6451
6451
6452
6452
6452
6452
6453
6453
6453
6453
6454
6454
6454
6454
6455
6455
6455
6455
6456
6456
6456
6456
6457
6457
6457
6457
6458
6458
6458
6458
6459
6459
6459
6459
6460
6460
6460
6460
6461
6461
6461
6461
6462
6462
6462
6462
6463
6463
6463
6463
6464
6464
6464
6464
6465
6465
6465
6465
6466
6466
6466
6466
6467
6467
6467
6467
6468
6468
6468
6468
6469
6469
6469
6469
6470
6470
6470
6470
6471
6471
6471
6471
6472
6472
6472
6472
6473
6473
6473
6473
6474
6474
6474
6474
6475
6475
6475
6475
6476
6476
6476
6476
6477
6477
6477
6477
6478
6478
6478
6478
6479
6479
6479
6479
6480
6480
6480
6480
6481
6481
6481
6481
6482
6482
6482
6482
6483
6483
6483
6483
6484
6484
6484
6484
6485
6485
6485
6485
6486
6486
6486
6486
6487
6487
6487
6487
6488
6488
6488
6488
6489
6489
6489
6489
6490
6490
6490
6490
6491
6491
6491
6491
6492
6492
6492
6492
6493
6493
6493
6493
6494
6494
6494
6494
6495
6495
6495
6495
6496
6496
6496
6496
6497
6497
6497
6497
6498
6498
6498
6498
6499
6499
6499
6499
6500
6500
6500
6500
