9501
9501
9501
9501
9502
9502
9502
9502
9503
9503
9503
9503
9504
9504
9504
9504
9505
9505
9505
9505
9506
9506
9506
9506
9507
9507
9507
9507
9508
9508
9508
9508
9509
9509
9509
9509
9510
9510
9510
9510
9511
9511
9511
9511
9512
9512
9512
9512
9513
9513
9513
9513
9514
9514
9514
9514
9515
9515
9515
9515
9516
9516
9516
9516
9517
9517
9517
9517
9518
9518
9518
9518
9519
9519
9519
9519
9520
9520
9520
9520
9521
9521
9521
9521
9522
9522
9522
9522
9523
9523
9523
9523
9524
9524
9524
9524
9525
9525
9525
9525
9526
9526
9526
9526
9527
9527
9527
9527
9528
9528
9528
9528
9529
9529
9529
9529
9530
9530
9530
9530
9531
9531
9531
9531
9532
9532
9532
9532
9533
9533
9533
9533
9534
9534
9534
9534
9535
9535
9535
9535
9536
9536
9536
9536
9537
9537
9537
9537
9538
9538
9538
9538
9539
9539
9539
9539
9540
9540
9540
9540
9541
9541
9541
9541
9542
9542
9542
9542
9543
9543
9543
9543
9544
9544
9544
9544
9545
9545
9545
9545
9546
9546
9546
9546
9547
9547
9547
9547
9548
9548
9548
9548
9549
9549
9549
9549
9550
9550
9550
9550
9551
9551
9551
9551
9552
9552
9552
9552
9553
9553
9553
9553
9554
9554
9554
9554
9555
9555
9555
9555
9556
9556
9556
9556
9557
9557
9557
9557
9558
9558
9558
9558
9559
9559
9559
9559
9560
9560
9560
9560
9561
9561
9561
9561
9562
9562
9562
9562
9563
9563
9563
9563
9564
9564
9564
9564
9565
9565
9565
9565
9566
9566
9566
9566
9567
9567
9567
9567
9568
9568
9568
9568
9569
9569
9569
9569
9570
9570
9570
9570
9571
9571
9571
9571
9572
9572
9572
9572
9573
9573
9573
9573
9574
9574
9574
9574
9575
9575
9575
9575
9576
9576
9576
9576
9577
9577
9577
9577
9578
9578
9578
9578
9579
9579
9579
9579
9580
9580
9580
9580
9581
9581
9581
9581
9582
9582
9582
9582
9583
9583
9583
9583
9584
9584
9584
9584
9585
9585
9585
9585
9586
9586
9586
9586
9587
9587
9587
9587
9588
9588
9588
9588
9589
9589
9589
9589
9590
9590
9590
9590
9591
9591
9591
9591
9592
9592
9592
9592
9593
9593
9593
9593
9594
9594
9594
9594
9595
9595
9595
9595
9596
9596
9596
9596
9597
9597
9597
9597
9598
9598
9598
9598
9599
9599
9599
9599
9600
9600
9600
9600
9601
9601
9601
9601
9602
9602
9602
9602
9603
9603
9603
9603
9604
9604
9604
9604
9605
9605
9605
9605
9606
9606
9606
9606
9607
9607
9607
9607
9608
9608
9608
9608
9609
9609
9609
9609
9610
9610
9610
9610
9611
9611
9611
9611
9612
9612
9612
9612
9613
9613
9613
9613
9614
9614
9614
9614
9615
9615
9615
9615
9616
9616
9616
9616
9617
9617
9617
9617
9618
9618
9618
9618
9619
9619
9619
9619
9620
9620
9620
9620
9621
9621
9621
9621
9622
9622
9622
9622
9623
9623
9623
9623
9624
9624
9624
9624
9625
9625
9625
9625
9626
9626
9626
9626
9627
9627
9627
9627
9628
9628
9628
9628
9629
9629
9629
9629
9630
9630
9630
9630
9631
9631
9631
9631
9632
9632
9632
9632
9633
9633
9633
9633
9634
9634
9634
9634
9635
9635
9635
9635
9636
9636
9636
9636
9637
9637
9637
9637
9638
9638
9638
9638
9639
9639
9639
9639
9640
9640
9640
9640
9641
9641
9641
9641
9642
9642
9642
9642
9643
9643
9643
9643
9644
9644
9644
9644
9645
9645
9645
9645
9646
9646
9646
9646
9647
9647
9647
9647
9648
9648
9648
9648
9649
9649
9649
9649
9650
9650
9650
9650
9651
9651
9651
9651
9652
9652
9652
9652
9653
9653
9653
9653
9654
9654
9654
9654
9655
9655
9655
9655
9656
9656
9656
9656
9657
9657
9657
9657
9658
9658
9658
9658
9659
9659
9659
9659
9660
9660
9660
9660
9661
9661
9661
9661
9662
9662
9662
9662
9663
9663
9663
9663
9664
9664
9664
9664
9665
9665
9665
9665
9666
9666
9666
9666
9667
9667
9667
9667
9668
9668
9668
9668
9669
9669
9669
9669
9670
9670
9670
9670
9671
9671
9671
9671
9672
9672
9672
9672
9673
9673
9673
9673
9674
9674
9674
9674
9675
9675
9675
9675
9676
9676
9676
9676
9677
9677
9677
9677
9678
9678
9678
9678
9679
9679
9679
9679
9680
9680
9680
9680
9681
9681
9681
9681
9682
9682
9682
9682
9683
9683
9683
9683
9684
9684
9684
9684
9685
9685
9685
9685
9686
9686
9686
9686
9687
9687
9687
9687
9688
9688
9688
9688
9689
9689
9689
9689
9690
9690
9690
9690
9691
9691
9691
9691
9692
9692
9692
9692
9693
9693
9693
9693
9694
9694
9694
9694
9695
9695
9695
9695
9696
9696
9696
9696
9697
9697
9697
9697
9698
9698
9698
9698
9699
9699
9699
9699
9700
9700
9700
9700
9701
9701
9701
9701
9702
9702
9702
9702
9703
9703
9703
9703
9704
9704
9704
9704
9705
9705
9705
9705
9706
9706
9706
9706
9707
9707
9707
9707
9708
9708
9708
9708
9709
9709
9709
9709
9710
9710
9710
9710
9711
9711
9711
9711
9712
9712
9712
9712
9713
9713
9713
9713
9714
9714
9714
9714
9715
9715
9715
9715
9716
9716
9716
9716
9717
9717
9717
9717
9718
9718
9718
9718
9719
9719
9719
9719
9720
9720
9720
9720
9721
9721
9721
9721
9722
9722
9722
9722
9723
9723
9723
9723
9724
9724
9724
9724
9725
9725
9725
9725
9726
9726
9726
9726
9727
9727
9727
9727
9728
9728
9728
9728
9729
9729
9729
9729
9730
9730
9730
9730
9731
9731
9731
9731
9732
9732
9732
9732
9733
9733
9733
9733
9734
9734
9734
9734
9735
9735
9735
9735
9736
9736
9736
9736
9737
9737
9737
9737
9738
9738
9738
9738
9739
9739
9739
9739
9740
9740
9740
9740
9741
9741
9741
9741
9742
9742
9742
9742
9743
9743
9743
9743
9744
9744
9744
9744
9745
9745
9745
9745
9746
9746
9746
9746
9747
9747
9747
9747
9748
9748
9748
9748
9749
9749
9749
9749
9750
9750
9750
9750
