2224
5455
2393
6362
3779
4126
1112
3356
1819
7160
9098
3940
4334
3496
656
2194
8791
380
6569
6125
4039
3497
9461
4567
3232
9748
283
2433
7229
1711
3399
2973
8264
1468
7560
1935
658
4477
552
4741
6052
349
255
7987
9506
3708
2152
9193
2189
347
251
6608
5195
6076
6386
4840
9442
9651
6188
6995
731
4188
7129
946
5246
3036
5343
970
7166
108
2203
7967
2175
2486
2003
7899
1343
9014
6966
3891
5854
7650
523
1925
7571
5309
7071
1638
3670
7581
6424
2172
8173
530
1201
1609
9544
8090
8838
5168
1176
1580
6392
8968
3406
7342
4464
8535
8912
3398
6414
3766
7287
1477
6290
8706
2182
6470
7335
6292
5003
1037
4604
5292
4926
5452
8441
5136
7854
2129
1532
168
8192
1895
9550
6228
9531
9839
7155
1790
8407
4737
9147
4574
4593
191
7551
9500
2312
5177
7797
535
9876
7062
51
9820
9441
2095
1415
244
4649
3427
2556
7169
8392
7787
6810
2265
6001
476
7624
9085
1622
3207
2893
3072
6157
5253
344
258
5579
6850
7003
9844
781
6432
7247
6228
7673
4655
704
1763
181
1410
8250
7173
6265
3170
3258
2771
632
9506
2332
1755
6446
5255
5849
3795
7576
1144
6146
5416
6680
1627
873
9448
44
5327
6261
4019
7977
6385
1527
1304
6545
4343
9353
3931
3298
2839
2279
3732
807
9793
7652
4129
2778
2125
8769
6251
7283
1994
3284
4208
9619
6315
162
426
9737
3202
6299
3168
4822
8632
4478
8463
7162
4205
6419
5347
7460
8014
6468
4474
9896
2493
1314
133
3546
9166
2955
3415
9420
1517
3802
5643
2593
9360
4990
1343
3930
6073
6
2970
6070
8066
331
6685
3985
2526
7183
5212
7564
7343
1890
9036
1756
229
3300
6822
6677
682
8271
1716
6182
7650
5816
8030
1680
18
6814
2200
6059
2042
2892
6487
484
9346
1090
7221
2599
3193
4416
2452
5024
5674
6430
2635
4877
2500
7133
8968
6723
3802
860
120
5607
5097
7368
5128
52
3947
3041
5037
2422
7073
9117
1783
4101
7940
5151
2048
4527
4572
735
1935
8255
3992
7310
1462
7141
306
2109
3432
4043
2265
3638
8995
9965
3643
1876
150
441
9628
3968
6621
3176
2336
6493
3353
6471
7184
8484
8552
5741
2889
3012
8070
1782
9607
5218
4319
350
914
918
5987
1634
8483
137
6803
3117
2560
4140
3299
9861
2230
5532
3190
9845
2641
8051
692
8979
3206
8610
8669
4860
9007
5402
8727
3071
4025
4803
4278
1896
4419
926
1416
5466
5647
5779
7062
9446
4010
9566
8684
3774
3684
2017
2468
6683
4377
6087
9768
8624
9128
8693
8496
478
8504
6420
5986
4446
7253
8144
9628
4977
3380
8670
5891
2835
8660
675
3820
9187
4660
885
6972
3403
939
3986
9430
5382
489
4781
1215
4680
7760
3487
4430
6689
485
2012
7377
5758
1521
5085
3878
4284
5007
4255
597
212
1198
5410
4834
5397
5249
8138
8757
7833
5731
8474
4781
139
6126
7364
6613
901
2939
4672
8844
4879
1567
2995
6499
6001
2693
7240
2261
7825
2173
4550
8612
5562
5356
6300
8946
1580
6742
6077
3852
9829
8503
1632
866
5073
7377
5845
2161
9000
3822
3389
848
3475
4289
248
6014
7547
7877
297
403
7355
5178
8313
6846
9228
8383
9363
1328
6903
5950
6942
7670
5345
3447
8210
7957
8068
6844
4921
3060
130
7401
7106
3751
3891
2478
9395
6863
2118
3812
2658
1401
1637
9011
7526
8067
9441
2456
9252
6317
2180
9979
3143
7337
4422
3731
4194
3215
6678
2907
2436
5270
6692
3328
8009
37
9589
3881
1170
9749
6614
529
4228
2185
6063
6482
3169
9328
7869
1612
242
7219
1626
5027
1466
3728
9337
9073
8302
9094
2937
4058
5332
9064
7985
5365
7507
2199
5342
9678
7599
8309
7657
4674
9756
1219
3876
6974
9901
568
4966
187
8670
8549
2054
4708
1399
1550
3776
4622
6677
979
5693
7198
8026
2782
2314
9336
1874
8228
5726
4234
4122
6244
2875
1307
9998
7705
364
5535
3615
1238
9951
7918
3364
2069
9315
38
1448
4454
3718
9116
6904
9450
4666
6663
6202
925
2286
2120
2675
7713
2708
1593
8029
5214
9202
6744
1741
9714
5278
5876
3983
8171
3156
2795
8429
3565
3452
7482
7684
2844
3334
398
7587
5956
8160
1939
6309
1844
909
546
4679
3862
4959
8242
993
3759
6998
3819
1614
9187
4246
7274
5227
2465
6241
2287
8889
6284
8536
2140
8614
6777
6455
3240
4171
4361
9836
4470
9352
7130
9813
7337
3454
6975
8932
8645
1976
1742
8191
4380
2450
4633
988
5367
582
1114
3846
4103
9262
9109
7888
1153
8971
8242
1546
6682
103
8483
4301
9375
8265
4881
4914
3672
2772
2934
5942
2627
5136
9286
3021
6857
6450
1976
3909
4951
4162
6430
3864
7355
3433
8588
8667
8349
7333
1238
8343
1943
6283
8845
9641
3404
5978
724
2875
2269
4677
4044
3878
7300
1509
2551
5636
6653
7774
639
394
7369
14
4354
8574
6664
2935
7400
8908
1515
3700
264
3627
7568
6952
9278
2809
3754
7341
4541
5720
9592
4655
6817
1983
830
9268
6756
9624
1404
4034
1302
3351
2600
53
4435
4993
3725
8184
499
6617
2039
9610
1917
2979
8666
7659
6445
7708
1061
1812
879
2957
2268
6408
5686
4411
8022
8250
4360
3470
2869
7914
6941
4284
9166
3436
9265
6891
3708
322
4343
4108
3360
3943
1761
5693
717
94
4294
2822
4909
8180
3690
866
4986
5692
1033
8832
4652
2948
6642
8537
4751
9921
6749
9863
9693
7193
2527
9229
9490
2832
6213
2549
3206
3299
5589
3121
5474
6910
1556
8441
5454
4866
7485
5660
7156
8883
4258
5401
9626
4798
9199
1431
531
3763
7952
1460
6796
7524
6037
4689
306
9622
7077
41
7218
9530
5435
1857
195
2839
6636
4765
8957
4081
5156
5277
3927
6478
3458
7827
4395
6670
6621
1539
3315
6303
9158
