7405
5284
5160
6278
6580
5966
8732
155
1840
9662
8430
9669
1390
1666
1234
8644
31
5045
1093
7756
4426
1833
9765
5855
632
9620
9360
1373
5670
295
3602
2999
2944
2836
9397
3722
6130
5269
7353
2662
151
7666
9039
1059
7215
2555
2747
9811
7440
689
8860
1217
3211
7229
4721
9931
7008
4730
3007
7728
1410
280
183
4949
9494
1113
7645
1183
6282
1062
5010
3875
697
8402
9725
2317
3592
2028
1864
1695
6492
1685
7083
5246
4728
1182
7728
8151
3729
6799
8072
9149
2783
3913
3378
8774
7103
766
1228
6442
6724
4716
8720
7526
7427
3597
6608
5431
1940
7886
3142
2375
1271
4584
4766
1517
5179
9716
1350
8850
5385
7211
1431
2320
2208
2185
3261
9377
8683
9648
560
3275
5917
9707
9547
8235
8546
6695
2196
530
6364
9940
7899
7722
3358
6201
7132
6396
4421
9411
5287
2830
9570
2625
9087
3381
9383
6210
2581
2306
5783
6303
8727
7411
7735
9038
9780
2579
2842
2493
7550
9441
9866
1592
1889
95
4571
924
7178
8942
7048
326
8177
8400
2161
1187
1835
6884
1661
7961
3155
7183
574
4325
2962
2062
5189
9972
178
7702
5393
9626
5845
6546
6722
7712
4682
9590
4771
9503
6400
4099
7487
3947
6814
8311
2603
6682
8193
9095
3523
6016
9758
2992
4934
6130
1467
4981
2040
3331
4014
6477
6313
7947
3568
9590
667
9772
9413
3383
9020
9560
6147
4865
2775
4381
5868
1956
6985
6056
3943
2914
7485
9123
4466
2243
8220
2853
8773
6275
7934
1228
6260
7947
6444
8412
8067
9109
6046
8694
7446
5555
784
5158
5953
4703
7323
6860
3602
5580
4630
1920
8903
2978
6386
4347
1247
8959
6643
7331
4112
9906
1864
8479
247
8570
6917
1844
8777
1491
5793
8844
7112
3466
274
2108
7794
7596
163
6915
4072
2943
7088
9805
5552
5993
973
4475
2931
7062
4385
9615
6749
5264
1212
5689
9051
3259
9887
2982
1239
2276
997
5513
5123
506
2585
6368
7032
6111
4796
8305
5965
2274
132
6515
2195
4913
5069
7973
9531
1271
7524
6667
7997
5898
3645
6211
8217
2746
6800
9020
2401
8880
8961
5460
260
16
7587
3538
877
5230
937
8733
5657
6581
6213
2030
936
9110
2499
5325
6291
7381
6036
4297
5968
4843
4986
4348
4679
3843
9838
1485
9159
507
6890
7936
633
8722
709
2134
6149
9332
4671
9771
4358
6248
5725
6782
9846
9941
224
1593
2615
7150
1029
3616
6048
4470
131
3080
4127
2781
8527
4430
5955
402
8227
4716
4243
3443
8066
5270
5144
6691
7245
2594
875
5222
5897
1283
1182
2467
9242
2939
76
4642
9457
6099
3530
2784
2781
162
2721
8154
4650
6071
3168
5124
2267
8587
7565
3312
8739
613
3345
527
3965
6033
4483
879
2116
3794
6841
2076
9882
9616
5188
7500
243
7505
5956
6429
297
5776
1122
4167
8736
6845
7646
4818
1940
7102
1962
3577
8907
3297
2145
6858
331
28
621
5998
790
6822
3137
5395
7124
8602
5622
5615
4091
9024
8968
8799
254
2503
3308
6133
7452
4542
3628
3044
3197
5462
4648
1051
6288
8212
8867
6341
9652
4650
9945
158
431
9120
2302
8637
6043
8238
3849
8491
75
7399
3596
1826
803
7276
3277
8366
8832
4811
5272
94
1616
7960
1656
8932
86
8652
5377
4608
2217
8229
2572
8276
3681
7269
9110
5922
6007
5390
7189
2443
477
1872
9904
8854
980
6983
981
9151
2289
1676
5480
7496
4892
5136
3512
6549
5915
6863
4342
2684
2611
7042
785
1364
6512
6868
2498
9289
1148
2749
6953
8159
4870
6070
2645
7528
1099
4106
8022
3207
5054
4031
4758
3386
7972
6063
8984
3470
1275
6868
1946
5353
524
1223
4242
4020
4461
1798
7904
6903
3522
3698
8487
3107
1732
7791
5035
48
6496
8338
2825
1052
1303
6660
9486
4719
9641
7622
3008
3988
4017
5860
3972
6858
863
6926
6857
5655
4313
2189
9030
1649
1125
6483
8643
883
525
4031
1617
2803
441
9314
888
1063
7095
3782
5575
278
8954
2297
6442
6429
4426
4843
1830
6774
6645
2556
5443
5673
618
1279
5183
5567
870
8727
6522
6135
9418
2745
8230
1989
9012
1122
5560
3255
1701
5264
93
1348
7751
2361
787
8814
9821
1900
523
1747
2456
176
3608
528
7969
6376
8674
4592
5216
8187
4090
528
2338
770
7565
3096
5888
1205
4395
2813
5591
6344
8424
1315
745
9357
6679
1461
1178
3471
1041
2652
1416
5885
3442
1113
1536
5115
5843
217
2257
476
4529
58
2797
9806
6751
562
1105
8808
1598
2104
9902
9376
5786
3789
8773
2068
98
5623
6606
4223
3172
3660
4462
5066
1809
9942
610
5962
3134
668
1819
9746
5983
4130
4237
3748
4998
7769
3823
6480
684
2277
1298
6643
9992
1429
8832
3360
7944
456
8914
5596
7344
7178
4382
4496
8468
5433
6302
6606
6725
6024
1094
3876
8070
2340
9788
7845
9626
9298
4172
5351
16
4864
6280
5560
2503
9904
4074
6954
2392
1822
4984
5222
3378
6416
6305
4849
3496
6319
5790
327
7755
4916
8650
6146
7768
4530
1886
896
5942
4074
5681
3603
9536
2814
7330
3818
3516
4407
4307
2810
311
1016
8235
7386
7312
851
1267
1631
2152
4323
8631
1856
2480
8894
1994
1470
8265
9669
3901
6088
7649
3231
1021
5617
9121
5809
1022
2824
7087
2152
2341
4848
6803
8055
7642
874
3187
4678
6718
8802
9671
8705
6470
2522
1646
4874
6824
764
8303
3275
6255
5341
3506
22
136
5506
2488
9356
5401
7093
8123
4420
8864
1810
3537
6787
2219
7792
1352
3405
8444
6965
6555
8338
4306
5894
7166
785
1014
4935
3306
9558
6645
3965
5620
603
2474
9975
9011
7985
8590
2614
9559
2750
2426
253
845
895
4189
7423
5800
4734
3655
135
7760
2915
2742
4197
7952
5392
8750
8525
2691
6293
1022
3896
5134
4969
8235
3305
9832
2227
