9594
6852
2976
2242
9747
8379
6611
7094
725
7707
7946
8107
6120
5657
7509
2348
4117
5356
4018
6251
9324
9156
9815
2643
3349
7733
6575
7612
9482
5027
631
5793
726
2965
4065
2492
2653
1431
8216
3792
2754
7131
6238
6486
9451
3902
240
2963
1219
7602
8
8932
1414
7414
9792
9435
6773
5830
8077
9747
6849
6235
6478
2970
3023
184
2767
5222
382
2436
3032
8992
4870
6553
6640
4124
6298
5128
221
8364
5924
9980
6238
6365
3247
7131
336
5726
1731
9351
1182
3424
2368
802
9226
6091
1597
8244
8318
356
7681
961
1761
287
1782
2825
9610
6559
3524
8819
366
9322
440
4787
7814
1352
1547
581
9154
5120
6690
8722
795
2203
3368
349
8387
219
6553
1646
5915
1874
6719
5463
3939
5343
6039
6822
788
9066
1962
6419
4225
6257
1767
626
981
3339
6765
8902
5821
7931
8803
3841
1295
2126
5653
91
9532
8750
1390
482
8028
7591
2712
4717
1099
9752
1221
4891
6538
266
1622
5606
2077
1628
562
6384
4993
56
5377
7387
3916
8791
8406
4578
468
3754
7548
7661
4149
4648
2332
4856
7724
7167
7037
7424
4760
5549
7996
6771
9014
9060
2088
8282
7839
3708
3213
6240
2719
9996
6110
4991
8208
4441
3323
3972
3005
4065
1567
7738
4405
3910
8677
5436
7081
2191
9840
2292
9517
1732
127
1664
9971
6211
4795
5439
3673
4045
6588
3876
7444
2470
6923
1700
1524
4460
5308
4061
4233
2902
4464
4192
8372
7593
2489
3908
7556
6736
74
4528
6248
3277
7071
2974
4761
4710
7795
2202
9406
9787
4016
6523
7774
2116
8943
4981
8121
6876
1794
3043
1130
7045
6764
687
7181
6805
6693
4710
785
1745
5303
6618
9134
5794
5995
7705
9412
1586
2905
2766
698
7514
266
738
5560
933
8955
6529
1286
680
4523
2659
286
1796
4205
3603
2790
442
7351
5505
4201
1362
9812
3295
241
4159
2380
8384
2987
1786
4199
7407
5528
4305
6849
6836
3050
6575
7805
5312
2918
3424
1867
7122
263
4137
3183
6098
5581
5859
5539
3228
2288
6862
6761
8827
5927
4558
3118
5827
6427
8745
4638
3862
9750
6199
3020
6062
9722
8149
6091
4476
3849
1041
5878
722
9703
99
2379
1119
9881
5585
6349
2943
4767
436
2790
2019
900
2422
7616
8632
7899
2315
4692
5591
3651
218
192
2994
134
9392
4820
4195
7957
1256
1093
5824
5639
8215
6567
7590
2747
7128
8393
3848
6076
6642
865
7512
9164
6366
8201
7207
5910
2950
8015
424
7174
4671
95
3223
117
1942
9389
4530
5553
7094
7896
7320
7070
2777
3385
9427
4644
7061
2810
8650
8697
8786
1829
4104
7711
8399
6538
5454
2491
9490
1702
1634
2692
7435
9088
366
6114
3100
2165
7125
62
177
6992
2507
1523
6072
1221
2024
9507
2260
6424
4278
6086
1067
9570
7282
4373
8584
3937
8020
1535
7933
414
9404
930
3938
5910
9248
6775
6063
661
7771
4790
4107
2678
3500
6692
1442
5342
738
4662
1710
3020
8081
4935
6355
4272
5778
3851
8398
2002
9797
6277
1909
490
1220
2963
7687
7530
475
7025
9518
3751
3579
1490
5631
7549
4050
2962
4637
1122
4124
6070
8123
2965
7305
2337
5064
686
9896
2669
7190
8995
8381
7764
2246
191
7696
7910
1198
826
9997
1800
8002
3091
2466
9097
6780
6639
1683
4622
2016
7865
4271
3075
4566
5363
9247
9990
5384
9711
5044
3483
2994
2676
7382
4792
6444
2127
1163
9619
9744
1336
4234
4812
7132
6404
8589
130
3111
6252
2909
611
1530
6264
2770
7382
2386
9890
1047
834
9021
1984
5587
123
7959
8414
3350
3249
6595
2532
7334
5396
8886
4414
9785
9450
4620
6644
5462
1129
2977
3692
3700
2046
4480
8863
3862
5075
1578
1732
4713
8592
5363
227
329
1798
7463
233
5798
6076
5682
2794
2332
5105
6457
2337
9384
6121
1814
474
1344
5414
9361
5031
7827
7403
18
1719
5616
6359
3494
2792
6020
2874
7075
9354
9912
9515
6238
2089
8447
8896
3489
9037
7010
7631
1862
1419
2559
2496
9048
5188
1116
9084
9571
6
4261
9012
5837
9707
574
7577
8180
7382
6670
7320
2032
1950
6486
8573
5140
911
3451
7416
1103
1920
6125
1754
26
2969
4799
1813
663
9217
1214
1591
8701
8921
9602
5451
4383
2714
6870
3278
3734
871
1161
4600
5227
2878
8805
3136
6443
5739
5202
5154
9094
42
9545
4479
8966
2712
4552
6175
6928
395
6123
4016
1388
1886
6795
4833
414
2430
9492
8286
6292
1080
9827
2101
9394
3383
9022
4505
3465
9773
1234
8105
1547
6955
550
8697
2224
5634
662
7055
3108
8513
8708
9266
7455
2669
5525
4632
3386
7673
1320
4861
3035
9565
2627
4841
2721
1401
5954
4463
2315
1585
1144
5670
2356
5615
9627
2010
9733
3768
3074
6127
7374
2921
9659
9765
1348
128
1180
5230
8754
3937
4478
4679
5440
7224
980
6344
921
3977
3506
1231
7462
6304
5588
584
5836
3604
5568
8543
1529
7541
2590
7694
2228
5476
8843
9138
7506
9346
1008
3222
3219
9226
2387
9722
433
9832
7628
4819
2545
2121
4730
9092
3842
5183
8070
5338
3754
8248
9770
377
7143
2378
4187
4454
1251
9721
7662
7515
1761
2918
8209
9554
4852
6266
6654
2867
741
4809
7456
9010
9628
353
2962
1710
7874
1985
4435
3893
9813
114
2016
4847
4615
9218
3661
5644
775
58
1938
9810
6810
8917
1236
748
6722
521
9346
3636
2819
8378
6046
2919
1544
1308
125
2913
122
9387
8497
1061
827
2
5587
7014
929
1569
8550
785
6727
6728
8083
6260
4022
9498
1484
9366
6400
1218
2374
8296
1461
2675
296
971
8456
468
1109
407
8174
9577
9977
8505
4717
5027
8568
9531
1392
2414
5881
3315
7807
944
3992
255
1461
6500
1798
7772
3915
3792
2511
4721
2697
6678
4978
4926
3738
5311
202
9510
6783
