5387
5491
3275
8399
6695
9364
158
8358
323
2713
8289
2616
2946
7693
4506
3369
4568
2025
4640
7150
7095
7240
8177
9600
2689
6156
7938
4034
4379
5546
4580
4837
1158
1214
1822
8765
9242
2057
6781
5441
6449
3255
781
7244
1393
8509
2249
8515
6184
8757
648
6720
4148
5369
3238
3850
4609
6365
5888
8504
2020
973
18
3698
7799
6688
1320
961
3508
8728
5782
5640
552
3576
7175
8944
6874
8205
4948
4880
7447
268
7926
6743
6677
3894
1903
2589
2889
7946
4183
8904
2069
7606
9553
2133
6092
6697
4051
1420
1819
2746
1042
1678
1
2835
880
5584
597
260
155
2383
5532
1916
1849
7462
3775
5506
4093
7012
9192
576
8745
6154
4269
8469
283
2679
9924
2418
5219
5201
8683
9927
3305
2824
3862
6221
4495
3024
6131
9647
7262
3203
7587
2307
8666
957
685
9118
1188
5993
4004
1913
4396
399
3109
6166
7752
7331
8898
5787
4966
9726
34
9629
8464
1927
2873
972
7994
3509
8898
7077
6340
6152
9334
5653
9506
6291
145
9398
3424
6157
4299
5095
4861
8233
9817
1206
8398
4693
7750
3611
4170
7176
8146
8783
8531
6806
5280
380
5644
2875
854
3738
7746
5554
994
6599
7672
9498
4053
9799
9407
8989
6496
3545
8560
7904
7270
7382
1364
833
8580
2160
2303
6635
1878
6205
9245
2676
89
1352
1873
1238
4780
379
4479
5235
7380
6186
5306
4226
8238
2745
6401
9500
9384
2105
9822
5630
197
5312
9280
9699
6326
5920
4043
1387
9044
2747
3181
3142
1224
3156
2185
2951
9466
9193
242
2953
8539
6561
1
4357
4979
820
8047
3487
7716
2561
4720
5067
9616
8616
260
8266
8368
5300
5880
9131
6042
498
5084
9491
7575
8635
9822
1878
2866
2373
5921
1802
4875
226
1381
3329
6343
950
7687
7849
9102
9974
5958
1370
4697
8404
8394
9481
8592
8945
9540
4001
6414
3633
1938
3294
7132
4370
4549
3418
9114
703
9795
4656
8167
714
4780
2863
6459
8615
6446
7224
536
3682
4982
8063
6999
2159
4858
9999
4759
681
9083
5560
8426
4501
4374
5273
4593
361
385
8168
1466
3581
7742
1250
267
8398
8693
90
9463
5084
5106
9361
7674
8360
5732
5134
4533
7412
3008
294
3791
6657
9416
104
7000
1092
3975
2166
1534
1922
6682
9779
9697
58
1918
3644
9156
3701
2740
5606
3313
921
194
548
6318
6194
9958
5817
475
2025
2704
8869
3418
9924
4864
4946
4944
9575
2990
3898
5360
3637
9330
8911
6818
5448
1896
8261
2033
961
8921
8377
8170
4557
1657
8166
5737
6700
1630
2740
5886
527
3587
8590
5666
5350
6158
2218
3492
8358
6883
1063
2642
7988
9039
458
1691
9846
1349
9925
2323
15
5993
5218
5531
3445
9514
3342
3599
1550
8517
7013
574
3129
42
2901
9689
7156
6645
7873
4498
2757
6730
5924
4319
1279
1027
9049
691
7743
9886
6685
1988
9565
7340
5011
3993
6996
7668
4101
5088
8834
6800
8659
8207
5439
7465
9586
8003
7178
1800
6233
1605
2995
408
5402
5295
8188
830
650
9229
1296
9392
1469
1029
5314
1856
5489
9690
1605
5132
8639
1440
992
8231
7342
416
4338
4316
1410
1226
4417
5189
4882
7999
2001
9347
7815
4790
8728
3111
3330
423
9839
6363
9642
700
2652
482
8387
9914
4772
8411
3805
1221
8686
7626
9071
5282
9027
6041
148
7104
2313
8434
3903
3095
8819
2773
9822
4188
8875
4396
5681
8707
5058
6385
1879
1249
9644
9258
3818
3890
3752
246
7564
4534
6971
1203
8218
8816
3294
7181
6481
7082
9981
8909
9197
3824
7560
3770
2545
1669
9214
9992
4692
582
7850
5219
1796
1331
5827
6286
4488
5961
5227
3302
3986
3864
2554
8422
6942
3879
9010
4925
7014
896
9632
5457
1146
1727
4616
4260
9337
5321
8563
1455
9371
2823
8781
2112
5931
6325
958
623
5580
8414
964
4525
7008
1967
8630
1082
4360
800
6122
8046
9275
86
6860
3224
990
1337
4532
918
5059
3661
8392
4437
3946
9658
4326
177
9728
9131
8663
7019
6671
4107
2695
30
3501
2332
9457
8789
7536
7449
1283
866
3079
2564
5128
4968
9931
6973
2810
2783
3803
3957
4963
8482
58
2661
4995
1887
3809
6938
5487
4433
224
525
3761
4355
1527
4905
1551
1469
4731
8741
506
3242
2611
2731
5824
1285
8260
2691
3209
5704
2096
5909
66
3710
4750
5428
9289
9255
6341
4891
7630
6364
6344
233
9745
7382
5638
1955
806
6449
3092
1943
5130
3330
8977
4240
9363
8035
3203
5496
4316
3780
4022
7269
314
79
738
1815
7470
6696
3269
1508
4330
2734
2315
3369
2552
791
2481
9251
6995
4889
3369
5797
7626
7755
7947
4852
9680
5276
5913
5206
5827
7160
4106
1516
582
126
9830
4043
3856
7901
8669
2711
5878
658
5261
7214
4174
5728
264
913
4210
5694
3172
5114
5277
3680
4623
6105
6137
7639
8801
8129
2259
377
2620
5153
1904
6989
2419
1740
427
622
6971
9700
633
7519
1021
520
176
7656
4502
2154
9397
6544
4663
7632
597
9777
2388
7282
3305
9461
4483
7315
2739
6279
4469
5834
8485
521
3897
1244
9721
1119
9563
7258
3437
4228
2451
7555
9955
9378
708
7808
4421
9162
849
6613
943
7981
4717
7209
512
5188
5154
5214
7029
2647
2811
6332
1800
7479
1105
7806
2923
6618
1408
7221
9304
7844
2992
992
5284
2842
4563
5872
4830
5759
5164
7542
5748
8231
8787
184
4417
8649
2208
4229
1676
4347
3757
8390
9494
4774
3876
8876
954
7548
7775
1970
1374
9450
2603
149
3078
4884
1566
2582
7009
1088
2246
3076
8531
5117
3641
79
3908
7773
3186
5865
7276
1874
2104
831
5289
7461
9243
6363
6542
4414
4303
6437
5984
4333
9306
5546
1516
6478
4118
5100
8120
4054
805
9731
5445
3825
1551
6551
9538
1918
628
5586
554
4598
5123
