6748
6020
9298
5130
8207
1220
2813
7645
544
1705
6523
3540
2058
717
8773
1762
7540
8151
2314
8412
7261
1240
9145
4423
5042
276
8951
6401
2767
6110
7290
8527
649
7418
2359
5176
4208
681
5247
4944
3590
6312
9167
6807
6615
8397
6837
7139
5592
2034
6697
6421
7115
6442
8245
6978
5951
3699
2706
1452
2552
3521
3955
1533
9780
2112
9243
5747
8242
532
3331
6321
1186
3650
8833
2695
4380
8479
5513
2408
2155
7762
3118
8112
6032
2196
9403
7284
1227
252
9810
459
9773
6020
3194
7541
309
7630
5084
7063
3238
2309
1966
2154
9537
8662
5298
7264
3792
4046
3228
9568
1729
6616
9390
599
1048
606
828
3046
935
1961
7689
51
17
517
7339
6840
80
3008
484
7750
3166
4409
3010
2608
3017
996
8086
723
1243
4231
6267
5285
8571
9210
1449
9865
1353
9337
7811
8056
8148
4570
2659
7441
2802
5235
1424
3125
380
5571
7165
9023
8086
9673
4133
2221
3765
9232
3007
7704
4958
5459
2954
8698
2911
5745
9953
2157
8081
6040
14
6192
3869
3206
2952
8465
9804
7273
5321
1664
4365
1747
2035
590
6518
7010
7118
2714
7050
3908
2880
8169
6118
9419
9134
3921
9794
8459
2331
3092
644
1696
851
4334
2828
1846
2863
2758
3429
9417
6950
7651
1809
4455
259
8178
1421
264
4206
3473
6409
1870
5619
3596
5820
9797
2896
786
799
2464
3560
7092
2222
2789
4410
608
3787
3617
2264
2574
8985
910
573
4839
8068
1267
5609
8071
8732
8839
8752
8192
3554
6084
5004
52
9115
4020
9011
2036
9918
8816
7694
2417
1322
9604
7644
1129
2538
429
5325
5778
7488
808
9986
6413
7168
2470
4158
7782
8571
1057
8011
5352
8818
3085
511
7915
464
7160
8293
2648
5214
2157
4890
7862
9311
5566
7348
4267
3180
1135
8056
8133
3634
9489
9145
521
5261
5649
6616
4664
238
7465
2373
6771
229
5833
6697
3264
1349
3036
1715
5313
8763
8252
2622
7246
4173
7958
7360
1661
5120
8361
4671
7643
3179
9828
2514
3354
1413
9921
7273
1279
7657
4440
7300
9067
6928
9855
539
7697
1221
3567
6128
2518
3058
5322
458
7323
8115
948
7118
7524
2457
7767
8463
9498
6697
6640
8858
5835
5863
9132
4618
478
4129
4958
4606
7744
2419
253
7454
8502
5552
1219
3715
2336
4245
1754
3954
9106
1751
6905
3116
2576
8705
6230
8479
7642
7041
4171
4564
5127
6679
4837
3157
9387
5640
5077
1357
3285
9623
3547
4786
7086
8036
216
8393
6497
3678
7459
4180
4489
5834
4885
9191
2781
8423
809
3324
7628
9122
6711
7455
9990
442
968
5171
6752
9828
5570
7766
8146
7178
4870
1931
7792
8509
8356
2143
8545
2874
4845
3938
7919
2368
5549
2379
1356
215
202
5102
4479
473
4006
5236
7527
4707
7194
5155
3644
4051
64
3420
4572
6598
2376
2838
6119
1876
1826
9828
9204
2822
4114
8680
3965
3666
4524
680
9418
9022
966
762
7490
5057
5433
6012
2909
1136
4070
4749
2160
5384
6216
9253
2627
2984
8803
6258
8277
8797
3300
7897
6546
8632
9731
573
2123
3933
5772
7321
5218
2378
595
8387
7996
344
183
5970
8599
9827
8555
669
9507
8032
2913
8090
1385
6248
7591
1746
3524
6098
1254
3132
721
8256
6653
6291
4228
3185
3169
623
1589
3620
1801
6265
3096
5265
2113
5767
8848
2647
9382
4144
473
5543
7149
3749
1112
4646
1877
6029
3814
4636
3187
7390
1139
3827
4875
9191
6776
5833
2214
5043
4648
3408
2047
4316
7220
2471
1108
6840
7942
8199
6665
9121
6484
6948
891
3556
6032
2243
9153
1365
9819
9475
1083
6489
7271
6142
6126
9234
8359
9899
5282
2110
3815
2897
8770
3321
5938
6977
876
8242
846
8740
6955
8715
7555
5892
2630
5349
5212
6320
9412
8423
6598
8403
6665
5558
1276
2514
1246
616
484
4241
2414
8089
2185
2485
6391
2896
7626
6664
9519
5054
3607
2257
4017
3271
6802
9500
8947
8920
1074
8121
1190
6215
9804
6976
1054
1741
8386
9892
7433
3989
4210
6729
1676
9030
930
2802
6354
8696
9573
8175
631
3949
5463
2163
5473
6523
5348
9917
658
6127
1649
1492
6398
3641
9468
15
7890
4716
4037
1891
983
291
5332
1202
2794
9183
6137
8880
2803
1798
6651
5295
6409
3606
9115
2641
8630
2159
8697
1868
8034
5508
9301
1543
1491
7237
7344
5882
5448
8510
799
7843
3951
7746
2909
2315
9144
9546
2183
8758
9507
5737
994
4798
5787
4901
9278
6065
7419
1824
6755
2874
3183
6627
4905
9666
1116
7637
9549
6137
4438
5678
2473
1629
5276
2465
2811
1683
1777
138
9993
7428
218
9763
1823
1191
4989
8434
3696
6028
7722
3958
6163
9580
1723
7692
7533
9998
8418
6657
2988
4742
2377
6906
1648
9811
9403
8258
12
8189
3200
5331
6334
9934
5304
1790
8338
8519
7376
3039
1569
5540
4030
2280
1296
9226
6813
4864
5691
3174
123
3756
39
4427
1191
2701
4947
6695
5451
8632
586
6084
8439
4317
9366
7010
5904
9364
4660
5994
2733
7893
5264
6404
9125
8930
4107
233
4819
7846
3933
7523
5178
9652
553
8598
3215
2500
144
4978
311
3575
9777
2771
1319
410
8731
4750
4126
7455
3862
3200
6439
6252
6728
2890
4931
8806
1131
9171
4393
6969
8829
5089
2551
3921
1463
4424
2049
9781
4653
657
7940
7560
8063
2289
2496
1163
5383
8117
1764
7951
589
5246
1471
4933
4382
8999
8687
6707
8420
1469
7015
9883
1923
1562
8677
5676
30
9050
2053
6935
2806
4119
4119
8891
7655
4385
102
2837
3654
3178
7196
1317
3471
7994
6306
1820
7975
2484
2491
7537
9869
2545
3619
8732
6875
8029
1481
718
2818
5007
3735
1227
7793
8482
8354
7185
9753
1478
5685
7761
7955
5708
9136
7810
8148
2846
6199
5145
6764
1941
6904
9665
3271
3366
3667
7351
5853
