6317
8242
5157
6109
1735
7173
5071
282
7474
3793
3034
7055
3641
2814
3211
6273
5542
4737
1616
9262
7436
6994
6986
3087
3324
5655
6037
3909
1551
6032
5730
9761
3984
5145
9901
4917
8629
5812
7035
6587
90
9906
1439
9923
3546
7627
3640
8928
5666
9502
378
3061
4454
4739
3784
5879
6431
767
6886
9134
6105
5414
125
8650
1790
1205
9495
8049
1996
8880
8100
6002
3637
777
7887
9789
1888
9987
6592
2585
7639
5346
4196
2510
6343
5885
4672
1705
8216
3056
4826
4259
8293
5771
6113
7321
4884
8567
1771
2166
6808
4445
2002
6209
8832
1981
8577
8097
4555
8671
1635
6658
9026
1487
1732
2587
869
4541
605
5480
3497
6229
5292
5154
4517
4112
6441
6709
6031
1001
1920
2511
805
3296
6438
8933
6234
3424
1363
5565
8830
377
352
7609
2145
2662
4507
4230
4074
4895
6115
9617
8720
9489
7405
9448
3787
8758
5142
758
2537
1654
2179
9694
9826
3455
2453
1707
6362
4511
2910
210
7143
5555
9843
7770
7790
8547
7282
8100
7624
4052
2872
5233
3093
6506
3277
8825
4316
8170
2997
9598
8245
3834
9550
2116
4396
4204
2788
2559
7451
13
2409
4208
4641
7758
4729
2250
7153
7642
2160
899
7964
9175
6477
8097
6725
3577
543
3648
2760
1352
3441
7464
5418
106
5051
8086
3711
310
5927
8641
550
8203
6928
6714
1493
8132
8024
8116
5190
8491
946
8347
9575
7480
503
2106
6050
8489
6971
702
2209
4777
9891
3416
8193
7485
2032
4922
2700
9470
9181
7958
4443
728
2824
7557
8365
1328
7616
8820
2176
1731
3123
1350
4292
8347
9367
2521
4070
5772
425
744
6996
3266
3303
9986
242
2523
9444
8904
1556
788
261
4930
1828
1960
1841
3177
3715
5860
5711
831
4109
4194
9072
1097
5898
9747
917
7215
1672
1338
4863
7945
8561
3695
3173
6905
2216
3322
9392
1259
6910
2236
5652
5337
4495
1597
4161
7685
6170
9080
6948
5132
8051
1636
7476
9020
1195
4391
818
4787
9456
6442
9575
1825
1076
1289
6497
3566
7784
6579
379
2591
5959
6924
1804
1278
4047
3080
5168
4628
2676
3489
575
9716
960
6161
1577
3954
1588
1290
2209
5453
5057
7752
3290
3878
8343
3658
6735
2420
6577
5327
7452
1963
6443
455
666
30
9558
8285
9024
272
5324
9175
5063
7681
876
1945
6857
6255
1645
9523
5184
4265
4867
255
655
4383
2194
2016
224
3706
5187
5475
7391
115
650
5576
27
9523
2515
672
560
8453
9733
3974
6686
1627
2599
8000
4133
8133
41
8605
6489
731
1107
3903
939
2789
8618
885
7469
9998
4545
2029
6133
5859
9232
3057
6915
5720
1647
2009
5658
3056
6902
3865
5497
4824
9916
1573
6762
4954
2693
4885
7579
5996
3727
8881
3273
2036
7932
580
2396
3254
9013
1195
6309
4897
6731
7330
994
2320
3554
5369
9819
2613
9320
8439
1763
1218
8106
7539
8070
2657
6277
2753
7062
3666
7346
3952
1558
3919
6770
4240
5225
2169
6664
5892
2329
353
7299
396
5167
3822
8673
9631
1305
5310
3291
1342
7247
2010
5953
7862
143
2249
7521
3738
2405
221
3254
9989
1326
5181
9395
2151
7161
6516
3173
8230
2879
4859
3447
4080
8889
7359
4237
7011
7349
2334
6547
8428
9574
670
488
7434
1432
7740
4535
3571
8683
4027
3020
9303
3768
7018
4595
4676
9654
7708
4248
9482
4002
2604
3716
4626
3818
9463
7294
7431
9636
6712
5845
3238
9122
5563
339
2242
9775
1392
6341
1544
6065
8443
3543
7711
7243
5776
7436
694
9114
7050
2203
797
1770
6254
9438
7928
2899
5173
9772
2749
7989
9816
4347
7587
5044
1156
8394
5428
6487
8505
9224
9176
9641
9696
4689
2478
9028
2479
4004
4775
4564
3457
3362
3101
1354
3582
7854
1051
3739
3502
2691
5853
9390
5985
6891
6156
7402
6104
115
8218
3362
1234
9860
8372
1000
6150
9129
6304
1626
1766
4931
3214
8173
6276
6768
7485
7163
8417
6190
9088
7960
5344
2692
6874
460
8576
73
4345
7170
4968
9038
8210
8205
3078
9757
2476
3092
9894
598
4272
4618
1044
4834
5671
1703
9436
685
5342
3682
5976
8623
9099
9071
7607
6574
1307
3654
6899
8945
8530
1158
212
7314
6359
3473
3202
6146
590
5218
5161
8854
3859
1051
5735
1122
2684
8949
3665
8614
4832
7999
7760
5026
6375
6289
3412
4682
5181
9281
3237
3292
3778
7416
2895
6180
4408
5115
1757
1485
5194
1102
8781
7808
180
6775
9908
3861
9109
5013
7323
5136
6049
6139
2973
616
1473
8731
6674
7952
3248
1343
5336
6314
4053
2774
5083
6567
8132
423
5240
5329
2651
6810
4011
5457
1996
7300
51
2592
3248
9682
4633
4457
807
198
2371
8251
9951
2259
2684
2813
3126
103
4744
5245
1116
7507
3391
7977
1674
1087
3371
9747
2545
2559
8215
7878
9076
9493
5405
8896
6600
5261
3879
8822
4072
9817
9533
7236
3868
664
8607
1124
3589
3783
3746
467
687
4688
4128
1062
7124
2453
106
8770
7474
2472
26
7573
2426
7092
8294
2166
1472
9350
5181
9376
7474
1229
2617
4556
6680
6361
2249
8187
235
9530
521
2402
7795
5764
146
1106
3210
859
9237
4943
1009
3533
2940
1682
9349
5230
6971
644
5104
1041
1088
2273
606
7626
2252
353
2778
7940
6037
4534
3750
3973
3324
3215
4964
871
4646
2546
9356
2508
3357
1509
6504
8748
8874
6788
1965
7853
3992
6654
7501
272
9804
8204
1741
917
799
4410
7230
6547
7476
9318
8838
286
1628
7236
5233
7431
3956
2639
4834
1213
679
8416
3945
1864
6065
3248
9028
3558
6488
4969
9484
5420
6886
8201
2855
4592
5270
6812
5286
2076
8455
5539
8562
3928
8086
4
1605
6545
1733
8648
4033
5339
6992
5732
3729
1661
8252
4031
626
911
7914
2102
5262
5503
7953
1989
9099
2728
747
7824
8062
7180
2441
