2174
3629
3018
4431
8436
1684
6996
359
8108
9753
7336
7504
9017
2617
5917
6362
6351
9852
7721
5995
2471
2249
9218
8277
2115
7429
9218
6683
9975
5289
4667
31
4852
9478
9192
6595
1827
7095
2913
9096
7414
3752
1201
5697
8831
8979
1427
8755
2024
9098
5686
3790
5016
333
3159
9760
421
3360
7686
2339
9051
9315
6680
5904
2851
5537
5273
9261
8404
6254
1488
5836
7928
4364
3563
8453
4741
3388
939
9534
9722
9555
3432
6753
3278
9313
2845
4639
1693
9662
6692
6442
9003
58
8957
9998
1892
5980
6153
1811
2450
4651
673
7735
7337
8505
3794
1683
2889
5302
4142
7646
7121
2195
4193
8109
1648
6407
8056
5242
6998
1104
854
9664
790
5016
47
8606
7947
2623
3994
6624
7562
4432
8961
7124
7253
124
6850
5119
585
832
2859
889
336
1529
7000
698
255
331
605
4385
7414
4377
6379
5035
5558
1160
2902
2763
4454
7555
9986
5530
3129
2409
5490
5000
9026
2072
8128
6753
8725
4875
4373
3477
9000
4015
1627
3440
6474
3701
1744
4570
7011
9551
7590
4333
9267
2897
3302
2607
4275
9783
5096
2700
8890
8808
5384
1402
9313
8896
3904
8432
9429
3607
492
9393
8746
3058
2516
9992
9735
9317
593
4402
936
4905
7023
8173
4608
4227
9986
7542
7770
6281
9646
792
6143
5514
8066
6083
5074
9644
6858
387
2631
7862
7827
8109
9243
6683
8545
3335
5575
4652
8277
5635
4141
8011
4374
8702
7083
1725
46
7427
3760
9472
9838
2521
1388
6678
7336
5724
9653
3042
325
445
1174
8766
7338
5838
2071
8757
8889
7548
4520
7511
9784
9341
2743
1886
4400
4317
1433
7725
5485
4653
3900
2461
630
1025
2343
7941
8333
4076
5720
5887
6552
7509
525
9536
1573
3330
151
9123
9489
518
4356
3099
5363
2024
6967
9040
9604
205
5823
3483
300
8161
5138
5311
668
1048
5113
6863
8370
4613
5974
5337
693
4263
3352
244
6512
5998
4402
8833
3633
1022
5781
6010
2511
4120
294
6152
2923
3098
9434
8203
3268
7806
2440
2052
8115
3094
2894
252
810
1828
9489
1638
6320
3076
2578
3006
7116
337
2543
3331
5876
6686
9707
1641
8238
5602
1641
8111
443
8129
6494
8326
6184
8879
229
9462
8884
3200
3901
6487
5506
2407
3249
1358
646
8060
4828
7095
6700
5493
5053
2897
8578
8806
5603
8770
130
4036
4019
5457
3056
4617
7239
3444
9191
5221
591
993
5849
9125
8407
4752
686
7817
8339
3080
4002
3437
9066
4373
2990
5813
7395
36
2672
5744
7373
5384
2937
4920
3997
8578
9330
2359
6583
4481
8105
1575
9175
3173
5252
4858
1698
9552
4180
1782
4061
5481
3971
621
6783
7452
6256
2812
5310
7782
4825
1810
5080
7053
5108
460
3075
6108
2032
5752
8859
9195
1961
4562
6013
2162
371
907
9281
899
7693
4244
277
4010
4313
300
1070
8748
1329
7783
655
6194
9736
9050
4139
741
4105
7518
6563
7563
8656
5167
7541
9075
5912
7881
6980
1027
4274
4003
2301
129
6765
6951
6081
637
6499
5624
9148
4844
8256
5083
9287
9352
1277
7440
9892
675
9048
599
2095
1899
8787
3987
7836
168
2413
3124
9271
6619
1643
6064
2201
5279
4650
3106
1962
8299
6178
436
2462
7954
5925
5808
4013
9863
5789
4306
8587
3265
7244
6283
6124
3731
9022
4360
238
1487
5173
9229
81
6312
5738
4318
5251
8736
7578
4845
9700
9937
5427
5300
8834
7800
2612
6787
7993
8480
1623
7952
2146
1916
3251
3995
8436
6231
1989
5019
7388
164
4092
579
392
3225
6682
2795
8576
9676
641
8205
9751
9050
5738
4925
1792
6601
934
4876
6261
3893
2849
6252
6432
4406
5681
7866
3209
846
3437
6125
64
1809
4887
131
73
2047
8991
6801
3946
3077
3978
1249
1865
7844
6604
7519
5145
1157
4592
5242
155
2924
1593
2436
6472
5635
4082
8324
1774
2962
8052
7635
2506
8055
1108
5806
5223
4956
6051
3931
1028
3
8918
4536
6366
2444
8280
9293
1116
4521
1203
4098
9955
7764
2925
8462
1346
6636
8099
1156
178
9736
3380
9005
3601
8079
6405
5079
8410
5520
802
5528
7910
302
3124
9160
1192
6748
3439
244
1159
7875
2619
6936
9508
229
8992
8724
1545
7373
8487
4817
6906
635
2815
2990
4926
8680
9316
299
4587
1260
3665
6225
863
1059
4563
2560
99
2003
4674
5714
1206
2867
8522
5685
1352
2976
8065
5130
48
4660
8479
672
6111
6099
5924
2032
454
2516
4168
7475
9831
1886
1075
1803
68
4803
4652
2033
7465
3575
8344
6094
5320
9089
1016
6460
3079
8057
5448
7012
220
2280
6831
4810
9313
2483
3948
96
3992
2167
2197
8212
6266
6825
9075
5380
8795
6454
131
4730
2815
4831
8667
4385
68
1171
7219
4742
2281
6360
2591
9241
5711
681
422
4576
4269
9914
1588
726
7811
5861
9690
2613
8815
8197
7888
2044
603
1241
5104
6249
2038
3102
2683
6892
5011
5087
4886
4148
7770
7937
6418
2850
1344
9655
1005
5111
4920
9297
6190
5667
9195
3874
2921
6402
2946
1305
2048
750
9744
2078
7962
8864
925
8721
2489
1371
9851
3931
9835
8112
7784
6707
1244
7149
3855
4986
1066
140
7670
2179
2244
2778
1253
421
2006
4280
7730
1751
1239
1121
8126
2832
845
2096
1072
9759
5868
1205
8042
390
8943
1931
5214
2371
6664
2995
8355
2818
9607
5292
8666
8375
9744
896
7341
6676
544
6281
8997
1047
6238
5072
352
5609
3194
4605
6014
6957
4968
7468
7562
699
5135
3349
3416
4848
5081
757
1991
4706
4418
7608
3292
5230
9514
5686
7058
680
1751
2767
1988
5814
756
2932
6293
9038
3013
1853
920
7724
3720
5433
388
7271
4287
1148
325
1587
1443
4439
8772
8568
5305
1779
2648
2705
1713
4520
3558
9524
2645
1869
8532
598
8317
2555
767
7327
7073
5137
