7980
2481
7085
4483
7812
873
7853
6065
5182
432
9417
3147
6340
4954
6731
9398
7445
6326
1646
5773
4685
2895
9929
1532
513
1862
9612
4161
9236
9289
5131
2852
4950
1904
2739
1917
7413
6091
9383
4096
2909
5752
9795
545
5661
191
9586
4286
9882
4832
3286
444
9277
8919
2548
7431
2532
5693
9814
3787
3001
462
6846
2187
9445
7763
2110
5601
3243
125
4348
6783
2516
4105
1227
2321
8925
2954
3561
2300
3520
9901
6448
7944
2661
5693
8480
6023
5597
1687
4644
4251
1314
3035
2227
737
875
2112
3573
836
1514
3473
9535
4116
1717
4699
7072
5528
1105
8987
1405
766
2785
6408
4852
9852
5383
6973
717
8041
6972
7358
359
7327
175
3262
1740
813
3628
3687
6396
3328
3583
7224
9406
1987
4027
6954
5980
1676
9612
7341
9838
9924
6579
137
8294
8166
3602
6614
4718
52
345
7513
7463
353
9641
4394
7616
9460
4597
5358
9876
2365
9532
7538
4079
2553
643
3912
9071
329
5686
7497
3373
3429
107
3591
8476
7606
3299
857
8575
8304
5140
6527
5491
245
5129
8310
8754
4734
7655
414
5197
3584
5404
6427
2926
9937
3937
9411
4437
5195
5720
4048
9910
35
9397
7924
7405
5963
9787
7296
9271
2189
732
3004
9534
6401
6234
2089
224
2190
5224
7579
1242
5091
5344
2246
1328
5620
7999
375
534
2805
8946
8385
4634
5577
5180
4875
9791
2571
5201
4814
5014
6921
7026
3085
8420
4696
8730
8401
8786
6165
3361
1701
9163
6165
6587
1007
2982
2822
7854
589
7748
2564
3987
1276
2040
8470
6718
497
3134
4141
3772
8024
2225
4858
6361
3713
6499
9289
2764
7932
4565
8584
1961
5521
8298
6669
9392
6883
8871
3076
6017
3864
5655
7070
3744
5893
1985
7729
478
9168
7401
9097
910
2554
6831
1364
6648
1680
7362
6042
5314
6070
4119
40
4249
1686
4076
9790
4967
4624
6650
4099
2919
7749
4688
4436
9704
5305
9508
5152
9193
9620
9375
3925
6432
903
6515
3400
3270
6256
3647
8331
2454
2549
2807
9039
2798
4690
7646
5839
3374
893
4320
8415
8275
7126
3501
2920
9783
2754
3440
6218
4824
8150
6917
8860
4687
490
4849
7257
2287
2564
1961
7679
3790
7505
5926
3432
3435
7040
3329
227
5262
9272
8390
9516
6281
1379
1197
8745
408
7465
4662
6835
5010
9342
2425
7584
3781
8120
3086
373
8460
8318
3224
972
3839
6452
5402
3688
9534
2390
6017
6133
2406
9720
177
1098
4822
7374
3725
7575
2913
7854
5299
4336
324
1496
2626
8020
9297
9742
4884
7778
132
2038
5702
852
6536
3171
5691
5317
2840
3418
6996
746
6075
6656
4653
6205
5601
6621
1834
3605
180
4855
6890
5683
333
3254
6407
3057
2406
8162
1225
491
6547
736
8230
675
5133
2544
2789
6963
643
6944
5496
4274
2161
6197
5972
8043
5509
6226
9157
2477
8
8522
1465
8807
5698
3087
7691
1634
9143
8201
7635
8396
9448
7005
2136
9862
7071
418
7150
9123
1835
1077
1715
5956
377
1903
5768
8007
7945
8318
7561
7375
2305
9077
7055
1163
7426
8117
949
8813
4742
3527
6384
7850
8448
9548
4310
3218
7359
5807
8452
1964
8170
5662
2162
4525
7963
2778
4288
4499
8006
3593
3530
1414
6869
1038
7048
9931
6565
1229
3714
1685
9429
8658
7610
2180
715
1689
3154
3529
2602
804
82
4313
2651
6558
555
3382
3707
7462
8549
1672
9087
79
6490
8096
8466
8548
8437
2064
7450
3950
9292
9656
490
274
2374
80
8177
4267
1002
8684
2460
8489
5883
5111
5064
1130
7296
8382
4758
4192
8694
8487
1396
3847
212
9323
8464
4728
2657
6817
9082
4241
9491
5604
1414
7318
9769
826
2896
4759
8017
3922
7545
1647
5837
8904
5367
9167
9604
852
6851
7567
8805
5985
6721
6525
543
5050
7755
8045
612
2715
1957
8148
3665
4038
3943
4707
9369
6083
4143
5855
2718
3126
623
7046
2812
729
522
3657
8643
9146
8866
2991
85
8390
4345
2466
4750
9155
5476
3846
3053
616
9132
1833
2455
1939
6584
4081
2880
7511
6119
8087
8106
3548
1469
8867
3262
6110
1736
4052
2888
939
9415
2979
9467
1123
9346
9477
5176
7678
2919
3055
8101
1952
2388
4199
8510
8108
1951
5033
5730
1489
4374
7240
3986
6646
2922
8558
2478
7304
6812
8815
6632
3975
3610
6610
8472
1598
4656
9336
2459
2216
5192
1885
1119
4912
9612
7418
6801
193
8869
3222
7232
2026
7208
4477
790
1382
1791
832
8344
7484
2486
1927
3520
9938
3662
1770
1456
9674
3637
744
9596
9327
8283
5666
2811
6091
959
5284
1373
1197
6496
1408
6683
9235
5539
6660
6521
3736
3229
501
2174
8162
8341
7230
1771
2373
8090
4869
5778
5937
7165
3488
3817
4729
1101
9291
9032
5834
1385
2339
521
4219
4024
2880
4572
2935
7429
9322
9511
5498
168
1066
3363
4932
451
4368
6326
8645
3393
8496
8539
4265
7906
6900
2650
4922
8333
1385
1412
1185
325
1502
1929
1046
971
2692
3457
4485
3512
493
1531
8641
2936
2760
3435
4553
6896
6598
1458
7179
5871
7008
6894
3206
2600
8171
421
2398
2786
5589
6569
232
9507
4909
2980
4199
6017
2800
1208
8274
6744
5471
6900
4519
3737
2184
6830
2891
3538
3321
5004
6927
1862
1488
5052
2011
5790
9546
8477
878
612
3246
7017
6381
2043
9612
9602
6367
4526
8948
7902
4362
1238
4773
2518
4883
9141
512
6640
6729
7557
1216
6297
1930
3579
7993
3755
5984
1277
9853
8999
4880
4889
3987
2766
1083
8429
5188
665
7769
6928
105
8179
5722
7948
4255
273
6654
3801
9775
6304
7349
4780
2407
5128
5466
5735
3472
2958
6779
9607
5994
760
1734
6526
3393
9876
1283
2595
7098
4420
9533
9828
5760
4927
6463
271
3820
7311
7683
7401
7708
9751
801
8332
9135
1620
3295
7003
7498
8906
1517
