6751
6751
6751
6751
6752
6752
6752
6752
6753
6753
6753
6753
6754
6754
6754
6754
6755
6755
6755
6755
6756
6756
6756
6756
6757
6757
6757
6757
6758
6758
6758
6758
6759
6759
6759
6759
6760
6760
6760
6760
6761
6761
6761
6761
6762
6762
6762
6762
6763
6763
6763
6763
6764
6764
6764
6764
6765
6765
6765
6765
6766
6766
6766
6766
6767
6767
6767
6767
6768
6768
6768
6768
6769
6769
6769
6769
6770
6770
6770
6770
6771
6771
6771
6771
6772
6772
6772
6772
6773
6773
6773
6773
6774
6774
6774
6774
6775
6775
6775
6775
6776
6776
6776
6776
6777
6777
6777
6777
6778
6778
6778
6778
6779
6779
6779
6779
6780
6780
6780
6780
6781
6781
6781
6781
6782
6782
6782
6782
6783
6783
6783
6783
6784
6784
6784
6784
6785
6785
6785
6785
6786
6786
6786
6786
6787
6787
6787
6787
6788
6788
6788
6788
6789
6789
6789
6789
6790
6790
6790
6790
6791
6791
6791
6791
6792
6792
6792
6792
6793
6793
6793
6793
6794
6794
6794
6794
6795
6795
6795
6795
6796
6796
6796
6796
6797
6797
6797
6797
6798
6798
6798
6798
6799
6799
6799
6799
6800
6800
6800
6800
6801
6801
6801
6801
6802
6802
6802
6802
6803
6803
6803
6803
6804
6804
6804
6804
6805
6805
6805
6805
6806
6806
6806
6806
6807
6807
6807
6807
6808
6808
6808
6808
6809
6809
6809
6809
6810
6810
6810
6810
6811
6811
6811
6811
6812
6812
6812
6812
6813
6813
6813
6813
6814
6814
6814
6814
6815
6815
6815
6815
6816
6816
6816
6816
6817
6817
6817
6817
6818
6818
6818
6818
6819
6819
6819
6819
6820
6820
6820
6820
6821
6821
6821
6821
6822
6822
6822
6822
6823
6823
6823
6823
6824
6824
6824
6824
6825
6825
6825
6825
6826
6826
6826
6826
6827
6827
6827
6827
6828
6828
6828
6828
6829
6829
6829
6829
6830
6830
6830
6830
6831
6831
6831
6831
6832
6832
6832
6832
6833
6833
6833
6833
6834
6834
6834
6834
6835
6835
6835
6835
6836
6836
6836
6836
6837
6837
6837
6837
6838
6838
6838
6838
6839
6839
6839
6839
6840
6840
6840
6840
6841
6841
6841
6841
6842
6842
6842
6842
6843
6843
6843
6843
6844
6844
6844
6844
6845
6845
6845
6845
6846
6846
6846
6846
6847
6847
6847
6847
6848
6848
6848
6848
6849
6849
6849
6849
6850
6850
6850
6850
6851
6851
6851
6851
6852
6852
6852
6852
6853
6853
6853
6853
6854
6854
6854
6854
6855
6855
6855
6855
6856
6856
6856
6856
6857
6857
6857
6857
6858
6858
6858
6858
6859
6859
6859
6859
6860
6860
6860
6860
6861
6861
6861
6861
6862
6862
6862
6862
6863
6863
6863
6863
6864
6864
6864
6864
6865
6865
6865
6865
6866
6866
6866
6866
6867
6867
6867
6867
6868
6868
6868
6868
6869
6869
6869
6869
6870
6870
6870
6870
6871
6871
6871
6871
6872
6872
6872
6872
6873
6873
6873
6873
6874
6874
6874
6874
6875
6875
6875
6875
6876
6876
6876
6876
6877
6877
6877
6877
6878
6878
6878
6878
6879
6879
6879
6879
6880
6880
6880
6880
6881
6881
6881
6881
6882
6882
6882
6882
6883
6883
6883
6883
6884
6884
6884
6884
6885
6885
6885
6885
6886
6886
6886
6886
6887
6887
6887
6887
6888
6888
6888
6888
6889
6889
6889
6889
6890
6890
6890
6890
6891
6891
6891
6891
6892
6892
6892
6892
6893
6893
6893
6893
6894
6894
6894
6894
6895
6895
6895
6895
6896
6896
6896
6896
6897
6897
6897
6897
6898
6898
6898
6898
6899
6899
6899
6899
6900
6900
6900
6900
6901
6901
6901
6901
6902
6902
6902
6902
6903
6903
6903
6903
6904
6904
6904
6904
6905
6905
6905
6905
6906
6906
6906
6906
6907
6907
6907
6907
6908
6908
6908
6908
6909
6909
6909
6909
6910
6910
6910
6910
6911
6911
6911
6911
6912
6912
6912
6912
6913
6913
6913
6913
6914
6914
6914
6914
6915
6915
6915
6915
6916
6916
6916
6916
6917
6917
6917
6917
6918
6918
6918
6918
6919
6919
6919
6919
6920
6920
6920
6920
6921
6921
6921
6921
6922
6922
6922
6922
6923
6923
6923
6923
6924
6924
6924
6924
6925
6925
6925
6925
6926
6926
6926
6926
6927
6927
6927
6927
6928
6928
6928
6928
6929
6929
6929
6929
6930
6930
6930
6930
6931
6931
6931
6931
6932
6932
6932
6932
6933
6933
6933
6933
6934
6934
6934
6934
6935
6935
6935
6935
6936
6936
6936
6936
6937
6937
6937
6937
6938
6938
6938
6938
6939
6939
6939
6939
6940
6940
6940
6940
6941
6941
6941
6941
6942
6942
6942
6942
6943
6943
6943
6943
6944
6944
6944
6944
6945
6945
6945
6945
6946
6946
6946
6946
6947
6947
6947
6947
6948
6948
6948
6948
6949
6949
6949
6949
6950
6950
6950
6950
6951
6951
6951
6951
6952
6952
6952
6952
6953
6953
6953
6953
6954
6954
6954
6954
6955
6955
6955
6955
6956
6956
6956
6956
6957
6957
6957
6957
6958
6958
6958
6958
6959
6959
6959
6959
6960
6960
6960
6960
6961
6961
6961
6961
6962
6962
6962
6962
6963
6963
6963
6963
6964
6964
6964
6964
6965
6965
6965
6965
6966
6966
6966
6966
6967
6967
6967
6967
6968
6968
6968
6968
6969
6969
6969
6969
6970
6970
6970
6970
6971
6971
6971
6971
6972
6972
6972
6972
6973
6973
6973
6973
6974
6974
6974
6974
6975
6975
6975
6975
6976
6976
6976
6976
6977
6977
6977
6977
6978
6978
6978
6978
6979
6979
6979
6979
6980
6980
6980
6980
6981
6981
6981
6981
6982
6982
6982
6982
6983
6983
6983
6983
6984
6984
6984
6984
6985
6985
6985
6985
6986
6986
6986
6986
6987
6987
6987
6987
6988
6988
6988
6988
6989
6989
6989
6989
6990
6990
6990
6990
6991
6991
6991
6991
6992
6992
6992
6992
6993
6993
6993
6993
6994
6994
6994
6994
6995
6995
6995
6995
6996
6996
6996
6996
6997
6997
6997
6997
6998
6998
6998
6998
6999
6999
6999
6999
7000
7000
7000
7000
