4001
4001
4001
4001
4002
4002
4002
4002
4003
4003
4003
4003
4004
4004
4004
4004
4005
4005
4005
4005
4006
4006
4006
4006
4007
4007
4007
4007
4008
4008
4008
4008
4009
4009
4009
4009
4010
4010
4010
4010
4011
4011
4011
4011
4012
4012
4012
4012
4013
4013
4013
4013
4014
4014
4014
4014
4015
4015
4015
4015
4016
4016
4016
4016
4017
4017
4017
4017
4018
4018
4018
4018
4019
4019
4019
4019
4020
4020
4020
4020
4021
4021
4021
4021
4022
4022
4022
4022
4023
4023
4023
4023
4024
4024
4024
4024
4025
4025
4025
4025
4026
4026
4026
4026
4027
4027
4027
4027
4028
4028
4028
4028
4029
4029
4029
4029
4030
4030
4030
4030
4031
4031
4031
4031
4032
4032
4032
4032
4033
4033
4033
4033
4034
4034
4034
4034
4035
4035
4035
4035
4036
4036
4036
4036
4037
4037
4037
4037
4038
4038
4038
4038
4039
4039
4039
4039
4040
4040
4040
4040
4041
4041
4041
4041
4042
4042
4042
4042
4043
4043
4043
4043
4044
4044
4044
4044
4045
4045
4045
4045
4046
4046
4046
4046
4047
4047
4047
4047
4048
4048
4048
4048
4049
4049
4049
4049
4050
4050
4050
4050
4051
4051
4051
4051
4052
4052
4052
4052
4053
4053
4053
4053
4054
4054
4054
4054
4055
4055
4055
4055
4056
4056
4056
4056
4057
4057
4057
4057
4058
4058
4058
4058
4059
4059
4059
4059
4060
4060
4060
4060
4061
4061
4061
4061
4062
4062
4062
4062
4063
4063
4063
4063
4064
4064
4064
4064
4065
4065
4065
4065
4066
4066
4066
4066
4067
4067
4067
4067
4068
4068
4068
4068
4069
4069
4069
4069
4070
4070
4070
4070
4071
4071
4071
4071
4072
4072
4072
4072
4073
4073
4073
4073
4074
4074
4074
4074
4075
4075
4075
4075
4076
4076
4076
4076
4077
4077
4077
4077
4078
4078
4078
4078
4079
4079
4079
4079
4080
4080
4080
4080
4081
4081
4081
4081
4082
4082
4082
4082
4083
4083
4083
4083
4084
4084
4084
4084
4085
4085
4085
4085
4086
4086
4086
4086
4087
4087
4087
4087
4088
4088
4088
4088
4089
4089
4089
4089
4090
4090
4090
4090
4091
4091
4091
4091
4092
4092
4092
4092
4093
4093
4093
4093
4094
4094
4094
4094
4095
4095
4095
4095
4096
4096
4096
4096
4097
4097
4097
4097
4098
4098
4098
4098
4099
4099
4099
4099
4100
4100
4100
4100
4101
4101
4101
4101
4102
4102
4102
4102
4103
4103
4103
4103
4104
4104
4104
4104
4105
4105
4105
4105
4106
4106
4106
4106
4107
4107
4107
4107
4108
4108
4108
4108
4109
4109
4109
4109
4110
4110
4110
4110
4111
4111
4111
4111
4112
4112
4112
4112
4113
4113
4113
4113
4114
4114
4114
4114
4115
4115
4115
4115
4116
4116
4116
4116
4117
4117
4117
4117
4118
4118
4118
4118
4119
4119
4119
4119
4120
4120
4120
4120
4121
4121
4121
4121
4122
4122
4122
4122
4123
4123
4123
4123
4124
4124
4124
4124
4125
4125
4125
4125
4126
4126
4126
4126
4127
4127
4127
4127
4128
4128
4128
4128
4129
4129
4129
4129
4130
4130
4130
4130
4131
4131
4131
4131
4132
4132
4132
4132
4133
4133
4133
4133
4134
4134
4134
4134
4135
4135
4135
4135
4136
4136
4136
4136
4137
4137
4137
4137
4138
4138
4138
4138
4139
4139
4139
4139
4140
4140
4140
4140
4141
4141
4141
4141
4142
4142
4142
4142
4143
4143
4143
4143
4144
4144
4144
4144
4145
4145
4145
4145
4146
4146
4146
4146
4147
4147
4147
4147
4148
4148
4148
4148
4149
4149
4149
4149
4150
4150
4150
4150
4151
4151
4151
4151
4152
4152
4152
4152
4153
4153
4153
4153
4154
4154
4154
4154
4155
4155
4155
4155
4156
4156
4156
4156
4157
4157
4157
4157
4158
4158
4158
4158
4159
4159
4159
4159
4160
4160
4160
4160
4161
4161
4161
4161
4162
4162
4162
4162
4163
4163
4163
4163
4164
4164
4164
4164
4165
4165
4165
4165
4166
4166
4166
4166
4167
4167
4167
4167
4168
4168
4168
4168
4169
4169
4169
4169
4170
4170
4170
4170
4171
4171
4171
4171
4172
4172
4172
4172
4173
4173
4173
4173
4174
4174
4174
4174
4175
4175
4175
4175
4176
4176
4176
4176
4177
4177
4177
4177
4178
4178
4178
4178
4179
4179
4179
4179
4180
4180
4180
4180
4181
4181
4181
4181
4182
4182
4182
4182
4183
4183
4183
4183
4184
4184
4184
4184
4185
4185
4185
4185
4186
4186
4186
4186
4187
4187
4187
4187
4188
4188
4188
4188
4189
4189
4189
4189
4190
4190
4190
4190
4191
4191
4191
4191
4192
4192
4192
4192
4193
4193
4193
4193
4194
4194
4194
4194
4195
4195
4195
4195
4196
4196
4196
4196
4197
4197
4197
4197
4198
4198
4198
4198
4199
4199
4199
4199
4200
4200
4200
4200
4201
4201
4201
4201
4202
4202
4202
4202
4203
4203
4203
4203
4204
4204
4204
4204
4205
4205
4205
4205
4206
4206
4206
4206
4207
4207
4207
4207
4208
4208
4208
4208
4209
4209
4209
4209
4210
4210
4210
4210
4211
4211
4211
4211
4212
4212
4212
4212
4213
4213
4213
4213
4214
4214
4214
4214
4215
4215
4215
4215
4216
4216
4216
4216
4217
4217
4217
4217
4218
4218
4218
4218
4219
4219
4219
4219
4220
4220
4220
4220
4221
4221
4221
4221
4222
4222
4222
4222
4223
4223
4223
4223
4224
4224
4224
4224
4225
4225
4225
4225
4226
4226
4226
4226
4227
4227
4227
4227
4228
4228
4228
4228
4229
4229
4229
4229
4230
4230
4230
4230
4231
4231
4231
4231
4232
4232
4232
4232
4233
4233
4233
4233
4234
4234
4234
4234
4235
4235
4235
4235
4236
4236
4236
4236
4237
4237
4237
4237
4238
4238
4238
4238
4239
4239
4239
4239
4240
4240
4240
4240
4241
4241
4241
4241
4242
4242
4242
4242
4243
4243
4243
4243
4244
4244
4244
4244
4245
4245
4245
4245
4246
4246
4246
4246
4247
4247
4247
4247
4248
4248
4248
4248
4249
4249
4249
4249
4250
4250
4250
4250
