3251
3251
3251
3251
3252
3252
3252
3252
3253
3253
3253
3253
3254
3254
3254
3254
3255
3255
3255
3255
3256
3256
3256
3256
3257
3257
3257
3257
3258
3258
3258
3258
3259
3259
3259
3259
3260
3260
3260
3260
3261
3261
3261
3261
3262
3262
3262
3262
3263
3263
3263
3263
3264
3264
3264
3264
3265
3265
3265
3265
3266
3266
3266
3266
3267
3267
3267
3267
3268
3268
3268
3268
3269
3269
3269
3269
3270
3270
3270
3270
3271
3271
3271
3271
3272
3272
3272
3272
3273
3273
3273
3273
3274
3274
3274
3274
3275
3275
3275
3275
3276
3276
3276
3276
3277
3277
3277
3277
3278
3278
3278
3278
3279
3279
3279
3279
3280
3280
3280
3280
3281
3281
3281
3281
3282
3282
3282
3282
3283
3283
3283
3283
3284
3284
3284
3284
3285
3285
3285
3285
3286
3286
3286
3286
3287
3287
3287
3287
3288
3288
3288
3288
3289
3289
3289
3289
3290
3290
3290
3290
3291
3291
3291
3291
3292
3292
3292
3292
3293
3293
3293
3293
3294
3294
3294
3294
3295
3295
3295
3295
3296
3296
3296
3296
3297
3297
3297
3297
3298
3298
3298
3298
3299
3299
3299
3299
3300
3300
3300
3300
3301
3301
3301
3301
3302
3302
3302
3302
3303
3303
3303
3303
3304
3304
3304
3304
3305
3305
3305
3305
3306
3306
3306
3306
3307
3307
3307
3307
3308
3308
3308
3308
3309
3309
3309
3309
3310
3310
3310
3310
3311
3311
3311
3311
3312
3312
3312
3312
3313
3313
3313
3313
3314
3314
3314
3314
3315
3315
3315
3315
3316
3316
3316
3316
3317
3317
3317
3317
3318
3318
3318
3318
3319
3319
3319
3319
3320
3320
3320
3320
3321
3321
3321
3321
3322
3322
3322
3322
3323
3323
3323
3323
3324
3324
3324
3324
3325
3325
3325
3325
3326
3326
3326
3326
3327
3327
3327
3327
3328
3328
3328
3328
3329
3329
3329
3329
3330
3330
3330
3330
3331
3331
3331
3331
3332
3332
3332
3332
3333
3333
3333
3333
3334
3334
3334
3334
3335
3335
3335
3335
3336
3336
3336
3336
3337
3337
3337
3337
3338
3338
3338
3338
3339
3339
3339
3339
3340
3340
3340
3340
3341
3341
3341
3341
3342
3342
3342
3342
3343
3343
3343
3343
3344
3344
3344
3344
3345
3345
3345
3345
3346
3346
3346
3346
3347
3347
3347
3347
3348
3348
3348
3348
3349
3349
3349
3349
3350
3350
3350
3350
3351
3351
3351
3351
3352
3352
3352
3352
3353
3353
3353
3353
3354
3354
3354
3354
3355
3355
3355
3355
3356
3356
3356
3356
3357
3357
3357
3357
3358
3358
3358
3358
3359
3359
3359
3359
3360
3360
3360
3360
3361
3361
3361
3361
3362
3362
3362
3362
3363
3363
3363
3363
3364
3364
3364
3364
3365
3365
3365
3365
3366
3366
3366
3366
3367
3367
3367
3367
3368
3368
3368
3368
3369
3369
3369
3369
3370
3370
3370
3370
3371
3371
3371
3371
3372
3372
3372
3372
3373
3373
3373
3373
3374
3374
3374
3374
3375
3375
3375
3375
3376
3376
3376
3376
3377
3377
3377
3377
3378
3378
3378
3378
3379
3379
3379
3379
3380
3380
3380
3380
3381
3381
3381
3381
3382
3382
3382
3382
3383
3383
3383
3383
3384
3384
3384
3384
3385
3385
3385
3385
3386
3386
3386
3386
3387
3387
3387
3387
3388
3388
3388
3388
3389
3389
3389
3389
3390
3390
3390
3390
3391
3391
3391
3391
3392
3392
3392
3392
3393
3393
3393
3393
3394
3394
3394
3394
3395
3395
3395
3395
3396
3396
3396
3396
3397
3397
3397
3397
3398
3398
3398
3398
3399
3399
3399
3399
3400
3400
3400
3400
3401
3401
3401
3401
3402
3402
3402
3402
3403
3403
3403
3403
3404
3404
3404
3404
3405
3405
3405
3405
3406
3406
3406
3406
3407
3407
3407
3407
3408
3408
3408
3408
3409
3409
3409
3409
3410
3410
3410
3410
3411
3411
3411
3411
3412
3412
3412
3412
3413
3413
3413
3413
3414
3414
3414
3414
3415
3415
3415
3415
3416
3416
3416
3416
3417
3417
3417
3417
3418
3418
3418
3418
3419
3419
3419
3419
3420
3420
3420
3420
3421
3421
3421
3421
3422
3422
3422
3422
3423
3423
3423
3423
3424
3424
3424
3424
3425
3425
3425
3425
3426
3426
3426
3426
3427
3427
3427
3427
3428
3428
3428
3428
3429
3429
3429
3429
3430
3430
3430
3430
3431
3431
3431
3431
3432
3432
3432
3432
3433
3433
3433
3433
3434
3434
3434
3434
3435
3435
3435
3435
3436
3436
3436
3436
3437
3437
3437
3437
3438
3438
3438
3438
3439
3439
3439
3439
3440
3440
3440
3440
3441
3441
3441
3441
3442
3442
3442
3442
3443
3443
3443
3443
3444
3444
3444
3444
3445
3445
3445
3445
3446
3446
3446
3446
3447
3447
3447
3447
3448
3448
3448
3448
3449
3449
3449
3449
3450
3450
3450
3450
3451
3451
3451
3451
3452
3452
3452
3452
3453
3453
3453
3453
3454
3454
3454
3454
3455
3455
3455
3455
3456
3456
3456
3456
3457
3457
3457
3457
3458
3458
3458
3458
3459
3459
3459
3459
3460
3460
3460
3460
3461
3461
3461
3461
3462
3462
3462
3462
3463
3463
3463
3463
3464
3464
3464
3464
3465
3465
3465
3465
3466
3466
3466
3466
3467
3467
3467
3467
3468
3468
3468
3468
3469
3469
3469
3469
3470
3470
3470
3470
3471
3471
3471
3471
3472
3472
3472
3472
3473
3473
3473
3473
3474
3474
3474
3474
3475
3475
3475
3475
3476
3476
3476
3476
3477
3477
3477
3477
3478
3478
3478
3478
3479
3479
3479
3479
3480
3480
3480
3480
3481
3481
3481
3481
3482
3482
3482
3482
3483
3483
3483
3483
3484
3484
3484
3484
3485
3485
3485
3485
3486
3486
3486
3486
3487
3487
3487
3487
3488
3488
3488
3488
3489
3489
3489
3489
3490
3490
3490
3490
3491
3491
3491
3491
3492
3492
3492
3492
3493
3493
3493
3493
3494
3494
3494
3494
3495
3495
3495
3495
3496
3496
3496
3496
3497
3497
3497
3497
3498
3498
3498
3498
3499
3499
3499
3499
3500
3500
3500
3500
