5251
5251
5251
5251
5252
5252
5252
5252
5253
5253
5253
5253
5254
5254
5254
5254
5255
5255
5255
5255
5256
5256
5256
5256
5257
5257
5257
5257
5258
5258
5258
5258
5259
5259
5259
5259
5260
5260
5260
5260
5261
5261
5261
5261
5262
5262
5262
5262
5263
5263
5263
5263
5264
5264
5264
5264
5265
5265
5265
5265
5266
5266
5266
5266
5267
5267
5267
5267
5268
5268
5268
5268
5269
5269
5269
5269
5270
5270
5270
5270
5271
5271
5271
5271
5272
5272
5272
5272
5273
5273
5273
5273
5274
5274
5274
5274
5275
5275
5275
5275
5276
5276
5276
5276
5277
5277
5277
5277
5278
5278
5278
5278
5279
5279
5279
5279
5280
5280
5280
5280
5281
5281
5281
5281
5282
5282
5282
5282
5283
5283
5283
5283
5284
5284
5284
5284
5285
5285
5285
5285
5286
5286
5286
5286
5287
5287
5287
5287
5288
5288
5288
5288
5289
5289
5289
5289
5290
5290
5290
5290
5291
5291
5291
5291
5292
5292
5292
5292
5293
5293
5293
5293
5294
5294
5294
5294
5295
5295
5295
5295
5296
5296
5296
5296
5297
5297
5297
5297
5298
5298
5298
5298
5299
5299
5299
5299
5300
5300
5300
5300
5301
5301
5301
5301
5302
5302
5302
5302
5303
5303
5303
5303
5304
5304
5304
5304
5305
5305
5305
5305
5306
5306
5306
5306
5307
5307
5307
5307
5308
5308
5308
5308
5309
5309
5309
5309
5310
5310
5310
5310
5311
5311
5311
5311
5312
5312
5312
5312
5313
5313
5313
5313
5314
5314
5314
5314
5315
5315
5315
5315
5316
5316
5316
5316
5317
5317
5317
5317
5318
5318
5318
5318
5319
5319
5319
5319
5320
5320
5320
5320
5321
5321
5321
5321
5322
5322
5322
5322
5323
5323
5323
5323
5324
5324
5324
5324
5325
5325
5325
5325
5326
5326
5326
5326
5327
5327
5327
5327
5328
5328
5328
5328
5329
5329
5329
5329
5330
5330
5330
5330
5331
5331
5331
5331
5332
5332
5332
5332
5333
5333
5333
5333
5334
5334
5334
5334
5335
5335
5335
5335
5336
5336
5336
5336
5337
5337
5337
5337
5338
5338
5338
5338
5339
5339
5339
5339
5340
5340
5340
5340
5341
5341
5341
5341
5342
5342
5342
5342
5343
5343
5343
5343
5344
5344
5344
5344
5345
5345
5345
5345
5346
5346
5346
5346
5347
5347
5347
5347
5348
5348
5348
5348
5349
5349
5349
5349
5350
5350
5350
5350
5351
5351
5351
5351
5352
5352
5352
5352
5353
5353
5353
5353
5354
5354
5354
5354
5355
5355
5355
5355
5356
5356
5356
5356
5357
5357
5357
5357
5358
5358
5358
5358
5359
5359
5359
5359
5360
5360
5360
5360
5361
5361
5361
5361
5362
5362
5362
5362
5363
5363
5363
5363
5364
5364
5364
5364
5365
5365
5365
5365
5366
5366
5366
5366
5367
5367
5367
5367
5368
5368
5368
5368
5369
5369
5369
5369
5370
5370
5370
5370
5371
5371
5371
5371
5372
5372
5372
5372
5373
5373
5373
5373
5374
5374
5374
5374
5375
5375
5375
5375
5376
5376
5376
5376
5377
5377
5377
5377
5378
5378
5378
5378
5379
5379
5379
5379
5380
5380
5380
5380
5381
5381
5381
5381
5382
5382
5382
5382
5383
5383
5383
5383
5384
5384
5384
5384
5385
5385
5385
5385
5386
5386
5386
5386
5387
5387
5387
5387
5388
5388
5388
5388
5389
5389
5389
5389
5390
5390
5390
5390
5391
5391
5391
5391
5392
5392
5392
5392
5393
5393
5393
5393
5394
5394
5394
5394
5395
5395
5395
5395
5396
5396
5396
5396
5397
5397
5397
5397
5398
5398
5398
5398
5399
5399
5399
5399
5400
5400
5400
5400
5401
5401
5401
5401
5402
5402
5402
5402
5403
5403
5403
5403
5404
5404
5404
5404
5405
5405
5405
5405
5406
5406
5406
5406
5407
5407
5407
5407
5408
5408
5408
5408
5409
5409
5409
5409
5410
5410
5410
5410
5411
5411
5411
5411
5412
5412
5412
5412
5413
5413
5413
5413
5414
5414
5414
5414
5415
5415
5415
5415
5416
5416
5416
5416
5417
5417
5417
5417
5418
5418
5418
5418
5419
5419
5419
5419
5420
5420
5420
5420
5421
5421
5421
5421
5422
5422
5422
5422
5423
5423
5423
5423
5424
5424
5424
5424
5425
5425
5425
5425
5426
5426
5426
5426
5427
5427
5427
5427
5428
5428
5428
5428
5429
5429
5429
5429
5430
5430
5430
5430
5431
5431
5431
5431
5432
5432
5432
5432
5433
5433
5433
5433
5434
5434
5434
5434
5435
5435
5435
5435
5436
5436
5436
5436
5437
5437
5437
5437
5438
5438
5438
5438
5439
5439
5439
5439
5440
5440
5440
5440
5441
5441
5441
5441
5442
5442
5442
5442
5443
5443
5443
5443
5444
5444
5444
5444
5445
5445
5445
5445
5446
5446
5446
5446
5447
5447
5447
5447
5448
5448
5448
5448
5449
5449
5449
5449
5450
5450
5450
5450
5451
5451
5451
5451
5452
5452
5452
5452
5453
5453
5453
5453
5454
5454
5454
5454
5455
5455
5455
5455
5456
5456
5456
5456
5457
5457
5457
5457
5458
5458
5458
5458
5459
5459
5459
5459
5460
5460
5460
5460
5461
5461
5461
5461
5462
5462
5462
5462
5463
5463
5463
5463
5464
5464
5464
5464
5465
5465
5465
5465
5466
5466
5466
5466
5467
5467
5467
5467
5468
5468
5468
5468
5469
5469
5469
5469
5470
5470
5470
5470
5471
5471
5471
5471
5472
5472
5472
5472
5473
5473
5473
5473
5474
5474
5474
5474
5475
5475
5475
5475
5476
5476
5476
5476
5477
5477
5477
5477
5478
5478
5478
5478
5479
5479
5479
5479
5480
5480
5480
5480
5481
5481
5481
5481
5482
5482
5482
5482
5483
5483
5483
5483
5484
5484
5484
5484
5485
5485
5485
5485
5486
5486
5486
5486
5487
5487
5487
5487
5488
5488
5488
5488
5489
5489
5489
5489
5490
5490
5490
5490
5491
5491
5491
5491
5492
5492
5492
5492
5493
5493
5493
5493
5494
5494
5494
5494
5495
5495
5495
5495
5496
5496
5496
5496
5497
5497
5497
5497
5498
5498
5498
5498
5499
5499
5499
5499
5500
5500
5500
5500
