4501
4501
4501
4501
4502
4502
4502
4502
4503
4503
4503
4503
4504
4504
4504
4504
4505
4505
4505
4505
4506
4506
4506
4506
4507
4507
4507
4507
4508
4508
4508
4508
4509
4509
4509
4509
4510
4510
4510
4510
4511
4511
4511
4511
4512
4512
4512
4512
4513
4513
4513
4513
4514
4514
4514
4514
4515
4515
4515
4515
4516
4516
4516
4516
4517
4517
4517
4517
4518
4518
4518
4518
4519
4519
4519
4519
4520
4520
4520
4520
4521
4521
4521
4521
4522
4522
4522
4522
4523
4523
4523
4523
4524
4524
4524
4524
4525
4525
4525
4525
4526
4526
4526
4526
4527
4527
4527
4527
4528
4528
4528
4528
4529
4529
4529
4529
4530
4530
4530
4530
4531
4531
4531
4531
4532
4532
4532
4532
4533
4533
4533
4533
4534
4534
4534
4534
4535
4535
4535
4535
4536
4536
4536
4536
4537
4537
4537
4537
4538
4538
4538
4538
4539
4539
4539
4539
4540
4540
4540
4540
4541
4541
4541
4541
4542
4542
4542
4542
4543
4543
4543
4543
4544
4544
4544
4544
4545
4545
4545
4545
4546
4546
4546
4546
4547
4547
4547
4547
4548
4548
4548
4548
4549
4549
4549
4549
4550
4550
4550
4550
4551
4551
4551
4551
4552
4552
4552
4552
4553
4553
4553
4553
4554
4554
4554
4554
4555
4555
4555
4555
4556
4556
4556
4556
4557
4557
4557
4557
4558
4558
4558
4558
4559
4559
4559
4559
4560
4560
4560
4560
4561
4561
4561
4561
4562
4562
4562
4562
4563
4563
4563
4563
4564
4564
4564
4564
4565
4565
4565
4565
4566
4566
4566
4566
4567
4567
4567
4567
4568
4568
4568
4568
4569
4569
4569
4569
4570
4570
4570
4570
4571
4571
4571
4571
4572
4572
4572
4572
4573
4573
4573
4573
4574
4574
4574
4574
4575
4575
4575
4575
4576
4576
4576
4576
4577
4577
4577
4577
4578
4578
4578
4578
4579
4579
4579
4579
4580
4580
4580
4580
4581
4581
4581
4581
4582
4582
4582
4582
4583
4583
4583
4583
4584
4584
4584
4584
4585
4585
4585
4585
4586
4586
4586
4586
4587
4587
4587
4587
4588
4588
4588
4588
4589
4589
4589
4589
4590
4590
4590
4590
4591
4591
4591
4591
4592
4592
4592
4592
4593
4593
4593
4593
4594
4594
4594
4594
4595
4595
4595
4595
4596
4596
4596
4596
4597
4597
4597
4597
4598
4598
4598
4598
4599
4599
4599
4599
4600
4600
4600
4600
4601
4601
4601
4601
4602
4602
4602
4602
4603
4603
4603
4603
4604
4604
4604
4604
4605
4605
4605
4605
4606
4606
4606
4606
4607
4607
4607
4607
4608
4608
4608
4608
4609
4609
4609
4609
4610
4610
4610
4610
4611
4611
4611
4611
4612
4612
4612
4612
4613
4613
4613
4613
4614
4614
4614
4614
4615
4615
4615
4615
4616
4616
4616
4616
4617
4617
4617
4617
4618
4618
4618
4618
4619
4619
4619
4619
4620
4620
4620
4620
4621
4621
4621
4621
4622
4622
4622
4622
4623
4623
4623
4623
4624
4624
4624
4624
4625
4625
4625
4625
4626
4626
4626
4626
4627
4627
4627
4627
4628
4628
4628
4628
4629
4629
4629
4629
4630
4630
4630
4630
4631
4631
4631
4631
4632
4632
4632
4632
4633
4633
4633
4633
4634
4634
4634
4634
4635
4635
4635
4635
4636
4636
4636
4636
4637
4637
4637
4637
4638
4638
4638
4638
4639
4639
4639
4639
4640
4640
4640
4640
4641
4641
4641
4641
4642
4642
4642
4642
4643
4643
4643
4643
4644
4644
4644
4644
4645
4645
4645
4645
4646
4646
4646
4646
4647
4647
4647
4647
4648
4648
4648
4648
4649
4649
4649
4649
4650
4650
4650
4650
4651
4651
4651
4651
4652
4652
4652
4652
4653
4653
4653
4653
4654
4654
4654
4654
4655
4655
4655
4655
4656
4656
4656
4656
4657
4657
4657
4657
4658
4658
4658
4658
4659
4659
4659
4659
4660
4660
4660
4660
4661
4661
4661
4661
4662
4662
4662
4662
4663
4663
4663
4663
4664
4664
4664
4664
4665
4665
4665
4665
4666
4666
4666
4666
4667
4667
4667
4667
4668
4668
4668
4668
4669
4669
4669
4669
4670
4670
4670
4670
4671
4671
4671
4671
4672
4672
4672
4672
4673
4673
4673
4673
4674
4674
4674
4674
4675
4675
4675
4675
4676
4676
4676
4676
4677
4677
4677
4677
4678
4678
4678
4678
4679
4679
4679
4679
4680
4680
4680
4680
4681
4681
4681
4681
4682
4682
4682
4682
4683
4683
4683
4683
4684
4684
4684
4684
4685
4685
4685
4685
4686
4686
4686
4686
4687
4687
4687
4687
4688
4688
4688
4688
4689
4689
4689
4689
4690
4690
4690
4690
4691
4691
4691
4691
4692
4692
4692
4692
4693
4693
4693
4693
4694
4694
4694
4694
4695
4695
4695
4695
4696
4696
4696
4696
4697
4697
4697
4697
4698
4698
4698
4698
4699
4699
4699
4699
4700
4700
4700
4700
4701
4701
4701
4701
4702
4702
4702
4702
4703
4703
4703
4703
4704
4704
4704
4704
4705
4705
4705
4705
4706
4706
4706
4706
4707
4707
4707
4707
4708
4708
4708
4708
4709
4709
4709
4709
4710
4710
4710
4710
4711
4711
4711
4711
4712
4712
4712
4712
4713
4713
4713
4713
4714
4714
4714
4714
4715
4715
4715
4715
4716
4716
4716
4716
4717
4717
4717
4717
4718
4718
4718
4718
4719
4719
4719
4719
4720
4720
4720
4720
4721
4721
4721
4721
4722
4722
4722
4722
4723
4723
4723
4723
4724
4724
4724
4724
4725
4725
4725
4725
4726
4726
4726
4726
4727
4727
4727
4727
4728
4728
4728
4728
4729
4729
4729
4729
4730
4730
4730
4730
4731
4731
4731
4731
4732
4732
4732
4732
4733
4733
4733
4733
4734
4734
4734
4734
4735
4735
4735
4735
4736
4736
4736
4736
4737
4737
4737
4737
4738
4738
4738
4738
4739
4739
4739
4739
4740
4740
4740
4740
4741
4741
4741
4741
4742
4742
4742
4742
4743
4743
4743
4743
4744
4744
4744
4744
4745
4745
4745
4745
4746
4746
4746
4746
4747
4747
4747
4747
4748
4748
4748
4748
4749
4749
4749
4749
4750
4750
4750
4750
