252
381
10
139
253
382
11
140
254
383
12
141
255
384
13
142
256
385
14
143
257
386
15
144
258
387
16
145
259
388
17
146
260
389
18
147
261
390
19
148
262
391
20
149
263
392
21
150
264
393
22
151
265
394
23
152
266
395
24
153
267
396
25
154
268
397
26
155
269
398
27
156
270
399
28
157
271
400
29
158
272
401
30
159
273
402
31
160
274
403
32
161
275
404
33
162
276
405
34
163
277
406
35
164
278
407
36
165
279
408
37
166
280
409
38
167
281
410
39
168
282
411
40
169
283
412
41
170
284
413
42
171
285
414
43
172
286
415
44
173
287
416
45
174
288
417
46
175
289
418
47
176
290
419
48
177
291
420
49
178
292
421
50
179
293
422
51
180
294
423
52
181
295
424
53
182
296
425
54
183
297
426
55
184
298
427
56
185
299
428
57
186
300
429
58
187
301
430
59
188
302
431
60
189
303
432
61
190
304
433
62
191
305
434
63
192
306
435
64
193
307
436
65
194
308
437
66
195
309
438
67
196
310
439
68
197
311
440
69
198
312
441
70
199
313
442
71
200
314
443
72
201
315
444
73
202
316
445
74
203
317
446
75
204
318
447
76
205
319
448
77
206
320
449
78
207
321
450
79
208
322
451
80
209
323
452
81
210
324
453
82
211
325
454
83
212
326
455
84
213
327
456
85
214
328
457
86
215
329
458
87
216
330
459
88
217
331
460
89
218
332
461
90
219
333
462
91
220
334
463
92
221
335
464
93
222
336
465
94
223
337
466
95
224
338
467
96
225
339
468
97
226
340
469
98
227
341
470
99
228
342
471
100
229
343
472
101
230
344
473
102
231
345
474
103
232
346
475
104
233
347
476
105
234
348
477
106
235
349
478
107
236
350
479
108
237
351
480
109
238
352
481
110
239
353
482
111
240
354
483
112
241
355
484
113
242
356
485
114
243
357
486
115
244
358
487
116
245
359
488
117
246
360
489
118
247
361
490
119
248
362
491
120
249
363
492
121
250
364
493
122
251
365
494
123
252
366
495
124
253
367
496
125
254
368
497
126
255
369
498
127
256
370
499
128
257
371
500
129
258
372
1
130
259
373
2
131
260
374
3
132
261
375
4
133
262
376
5
134
263
377
6
135
264
378
7
136
265
379
8
137
266
380
9
138
267
381
10
139
268
382
11
140
269
383
12
141
270
384
13
142
271
385
14
143
272
386
15
144
273
387
16
145
274
388
17
146
275
389
18
147
276
390
19
148
277
391
20
149
278
392
21
150
279
393
22
151
280
394
23
152
281
395
24
153
282
396
25
154
283
397
26
155
284
398
27
156
285
399
28
157
286
400
29
158
287
401
30
159
288
402
31
160
289
403
32
161
290
404
33
162
291
405
34
163
292
406
35
164
293
407
36
165
294
408
37
166
295
409
38
167
296
410
39
168
297
411
40
169
298
412
41
170
299
413
42
171
300
414
43
172
301
415
44
173
302
416
45
174
303
417
46
175
304
418
47
176
305
419
48
177
306
420
49
178
307
421
50
179
308
422
51
180
309
423
52
181
310
424
53
182
311
425
54
183
312
426
55
184
313
427
56
185
314
428
57
186
315
429
58
187
316
430
59
188
317
431
60
189
318
432
61
190
319
433
62
191
320
434
63
192
321
435
64
193
322
436
65
194
323
437
66
195
324
438
67
196
325
439
68
197
326
440
69
198
327
441
70
199
328
442
71
200
329
443
72
201
330
444
73
202
331
445
74
203
332
446
75
204
333
447
76
205
334
448
77
206
335
449
78
207
336
450
79
208
337
451
80
209
338
452
81
210
339
453
82
211
340
454
83
212
341
455
84
213
342
456
85
214
343
457
86
215
344
458
87
216
345
459
88
217
346
460
89
218
347
461
90
219
348
462
91
220
349
463
92
221
350
464
93
222
351
465
94
223
352
466
95
224
353
467
96
225
354
468
97
226
355
469
98
227
356
470
99
228
357
471
100
229
358
472
101
230
359
473
102
231
360
474
103
232
361
475
104
233
362
476
105
234
363
477
106
235
364
478
107
236
365
479
108
237
366
480
109
238
367
481
110
239
368
482
111
240
369
483
112
241
370
484
113
242
371
485
114
243
372
486
115
244
373
487
116
245
374
488
117
246
375
489
118
247
376
490
119
248
377
491
120
249
378
492
121
250
379
493
122
251
380
494
123
252
381
495
124
253
382
496
125
254
383
497
126
255
384
498
127
256
385
499
128
257
386
500
129
258
387
1
130
259
388
