52.97
463.21
188.88
969.35
190.54
879.86
644.78
846.72
121.72
966.96
28.97
618.78
418.47
499.28
28.44
758.28
252.54
868.37
416.65
911.61
834.81
858.60
130.27
902.53
118.25
637.36
25.48
907.78
443.87
811.31
431.30
281.15
196.64
435.40
198.12
312.17
133.90
964.89
224.99
390.51
107.03
948.68
450.92
446.58
314.62
261.70
93.18
950.25
931.14
446.59
545.35
73.56
761.18
175.06
425.58
151.43
878.69
50.24
477.70
896.40
954.87
647.50
497.40
307.54
184.30
878.82
245.05
828.49
476.69
888.23
612.47
228.98
534.47
939.77
707.56
84.19
588.38
31.67
91.93
775.57
186.11
310.31
838.43
756.22
603.91
296.29
982.10
739.74
343.21
266.21
968.11
337.75
413.75
24.49
307.90
299.27
141.09
929.23
357.63
960.56
335.26
641.05
102.44
705.22
626.17
754.75
949.15
375.99
742.10
19.77
843.36
729.92
241.99
357.13
537.67
764.98
34.72
348.76
712.30
765.69
904.38
184.49
994.78
15.62
88.25
27.16
164.53
212.90
43.11
521.50
803.89
684.11
435.99
217.29
883.38
976.85
525.81
317.96
437.46
871.24
697.62
840.55
336.98
537.96
790.04
633.30
613.33
661.21
159.18
248.75
168.28
343.05
537.70
290.44
589.00
353.77
962.90
791.95
686.81
936.60
240.73
218.33
287.52
346.20
614.32
368.16
140.19
727.77
93.57
385.09
829.93
738.63
660.90
936.06
239.64
870.61
117.84
746.38
80.64
845.41
221.09
774.59
655.25
954.29
857.59
8.67
78.84
621.20
120.22
737.79
553.08
78.48
507.11
721.85
436.62
851.57
796.11
802.72
9.99
275.16
441.55
730.39
91.93
837.40
386.74
636.88
843.67
879.41
133.63
325.09
444.81
615.84
894.08
999.92
513.23
611.43
809.61
798.34
177.16
748.16
18.47
980.15
945.47
440.16
333.88
268.71
993.36
193.50
578.99
13.84
141.10
99.18
757.30
836.09
305.99
208.71
591.01
292.74
214.25
670.87
728.15
472.28
810.41
349.61
912.03
982.15
533.18
224.30
887.43
993.55
428.24
802.73
184.37
961.77
706.79
5.00
399.32
284.68
622.58
356.93
192.06
335.61
380.22
867.90
464.91
677.56
249.57
903.42
158.29
304.38
129.54
580.97
366.66
839.87
963.60
505.76
6.55
532.59
426.74
622.98
27.97
846.68
464.59
316.42
629.73
699.63
591.74
444.42
44.23
431.56
697.72
440.97
921.81
490.08
223.57
567.38
629.36
462.74
261.79
605.61
783.32
507.60
21.31
845.25
511.35
50.74
870.52
572.24
504.18
432.74
467.54
51.11
101.02
730.68
51.86
726.90
459.16
30.73
286.03
293.69
235.65
729.22
428.36
826.20
884.18
451.51
322.83
375.57
639.83
528.83
59.09
404.73
236.18
646.93
924.42
465.64
979.86
23.56
645.06
563.57
500.90
270.67
988.67
327.46
391.10
983.81
528.43
416.89
860.37
778.96
212.90
9.30
751.88
566.72
481.14
750.14
437.55
462.88
566.23
248.43
705.49
174.73
914.80
603.56
351.23
169.04
114.75
740.15
346.62
723.94
635.40
949.04
643.15
433.01
135.85
711.89
849.86
932.47
807.73
182.46
843.76
459.77
193.01
393.83
981.01
469.27
61.69
85.68
648.95
893.79
4.08
896.63
837.20
47.13
228.50
494.74
642.59
51.30
397.46
919.15
703.50
756.55
133.97
84.57
78.10
193.94
977.13
157.12
542.36
662.43
740.93
399.97
181.34
107.07
579.54
266.86
766.62
627.58
522.86
663.63
911.61
951.58
244.54
339.95
384.11
463.83
573.91
589.22
74.29
56.78
515.31
651.11
245.28
832.49
735.00
593.78
854.32
78.86
929.64
154.39
612.27
841.85
213.09
228.33
585.05
970.31
415.92
496.46
576.40
466.00
27.34
276.90
738.42
234.71
10.27
72.80
1.51
703.24
284.21
629.86
864.14
234.30
54.06
707.61
922.97
961.93
370.30
78.09
45.52
127.68
256.79
445.65
674.72
457.93
399.06
970.50
702.11
239.33
630.06
205.60
243.76
275.30
854.68
143.31
194.72
117.70
344.06
584.56
744.78
254.60
634.54
528.30
116.81
353.41
973.23
555.23
333.19
735.13
883.49
811.18
196.02
958.21
847.37
70.72
97.29
29.43
356.55
726.26
678.47
646.16
956.28
376.14
340.53
303.64
586.37
228.21
653.71
48.93
468.53
696.46
269.37
2.84
62.59
225.09
161.41
741.74
120.01
291.53
837.05
516.57
823.30
162.12
686.55
591.03
490.57
383.19
996.41
494.02
548.85
915.64
672.17
547.46
540.24
133.23
593.50
161.19
79.64
172.03
489.33
658.19
384.06
486.51
187.62
641.37
514.58
346.02
643.67
96.34
50.55
731.80
763.67
922.04
293.66
773.47
841.14
292.96
889.45
76.72
924.48
349.07
860.90
662.01
733.46
804.81
110.89
913.60
376.68
436.90
569.93
562.70
937.44
489.64
807.10
673.04
295.44
612.79
600.12
390.90
563.35
887.03
353.04
722.44
350.98
28.57
994.76
699.64
824.65
954.62
526.30
618.81
833.59
235.33
381.46
869.62
463.26
69.24
156.72
876.06
719.00
508.88
405.80
276.59
560.93
174.88
463.63
280.77
777.79
531.39
118.75
136.21
778.90
259.19
734.48
976.33
672.09
195.24
916.25
909.46
760.24
261.59
115.11
826.72
731.00
295.10
887.89
890.08
610.94
548.42
693.12
998.69
796.70
716.87
634.04
72.86
954.31
161.71
859.41
652.22
945.14
38.86
5.13
519.93
342.15
508.06
700.14
195.91
144.43
154.18
198.62
770.29
281.35
574.19
197.30
499.72
378.25
735.11
501.84
57.87
832.79
869.41
880.17
16.02
707.83
605.43
860.59
562.10
791.45
375.05
45.74
807.28
717.37
48.36
771.31
456.42
985.22
278.56
725.41
260.48
552.22
605.63
118.11
250.65
79.28
995.19
942.59
75.26
346.84
343.83
705.44
276.70
321.88
493.84
504.14
717.81
489.01
217.76
839.44
688.74
450.24
988.65
963.63
117.24
607.99
951.34
287.83
621.64
579.65
138.06
900.11
458.94
385.98
925.12
141.93
50.00
468.77
769.15
218.99
456.01
4.80
967.04
332.21
290.02
529.62
348.11
673.33
163.02
909.07
218.53
667.17
491.39
174.49
810.75
56.46
164.85
580.80
442.36
324.30
103.08
387.89
920.60
60.60
770.09
967.56
77.44
63.20
515.31
621.69
399.97
245.85
293.64
323.70
130.58
96.99
41.45
640.83
297.90
107.76
168.74
136.79
524.83
847.76
683.52
632.35
615.79
56.72
566.31
694.25
100.11
504.32
707.49
792.24
694.76
731.29
241.11
640.27
985.00
606.97
664.43
359.80
362.02
822.01
552.96
91.79
428.90
844.32
852.12
85.72
320.89
809.16
274.54
957.64
258.25
29.73
362.11
270.64
463.84
721.51
628.01
635.40
994.39
562.40
943.38
306.44
761.82
813.17
791.38
223.66
101.69
63.33
771.51
807.36
992.25
499.73
546.67
322.55
751.44
298.77
704.75
688.38
315.86
119.64
111.60
759.64
262.94
829.32
447.28
127.70
715.62
609.04
617.50
881.86
311.71
371.99
468.59
735.88
460.51
722.99
679.25
705.25
225.68
972.22
536.97
43.92
74.78
345.16
109.46
823.91
381.71
98.57
621.61
88.93
431.57
843.33
200.97
315.93
390.24
480.35
463.37
788.14
639.05
477.84
326.38
126.66
118.50
919.03
716.37
181.17
187.00
357.16
942.90
237.53
302.70
726.08
505.65
201.91
180.51
64.02
248.93
213.53
616.90
857.48
267.35
50.98
905.34
352.99
805.32
673.41
485.70
583.26
764.07
720.02
596.16
910.45
421.24
63.65
146.49
806.48
167.82
545.28
808.35
595.53
289.86
699.45
546.79
300.41
192.59
342.12
14.87
428.27
367.62
951.96
729.05
471.83
243.46
173.98
236.54
703.61
572.10
113.17
272.50
727.46
750.71
874.26
437.84
286.87
539.66
366.67
8.24
924.61
504.50
787.80
14.13
904.53
753.99
163.70
224.75
370.20
328.88
295.76
6.45
711.36
950.60
865.16
397.61
500.68
603.06
880.47
30.28
653.37
379.53
414.06
203.79
752.58
390.20
880.37
222.12
109.47
993.45
646.85
643.84
990.71
613.19
342.65
958.68
702.99
179.33
271.11
339.54
487.95
441.05
301.03
739.68
345.35
329.70
46.04
904.02
124.03
946.28
166.52
726.31
528.26
520.10
226.39
892.60
84.85
731.44
796.75
460.51
750.73
244.21
