252
392
32
172
253
393
33
173
254
394
34
174
255
395
35
175
256
396
36
176
257
397
37
177
258
398
38
178
259
399
39
179
260
400
40
180
261
401
41
181
262
402
42
182
263
403
43
183
264
404
44
184
265
405
45
185
266
406
46
186
267
407
47
187
268
408
48
188
269
409
49
189
270
410
50
190
271
411
51
191
272
412
52
192
273
413
53
193
274
414
54
194
275
415
55
195
276
416
56
196
277
417
57
197
278
418
58
198
279
419
59
199
280
420
60
200
281
421
61
201
282
422
62
202
283
423
63
203
284
424
64
204
285
425
65
205
286
426
66
206
287
427
67
207
288
428
68
208
289
429
69
209
290
430
70
210
291
431
71
211
292
432
72
212
293
433
73
213
294
434
74
214
295
435
75
215
296
436
76
216
297
437
77
217
298
438
78
218
299
439
79
219
300
440
80
220
301
441
81
221
302
442
82
222
303
443
83
223
304
444
84
224
305
445
85
225
306
446
86
226
307
447
87
227
308
448
88
228
309
449
89
229
310
450
90
230
311
451
91
231
312
452
92
232
313
453
93
233
314
454
94
234
315
455
95
235
316
456
96
236
317
457
97
237
318
458
98
238
319
459
99
239
320
460
100
240
321
461
101
241
322
462
102
242
323
463
103
243
324
464
104
244
325
465
105
245
326
466
106
246
327
467
107
247
328
468
108
248
329
469
109
249
330
470
110
250
331
471
111
251
332
472
112
252
333
473
113
253
334
474
114
254
335
475
115
255
336
476
116
256
337
477
117
257
338
478
118
258
339
479
119
259
340
480
120
260
341
481
121
261
342
482
122
262
343
483
123
263
344
484
124
264
345
485
125
265
346
486
126
266
347
487
127
267
348
488
128
268
349
489
129
269
350
490
130
270
351
491
131
271
352
492
132
272
353
493
133
273
354
494
134
274
355
495
135
275
356
496
136
276
357
497
137
277
358
498
138
278
359
499
139
279
360
500
140
280
361
1
141
281
362
2
142
282
363
3
143
283
364
4
144
284
365
5
145
285
366
6
146
286
367
7
147
287
368
8
148
288
369
9
149
289
370
10
150
290
371
11
151
291
372
12
152
292
373
13
153
293
374
14
154
294
375
15
155
295
376
16
156
296
377
17
157
297
378
18
158
298
379
19
159
299
380
20
160
300
381
21
161
301
382
22
162
302
383
23
163
303
384
24
164
304
385
25
165
305
386
26
166
306
387
27
167
307
388
28
168
308
389
29
169
309
390
30
170
310
391
31
171
311
392
32
172
312
393
33
173
313
394
34
174
314
395
35
175
315
396
36
176
316
397
37
177
317
398
38
178
318
399
39
179
319
400
40
180
320
401
41
181
321
402
42
182
322
403
43
183
323
404
44
184
324
405
45
185
325
406
46
186
326
407
47
187
327
408
48
188
328
409
49
189
329
410
50
190
330
411
51
191
331
412
52
192
332
413
53
193
333
414
54
194
334
415
55
195
335
416
56
196
336
417
57
197
337
418
58
198
338
419
59
199
339
420
60
200
340
421
61
201
341
422
62
202
342
423
63
203
343
424
64
204
344
425
65
205
345
426
66
206
346
427
67
207
347
428
68
208
348
429
69
209
349
430
70
210
350
431
71
211
351
432
72
212
352
433
73
213
353
434
74
214
354
435
75
215
355
436
76
216
356
437
77
217
357
438
78
218
358
439
79
219
359
440
80
220
360
441
81
221
361
442
82
222
362
443
83
223
363
444
84
224
364
445
85
225
365
446
86
226
366
447
87
227
367
448
88
228
368
449
89
229
369
450
90
230
370
451
91
231
371
452
92
232
372
453
93
233
373
454
94
234
374
455
95
235
375
456
96
236
376
457
97
237
377
458
98
238
378
459
99
239
379
460
100
240
380
461
101
241
381
462
102
242
382
463
103
243
383
464
104
244
384
465
105
245
385
466
106
246
386
467
107
247
387
468
108
248
388
469
109
249
389
470
110
250
390
471
111
251
391
472
112
252
392
473
113
253
393
474
114
254
394
475
115
255
395
476
116
256
396
477
117
257
397
478
118
258
398
479
119
259
399
480
120
260
400
481
121
261
401
482
122
262
402
483
123
263
403
484
124
264
404
485
125
265
405
486
126
266
406
487
127
267
407
488
128
268
408
489
129
269
409
490
130
270
410
491
131
271
411
492
132
272
412
493
133
273
413
494
134
274
414
495
135
275
415
496
136
276
416
497
137
277
417
498
138
278
418
499
139
279
419
500
140
280
420
1
141
281
421
