248.09
2.95
956.98
205.12
79.94
210.12
230.72
761.38
443.97
469.64
317.22
2.12
850.49
576.20
45.01
572.72
587.13
870.67
111.03
155.36
906.41
464.83
448.82
133.89
711.08
245.29
930.01
406.15
259.30
597.67
284.41
8.48
941.11
92.40
706.05
637.16
649.32
265.78
601.44
633.64
323.61
526.96
712.02
46.80
619.97
461.93
536.97
126.20
378.16
335.58
942.63
666.47
707.87
196.02
993.53
4.39
139.90
819.22
538.54
395.16
227.29
110.96
28.63
964.08
654.75
544.09
773.64
748.44
713.94
309.82
630.12
241.47
585.07
195.83
786.21
214.78
632.19
942.28
877.45
257.16
696.54
589.25
585.59
101.93
81.39
535.25
91.69
887.38
265.18
630.77
122.80
255.31
431.99
906.71
422.23
719.71
390.00
501.90
70.68
401.46
265.96
711.21
489.27
654.11
743.17
102.08
668.46
269.02
146.13
756.58
694.77
763.29
624.90
333.16
240.73
223.65
864.18
912.86
954.72
182.84
251.28
765.12
400.13
985.34
356.26
903.38
383.72
823.57
782.71
278.57
842.95
799.06
322.86
951.37
740.14
83.22
347.77
48.28
485.21
248.08
916.51
249.66
438.71
34.05
64.36
7.03
563.92
452.61
759.64
124.06
324.09
629.76
125.41
171.72
237.39
963.64
208.56
969.00
422.03
321.34
343.25
23.50
618.70
40.86
640.78
598.80
230.07
924.38
724.58
271.22
201.61
117.35
480.79
918.71
262.53
49.83
525.97
35.39
595.05
172.09
392.08
437.66
368.30
440.87
364.00
80.73
358.50
529.10
615.37
965.94
878.34
100.28
321.33
262.49
237.94
216.12
184.85
155.70
750.25
259.16
252.52
592.83
892.99
624.73
545.80
608.64
788.93
4.10
246.63
552.81
512.65
911.06
691.26
761.60
75.90
239.71
32.29
459.93
905.64
361.18
546.20
342.28
667.39
264.77
594.04
182.05
953.37
511.80
556.23
28.60
435.11
334.47
310.64
340.75
848.12
811.13
459.12
359.11
763.31
3.07
978.50
152.77
423.12
621.49
941.90
481.57
973.72
867.88
220.35
307.45
670.28
786.06
731.30
479.82
620.50
371.70
654.10
581.04
402.67
680.89
241.26
151.93
200.48
131.12
146.27
55.89
606.31
557.84
86.48
136.52
990.93
321.42
789.33
626.13
128.46
509.68
877.97
949.02
298.24
774.69
362.44
819.86
356.43
767.09
481.85
743.78
362.59
417.40
382.18
859.53
775.94
355.30
654.53
890.55
565.10
296.59
6.06
218.83
860.90
755.00
112.99
219.49
836.19
115.15
458.20
938.03
308.27
434.98
240.75
479.86
226.59
344.23
461.38
432.19
324.79
370.54
118.32
849.40
307.82
882.98
139.06
727.10
676.30
163.00
588.84
693.33
584.47
99.67
94.06
680.53
202.93
223.71
958.24
290.88
845.69
846.57
708.92
916.10
378.64
310.03
32.01
774.44
124.92
790.67
231.54
563.06
939.82
475.51
20.50
181.66
398.70
827.82
139.66
932.91
187.11
61.54
586.63
473.33
406.37
865.91
22.49
555.16
147.40
25.57
475.79
804.79
779.35
759.15
894.36
626.44
237.00
406.38
985.11
447.18
513.95
726.73
594.31
727.30
47.76
750.85
312.59
222.91
499.24
258.98
304.14
72.41
523.20
323.28
70.89
960.49
282.75
124.44
742.03
848.83
760.28
933.61
918.74
859.74
169.04
172.04
649.16
422.35
712.12
753.59
482.42
386.35
153.94
20.02
142.00
153.77
216.35
122.46
526.54
610.86
103.14
375.52
805.73
651.23
289.36
398.58
755.45
669.76
133.17
714.35
231.37
756.00
964.38
671.35
819.10
473.81
438.16
652.74
739.28
711.55
57.65
109.42
60.64
399.74
395.52
278.78
285.49
198.11
254.39
69.71
42.47
799.94
240.78
997.76
289.61
640.48
446.14
933.50
181.43
605.69
117.17
443.73
365.19
61.40
279.40
871.48
732.85
461.41
929.31
628.59
512.39
551.93
723.25
951.21
27.57
36.72
72.52
385.61
608.15
601.18
301.39
713.70
243.75
961.19
30.16
660.85
174.25
854.64
466.44
541.82
570.78
791.61
54.02
37.58
529.53
852.74
429.89
523.71
899.29
544.79
586.82
781.22
297.99
480.38
973.66
733.47
975.68
737.10
912.31
716.33
532.02
703.86
675.63
847.06
832.95
585.87
727.39
620.51
529.54
139.48
741.12
631.31
186.36
588.97
887.91
121.47
766.33
725.88
195.70
584.05
86.71
28.30
419.73
578.84
485.03
200.89
21.89
539.15
716.32
445.92
210.22
949.55
192.45
999.97
407.49
672.13
961.91
117.93
301.14
616.37
818.03
595.57
880.60
169.10
63.00
70.00
953.23
22.72
517.39
730.52
286.94
608.75
612.13
495.22
660.74
304.23
583.49
731.39
934.61
756.69
625.06
60.22
321.42
673.51
157.34
346.61
525.26
996.77
507.03
426.21
751.66
944.20
214.60
539.98
652.48
392.27
627.22
435.32
967.89
646.09
826.34
240.43
221.37
435.01
726.52
54.59
740.35
735.19
822.25
585.25
253.91
913.73
482.95
254.31
675.03
741.73
846.28
726.90
301.52
964.92
771.04
989.04
582.26
74.76
914.33
556.04
910.02
173.62
154.11
902.15
716.45
485.98
165.50
589.25
522.01
436.30
498.50
792.12
627.99
311.85
697.94
103.42
84.47
332.60
792.74
13.66
12.44
579.44
639.74
979.46
283.68
799.41
329.83
150.69
493.33
818.25
185.66
791.82
639.34
284.18
287.50
88.24
787.90
681.46
895.64
138.89
972.26
242.21
47.10
712.33
338.50
52.89
135.38
830.99
479.84
886.51
681.56
614.01
234.82
742.05
329.63
839.65
166.17
901.40
187.46
37.56
159.02
540.34
804.51
11.76
126.21
506.90
236.90
740.06
799.41
253.65
577.60
630.54
190.63
434.22
472.79
284.00
105.43
902.01
375.07
327.62
8.41
800.36
302.66
96.42
373.09
38.66
708.91
719.44
808.23
569.10
604.67
80.80
643.99
477.75
746.80
220.90
609.74
247.98
140.38
909.59
806.00
108.02
590.26
512.87
554.26
7.73
304.11
448.64
12.72
336.94
752.61
919.01
307.70
831.88
452.16
173.59
732.37
459.59
327.63
146.76
361.96
738.40
909.70
689.05
520.99
163.93
231.09
957.98
959.51
673.87
153.43
575.85
231.49
750.43
265.78
598.10
467.16
679.78
683.20
220.90
550.73
532.01
586.57
477.47
12.44
622.53
544.58
121.24
903.94
879.58
14.22
413.31
716.56
421.13
278.12
272.29
143.46
733.76
813.88
714.69
965.49
386.01
320.91
142.54
340.46
7.64
850.72
562.76
973.39
278.40
39.97
649.68
227.49
459.39
942.67
392.33
707.75
121.12
905.99
387.36
65.09
373.08
765.08
643.99
540.06
971.21
639.30
592.65
869.48
26.25
808.23
679.05
420.77
158.37
640.80
783.11
969.62
808.76
484.37
193.39
725.99
100.10
358.88
972.83
777.66
344.01
727.91
381.15
563.44
422.96
15.11
442.09
837.18
697.75
36.39
477.21
651.36
475.55
794.68
658.35
171.11
987.77
153.20
614.98
403.65
209.06
478.95
959.33
631.35
916.77
717.47
781.61
757.51
349.29
674.16
56.84
447.17
277.46
103.87
799.93
936.55
436.74
892.20
354.05
601.45
820.53
602.62
516.60
285.20
314.58
620.36
16.87
119.58
27.58
277.25
569.01
72.45
62.70
120.18
142.99
946.99
159.12
157.32
986.77
335.58
979.31
841.60
8.73
182.45
737.66
360.54
872.51
53.23
797.02
973.65
618.65
212.48
917.16
177.21
496.90
897.04
806.52
868.21
700.19
932.98
474.47
578.70
63.99
803.26
2.04
564.26
131.95
130.86
746.57
243.45
921.65
822.22
15.61
804.73
776.90
610.16
431.52
965.30
212.65
799.65
229.15
381.12
154.86
652.54
347.46
761.83
20.46
547.70
625.30
44.13
659.07
229.13
127.28
517.14
414.78
353.62
408.28
72.51
150.54
924.24
327.44
984.50
67.34
235.82
565.20
961.52
614.45
631.88
864.67
213.47
568.66
160.68
467.87
617.15
930.47
84.00
461.59
817.63
807.60
78.50
961.61
14.18
773.67
184.40
555.86
900.13
712.83
680.75
941.13
428.73
67.72
511.43
402.29
313.98
568.79
352.17
47.41
820.16
396.64
155.56
354.31
98.58
725.27
884.60
491.27
168.80
96.34
58.12
61.04
190.19
895.39
12.63
726.01
380.78
433.86
448.81
858.67
155.25
144.32
235.97
128.34
484.57
554.85
782.83
365.99
