887.43
56.69
22.52
110.13
993.46
928.57
213.85
961.71
694.66
12.08
496.54
814.49
32.95
678.80
194.11
834.47
52.15
644.04
442.26
674.66
486.91
899.81
285.67
356.53
406.32
21.30
520.89
534.65
8.38
311.70
191.01
763.12
739.48
86.28
759.71
431.21
763.47
543.76
298.98
200.84
121.25
143.95
989.65
868.07
347.91
411.31
3.87
431.89
166.79
234.49
296.02
472.73
273.62
576.51
255.56
642.77
77.52
377.09
340.87
867.15
929.60
520.08
919.59
55.92
93.87
549.01
671.91
310.01
694.71
807.98
517.20
414.27
781.04
252.92
363.27
788.27
764.16
301.31
440.30
652.16
995.42
848.23
587.94
536.95
766.84
343.68
165.81
714.06
280.52
713.56
905.33
229.99
453.19
490.66
2.31
89.57
98.81
614.22
696.34
220.08
832.19
808.23
687.59
60.39
279.26
486.89
565.15
73.94
182.10
804.33
984.28
410.95
883.60
561.36
387.57
530.65
723.74
161.08
276.38
969.46
113.16
6.84
336.88
793.03
860.09
73.01
491.44
58.17
900.79
874.11
929.38
870.55
59.04
473.14
214.04
235.07
10.68
910.30
800.80
631.60
130.38
667.35
548.30
702.48
494.31
339.06
514.67
819.78
22.82
203.96
599.41
498.24
449.03
575.60
4.07
799.52
138.56
428.65
793.30
525.62
169.97
756.47
897.18
58.64
817.62
660.84
981.79
494.57
691.88
200.42
101.60
481.45
930.50
640.07
560.52
224.34
463.98
17.26
558.30
873.48
311.65
423.84
849.02
951.33
125.21
767.04
744.39
673.43
874.37
326.96
904.50
218.57
455.67
372.14
9.52
428.37
970.01
390.75
56.20
732.95
96.41
175.56
867.16
96.66
382.84
976.57
784.00
70.02
242.43
899.34
396.51
950.12
685.22
101.74
817.61
485.29
564.24
887.88
620.54
976.87
810.28
188.97
381.55
398.11
900.59
451.97
8.62
352.01
310.95
499.75
952.58
107.04
2.49
120.55
316.26
954.27
636.79
381.16
783.84
341.75
772.79
330.77
13.65
938.02
176.94
994.20
338.05
533.54
335.20
486.64
253.17
541.44
183.20
334.00
433.61
213.23
582.63
175.94
143.97
353.32
380.39
855.88
356.38
944.02
73.06
378.15
53.43
139.26
137.73
400.86
224.69
413.94
305.03
948.06
50.58
276.26
955.13
48.85
64.56
424.49
694.33
364.16
776.03
969.00
428.17
578.25
493.28
63.81
840.76
922.95
570.88
507.69
477.51
658.57
773.66
13.33
509.10
256.32
448.21
733.54
114.95
92.86
507.28
506.08
321.81
288.55
738.40
829.92
609.07
80.32
556.25
406.79
917.44
963.28
217.61
292.07
903.91
359.67
145.79
925.70
858.60
997.58
149.24
945.78
675.85
560.83
540.65
976.78
335.62
683.09
379.22
104.23
866.18
586.48
944.34
572.22
165.92
713.13
714.24
470.04
991.14
899.24
759.93
3.38
59.15
411.60
835.11
782.70
181.93
36.69
517.55
407.15
948.32
404.93
611.24
579.64
943.82
680.82
162.49
930.13
517.72
127.74
248.03
969.07
600.06
414.49
435.18
589.75
996.55
812.88
878.21
929.54
548.58
397.54
278.27
769.63
217.70
706.00
755.44
575.25
104.42
956.97
68.74
665.72
186.51
995.71
702.52
139.19
870.00
879.40
34.88
3.14
149.88
864.42
44.72
545.84
339.90
550.12
296.51
627.23
545.56
519.61
925.25
335.03
725.23
326.83
716.78
40.85
454.22
975.26
730.98
74.43
365.88
685.67
669.56
725.74
788.95
212.22
519.21
255.57
861.52
110.18
946.63
994.96
96.92
750.93
687.14
518.17
730.80
996.13
786.40
384.04
227.58
918.42
504.45
939.09
160.84
153.82
72.76
408.50
793.37
604.50
101.05
262.29
863.05
881.94
750.08
279.05
950.55
975.90
389.51
180.35
361.81
195.31
77.07
914.27
558.87
549.26
743.35
82.22
496.07
907.37
484.38
332.89
754.72
365.60
53.49
139.47
666.53
760.68
711.07
67.23
289.06
250.70
960.50
356.85
707.48
613.79
476.50
795.35
10.73
760.73
461.05
860.40
256.53
98.89
930.80
770.65
393.84
138.68
355.12
636.17
974.79
771.49
617.19
730.42
666.92
258.45
357.77
226.63
79.83
357.45
841.05
714.85
581.66
865.85
21.23
399.93
535.72
79.54
432.08
480.57
174.02
880.34
788.08
625.49
282.17
392.25
265.24
498.74
952.69
62.86
768.83
867.40
149.79
356.43
661.59
642.32
361.55
795.93
788.69
965.30
87.29
854.23
608.64
843.10
297.61
80.47
81.39
524.06
860.36
616.43
936.18
241.24
791.54
933.79
976.04
833.62
876.25
928.03
105.45
390.60
597.47
897.37
264.99
296.86
473.19
985.98
92.57
679.08
896.49
443.27
690.97
891.63
659.72
162.13
866.62
38.37
836.40
554.21
159.48
343.19
33.92
849.00
547.81
459.63
976.16
811.02
556.43
391.24
354.29
696.67
730.56
954.82
829.47
929.65
306.98
703.65
235.92
229.05
713.25
792.33
93.91
140.00
644.97
43.49
892.12
956.34
396.48
448.02
591.63
638.62
224.03
239.08
443.34
776.82
286.48
920.34
702.00
452.29
500.85
465.45
748.94
252.89
720.90
480.73
948.19
313.68
478.24
991.85
831.62
218.40
545.22
809.04
324.86
579.61
416.28
694.70
715.25
347.66
179.77
731.88
100.87
288.44
792.07
749.77
166.78
48.25
933.74
198.62
768.34
528.19
428.61
992.62
840.34
856.93
21.71
464.56
912.22
94.99
377.88
545.83
105.56
99.98
293.79
965.14
446.02
874.52
904.03
401.67
853.23
710.97
392.83
93.29
760.57
780.16
379.21
899.41
676.23
955.36
935.41
330.58
899.21
260.43
711.08
212.99
547.78
999.98
575.29
736.08
763.53
666.52
551.35
918.13
489.91
390.32
940.00
547.65
783.87
783.47
132.30
9.37
910.62
156.64
494.81
827.00
478.96
63.75
744.64
819.68
200.58
759.41
368.97
702.17
375.79
468.58
499.44
626.09
462.70
640.65
291.64
680.47
296.65
988.62
440.91
26.96
858.33
438.63
601.10
886.02
365.00
957.73
859.64
630.52
970.51
824.25
122.77
696.34
237.93
133.66
855.14
785.75
367.69
163.20
889.35
413.44
906.81
86.07
340.03
812.03
504.74
811.79
614.22
692.80
764.46
299.12
498.68
876.61
90.81
15.36
639.89
523.21
592.24
838.51
28.90
388.53
783.98
719.10
137.29
28.40
51.54
420.16
947.61
572.43
548.61
894.94
449.11
868.92
621.39
292.52
501.21
459.76
119.96
436.24
361.10
301.25
417.04
349.74
111.63
261.36
337.43
61.73
777.35
139.88
518.99
487.52
151.03
62.39
848.31
994.92
451.33
250.02
562.08
566.64
269.14
125.83
240.60
61.64
314.61
98.12
59.61
176.47
53.95
890.01
481.32
805.37
553.78
934.91
780.46
520.60
649.58
592.73
160.32
372.59
567.81
859.87
436.01
485.12
710.49
237.90
586.02
259.73
883.94
385.05
208.98
139.62
242.23
401.76
398.25
351.51
880.71
989.19
39.42
470.68
868.95
246.26
218.86
272.52
987.86
748.28
65.92
239.33
632.14
194.66
234.79
276.24
571.05
386.21
708.08
695.14
37.21
213.24
756.33
419.20
671.28
724.28
337.38
253.76
499.44
602.90
321.76
515.39
934.71
493.03
863.14
454.82
927.68
233.62
559.49
970.94
12.72
243.44
823.67
391.09
768.96
2.07
138.52
613.64
867.95
433.20
270.03
228.84
181.16
55.47
496.81
395.10
366.23
559.21
176.23
74.50
660.33
376.88
724.77
593.14
72.04
287.21
251.47
881.65
903.78
159.99
845.91
604.03
186.93
119.52
6.49
410.36
986.60
530.63
388.15
296.01
184.83
788.68
677.24
839.82
88.11
561.88
100.51
184.42
814.95
668.04
206.89
969.88
249.76
79.63
984.26
52.01
247.45
232.55
677.02
252.59
745.39
436.57
954.29
830.20
231.57
193.28
969.44
835.87
723.77
755.59
15.43
931.38
492.86
29.25
336.53
924.38
696.73
733.16
734.93
405.29
763.61
986.02
689.19
932.83
871.83
658.67
560.68
11.13
493.41
291.95
937.39
648.58
729.53
659.21
631.68
437.14
530.41
681.82
943.47
884.71
274.92
342.10
658.58
956.04
394.94
514.45
188.01
309.69
394.82
524.30
969.24
454.59
87.67
274.82
713.84
667.10
294.08
708.53
396.42
458.03
981.81
854.39
192.92
912.25
638.79
962.00
651.49
680.31
593.62
124.33
