151.01
765.41
222.89
45.18
333.40
280.69
424.30
598.58
487.33
1.92
571.31
822.74
768.56
242.87
263.02
279.25
193.59
188.47
51.51
839.05
107.64
169.13
626.05
631.72
115.73
253.09
217.53
857.24
158.06
372.70
463.65
469.45
179.82
554.60
721.79
407.68
920.81
586.59
776.65
437.02
615.80
250.82
991.48
596.47
89.65
451.04
369.62
674.96
511.54
265.03
991.51
79.90
496.92
321.97
916.82
544.70
169.51
106.18
660.33
385.02
787.09
933.55
984.58
430.53
406.79
902.12
281.43
986.02
795.96
213.58
418.56
984.55
30.60
117.67
934.26
867.95
409.63
814.60
833.80
809.04
294.78
553.76
602.43
268.07
160.24
12.00
199.12
139.90
846.86
524.63
459.91
555.18
442.82
49.34
267.49
441.73
856.57
912.89
428.60
850.68
771.86
842.32
228.36
75.75
708.39
999.09
588.73
919.21
755.39
619.25
289.56
789.46
789.01
279.13
197.72
684.32
93.41
799.74
871.53
634.89
402.33
909.08
304.72
739.67
284.66
333.39
37.54
861.73
784.08
385.63
6.37
378.73
829.26
433.93
483.01
183.42
131.79
383.07
827.51
927.15
289.67
490.65
764.99
228.24
172.27
455.49
274.24
958.98
861.60
443.66
274.84
32.95
545.21
607.51
806.35
97.30
250.65
86.99
823.15
725.26
762.26
188.26
456.43
139.03
316.13
786.97
36.18
21.17
382.10
651.65
340.32
606.30
503.02
874.26
587.16
395.44
90.55
666.59
796.16
607.46
962.13
746.21
216.68
669.69
876.55
976.76
1.15
628.11
339.18
509.84
616.78
731.30
423.22
418.65
544.60
485.96
878.71
357.17
125.46
938.88
724.68
957.86
958.76
91.21
697.12
339.06
549.07
586.28
685.58
264.48
775.08
918.24
445.34
580.35
907.36
448.61
547.30
860.26
41.57
642.79
400.93
437.64
954.41
929.80
846.46
766.58
920.13
294.70
189.61
121.08
235.78
967.58
576.37
883.26
957.30
462.72
875.22
687.97
351.67
717.49
72.18
654.21
459.11
158.26
689.15
257.70
715.52
894.47
580.42
92.86
586.54
36.64
648.24
83.79
932.46
638.34
547.45
410.49
263.50
323.45
861.56
806.62
543.97
783.64
897.97
460.13
258.13
969.86
926.40
644.53
621.58
448.03
721.01
326.25
980.15
980.73
675.35
114.10
780.30
773.82
698.93
750.04
693.04
767.27
563.68
352.07
404.35
959.06
129.01
702.88
240.66
98.08
389.97
932.54
930.32
672.29
694.20
197.40
251.46
745.64
672.65
649.32
168.89
585.18
172.94
730.77
475.41
370.12
69.89
128.89
620.71
822.32
767.82
770.09
13.33
525.45
170.38
663.12
312.73
597.99
716.94
830.20
333.51
51.57
796.20
258.22
410.56
326.93
335.78
291.33
480.12
619.95
53.39
555.99
991.65
450.05
714.28
107.01
538.35
347.90
279.43
355.65
636.71
115.06
49.68
111.61
970.69
861.86
883.73
789.95
113.76
81.57
484.49
213.20
130.48
476.89
243.69
75.12
983.22
665.29
812.82
876.37
41.24
23.02
511.34
809.22
242.63
130.55
591.44
381.50
407.20
769.82
506.47
855.93
159.50
669.05
134.21
212.64
709.20
599.65
538.60
489.81
601.19
427.51
549.92
912.54
446.98
98.40
691.45
51.08
621.62
197.03
73.38
842.52
497.40
355.72
719.62
918.78
446.96
740.29
702.97
777.27
776.69
53.61
112.51
80.43
351.60
492.25
621.70
461.84
104.50
398.45
621.90
916.95
720.42
305.24
497.47
570.09
332.42
820.04
278.40
953.19
417.30
725.40
150.45
421.06
971.56
534.39
616.95
666.07
936.36
280.09
336.68
413.65
319.12
958.58
101.56
788.11
128.61
33.78
632.61
152.77
409.12
169.29
408.90
497.81
321.02
930.88
10.69
139.77
729.65
685.88
263.05
724.27
192.96
487.51
957.47
417.85
45.63
900.91
926.57
503.97
899.90
807.29
877.35
574.06
967.22
355.52
468.94
621.10
352.71
190.39
315.51
291.97
337.40
548.16
291.98
410.29
874.63
799.89
405.48
863.60
157.03
2.83
919.30
237.34
144.56
309.77
755.66
234.39
625.25
179.06
628.91
750.83
948.48
213.43
920.84
170.99
994.65
950.05
629.98
808.76
507.49
19.26
295.75
869.13
218.97
216.93
841.48
68.38
728.09
333.40
195.95
817.37
348.34
637.06
869.74
491.73
953.06
233.29
28.64
61.62
883.13
758.39
186.05
358.67
422.26
216.84
252.02
193.53
173.35
679.00
539.82
974.12
528.71
87.40
615.70
609.41
753.69
6.28
953.18
218.63
350.58
219.15
121.50
356.67
781.22
213.65
713.56
15.60
733.15
548.68
44.00
489.50
481.73
640.87
106.87
222.67
422.49
41.51
690.98
90.83
274.57
512.31
106.87
220.43
670.90
182.65
59.02
186.53
433.13
11.00
272.53
262.32
414.29
117.62
985.60
698.97
510.85
666.86
248.60
642.07
205.12
77.36
802.06
880.32
407.19
630.60
213.36
792.02
975.79
682.84
127.99
488.89
165.73
368.78
462.28
468.33
354.09
427.59
923.98
921.19
76.00
940.48
609.93
568.08
362.15
24.46
711.06
935.35
215.02
661.59
698.90
300.58
112.33
40.44
602.15
694.32
316.65
552.65
911.12
669.73
484.61
97.66
220.57
59.51
518.38
377.03
349.23
503.60
713.07
713.57
180.27
51.18
352.56
673.80
100.67
980.65
447.73
676.11
883.62
989.01
977.84
119.76
52.02
397.67
467.84
122.63
297.53
802.27
299.55
822.63
857.98
553.10
447.64
195.62
383.08
61.62
989.32
173.67
62.06
286.18
933.60
900.87
165.04
854.60
697.32
743.16
881.19
168.67
868.74
610.71
678.11
467.88
633.59
554.81
121.96
3.27
227.72
279.29
13.40
614.45
573.96
433.17
688.77
888.16
420.73
418.27
111.13
900.67
855.46
256.82
834.22
970.96
287.01
851.52
969.44
754.65
309.64
527.73
557.33
545.70
944.39
329.48
289.90
393.84
107.51
913.40
38.34
337.34
628.66
626.91
164.10
33.92
903.04
736.82
203.87
166.67
298.67
2.87
563.46
666.90
993.13
328.26
721.41
36.22
562.48
269.44
230.94
523.37
213.61
922.91
961.14
107.44
802.40
617.99
50.04
69.98
662.18
528.06
109.68
479.61
26.78
852.79
376.52
755.88
851.84
361.13
718.52
457.21
250.28
809.83
515.80
969.62
785.14
109.09
509.39
144.52
609.77
882.66
851.16
927.20
189.72
21.37
820.94
406.74
76.99
572.21
934.00
613.12
156.00
779.43
178.82
720.89
250.65
55.05
360.21
322.31
717.86
301.21
788.87
913.96
474.74
182.46
880.18
31.67
47.14
327.56
78.93
162.50
148.38
558.19
132.82
758.74
972.30
818.75
643.01
49.45
199.36
308.73
185.73
900.92
963.58
204.16
935.46
57.76
997.34
127.29
676.72
101.35
258.34
457.43
851.05
107.58
105.67
955.69
424.69
149.27
512.94
853.07
964.24
231.61
783.71
46.43
372.24
688.52
673.60
717.69
506.00
961.49
97.27
670.24
84.59
424.33
81.92
448.14
560.51
74.39
831.91
18.39
566.06
463.80
112.58
202.41
581.75
405.40
584.40
964.01
377.57
420.28
850.46
40.01
314.77
914.99
819.50
226.93
108.99
881.90
43.85
996.09
145.02
944.11
655.76
472.59
10.15
61.03
949.06
843.82
350.43
745.84
967.27
321.53
520.40
208.40
245.35
985.88
353.05
773.25
215.20
706.89
762.19
154.46
840.39
697.84
468.16
366.40
403.14
614.96
68.78
313.96
147.72
515.96
677.76
676.10
749.48
327.37
813.10
517.70
896.46
933.34
370.51
519.15
288.40
211.53
937.28
715.45
816.54
434.09
260.01
658.65
144.48
990.62
111.28
427.99
672.07
13.80
450.80
332.93
325.71
864.48
947.41
110.07
996.11
542.46
405.03
341.41
35.18
166.98
413.00
368.61
574.24
24.95
989.57
528.81
813.48
981.38
612.09
860.04
236.55
889.15
95.82
382.81
498.56
826.67
871.04
290.62
576.30
669.50
736.58
254.58
277.90
563.59
934.83
486.16
329.10
950.52
439.96
999.68
457.66
729.50
132.32
300.47
194.72
98.45
497.87
284.56
548.35
581.34
557.10
704.28
751.24
925.10
759.53
373.30
529.89
898.29
767.07
189.25
74.26
588.79
894.39
101.36
531.27
178.81
521.97
665.83
943.56
383.53
657.92
958.00
392.00
113.41
255.46
18.54
122.66
888.83
610.76
463.09
156.81
446.25
