252
378
4
130
253
379
5
131
254
380
6
132
255
381
7
133
256
382
8
134
257
383
9
135
258
384
10
136
259
385
11
137
260
386
12
138
261
387
13
139
262
388
14
140
263
389
15
141
264
390
16
142
265
391
17
143
266
392
18
144
267
393
19
145
268
394
20
146
269
395
21
147
270
396
22
148
271
397
23
149
272
398
24
150
273
399
25
151
274
400
26
152
275
401
27
153
276
402
28
154
277
403
29
155
278
404
30
156
279
405
31
157
280
406
32
158
281
407
33
159
282
408
34
160
283
409
35
161
284
410
36
162
285
411
37
163
286
412
38
164
287
413
39
165
288
414
40
166
289
415
41
167
290
416
42
168
291
417
43
169
292
418
44
170
293
419
45
171
294
420
46
172
295
421
47
173
296
422
48
174
297
423
49
175
298
424
50
176
299
425
51
177
300
426
52
178
301
427
53
179
302
428
54
180
303
429
55
181
304
430
56
182
305
431
57
183
306
432
58
184
307
433
59
185
308
434
60
186
309
435
61
187
310
436
62
188
311
437
63
189
312
438
64
190
313
439
65
191
314
440
66
192
315
441
67
193
316
442
68
194
317
443
69
195
318
444
70
196
319
445
71
197
320
446
72
198
321
447
73
199
322
448
74
200
323
449
75
201
324
450
76
202
325
451
77
203
326
452
78
204
327
453
79
205
328
454
80
206
329
455
81
207
330
456
82
208
331
457
83
209
332
458
84
210
333
459
85
211
334
460
86
212
335
461
87
213
336
462
88
214
337
463
89
215
338
464
90
216
339
465
91
217
340
466
92
218
341
467
93
219
342
468
94
220
343
469
95
221
344
470
96
222
345
471
97
223
346
472
98
224
347
473
99
225
348
474
100
226
349
475
101
227
350
476
102
228
351
477
103
229
352
478
104
230
353
479
105
231
354
480
106
232
355
481
107
233
356
482
108
234
357
483
109
235
358
484
110
236
359
485
111
237
360
486
112
238
361
487
113
239
362
488
114
240
363
489
115
241
364
490
116
242
365
491
117
243
366
492
118
244
367
493
119
245
368
494
120
246
369
495
121
247
370
496
122
248
371
497
123
249
372
498
124
250
373
499
125
251
374
500
126
252
375
1
127
253
376
2
128
254
377
3
129
255
378
4
130
256
379
5
131
257
380
6
132
258
381
7
133
259
382
8
134
260
383
9
135
261
384
10
136
262
385
11
137
263
386
12
138
264
387
13
139
265
388
14
140
266
389
15
141
267
390
16
142
268
391
17
143
269
392
18
144
270
393
19
145
271
394
20
146
272
395
21
147
273
396
22
148
274
397
23
149
275
398
24
150
276
399
25
151
277
400
26
152
278
401
27
153
279
402
28
154
280
403
29
155
281
404
30
156
282
405
31
157
283
406
32
158
284
407
33
159
285
408
34
160
286
409
35
161
287
410
36
162
288
411
37
163
289
412
38
164
290
413
39
165
291
414
40
166
292
415
41
167
293
416
42
168
294
417
43
169
295
418
44
170
296
419
45
171
297
420
46
172
298
421
47
173
299
422
48
174
300
423
49
175
301
424
50
176
302
425
51
177
303
426
52
178
304
427
53
179
305
428
54
180
306
429
55
181
307
430
56
182
308
431
57
183
309
432
58
184
310
433
59
185
311
434
60
186
312
435
61
187
313
436
62
188
314
437
63
189
315
438
64
190
316
439
65
191
317
440
66
192
318
441
67
193
319
442
68
194
320
443
69
195
321
444
70
196
322
445
71
197
323
446
72
198
324
447
73
199
325
448
74
200
326
449
75
201
327
450
76
202
328
451
77
203
329
452
78
204
330
453
79
205
331
454
80
206
332
455
81
207
333
456
82
208
334
457
83
209
335
458
84
210
336
459
85
211
337
460
86
212
338
461
87
213
339
462
88
214
340
463
89
215
341
464
90
216
342
465
91
217
343
466
92
218
344
467
93
219
345
468
94
220
346
469
95
221
347
470
96
222
348
471
97
223
349
472
98
224
350
473
99
225
351
474
100
226
352
475
101
227
353
476
102
228
354
477
103
229
355
478
104
230
356
479
105
231
357
480
106
232
358
481
107
233
359
482
108
234
360
483
109
235
361
484
110
236
362
485
111
237
363
486
112
238
364
487
113
239
365
488
114
240
366
489
115
241
367
490
116
242
368
491
117
243
369
492
118
244
370
493
119
245
371
494
120
246
372
495
121
247
373
496
122
248
374
497
123
249
375
498
124
250
376
499
125
251
377
500
126
252
378
1
127
253
379
