999.25
311.73
732.05
47.23
872.04
216.63
719.82
188.18
204.42
303.54
930.34
14.73
81.55
237.39
960.67
224.18
839.11
135.26
869.24
138.96
146.42
650.08
907.37
457.67
867.74
851.24
158.31
587.31
955.12
914.83
80.62
555.41
221.45
861.89
404.80
552.32
224.08
29.74
628.22
159.37
490.95
878.59
361.20
911.03
158.73
722.88
796.69
578.89
255.53
150.05
697.03
884.79
667.88
409.07
341.22
815.12
544.37
475.31
681.68
631.51
571.66
704.47
994.58
709.30
340.89
251.40
649.18
781.51
32.63
240.18
35.33
581.98
263.01
61.47
471.30
313.31
269.17
673.35
437.10
834.77
207.50
189.37
114.50
569.42
912.63
979.33
221.00
305.85
723.90
945.19
761.67
278.76
964.71
171.07
241.12
819.92
329.41
150.91
69.10
752.22
387.22
766.22
827.29
285.11
867.13
571.83
482.47
176.38
683.91
197.75
195.96
957.04
139.60
770.40
196.37
845.31
440.47
637.91
267.70
12.66
237.66
639.62
40.27
723.25
18.84
255.45
815.72
605.72
693.24
16.84
609.48
943.60
36.93
565.67
932.93
534.82
809.31
866.24
561.91
630.73
419.29
190.49
27.38
816.49
687.38
580.08
290.20
470.53
250.55
440.64
453.61
592.05
759.76
246.66
55.56
949.77
882.64
563.60
99.71
780.99
327.87
175.35
306.92
822.32
606.75
92.33
543.17
332.92
165.29
104.43
193.76
984.44
211.48
157.21
190.85
74.28
909.96
72.92
101.18
502.77
658.15
708.28
118.07
669.81
841.54
38.62
73.72
458.25
676.38
373.93
62.08
617.01
692.27
828.94
28.21
834.73
517.55
342.40
684.15
237.42
529.58
734.00
742.99
104.93
483.45
676.85
326.03
346.82
960.34
745.26
308.70
698.41
987.33
801.49
248.61
747.94
358.15
728.39
383.91
82.27
333.60
661.71
719.99
145.29
652.62
684.47
544.67
590.54
306.53
292.85
132.92
502.11
595.00
259.09
35.60
99.59
664.72
273.86
650.47
513.99
504.59
320.75
428.01
982.59
37.03
316.30
622.63
176.69
828.60
324.96
222.19
253.61
870.50
190.25
962.01
823.12
198.31
641.61
411.74
272.32
757.69
342.79
168.63
269.50
160.46
819.26
146.13
754.09
865.58
481.08
774.01
912.60
611.34
263.42
985.08
896.62
722.61
229.13
77.05
518.39
406.20
984.55
911.05
478.30
935.15
897.32
527.13
517.79
449.62
504.78
443.94
870.38
177.34
837.64
401.49
759.78
506.58
765.55
537.91
789.07
345.09
959.09
685.26
827.15
25.92
302.87
582.12
565.25
872.55
823.56
557.83
988.01
123.39
104.65
871.03
247.95
642.98
575.75
424.47
410.85
198.74
793.85
691.44
885.99
774.83
796.33
465.38
591.22
762.78
935.69
28.76
167.26
178.03
415.51
672.77
645.75
143.29
946.46
235.03
325.76
773.95
980.67
669.93
848.34
431.72
367.72
690.25
720.28
13.01
54.40
392.48
160.00
43.32
96.84
503.52
327.93
184.85
103.34
841.60
969.61
672.17
650.59
523.69
566.99
189.14
360.85
151.24
690.01
714.73
577.86
982.76
878.53
289.46
74.85
520.71
504.83
389.47
556.26
589.09
983.98
413.13
562.40
825.21
375.78
299.04
234.30
80.83
93.61
116.39
380.55
565.13
793.64
126.21
560.04
167.77
833.74
785.72
939.12
624.19
346.03
754.69
932.10
645.54
563.84
59.14
143.25
327.18
652.57
850.09
931.45
619.22
788.50
632.68
273.11
16.95
405.01
55.39
119.73
612.64
74.21
677.22
609.25
38.78
760.73
507.71
877.90
708.65
322.65
486.12
519.32
156.35
602.85
396.03
883.13
715.44
648.52
818.18
57.45
725.90
508.96
776.88
169.47
304.22
272.01
397.78
374.73
594.25
711.00
944.32
111.16
382.34
667.33
116.56
186.33
967.95
678.44
108.22
893.44
218.92
294.20
851.63
756.27
464.30
403.71
97.57
727.65
986.24
384.02
924.19
431.87
956.95
728.15
322.24
469.06
527.69
957.31
646.42
487.48
390.91
794.74
616.60
736.57
15.15
64.89
905.87
233.88
22.75
922.39
256.88
886.43
227.31
422.45
362.24
524.95
817.19
458.14
888.55
958.69
6.09
798.85
860.18
580.39
613.88
24.42
105.20
73.00
358.46
862.67
565.80
153.38
624.51
812.76
923.35
342.17
740.25
977.56
406.95
676.87
742.25
629.15
854.17
526.60
639.49
771.66
361.05
486.14
912.82
190.12
707.40
339.92
992.54
493.59
310.30
721.75
686.34
949.74
401.62
963.86
992.59
249.45
888.56
149.36
980.33
29.13
254.33
980.41
345.05
279.51
683.79
124.46
73.70
240.19
88.05
541.32
309.65
738.64
920.34
754.67
490.80
258.54
932.27
469.33
162.05
613.54
313.63
689.04
404.94
747.97
780.74
214.81
96.26
662.67
869.49
187.25
434.74
104.42
943.77
900.59
448.55
526.10
152.68
880.27
680.29
268.09
548.10
338.27
267.87
854.93
364.45
651.82
249.44
675.94
978.39
294.27
38.78
648.92
385.93
966.10
553.27
218.50
151.12
734.05
711.48
984.57
352.96
420.38
542.08
13.74
402.84
502.16
483.67
401.72
685.21
941.48
393.29
804.56
860.76
419.72
422.11
678.34
336.47
920.46
686.96
460.73
389.60
687.63
773.97
338.51
318.00
187.11
141.33
929.42
425.69
930.45
755.68
500.51
645.38
961.03
245.18
17.25
443.85
423.78
760.50
702.94
202.84
826.88
485.76
545.54
204.14
638.86
171.65
110.32
234.43
152.08
883.84
620.46
724.13
742.01
532.15
953.52
895.67
753.96
655.75
445.89
676.41
912.40
200.95
910.87
385.81
42.13
965.40
844.49
609.37
165.34
918.36
408.83
254.81
148.93
758.80
61.24
465.48
406.35
507.64
565.88
452.59
422.13
32.45
109.36
80.06
162.04
360.34
462.22
410.95
20.79
81.64
787.49
674.46
62.44
648.59
840.08
472.18
135.82
291.50
326.58
545.89
108.13
353.47
846.23
964.34
994.12
984.10
413.95
329.70
82.17
740.30
775.58
369.11
84.01
536.90
921.04
553.92
255.05
109.25
247.79
954.28
687.72
218.47
796.90
988.07
219.12
630.61
461.84
63.65
113.79
584.13
470.45
12.30
243.55
689.16
502.02
9.02
50.42
479.84
3.59
623.16
86.76
812.75
737.23
216.78
311.59
270.52
415.62
572.51
892.06
933.13
882.50
97.33
755.92
584.52
62.25
531.58
312.65
206.70
667.50
92.54
167.21
381.08
474.01
784.04
686.33
839.53
245.11
951.26
860.46
362.36
440.32
8.59
703.56
666.36
822.70
135.96
651.57
991.29
355.65
528.85
419.44
718.00
573.93
913.94
101.68
856.23
172.93
540.12
58.40
689.63
344.80
132.57
520.01
686.54
331.00
806.50
461.31
211.10
721.02
404.37
306.40
989.10
507.63
523.93
620.65
843.55
914.96
280.19
145.00
720.08
572.06
357.80
848.44
148.52
892.59
827.40
161.02
187.18
277.72
452.87
164.02
726.85
615.73
97.07
323.73
658.92
630.96
315.22
465.01
510.99
55.87
161.65
740.57
300.38
785.57
453.14
674.23
268.43
232.35
183.22
655.15
348.35
701.36
636.74
589.80
891.81
710.58
748.27
955.65
866.58
292.50
100.51
279.83
102.82
75.98
572.74
861.36
427.49
212.00
849.39
185.21
239.56
491.65
634.47
353.57
663.51
881.92
415.98
537.57
180.29
397.68
712.36
834.71
98.57
626.67
62.37
552.49
132.02
368.44
763.12
780.67
27.40
289.02
599.94
381.65
21.27
130.19
459.91
654.19
106.16
279.30
154.22
872.84
537.06
639.14
892.05
781.13
787.99
129.84
597.51
589.42
495.24
983.79
182.68
684.09
238.03
811.44
712.40
414.72
392.26
490.15
314.94
695.65
592.03
351.60
447.77
434.94
578.65
302.36
18.78
182.49
327.76
338.29
467.12
963.82
210.63
891.54
289.67
631.88
863.50
482.53
228.20
362.96
552.70
773.11
873.83
254.12
567.02
613.90
282.81
165.96
317.44
827.55
754.44
728.83
883.13
745.55
200.99
654.44
318.85
412.84
720.57
945.53
477.19
274.70
773.85
264.41
646.91
641.75
848.07
825.19
985.74
978.03
313.39
649.70
595.38
706.69
440.39
257.12
5.26
807.03
496.73
9.26
997.95
477.81
688.40
742.45
952.08
693.01
170.08
575.87
461.85
248.78
664.99
806.73
388.36
874.10
758.66
611.66
660.63
388.94
708.16
42.47
743.71
221.02
