2
130
258
386
3
131
259
387
4
132
260
388
5
133
261
389
6
134
262
390
7
135
263
391
8
136
264
392
9
137
265
393
10
138
266
394
11
139
267
395
12
140
268
396
13
141
269
397
14
142
270
398
15
143
271
399
16
144
272
400
17
145
273
401
18
146
274
402
19
147
275
403
20
148
276
404
21
149
277
405
22
150
278
406
23
151
279
407
24
152
280
408
25
153
281
409
26
154
282
410
27
155
283
411
28
156
284
412
29
157
285
413
30
158
286
414
31
159
287
415
32
160
288
416
33
161
289
417
34
162
290
418
35
163
291
419
36
164
292
420
37
165
293
421
38
166
294
422
39
167
295
423
40
168
296
424
41
169
297
425
42
170
298
426
43
171
299
427
44
172
300
428
45
173
301
429
46
174
302
430
47
175
303
431
48
176
304
432
49
177
305
433
50
178
306
434
51
179
307
435
52
180
308
436
53
181
309
437
54
182
310
438
55
183
311
439
56
184
312
440
57
185
313
441
58
186
314
442
59
187
315
443
60
188
316
444
61
189
317
445
62
190
318
446
63
191
319
447
64
192
320
448
65
193
321
449
66
194
322
450
67
195
323
451
68
196
324
452
69
197
325
453
70
198
326
454
71
199
327
455
72
200
328
456
73
201
329
457
74
202
330
458
75
203
331
459
76
204
332
460
77
205
333
461
78
206
334
462
79
207
335
463
80
208
336
464
81
209
337
465
82
210
338
466
83
211
339
467
84
212
340
468
85
213
341
469
86
214
342
470
87
215
343
471
88
216
344
472
89
217
345
473
90
218
346
474
91
219
347
475
92
220
348
476
93
221
349
477
94
222
350
478
95
223
351
479
96
224
352
480
97
225
353
481
98
226
354
482
99
227
355
483
100
228
356
484
101
229
357
485
102
230
358
486
103
231
359
487
104
232
360
488
105
233
361
489
106
234
362
490
107
235
363
491
108
236
364
492
109
237
365
493
110
238
366
494
111
239
367
495
112
240
368
496
113
241
369
497
114
242
370
498
115
243
371
499
116
244
372
500
117
245
373
1
118
246
374
2
119
247
375
3
120
248
376
4
121
249
377
5
122
250
378
6
123
251
379
7
124
252
380
8
125
253
381
9
126
254
382
10
127
255
383
11
128
256
384
12
129
257
385
13
130
258
386
14
131
259
387
15
132
260
388
16
133
261
389
17
134
262
390
18
135
263
391
19
136
264
392
20
137
265
393
21
138
266
394
22
139
267
395
23
140
268
396
24
141
269
397
25
142
270
398
26
143
271
399
27
144
272
400
28
145
273
401
29
146
274
402
30
147
275
403
31
148
276
404
32
149
277
405
33
150
278
406
34
151
279
407
35
152
280
408
36
153
281
409
37
154
282
410
38
155
283
411
39
156
284
412
40
157
285
413
41
158
286
414
42
159
287
415
43
160
288
416
44
161
289
417
45
162
290
418
46
163
291
419
47
164
292
420
48
165
293
421
49
166
294
422
50
167
295
423
51
168
296
424
52
169
297
425
53
170
298
426
54
171
299
427
55
172
300
428
56
173
301
429
57
174
302
430
58
175
303
431
59
176
304
432
60
177
305
433
61
178
306
434
62
179
307
435
63
180
308
436
64
181
309
437
65
182
310
438
66
183
311
439
67
184
312
440
68
185
313
441
69
186
314
442
70
187
315
443
71
188
316
444
72
189
317
445
73
190
318
446
74
191
319
447
75
192
320
448
76
193
321
449
77
194
322
450
78
195
323
451
79
196
324
452
80
197
325
453
81
198
326
454
82
199
327
455
83
200
328
456
84
201
329
457
85
202
330
458
86
203
331
459
87
204
332
460
88
205
333
461
89
206
334
462
90
207
335
463
91
208
336
464
92
209
337
465
93
210
338
466
94
211
339
467
95
212
340
468
96
213
341
469
97
214
342
470
98
215
343
471
99
216
344
472
100
217
345
473
101
218
346
474
102
219
347
475
103
220
348
476
104
221
349
477
105
222
350
478
106
223
351
479
107
224
352
480
108
225
353
481
109
226
354
482
110
227
355
483
111
228
356
484
112
229
357
485
113
230
358
486
114
231
359
487
115
232
360
488
116
233
361
489
117
234
362
490
118
235
363
491
119
236
364
492
120
237
365
493
121
238
366
494
122
239
367
495
123
240
368
496
124
241
369
497
125
242
370
498
126
243
371
499
127
244
372
500
128
245
373
1
129
246
374
2
130
247
375
3
131
248
376
4
132
249
377
5
133
250
378
6
134
251
379
7
135
