2
141
280
419
3
142
281
420
4
143
282
421
5
144
283
422
6
145
284
423
7
146
285
424
8
147
286
425
9
148
287
426
10
149
288
427
11
150
289
428
12
151
290
429
13
152
291
430
14
153
292
431
15
154
293
432
16
155
294
433
17
156
295
434
18
157
296
435
19
158
297
436
20
159
298
437
21
160
299
438
22
161
300
439
23
162
301
440
24
163
302
441
25
164
303
442
26
165
304
443
27
166
305
444
28
167
306
445
29
168
307
446
30
169
308
447
31
170
309
448
32
171
310
449
33
172
311
450
34
173
312
451
35
174
313
452
36
175
314
453
37
176
315
454
38
177
316
455
39
178
317
456
40
179
318
457
41
180
319
458
42
181
320
459
43
182
321
460
44
183
322
461
45
184
323
462
46
185
324
463
47
186
325
464
48
187
326
465
49
188
327
466
50
189
328
467
51
190
329
468
52
191
330
469
53
192
331
470
54
193
332
471
55
194
333
472
56
195
334
473
57
196
335
474
58
197
336
475
59
198
337
476
60
199
338
477
61
200
339
478
62
201
340
479
63
202
341
480
64
203
342
481
65
204
343
482
66
205
344
483
67
206
345
484
68
207
346
485
69
208
347
486
70
209
348
487
71
210
349
488
72
211
350
489
73
212
351
490
74
213
352
491
75
214
353
492
76
215
354
493
77
216
355
494
78
217
356
495
79
218
357
496
80
219
358
497
81
220
359
498
82
221
360
499
83
222
361
500
84
223
362
1
85
224
363
2
86
225
364
3
87
226
365
4
88
227
366
5
89
228
367
6
90
229
368
7
91
230
369
8
92
231
370
9
93
232
371
10
94
233
372
11
95
234
373
12
96
235
374
13
97
236
375
14
98
237
376
15
99
238
377
16
100
239
378
17
101
240
379
18
102
241
380
19
103
242
381
20
104
243
382
21
105
244
383
22
106
245
384
23
107
246
385
24
108
247
386
25
109
248
387
26
110
249
388
27
111
250
389
28
112
251
390
29
113
252
391
30
114
253
392
31
115
254
393
32
116
255
394
33
117
256
395
34
118
257
396
35
119
258
397
36
120
259
398
37
121
260
399
38
122
261
400
39
123
262
401
40
124
263
402
41
125
264
403
42
126
265
404
43
127
266
405
44
128
267
406
45
129
268
407
46
130
269
408
47
131
270
409
48
132
271
410
49
133
272
411
50
134
273
412
51
135
274
413
52
136
275
414
53
137
276
415
54
138
277
416
55
139
278
417
56
140
279
418
57
141
280
419
58
142
281
420
59
143
282
421
60
144
283
422
61
145
284
423
62
146
285
424
63
147
286
425
64
148
287
426
65
149
288
427
66
150
289
428
67
151
290
429
68
152
291
430
69
153
292
431
70
154
293
432
71
155
294
433
72
156
295
434
73
157
296
435
74
158
297
436
75
159
298
437
76
160
299
438
77
161
300
439
78
162
301
440
79
163
302
441
80
164
303
442
81
165
304
443
82
166
305
444
83
167
306
445
84
168
307
446
85
169
308
447
86
170
309
448
87
171
310
449
88
172
311
450
89
173
312
451
90
174
313
452
91
175
314
453
92
176
315
454
93
177
316
455
94
178
317
456
95
179
318
457
96
180
319
458
97
181
320
459
98
182
321
460
99
183
322
461
100
184
323
462
101
185
324
463
102
186
325
464
103
187
326
465
104
188
327
466
105
189
328
467
106
190
329
468
107
191
330
469
108
192
331
470
109
193
332
471
110
194
333
472
111
195
334
473
112
196
335
474
113
197
336
475
114
198
337
476
115
199
338
477
116
200
339
478
117
201
340
479
118
202
341
480
119
203
342
481
120
204
343
482
121
205
344
483
122
206
345
484
123
207
346
485
124
208
347
486
125
209
348
487
126
210
349
488
127
211
350
489
128
212
351
490
129
213
352
491
130
214
353
492
131
215
354
493
132
216
355
494
133
217
356
495
134
218
357
496
135
219
358
497
136
220
359
498
137
221
360
499
138
222
361
500
139
223
362
1
140
224
363
2
141
225
364
3
142
226
365
4
143
227
366
5
144
228
367
6
145
229
368
7
146
230
369
8
147
231
370
9
148
232
371
10
149
233
372
11
150
234
373
12
151
235
374
13
152
236
375
14
153
237
376
15
154
238
377
16
155
239
378
17
156
240
379
18
157
241
380
19
158
242
381
20
159
243
382
21
160
244
383
22
161
245
384
23
162
246
385
24
163
247
386
25
164
248
387
26
165
249
388
27
166
250
389
28
167
251
390
29
168
