958.57
849.56
898.85
175.30
529.46
673.18
686.52
89.08
895.70
277.22
117.46
370.27
588.01
698.54
236.64
397.65
191.36
682.81
581.84
17.08
584.22
987.72
266.84
539.00
168.41
585.05
982.02
459.48
393.34
634.24
551.23
28.20
749.27
677.83
820.15
180.06
558.43
87.15
489.54
73.44
715.31
355.53
615.70
585.41
64.90
53.50
356.52
156.04
364.82
838.61
685.13
595.77
209.29
245.75
624.81
782.19
631.45
474.99
393.76
731.80
855.62
937.95
967.19
957.49
716.74
471.77
181.88
204.53
130.29
272.29
229.45
518.11
716.92
407.80
872.43
717.77
764.20
974.74
921.05
694.13
989.94
623.38
761.44
536.79
64.47
821.93
199.59
132.07
132.21
589.91
636.05
933.38
60.93
258.49
54.73
63.01
287.38
99.20
117.40
367.16
258.49
9.47
590.23
88.37
972.72
927.06
811.99
916.55
61.57
143.78
151.13
879.28
26.58
354.06
778.74
571.66
708.80
866.64
315.04
432.97
404.29
952.27
844.16
123.59
570.07
854.38
42.66
19.92
415.92
624.10
930.44
722.63
490.29
701.63
247.63
238.07
476.31
586.12
862.19
374.98
756.01
139.62
254.45
994.74
409.36
221.79
596.18
223.16
569.63
536.17
609.49
171.33
632.20
120.46
786.90
784.45
625.90
160.81
638.62
226.90
513.18
750.18
102.09
811.54
278.99
967.11
595.50
802.34
497.71
494.46
878.07
685.22
169.01
568.99
713.25
789.75
817.26
545.45
748.98
762.35
854.58
479.13
50.33
959.00
78.18
466.61
335.93
850.87
69.48
188.53
15.39
112.99
169.82
308.69
509.75
112.91
800.67
479.35
607.41
92.21
588.98
57.48
339.04
128.92
140.60
722.35
781.83
462.35
708.65
408.84
427.21
556.75
856.06
296.41
982.56
456.36
841.09
532.92
937.85
400.51
253.04
240.23
865.16
476.76
189.56
351.59
255.03
765.06
396.43
658.95
240.62
400.41
583.62
964.66
452.14
914.60
117.51
239.79
331.92
360.48
927.21
313.53
53.75
587.05
590.05
978.07
10.44
932.55
115.27
493.55
576.33
317.58
199.07
417.70
538.51
978.05
654.24
40.18
209.78
559.34
428.12
782.33
914.41
914.26
423.61
945.13
771.25
434.59
622.73
913.44
612.39
972.66
926.73
178.69
467.14
236.14
965.75
663.27
824.67
253.70
404.60
72.26
869.83
985.51
200.62
446.03
180.88
244.54
323.21
892.74
468.44
63.14
467.45
501.21
380.98
744.59
956.49
2.73
138.73
184.51
328.21
869.99
670.37
371.78
893.97
138.62
332.86
170.74
807.77
891.14
560.70
281.95
699.12
948.45
660.94
640.16
38.51
191.09
148.22
905.58
423.05
427.03
488.22
862.39
783.18
146.41
414.12
229.13
45.06
266.01
469.16
188.99
827.60
497.29
429.08
982.82
845.92
754.23
159.41
53.43
134.05
401.76
412.10
304.98
58.55
259.30
569.67
247.62
185.65
515.40
252.76
613.30
170.85
634.79
704.91
466.31
313.01
293.61
839.75
909.10
600.14
763.44
76.36
969.34
114.76
16.47
318.32
609.87
541.24
814.67
72.51
62.50
677.45
455.78
126.21
574.98
536.12
795.55
266.64
58.18
55.75
248.39
65.85
68.39
843.47
436.43
663.22
118.06
394.42
817.59
107.90
498.35
330.74
496.09
368.46
88.99
439.18
938.85
119.47
144.64
573.57
818.37
316.72
584.04
14.04
384.21
68.60
426.02
413.63
974.49
741.47
491.65
656.29
475.42
558.07
974.35
369.38
652.55
481.52
109.39
628.72
562.85
452.52
318.07
286.43
43.75
343.24
761.29
940.88
266.82
140.37
845.15
803.09
164.51
854.26
977.60
112.05
312.75
779.50
367.04
208.38
895.76
242.79
933.57
398.84
255.11
193.12
231.46
292.06
730.95
480.60
644.36
667.73
981.65
183.26
427.96
101.35
281.15
284.86
707.53
448.32
719.86
878.67
700.61
76.58
699.67
287.50
24.23
887.93
540.83
926.98
373.29
354.02
88.09
181.53
313.06
8.09
321.12
673.01
717.81
438.01
196.79
26.73
913.71
209.79
718.15
92.47
881.93
557.59
949.58
703.37
468.80
193.08
623.70
170.59
224.82
478.46
710.06
121.66
38.10
208.02
950.57
324.24
218.99
457.72
810.77
445.12
776.15
965.38
481.73
650.58
345.03
928.18
607.12
205.49
419.60
472.82
745.22
519.14
60.80
146.58
267.01
410.42
962.11
532.08
790.71
906.50
825.43
81.32
365.55
217.61
271.25
619.06
182.87
759.88
167.29
770.37
718.04
332.31
979.41
588.76
295.07
335.06
116.92
270.16
315.12
787.20
832.70
366.41
550.63
943.47
806.84
290.07
268.77
961.61
127.95
780.02
996.64
374.11
196.90
787.88
227.41
102.45
870.29
783.34
849.83
429.90
690.36
627.51
272.50
714.26
714.95
412.93
236.61
975.10
936.16
954.78
84.52
272.92
742.66
436.65
239.07
235.69
396.62
919.71
90.96
469.94
334.34
90.34
176.58
994.76
678.53
672.78
820.39
171.30
147.73
643.97
214.89
446.66
769.42
792.12
613.09
731.95
270.22
374.65
162.80
215.47
173.36
775.62
951.86
989.07
68.85
491.75
294.68
939.40
485.26
71.90
953.29
153.86
778.26
457.69
328.87
981.48
287.00
606.20
839.93
881.94
702.71
422.99
493.96
473.89
885.09
725.06
365.52
632.42
898.63
545.07
303.54
924.50
755.27
643.82
625.35
983.52
661.24
696.92
23.43
435.26
922.59
669.85
646.05
176.98
632.13
931.84
165.87
809.07
836.52
544.04
983.61
218.46
536.21
255.86
825.86
318.22
936.14
526.00
551.76
876.45
369.79
481.30
517.01
308.86
455.49
305.42
532.11
216.26
540.29
949.91
241.97
159.52
919.69
840.39
652.02
656.53
519.06
713.06
598.96
967.05
632.19
999.64
838.71
377.69
354.25
969.33
869.90
221.12
232.80
853.37
997.88
259.24
703.26
592.59
743.19
449.67
312.73
459.03
895.66
457.18
744.30
179.33
235.14
134.38
947.41
192.04
39.23
308.89
892.53
872.60
602.73
382.52
630.47
112.38
894.24
660.10
551.25
369.66
268.03
473.66
988.54
190.84
943.63
619.10
869.08
305.84
623.55
657.96
567.55
504.09
897.28
829.26
423.29
591.51
559.81
367.37
819.19
43.79
946.45
33.90
647.38
582.83
664.99
765.42
342.73
256.19
251.86
469.72
680.27
804.78
587.11
639.67
826.37
795.48
89.08
856.42
299.81
200.63
653.08
432.79
428.89
836.85
102.74
726.39
850.84
484.00
948.89
982.96
263.58
621.78
795.27
642.29
901.35
319.03
577.12
526.18
601.40
943.21
584.27
760.63
860.54
696.70
237.22
162.05
603.90
127.72
28.33
888.84
845.87
804.04
208.80
56.10
90.77
393.62
329.04
993.79
523.73
316.98
982.31
328.33
998.44
660.31
129.52
264.23
507.65
757.14
130.28
39.90
531.48
660.97
259.50
966.64
748.66
410.95
868.12
248.39
44.97
861.71
377.72
840.18
175.18
496.65
784.91
249.36
386.22
867.95
380.14
654.22
690.67
780.77
696.36
639.63
150.58
590.04
853.51
350.06
628.86
900.59
445.97
119.03
802.28
526.08
866.92
11.81
23.90
312.94
100.22
406.72
808.33
244.82
31.09
267.54
336.68
493.01
558.97
109.05
858.29
908.22
782.67
583.14
788.20
690.05
476.64
98.95
4.90
626.91
262.57
620.24
996.38
976.34
873.80
738.10
778.09
624.50
622.33
189.71
818.47
857.52
898.80
436.98
858.02
313.63
685.83
474.37
949.58
734.24
779.68
322.77
374.67
535.28
675.24
210.87
867.81
983.02
205.49
274.16
606.75
974.79
709.20
524.19
67.87
143.19
169.19
690.64
374.99
884.97
723.32
208.68
970.04
871.72
734.10
550.13
417.60
884.24
360.97
93.27
424.72
574.67
352.62
583.31
659.57
563.90
134.72
696.31
722.27
526.82
379.67
682.26
431.46
955.02
131.20
464.54
541.96
990.61
931.69
710.02
379.99
68.78
448.80
647.92
685.18
558.05
779.77
919.44
658.49
514.30
663.37
610.42
810.29
225.40
347.68
518.79
210.89
147.60
358.09
579.69
820.02
21.48
621.80
226.60
482.31
418.77
422.19
86.35
40.28
936.74
657.51
58.96
258.12
814.93
374.13
569.54
11.17
132.76
825.67
90.37
597.30
44.08
800.80
636.41
26.22
364.92
618.06
354.67
154.54
271.57
16.96
587.30
858.12
57.88
41.03
541.88
710.62
