252
382
12
142
253
383
13
143
254
384
14
144
255
385
15
145
256
386
16
146
257
387
17
147
258
388
18
148
259
389
19
149
260
390
20
150
261
391
21
151
262
392
22
152
263
393
23
153
264
394
24
154
265
395
25
155
266
396
26
156
267
397
27
157
268
398
28
158
269
399
29
159
270
400
30
160
271
401
31
161
272
402
32
162
273
403
33
163
274
404
34
164
275
405
35
165
276
406
36
166
277
407
37
167
278
408
38
168
279
409
39
169
280
410
40
170
281
411
41
171
282
412
42
172
283
413
43
173
284
414
44
174
285
415
45
175
286
416
46
176
287
417
47
177
288
418
48
178
289
419
49
179
290
420
50
180
291
421
51
181
292
422
52
182
293
423
53
183
294
424
54
184
295
425
55
185
296
426
56
186
297
427
57
187
298
428
58
188
299
429
59
189
300
430
60
190
301
431
61
191
302
432
62
192
303
433
63
193
304
434
64
194
305
435
65
195
306
436
66
196
307
437
67
197
308
438
68
198
309
439
69
199
310
440
70
200
311
441
71
201
312
442
72
202
313
443
73
203
314
444
74
204
315
445
75
205
316
446
76
206
317
447
77
207
318
448
78
208
319
449
79
209
320
450
80
210
321
451
81
211
322
452
82
212
323
453
83
213
324
454
84
214
325
455
85
215
326
456
86
216
327
457
87
217
328
458
88
218
329
459
89
219
330
460
90
220
331
461
91
221
332
462
92
222
333
463
93
223
334
464
94
224
335
465
95
225
336
466
96
226
337
467
97
227
338
468
98
228
339
469
99
229
340
470
100
230
341
471
101
231
342
472
102
232
343
473
103
233
344
474
104
234
345
475
105
235
346
476
106
236
347
477
107
237
348
478
108
238
349
479
109
239
350
480
110
240
351
481
111
241
352
482
112
242
353
483
113
243
354
484
114
244
355
485
115
245
356
486
116
246
357
487
117
247
358
488
118
248
359
489
119
249
360
490
120
250
361
491
121
251
362
492
122
252
363
493
123
253
364
494
124
254
365
495
125
255
366
496
126
256
367
497
127
257
368
498
128
258
369
499
129
259
370
500
130
260
371
1
131
261
372
2
132
262
373
3
133
263
374
4
134
264
375
5
135
265
376
6
136
266
377
7
137
267
378
8
138
268
379
9
139
269
380
10
140
270
381
11
141
271
382
12
142
272
383
13
143
273
384
14
144
274
385
15
145
275
386
16
146
276
387
17
147
277
388
18
148
278
389
19
149
279
390
20
150
280
391
21
151
281
392
22
152
282
393
23
153
283
394
24
154
284
395
25
155
285
396
26
156
286
397
27
157
287
398
28
158
288
399
29
159
289
400
30
160
290
401
31
161
291
402
32
162
292
403
33
163
293
404
34
164
294
405
35
165
295
406
36
166
296
407
37
167
297
408
38
168
298
409
39
169
299
410
40
170
300
411
41
171
301
412
42
172
302
413
43
173
303
414
44
174
304
415
45
175
305
416
46
176
306
417
47
177
307
418
48
178
308
419
49
179
309
420
50
180
310
421
51
181
311
422
52
182
312
423
53
183
313
424
54
184
314
425
55
185
315
426
56
186
316
427
57
187
317
428
58
188
318
429
59
189
319
430
60
190
320
431
61
191
321
432
62
192
322
433
63
193
323
434
64
194
324
435
65
195
325
436
66
196
326
437
67
197
327
438
68
198
328
439
69
199
329
440
70
200
330
441
71
201
331
442
72
202
332
443
73
203
333
444
74
204
334
445
75
205
335
446
76
206
336
447
77
207
337
448
78
208
338
449
79
209
339
450
80
210
340
451
81
211
341
452
82
212
342
453
83
213
343
454
84
214
344
455
85
215
345
456
86
216
346
457
87
217
347
458
88
218
348
459
89
219
349
460
90
220
350
461
91
221
351
462
92
222
352
463
93
223
353
464
94
224
354
465
95
225
355
466
96
226
356
467
97
227
357
468
98
228
358
469
99
229
359
470
100
230
360
471
101
231
361
472
102
232
362
473
103
233
363
474
104
234
364
475
105
235
365
476
106
236
366
477
107
237
367
478
108
238
368
479
109
239
369
480
110
240
370
481
111
241
371
482
112
242
372
483
113
243
373
484
114
244
374
485
115
245
375
486
116
246
376
487
117
247
377
488
118
248
378
489
119
249
379
490
120
250
380
491
121
251
381
492
122
252
382
493
123
253
383
494
124
254
384
495
125
255
385
496
126
256
386
497
127
257
387
498
128
258
388
499
129
259
389
500
130
260
390
1
131
261
391
