2
146
290
434
3
147
291
435
4
148
292
436
5
149
293
437
6
150
294
438
7
151
295
439
8
152
296
440
9
153
297
441
10
154
298
442
11
155
299
443
12
156
300
444
13
157
301
445
14
158
302
446
15
159
303
447
16
160
304
448
17
161
305
449
18
162
306
450
19
163
307
451
20
164
308
452
21
165
309
453
22
166
310
454
23
167
311
455
24
168
312
456
25
169
313
457
26
170
314
458
27
171
315
459
28
172
316
460
29
173
317
461
30
174
318
462
31
175
319
463
32
176
320
464
33
177
321
465
34
178
322
466
35
179
323
467
36
180
324
468
37
181
325
469
38
182
326
470
39
183
327
471
40
184
328
472
41
185
329
473
42
186
330
474
43
187
331
475
44
188
332
476
45
189
333
477
46
190
334
478
47
191
335
479
48
192
336
480
49
193
337
481
50
194
338
482
51
195
339
483
52
196
340
484
53
197
341
485
54
198
342
486
55
199
343
487
56
200
344
488
57
201
345
489
58
202
346
490
59
203
347
491
60
204
348
492
61
205
349
493
62
206
350
494
63
207
351
495
64
208
352
496
65
209
353
497
66
210
354
498
67
211
355
499
68
212
356
500
69
213
357
1
70
214
358
2
71
215
359
3
72
216
360
4
73
217
361
5
74
218
362
6
75
219
363
7
76
220
364
8
77
221
365
9
78
222
366
10
79
223
367
11
80
224
368
12
81
225
369
13
82
226
370
14
83
227
371
15
84
228
372
16
85
229
373
17
86
230
374
18
87
231
375
19
88
232
376
20
89
233
377
21
90
234
378
22
91
235
379
23
92
236
380
24
93
237
381
25
94
238
382
26
95
239
383
27
96
240
384
28
97
241
385
29
98
242
386
30
99
243
387
31
100
244
388
32
101
245
389
33
102
246
390
34
103
247
391
35
104
248
392
36
105
249
393
37
106
250
394
38
107
251
395
39
108
252
396
40
109
253
397
41
110
254
398
42
111
255
399
43
112
256
400
44
113
257
401
45
114
258
402
46
115
259
403
47
116
260
404
48
117
261
405
49
118
262
406
50
119
263
407
51
120
264
408
52
121
265
409
53
122
266
410
54
123
267
411
55
124
268
412
56
125
269
413
57
126
270
414
58
127
271
415
59
128
272
416
60
129
273
417
61
130
274
418
62
131
275
419
63
132
276
420
64
133
277
421
65
134
278
422
66
135
279
423
67
136
280
424
68
137
281
425
69
138
282
426
70
139
283
427
71
140
284
428
72
141
285
429
73
142
286
430
74
143
287
431
75
144
288
432
76
145
289
433
77
146
290
434
78
147
291
435
79
148
292
436
80
149
293
437
81
150
294
438
82
151
295
439
83
152
296
440
84
153
297
441
85
154
298
442
86
155
299
443
87
156
300
444
88
157
301
445
89
158
302
446
90
159
303
447
91
160
304
448
92
161
305
449
93
162
306
450
94
163
307
451
95
164
308
452
96
165
309
453
97
166
310
454
98
167
311
455
99
168
312
456
100
169
313
457
101
170
314
458
102
171
315
459
103
172
316
460
104
173
317
461
105
174
318
462
106
175
319
463
107
176
320
464
108
177
321
465
109
178
322
466
110
179
323
467
111
180
324
468
112
181
325
469
113
182
326
470
114
183
327
471
115
184
328
472
116
185
329
473
117
186
330
474
118
187
331
475
119
188
332
476
120
189
333
477
121
190
334
478
122
191
335
479
123
192
336
480
124
193
337
481
125
194
338
482
126
195
339
483
127
196
340
484
128
197
341
485
129
198
342
486
130
199
343
487
131
200
344
488
132
201
345
489
133
202
346
490
134
203
347
491
135
204
348
492
136
205
349
493
137
206
350
494
138
207
351
495
139
208
352
496
140
209
353
497
141
210
354
498
142
211
355
499
143
212
356
500
144
213
357
1
145
214
358
2
146
215
359
3
147
216
360
4
148
217
361
5
149
218
362
6
150
219
363
7
151
220
364
8
152
221
365
9
153
222
366
10
154
223
367
11
155
224
368
12
156
225
369
13
157
226
370
14
158
227
371
15
159
228
372
16
160
229
373
17
161
230
374
18
162
231
375
19
163
232
376
20
164
233
377
21
165
234
378
22
166
235
379
23
167
236
380
24
168
237
381
25
169
238
382
26
170
239
383
27
171
240
384
28
172
241
385
29
173
242
386
30
174
243
387
31
175
244
388
32
176
245
389
33
177
246
390
34
178
247
391
35
179
248
392
36
180
249
393
37
181
250
394
38
182
251
395
39
183
