252
385
18
151
253
386
19
152
254
387
20
153
255
388
21
154
256
389
22
155
257
390
23
156
258
391
24
157
259
392
25
158
260
393
26
159
261
394
27
160
262
395
28
161
263
396
29
162
264
397
30
163
265
398
31
164
266
399
32
165
267
400
33
166
268
401
34
167
269
402
35
168
270
403
36
169
271
404
37
170
272
405
38
171
273
406
39
172
274
407
40
173
275
408
41
174
276
409
42
175
277
410
43
176
278
411
44
177
279
412
45
178
280
413
46
179
281
414
47
180
282
415
48
181
283
416
49
182
284
417
50
183
285
418
51
184
286
419
52
185
287
420
53
186
288
421
54
187
289
422
55
188
290
423
56
189
291
424
57
190
292
425
58
191
293
426
59
192
294
427
60
193
295
428
61
194
296
429
62
195
297
430
63
196
298
431
64
197
299
432
65
198
300
433
66
199
301
434
67
200
302
435
68
201
303
436
69
202
304
437
70
203
305
438
71
204
306
439
72
205
307
440
73
206
308
441
74
207
309
442
75
208
310
443
76
209
311
444
77
210
312
445
78
211
313
446
79
212
314
447
80
213
315
448
81
214
316
449
82
215
317
450
83
216
318
451
84
217
319
452
85
218
320
453
86
219
321
454
87
220
322
455
88
221
323
456
89
222
324
457
90
223
325
458
91
224
326
459
92
225
327
460
93
226
328
461
94
227
329
462
95
228
330
463
96
229
331
464
97
230
332
465
98
231
333
466
99
232
334
467
100
233
335
468
101
234
336
469
102
235
337
470
103
236
338
471
104
237
339
472
105
238
340
473
106
239
341
474
107
240
342
475
108
241
343
476
109
242
344
477
110
243
345
478
111
244
346
479
112
245
347
480
113
246
348
481
114
247
349
482
115
248
350
483
116
249
351
484
117
250
352
485
118
251
353
486
119
252
354
487
120
253
355
488
121
254
356
489
122
255
357
490
123
256
358
491
124
257
359
492
125
258
360
493
126
259
361
494
127
260
362
495
128
261
363
496
129
262
364
497
130
263
365
498
131
264
366
499
132
265
367
500
133
266
368
1
134
267
369
2
135
268
370
3
136
269
371
4
137
270
372
5
138
271
373
6
139
272
374
7
140
273
375
8
141
274
376
9
142
275
377
10
143
276
378
11
144
277
379
12
145
278
380
13
146
279
381
14
147
280
382
15
148
281
383
16
149
282
384
17
150
283
385
18
151
284
386
19
152
285
387
20
153
286
388
21
154
287
389
22
155
288
390
23
156
289
391
24
157
290
392
25
158
291
393
26
159
292
394
27
160
293
395
28
161
294
396
29
162
295
397
30
163
296
398
31
164
297
399
32
165
298
400
33
166
299
401
34
167
300
402
35
168
301
403
36
169
302
404
37
170
303
405
38
171
304
406
39
172
305
407
40
173
306
408
41
174
307
409
42
175
308
410
43
176
309
411
44
177
310
412
45
178
311
413
46
179
312
414
47
180
313
415
48
181
314
416
49
182
315
417
50
183
316
418
51
184
317
419
52
185
318
420
53
186
319
421
54
187
320
422
55
188
321
423
56
189
322
424
57
190
323
425
58
191
324
426
59
192
325
427
60
193
326
428
61
194
327
429
62
195
328
430
63
196
329
431
64
197
330
432
65
198
331
433
66
199
332
434
67
200
333
435
68
201
334
436
69
202
335
437
70
203
336
438
71
204
337
439
72
205
338
440
73
206
339
441
74
207
340
442
75
208
341
443
76
209
342
444
77
210
343
445
78
211
344
446
79
212
345
447
80
213
346
448
81
214
347
449
82
215
348
450
83
216
349
451
84
217
350
452
85
218
351
453
86
219
352
454
87
220
353
455
88
221
354
456
89
222
355
457
90
223
356
458
91
224
357
459
92
225
358
460
93
226
359
461
94
227
360
462
95
228
361
463
96
229
362
464
97
230
363
465
98
231
364
466
99
232
365
467
100
233
366
468
101
234
367
469
102
235
368
470
103
236
369
471
104
237
370
472
105
238
371
473
106
239
372
474
107
240
373
475
108
241
374
476
109
242
375
477
110
243
376
478
111
244
377
479
112
245
378
480
113
246
379
481
114
247
380
482
115
248
381
483
116
249
382
484
117
250
383
485
118
251
384
486
119
252
385
487
120
253
386
488
121
254
387
489
122
255
388
490
123
256
389
491
124
257
390
492
125
258
391
493
126
259
392
494
127
260
393
495
128
261
394
496
129
262
395
497
130
263
396
498
131
264
397
499
132
265
398
500
133
266
399
1
134
267
400
