522.89
140.48
696.23
358.89
67.70
152.50
896.56
740.03
317.43
606.35
287.80
143.64
753.73
694.92
407.49
668.14
877.72
758.58
389.49
904.79
149.51
602.81
659.81
727.38
369.31
483.53
51.77
230.19
885.25
465.35
139.99
322.84
685.98
952.78
571.29
386.31
329.66
353.68
412.51
212.12
891.12
158.03
822.25
514.00
549.75
83.25
803.98
146.58
300.34
24.85
352.60
299.17
445.02
111.34
330.08
402.43
526.68
878.08
756.62
371.89
756.60
106.86
20.93
353.01
157.27
142.17
97.79
470.49
619.97
360.33
335.15
789.98
678.05
557.88
787.11
369.02
539.90
418.30
594.43
777.63
842.86
256.07
308.76
714.35
302.90
195.78
997.44
861.22
107.26
731.15
848.94
586.10
622.22
217.34
717.50
249.67
562.09
699.68
515.90
505.62
630.86
628.39
124.31
608.81
621.08
84.20
787.54
561.69
869.92
511.99
832.54
638.38
159.57
798.24
641.93
793.25
547.45
313.99
692.16
886.40
743.10
860.55
930.35
112.60
671.00
904.15
343.63
404.28
770.27
39.86
897.74
570.94
631.61
329.40
961.46
481.84
641.65
84.74
944.55
35.85
321.65
512.35
811.02
644.75
242.24
671.69
608.64
869.14
318.42
246.03
386.03
638.85
994.32
275.34
556.06
298.21
319.36
995.64
632.90
948.11
2.24
955.25
7.20
318.12
232.79
671.71
849.06
524.93
426.36
278.90
445.75
415.09
569.64
686.12
241.56
170.20
624.43
530.13
985.98
6.87
893.17
706.74
179.44
29.94
880.00
4.33
126.00
99.48
868.72
270.69
231.68
947.54
398.24
40.93
805.22
79.88
80.19
357.82
153.90
492.72
675.26
581.08
182.76
895.11
289.15
802.33
324.50
537.80
953.30
209.32
775.79
965.74
534.05
899.57
364.43
293.98
28.17
132.09
479.64
603.05
714.07
511.06
105.84
928.23
528.83
95.53
502.26
112.71
415.42
153.28
34.83
255.53
211.82
845.41
167.55
4.58
270.38
119.01
467.93
575.60
916.48
755.49
298.25
960.62
331.07
115.12
56.87
971.79
331.45
465.03
765.16
86.25
379.24
539.25
497.54
710.88
779.20
208.91
835.43
229.01
68.87
842.39
369.80
571.65
567.64
84.19
616.26
962.96
824.17
863.20
501.00
899.23
552.77
908.78
295.91
476.29
167.81
459.38
734.28
515.54
559.24
718.56
61.65
468.09
184.82
591.56
478.26
274.60
59.66
966.65
919.65
142.64
956.43
926.10
663.84
499.47
243.61
611.77
387.37
230.55
975.15
884.79
598.13
959.92
585.90
197.90
727.66
140.74
996.35
479.52
568.43
309.54
772.77
995.56
299.08
833.02
717.86
326.53
708.31
564.34
583.76
282.67
870.03
361.81
210.93
888.77
614.00
941.46
18.72
224.32
77.37
867.40
142.34
1.27
569.81
548.83
634.10
128.49
955.01
8.17
717.19
92.66
131.63
839.30
387.54
133.20
132.40
719.58
255.59
280.40
541.46
540.29
927.28
439.88
681.59
128.34
479.59
765.07
462.56
206.01
150.53
662.96
728.78
921.51
355.60
752.53
606.03
871.67
991.84
583.94
232.80
724.04
232.09
791.08
171.95
90.21
939.10
284.83
211.54
217.42
141.21
948.83
78.75
181.54
377.72
824.79
177.28
709.56
702.88
230.69
255.71
237.73
695.20
120.13
280.76
665.30
965.26
469.03
78.17
324.34
873.81
856.43
471.28
955.12
833.22
89.18
547.06
830.77
837.49
908.32
500.66
234.15
533.36
304.09
164.68
822.53
262.92
497.37
878.52
148.13
266.06
443.38
486.42
555.95
431.17
163.99
147.32
771.64
119.36
258.72
885.52
937.85
274.22
654.28
702.61
748.35
220.60
560.41
486.81
232.14
769.51
236.93
333.72
627.00
647.89
175.30
452.84
734.34
510.15
775.76
310.12
695.74
127.26
175.10
162.95
642.91
299.72
636.38
561.57
910.47
711.15
484.42
991.00
553.62
176.97
551.90
223.30
898.93
600.28
112.61
803.57
259.52
387.43
276.05
371.94
711.16
586.56
401.25
781.32
981.50
623.02
705.63
490.20
289.25
440.53
631.73
330.59
43.26
7.59
22.34
134.53
589.89
296.91
350.85
923.62
849.78
742.36
488.92
679.72
662.68
955.67
128.34
472.17
804.13
637.33
488.11
21.78
651.75
37.08
999.95
24.34
794.24
279.38
426.56
575.17
740.28
444.03
509.07
639.77
478.12
926.33
589.59
328.03
850.20
683.27
302.67
282.53
367.07
711.48
957.75
178.52
693.85
372.29
621.51
372.86
139.49
977.20
415.04
688.57
529.76
794.73
593.63
279.00
46.68
550.32
635.99
931.10
804.89
418.35
483.81
758.83
497.94
377.19
985.44
951.67
746.98
199.23
52.49
342.03
530.39
416.74
286.95
841.91
200.92
401.63
66.91
955.38
165.80
648.97
359.90
55.51
102.43
475.26
836.54
890.88
132.28
625.75
714.53
343.20
75.07
264.50
54.72
793.60
463.40
412.57
199.64
934.57
170.75
919.85
485.74
163.39
31.84
917.25
728.60
46.12
166.34
751.78
13.93
650.01
739.44
311.39
18.64
860.39
115.40
709.67
499.56
677.21
412.42
705.84
152.95
449.35
995.35
630.17
21.78
745.48
911.21
197.34
321.83
608.07
162.22
397.45
805.17
146.18
542.37
931.55
403.47
91.07
377.34
487.77
373.90
589.27
968.84
689.11
586.97
189.11
742.72
610.09
251.15
542.68
194.66
97.14
553.20
139.78
850.18
341.23
918.44
815.97
799.32
743.11
151.03
117.76
399.37
192.61
611.40
307.54
231.37
736.45
988.35
902.21
735.20
23.39
820.85
993.82
898.47
791.16
390.39
969.87
999.36
155.65
930.14
570.94
505.09
653.05
1.48
147.09
869.22
667.65
621.85
967.21
267.96
377.35
597.12
929.31
729.56
191.70
439.17
731.04
108.15
665.87
570.37
930.63
818.96
232.58
147.46
44.67
800.09
707.52
365.34
577.91
883.78
588.22
284.92
666.90
955.28
553.60
835.93
710.26
436.41
288.00
487.70
139.65
739.19
75.44
428.11
612.28
99.86
254.76
242.07
790.63
628.04
261.40
993.64
895.92
976.24
186.75
140.83
513.05
558.22
498.78
516.69
835.14
397.24
346.62
652.53
169.70
250.72
333.15
137.36
162.61
7.06
100.27
239.79
323.30
274.39
494.97
422.33
411.14
75.57
699.72
191.07
745.78
966.25
112.48
577.21
22.11
184.68
230.86
158.65
261.02
487.44
746.69
312.92
722.24
49.54
786.53
511.15
592.64
712.02
985.78
672.78
923.80
21.77
538.94
209.70
127.22
619.65
29.30
136.38
666.60
914.70
851.62
694.68
341.26
500.49
310.27
120.72
245.46
813.16
507.22
613.90
381.58
882.13
878.92
954.55
203.50
840.12
198.45
843.42
751.94
629.82
100.81
200.08
306.20
695.25
857.64
976.55
404.39
515.35
337.13
60.31
948.28
824.87
528.12
183.06
939.10
341.25
388.05
664.99
759.95
397.76
88.23
655.02
65.82
627.85
920.48
61.20
811.31
476.38
727.59
17.10
12.47
134.07
830.33
392.90
299.51
48.24
829.32
379.74
903.52
796.77
789.03
574.15
512.77
939.69
338.60
706.01
858.52
769.26
5.08
800.47
71.99
423.88
422.49
148.97
546.48
130.33
961.30
864.87
481.56
801.06
987.25
432.20
477.77
39.23
291.88
797.93
431.46
39.25
613.55
394.48
789.67
364.01
190.88
594.16
252.76
537.15
124.38
794.40
911.07
845.81
868.95
126.26
376.73
242.06
626.00
836.63
479.92
198.60
416.68
353.27
567.89
286.34
568.57
729.74
95.93
166.49
198.48
412.30
604.71
755.46
776.52
150.12
749.38
639.87
160.45
633.44
19.19
38.71
586.82
734.66
989.77
850.32
712.38
105.20
74.62
586.56
273.56
506.44
435.92
948.74
551.26
448.81
955.91
222.19
363.10
925.63
686.69
898.52
695.64
502.46
454.60
233.41
139.32
197.56
905.32
75.60
108.36
308.15
496.31
67.72
530.29
671.17
833.50
832.64
386.71
176.84
292.30
817.92
618.03
833.10
105.58
557.72
173.72
878.81
118.31
732.58
869.63
628.50
987.95
119.64
987.83
222.29
991.84
646.48
403.39
810.92
973.76
396.61
626.03
399.79
178.72
976.10
819.42
849.92
951.97
840.74
620.53
820.52
449.49
349.18
754.50
651.41
374.26
700.53
750.15
461.67
257.16
608.60
184.15
292.83
663.34
48.30
900.92
980.02
696.10
218.55
140.26
874.19
379.25
564.61
