5755.94
4032.68
4192.40
4641.08
-283.84
1365.79
6820.35
7627.85
5302.37
3891.91
3393.08
1432.69
9107.22
9189.82
308.56
2972.26
1687.81
7040.82
6150.38
530.82
9365.80
-966.20
5926.41
9170.71
9198.31
21.18
1887.62
-891.99
-811.62
8080.14
5916.91
3556.47
8564.12
237.31
4381.41
2371.51
3017.47
2512.41
6115.65
-290.06
6942.67
6565.11
7773.41
9759.38
2944.23
3580.35
2958.09
5630.62
9915.24
4515.87
7241.40
287.16
6177.35
2733.69
7162.15
-632.16
-831.07
92.44
586.16
4515.80
6096.58
9202.57
5742.03
1309.70
-963.79
2455.98
3576.55
5119.38
8466.50
9508.37
8179.68
7014.50
3793.13
4170.51
-224.84
2971.10
4186.95
1044.10
1191.94
-40.45
166.32
-724.31
1467.77
4780.93
7174.74
1883.37
4746.66
3086.13
1638.02
6201.77
6255.87
2470.84
368.76
2766.80
2588.83
3437.24
6642.22
5873.07
3671.34
3191.70
4901.77
2980.07
1050.66
1381.97
3754.75
8091.65
1378.93
7683.71
9202.82
9804.10
6578.65
4332.95
1882.05
4559.18
9192.10
5751.39
4589.18
7317.43
2060.13
5575.40
5733.61
2732.95
5726.19
-941.38
5157.25
6829.86
2502.95
1091.04
9001.17
8708.17
1301.20
-812.17
9754.60
-329.16
9767.99
4623.48
837.27
906.07
2217.93
6727.48
8842.14
8991.41
9658.99
9806.29
-685.94
8271.39
8387.76
6089.75
4518.31
4161.22
8561.72
3846.60
850.55
4155.67
3401.43
9780.74
-963.19
1596.44
326.36
5067.64
7810.78
-170.22
7999.27
-264.20
1550.62
258.33
5731.87
6559.35
-927.50
7392.78
3549.54
2077.39
9583.11
-561.50
9845.98
6387.89
-741.79
4693.27
7727.83
2753.77
3665.07
7872.30
-192.51
7448.53
5435.91
4397.48
8517.04
1020.57
1636.09
6705.44
1445.00
7031.84
9095.64
1487.08
-767.31
4710.62
2398.30
2187.91
8151.22
1589.13
9537.73
6739.52
2150.78
172.87
-670.30
7136.21
3285.77
1938.69
-395.27
9657.88
2080.07
-335.47
2616.54
7089.25
6125.89
6902.54
3084.60
8843.88
5222.69
6746.19
4283.34
4173.23
1518.42
9036.79
2461.11
1906.46
7896.01
2291.35
8751.47
2975.98
9287.33
300.80
4544.18
9957.00
2424.93
9844.00
6170.98
5763.17
4672.25
6537.07
9594.49
3736.64
747.88
5489.08
6943.28
5740.87
3758.64
7487.64
2800.60
9681.99
283.61
1523.14
352.61
6230.48
4663.08
6469.78
630.74
5736.09
439.97
597.64
-466.40
2138.97
-316.81
8327.34
2638.54
2874.22
4068.14
6261.99
6331.84
3339.18
8576.95
6858.73
3708.18
6296.15
8477.48
7144.78
4300.15
665.89
2613.77
4540.53
3717.19
3751.04
785.26
6866.81
7487.27
7517.31
6541.85
1884.76
6144.47
167.56
9132.12
9598.62
7114.81
6700.75
-435.02
1549.59
4954.57
-530.05
-561.38
811.42
6472.62
4422.77
4500.90
8564.16
974.24
3979.54
2168.65
3513.89
7875.48
9312.63
7431.00
7844.41
4114.68
7456.49
7315.00
5189.82
4277.34
2268.02
1578.18
1485.45
4941.88
6102.62
704.83
8042.43
-786.95
4680.75
6408.52
5069.27
2166.85
6199.85
6929.91
1106.07
8702.02
7848.40
5119.09
3603.62
9029.85
6835.16
3589.64
5001.23
2755.92
6791.04
-905.27
7082.37
351.98
6710.10
2674.43
1172.37
1033.10
3294.68
8684.60
1189.55
3646.16
8965.72
6929.22
397.74
5724.04
6974.74
6476.58
4956.01
1678.56
5571.81
505.69
5105.84
901.98
-535.40
8488.53
5783.96
2094.34
8515.99
5358.50
1311.15
1461.85
4263.58
1962.02
6579.41
6113.96
4429.27
3698.31
5421.70
7476.55
3486.56
-484.12
1342.17
5836.17
-404.12
3854.14
6540.34
9467.35
868.36
6475.66
527.38
6686.84
7685.82
688.37
6420.86
3425.62
9354.75
345.97
4624.87
2233.53
4943.01
3102.18
7311.61
3213.18
2867.41
-459.62
6173.87
-820.89
6234.92
2250.74
8183.66
7788.45
9547.00
8575.44
3550.06
-113.45
5229.01
2899.03
2968.22
-128.86
-755.64
2937.16
5881.52
2805.77
8621.42
6223.17
2890.48
2267.98
939.22
9477.34
3812.16
4988.55
9522.03
6776.54
8396.49
9807.53
9291.35
1871.86
9290.23
5008.40
2257.13
5569.82
-12.78
3065.22
2141.08
2108.30
1209.30
5701.21
8199.71
2503.45
9524.84
-905.25
7337.45
8563.10
5154.37
2458.18
7654.94
9569.85
7619.85
2922.33
9497.29
9091.71
1448.94
7267.03
2051.26
-467.16
449.82
994.99
727.89
-414.45
6238.12
1094.74
5226.21
-115.01
980.32
7205.20
7901.42
5283.98
2927.68
539.24
7978.18
8366.89
7350.40
6282.72
2709.83
2124.86
4546.13
9836.43
10.55
-836.47
8368.06
4999.17
1080.57
9097.65
2266.32
5980.87
485.25
2518.34
6738.72
